INSTANCE_NAME r11.dat
NB_VERTICES 400
NB_ARCS 760
NB_REQUESTS 0
NB_BLOCKAGES 228
NB_TERMINALS 20

VERTICES
1 0 0
2 0 0
3 0 0
4 0 0
5 0 0
6 0 0
7 0 0
8 0 0
9 0 0
10 0 0
11 0 0
12 0 0
13 0 0
14 0 0
15 0 0
16 0 0
17 0 0
18 0 0
19 0 0
20 0 0
21 0 0
22 0 0
23 0 0
24 0 0
25 0 0
26 0 0
27 0 0
28 0 0
29 0 0
30 0 0
31 0 0
32 0 0
33 0 0
34 0 0
35 0 0
36 0 0
37 0 0
38 0 0
39 0 0
40 0 0
41 0 0
42 0 0
43 0 0
44 0 0
45 0 0
46 0 0
47 0 0
48 0 0
49 0 0
50 0 0
51 0 0
52 0 0
53 0 0
54 0 0
55 0 0
56 0 0
57 0 0
58 0 0
59 0 0
60 0 0
61 0 0
62 0 0
63 0 0
64 0 0
65 0 0
66 0 0
67 0 0
68 0 0
69 0 0
70 0 0
71 0 0
72 0 0
73 0 0
74 0 0
75 0 0
76 0 0
77 0 0
78 0 0
79 0 0
80 0 0
81 0 0
82 0 0
83 0 0
84 0 0
85 0 0
86 0 0
87 0 0
88 0 0
89 0 0
90 0 0
91 0 0
92 0 0
93 0 0
94 0 0
95 0 0
96 0 0
97 0 0
98 0 0
99 0 0
100 0 0
101 0 0
102 0 0
103 0 0
104 0 0
105 0 0
106 0 0
107 0 0
108 0 0
109 0 0
110 0 0
111 0 0
112 0 0
113 0 0
114 0 0
115 0 0
116 0 0
117 0 0
118 0 0
119 0 0
120 0 0
121 0 0
122 0 0
123 0 0
124 0 0
125 0 0
126 0 0
127 0 0
128 0 0
129 0 0
130 0 0
131 0 0
132 0 0
133 0 0
134 0 0
135 0 0
136 0 0
137 0 0
138 0 0
139 0 0
140 0 0
141 0 0
142 0 0
143 0 0
144 0 0
145 0 0
146 0 0
147 0 0
148 0 0
149 0 0
150 0 0
151 0 0
152 0 0
153 0 0
154 0 0
155 0 0
156 0 0
157 0 0
158 0 0
159 0 0
160 0 0
161 0 0
162 0 0
163 0 0
164 0 0
165 0 0
166 0 0
167 0 0
168 0 0
169 0 0
170 0 0
171 0 0
172 0 0
173 0 0
174 0 0
175 0 0
176 0 0
177 0 0
178 0 0
179 0 0
180 0 0
181 0 0
182 0 0
183 0 0
184 0 0
185 0 0
186 0 0
187 0 0
188 0 0
189 0 0
190 0 0
191 0 0
192 0 0
193 0 0
194 0 0
195 0 0
196 0 0
197 0 0
198 0 0
199 0 0
200 0 0
201 0 0
202 0 0
203 0 0
204 0 0
205 0 0
206 0 0
207 0 0
208 0 0
209 0 0
210 0 0
211 0 0
212 0 0
213 0 0
214 0 0
215 0 0
216 0 0
217 0 0
218 0 0
219 0 0
220 0 0
221 0 0
222 0 0
223 0 0
224 0 0
225 0 0
226 0 0
227 0 0
228 0 0
229 0 0
230 0 0
231 0 0
232 0 0
233 0 0
234 0 0
235 0 0
236 0 0
237 0 0
238 0 0
239 0 0
240 0 0
241 0 0
242 0 0
243 0 0
244 0 0
245 0 0
246 0 0
247 0 0
248 0 0
249 0 0
250 0 0
251 0 0
252 0 0
253 0 0
254 0 0
255 0 0
256 0 0
257 0 0
258 0 0
259 0 0
260 0 0
261 0 0
262 0 0
263 0 0
264 0 0
265 0 0
266 0 0
267 0 0
268 0 0
269 0 0
270 0 0
271 0 0
272 0 0
273 0 0
274 0 0
275 0 0
276 0 0
277 0 0
278 0 0
279 0 0
280 0 0
281 0 0
282 0 0
283 0 0
284 0 0
285 0 0
286 0 0
287 0 0
288 0 0
289 0 0
290 0 0
291 0 0
292 0 0
293 0 0
294 0 0
295 0 0
296 0 0
297 0 0
298 0 0
299 0 0
300 0 0
301 0 0
302 0 0
303 0 0
304 0 0
305 0 0
306 0 0
307 0 0
308 0 0
309 0 0
310 0 0
311 0 0
312 0 0
313 0 0
314 0 0
315 0 0
316 0 0
317 0 0
318 0 0
319 0 0
320 0 0
321 0 0
322 0 0
323 0 0
324 0 0
325 0 0
326 0 0
327 0 0
328 0 0
329 0 0
330 0 0
331 0 0
332 0 0
333 0 0
334 0 0
335 0 0
336 0 0
337 0 0
338 0 0
339 0 0
340 0 0
341 0 0
342 0 0
343 0 0
344 0 0
345 0 0
346 0 0
347 0 0
348 0 0
349 0 0
350 0 0
351 0 0
352 0 0
353 0 0
354 0 0
355 0 0
356 0 0
357 0 0
358 0 0
359 0 0
360 0 0
361 0 0
362 0 0
363 0 0
364 0 0
365 0 0
366 0 0
367 0 0
368 0 0
369 0 0
370 0 0
371 0 0
372 0 0
373 0 0
374 0 0
375 0 0
376 0 0
377 0 0
378 0 0
379 0 0
380 0 0
381 0 0
382 0 0
383 0 0
384 0 0
385 0 0
386 0 0
387 0 0
388 0 0
389 0 0
390 0 0
391 0 0
392 0 0
393 0 0
394 0 0
395 0 0
396 0 0
397 0 0
398 0 0
399 0 0
400 0 0

ARCS
15 14 14
14 13 28
13 12 76
12 11 22
11 10 49
10 9 43
9 8 162
8 7 97
7 6 3
6 5 108
5 4 3
4 3 54
3 2 19
2 1 44
1 21 2
21 22 44
22 23 19
23 24 54
24 25 3
25 26 108
26 27 3
27 28 97
28 29 162
29 30 43
30 31 49
31 32 22
32 33 76
33 34 28
34 35 14
35 36 5
36 37 1
37 38 121
38 39 91
39 40 53
40 20 2
20 19 53
19 18 91
18 17 121
17 16 1
16 15 5
15 35 2
35 55 1
55 54 14
54 53 28
53 52 76
52 51 22
51 50 49
50 49 43
49 48 162
48 47 97
47 46 3
46 45 108
45 44 3
44 43 54
43 42 19
42 41 44
41 21 1
41 61 17
61 62 44
62 63 19
63 64 54
64 65 3
65 66 108
66 67 3
67 68 97
68 69 162
69 70 43
70 71 49
71 72 22
72 73 76
73 74 28
74 75 14
75 76 5
76 77 1
77 78 121
78 79 91
79 80 53
80 60 17
60 59 53
59 58 91
58 57 121
57 56 1
56 55 5
55 75 17
75 95 31
95 94 14
94 93 28
93 92 76
92 91 22
91 90 49
90 89 43
89 88 162
88 87 97
87 86 3
86 85 108
85 84 3
84 83 54
83 82 19
82 81 44
81 61 31
81 101 52
101 102 44
102 103 19
103 104 54
104 105 3
105 106 108
106 107 3
107 108 97
108 109 162
109 110 43
110 111 49
111 112 22
112 113 76
113 114 28
114 115 14
115 116 5
116 117 1
117 118 121
118 119 91
119 120 53
120 100 52
100 99 53
99 98 91
98 97 121
97 96 1
96 95 5
95 115 52
115 135 71
135 134 14
134 133 28
133 132 76
132 131 22
131 130 49
130 129 43
129 128 162
128 127 97
127 126 3
126 125 108
125 124 3
124 123 54
123 122 19
122 121 44
121 101 71
121 141 41
141 142 44
142 143 19
143 144 54
144 145 3
145 146 108
146 147 3
147 148 97
148 149 162
149 150 43
150 151 49
151 152 22
152 153 76
153 154 28
154 155 14
155 156 5
156 157 1
157 158 121
158 159 91
159 160 53
160 140 41
140 139 53
139 138 91
138 137 121
137 136 1
136 135 5
135 155 41
155 175 82
175 174 14
174 173 28
173 172 76
172 171 22
171 170 49
170 169 43
169 168 162
168 167 97
167 166 3
166 165 108
165 164 3
164 163 54
163 162 19
162 161 44
161 141 82
161 181 10
181 182 44
182 183 19
183 184 54
184 185 3
185 186 108
186 187 3
187 188 97
188 189 162
189 190 43
190 191 49
191 192 22
192 193 76
193 194 28
194 195 14
195 196 5
196 197 1
197 198 121
198 199 91
199 200 53
200 180 10
180 179 53
179 178 91
178 177 121
177 176 1
176 175 5
175 195 10
195 215 88
215 214 14
214 213 28
213 212 76
212 211 22
211 210 49
210 209 43
209 208 162
208 207 97
207 206 3
206 205 108
205 204 3
204 203 54
203 202 19
202 201 44
201 181 88
201 221 194
221 222 44
222 223 19
223 224 54
224 225 3
225 226 108
226 227 3
227 228 97
228 229 162
229 230 43
230 231 49
231 232 22
232 233 76
233 234 28
234 235 14
235 236 5
236 237 1
237 238 121
238 239 91
239 240 53
240 220 194
220 219 53
219 218 91
218 217 121
217 216 1
216 215 5
215 235 194
235 255 31
255 254 14
254 253 28
253 252 76
252 251 22
251 250 49
250 249 43
249 248 162
248 247 97
247 246 3
246 245 108
245 244 3
244 243 54
243 242 19
242 241 44
241 221 31
241 261 50
261 262 44
262 263 19
263 264 54
264 265 3
265 266 108
266 267 3
267 268 97
268 269 162
269 270 43
270 271 49
271 272 22
272 273 76
273 274 28
274 275 14
275 276 5
276 277 1
277 278 121
278 279 91
279 280 53
280 260 50
260 259 53
259 258 91
258 257 121
257 256 1
256 255 5
255 275 50
275 295 113
295 294 14
294 293 28
293 292 76
292 291 22
291 290 49
290 289 43
289 288 162
288 287 97
287 286 3
286 285 108
285 284 3
284 283 54
283 282 19
282 281 44
281 261 113
281 301 31
301 302 44
302 303 19
303 304 54
304 305 3
305 306 108
306 307 3
307 308 97
308 309 162
309 310 43
310 311 49
311 312 22
312 313 76
313 314 28
314 315 14
315 316 5
316 317 1
317 318 121
318 319 91
319 320 53
320 300 31
300 299 53
299 298 91
298 297 121
297 296 1
296 295 5
295 315 31
315 335 4
335 334 14
334 333 28
333 332 76
332 331 22
331 330 49
330 329 43
329 328 162
328 327 97
327 326 3
326 325 108
325 324 3
324 323 54
323 322 19
322 321 44
321 301 4
321 341 1
341 342 44
342 343 19
343 344 54
344 345 3
345 346 108
346 347 3
347 348 97
348 349 162
349 350 43
350 351 49
351 352 22
352 353 76
353 354 28
354 355 14
355 356 5
356 357 1
357 358 121
358 359 91
359 360 53
360 340 1
340 339 53
339 338 91
338 337 121
337 336 1
336 335 5
335 355 1
355 375 61
375 374 14
374 373 28
373 372 76
372 371 22
371 370 49
370 369 43
369 368 162
368 367 97
367 366 3
366 365 108
365 364 3
364 363 54
363 362 19
362 361 44
361 341 61
361 381 40
381 382 44
382 383 19
383 384 54
384 385 3
385 386 108
386 387 3
387 388 97
388 389 162
389 390 43
390 391 49
391 392 22
392 393 76
393 394 28
394 395 14
395 396 5
396 397 1
397 398 121
398 399 91
399 400 53
400 380 40
380 379 53
379 378 91
378 377 121
377 376 1
376 375 5
375 395 40
376 356 61
356 336 1
336 316 4
316 296 31
296 276 113
276 256 50
256 236 31
236 216 194
216 196 88
196 176 10
176 156 82
156 136 41
136 116 71
116 96 52
96 76 31
76 56 17
56 36 1
36 16 2
376 396 40
377 357 61
357 337 1
337 317 4
317 297 31
297 277 113
277 257 50
257 237 31
237 217 194
217 197 88
197 177 10
177 157 82
157 137 41
137 117 71
117 97 52
97 77 31
77 57 17
57 37 1
37 17 2
377 397 40
378 358 61
358 338 1
338 318 4
318 298 31
298 278 113
278 258 50
258 238 31
238 218 194
218 198 88
198 178 10
178 158 82
158 138 41
138 118 71
118 98 52
98 78 31
78 58 17
58 38 1
38 18 2
378 398 40
379 359 61
359 339 1
339 319 4
319 299 31
299 279 113
279 259 50
259 239 31
239 219 194
219 199 88
199 179 10
179 159 82
159 139 41
139 119 71
119 99 52
99 79 31
79 59 17
59 39 1
39 19 2
379 399 40
380 360 61
394 374 40
374 354 61
354 334 1
334 314 4
314 294 31
294 274 113
274 254 50
254 234 31
234 214 194
214 194 88
194 174 10
174 154 82
154 134 41
134 114 71
114 94 52
94 74 31
74 54 17
54 34 1
34 14 2
393 373 40
373 353 61
353 333 1
333 313 4
313 293 31
293 273 113
273 253 50
253 233 31
233 213 194
213 193 88
193 173 10
173 153 82
153 133 41
133 113 71
113 93 52
93 73 31
73 53 17
53 33 1
33 13 2
392 372 40
372 352 61
352 332 1
332 312 4
312 292 31
292 272 113
272 252 50
252 232 31
232 212 194
212 192 88
192 172 10
172 152 82
152 132 41
132 112 71
112 92 52
92 72 31
72 52 17
52 32 1
32 12 2
391 371 40
371 351 61
351 331 1
331 311 4
311 291 31
291 271 113
271 251 50
251 231 31
231 211 194
211 191 88
191 171 10
171 151 82
151 131 41
131 111 71
111 91 52
91 71 31
71 51 17
51 31 1
31 11 2
390 370 40
370 350 61
350 330 1
330 310 4
310 290 31
290 270 113
270 250 50
250 230 31
230 210 194
210 190 88
190 170 10
170 150 82
150 130 41
130 110 71
110 90 52
90 70 31
70 50 17
50 30 1
30 10 2
389 369 40
369 349 61
349 329 1
329 309 4
309 289 31
289 269 113
269 249 50
249 229 31
229 209 194
209 189 88
189 169 10
169 149 82
149 129 41
129 109 71
109 89 52
89 69 31
69 49 17
49 29 1
29 9 2
388 368 40
368 348 61
348 328 1
328 308 4
308 288 31
288 268 113
268 248 50
248 228 31
228 208 194
208 188 88
188 168 10
168 148 82
148 128 41
128 108 71
108 88 52
88 68 31
68 48 17
48 28 1
28 8 2
387 367 40
367 347 61
347 327 1
327 307 4
307 287 31
287 267 113
267 247 50
247 227 31
227 207 194
207 187 88
187 167 10
167 147 82
147 127 41
127 107 71
107 87 52
87 67 31
67 47 17
47 27 1
27 7 2
386 366 40
366 346 61
346 326 1
326 306 4
306 286 31
286 266 113
266 246 50
246 226 31
226 206 194
206 186 88
186 166 10
166 146 82
146 126 41
126 106 71
106 86 52
86 66 31
66 46 17
46 26 1
26 6 2
385 365 40
365 345 61
345 325 1
325 305 4
305 285 31
285 265 113
265 245 50
245 225 31
225 205 194
205 185 88
185 165 10
165 145 82
145 125 41
125 105 71
105 85 52
85 65 31
65 45 17
45 25 1
25 5 2
384 364 40
364 344 61
344 324 1
324 304 4
304 284 31
284 264 113
264 244 50
244 224 31
224 204 194
204 184 88
184 164 10
164 144 82
144 124 41
124 104 71
104 84 52
84 64 31
64 44 17
44 24 1
24 4 2
383 363 40
363 343 61
343 323 1
323 303 4
303 283 31
283 263 113
263 243 50
243 223 31
223 203 194
203 183 88
183 163 10
163 143 82
143 123 41
123 103 71
103 83 52
83 63 31
63 43 17
43 23 1
23 3 2
382 362 40
362 342 61
342 322 1
322 302 4
302 282 31
282 262 113
262 242 50
242 222 31
222 202 194
202 182 88
182 162 10
162 142 82
142 122 41
122 102 71
102 82 52
82 62 31
62 42 17
42 22 1
22 2 2
340 320 4
300 280 113
260 240 31
220 200 88
180 160 82
140 120 71
100 80 31
60 40 1

REQUESTS

BLOCKAGES
230 210
159 139
219 199
275 295
196 197
32 12
169 149
369 349
11 10
206 186
367 366
62 42
240 220
392 393
28 29
246 226
196 176
52 51
316 296
252 232
145 146
314 315
89 69
92 72
255 275
35 55
128 108
183 163
207 206
68 48
380 360
296 295
33 34
22 23
180 160
249 248
285 284
131 130
221 222
316 317
50 30
385 386
151 152
263 243
311 312
236 216
218 198
244 224
382 383
323 322
132 131
346 347
320 300
293 292
293 273
23 3
193 173
148 149
345 346
203 183
169 168
108 88
217 197
138 118
68 69
175 195
270 250
186 166
261 262
112 92
175 174
282 262
379 399
255 254
276 277
195 215
106 107
212 192
278 258
397 398
258 257
369 368
376 396
98 78
211 210
209 208
302 282
63 64
125 124
328 308
352 353
167 147
266 267
63 43
246 245
57 37
243 223
156 136
318 319
27 28
351 331
139 138
38 18
279 280
154 155
59 58
17 16
272 252
58 38
42 41
279 259
29 30
229 209
174 154
156 157
306 307
60 59
353 354
370 350
136 116
87 67
267 268
27 7
361 341
134 114
376 375
46 45
286 285
312 292
205 204
223 224
228 229
50 49
367 347
363 343
309 289
306 286
96 95
34 35
356 357
163 143
321 301
310 311
222 202
118 98
94 93
147 127
132 112
202 182
45 44
324 304
115 135
309 310
329 328
343 323
184 185
103 104
55 54
133 113
350 330
277 257
88 87
273 253
64 65
326 325
130 129
237 217
31 32
77 57
256 236
225 205
109 89
334 333
39 40
391 371
172 152
364 363
372 352
86 66
91 90
291 290
264 265
53 33
94 74
384 364
157 158
313 314
335 334
164 144
333 332
191 171
245 225
339 338
137 117
189 190
161 141
65 66
181 182
226 227
250 249
168 167
104 105
96 76
265 266
231 211
166 146
208 207
25 26
325 305
24 25
294 274
307 308
84 83
77 78
276 256
36 37
299 298
105 85
302 303
127 107
271 272
335 355
90 70
47 46
284 283
14 13
213 212
100 99

TERMINALS
15
32
49
66
98
102
121
148
171
200
213
230
244
276
285
303
327
357
374
399

END
