INSTANCE_NAME r21.dat
NB_VERTICES 900
NB_ARCS 1740
NB_REQUESTS 0
NB_BLOCKAGES 522
NB_TERMINALS 30

VERTICES
1 0 0
2 0 0
3 0 0
4 0 0
5 0 0
6 0 0
7 0 0
8 0 0
9 0 0
10 0 0
11 0 0
12 0 0
13 0 0
14 0 0
15 0 0
16 0 0
17 0 0
18 0 0
19 0 0
20 0 0
21 0 0
22 0 0
23 0 0
24 0 0
25 0 0
26 0 0
27 0 0
28 0 0
29 0 0
30 0 0
31 0 0
32 0 0
33 0 0
34 0 0
35 0 0
36 0 0
37 0 0
38 0 0
39 0 0
40 0 0
41 0 0
42 0 0
43 0 0
44 0 0
45 0 0
46 0 0
47 0 0
48 0 0
49 0 0
50 0 0
51 0 0
52 0 0
53 0 0
54 0 0
55 0 0
56 0 0
57 0 0
58 0 0
59 0 0
60 0 0
61 0 0
62 0 0
63 0 0
64 0 0
65 0 0
66 0 0
67 0 0
68 0 0
69 0 0
70 0 0
71 0 0
72 0 0
73 0 0
74 0 0
75 0 0
76 0 0
77 0 0
78 0 0
79 0 0
80 0 0
81 0 0
82 0 0
83 0 0
84 0 0
85 0 0
86 0 0
87 0 0
88 0 0
89 0 0
90 0 0
91 0 0
92 0 0
93 0 0
94 0 0
95 0 0
96 0 0
97 0 0
98 0 0
99 0 0
100 0 0
101 0 0
102 0 0
103 0 0
104 0 0
105 0 0
106 0 0
107 0 0
108 0 0
109 0 0
110 0 0
111 0 0
112 0 0
113 0 0
114 0 0
115 0 0
116 0 0
117 0 0
118 0 0
119 0 0
120 0 0
121 0 0
122 0 0
123 0 0
124 0 0
125 0 0
126 0 0
127 0 0
128 0 0
129 0 0
130 0 0
131 0 0
132 0 0
133 0 0
134 0 0
135 0 0
136 0 0
137 0 0
138 0 0
139 0 0
140 0 0
141 0 0
142 0 0
143 0 0
144 0 0
145 0 0
146 0 0
147 0 0
148 0 0
149 0 0
150 0 0
151 0 0
152 0 0
153 0 0
154 0 0
155 0 0
156 0 0
157 0 0
158 0 0
159 0 0
160 0 0
161 0 0
162 0 0
163 0 0
164 0 0
165 0 0
166 0 0
167 0 0
168 0 0
169 0 0
170 0 0
171 0 0
172 0 0
173 0 0
174 0 0
175 0 0
176 0 0
177 0 0
178 0 0
179 0 0
180 0 0
181 0 0
182 0 0
183 0 0
184 0 0
185 0 0
186 0 0
187 0 0
188 0 0
189 0 0
190 0 0
191 0 0
192 0 0
193 0 0
194 0 0
195 0 0
196 0 0
197 0 0
198 0 0
199 0 0
200 0 0
201 0 0
202 0 0
203 0 0
204 0 0
205 0 0
206 0 0
207 0 0
208 0 0
209 0 0
210 0 0
211 0 0
212 0 0
213 0 0
214 0 0
215 0 0
216 0 0
217 0 0
218 0 0
219 0 0
220 0 0
221 0 0
222 0 0
223 0 0
224 0 0
225 0 0
226 0 0
227 0 0
228 0 0
229 0 0
230 0 0
231 0 0
232 0 0
233 0 0
234 0 0
235 0 0
236 0 0
237 0 0
238 0 0
239 0 0
240 0 0
241 0 0
242 0 0
243 0 0
244 0 0
245 0 0
246 0 0
247 0 0
248 0 0
249 0 0
250 0 0
251 0 0
252 0 0
253 0 0
254 0 0
255 0 0
256 0 0
257 0 0
258 0 0
259 0 0
260 0 0
261 0 0
262 0 0
263 0 0
264 0 0
265 0 0
266 0 0
267 0 0
268 0 0
269 0 0
270 0 0
271 0 0
272 0 0
273 0 0
274 0 0
275 0 0
276 0 0
277 0 0
278 0 0
279 0 0
280 0 0
281 0 0
282 0 0
283 0 0
284 0 0
285 0 0
286 0 0
287 0 0
288 0 0
289 0 0
290 0 0
291 0 0
292 0 0
293 0 0
294 0 0
295 0 0
296 0 0
297 0 0
298 0 0
299 0 0
300 0 0
301 0 0
302 0 0
303 0 0
304 0 0
305 0 0
306 0 0
307 0 0
308 0 0
309 0 0
310 0 0
311 0 0
312 0 0
313 0 0
314 0 0
315 0 0
316 0 0
317 0 0
318 0 0
319 0 0
320 0 0
321 0 0
322 0 0
323 0 0
324 0 0
325 0 0
326 0 0
327 0 0
328 0 0
329 0 0
330 0 0
331 0 0
332 0 0
333 0 0
334 0 0
335 0 0
336 0 0
337 0 0
338 0 0
339 0 0
340 0 0
341 0 0
342 0 0
343 0 0
344 0 0
345 0 0
346 0 0
347 0 0
348 0 0
349 0 0
350 0 0
351 0 0
352 0 0
353 0 0
354 0 0
355 0 0
356 0 0
357 0 0
358 0 0
359 0 0
360 0 0
361 0 0
362 0 0
363 0 0
364 0 0
365 0 0
366 0 0
367 0 0
368 0 0
369 0 0
370 0 0
371 0 0
372 0 0
373 0 0
374 0 0
375 0 0
376 0 0
377 0 0
378 0 0
379 0 0
380 0 0
381 0 0
382 0 0
383 0 0
384 0 0
385 0 0
386 0 0
387 0 0
388 0 0
389 0 0
390 0 0
391 0 0
392 0 0
393 0 0
394 0 0
395 0 0
396 0 0
397 0 0
398 0 0
399 0 0
400 0 0
401 0 0
402 0 0
403 0 0
404 0 0
405 0 0
406 0 0
407 0 0
408 0 0
409 0 0
410 0 0
411 0 0
412 0 0
413 0 0
414 0 0
415 0 0
416 0 0
417 0 0
418 0 0
419 0 0
420 0 0
421 0 0
422 0 0
423 0 0
424 0 0
425 0 0
426 0 0
427 0 0
428 0 0
429 0 0
430 0 0
431 0 0
432 0 0
433 0 0
434 0 0
435 0 0
436 0 0
437 0 0
438 0 0
439 0 0
440 0 0
441 0 0
442 0 0
443 0 0
444 0 0
445 0 0
446 0 0
447 0 0
448 0 0
449 0 0
450 0 0
451 0 0
452 0 0
453 0 0
454 0 0
455 0 0
456 0 0
457 0 0
458 0 0
459 0 0
460 0 0
461 0 0
462 0 0
463 0 0
464 0 0
465 0 0
466 0 0
467 0 0
468 0 0
469 0 0
470 0 0
471 0 0
472 0 0
473 0 0
474 0 0
475 0 0
476 0 0
477 0 0
478 0 0
479 0 0
480 0 0
481 0 0
482 0 0
483 0 0
484 0 0
485 0 0
486 0 0
487 0 0
488 0 0
489 0 0
490 0 0
491 0 0
492 0 0
493 0 0
494 0 0
495 0 0
496 0 0
497 0 0
498 0 0
499 0 0
500 0 0
501 0 0
502 0 0
503 0 0
504 0 0
505 0 0
506 0 0
507 0 0
508 0 0
509 0 0
510 0 0
511 0 0
512 0 0
513 0 0
514 0 0
515 0 0
516 0 0
517 0 0
518 0 0
519 0 0
520 0 0
521 0 0
522 0 0
523 0 0
524 0 0
525 0 0
526 0 0
527 0 0
528 0 0
529 0 0
530 0 0
531 0 0
532 0 0
533 0 0
534 0 0
535 0 0
536 0 0
537 0 0
538 0 0
539 0 0
540 0 0
541 0 0
542 0 0
543 0 0
544 0 0
545 0 0
546 0 0
547 0 0
548 0 0
549 0 0
550 0 0
551 0 0
552 0 0
553 0 0
554 0 0
555 0 0
556 0 0
557 0 0
558 0 0
559 0 0
560 0 0
561 0 0
562 0 0
563 0 0
564 0 0
565 0 0
566 0 0
567 0 0
568 0 0
569 0 0
570 0 0
571 0 0
572 0 0
573 0 0
574 0 0
575 0 0
576 0 0
577 0 0
578 0 0
579 0 0
580 0 0
581 0 0
582 0 0
583 0 0
584 0 0
585 0 0
586 0 0
587 0 0
588 0 0
589 0 0
590 0 0
591 0 0
592 0 0
593 0 0
594 0 0
595 0 0
596 0 0
597 0 0
598 0 0
599 0 0
600 0 0
601 0 0
602 0 0
603 0 0
604 0 0
605 0 0
606 0 0
607 0 0
608 0 0
609 0 0
610 0 0
611 0 0
612 0 0
613 0 0
614 0 0
615 0 0
616 0 0
617 0 0
618 0 0
619 0 0
620 0 0
621 0 0
622 0 0
623 0 0
624 0 0
625 0 0
626 0 0
627 0 0
628 0 0
629 0 0
630 0 0
631 0 0
632 0 0
633 0 0
634 0 0
635 0 0
636 0 0
637 0 0
638 0 0
639 0 0
640 0 0
641 0 0
642 0 0
643 0 0
644 0 0
645 0 0
646 0 0
647 0 0
648 0 0
649 0 0
650 0 0
651 0 0
652 0 0
653 0 0
654 0 0
655 0 0
656 0 0
657 0 0
658 0 0
659 0 0
660 0 0
661 0 0
662 0 0
663 0 0
664 0 0
665 0 0
666 0 0
667 0 0
668 0 0
669 0 0
670 0 0
671 0 0
672 0 0
673 0 0
674 0 0
675 0 0
676 0 0
677 0 0
678 0 0
679 0 0
680 0 0
681 0 0
682 0 0
683 0 0
684 0 0
685 0 0
686 0 0
687 0 0
688 0 0
689 0 0
690 0 0
691 0 0
692 0 0
693 0 0
694 0 0
695 0 0
696 0 0
697 0 0
698 0 0
699 0 0
700 0 0
701 0 0
702 0 0
703 0 0
704 0 0
705 0 0
706 0 0
707 0 0
708 0 0
709 0 0
710 0 0
711 0 0
712 0 0
713 0 0
714 0 0
715 0 0
716 0 0
717 0 0
718 0 0
719 0 0
720 0 0
721 0 0
722 0 0
723 0 0
724 0 0
725 0 0
726 0 0
727 0 0
728 0 0
729 0 0
730 0 0
731 0 0
732 0 0
733 0 0
734 0 0
735 0 0
736 0 0
737 0 0
738 0 0
739 0 0
740 0 0
741 0 0
742 0 0
743 0 0
744 0 0
745 0 0
746 0 0
747 0 0
748 0 0
749 0 0
750 0 0
751 0 0
752 0 0
753 0 0
754 0 0
755 0 0
756 0 0
757 0 0
758 0 0
759 0 0
760 0 0
761 0 0
762 0 0
763 0 0
764 0 0
765 0 0
766 0 0
767 0 0
768 0 0
769 0 0
770 0 0
771 0 0
772 0 0
773 0 0
774 0 0
775 0 0
776 0 0
777 0 0
778 0 0
779 0 0
780 0 0
781 0 0
782 0 0
783 0 0
784 0 0
785 0 0
786 0 0
787 0 0
788 0 0
789 0 0
790 0 0
791 0 0
792 0 0
793 0 0
794 0 0
795 0 0
796 0 0
797 0 0
798 0 0
799 0 0
800 0 0
801 0 0
802 0 0
803 0 0
804 0 0
805 0 0
806 0 0
807 0 0
808 0 0
809 0 0
810 0 0
811 0 0
812 0 0
813 0 0
814 0 0
815 0 0
816 0 0
817 0 0
818 0 0
819 0 0
820 0 0
821 0 0
822 0 0
823 0 0
824 0 0
825 0 0
826 0 0
827 0 0
828 0 0
829 0 0
830 0 0
831 0 0
832 0 0
833 0 0
834 0 0
835 0 0
836 0 0
837 0 0
838 0 0
839 0 0
840 0 0
841 0 0
842 0 0
843 0 0
844 0 0
845 0 0
846 0 0
847 0 0
848 0 0
849 0 0
850 0 0
851 0 0
852 0 0
853 0 0
854 0 0
855 0 0
856 0 0
857 0 0
858 0 0
859 0 0
860 0 0
861 0 0
862 0 0
863 0 0
864 0 0
865 0 0
866 0 0
867 0 0
868 0 0
869 0 0
870 0 0
871 0 0
872 0 0
873 0 0
874 0 0
875 0 0
876 0 0
877 0 0
878 0 0
879 0 0
880 0 0
881 0 0
882 0 0
883 0 0
884 0 0
885 0 0
886 0 0
887 0 0
888 0 0
889 0 0
890 0 0
891 0 0
892 0 0
893 0 0
894 0 0
895 0 0
896 0 0
897 0 0
898 0 0
899 0 0
900 0 0

ARCS
10 9 3
9 8 118
8 7 21
7 6 1
6 5 18
5 4 25
4 3 103
3 2 27
2 1 4
1 31 13
31 32 4
32 33 27
33 34 103
34 35 25
35 36 18
36 37 1
37 38 21
38 39 118
39 40 3
40 41 56
41 42 6
42 43 28
43 44 6
44 45 1
45 46 4
46 47 126
47 48 7
48 49 61
49 50 16
50 51 2
51 52 47
52 53 58
53 54 73
54 55 34
55 56 51
56 57 4
57 58 12
58 59 1
59 60 1
60 30 13
30 29 1
29 28 1
28 27 12
27 26 4
26 25 51
25 24 34
24 23 73
23 22 58
22 21 47
21 20 2
20 19 16
19 18 61
18 17 7
17 16 126
16 15 4
15 14 1
14 13 6
13 12 28
12 11 6
11 10 56
10 40 13
40 70 45
70 69 3
69 68 118
68 67 21
67 66 1
66 65 18
65 64 25
64 63 103
63 62 27
62 61 4
61 31 45
61 91 7
91 92 4
92 93 27
93 94 103
94 95 25
95 96 18
96 97 1
97 98 21
98 99 118
99 100 3
100 101 56
101 102 6
102 103 28
103 104 6
104 105 1
105 106 4
106 107 126
107 108 7
108 109 61
109 110 16
110 111 2
111 112 47
112 113 58
113 114 73
114 115 34
115 116 51
116 117 4
117 118 12
118 119 1
119 120 1
120 90 7
90 89 1
89 88 1
88 87 12
87 86 4
86 85 51
85 84 34
84 83 73
83 82 58
82 81 47
81 80 2
80 79 16
79 78 61
78 77 7
77 76 126
76 75 4
75 74 1
74 73 6
73 72 28
72 71 6
71 70 56
70 100 7
100 130 41
130 129 3
129 128 118
128 127 21
127 126 1
126 125 18
125 124 25
124 123 103
123 122 27
122 121 4
121 91 41
121 151 44
151 152 4
152 153 27
153 154 103
154 155 25
155 156 18
156 157 1
157 158 21
158 159 118
159 160 3
160 161 56
161 162 6
162 163 28
163 164 6
164 165 1
165 166 4
166 167 126
167 168 7
168 169 61
169 170 16
170 171 2
171 172 47
172 173 58
173 174 73
174 175 34
175 176 51
176 177 4
177 178 12
178 179 1
179 180 1
180 150 44
150 149 1
149 148 1
148 147 12
147 146 4
146 145 51
145 144 34
144 143 73
143 142 58
142 141 47
141 140 2
140 139 16
139 138 61
138 137 7
137 136 126
136 135 4
135 134 1
134 133 6
133 132 28
132 131 6
131 130 56
130 160 44
160 190 188
190 189 3
189 188 118
188 187 21
187 186 1
186 185 18
185 184 25
184 183 103
183 182 27
182 181 4
181 151 188
181 211 48
211 212 4
212 213 27
213 214 103
214 215 25
215 216 18
216 217 1
217 218 21
218 219 118
219 220 3
220 221 56
221 222 6
222 223 28
223 224 6
224 225 1
225 226 4
226 227 126
227 228 7
228 229 61
229 230 16
230 231 2
231 232 47
232 233 58
233 234 73
234 235 34
235 236 51
236 237 4
237 238 12
238 239 1
239 240 1
240 210 48
210 209 1
209 208 1
208 207 12
207 206 4
206 205 51
205 204 34
204 203 73
203 202 58
202 201 47
201 200 2
200 199 16
199 198 61
198 197 7
197 196 126
196 195 4
195 194 1
194 193 6
193 192 28
192 191 6
191 190 56
190 220 48
220 250 72
250 249 3
249 248 118
248 247 21
247 246 1
246 245 18
245 244 25
244 243 103
243 242 27
242 241 4
241 211 72
241 271 15
271 272 4
272 273 27
273 274 103
274 275 25
275 276 18
276 277 1
277 278 21
278 279 118
279 280 3
280 281 56
281 282 6
282 283 28
283 284 6
284 285 1
285 286 4
286 287 126
287 288 7
288 289 61
289 290 16
290 291 2
291 292 47
292 293 58
293 294 73
294 295 34
295 296 51
296 297 4
297 298 12
298 299 1
299 300 1
300 270 15
270 269 1
269 268 1
268 267 12
267 266 4
266 265 51
265 264 34
264 263 73
263 262 58
262 261 47
261 260 2
260 259 16
259 258 61
258 257 7
257 256 126
256 255 4
255 254 1
254 253 6
253 252 28
252 251 6
251 250 56
250 280 15
280 310 10
310 309 3
309 308 118
308 307 21
307 306 1
306 305 18
305 304 25
304 303 103
303 302 27
302 301 4
301 271 10
301 331 24
331 332 4
332 333 27
333 334 103
334 335 25
335 336 18
336 337 1
337 338 21
338 339 118
339 340 3
340 341 56
341 342 6
342 343 28
343 344 6
344 345 1
345 346 4
346 347 126
347 348 7
348 349 61
349 350 16
350 351 2
351 352 47
352 353 58
353 354 73
354 355 34
355 356 51
356 357 4
357 358 12
358 359 1
359 360 1
360 330 24
330 329 1
329 328 1
328 327 12
327 326 4
326 325 51
325 324 34
324 323 73
323 322 58
322 321 47
321 320 2
320 319 16
319 318 61
318 317 7
317 316 126
316 315 4
315 314 1
314 313 6
313 312 28
312 311 6
311 310 56
310 340 24
340 370 22
370 369 3
369 368 118
368 367 21
367 366 1
366 365 18
365 364 25
364 363 103
363 362 27
362 361 4
361 331 22
361 391 4
391 392 4
392 393 27
393 394 103
394 395 25
395 396 18
396 397 1
397 398 21
398 399 118
399 400 3
400 401 56
401 402 6
402 403 28
403 404 6
404 405 1
405 406 4
406 407 126
407 408 7
408 409 61
409 410 16
410 411 2
411 412 47
412 413 58
413 414 73
414 415 34
415 416 51
416 417 4
417 418 12
418 419 1
419 420 1
420 390 4
390 389 1
389 388 1
388 387 12
387 386 4
386 385 51
385 384 34
384 383 73
383 382 58
382 381 47
381 380 2
380 379 16
379 378 61
378 377 7
377 376 126
376 375 4
375 374 1
374 373 6
373 372 28
372 371 6
371 370 56
370 400 4
400 430 36
430 429 3
429 428 118
428 427 21
427 426 1
426 425 18
425 424 25
424 423 103
423 422 27
422 421 4
421 391 36
421 451 35
451 452 4
452 453 27
453 454 103
454 455 25
455 456 18
456 457 1
457 458 21
458 459 118
459 460 3
460 461 56
461 462 6
462 463 28
463 464 6
464 465 1
465 466 4
466 467 126
467 468 7
468 469 61
469 470 16
470 471 2
471 472 47
472 473 58
473 474 73
474 475 34
475 476 51
476 477 4
477 478 12
478 479 1
479 480 1
480 450 35
450 449 1
449 448 1
448 447 12
447 446 4
446 445 51
445 444 34
444 443 73
443 442 58
442 441 47
441 440 2
440 439 16
439 438 61
438 437 7
437 436 126
436 435 4
435 434 1
434 433 6
433 432 28
432 431 6
431 430 56
430 460 35
460 490 15
490 489 3
489 488 118
488 487 21
487 486 1
486 485 18
485 484 25
484 483 103
483 482 27
482 481 4
481 451 15
481 511 7
511 512 4
512 513 27
513 514 103
514 515 25
515 516 18
516 517 1
517 518 21
518 519 118
519 520 3
520 521 56
521 522 6
522 523 28
523 524 6
524 525 1
525 526 4
526 527 126
527 528 7
528 529 61
529 530 16
530 531 2
531 532 47
532 533 58
533 534 73
534 535 34
535 536 51
536 537 4
537 538 12
538 539 1
539 540 1
540 510 7
510 509 1
509 508 1
508 507 12
507 506 4
506 505 51
505 504 34
504 503 73
503 502 58
502 501 47
501 500 2
500 499 16
499 498 61
498 497 7
497 496 126
496 495 4
495 494 1
494 493 6
493 492 28
492 491 6
491 490 56
490 520 7
520 550 3
550 549 3
549 548 118
548 547 21
547 546 1
546 545 18
545 544 25
544 543 103
543 542 27
542 541 4
541 511 3
541 571 16
571 572 4
572 573 27
573 574 103
574 575 25
575 576 18
576 577 1
577 578 21
578 579 118
579 580 3
580 581 56
581 582 6
582 583 28
583 584 6
584 585 1
585 586 4
586 587 126
587 588 7
588 589 61
589 590 16
590 591 2
591 592 47
592 593 58
593 594 73
594 595 34
595 596 51
596 597 4
597 598 12
598 599 1
599 600 1
600 570 16
570 569 1
569 568 1
568 567 12
567 566 4
566 565 51
565 564 34
564 563 73
563 562 58
562 561 47
561 560 2
560 559 16
559 558 61
558 557 7
557 556 126
556 555 4
555 554 1
554 553 6
553 552 28
552 551 6
551 550 56
550 580 16
580 610 22
610 609 3
609 608 118
608 607 21
607 606 1
606 605 18
605 604 25
604 603 103
603 602 27
602 601 4
601 571 22
601 631 37
631 632 4
632 633 27
633 634 103
634 635 25
635 636 18
636 637 1
637 638 21
638 639 118
639 640 3
640 641 56
641 642 6
642 643 28
643 644 6
644 645 1
645 646 4
646 647 126
647 648 7
648 649 61
649 650 16
650 651 2
651 652 47
652 653 58
653 654 73
654 655 34
655 656 51
656 657 4
657 658 12
658 659 1
659 660 1
660 630 37
630 629 1
629 628 1
628 627 12
627 626 4
626 625 51
625 624 34
624 623 73
623 622 58
622 621 47
621 620 2
620 619 16
619 618 61
618 617 7
617 616 126
616 615 4
615 614 1
614 613 6
613 612 28
612 611 6
611 610 56
610 640 37
640 670 28
670 669 3
669 668 118
668 667 21
667 666 1
666 665 18
665 664 25
664 663 103
663 662 27
662 661 4
661 631 28
661 691 13
691 692 4
692 693 27
693 694 103
694 695 25
695 696 18
696 697 1
697 698 21
698 699 118
699 700 3
700 701 56
701 702 6
702 703 28
703 704 6
704 705 1
705 706 4
706 707 126
707 708 7
708 709 61
709 710 16
710 711 2
711 712 47
712 713 58
713 714 73
714 715 34
715 716 51
716 717 4
717 718 12
718 719 1
719 720 1
720 690 13
690 689 1
689 688 1
688 687 12
687 686 4
686 685 51
685 684 34
684 683 73
683 682 58
682 681 47
681 680 2
680 679 16
679 678 61
678 677 7
677 676 126
676 675 4
675 674 1
674 673 6
673 672 28
672 671 6
671 670 56
670 700 13
700 730 89
730 729 3
729 728 118
728 727 21
727 726 1
726 725 18
725 724 25
724 723 103
723 722 27
722 721 4
721 691 89
721 751 10
751 752 4
752 753 27
753 754 103
754 755 25
755 756 18
756 757 1
757 758 21
758 759 118
759 760 3
760 761 56
761 762 6
762 763 28
763 764 6
764 765 1
765 766 4
766 767 126
767 768 7
768 769 61
769 770 16
770 771 2
771 772 47
772 773 58
773 774 73
774 775 34
775 776 51
776 777 4
777 778 12
778 779 1
779 780 1
780 750 10
750 749 1
749 748 1
748 747 12
747 746 4
746 745 51
745 744 34
744 743 73
743 742 58
742 741 47
741 740 2
740 739 16
739 738 61
738 737 7
737 736 126
736 735 4
735 734 1
734 733 6
733 732 28
732 731 6
731 730 56
730 760 10
760 790 23
790 789 3
789 788 118
788 787 21
787 786 1
786 785 18
785 784 25
784 783 103
783 782 27
782 781 4
781 751 23
781 811 65
811 812 4
812 813 27
813 814 103
814 815 25
815 816 18
816 817 1
817 818 21
818 819 118
819 820 3
820 821 56
821 822 6
822 823 28
823 824 6
824 825 1
825 826 4
826 827 126
827 828 7
828 829 61
829 830 16
830 831 2
831 832 47
832 833 58
833 834 73
834 835 34
835 836 51
836 837 4
837 838 12
838 839 1
839 840 1
840 810 65
810 809 1
809 808 1
808 807 12
807 806 4
806 805 51
805 804 34
804 803 73
803 802 58
802 801 47
801 800 2
800 799 16
799 798 61
798 797 7
797 796 126
796 795 4
795 794 1
794 793 6
793 792 28
792 791 6
791 790 56
790 820 65
820 850 8
850 849 3
849 848 118
848 847 21
847 846 1
846 845 18
845 844 25
844 843 103
843 842 27
842 841 4
841 811 8
841 871 46
871 872 4
872 873 27
873 874 103
874 875 25
875 876 18
876 877 1
877 878 21
878 879 118
879 880 3
880 881 56
881 882 6
882 883 28
883 884 6
884 885 1
885 886 4
886 887 126
887 888 7
888 889 61
889 890 16
890 891 2
891 892 47
892 893 58
893 894 73
894 895 34
895 896 51
896 897 4
897 898 12
898 899 1
899 900 1
900 870 46
870 869 1
869 868 1
868 867 12
867 866 4
866 865 51
865 864 34
864 863 73
863 862 58
862 861 47
861 860 2
860 859 16
859 858 61
858 857 7
857 856 126
856 855 4
855 854 1
854 853 6
853 852 28
852 851 6
851 850 56
850 880 46
851 821 8
821 791 65
791 761 23
761 731 10
731 701 89
701 671 13
671 641 28
641 611 37
611 581 22
581 551 16
551 521 3
521 491 7
491 461 15
461 431 35
431 401 36
401 371 4
371 341 22
341 311 24
311 281 10
281 251 15
251 221 72
221 191 48
191 161 188
161 131 44
131 101 41
101 71 7
71 41 45
41 11 13
851 881 46
852 822 8
822 792 65
792 762 23
762 732 10
732 702 89
702 672 13
672 642 28
642 612 37
612 582 22
582 552 16
552 522 3
522 492 7
492 462 15
462 432 35
432 402 36
402 372 4
372 342 22
342 312 24
312 282 10
282 252 15
252 222 72
222 192 48
192 162 188
162 132 44
132 102 41
102 72 7
72 42 45
42 12 13
852 882 46
853 823 8
823 793 65
793 763 23
763 733 10
733 703 89
703 673 13
673 643 28
643 613 37
613 583 22
583 553 16
553 523 3
523 493 7
493 463 15
463 433 35
433 403 36
403 373 4
373 343 22
343 313 24
313 283 10
283 253 15
253 223 72
223 193 48
193 163 188
163 133 44
133 103 41
103 73 7
73 43 45
43 13 13
853 883 46
854 824 8
824 794 65
794 764 23
764 734 10
734 704 89
704 674 13
674 644 28
644 614 37
614 584 22
584 554 16
554 524 3
524 494 7
494 464 15
464 434 35
434 404 36
404 374 4
374 344 22
344 314 24
314 284 10
284 254 15
254 224 72
224 194 48
194 164 188
164 134 44
134 104 41
104 74 7
74 44 45
44 14 13
854 884 46
855 825 8
825 795 65
795 765 23
765 735 10
735 705 89
705 675 13
675 645 28
645 615 37
615 585 22
585 555 16
555 525 3
525 495 7
495 465 15
465 435 35
435 405 36
405 375 4
375 345 22
345 315 24
315 285 10
285 255 15
255 225 72
225 195 48
195 165 188
165 135 44
135 105 41
105 75 7
75 45 45
45 15 13
855 885 46
856 826 8
826 796 65
796 766 23
766 736 10
736 706 89
706 676 13
676 646 28
646 616 37
616 586 22
586 556 16
556 526 3
526 496 7
496 466 15
466 436 35
436 406 36
406 376 4
376 346 22
346 316 24
316 286 10
286 256 15
256 226 72
226 196 48
196 166 188
166 136 44
136 106 41
106 76 7
76 46 45
46 16 13
856 886 46
857 827 8
827 797 65
797 767 23
767 737 10
737 707 89
707 677 13
677 647 28
647 617 37
617 587 22
587 557 16
557 527 3
527 497 7
497 467 15
467 437 35
437 407 36
407 377 4
377 347 22
347 317 24
317 287 10
287 257 15
257 227 72
227 197 48
197 167 188
167 137 44
137 107 41
107 77 7
77 47 45
47 17 13
857 887 46
858 828 8
828 798 65
798 768 23
768 738 10
738 708 89
708 678 13
678 648 28
648 618 37
618 588 22
588 558 16
558 528 3
528 498 7
498 468 15
468 438 35
438 408 36
408 378 4
378 348 22
348 318 24
318 288 10
288 258 15
258 228 72
228 198 48
198 168 188
168 138 44
138 108 41
108 78 7
78 48 45
48 18 13
858 888 46
859 829 8
829 799 65
799 769 23
769 739 10
739 709 89
709 679 13
679 649 28
649 619 37
619 589 22
589 559 16
559 529 3
529 499 7
499 469 15
469 439 35
439 409 36
409 379 4
379 349 22
349 319 24
319 289 10
289 259 15
259 229 72
229 199 48
199 169 188
169 139 44
139 109 41
109 79 7
79 49 45
49 19 13
859 889 46
860 830 8
830 800 65
800 770 23
770 740 10
740 710 89
710 680 13
680 650 28
650 620 37
620 590 22
590 560 16
560 530 3
530 500 7
500 470 15
470 440 35
440 410 36
410 380 4
380 350 22
350 320 24
320 290 10
290 260 15
260 230 72
230 200 48
200 170 188
170 140 44
140 110 41
110 80 7
80 50 45
50 20 13
860 890 46
861 831 8
831 801 65
801 771 23
771 741 10
741 711 89
711 681 13
681 651 28
651 621 37
621 591 22
591 561 16
561 531 3
531 501 7
501 471 15
471 441 35
441 411 36
411 381 4
381 351 22
351 321 24
321 291 10
291 261 15
261 231 72
231 201 48
201 171 188
171 141 44
141 111 41
111 81 7
81 51 45
51 21 13
861 891 46
862 832 8
832 802 65
802 772 23
772 742 10
742 712 89
712 682 13
682 652 28
652 622 37
622 592 22
592 562 16
562 532 3
532 502 7
502 472 15
472 442 35
442 412 36
412 382 4
382 352 22
352 322 24
322 292 10
292 262 15
262 232 72
232 202 48
202 172 188
172 142 44
142 112 41
112 82 7
82 52 45
52 22 13
862 892 46
863 833 8
833 803 65
803 773 23
773 743 10
743 713 89
713 683 13
683 653 28
653 623 37
623 593 22
593 563 16
563 533 3
533 503 7
503 473 15
473 443 35
443 413 36
413 383 4
383 353 22
353 323 24
323 293 10
293 263 15
263 233 72
233 203 48
203 173 188
173 143 44
143 113 41
113 83 7
83 53 45
53 23 13
863 893 46
864 834 8
834 804 65
804 774 23
774 744 10
744 714 89
714 684 13
684 654 28
654 624 37
624 594 22
594 564 16
564 534 3
534 504 7
504 474 15
474 444 35
444 414 36
414 384 4
384 354 22
354 324 24
324 294 10
294 264 15
264 234 72
234 204 48
204 174 188
174 144 44
144 114 41
114 84 7
84 54 45
54 24 13
864 894 46
865 835 8
835 805 65
805 775 23
775 745 10
745 715 89
715 685 13
685 655 28
655 625 37
625 595 22
595 565 16
565 535 3
535 505 7
505 475 15
475 445 35
445 415 36
415 385 4
385 355 22
355 325 24
325 295 10
295 265 15
265 235 72
235 205 48
205 175 188
175 145 44
145 115 41
115 85 7
85 55 45
55 25 13
865 895 46
866 836 8
836 806 65
806 776 23
776 746 10
746 716 89
716 686 13
686 656 28
656 626 37
626 596 22
596 566 16
566 536 3
536 506 7
506 476 15
476 446 35
446 416 36
416 386 4
386 356 22
356 326 24
326 296 10
296 266 15
266 236 72
236 206 48
206 176 188
176 146 44
146 116 41
116 86 7
86 56 45
56 26 13
866 896 46
867 837 8
837 807 65
807 777 23
777 747 10
747 717 89
717 687 13
687 657 28
657 627 37
627 597 22
597 567 16
567 537 3
537 507 7
507 477 15
477 447 35
447 417 36
417 387 4
387 357 22
357 327 24
327 297 10
297 267 15
267 237 72
237 207 48
207 177 188
177 147 44
147 117 41
117 87 7
87 57 45
57 27 13
867 897 46
868 838 8
838 808 65
808 778 23
778 748 10
748 718 89
718 688 13
688 658 28
658 628 37
628 598 22
598 568 16
568 538 3
538 508 7
508 478 15
478 448 35
448 418 36
418 388 4
388 358 22
358 328 24
328 298 10
298 268 15
268 238 72
238 208 48
208 178 188
178 148 44
148 118 41
118 88 7
88 58 45
58 28 13
868 898 46
869 839 8
839 809 65
809 779 23
779 749 10
749 719 89
719 689 13
689 659 28
659 629 37
629 599 22
599 569 16
569 539 3
539 509 7
509 479 15
479 449 35
449 419 36
419 389 4
389 359 22
359 329 24
329 299 10
299 269 15
269 239 72
239 209 48
209 179 188
179 149 44
149 119 41
119 89 7
89 59 45
59 29 13
869 899 46
870 840 8
879 849 46
849 819 8
819 789 65
789 759 23
759 729 10
729 699 89
699 669 13
669 639 28
639 609 37
609 579 22
579 549 16
549 519 3
519 489 7
489 459 15
459 429 35
429 399 36
399 369 4
369 339 22
339 309 24
309 279 10
279 249 15
249 219 72
219 189 48
189 159 188
159 129 44
129 99 41
99 69 7
69 39 45
39 9 13
878 848 46
848 818 8
818 788 65
788 758 23
758 728 10
728 698 89
698 668 13
668 638 28
638 608 37
608 578 22
578 548 16
548 518 3
518 488 7
488 458 15
458 428 35
428 398 36
398 368 4
368 338 22
338 308 24
308 278 10
278 248 15
248 218 72
218 188 48
188 158 188
158 128 44
128 98 41
98 68 7
68 38 45
38 8 13
877 847 46
847 817 8
817 787 65
787 757 23
757 727 10
727 697 89
697 667 13
667 637 28
637 607 37
607 577 22
577 547 16
547 517 3
517 487 7
487 457 15
457 427 35
427 397 36
397 367 4
367 337 22
337 307 24
307 277 10
277 247 15
247 217 72
217 187 48
187 157 188
157 127 44
127 97 41
97 67 7
67 37 45
37 7 13
876 846 46
846 816 8
816 786 65
786 756 23
756 726 10
726 696 89
696 666 13
666 636 28
636 606 37
606 576 22
576 546 16
546 516 3
516 486 7
486 456 15
456 426 35
426 396 36
396 366 4
366 336 22
336 306 24
306 276 10
276 246 15
246 216 72
216 186 48
186 156 188
156 126 44
126 96 41
96 66 7
66 36 45
36 6 13
875 845 46
845 815 8
815 785 65
785 755 23
755 725 10
725 695 89
695 665 13
665 635 28
635 605 37
605 575 22
575 545 16
545 515 3
515 485 7
485 455 15
455 425 35
425 395 36
395 365 4
365 335 22
335 305 24
305 275 10
275 245 15
245 215 72
215 185 48
185 155 188
155 125 44
125 95 41
95 65 7
65 35 45
35 5 13
874 844 46
844 814 8
814 784 65
784 754 23
754 724 10
724 694 89
694 664 13
664 634 28
634 604 37
604 574 22
574 544 16
544 514 3
514 484 7
484 454 15
454 424 35
424 394 36
394 364 4
364 334 22
334 304 24
304 274 10
274 244 15
244 214 72
214 184 48
184 154 188
154 124 44
124 94 41
94 64 7
64 34 45
34 4 13
873 843 46
843 813 8
813 783 65
783 753 23
753 723 10
723 693 89
693 663 13
663 633 28
633 603 37
603 573 22
573 543 16
543 513 3
513 483 7
483 453 15
453 423 35
423 393 36
393 363 4
363 333 22
333 303 24
303 273 10
273 243 15
243 213 72
213 183 48
183 153 188
153 123 44
123 93 41
93 63 7
63 33 45
33 3 13
872 842 46
842 812 8
812 782 65
782 752 23
752 722 10
722 692 89
692 662 13
662 632 28
632 602 37
602 572 22
572 542 16
542 512 3
512 482 7
482 452 15
452 422 35
422 392 36
392 362 4
362 332 22
332 302 24
302 272 10
272 242 15
242 212 72
212 182 48
182 152 188
152 122 44
122 92 41
92 62 7
62 32 45
32 2 13
810 780 23
750 720 89
690 660 28
630 600 22
570 540 3
510 480 15
450 420 36
390 360 22
330 300 10
270 240 72
210 180 188
150 120 41
90 60 45

REQUESTS

BLOCKAGES
542 512
304 303
251 250
250 280
787 786
741 740
605 604
78 48
449 419
168 169
178 148
885 886
451 452
367 366
365 364
678 648
79 78
432 431
189 159
29 28
234 204
865 835
711 712
483 453
239 240
439 438
695 696
74 73
354 324
42 43
199 169
369 339
862 861
412 382
850 880
43 13
786 756
491 490
550 549
93 63
41 42
701 671
500 499
516 486
161 162
50 51
721 751
396 366
460 490
670 669
728 698
745 715
278 248
194 193
866 896
538 508
783 782
791 790
298 268
260 259
144 114
703 673
259 229
679 649
861 860
456 457
45 15
690 660
384 354
338 339
668 638
624 623
91 92
462 463
756 726
173 143
579 580
75 74
445 415
57 27
88 58
434 404
853 883
502 472
337 338
187 186
891 892
367 337
661 691
119 120
345 346
723 693
221 191
143 142
402 403
399 369
818 819
510 480
499 498
89 59
401 402
87 86
159 160
779 780
431 401
279 280
218 219
527 528
646 616
110 111
145 144
737 707
476 477
826 827
53 54
77 47
845 815
130 160
897 898
414 415
565 564
467 468
797 796
713 683
8 7
184 183
521 491
67 37
763 733
853 823
819 789
307 277
803 773
645 615
887 888
351 352
839 840
131 101
86 56
417 387
623 593
487 486
611 610
447 446
834 804
712 713
804 774
393 394
546 545
290 260
582 583
754 755
762 763
566 536
803 802
719 689
547 517
94 95
131 130
867 866
603 573
685 655
318 317
734 733
221 222
49 19
801 771
4 3
462 432
525 526
567 566
478 448
35 36
291 292
230 200
565 535
106 76
65 64
377 376
860 859
815 785
667 637
737 736
410 411
576 546
601 571
264 234
472 442
142 141
512 513
862 832
508 507
573 574
695 665
114 84
223 193
567 537
321 291
797 767
430 460
391 392
225 195
310 340
58 59
539 509
184 154
177 147
807 806
102 72
463 433
587 557
312 282
528 529
346 316
67 66
475 476
381 351
572 542
626 596
593 594
644 645
390 389
635 636
790 820
693 663
274 275
253 252
869 899
64 34
744 714
724 694
198 168
556 555
730 729
520 550
318 288
18 17
808 778
295 296
717 718
618 588
134 104
545 515
422 421
761 762
802 801
395 396
87 57
876 877
599 569
863 893
818 788
195 165
662 632
374 373
115 116
513 514
781 811
126 125
37 38
373 372
409 379
417 418
383 353
82 52
465 466
698 699
696 666
387 386
858 828
253 223
829 830
587 588
303 273
517 487
69 39
182 181
296 297
501 471
397 398
256 255
620 590
760 761
608 578
824 825
684 654
428 427
330 300
557 527
636 637
772 742
449 448
842 841
314 313
681 651
93 94
157 158
455 425
258 257
752 753
66 36
39 40
372 342
549 548
444 414
704 705
305 275
628 598
200 199
673 672
785 784
274 244
277 278
208 178
162 163
753 723
808 807
406 407
806 776
663 633
640 641
504 503
33 34
392 362
340 341
269 239
602 572
534 535
619 618
266 265
123 122
823 793
149 119
140 110
438 408
772 773
174 175
615 614
606 576
874 875
647 648
633 634
677 676
580 581
374 344
148 147
680 679
90 60
205 204
642 612
582 552
768 769
207 177
493 492
410 380
699 700
739 738
429 428
656 626
589 559
69 68
175 145
378 377
133 103
519 520
603 602
117 118
489 459
206 205
770 771
738 708
111 112
196 166
864 894
465 435
747 717
136 106
103 73
434 433
800 770
334 304
441 440
596 597
282 252
614 584
764 734
796 766
146 116
812 813
657 627
311 281
591 592
457 427
127 97
287 257
677 647
425 424
140 139
214 215
474 475
100 101
689 659
382 352
293 294
219 220
376 375
685 684
189 188
107 108
298 299
757 727
766 736
82 81
52 53
403 404
137 107
453 423
730 760
800 799
152 122
226 227
191 190
71 41
399 400
739 709
155 125
236 206
594 595
329 328
288 289
667 666
607 577
498 497
365 335
163 133
11 10
522 492
313 312
385 384
419 389
183 182
61 31
84 54
787 757
322 321
538 539
642 643
834 835
505 504
358 359
522 523
489 488
643 613
306 305
577 578
500 470
386 385
241 211
828 829
217 187
273 243
209 179
139 109
537 507
109 79
268 267
850 849
320 290
847 846
544 543
224 225
261 231
379 378
856 826
165 135
784 754
266 236
872 842
262 261
529 530
254 224
687 686
845 844
349 350
656 657
411 381
227 228
249 248
584 554
185 155
533 503
327 297
634 604
226 196
243 242
459 429
816 817
364 363
6 5
202 201
324 294
555 554
651 652
848 847
639 640
506 505
405 375
56 26
166 167
442 441
782 752
839 809
322 292
705 706
532 533
45 46
80 50
619 589
617 616
245 244
332 333
574 544

TERMINALS
10
43
88
96
127
152
198
218
267
294
319
360
376
393
434
479
506
514
549
595
611
652
661
695
735
773
792
827
860
891

END
