INSTANCE_NAME r22.dat
NB_VERTICES 900
NB_ARCS 1740
NB_REQUESTS 0
NB_BLOCKAGES 522
NB_TERMINALS 30

VERTICES
1 0 0
2 0 0
3 0 0
4 0 0
5 0 0
6 0 0
7 0 0
8 0 0
9 0 0
10 0 0
11 0 0
12 0 0
13 0 0
14 0 0
15 0 0
16 0 0
17 0 0
18 0 0
19 0 0
20 0 0
21 0 0
22 0 0
23 0 0
24 0 0
25 0 0
26 0 0
27 0 0
28 0 0
29 0 0
30 0 0
31 0 0
32 0 0
33 0 0
34 0 0
35 0 0
36 0 0
37 0 0
38 0 0
39 0 0
40 0 0
41 0 0
42 0 0
43 0 0
44 0 0
45 0 0
46 0 0
47 0 0
48 0 0
49 0 0
50 0 0
51 0 0
52 0 0
53 0 0
54 0 0
55 0 0
56 0 0
57 0 0
58 0 0
59 0 0
60 0 0
61 0 0
62 0 0
63 0 0
64 0 0
65 0 0
66 0 0
67 0 0
68 0 0
69 0 0
70 0 0
71 0 0
72 0 0
73 0 0
74 0 0
75 0 0
76 0 0
77 0 0
78 0 0
79 0 0
80 0 0
81 0 0
82 0 0
83 0 0
84 0 0
85 0 0
86 0 0
87 0 0
88 0 0
89 0 0
90 0 0
91 0 0
92 0 0
93 0 0
94 0 0
95 0 0
96 0 0
97 0 0
98 0 0
99 0 0
100 0 0
101 0 0
102 0 0
103 0 0
104 0 0
105 0 0
106 0 0
107 0 0
108 0 0
109 0 0
110 0 0
111 0 0
112 0 0
113 0 0
114 0 0
115 0 0
116 0 0
117 0 0
118 0 0
119 0 0
120 0 0
121 0 0
122 0 0
123 0 0
124 0 0
125 0 0
126 0 0
127 0 0
128 0 0
129 0 0
130 0 0
131 0 0
132 0 0
133 0 0
134 0 0
135 0 0
136 0 0
137 0 0
138 0 0
139 0 0
140 0 0
141 0 0
142 0 0
143 0 0
144 0 0
145 0 0
146 0 0
147 0 0
148 0 0
149 0 0
150 0 0
151 0 0
152 0 0
153 0 0
154 0 0
155 0 0
156 0 0
157 0 0
158 0 0
159 0 0
160 0 0
161 0 0
162 0 0
163 0 0
164 0 0
165 0 0
166 0 0
167 0 0
168 0 0
169 0 0
170 0 0
171 0 0
172 0 0
173 0 0
174 0 0
175 0 0
176 0 0
177 0 0
178 0 0
179 0 0
180 0 0
181 0 0
182 0 0
183 0 0
184 0 0
185 0 0
186 0 0
187 0 0
188 0 0
189 0 0
190 0 0
191 0 0
192 0 0
193 0 0
194 0 0
195 0 0
196 0 0
197 0 0
198 0 0
199 0 0
200 0 0
201 0 0
202 0 0
203 0 0
204 0 0
205 0 0
206 0 0
207 0 0
208 0 0
209 0 0
210 0 0
211 0 0
212 0 0
213 0 0
214 0 0
215 0 0
216 0 0
217 0 0
218 0 0
219 0 0
220 0 0
221 0 0
222 0 0
223 0 0
224 0 0
225 0 0
226 0 0
227 0 0
228 0 0
229 0 0
230 0 0
231 0 0
232 0 0
233 0 0
234 0 0
235 0 0
236 0 0
237 0 0
238 0 0
239 0 0
240 0 0
241 0 0
242 0 0
243 0 0
244 0 0
245 0 0
246 0 0
247 0 0
248 0 0
249 0 0
250 0 0
251 0 0
252 0 0
253 0 0
254 0 0
255 0 0
256 0 0
257 0 0
258 0 0
259 0 0
260 0 0
261 0 0
262 0 0
263 0 0
264 0 0
265 0 0
266 0 0
267 0 0
268 0 0
269 0 0
270 0 0
271 0 0
272 0 0
273 0 0
274 0 0
275 0 0
276 0 0
277 0 0
278 0 0
279 0 0
280 0 0
281 0 0
282 0 0
283 0 0
284 0 0
285 0 0
286 0 0
287 0 0
288 0 0
289 0 0
290 0 0
291 0 0
292 0 0
293 0 0
294 0 0
295 0 0
296 0 0
297 0 0
298 0 0
299 0 0
300 0 0
301 0 0
302 0 0
303 0 0
304 0 0
305 0 0
306 0 0
307 0 0
308 0 0
309 0 0
310 0 0
311 0 0
312 0 0
313 0 0
314 0 0
315 0 0
316 0 0
317 0 0
318 0 0
319 0 0
320 0 0
321 0 0
322 0 0
323 0 0
324 0 0
325 0 0
326 0 0
327 0 0
328 0 0
329 0 0
330 0 0
331 0 0
332 0 0
333 0 0
334 0 0
335 0 0
336 0 0
337 0 0
338 0 0
339 0 0
340 0 0
341 0 0
342 0 0
343 0 0
344 0 0
345 0 0
346 0 0
347 0 0
348 0 0
349 0 0
350 0 0
351 0 0
352 0 0
353 0 0
354 0 0
355 0 0
356 0 0
357 0 0
358 0 0
359 0 0
360 0 0
361 0 0
362 0 0
363 0 0
364 0 0
365 0 0
366 0 0
367 0 0
368 0 0
369 0 0
370 0 0
371 0 0
372 0 0
373 0 0
374 0 0
375 0 0
376 0 0
377 0 0
378 0 0
379 0 0
380 0 0
381 0 0
382 0 0
383 0 0
384 0 0
385 0 0
386 0 0
387 0 0
388 0 0
389 0 0
390 0 0
391 0 0
392 0 0
393 0 0
394 0 0
395 0 0
396 0 0
397 0 0
398 0 0
399 0 0
400 0 0
401 0 0
402 0 0
403 0 0
404 0 0
405 0 0
406 0 0
407 0 0
408 0 0
409 0 0
410 0 0
411 0 0
412 0 0
413 0 0
414 0 0
415 0 0
416 0 0
417 0 0
418 0 0
419 0 0
420 0 0
421 0 0
422 0 0
423 0 0
424 0 0
425 0 0
426 0 0
427 0 0
428 0 0
429 0 0
430 0 0
431 0 0
432 0 0
433 0 0
434 0 0
435 0 0
436 0 0
437 0 0
438 0 0
439 0 0
440 0 0
441 0 0
442 0 0
443 0 0
444 0 0
445 0 0
446 0 0
447 0 0
448 0 0
449 0 0
450 0 0
451 0 0
452 0 0
453 0 0
454 0 0
455 0 0
456 0 0
457 0 0
458 0 0
459 0 0
460 0 0
461 0 0
462 0 0
463 0 0
464 0 0
465 0 0
466 0 0
467 0 0
468 0 0
469 0 0
470 0 0
471 0 0
472 0 0
473 0 0
474 0 0
475 0 0
476 0 0
477 0 0
478 0 0
479 0 0
480 0 0
481 0 0
482 0 0
483 0 0
484 0 0
485 0 0
486 0 0
487 0 0
488 0 0
489 0 0
490 0 0
491 0 0
492 0 0
493 0 0
494 0 0
495 0 0
496 0 0
497 0 0
498 0 0
499 0 0
500 0 0
501 0 0
502 0 0
503 0 0
504 0 0
505 0 0
506 0 0
507 0 0
508 0 0
509 0 0
510 0 0
511 0 0
512 0 0
513 0 0
514 0 0
515 0 0
516 0 0
517 0 0
518 0 0
519 0 0
520 0 0
521 0 0
522 0 0
523 0 0
524 0 0
525 0 0
526 0 0
527 0 0
528 0 0
529 0 0
530 0 0
531 0 0
532 0 0
533 0 0
534 0 0
535 0 0
536 0 0
537 0 0
538 0 0
539 0 0
540 0 0
541 0 0
542 0 0
543 0 0
544 0 0
545 0 0
546 0 0
547 0 0
548 0 0
549 0 0
550 0 0
551 0 0
552 0 0
553 0 0
554 0 0
555 0 0
556 0 0
557 0 0
558 0 0
559 0 0
560 0 0
561 0 0
562 0 0
563 0 0
564 0 0
565 0 0
566 0 0
567 0 0
568 0 0
569 0 0
570 0 0
571 0 0
572 0 0
573 0 0
574 0 0
575 0 0
576 0 0
577 0 0
578 0 0
579 0 0
580 0 0
581 0 0
582 0 0
583 0 0
584 0 0
585 0 0
586 0 0
587 0 0
588 0 0
589 0 0
590 0 0
591 0 0
592 0 0
593 0 0
594 0 0
595 0 0
596 0 0
597 0 0
598 0 0
599 0 0
600 0 0
601 0 0
602 0 0
603 0 0
604 0 0
605 0 0
606 0 0
607 0 0
608 0 0
609 0 0
610 0 0
611 0 0
612 0 0
613 0 0
614 0 0
615 0 0
616 0 0
617 0 0
618 0 0
619 0 0
620 0 0
621 0 0
622 0 0
623 0 0
624 0 0
625 0 0
626 0 0
627 0 0
628 0 0
629 0 0
630 0 0
631 0 0
632 0 0
633 0 0
634 0 0
635 0 0
636 0 0
637 0 0
638 0 0
639 0 0
640 0 0
641 0 0
642 0 0
643 0 0
644 0 0
645 0 0
646 0 0
647 0 0
648 0 0
649 0 0
650 0 0
651 0 0
652 0 0
653 0 0
654 0 0
655 0 0
656 0 0
657 0 0
658 0 0
659 0 0
660 0 0
661 0 0
662 0 0
663 0 0
664 0 0
665 0 0
666 0 0
667 0 0
668 0 0
669 0 0
670 0 0
671 0 0
672 0 0
673 0 0
674 0 0
675 0 0
676 0 0
677 0 0
678 0 0
679 0 0
680 0 0
681 0 0
682 0 0
683 0 0
684 0 0
685 0 0
686 0 0
687 0 0
688 0 0
689 0 0
690 0 0
691 0 0
692 0 0
693 0 0
694 0 0
695 0 0
696 0 0
697 0 0
698 0 0
699 0 0
700 0 0
701 0 0
702 0 0
703 0 0
704 0 0
705 0 0
706 0 0
707 0 0
708 0 0
709 0 0
710 0 0
711 0 0
712 0 0
713 0 0
714 0 0
715 0 0
716 0 0
717 0 0
718 0 0
719 0 0
720 0 0
721 0 0
722 0 0
723 0 0
724 0 0
725 0 0
726 0 0
727 0 0
728 0 0
729 0 0
730 0 0
731 0 0
732 0 0
733 0 0
734 0 0
735 0 0
736 0 0
737 0 0
738 0 0
739 0 0
740 0 0
741 0 0
742 0 0
743 0 0
744 0 0
745 0 0
746 0 0
747 0 0
748 0 0
749 0 0
750 0 0
751 0 0
752 0 0
753 0 0
754 0 0
755 0 0
756 0 0
757 0 0
758 0 0
759 0 0
760 0 0
761 0 0
762 0 0
763 0 0
764 0 0
765 0 0
766 0 0
767 0 0
768 0 0
769 0 0
770 0 0
771 0 0
772 0 0
773 0 0
774 0 0
775 0 0
776 0 0
777 0 0
778 0 0
779 0 0
780 0 0
781 0 0
782 0 0
783 0 0
784 0 0
785 0 0
786 0 0
787 0 0
788 0 0
789 0 0
790 0 0
791 0 0
792 0 0
793 0 0
794 0 0
795 0 0
796 0 0
797 0 0
798 0 0
799 0 0
800 0 0
801 0 0
802 0 0
803 0 0
804 0 0
805 0 0
806 0 0
807 0 0
808 0 0
809 0 0
810 0 0
811 0 0
812 0 0
813 0 0
814 0 0
815 0 0
816 0 0
817 0 0
818 0 0
819 0 0
820 0 0
821 0 0
822 0 0
823 0 0
824 0 0
825 0 0
826 0 0
827 0 0
828 0 0
829 0 0
830 0 0
831 0 0
832 0 0
833 0 0
834 0 0
835 0 0
836 0 0
837 0 0
838 0 0
839 0 0
840 0 0
841 0 0
842 0 0
843 0 0
844 0 0
845 0 0
846 0 0
847 0 0
848 0 0
849 0 0
850 0 0
851 0 0
852 0 0
853 0 0
854 0 0
855 0 0
856 0 0
857 0 0
858 0 0
859 0 0
860 0 0
861 0 0
862 0 0
863 0 0
864 0 0
865 0 0
866 0 0
867 0 0
868 0 0
869 0 0
870 0 0
871 0 0
872 0 0
873 0 0
874 0 0
875 0 0
876 0 0
877 0 0
878 0 0
879 0 0
880 0 0
881 0 0
882 0 0
883 0 0
884 0 0
885 0 0
886 0 0
887 0 0
888 0 0
889 0 0
890 0 0
891 0 0
892 0 0
893 0 0
894 0 0
895 0 0
896 0 0
897 0 0
898 0 0
899 0 0
900 0 0

ARCS
14 13 36
13 12 17
12 11 24
11 10 13
10 9 60
9 8 24
8 7 30
7 6 49
6 5 50
5 4 10
4 3 27
3 2 14
2 1 14
1 31 124
31 32 14
32 33 14
33 34 27
34 35 10
35 36 50
36 37 49
37 38 30
38 39 24
39 40 60
40 41 13
41 42 24
42 43 17
43 44 36
44 45 5
45 46 13
46 47 11
47 48 13
48 49 61
49 50 32
50 51 53
51 52 43
52 53 3
53 54 35
54 55 20
55 56 92
56 57 50
57 58 3
58 59 65
59 60 104
60 30 124
30 29 104
29 28 65
28 27 3
27 26 50
26 25 92
25 24 20
24 23 35
23 22 3
22 21 43
21 20 53
20 19 32
19 18 61
18 17 13
17 16 11
16 15 13
15 14 5
14 44 124
44 74 11
74 73 36
73 72 17
72 71 24
71 70 13
70 69 60
69 68 24
68 67 30
67 66 49
66 65 50
65 64 10
64 63 27
63 62 14
62 61 14
61 31 11
61 91 5
91 92 14
92 93 14
93 94 27
94 95 10
95 96 50
96 97 49
97 98 30
98 99 24
99 100 60
100 101 13
101 102 24
102 103 17
103 104 36
104 105 5
105 106 13
106 107 11
107 108 13
108 109 61
109 110 32
110 111 53
111 112 43
112 113 3
113 114 35
114 115 20
115 116 92
116 117 50
117 118 3
118 119 65
119 120 104
120 90 5
90 89 104
89 88 65
88 87 3
87 86 50
86 85 92
85 84 20
84 83 35
83 82 3
82 81 43
81 80 53
80 79 32
79 78 61
78 77 13
77 76 11
76 75 13
75 74 5
74 104 5
104 134 107
134 133 36
133 132 17
132 131 24
131 130 13
130 129 60
129 128 24
128 127 30
127 126 49
126 125 50
125 124 10
124 123 27
123 122 14
122 121 14
121 91 107
121 151 32
151 152 14
152 153 14
153 154 27
154 155 10
155 156 50
156 157 49
157 158 30
158 159 24
159 160 60
160 161 13
161 162 24
162 163 17
163 164 36
164 165 5
165 166 13
166 167 11
167 168 13
168 169 61
169 170 32
170 171 53
171 172 43
172 173 3
173 174 35
174 175 20
175 176 92
176 177 50
177 178 3
178 179 65
179 180 104
180 150 32
150 149 104
149 148 65
148 147 3
147 146 50
146 145 92
145 144 20
144 143 35
143 142 3
142 141 43
141 140 53
140 139 32
139 138 61
138 137 13
137 136 11
136 135 13
135 134 5
134 164 32
164 194 2
194 193 36
193 192 17
192 191 24
191 190 13
190 189 60
189 188 24
188 187 30
187 186 49
186 185 50
185 184 10
184 183 27
183 182 14
182 181 14
181 151 2
181 211 61
211 212 14
212 213 14
213 214 27
214 215 10
215 216 50
216 217 49
217 218 30
218 219 24
219 220 60
220 221 13
221 222 24
222 223 17
223 224 36
224 225 5
225 226 13
226 227 11
227 228 13
228 229 61
229 230 32
230 231 53
231 232 43
232 233 3
233 234 35
234 235 20
235 236 92
236 237 50
237 238 3
238 239 65
239 240 104
240 210 61
210 209 104
209 208 65
208 207 3
207 206 50
206 205 92
205 204 20
204 203 35
203 202 3
202 201 43
201 200 53
200 199 32
199 198 61
198 197 13
197 196 11
196 195 13
195 194 5
194 224 61
224 254 73
254 253 36
253 252 17
252 251 24
251 250 13
250 249 60
249 248 24
248 247 30
247 246 49
246 245 50
245 244 10
244 243 27
243 242 14
242 241 14
241 211 73
241 271 17
271 272 14
272 273 14
273 274 27
274 275 10
275 276 50
276 277 49
277 278 30
278 279 24
279 280 60
280 281 13
281 282 24
282 283 17
283 284 36
284 285 5
285 286 13
286 287 11
287 288 13
288 289 61
289 290 32
290 291 53
291 292 43
292 293 3
293 294 35
294 295 20
295 296 92
296 297 50
297 298 3
298 299 65
299 300 104
300 270 17
270 269 104
269 268 65
268 267 3
267 266 50
266 265 92
265 264 20
264 263 35
263 262 3
262 261 43
261 260 53
260 259 32
259 258 61
258 257 13
257 256 11
256 255 13
255 254 5
254 284 17
284 314 5
314 313 36
313 312 17
312 311 24
311 310 13
310 309 60
309 308 24
308 307 30
307 306 49
306 305 50
305 304 10
304 303 27
303 302 14
302 301 14
301 271 5
301 331 37
331 332 14
332 333 14
333 334 27
334 335 10
335 336 50
336 337 49
337 338 30
338 339 24
339 340 60
340 341 13
341 342 24
342 343 17
343 344 36
344 345 5
345 346 13
346 347 11
347 348 13
348 349 61
349 350 32
350 351 53
351 352 43
352 353 3
353 354 35
354 355 20
355 356 92
356 357 50
357 358 3
358 359 65
359 360 104
360 330 37
330 329 104
329 328 65
328 327 3
327 326 50
326 325 92
325 324 20
324 323 35
323 322 3
322 321 43
321 320 53
320 319 32
319 318 61
318 317 13
317 316 11
316 315 13
315 314 5
314 344 37
344 374 12
374 373 36
373 372 17
372 371 24
371 370 13
370 369 60
369 368 24
368 367 30
367 366 49
366 365 50
365 364 10
364 363 27
363 362 14
362 361 14
361 331 12
361 391 1
391 392 14
392 393 14
393 394 27
394 395 10
395 396 50
396 397 49
397 398 30
398 399 24
399 400 60
400 401 13
401 402 24
402 403 17
403 404 36
404 405 5
405 406 13
406 407 11
407 408 13
408 409 61
409 410 32
410 411 53
411 412 43
412 413 3
413 414 35
414 415 20
415 416 92
416 417 50
417 418 3
418 419 65
419 420 104
420 390 1
390 389 104
389 388 65
388 387 3
387 386 50
386 385 92
385 384 20
384 383 35
383 382 3
382 381 43
381 380 53
380 379 32
379 378 61
378 377 13
377 376 11
376 375 13
375 374 5
374 404 1
404 434 19
434 433 36
433 432 17
432 431 24
431 430 13
430 429 60
429 428 24
428 427 30
427 426 49
426 425 50
425 424 10
424 423 27
423 422 14
422 421 14
421 391 19
421 451 37
451 452 14
452 453 14
453 454 27
454 455 10
455 456 50
456 457 49
457 458 30
458 459 24
459 460 60
460 461 13
461 462 24
462 463 17
463 464 36
464 465 5
465 466 13
466 467 11
467 468 13
468 469 61
469 470 32
470 471 53
471 472 43
472 473 3
473 474 35
474 475 20
475 476 92
476 477 50
477 478 3
478 479 65
479 480 104
480 450 37
450 449 104
449 448 65
448 447 3
447 446 50
446 445 92
445 444 20
444 443 35
443 442 3
442 441 43
441 440 53
440 439 32
439 438 61
438 437 13
437 436 11
436 435 13
435 434 5
434 464 37
464 494 24
494 493 36
493 492 17
492 491 24
491 490 13
490 489 60
489 488 24
488 487 30
487 486 49
486 485 50
485 484 10
484 483 27
483 482 14
482 481 14
481 451 24
481 511 23
511 512 14
512 513 14
513 514 27
514 515 10
515 516 50
516 517 49
517 518 30
518 519 24
519 520 60
520 521 13
521 522 24
522 523 17
523 524 36
524 525 5
525 526 13
526 527 11
527 528 13
528 529 61
529 530 32
530 531 53
531 532 43
532 533 3
533 534 35
534 535 20
535 536 92
536 537 50
537 538 3
538 539 65
539 540 104
540 510 23
510 509 104
509 508 65
508 507 3
507 506 50
506 505 92
505 504 20
504 503 35
503 502 3
502 501 43
501 500 53
500 499 32
499 498 61
498 497 13
497 496 11
496 495 13
495 494 5
494 524 23
524 554 90
554 553 36
553 552 17
552 551 24
551 550 13
550 549 60
549 548 24
548 547 30
547 546 49
546 545 50
545 544 10
544 543 27
543 542 14
542 541 14
541 511 90
541 571 12
571 572 14
572 573 14
573 574 27
574 575 10
575 576 50
576 577 49
577 578 30
578 579 24
579 580 60
580 581 13
581 582 24
582 583 17
583 584 36
584 585 5
585 586 13
586 587 11
587 588 13
588 589 61
589 590 32
590 591 53
591 592 43
592 593 3
593 594 35
594 595 20
595 596 92
596 597 50
597 598 3
598 599 65
599 600 104
600 570 12
570 569 104
569 568 65
568 567 3
567 566 50
566 565 92
565 564 20
564 563 35
563 562 3
562 561 43
561 560 53
560 559 32
559 558 61
558 557 13
557 556 11
556 555 13
555 554 5
554 584 12
584 614 67
614 613 36
613 612 17
612 611 24
611 610 13
610 609 60
609 608 24
608 607 30
607 606 49
606 605 50
605 604 10
604 603 27
603 602 14
602 601 14
601 571 67
601 631 1
631 632 14
632 633 14
633 634 27
634 635 10
635 636 50
636 637 49
637 638 30
638 639 24
639 640 60
640 641 13
641 642 24
642 643 17
643 644 36
644 645 5
645 646 13
646 647 11
647 648 13
648 649 61
649 650 32
650 651 53
651 652 43
652 653 3
653 654 35
654 655 20
655 656 92
656 657 50
657 658 3
658 659 65
659 660 104
660 630 1
630 629 104
629 628 65
628 627 3
627 626 50
626 625 92
625 624 20
624 623 35
623 622 3
622 621 43
621 620 53
620 619 32
619 618 61
618 617 13
617 616 11
616 615 13
615 614 5
614 644 1
644 674 30
674 673 36
673 672 17
672 671 24
671 670 13
670 669 60
669 668 24
668 667 30
667 666 49
666 665 50
665 664 10
664 663 27
663 662 14
662 661 14
661 631 30
661 691 28
691 692 14
692 693 14
693 694 27
694 695 10
695 696 50
696 697 49
697 698 30
698 699 24
699 700 60
700 701 13
701 702 24
702 703 17
703 704 36
704 705 5
705 706 13
706 707 11
707 708 13
708 709 61
709 710 32
710 711 53
711 712 43
712 713 3
713 714 35
714 715 20
715 716 92
716 717 50
717 718 3
718 719 65
719 720 104
720 690 28
690 689 104
689 688 65
688 687 3
687 686 50
686 685 92
685 684 20
684 683 35
683 682 3
682 681 43
681 680 53
680 679 32
679 678 61
678 677 13
677 676 11
676 675 13
675 674 5
674 704 28
704 734 31
734 733 36
733 732 17
732 731 24
731 730 13
730 729 60
729 728 24
728 727 30
727 726 49
726 725 50
725 724 10
724 723 27
723 722 14
722 721 14
721 691 31
721 751 10
751 752 14
752 753 14
753 754 27
754 755 10
755 756 50
756 757 49
757 758 30
758 759 24
759 760 60
760 761 13
761 762 24
762 763 17
763 764 36
764 765 5
765 766 13
766 767 11
767 768 13
768 769 61
769 770 32
770 771 53
771 772 43
772 773 3
773 774 35
774 775 20
775 776 92
776 777 50
777 778 3
778 779 65
779 780 104
780 750 10
750 749 104
749 748 65
748 747 3
747 746 50
746 745 92
745 744 20
744 743 35
743 742 3
742 741 43
741 740 53
740 739 32
739 738 61
738 737 13
737 736 11
736 735 13
735 734 5
734 764 10
764 794 26
794 793 36
793 792 17
792 791 24
791 790 13
790 789 60
789 788 24
788 787 30
787 786 49
786 785 50
785 784 10
784 783 27
783 782 14
782 781 14
781 751 26
781 811 22
811 812 14
812 813 14
813 814 27
814 815 10
815 816 50
816 817 49
817 818 30
818 819 24
819 820 60
820 821 13
821 822 24
822 823 17
823 824 36
824 825 5
825 826 13
826 827 11
827 828 13
828 829 61
829 830 32
830 831 53
831 832 43
832 833 3
833 834 35
834 835 20
835 836 92
836 837 50
837 838 3
838 839 65
839 840 104
840 810 22
810 809 104
809 808 65
808 807 3
807 806 50
806 805 92
805 804 20
804 803 35
803 802 3
802 801 43
801 800 53
800 799 32
799 798 61
798 797 13
797 796 11
796 795 13
795 794 5
794 824 22
824 854 22
854 853 36
853 852 17
852 851 24
851 850 13
850 849 60
849 848 24
848 847 30
847 846 49
846 845 50
845 844 10
844 843 27
843 842 14
842 841 14
841 811 22
841 871 1
871 872 14
872 873 14
873 874 27
874 875 10
875 876 50
876 877 49
877 878 30
878 879 24
879 880 60
880 881 13
881 882 24
882 883 17
883 884 36
884 885 5
885 886 13
886 887 11
887 888 13
888 889 61
889 890 32
890 891 53
891 892 43
892 893 3
893 894 35
894 895 20
895 896 92
896 897 50
897 898 3
898 899 65
899 900 104
900 870 1
870 869 104
869 868 65
868 867 3
867 866 50
866 865 92
865 864 20
864 863 35
863 862 3
862 861 43
861 860 53
860 859 32
859 858 61
858 857 13
857 856 11
856 855 13
855 854 5
854 884 1
855 825 22
825 795 22
795 765 26
765 735 10
735 705 31
705 675 28
675 645 30
645 615 1
615 585 67
585 555 12
555 525 90
525 495 23
495 465 24
465 435 37
435 405 19
405 375 1
375 345 12
345 315 37
315 285 5
285 255 17
255 225 73
225 195 61
195 165 2
165 135 32
135 105 107
105 75 5
75 45 11
45 15 124
855 885 1
856 826 22
826 796 22
796 766 26
766 736 10
736 706 31
706 676 28
676 646 30
646 616 1
616 586 67
586 556 12
556 526 90
526 496 23
496 466 24
466 436 37
436 406 19
406 376 1
376 346 12
346 316 37
316 286 5
286 256 17
256 226 73
226 196 61
196 166 2
166 136 32
136 106 107
106 76 5
76 46 11
46 16 124
856 886 1
857 827 22
827 797 22
797 767 26
767 737 10
737 707 31
707 677 28
677 647 30
647 617 1
617 587 67
587 557 12
557 527 90
527 497 23
497 467 24
467 437 37
437 407 19
407 377 1
377 347 12
347 317 37
317 287 5
287 257 17
257 227 73
227 197 61
197 167 2
167 137 32
137 107 107
107 77 5
77 47 11
47 17 124
857 887 1
858 828 22
828 798 22
798 768 26
768 738 10
738 708 31
708 678 28
678 648 30
648 618 1
618 588 67
588 558 12
558 528 90
528 498 23
498 468 24
468 438 37
438 408 19
408 378 1
378 348 12
348 318 37
318 288 5
288 258 17
258 228 73
228 198 61
198 168 2
168 138 32
138 108 107
108 78 5
78 48 11
48 18 124
858 888 1
859 829 22
829 799 22
799 769 26
769 739 10
739 709 31
709 679 28
679 649 30
649 619 1
619 589 67
589 559 12
559 529 90
529 499 23
499 469 24
469 439 37
439 409 19
409 379 1
379 349 12
349 319 37
319 289 5
289 259 17
259 229 73
229 199 61
199 169 2
169 139 32
139 109 107
109 79 5
79 49 11
49 19 124
859 889 1
860 830 22
830 800 22
800 770 26
770 740 10
740 710 31
710 680 28
680 650 30
650 620 1
620 590 67
590 560 12
560 530 90
530 500 23
500 470 24
470 440 37
440 410 19
410 380 1
380 350 12
350 320 37
320 290 5
290 260 17
260 230 73
230 200 61
200 170 2
170 140 32
140 110 107
110 80 5
80 50 11
50 20 124
860 890 1
861 831 22
831 801 22
801 771 26
771 741 10
741 711 31
711 681 28
681 651 30
651 621 1
621 591 67
591 561 12
561 531 90
531 501 23
501 471 24
471 441 37
441 411 19
411 381 1
381 351 12
351 321 37
321 291 5
291 261 17
261 231 73
231 201 61
201 171 2
171 141 32
141 111 107
111 81 5
81 51 11
51 21 124
861 891 1
862 832 22
832 802 22
802 772 26
772 742 10
742 712 31
712 682 28
682 652 30
652 622 1
622 592 67
592 562 12
562 532 90
532 502 23
502 472 24
472 442 37
442 412 19
412 382 1
382 352 12
352 322 37
322 292 5
292 262 17
262 232 73
232 202 61
202 172 2
172 142 32
142 112 107
112 82 5
82 52 11
52 22 124
862 892 1
863 833 22
833 803 22
803 773 26
773 743 10
743 713 31
713 683 28
683 653 30
653 623 1
623 593 67
593 563 12
563 533 90
533 503 23
503 473 24
473 443 37
443 413 19
413 383 1
383 353 12
353 323 37
323 293 5
293 263 17
263 233 73
233 203 61
203 173 2
173 143 32
143 113 107
113 83 5
83 53 11
53 23 124
863 893 1
864 834 22
834 804 22
804 774 26
774 744 10
744 714 31
714 684 28
684 654 30
654 624 1
624 594 67
594 564 12
564 534 90
534 504 23
504 474 24
474 444 37
444 414 19
414 384 1
384 354 12
354 324 37
324 294 5
294 264 17
264 234 73
234 204 61
204 174 2
174 144 32
144 114 107
114 84 5
84 54 11
54 24 124
864 894 1
865 835 22
835 805 22
805 775 26
775 745 10
745 715 31
715 685 28
685 655 30
655 625 1
625 595 67
595 565 12
565 535 90
535 505 23
505 475 24
475 445 37
445 415 19
415 385 1
385 355 12
355 325 37
325 295 5
295 265 17
265 235 73
235 205 61
205 175 2
175 145 32
145 115 107
115 85 5
85 55 11
55 25 124
865 895 1
866 836 22
836 806 22
806 776 26
776 746 10
746 716 31
716 686 28
686 656 30
656 626 1
626 596 67
596 566 12
566 536 90
536 506 23
506 476 24
476 446 37
446 416 19
416 386 1
386 356 12
356 326 37
326 296 5
296 266 17
266 236 73
236 206 61
206 176 2
176 146 32
146 116 107
116 86 5
86 56 11
56 26 124
866 896 1
867 837 22
837 807 22
807 777 26
777 747 10
747 717 31
717 687 28
687 657 30
657 627 1
627 597 67
597 567 12
567 537 90
537 507 23
507 477 24
477 447 37
447 417 19
417 387 1
387 357 12
357 327 37
327 297 5
297 267 17
267 237 73
237 207 61
207 177 2
177 147 32
147 117 107
117 87 5
87 57 11
57 27 124
867 897 1
868 838 22
838 808 22
808 778 26
778 748 10
748 718 31
718 688 28
688 658 30
658 628 1
628 598 67
598 568 12
568 538 90
538 508 23
508 478 24
478 448 37
448 418 19
418 388 1
388 358 12
358 328 37
328 298 5
298 268 17
268 238 73
238 208 61
208 178 2
178 148 32
148 118 107
118 88 5
88 58 11
58 28 124
868 898 1
869 839 22
839 809 22
809 779 26
779 749 10
749 719 31
719 689 28
689 659 30
659 629 1
629 599 67
599 569 12
569 539 90
539 509 23
509 479 24
479 449 37
449 419 19
419 389 1
389 359 12
359 329 37
329 299 5
299 269 17
269 239 73
239 209 61
209 179 2
179 149 32
149 119 107
119 89 5
89 59 11
59 29 124
869 899 1
870 840 22
883 853 1
853 823 22
823 793 22
793 763 26
763 733 10
733 703 31
703 673 28
673 643 30
643 613 1
613 583 67
583 553 12
553 523 90
523 493 23
493 463 24
463 433 37
433 403 19
403 373 1
373 343 12
343 313 37
313 283 5
283 253 17
253 223 73
223 193 61
193 163 2
163 133 32
133 103 107
103 73 5
73 43 11
43 13 124
882 852 1
852 822 22
822 792 22
792 762 26
762 732 10
732 702 31
702 672 28
672 642 30
642 612 1
612 582 67
582 552 12
552 522 90
522 492 23
492 462 24
462 432 37
432 402 19
402 372 1
372 342 12
342 312 37
312 282 5
282 252 17
252 222 73
222 192 61
192 162 2
162 132 32
132 102 107
102 72 5
72 42 11
42 12 124
881 851 1
851 821 22
821 791 22
791 761 26
761 731 10
731 701 31
701 671 28
671 641 30
641 611 1
611 581 67
581 551 12
551 521 90
521 491 23
491 461 24
461 431 37
431 401 19
401 371 1
371 341 12
341 311 37
311 281 5
281 251 17
251 221 73
221 191 61
191 161 2
161 131 32
131 101 107
101 71 5
71 41 11
41 11 124
880 850 1
850 820 22
820 790 22
790 760 26
760 730 10
730 700 31
700 670 28
670 640 30
640 610 1
610 580 67
580 550 12
550 520 90
520 490 23
490 460 24
460 430 37
430 400 19
400 370 1
370 340 12
340 310 37
310 280 5
280 250 17
250 220 73
220 190 61
190 160 2
160 130 32
130 100 107
100 70 5
70 40 11
40 10 124
879 849 1
849 819 22
819 789 22
789 759 26
759 729 10
729 699 31
699 669 28
669 639 30
639 609 1
609 579 67
579 549 12
549 519 90
519 489 23
489 459 24
459 429 37
429 399 19
399 369 1
369 339 12
339 309 37
309 279 5
279 249 17
249 219 73
219 189 61
189 159 2
159 129 32
129 99 107
99 69 5
69 39 11
39 9 124
878 848 1
848 818 22
818 788 22
788 758 26
758 728 10
728 698 31
698 668 28
668 638 30
638 608 1
608 578 67
578 548 12
548 518 90
518 488 23
488 458 24
458 428 37
428 398 19
398 368 1
368 338 12
338 308 37
308 278 5
278 248 17
248 218 73
218 188 61
188 158 2
158 128 32
128 98 107
98 68 5
68 38 11
38 8 124
877 847 1
847 817 22
817 787 22
787 757 26
757 727 10
727 697 31
697 667 28
667 637 30
637 607 1
607 577 67
577 547 12
547 517 90
517 487 23
487 457 24
457 427 37
427 397 19
397 367 1
367 337 12
337 307 37
307 277 5
277 247 17
247 217 73
217 187 61
187 157 2
157 127 32
127 97 107
97 67 5
67 37 11
37 7 124
876 846 1
846 816 22
816 786 22
786 756 26
756 726 10
726 696 31
696 666 28
666 636 30
636 606 1
606 576 67
576 546 12
546 516 90
516 486 23
486 456 24
456 426 37
426 396 19
396 366 1
366 336 12
336 306 37
306 276 5
276 246 17
246 216 73
216 186 61
186 156 2
156 126 32
126 96 107
96 66 5
66 36 11
36 6 124
875 845 1
845 815 22
815 785 22
785 755 26
755 725 10
725 695 31
695 665 28
665 635 30
635 605 1
605 575 67
575 545 12
545 515 90
515 485 23
485 455 24
455 425 37
425 395 19
395 365 1
365 335 12
335 305 37
305 275 5
275 245 17
245 215 73
215 185 61
185 155 2
155 125 32
125 95 107
95 65 5
65 35 11
35 5 124
874 844 1
844 814 22
814 784 22
784 754 26
754 724 10
724 694 31
694 664 28
664 634 30
634 604 1
604 574 67
574 544 12
544 514 90
514 484 23
484 454 24
454 424 37
424 394 19
394 364 1
364 334 12
334 304 37
304 274 5
274 244 17
244 214 73
214 184 61
184 154 2
154 124 32
124 94 107
94 64 5
64 34 11
34 4 124
873 843 1
843 813 22
813 783 22
783 753 26
753 723 10
723 693 31
693 663 28
663 633 30
633 603 1
603 573 67
573 543 12
543 513 90
513 483 23
483 453 24
453 423 37
423 393 19
393 363 1
363 333 12
333 303 37
303 273 5
273 243 17
243 213 73
213 183 61
183 153 2
153 123 32
123 93 107
93 63 5
63 33 11
33 3 124
872 842 1
842 812 22
812 782 22
782 752 26
752 722 10
722 692 31
692 662 28
662 632 30
632 602 1
602 572 67
572 542 12
542 512 90
512 482 23
482 452 24
452 422 37
422 392 19
392 362 1
362 332 12
332 302 37
302 272 5
272 242 17
242 212 73
212 182 61
182 152 2
152 122 32
122 92 107
92 62 5
62 32 11
32 2 124
810 780 26
750 720 31
690 660 30
630 600 67
570 540 90
510 480 24
450 420 19
390 360 12
330 300 5
270 240 73
210 180 2
150 120 107
90 60 11

REQUESTS

BLOCKAGES
542 512
308 307
255 254
254 284
791 790
745 744
609 608
82 52
490 460
164 165
221 191
881 882
423 422
371 370
369 368
682 652
83 82
436 435
189 159
58 59
238 208
869 839
707 708
483 453
235 236
56 57
421 451
799 798
248 247
256 255
248 218
868 867
864 863
386 356
825 795
858 828
786 756
143 113
855 885
340 341
517 518
136 135
859 889
797 767
388 358
615 614
484 454
357 358
142 112
223 193
775 745
5 4
567 537
103 73
276 246
317 316
397 398
66 65
25 24
724 694
322 321
414 415
288 258
476 477
167 168
863 862
250 249
78 77
783 753
638 608
591 592
819 789
658 628
774 744
245 244
617 587
323 322
56 26
109 110
498 497
530 500
18 17
285 286
192 162
543 513
536 506
817 787
509 508
344 345
780 750
652 622
23 22
504 474
456 457
40 41
753 723
79 49
90 60
221 222
42 12
257 256
518 488
74 104
170 140
383 382
228 198
234 204
178 179
862 892
110 111
147 146
741 711
450 449
821 822
48 49
81 51
36 6
194 193
573 543
604 574
791 761
799 769
654 624
699 700
438 408
415 416
623 622
763 733
174 144
240 210
538 539
15 14
697 667
223 224
350 351
785 755
514 484
417 418
535 536
185 184
187 186
606 576
459 460
446 445
535 505
627 597
571 572
541 511
739 709
695 696
709 679
192 191
609 579
562 532
758 728
654 655
226 227
406 376
713 683
502 472
104 105
748 747
325 295
716 686
576 546
645 646
88 58
98 68
502 501
784 754
329 328
213 214
808 778
438 437
463 464
416 417
159 160
339 309
684 683
701 671
656 657
46 16
873 874
820 790
672 671
555 525
520 521
482 481
507 506
235 205
669 639
521 522
458 428
312 311
667 637
605 575
215 185
666 636
720 690
569 568
394 364
728 727
574 575
378 377
33 34
677 647
233 203
425 424
432 402
188 158
112 113
201 171
199 169
452 422
71 41
168 169
797 796
613 583
231 232
95 65
347 348
705 675
292 262
554 584
550 520
437 436
144 143
299 269
375 345
552 551
743 742
578 579
301 331
858 888
735 705
343 313
384 354
241 271
589 590
363 333
649 619
262 232
648 649
278 279
349 319
389 359
730 700
513 514
441 411
655 656
732 702
85 84
244 214
568 567
440 410
580 550
565 564
182 152
464 494
243 242
399 369
123 122
353 323
747 717
668 638
34 35
129 99
204 203
64 63
178 148
868 838
829 830
275 245
86 85
356 326
834 835
783 782
379 349
250 220
648 618
781 811
564 563
227 228
857 887
510 480
187 157
676 646
657 658
782 752
404 405
711 681
831 801
488 458
856 826
31 32
647 617
672 642
105 75
283 284
734 733
124 123
547 517
109 79
810 809
644 674
701 702
636 606
328 298
177 147
426 396
332 333
823 824
346 316
238 239
761 762
125 124
748 718
491 461
388 387
339 340
264 234
777 778
413 383
429 399
519 489
385 355
846 816
306 276
309 279
291 292
505 475
453 423
338 308
494 493
712 682
763 764
166 167
397 367
547 546
305 304
376 375
426 425
680 679
75 45
751 752
372 371
615 585
696 666
314 344
447 446
530 531
225 195
770 771
431 430
577 578
321 320
499 498
294 295
184 154
861 891
324 294
878 848
374 404
486 485
824 854
698 668
54 55
272 242
32 2
846 845
715 716
261 231
150 149
788 787
430 429
847 817
69 68
390 389
247 217
212 213
803 802
650 651
393 363
469 439
794 793
601 631
689 688
289 290
33 3
97 98
134 133
96 66
9 8
141 140
812 813
133 132
806 805
848 847
556 555
584 614
347 317
595 565
776 746
872 842
119 89
839 809
11 10
454 424
827 828
854 884
43 13
765 735
170 171
378 348
680 650
61 91
325 324
409 410
457 427
693 694
626 625
311 310
411 381
146 145
572 573
239 209
814 815
607 577
151 152
319 289
342 312
708 678
621 591
529 499
723 722
537 507
183 182
620 590
260 230
131 101
206 205
418 419
805 804
838 808
802 772
603 602
593 563
493 463
281 251
528 529
713 714
526 496
822 792
604 603
861 860
714 684
643 613
265 264
194 224
524 525
835 836
726 725
801 800
769 770
673 643
434 433
84 54
853 823
77 47
531 501
764 794
304 303
81 80
732 731
830 831
315 285
725 695
731 730
368 338
632 633
749 719
165 135
359 329
867 897
106 76
589 559
42 43
492 491
677 676
850 849
582 552
522 492
759 760
44 74
556 526
162 132
360 330
122 92
610 580
581 551
495 465
220 190
630 629
396 366
587 588
380 379
585 586
433 403
737 736
78 48
773 774
533 534
776 777
236 206
400 370
832 833
766 736
740 739
693 663
496 466
440 439
582 583

TERMINALS
14
39
87
98
137
162
191
239
266
271
305
340
381
410
439
480
483
525
556
576
607
632
684
694
733
768
808
833
865
892

END
