INSTANCE_NAME r24.dat
NB_VERTICES 900
NB_ARCS 1740
NB_REQUESTS 0
NB_BLOCKAGES 522
NB_TERMINALS 30

VERTICES
1 0 0
2 0 0
3 0 0
4 0 0
5 0 0
6 0 0
7 0 0
8 0 0
9 0 0
10 0 0
11 0 0
12 0 0
13 0 0
14 0 0
15 0 0
16 0 0
17 0 0
18 0 0
19 0 0
20 0 0
21 0 0
22 0 0
23 0 0
24 0 0
25 0 0
26 0 0
27 0 0
28 0 0
29 0 0
30 0 0
31 0 0
32 0 0
33 0 0
34 0 0
35 0 0
36 0 0
37 0 0
38 0 0
39 0 0
40 0 0
41 0 0
42 0 0
43 0 0
44 0 0
45 0 0
46 0 0
47 0 0
48 0 0
49 0 0
50 0 0
51 0 0
52 0 0
53 0 0
54 0 0
55 0 0
56 0 0
57 0 0
58 0 0
59 0 0
60 0 0
61 0 0
62 0 0
63 0 0
64 0 0
65 0 0
66 0 0
67 0 0
68 0 0
69 0 0
70 0 0
71 0 0
72 0 0
73 0 0
74 0 0
75 0 0
76 0 0
77 0 0
78 0 0
79 0 0
80 0 0
81 0 0
82 0 0
83 0 0
84 0 0
85 0 0
86 0 0
87 0 0
88 0 0
89 0 0
90 0 0
91 0 0
92 0 0
93 0 0
94 0 0
95 0 0
96 0 0
97 0 0
98 0 0
99 0 0
100 0 0
101 0 0
102 0 0
103 0 0
104 0 0
105 0 0
106 0 0
107 0 0
108 0 0
109 0 0
110 0 0
111 0 0
112 0 0
113 0 0
114 0 0
115 0 0
116 0 0
117 0 0
118 0 0
119 0 0
120 0 0
121 0 0
122 0 0
123 0 0
124 0 0
125 0 0
126 0 0
127 0 0
128 0 0
129 0 0
130 0 0
131 0 0
132 0 0
133 0 0
134 0 0
135 0 0
136 0 0
137 0 0
138 0 0
139 0 0
140 0 0
141 0 0
142 0 0
143 0 0
144 0 0
145 0 0
146 0 0
147 0 0
148 0 0
149 0 0
150 0 0
151 0 0
152 0 0
153 0 0
154 0 0
155 0 0
156 0 0
157 0 0
158 0 0
159 0 0
160 0 0
161 0 0
162 0 0
163 0 0
164 0 0
165 0 0
166 0 0
167 0 0
168 0 0
169 0 0
170 0 0
171 0 0
172 0 0
173 0 0
174 0 0
175 0 0
176 0 0
177 0 0
178 0 0
179 0 0
180 0 0
181 0 0
182 0 0
183 0 0
184 0 0
185 0 0
186 0 0
187 0 0
188 0 0
189 0 0
190 0 0
191 0 0
192 0 0
193 0 0
194 0 0
195 0 0
196 0 0
197 0 0
198 0 0
199 0 0
200 0 0
201 0 0
202 0 0
203 0 0
204 0 0
205 0 0
206 0 0
207 0 0
208 0 0
209 0 0
210 0 0
211 0 0
212 0 0
213 0 0
214 0 0
215 0 0
216 0 0
217 0 0
218 0 0
219 0 0
220 0 0
221 0 0
222 0 0
223 0 0
224 0 0
225 0 0
226 0 0
227 0 0
228 0 0
229 0 0
230 0 0
231 0 0
232 0 0
233 0 0
234 0 0
235 0 0
236 0 0
237 0 0
238 0 0
239 0 0
240 0 0
241 0 0
242 0 0
243 0 0
244 0 0
245 0 0
246 0 0
247 0 0
248 0 0
249 0 0
250 0 0
251 0 0
252 0 0
253 0 0
254 0 0
255 0 0
256 0 0
257 0 0
258 0 0
259 0 0
260 0 0
261 0 0
262 0 0
263 0 0
264 0 0
265 0 0
266 0 0
267 0 0
268 0 0
269 0 0
270 0 0
271 0 0
272 0 0
273 0 0
274 0 0
275 0 0
276 0 0
277 0 0
278 0 0
279 0 0
280 0 0
281 0 0
282 0 0
283 0 0
284 0 0
285 0 0
286 0 0
287 0 0
288 0 0
289 0 0
290 0 0
291 0 0
292 0 0
293 0 0
294 0 0
295 0 0
296 0 0
297 0 0
298 0 0
299 0 0
300 0 0
301 0 0
302 0 0
303 0 0
304 0 0
305 0 0
306 0 0
307 0 0
308 0 0
309 0 0
310 0 0
311 0 0
312 0 0
313 0 0
314 0 0
315 0 0
316 0 0
317 0 0
318 0 0
319 0 0
320 0 0
321 0 0
322 0 0
323 0 0
324 0 0
325 0 0
326 0 0
327 0 0
328 0 0
329 0 0
330 0 0
331 0 0
332 0 0
333 0 0
334 0 0
335 0 0
336 0 0
337 0 0
338 0 0
339 0 0
340 0 0
341 0 0
342 0 0
343 0 0
344 0 0
345 0 0
346 0 0
347 0 0
348 0 0
349 0 0
350 0 0
351 0 0
352 0 0
353 0 0
354 0 0
355 0 0
356 0 0
357 0 0
358 0 0
359 0 0
360 0 0
361 0 0
362 0 0
363 0 0
364 0 0
365 0 0
366 0 0
367 0 0
368 0 0
369 0 0
370 0 0
371 0 0
372 0 0
373 0 0
374 0 0
375 0 0
376 0 0
377 0 0
378 0 0
379 0 0
380 0 0
381 0 0
382 0 0
383 0 0
384 0 0
385 0 0
386 0 0
387 0 0
388 0 0
389 0 0
390 0 0
391 0 0
392 0 0
393 0 0
394 0 0
395 0 0
396 0 0
397 0 0
398 0 0
399 0 0
400 0 0
401 0 0
402 0 0
403 0 0
404 0 0
405 0 0
406 0 0
407 0 0
408 0 0
409 0 0
410 0 0
411 0 0
412 0 0
413 0 0
414 0 0
415 0 0
416 0 0
417 0 0
418 0 0
419 0 0
420 0 0
421 0 0
422 0 0
423 0 0
424 0 0
425 0 0
426 0 0
427 0 0
428 0 0
429 0 0
430 0 0
431 0 0
432 0 0
433 0 0
434 0 0
435 0 0
436 0 0
437 0 0
438 0 0
439 0 0
440 0 0
441 0 0
442 0 0
443 0 0
444 0 0
445 0 0
446 0 0
447 0 0
448 0 0
449 0 0
450 0 0
451 0 0
452 0 0
453 0 0
454 0 0
455 0 0
456 0 0
457 0 0
458 0 0
459 0 0
460 0 0
461 0 0
462 0 0
463 0 0
464 0 0
465 0 0
466 0 0
467 0 0
468 0 0
469 0 0
470 0 0
471 0 0
472 0 0
473 0 0
474 0 0
475 0 0
476 0 0
477 0 0
478 0 0
479 0 0
480 0 0
481 0 0
482 0 0
483 0 0
484 0 0
485 0 0
486 0 0
487 0 0
488 0 0
489 0 0
490 0 0
491 0 0
492 0 0
493 0 0
494 0 0
495 0 0
496 0 0
497 0 0
498 0 0
499 0 0
500 0 0
501 0 0
502 0 0
503 0 0
504 0 0
505 0 0
506 0 0
507 0 0
508 0 0
509 0 0
510 0 0
511 0 0
512 0 0
513 0 0
514 0 0
515 0 0
516 0 0
517 0 0
518 0 0
519 0 0
520 0 0
521 0 0
522 0 0
523 0 0
524 0 0
525 0 0
526 0 0
527 0 0
528 0 0
529 0 0
530 0 0
531 0 0
532 0 0
533 0 0
534 0 0
535 0 0
536 0 0
537 0 0
538 0 0
539 0 0
540 0 0
541 0 0
542 0 0
543 0 0
544 0 0
545 0 0
546 0 0
547 0 0
548 0 0
549 0 0
550 0 0
551 0 0
552 0 0
553 0 0
554 0 0
555 0 0
556 0 0
557 0 0
558 0 0
559 0 0
560 0 0
561 0 0
562 0 0
563 0 0
564 0 0
565 0 0
566 0 0
567 0 0
568 0 0
569 0 0
570 0 0
571 0 0
572 0 0
573 0 0
574 0 0
575 0 0
576 0 0
577 0 0
578 0 0
579 0 0
580 0 0
581 0 0
582 0 0
583 0 0
584 0 0
585 0 0
586 0 0
587 0 0
588 0 0
589 0 0
590 0 0
591 0 0
592 0 0
593 0 0
594 0 0
595 0 0
596 0 0
597 0 0
598 0 0
599 0 0
600 0 0
601 0 0
602 0 0
603 0 0
604 0 0
605 0 0
606 0 0
607 0 0
608 0 0
609 0 0
610 0 0
611 0 0
612 0 0
613 0 0
614 0 0
615 0 0
616 0 0
617 0 0
618 0 0
619 0 0
620 0 0
621 0 0
622 0 0
623 0 0
624 0 0
625 0 0
626 0 0
627 0 0
628 0 0
629 0 0
630 0 0
631 0 0
632 0 0
633 0 0
634 0 0
635 0 0
636 0 0
637 0 0
638 0 0
639 0 0
640 0 0
641 0 0
642 0 0
643 0 0
644 0 0
645 0 0
646 0 0
647 0 0
648 0 0
649 0 0
650 0 0
651 0 0
652 0 0
653 0 0
654 0 0
655 0 0
656 0 0
657 0 0
658 0 0
659 0 0
660 0 0
661 0 0
662 0 0
663 0 0
664 0 0
665 0 0
666 0 0
667 0 0
668 0 0
669 0 0
670 0 0
671 0 0
672 0 0
673 0 0
674 0 0
675 0 0
676 0 0
677 0 0
678 0 0
679 0 0
680 0 0
681 0 0
682 0 0
683 0 0
684 0 0
685 0 0
686 0 0
687 0 0
688 0 0
689 0 0
690 0 0
691 0 0
692 0 0
693 0 0
694 0 0
695 0 0
696 0 0
697 0 0
698 0 0
699 0 0
700 0 0
701 0 0
702 0 0
703 0 0
704 0 0
705 0 0
706 0 0
707 0 0
708 0 0
709 0 0
710 0 0
711 0 0
712 0 0
713 0 0
714 0 0
715 0 0
716 0 0
717 0 0
718 0 0
719 0 0
720 0 0
721 0 0
722 0 0
723 0 0
724 0 0
725 0 0
726 0 0
727 0 0
728 0 0
729 0 0
730 0 0
731 0 0
732 0 0
733 0 0
734 0 0
735 0 0
736 0 0
737 0 0
738 0 0
739 0 0
740 0 0
741 0 0
742 0 0
743 0 0
744 0 0
745 0 0
746 0 0
747 0 0
748 0 0
749 0 0
750 0 0
751 0 0
752 0 0
753 0 0
754 0 0
755 0 0
756 0 0
757 0 0
758 0 0
759 0 0
760 0 0
761 0 0
762 0 0
763 0 0
764 0 0
765 0 0
766 0 0
767 0 0
768 0 0
769 0 0
770 0 0
771 0 0
772 0 0
773 0 0
774 0 0
775 0 0
776 0 0
777 0 0
778 0 0
779 0 0
780 0 0
781 0 0
782 0 0
783 0 0
784 0 0
785 0 0
786 0 0
787 0 0
788 0 0
789 0 0
790 0 0
791 0 0
792 0 0
793 0 0
794 0 0
795 0 0
796 0 0
797 0 0
798 0 0
799 0 0
800 0 0
801 0 0
802 0 0
803 0 0
804 0 0
805 0 0
806 0 0
807 0 0
808 0 0
809 0 0
810 0 0
811 0 0
812 0 0
813 0 0
814 0 0
815 0 0
816 0 0
817 0 0
818 0 0
819 0 0
820 0 0
821 0 0
822 0 0
823 0 0
824 0 0
825 0 0
826 0 0
827 0 0
828 0 0
829 0 0
830 0 0
831 0 0
832 0 0
833 0 0
834 0 0
835 0 0
836 0 0
837 0 0
838 0 0
839 0 0
840 0 0
841 0 0
842 0 0
843 0 0
844 0 0
845 0 0
846 0 0
847 0 0
848 0 0
849 0 0
850 0 0
851 0 0
852 0 0
853 0 0
854 0 0
855 0 0
856 0 0
857 0 0
858 0 0
859 0 0
860 0 0
861 0 0
862 0 0
863 0 0
864 0 0
865 0 0
866 0 0
867 0 0
868 0 0
869 0 0
870 0 0
871 0 0
872 0 0
873 0 0
874 0 0
875 0 0
876 0 0
877 0 0
878 0 0
879 0 0
880 0 0
881 0 0
882 0 0
883 0 0
884 0 0
885 0 0
886 0 0
887 0 0
888 0 0
889 0 0
890 0 0
891 0 0
892 0 0
893 0 0
894 0 0
895 0 0
896 0 0
897 0 0
898 0 0
899 0 0
900 0 0

ARCS
11 10 3
10 9 5
9 8 20
8 7 48
7 6 23
6 5 23
5 4 86
4 3 29
3 2 20
2 1 3
1 31 13
31 32 3
32 33 20
33 34 29
34 35 86
35 36 23
36 37 23
37 38 48
38 39 20
39 40 5
40 41 3
41 42 57
42 43 4
43 44 120
44 45 51
45 46 65
46 47 12
47 48 78
48 49 5
49 50 20
50 51 22
51 52 27
52 53 103
53 54 49
54 55 41
55 56 13
56 57 7
57 58 21
58 59 5
59 60 21
60 30 13
30 29 21
29 28 5
28 27 21
27 26 7
26 25 13
25 24 41
24 23 49
23 22 103
22 21 27
21 20 22
20 19 20
19 18 5
18 17 78
17 16 12
16 15 65
15 14 51
14 13 120
13 12 4
12 11 57
11 41 13
41 71 7
71 70 3
70 69 5
69 68 20
68 67 48
67 66 23
66 65 23
65 64 86
64 63 29
63 62 20
62 61 3
61 31 7
61 91 92
91 92 3
92 93 20
93 94 29
94 95 86
95 96 23
96 97 23
97 98 48
98 99 20
99 100 5
100 101 3
101 102 57
102 103 4
103 104 120
104 105 51
105 106 65
106 107 12
107 108 78
108 109 5
109 110 20
110 111 22
111 112 27
112 113 103
113 114 49
114 115 41
115 116 13
116 117 7
117 118 21
118 119 5
119 120 21
120 90 92
90 89 21
89 88 5
88 87 21
87 86 7
86 85 13
85 84 41
84 83 49
83 82 103
82 81 27
81 80 22
80 79 20
79 78 5
78 77 78
77 76 12
76 75 65
75 74 51
74 73 120
73 72 4
72 71 57
71 101 92
101 131 11
131 130 3
130 129 5
129 128 20
128 127 48
127 126 23
126 125 23
125 124 86
124 123 29
123 122 20
122 121 3
121 91 11
121 151 59
151 152 3
152 153 20
153 154 29
154 155 86
155 156 23
156 157 23
157 158 48
158 159 20
159 160 5
160 161 3
161 162 57
162 163 4
163 164 120
164 165 51
165 166 65
166 167 12
167 168 78
168 169 5
169 170 20
170 171 22
171 172 27
172 173 103
173 174 49
174 175 41
175 176 13
176 177 7
177 178 21
178 179 5
179 180 21
180 150 59
150 149 21
149 148 5
148 147 21
147 146 7
146 145 13
145 144 41
144 143 49
143 142 103
142 141 27
141 140 22
140 139 20
139 138 5
138 137 78
137 136 12
136 135 65
135 134 51
134 133 120
133 132 4
132 131 57
131 161 59
161 191 80
191 190 3
190 189 5
189 188 20
188 187 48
187 186 23
186 185 23
185 184 86
184 183 29
183 182 20
182 181 3
181 151 80
181 211 26
211 212 3
212 213 20
213 214 29
214 215 86
215 216 23
216 217 23
217 218 48
218 219 20
219 220 5
220 221 3
221 222 57
222 223 4
223 224 120
224 225 51
225 226 65
226 227 12
227 228 78
228 229 5
229 230 20
230 231 22
231 232 27
232 233 103
233 234 49
234 235 41
235 236 13
236 237 7
237 238 21
238 239 5
239 240 21
240 210 26
210 209 21
209 208 5
208 207 21
207 206 7
206 205 13
205 204 41
204 203 49
203 202 103
202 201 27
201 200 22
200 199 20
199 198 5
198 197 78
197 196 12
196 195 65
195 194 51
194 193 120
193 192 4
192 191 57
191 221 26
221 251 6
251 250 3
250 249 5
249 248 20
248 247 48
247 246 23
246 245 23
245 244 86
244 243 29
243 242 20
242 241 3
241 211 6
241 271 12
271 272 3
272 273 20
273 274 29
274 275 86
275 276 23
276 277 23
277 278 48
278 279 20
279 280 5
280 281 3
281 282 57
282 283 4
283 284 120
284 285 51
285 286 65
286 287 12
287 288 78
288 289 5
289 290 20
290 291 22
291 292 27
292 293 103
293 294 49
294 295 41
295 296 13
296 297 7
297 298 21
298 299 5
299 300 21
300 270 12
270 269 21
269 268 5
268 267 21
267 266 7
266 265 13
265 264 41
264 263 49
263 262 103
262 261 27
261 260 22
260 259 20
259 258 5
258 257 78
257 256 12
256 255 65
255 254 51
254 253 120
253 252 4
252 251 57
251 281 12
281 311 20
311 310 3
310 309 5
309 308 20
308 307 48
307 306 23
306 305 23
305 304 86
304 303 29
303 302 20
302 301 3
301 271 20
301 331 48
331 332 3
332 333 20
333 334 29
334 335 86
335 336 23
336 337 23
337 338 48
338 339 20
339 340 5
340 341 3
341 342 57
342 343 4
343 344 120
344 345 51
345 346 65
346 347 12
347 348 78
348 349 5
349 350 20
350 351 22
351 352 27
352 353 103
353 354 49
354 355 41
355 356 13
356 357 7
357 358 21
358 359 5
359 360 21
360 330 48
330 329 21
329 328 5
328 327 21
327 326 7
326 325 13
325 324 41
324 323 49
323 322 103
322 321 27
321 320 22
320 319 20
319 318 5
318 317 78
317 316 12
316 315 65
315 314 51
314 313 120
313 312 4
312 311 57
311 341 48
341 371 4
371 370 3
370 369 5
369 368 20
368 367 48
367 366 23
366 365 23
365 364 86
364 363 29
363 362 20
362 361 3
361 331 4
361 391 25
391 392 3
392 393 20
393 394 29
394 395 86
395 396 23
396 397 23
397 398 48
398 399 20
399 400 5
400 401 3
401 402 57
402 403 4
403 404 120
404 405 51
405 406 65
406 407 12
407 408 78
408 409 5
409 410 20
410 411 22
411 412 27
412 413 103
413 414 49
414 415 41
415 416 13
416 417 7
417 418 21
418 419 5
419 420 21
420 390 25
390 389 21
389 388 5
388 387 21
387 386 7
386 385 13
385 384 41
384 383 49
383 382 103
382 381 27
381 380 22
380 379 20
379 378 5
378 377 78
377 376 12
376 375 65
375 374 51
374 373 120
373 372 4
372 371 57
371 401 25
401 431 13
431 430 3
430 429 5
429 428 20
428 427 48
427 426 23
426 425 23
425 424 86
424 423 29
423 422 20
422 421 3
421 391 13
421 451 4
451 452 3
452 453 20
453 454 29
454 455 86
455 456 23
456 457 23
457 458 48
458 459 20
459 460 5
460 461 3
461 462 57
462 463 4
463 464 120
464 465 51
465 466 65
466 467 12
467 468 78
468 469 5
469 470 20
470 471 22
471 472 27
472 473 103
473 474 49
474 475 41
475 476 13
476 477 7
477 478 21
478 479 5
479 480 21
480 450 4
450 449 21
449 448 5
448 447 21
447 446 7
446 445 13
445 444 41
444 443 49
443 442 103
442 441 27
441 440 22
440 439 20
439 438 5
438 437 78
437 436 12
436 435 65
435 434 51
434 433 120
433 432 4
432 431 57
431 461 4
461 491 3
491 490 3
490 489 5
489 488 20
488 487 48
487 486 23
486 485 23
485 484 86
484 483 29
483 482 20
482 481 3
481 451 3
481 511 15
511 512 3
512 513 20
513 514 29
514 515 86
515 516 23
516 517 23
517 518 48
518 519 20
519 520 5
520 521 3
521 522 57
522 523 4
523 524 120
524 525 51
525 526 65
526 527 12
527 528 78
528 529 5
529 530 20
530 531 22
531 532 27
532 533 103
533 534 49
534 535 41
535 536 13
536 537 7
537 538 21
538 539 5
539 540 21
540 510 15
510 509 21
509 508 5
508 507 21
507 506 7
506 505 13
505 504 41
504 503 49
503 502 103
502 501 27
501 500 22
500 499 20
499 498 5
498 497 78
497 496 12
496 495 65
495 494 51
494 493 120
493 492 4
492 491 57
491 521 15
521 551 89
551 550 3
550 549 5
549 548 20
548 547 48
547 546 23
546 545 23
545 544 86
544 543 29
543 542 20
542 541 3
541 511 89
541 571 29
571 572 3
572 573 20
573 574 29
574 575 86
575 576 23
576 577 23
577 578 48
578 579 20
579 580 5
580 581 3
581 582 57
582 583 4
583 584 120
584 585 51
585 586 65
586 587 12
587 588 78
588 589 5
589 590 20
590 591 22
591 592 27
592 593 103
593 594 49
594 595 41
595 596 13
596 597 7
597 598 21
598 599 5
599 600 21
600 570 29
570 569 21
569 568 5
568 567 21
567 566 7
566 565 13
565 564 41
564 563 49
563 562 103
562 561 27
561 560 22
560 559 20
559 558 5
558 557 78
557 556 12
556 555 65
555 554 51
554 553 120
553 552 4
552 551 57
551 581 29
581 611 7
611 610 3
610 609 5
609 608 20
608 607 48
607 606 23
606 605 23
605 604 86
604 603 29
603 602 20
602 601 3
601 571 7
601 631 28
631 632 3
632 633 20
633 634 29
634 635 86
635 636 23
636 637 23
637 638 48
638 639 20
639 640 5
640 641 3
641 642 57
642 643 4
643 644 120
644 645 51
645 646 65
646 647 12
647 648 78
648 649 5
649 650 20
650 651 22
651 652 27
652 653 103
653 654 49
654 655 41
655 656 13
656 657 7
657 658 21
658 659 5
659 660 21
660 630 28
630 629 21
629 628 5
628 627 21
627 626 7
626 625 13
625 624 41
624 623 49
623 622 103
622 621 27
621 620 22
620 619 20
619 618 5
618 617 78
617 616 12
616 615 65
615 614 51
614 613 120
613 612 4
612 611 57
611 641 28
641 671 59
671 670 3
670 669 5
669 668 20
668 667 48
667 666 23
666 665 23
665 664 86
664 663 29
663 662 20
662 661 3
661 631 59
661 691 27
691 692 3
692 693 20
693 694 29
694 695 86
695 696 23
696 697 23
697 698 48
698 699 20
699 700 5
700 701 3
701 702 57
702 703 4
703 704 120
704 705 51
705 706 65
706 707 12
707 708 78
708 709 5
709 710 20
710 711 22
711 712 27
712 713 103
713 714 49
714 715 41
715 716 13
716 717 7
717 718 21
718 719 5
719 720 21
720 690 27
690 689 21
689 688 5
688 687 21
687 686 7
686 685 13
685 684 41
684 683 49
683 682 103
682 681 27
681 680 22
680 679 20
679 678 5
678 677 78
677 676 12
676 675 65
675 674 51
674 673 120
673 672 4
672 671 57
671 701 27
701 731 7
731 730 3
730 729 5
729 728 20
728 727 48
727 726 23
726 725 23
725 724 86
724 723 29
723 722 20
722 721 3
721 691 7
721 751 34
751 752 3
752 753 20
753 754 29
754 755 86
755 756 23
756 757 23
757 758 48
758 759 20
759 760 5
760 761 3
761 762 57
762 763 4
763 764 120
764 765 51
765 766 65
766 767 12
767 768 78
768 769 5
769 770 20
770 771 22
771 772 27
772 773 103
773 774 49
774 775 41
775 776 13
776 777 7
777 778 21
778 779 5
779 780 21
780 750 34
750 749 21
749 748 5
748 747 21
747 746 7
746 745 13
745 744 41
744 743 49
743 742 103
742 741 27
741 740 22
740 739 20
739 738 5
738 737 78
737 736 12
736 735 65
735 734 51
734 733 120
733 732 4
732 731 57
731 761 34
761 791 5
791 790 3
790 789 5
789 788 20
788 787 48
787 786 23
786 785 23
785 784 86
784 783 29
783 782 20
782 781 3
781 751 5
781 811 127
811 812 3
812 813 20
813 814 29
814 815 86
815 816 23
816 817 23
817 818 48
818 819 20
819 820 5
820 821 3
821 822 57
822 823 4
823 824 120
824 825 51
825 826 65
826 827 12
827 828 78
828 829 5
829 830 20
830 831 22
831 832 27
832 833 103
833 834 49
834 835 41
835 836 13
836 837 7
837 838 21
838 839 5
839 840 21
840 810 127
810 809 21
809 808 5
808 807 21
807 806 7
806 805 13
805 804 41
804 803 49
803 802 103
802 801 27
801 800 22
800 799 20
799 798 5
798 797 78
797 796 12
796 795 65
795 794 51
794 793 120
793 792 4
792 791 57
791 821 127
821 851 87
851 850 3
850 849 5
849 848 20
848 847 48
847 846 23
846 845 23
845 844 86
844 843 29
843 842 20
842 841 3
841 811 87
841 871 1
871 872 3
872 873 20
873 874 29
874 875 86
875 876 23
876 877 23
877 878 48
878 879 20
879 880 5
880 881 3
881 882 57
882 883 4
883 884 120
884 885 51
885 886 65
886 887 12
887 888 78
888 889 5
889 890 20
890 891 22
891 892 27
892 893 103
893 894 49
894 895 41
895 896 13
896 897 7
897 898 21
898 899 5
899 900 21
900 870 1
870 869 21
869 868 5
868 867 21
867 866 7
866 865 13
865 864 41
864 863 49
863 862 103
862 861 27
861 860 22
860 859 20
859 858 5
858 857 78
857 856 12
856 855 65
855 854 51
854 853 120
853 852 4
852 851 57
851 881 1
852 822 87
822 792 127
792 762 5
762 732 34
732 702 7
702 672 27
672 642 59
642 612 28
612 582 7
582 552 29
552 522 89
522 492 15
492 462 3
462 432 4
432 402 13
402 372 25
372 342 4
342 312 48
312 282 20
282 252 12
252 222 6
222 192 26
192 162 80
162 132 59
132 102 11
102 72 92
72 42 7
42 12 13
852 882 1
853 823 87
823 793 127
793 763 5
763 733 34
733 703 7
703 673 27
673 643 59
643 613 28
613 583 7
583 553 29
553 523 89
523 493 15
493 463 3
463 433 4
433 403 13
403 373 25
373 343 4
343 313 48
313 283 20
283 253 12
253 223 6
223 193 26
193 163 80
163 133 59
133 103 11
103 73 92
73 43 7
43 13 13
853 883 1
854 824 87
824 794 127
794 764 5
764 734 34
734 704 7
704 674 27
674 644 59
644 614 28
614 584 7
584 554 29
554 524 89
524 494 15
494 464 3
464 434 4
434 404 13
404 374 25
374 344 4
344 314 48
314 284 20
284 254 12
254 224 6
224 194 26
194 164 80
164 134 59
134 104 11
104 74 92
74 44 7
44 14 13
854 884 1
855 825 87
825 795 127
795 765 5
765 735 34
735 705 7
705 675 27
675 645 59
645 615 28
615 585 7
585 555 29
555 525 89
525 495 15
495 465 3
465 435 4
435 405 13
405 375 25
375 345 4
345 315 48
315 285 20
285 255 12
255 225 6
225 195 26
195 165 80
165 135 59
135 105 11
105 75 92
75 45 7
45 15 13
855 885 1
856 826 87
826 796 127
796 766 5
766 736 34
736 706 7
706 676 27
676 646 59
646 616 28
616 586 7
586 556 29
556 526 89
526 496 15
496 466 3
466 436 4
436 406 13
406 376 25
376 346 4
346 316 48
316 286 20
286 256 12
256 226 6
226 196 26
196 166 80
166 136 59
136 106 11
106 76 92
76 46 7
46 16 13
856 886 1
857 827 87
827 797 127
797 767 5
767 737 34
737 707 7
707 677 27
677 647 59
647 617 28
617 587 7
587 557 29
557 527 89
527 497 15
497 467 3
467 437 4
437 407 13
407 377 25
377 347 4
347 317 48
317 287 20
287 257 12
257 227 6
227 197 26
197 167 80
167 137 59
137 107 11
107 77 92
77 47 7
47 17 13
857 887 1
858 828 87
828 798 127
798 768 5
768 738 34
738 708 7
708 678 27
678 648 59
648 618 28
618 588 7
588 558 29
558 528 89
528 498 15
498 468 3
468 438 4
438 408 13
408 378 25
378 348 4
348 318 48
318 288 20
288 258 12
258 228 6
228 198 26
198 168 80
168 138 59
138 108 11
108 78 92
78 48 7
48 18 13
858 888 1
859 829 87
829 799 127
799 769 5
769 739 34
739 709 7
709 679 27
679 649 59
649 619 28
619 589 7
589 559 29
559 529 89
529 499 15
499 469 3
469 439 4
439 409 13
409 379 25
379 349 4
349 319 48
319 289 20
289 259 12
259 229 6
229 199 26
199 169 80
169 139 59
139 109 11
109 79 92
79 49 7
49 19 13
859 889 1
860 830 87
830 800 127
800 770 5
770 740 34
740 710 7
710 680 27
680 650 59
650 620 28
620 590 7
590 560 29
560 530 89
530 500 15
500 470 3
470 440 4
440 410 13
410 380 25
380 350 4
350 320 48
320 290 20
290 260 12
260 230 6
230 200 26
200 170 80
170 140 59
140 110 11
110 80 92
80 50 7
50 20 13
860 890 1
861 831 87
831 801 127
801 771 5
771 741 34
741 711 7
711 681 27
681 651 59
651 621 28
621 591 7
591 561 29
561 531 89
531 501 15
501 471 3
471 441 4
441 411 13
411 381 25
381 351 4
351 321 48
321 291 20
291 261 12
261 231 6
231 201 26
201 171 80
171 141 59
141 111 11
111 81 92
81 51 7
51 21 13
861 891 1
862 832 87
832 802 127
802 772 5
772 742 34
742 712 7
712 682 27
682 652 59
652 622 28
622 592 7
592 562 29
562 532 89
532 502 15
502 472 3
472 442 4
442 412 13
412 382 25
382 352 4
352 322 48
322 292 20
292 262 12
262 232 6
232 202 26
202 172 80
172 142 59
142 112 11
112 82 92
82 52 7
52 22 13
862 892 1
863 833 87
833 803 127
803 773 5
773 743 34
743 713 7
713 683 27
683 653 59
653 623 28
623 593 7
593 563 29
563 533 89
533 503 15
503 473 3
473 443 4
443 413 13
413 383 25
383 353 4
353 323 48
323 293 20
293 263 12
263 233 6
233 203 26
203 173 80
173 143 59
143 113 11
113 83 92
83 53 7
53 23 13
863 893 1
864 834 87
834 804 127
804 774 5
774 744 34
744 714 7
714 684 27
684 654 59
654 624 28
624 594 7
594 564 29
564 534 89
534 504 15
504 474 3
474 444 4
444 414 13
414 384 25
384 354 4
354 324 48
324 294 20
294 264 12
264 234 6
234 204 26
204 174 80
174 144 59
144 114 11
114 84 92
84 54 7
54 24 13
864 894 1
865 835 87
835 805 127
805 775 5
775 745 34
745 715 7
715 685 27
685 655 59
655 625 28
625 595 7
595 565 29
565 535 89
535 505 15
505 475 3
475 445 4
445 415 13
415 385 25
385 355 4
355 325 48
325 295 20
295 265 12
265 235 6
235 205 26
205 175 80
175 145 59
145 115 11
115 85 92
85 55 7
55 25 13
865 895 1
866 836 87
836 806 127
806 776 5
776 746 34
746 716 7
716 686 27
686 656 59
656 626 28
626 596 7
596 566 29
566 536 89
536 506 15
506 476 3
476 446 4
446 416 13
416 386 25
386 356 4
356 326 48
326 296 20
296 266 12
266 236 6
236 206 26
206 176 80
176 146 59
146 116 11
116 86 92
86 56 7
56 26 13
866 896 1
867 837 87
837 807 127
807 777 5
777 747 34
747 717 7
717 687 27
687 657 59
657 627 28
627 597 7
597 567 29
567 537 89
537 507 15
507 477 3
477 447 4
447 417 13
417 387 25
387 357 4
357 327 48
327 297 20
297 267 12
267 237 6
237 207 26
207 177 80
177 147 59
147 117 11
117 87 92
87 57 7
57 27 13
867 897 1
868 838 87
838 808 127
808 778 5
778 748 34
748 718 7
718 688 27
688 658 59
658 628 28
628 598 7
598 568 29
568 538 89
538 508 15
508 478 3
478 448 4
448 418 13
418 388 25
388 358 4
358 328 48
328 298 20
298 268 12
268 238 6
238 208 26
208 178 80
178 148 59
148 118 11
118 88 92
88 58 7
58 28 13
868 898 1
869 839 87
839 809 127
809 779 5
779 749 34
749 719 7
719 689 27
689 659 59
659 629 28
629 599 7
599 569 29
569 539 89
539 509 15
509 479 3
479 449 4
449 419 13
419 389 25
389 359 4
359 329 48
329 299 20
299 269 12
269 239 6
239 209 26
209 179 80
179 149 59
149 119 11
119 89 92
89 59 7
59 29 13
869 899 1
870 840 87
880 850 1
850 820 87
820 790 127
790 760 5
760 730 34
730 700 7
700 670 27
670 640 59
640 610 28
610 580 7
580 550 29
550 520 89
520 490 15
490 460 3
460 430 4
430 400 13
400 370 25
370 340 4
340 310 48
310 280 20
280 250 12
250 220 6
220 190 26
190 160 80
160 130 59
130 100 11
100 70 92
70 40 7
40 10 13
879 849 1
849 819 87
819 789 127
789 759 5
759 729 34
729 699 7
699 669 27
669 639 59
639 609 28
609 579 7
579 549 29
549 519 89
519 489 15
489 459 3
459 429 4
429 399 13
399 369 25
369 339 4
339 309 48
309 279 20
279 249 12
249 219 6
219 189 26
189 159 80
159 129 59
129 99 11
99 69 92
69 39 7
39 9 13
878 848 1
848 818 87
818 788 127
788 758 5
758 728 34
728 698 7
698 668 27
668 638 59
638 608 28
608 578 7
578 548 29
548 518 89
518 488 15
488 458 3
458 428 4
428 398 13
398 368 25
368 338 4
338 308 48
308 278 20
278 248 12
248 218 6
218 188 26
188 158 80
158 128 59
128 98 11
98 68 92
68 38 7
38 8 13
877 847 1
847 817 87
817 787 127
787 757 5
757 727 34
727 697 7
697 667 27
667 637 59
637 607 28
607 577 7
577 547 29
547 517 89
517 487 15
487 457 3
457 427 4
427 397 13
397 367 25
367 337 4
337 307 48
307 277 20
277 247 12
247 217 6
217 187 26
187 157 80
157 127 59
127 97 11
97 67 92
67 37 7
37 7 13
876 846 1
846 816 87
816 786 127
786 756 5
756 726 34
726 696 7
696 666 27
666 636 59
636 606 28
606 576 7
576 546 29
546 516 89
516 486 15
486 456 3
456 426 4
426 396 13
396 366 25
366 336 4
336 306 48
306 276 20
276 246 12
246 216 6
216 186 26
186 156 80
156 126 59
126 96 11
96 66 92
66 36 7
36 6 13
875 845 1
845 815 87
815 785 127
785 755 5
755 725 34
725 695 7
695 665 27
665 635 59
635 605 28
605 575 7
575 545 29
545 515 89
515 485 15
485 455 3
455 425 4
425 395 13
395 365 25
365 335 4
335 305 48
305 275 20
275 245 12
245 215 6
215 185 26
185 155 80
155 125 59
125 95 11
95 65 92
65 35 7
35 5 13
874 844 1
844 814 87
814 784 127
784 754 5
754 724 34
724 694 7
694 664 27
664 634 59
634 604 28
604 574 7
574 544 29
544 514 89
514 484 15
484 454 3
454 424 4
424 394 13
394 364 25
364 334 4
334 304 48
304 274 20
274 244 12
244 214 6
214 184 26
184 154 80
154 124 59
124 94 11
94 64 92
64 34 7
34 4 13
873 843 1
843 813 87
813 783 127
783 753 5
753 723 34
723 693 7
693 663 27
663 633 59
633 603 28
603 573 7
573 543 29
543 513 89
513 483 15
483 453 3
453 423 4
423 393 13
393 363 25
363 333 4
333 303 48
303 273 20
273 243 12
243 213 6
213 183 26
183 153 80
153 123 59
123 93 11
93 63 92
63 33 7
33 3 13
872 842 1
842 812 87
812 782 127
782 752 5
752 722 34
722 692 7
692 662 27
662 632 59
632 602 28
602 572 7
572 542 29
542 512 89
512 482 15
482 452 3
452 422 4
422 392 13
392 362 25
362 332 4
332 302 48
302 272 20
272 242 12
242 212 6
212 182 26
182 152 80
152 122 59
122 92 11
92 62 92
62 32 7
32 2 13
810 780 5
750 720 7
690 660 59
630 600 7
570 540 89
510 480 3
450 420 13
390 360 4
330 300 20
270 240 6
210 180 80
150 120 11
90 60 7

REQUESTS

BLOCKAGES
614 584
425 395
656 657
537 538
363 362
842 841
448 418
26 25
379 378
72 71
81 51
511 512
339 309
830 831
459 429
362 361
70 69
719 720
800 799
329 299
156 126
896 897
250 249
320 290
199 169
576 546
764 765
667 637
828 829
609 608
843 842
333 334
643 613
469 439
6 5
423 422
574 575
539 540
95 65
202 201
350 320
853 883
569 539
465 466
693 663
350 351
396 397
40 10
371 370
286 256
137 136
514 515
717 718
261 260
83 53
766 736
808 778
426 425
610 580
777 747
672 671
225 226
307 277
513 483
835 836
389 388
740 710
874 875
89 88
46 16
311 310
432 431
614 613
885 886
864 834
488 487
610 609
315 314
323 293
865 864
107 77
549 519
514 484
471 472
813 814
472 442
545 544
778 779
694 695
73 43
797 767
49 50
705 675
221 222
751 752
24 23
364 334
355 325
534 535
712 713
607 606
292 262
365 335
703 673
44 14
745 715
796 766
305 304
738 708
534 504
229 230
452 422
863 893
692 662
461 491
597 598
621 620
309 279
162 163
826 796
282 252
247 246
793 763
66 36
467 468
313 312
398 399
85 84
792 791
890 891
865 895
145 115
300 270
297 267
146 116
241 211
316 286
649 619
268 238
738 737
527 528
381 351
729 728
317 316
415 385
177 178
607 577
786 756
853 852
471 441
645 646
356 326
587 557
290 291
620 619
748 718
550 549
872 873
499 469
133 132
104 74
152 122
206 176
858 828
665 664
207 206
759 729
455 456
701 702
317 287
200 199
3 2
846 845
603 573
304 274
888 889
51 52
771 741
863 862
312 282
368 367
67 66
672 642
103 104
528 529
571 572
460 461
298 268
192 191
74 73
456 457
784 783
109 110
855 854
101 131
437 407
690 689
418 388
535 536
364 363
676 646
671 701
688 658
118 88
679 678
628 627
215 216
266 265
662 632
292 293
699 700
516 517
114 84
866 836
266 236
430 400
398 368
150 149
172 142
280 281
849 848
127 126
169 170
330 329
483 453
849 819
43 44
86 56
260 259
512 513
737 736
835 805
218 188
386 356
285 255
39 40
100 101
715 685
627 597
564 563
75 45
464 434
258 257
279 249
136 106
111 81
257 227
647 617
64 63
656 626
254 253
536 506
213 214
153 154
722 721
205 204
686 685
749 748
186 156
433 432
165 166
18 17
442 441
524 525
725 724
352 322
48 49
850 820
181 151
289 259
277 247
86 85
107 108
185 184
390 360
341 342
436 435
787 757
594 595
677 676
525 495
147 117
164 165
339 340
354 324
502 501
816 817
440 439
183 182
605 575
382 352
584 554
170 140
566 565
311 341
473 443
761 791
473 474
507 477
725 695
812 813
278 248
563 562
728 727
733 732
817 787
573 543
58 59
829 830
251 250
213 183
616 615
606 576
674 673
357 358
409 410
210 180
415 416
178 148
427 397
323 322
416 417
710 680
69 39
98 68
632 602
370 369
789 788
465 435
784 754
148 118
429 399
489 459
337 307
878 848
743 713
763 733
807 806
296 297
723 693
623 593
765 735
246 245
735 705
50 20
837 807
881 882
654 624
256 226
651 621
608 578
860 859
347 348
158 159
77 76
383 382
123 122
789 759
831 801
698 699
332 302
228 198
538 508
547 517
166 167
834 804
90 89
799 769
858 857
132 102
168 138
625 624
424 423
868 838
746 716
491 490
591 561
32 33
518 519
800 770
857 887
431 430
205 175
776 746
770 771
804 774
411 412
467 437
493 463
367 337
124 94
669 639
687 657
61 91
245 244
681 651
228 229
284 254
869 839
376 375
204 174
288 289
233 203
9 8
503 502
648 618
238 239
283 253
164 134
36 37
605 604
476 477
203 202
707 677
406 407
29 28
480 450
468 438
666 665
694 664
163 133
12 11
326 296
529 499
275 276
548 547
87 57
154 124
618 617
272 273
273 243
220 221
63 62
687 686
869 868
675 645
251 281
159 129
191 190
553 523
446 445
343 344
823 824
97 98
115 116
405 406
749 719
698 668
734 704
880 850
506 505
655 625
47 48
52 22
174 175
140 139
408 409
193 192
634 635
127 97
149 119
176 146
381 380
59 60
219 220
135 105
336 306
387 357
301 331
741 740
123 93
372 371
592 562
691 692
490 460
172 173
377 376
598 568
135 134
754 724
272 242
572 542
546 516
111 112
684 654
262 232
410 380
110 80
774 744
707 708
545 515
845 815
495 494
34 4
776 777
756 726
822 792
531 532
157 158
231 201
794 764
143 142
239 209
414 384
743 742
520 521
348 349
578 548
485 484
224 225
475 445
661 631
604 603
798 768
335 336
550 520
599 600
493 492
447 417
683 682
308 278
567 566

TERMINALS
11
58
62
93
145
154
194
226
249
277
321
350
382
420
449
468
488
533
545
589
610
656
684
717
732
756
793
811
857
885

END
