INSTANCE_NAME r25.dat
NB_VERTICES 900
NB_ARCS 1740
NB_REQUESTS 0
NB_BLOCKAGES 522
NB_TERMINALS 30

VERTICES
1 0 0
2 0 0
3 0 0
4 0 0
5 0 0
6 0 0
7 0 0
8 0 0
9 0 0
10 0 0
11 0 0
12 0 0
13 0 0
14 0 0
15 0 0
16 0 0
17 0 0
18 0 0
19 0 0
20 0 0
21 0 0
22 0 0
23 0 0
24 0 0
25 0 0
26 0 0
27 0 0
28 0 0
29 0 0
30 0 0
31 0 0
32 0 0
33 0 0
34 0 0
35 0 0
36 0 0
37 0 0
38 0 0
39 0 0
40 0 0
41 0 0
42 0 0
43 0 0
44 0 0
45 0 0
46 0 0
47 0 0
48 0 0
49 0 0
50 0 0
51 0 0
52 0 0
53 0 0
54 0 0
55 0 0
56 0 0
57 0 0
58 0 0
59 0 0
60 0 0
61 0 0
62 0 0
63 0 0
64 0 0
65 0 0
66 0 0
67 0 0
68 0 0
69 0 0
70 0 0
71 0 0
72 0 0
73 0 0
74 0 0
75 0 0
76 0 0
77 0 0
78 0 0
79 0 0
80 0 0
81 0 0
82 0 0
83 0 0
84 0 0
85 0 0
86 0 0
87 0 0
88 0 0
89 0 0
90 0 0
91 0 0
92 0 0
93 0 0
94 0 0
95 0 0
96 0 0
97 0 0
98 0 0
99 0 0
100 0 0
101 0 0
102 0 0
103 0 0
104 0 0
105 0 0
106 0 0
107 0 0
108 0 0
109 0 0
110 0 0
111 0 0
112 0 0
113 0 0
114 0 0
115 0 0
116 0 0
117 0 0
118 0 0
119 0 0
120 0 0
121 0 0
122 0 0
123 0 0
124 0 0
125 0 0
126 0 0
127 0 0
128 0 0
129 0 0
130 0 0
131 0 0
132 0 0
133 0 0
134 0 0
135 0 0
136 0 0
137 0 0
138 0 0
139 0 0
140 0 0
141 0 0
142 0 0
143 0 0
144 0 0
145 0 0
146 0 0
147 0 0
148 0 0
149 0 0
150 0 0
151 0 0
152 0 0
153 0 0
154 0 0
155 0 0
156 0 0
157 0 0
158 0 0
159 0 0
160 0 0
161 0 0
162 0 0
163 0 0
164 0 0
165 0 0
166 0 0
167 0 0
168 0 0
169 0 0
170 0 0
171 0 0
172 0 0
173 0 0
174 0 0
175 0 0
176 0 0
177 0 0
178 0 0
179 0 0
180 0 0
181 0 0
182 0 0
183 0 0
184 0 0
185 0 0
186 0 0
187 0 0
188 0 0
189 0 0
190 0 0
191 0 0
192 0 0
193 0 0
194 0 0
195 0 0
196 0 0
197 0 0
198 0 0
199 0 0
200 0 0
201 0 0
202 0 0
203 0 0
204 0 0
205 0 0
206 0 0
207 0 0
208 0 0
209 0 0
210 0 0
211 0 0
212 0 0
213 0 0
214 0 0
215 0 0
216 0 0
217 0 0
218 0 0
219 0 0
220 0 0
221 0 0
222 0 0
223 0 0
224 0 0
225 0 0
226 0 0
227 0 0
228 0 0
229 0 0
230 0 0
231 0 0
232 0 0
233 0 0
234 0 0
235 0 0
236 0 0
237 0 0
238 0 0
239 0 0
240 0 0
241 0 0
242 0 0
243 0 0
244 0 0
245 0 0
246 0 0
247 0 0
248 0 0
249 0 0
250 0 0
251 0 0
252 0 0
253 0 0
254 0 0
255 0 0
256 0 0
257 0 0
258 0 0
259 0 0
260 0 0
261 0 0
262 0 0
263 0 0
264 0 0
265 0 0
266 0 0
267 0 0
268 0 0
269 0 0
270 0 0
271 0 0
272 0 0
273 0 0
274 0 0
275 0 0
276 0 0
277 0 0
278 0 0
279 0 0
280 0 0
281 0 0
282 0 0
283 0 0
284 0 0
285 0 0
286 0 0
287 0 0
288 0 0
289 0 0
290 0 0
291 0 0
292 0 0
293 0 0
294 0 0
295 0 0
296 0 0
297 0 0
298 0 0
299 0 0
300 0 0
301 0 0
302 0 0
303 0 0
304 0 0
305 0 0
306 0 0
307 0 0
308 0 0
309 0 0
310 0 0
311 0 0
312 0 0
313 0 0
314 0 0
315 0 0
316 0 0
317 0 0
318 0 0
319 0 0
320 0 0
321 0 0
322 0 0
323 0 0
324 0 0
325 0 0
326 0 0
327 0 0
328 0 0
329 0 0
330 0 0
331 0 0
332 0 0
333 0 0
334 0 0
335 0 0
336 0 0
337 0 0
338 0 0
339 0 0
340 0 0
341 0 0
342 0 0
343 0 0
344 0 0
345 0 0
346 0 0
347 0 0
348 0 0
349 0 0
350 0 0
351 0 0
352 0 0
353 0 0
354 0 0
355 0 0
356 0 0
357 0 0
358 0 0
359 0 0
360 0 0
361 0 0
362 0 0
363 0 0
364 0 0
365 0 0
366 0 0
367 0 0
368 0 0
369 0 0
370 0 0
371 0 0
372 0 0
373 0 0
374 0 0
375 0 0
376 0 0
377 0 0
378 0 0
379 0 0
380 0 0
381 0 0
382 0 0
383 0 0
384 0 0
385 0 0
386 0 0
387 0 0
388 0 0
389 0 0
390 0 0
391 0 0
392 0 0
393 0 0
394 0 0
395 0 0
396 0 0
397 0 0
398 0 0
399 0 0
400 0 0
401 0 0
402 0 0
403 0 0
404 0 0
405 0 0
406 0 0
407 0 0
408 0 0
409 0 0
410 0 0
411 0 0
412 0 0
413 0 0
414 0 0
415 0 0
416 0 0
417 0 0
418 0 0
419 0 0
420 0 0
421 0 0
422 0 0
423 0 0
424 0 0
425 0 0
426 0 0
427 0 0
428 0 0
429 0 0
430 0 0
431 0 0
432 0 0
433 0 0
434 0 0
435 0 0
436 0 0
437 0 0
438 0 0
439 0 0
440 0 0
441 0 0
442 0 0
443 0 0
444 0 0
445 0 0
446 0 0
447 0 0
448 0 0
449 0 0
450 0 0
451 0 0
452 0 0
453 0 0
454 0 0
455 0 0
456 0 0
457 0 0
458 0 0
459 0 0
460 0 0
461 0 0
462 0 0
463 0 0
464 0 0
465 0 0
466 0 0
467 0 0
468 0 0
469 0 0
470 0 0
471 0 0
472 0 0
473 0 0
474 0 0
475 0 0
476 0 0
477 0 0
478 0 0
479 0 0
480 0 0
481 0 0
482 0 0
483 0 0
484 0 0
485 0 0
486 0 0
487 0 0
488 0 0
489 0 0
490 0 0
491 0 0
492 0 0
493 0 0
494 0 0
495 0 0
496 0 0
497 0 0
498 0 0
499 0 0
500 0 0
501 0 0
502 0 0
503 0 0
504 0 0
505 0 0
506 0 0
507 0 0
508 0 0
509 0 0
510 0 0
511 0 0
512 0 0
513 0 0
514 0 0
515 0 0
516 0 0
517 0 0
518 0 0
519 0 0
520 0 0
521 0 0
522 0 0
523 0 0
524 0 0
525 0 0
526 0 0
527 0 0
528 0 0
529 0 0
530 0 0
531 0 0
532 0 0
533 0 0
534 0 0
535 0 0
536 0 0
537 0 0
538 0 0
539 0 0
540 0 0
541 0 0
542 0 0
543 0 0
544 0 0
545 0 0
546 0 0
547 0 0
548 0 0
549 0 0
550 0 0
551 0 0
552 0 0
553 0 0
554 0 0
555 0 0
556 0 0
557 0 0
558 0 0
559 0 0
560 0 0
561 0 0
562 0 0
563 0 0
564 0 0
565 0 0
566 0 0
567 0 0
568 0 0
569 0 0
570 0 0
571 0 0
572 0 0
573 0 0
574 0 0
575 0 0
576 0 0
577 0 0
578 0 0
579 0 0
580 0 0
581 0 0
582 0 0
583 0 0
584 0 0
585 0 0
586 0 0
587 0 0
588 0 0
589 0 0
590 0 0
591 0 0
592 0 0
593 0 0
594 0 0
595 0 0
596 0 0
597 0 0
598 0 0
599 0 0
600 0 0
601 0 0
602 0 0
603 0 0
604 0 0
605 0 0
606 0 0
607 0 0
608 0 0
609 0 0
610 0 0
611 0 0
612 0 0
613 0 0
614 0 0
615 0 0
616 0 0
617 0 0
618 0 0
619 0 0
620 0 0
621 0 0
622 0 0
623 0 0
624 0 0
625 0 0
626 0 0
627 0 0
628 0 0
629 0 0
630 0 0
631 0 0
632 0 0
633 0 0
634 0 0
635 0 0
636 0 0
637 0 0
638 0 0
639 0 0
640 0 0
641 0 0
642 0 0
643 0 0
644 0 0
645 0 0
646 0 0
647 0 0
648 0 0
649 0 0
650 0 0
651 0 0
652 0 0
653 0 0
654 0 0
655 0 0
656 0 0
657 0 0
658 0 0
659 0 0
660 0 0
661 0 0
662 0 0
663 0 0
664 0 0
665 0 0
666 0 0
667 0 0
668 0 0
669 0 0
670 0 0
671 0 0
672 0 0
673 0 0
674 0 0
675 0 0
676 0 0
677 0 0
678 0 0
679 0 0
680 0 0
681 0 0
682 0 0
683 0 0
684 0 0
685 0 0
686 0 0
687 0 0
688 0 0
689 0 0
690 0 0
691 0 0
692 0 0
693 0 0
694 0 0
695 0 0
696 0 0
697 0 0
698 0 0
699 0 0
700 0 0
701 0 0
702 0 0
703 0 0
704 0 0
705 0 0
706 0 0
707 0 0
708 0 0
709 0 0
710 0 0
711 0 0
712 0 0
713 0 0
714 0 0
715 0 0
716 0 0
717 0 0
718 0 0
719 0 0
720 0 0
721 0 0
722 0 0
723 0 0
724 0 0
725 0 0
726 0 0
727 0 0
728 0 0
729 0 0
730 0 0
731 0 0
732 0 0
733 0 0
734 0 0
735 0 0
736 0 0
737 0 0
738 0 0
739 0 0
740 0 0
741 0 0
742 0 0
743 0 0
744 0 0
745 0 0
746 0 0
747 0 0
748 0 0
749 0 0
750 0 0
751 0 0
752 0 0
753 0 0
754 0 0
755 0 0
756 0 0
757 0 0
758 0 0
759 0 0
760 0 0
761 0 0
762 0 0
763 0 0
764 0 0
765 0 0
766 0 0
767 0 0
768 0 0
769 0 0
770 0 0
771 0 0
772 0 0
773 0 0
774 0 0
775 0 0
776 0 0
777 0 0
778 0 0
779 0 0
780 0 0
781 0 0
782 0 0
783 0 0
784 0 0
785 0 0
786 0 0
787 0 0
788 0 0
789 0 0
790 0 0
791 0 0
792 0 0
793 0 0
794 0 0
795 0 0
796 0 0
797 0 0
798 0 0
799 0 0
800 0 0
801 0 0
802 0 0
803 0 0
804 0 0
805 0 0
806 0 0
807 0 0
808 0 0
809 0 0
810 0 0
811 0 0
812 0 0
813 0 0
814 0 0
815 0 0
816 0 0
817 0 0
818 0 0
819 0 0
820 0 0
821 0 0
822 0 0
823 0 0
824 0 0
825 0 0
826 0 0
827 0 0
828 0 0
829 0 0
830 0 0
831 0 0
832 0 0
833 0 0
834 0 0
835 0 0
836 0 0
837 0 0
838 0 0
839 0 0
840 0 0
841 0 0
842 0 0
843 0 0
844 0 0
845 0 0
846 0 0
847 0 0
848 0 0
849 0 0
850 0 0
851 0 0
852 0 0
853 0 0
854 0 0
855 0 0
856 0 0
857 0 0
858 0 0
859 0 0
860 0 0
861 0 0
862 0 0
863 0 0
864 0 0
865 0 0
866 0 0
867 0 0
868 0 0
869 0 0
870 0 0
871 0 0
872 0 0
873 0 0
874 0 0
875 0 0
876 0 0
877 0 0
878 0 0
879 0 0
880 0 0
881 0 0
882 0 0
883 0 0
884 0 0
885 0 0
886 0 0
887 0 0
888 0 0
889 0 0
890 0 0
891 0 0
892 0 0
893 0 0
894 0 0
895 0 0
896 0 0
897 0 0
898 0 0
899 0 0
900 0 0

ARCS
1 2 16
2 3 3
3 4 16
4 5 86
5 6 21
6 7 8
7 8 28
8 9 23
9 10 116
10 11 27
11 12 72
12 13 32
13 14 4
14 15 43
15 16 8
16 17 40
17 18 23
18 19 43
19 20 5
20 21 52
21 22 103
22 23 7
23 24 25
24 25 31
25 26 39
26 27 19
27 28 25
28 29 39
29 30 14
30 60 21
60 59 14
59 58 39
58 57 25
57 56 19
56 55 39
55 54 31
54 53 25
53 52 7
52 51 103
51 50 52
50 49 5
49 48 43
48 47 23
47 46 40
46 45 8
45 44 43
44 43 4
43 42 32
42 41 72
41 40 27
40 39 116
39 38 23
38 37 28
37 36 8
36 35 21
35 34 86
34 33 16
33 32 3
32 31 16
31 1 21
31 61 17
61 62 16
62 63 3
63 64 16
64 184 86
184 66 21
66 67 8
67 68 28
68 69 23
69 70 116
70 71 27
71 72 72
72 73 32
73 74 4
74 75 43
75 454 8
454 77 40
77 78 23
78 79 43
79 80 5
80 81 52
81 82 103
82 83 7
83 84 25
84 85 31
85 86 39
86 784 19
784 88 25
88 89 39
89 90 14
90 60 17
90 120 14
120 119 14
119 118 39
118 117 25
117 116 19
116 115 39
115 114 31
114 113 25
113 112 7
112 111 103
111 110 52
110 109 5
109 108 43
108 107 23
107 106 40
106 105 8
105 104 43
104 103 4
103 102 32
102 101 72
101 100 27
100 99 116
99 98 23
98 97 28
97 96 8
96 95 21
95 94 86
94 93 16
93 92 3
92 91 16
91 61 14
91 121 46
121 122 16
122 123 3
123 124 16
124 125 86
125 126 21
126 127 8
127 128 28
128 129 23
129 130 116
130 131 27
131 132 72
132 133 32
133 134 4
134 135 43
135 136 8
136 137 40
137 138 23
138 139 43
139 140 5
140 141 52
141 142 103
142 143 7
143 144 25
144 145 31
145 146 39
146 147 19
147 148 25
148 149 39
149 150 14
150 120 46
150 180 24
180 179 14
179 178 39
178 177 25
177 176 19
176 175 39
175 174 31
174 173 25
173 172 7
172 171 103
171 170 52
170 169 5
169 168 43
168 167 23
167 166 40
166 165 8
165 164 43
164 163 4
163 162 32
162 161 72
161 160 27
160 159 116
159 158 23
158 157 28
157 156 8
156 155 21
155 154 86
154 153 16
153 152 3
152 151 16
151 121 24
151 181 2
181 182 16
182 183 3
183 184 16
184 185 86
185 186 21
186 187 8
187 188 28
188 189 23
189 190 116
190 191 27
191 192 72
192 193 32
193 194 4
194 195 43
195 455 8
455 197 40
197 198 23
198 199 43
199 200 5
200 201 52
201 202 103
202 203 7
203 204 25
204 205 31
205 206 39
206 785 19
785 208 25
208 209 39
209 210 14
210 180 2
210 240 2
240 239 14
239 238 39
238 237 25
237 236 19
236 235 39
235 234 31
234 233 25
233 232 7
232 231 103
231 230 52
230 229 5
229 228 43
228 227 23
227 226 40
226 225 8
225 224 43
224 223 4
223 222 32
222 221 72
221 220 27
220 219 116
219 218 23
218 217 28
217 216 8
216 215 21
215 214 86
214 213 16
213 212 3
212 211 16
211 181 2
211 241 20
241 242 16
242 243 3
243 244 16
244 245 86
245 246 21
246 247 8
247 248 28
248 249 23
249 250 116
250 251 27
251 252 72
252 253 32
253 254 4
254 255 43
255 256 8
256 257 40
257 258 23
258 259 43
259 260 5
260 261 52
261 262 103
262 263 7
263 264 25
264 265 31
265 266 39
266 267 19
267 268 25
268 269 39
269 270 14
270 240 20
270 300 29
300 299 14
299 298 39
298 297 25
297 296 19
296 295 39
295 294 31
294 293 25
293 292 7
292 291 103
291 290 52
290 289 5
289 288 43
288 287 23
287 286 40
286 285 8
285 284 43
284 283 4
283 282 32
282 281 72
281 280 27
280 279 116
279 278 23
278 277 28
277 276 8
276 275 21
275 274 86
274 273 16
273 272 3
272 271 16
271 241 29
271 301 62
301 302 16
302 303 3
303 304 16
304 305 86
305 306 21
306 307 8
307 308 28
308 309 23
309 310 116
310 311 27
311 312 72
312 313 32
313 314 4
314 315 43
315 316 8
316 317 40
317 318 23
318 319 43
319 320 5
320 321 52
321 322 103
322 323 7
323 324 25
324 325 31
325 326 39
326 327 19
327 328 25
328 329 39
329 330 14
330 300 62
330 360 1
360 359 14
359 358 39
358 357 25
357 356 19
356 355 39
355 354 31
354 353 25
353 352 7
352 351 103
351 350 52
350 349 5
349 348 43
348 347 23
347 346 40
346 345 8
345 344 43
344 343 4
343 342 32
342 341 72
341 340 27
340 339 116
339 338 23
338 337 28
337 336 8
336 335 21
335 334 86
334 333 16
333 332 3
332 331 16
331 301 1
331 361 79
361 362 16
362 363 3
363 364 16
364 365 86
365 366 21
366 367 8
367 368 28
368 369 23
369 370 116
370 371 27
371 372 72
372 373 32
373 374 4
374 375 43
375 376 8
376 377 40
377 378 23
378 379 43
379 380 5
380 381 52
381 382 103
382 383 7
383 384 25
384 385 31
385 386 39
386 387 19
387 388 25
388 389 39
389 390 14
390 360 79
390 420 89
420 419 14
419 418 39
418 417 25
417 416 19
416 415 39
415 414 31
414 413 25
413 412 7
412 411 103
411 410 52
410 409 5
409 408 43
408 407 23
407 406 40
406 405 8
405 404 43
404 403 4
403 402 32
402 401 72
401 400 27
400 399 116
399 398 23
398 397 28
397 396 8
396 395 21
395 394 86
394 393 16
393 392 3
392 391 16
391 361 89
391 421 56
421 422 16
422 423 3
423 424 16
424 425 86
425 426 21
426 427 8
427 428 28
428 429 23
429 430 116
430 431 27
431 432 72
432 433 32
433 434 4
434 435 43
435 436 8
436 437 40
437 438 23
438 439 43
439 440 5
440 441 52
441 442 103
442 443 7
443 444 25
444 445 31
445 446 39
446 447 19
447 448 25
448 449 39
449 450 14
450 420 56
450 480 44
480 479 14
479 478 39
478 796 25
796 476 19
476 475 39
475 474 31
474 473 25
473 472 7
472 471 103
471 470 52
470 469 5
469 468 43
468 467 23
467 466 40
466 465 8
465 464 43
464 463 4
463 462 32
462 461 72
461 460 27
460 459 116
459 458 23
458 457 28
457 456 8
456 455 21
455 454 86
454 453 16
453 452 3
452 451 16
451 421 44
451 481 14
481 482 16
482 483 3
483 484 16
484 485 86
485 486 21
486 487 8
487 488 28
488 489 23
489 490 116
490 491 27
491 492 72
492 493 32
493 494 4
494 495 43
495 496 8
496 497 40
497 498 23
498 499 43
499 500 5
500 501 52
501 502 103
502 503 7
503 504 25
504 505 31
505 506 39
506 507 19
507 508 25
508 509 39
509 510 14
510 480 14
510 540 52
540 539 14
539 538 39
538 537 25
537 536 19
536 535 39
535 534 31
534 533 25
533 532 7
532 531 103
531 530 52
530 529 5
529 528 43
528 527 23
527 526 40
526 525 8
525 524 43
524 523 4
523 522 32
522 521 72
521 520 27
520 519 116
519 518 23
518 517 28
517 516 8
516 515 21
515 514 86
514 513 16
513 512 3
512 511 16
511 481 52
511 541 52
541 542 16
542 543 3
543 544 16
544 545 86
545 546 21
546 547 8
547 548 28
548 549 23
549 550 116
550 551 27
551 552 72
552 553 32
553 554 4
554 555 43
555 556 8
556 557 40
557 558 23
558 559 43
559 560 5
560 561 52
561 562 103
562 563 7
563 564 25
564 565 31
565 566 39
566 567 19
567 568 25
568 569 39
569 570 14
570 540 52
570 600 48
600 599 14
599 598 39
598 597 25
597 596 19
596 595 39
595 594 31
594 593 25
593 592 7
592 591 103
591 590 52
590 589 5
589 588 43
588 587 23
587 586 40
586 585 8
585 584 43
584 583 4
583 582 32
582 581 72
581 580 27
580 579 116
579 578 23
578 577 28
577 576 8
576 575 21
575 574 86
574 573 16
573 572 3
572 571 16
571 541 48
571 601 24
601 602 16
602 603 3
603 604 16
604 605 86
605 606 21
606 607 8
607 608 28
608 609 23
609 610 116
610 611 27
611 612 72
612 613 32
613 614 4
614 615 43
615 616 8
616 617 40
617 618 23
618 619 43
619 620 5
620 621 52
621 622 103
622 623 7
623 624 25
624 625 31
625 626 39
626 627 19
627 628 25
628 629 39
629 630 14
630 600 24
630 660 28
660 659 14
659 658 39
658 657 25
657 656 19
656 655 39
655 654 31
654 653 25
653 652 7
652 651 103
651 650 52
650 649 5
649 648 43
648 647 23
647 646 40
646 645 8
645 644 43
644 643 4
643 642 32
642 641 72
641 640 27
640 639 116
639 638 23
638 637 28
637 636 8
636 635 21
635 634 86
634 633 16
633 632 3
632 631 16
631 601 28
631 661 45
661 662 16
662 663 3
663 664 16
664 665 86
665 666 21
666 667 8
667 668 28
668 669 23
669 670 116
670 671 27
671 672 72
672 673 32
673 674 4
674 675 43
675 676 8
676 677 40
677 678 23
678 679 43
679 680 5
680 681 52
681 682 103
682 683 7
683 684 25
684 685 31
685 686 39
686 687 19
687 688 25
688 689 39
689 690 14
690 660 45
690 720 11
720 719 14
719 718 39
718 717 25
717 716 19
716 715 39
715 714 31
714 713 25
713 712 7
712 711 103
711 710 52
710 709 5
709 708 43
708 707 23
707 706 40
706 705 8
705 704 43
704 703 4
703 702 32
702 701 72
701 700 27
700 699 116
699 698 23
698 697 28
697 696 8
696 695 21
695 694 86
694 693 16
693 692 3
692 691 16
691 661 11
691 721 25
721 722 16
722 723 3
723 724 16
724 725 86
725 726 21
726 727 8
727 728 28
728 729 23
729 730 116
730 731 27
731 732 72
732 733 32
733 734 4
734 735 43
735 736 8
736 737 40
737 738 23
738 739 43
739 740 5
740 741 52
741 742 103
742 743 7
743 744 25
744 745 31
745 746 39
746 747 19
747 748 25
748 749 39
749 750 14
750 720 25
750 780 18
780 779 14
779 778 39
778 777 25
777 776 19
776 775 39
775 774 31
774 773 25
773 772 7
772 771 103
771 770 52
770 769 5
769 768 43
768 767 23
767 766 40
766 765 8
765 764 43
764 763 4
763 762 32
762 761 72
761 760 27
760 759 116
759 758 23
758 757 28
757 756 8
756 755 21
755 754 86
754 753 16
753 752 3
752 751 16
751 721 18
751 781 70
781 782 16
782 783 3
783 784 16
784 785 86
785 786 21
786 787 8
787 788 28
788 789 23
789 790 116
790 791 27
791 792 72
792 793 32
793 794 4
794 795 43
795 796 8
796 797 40
797 798 23
798 799 43
799 800 5
800 801 52
801 802 103
802 803 7
803 804 25
804 805 31
805 806 39
806 807 19
807 808 25
808 809 39
809 810 14
810 780 70
810 840 14
840 839 14
839 838 39
838 837 25
837 836 19
836 835 39
835 834 31
834 833 25
833 832 7
832 831 103
831 830 52
830 829 5
829 828 43
828 827 23
827 826 40
826 825 8
825 824 43
824 823 4
823 822 32
822 821 72
821 820 27
820 819 116
819 818 23
818 817 28
817 816 8
816 815 21
815 814 86
814 813 16
813 812 3
812 811 16
811 781 14
811 841 6
841 842 16
842 843 3
843 844 16
844 845 86
845 846 21
846 847 8
847 848 28
848 849 23
849 850 116
850 851 27
851 852 72
852 853 32
853 854 4
854 855 43
855 856 8
856 857 40
857 858 23
858 859 43
859 860 5
860 861 52
861 862 103
862 863 7
863 864 25
864 865 31
865 866 39
866 867 19
867 868 25
868 869 39
869 870 14
870 840 6
870 900 36
900 899 14
899 898 39
898 897 25
897 896 19
896 895 39
895 894 31
894 893 25
893 892 7
892 891 103
891 890 52
890 889 5
889 888 43
888 887 23
887 886 40
886 885 8
885 884 43
884 883 4
883 882 32
882 881 72
881 880 27
880 879 116
879 878 23
878 877 28
877 876 8
876 875 21
875 874 86
874 873 16
873 872 3
872 871 16
871 841 36
872 842 36
842 812 6
812 782 14
782 752 70
752 722 18
722 692 25
692 662 11
662 632 45
632 602 28
602 572 24
572 542 48
542 512 52
512 482 52
482 452 14
452 422 44
422 392 56
392 362 89
362 332 79
332 302 1
302 272 62
272 242 29
242 212 20
212 182 2
182 152 2
152 122 24
122 92 46
92 62 14
62 32 17
32 2 21
873 843 36
843 813 6
813 783 14
783 753 70
753 723 18
723 693 25
693 663 11
663 633 45
633 603 28
603 573 24
573 543 48
543 513 52
513 483 52
483 453 14
453 423 44
423 393 56
393 363 89
363 333 79
333 303 1
303 273 62
273 243 29
243 213 20
213 183 2
183 153 2
153 123 24
123 93 46
93 63 14
63 33 17
33 3 21
874 844 36
844 814 6
814 784 14
784 754 70
754 724 18
724 694 25
694 664 11
664 634 45
634 604 28
604 574 24
574 544 48
544 514 52
514 484 52
484 454 14
454 424 44
424 394 56
394 364 89
364 334 79
334 304 1
304 274 62
274 244 29
244 214 20
214 184 2
184 154 2
154 124 24
124 94 46
94 64 14
64 34 17
34 4 21
184 35 17
35 5 21
184 95 14
95 125 46
125 155 24
155 185 2
185 215 2
215 245 20
245 275 29
275 305 62
305 335 1
335 365 79
365 395 89
395 425 56
425 455 44
455 485 14
485 515 52
515 545 52
545 575 48
575 605 24
605 635 28
635 665 45
665 695 11
695 725 25
725 755 18
755 785 70
785 815 14
815 845 6
845 875 36
785 177 2
177 147 24
147 117 46
117 784 14
784 57 17
57 27 21
785 237 2
237 267 20
267 297 29
297 327 62
327 357 1
357 387 79
387 417 89
417 447 56
447 796 44
796 766 70
766 736 18
736 706 25
706 676 11
676 646 45
646 616 28
616 586 24
586 556 48
556 526 52
526 496 52
496 466 14
466 436 44
436 406 56
406 376 89
376 346 79
346 316 1
316 286 62
286 256 29
256 226 20
226 455 2
455 166 2
166 136 24
136 106 46
106 454 14
454 46 17
46 16 21
796 826 14
826 856 6
856 886 36
796 507 14
507 537 52
537 567 52
567 597 48
597 627 24
627 657 28
657 687 45
687 717 11
717 747 25
747 777 18
777 807 70
807 837 14
837 867 6
867 897 36
876 846 36
846 816 6
816 786 14
786 756 70
756 726 18
726 696 25
696 666 11
666 636 45
636 606 28
606 576 24
576 546 48
546 516 52
516 486 52
486 456 14
456 426 44
426 396 56
396 366 89
366 336 79
336 306 1
306 276 62
276 246 29
246 216 20
216 186 2
186 156 2
156 126 24
126 96 46
96 66 14
66 36 17
36 6 21
877 847 36
847 817 6
817 787 14
787 757 70
757 727 18
727 697 25
697 667 11
667 637 45
637 607 28
607 577 24
577 547 48
547 517 52
517 487 52
487 457 14
457 427 44
427 397 56
397 367 89
367 337 79
337 307 1
307 277 62
277 247 29
247 217 20
217 187 2
187 157 2
157 127 24
127 97 46
97 67 14
67 37 17
37 7 21
878 848 36
848 818 6
818 788 14
788 758 70
758 728 18
728 698 25
698 668 11
668 638 45
638 608 28
608 578 24
578 548 48
548 518 52
518 488 52
488 458 14
458 428 44
428 398 56
398 368 89
368 338 79
338 308 1
308 278 62
278 248 29
248 218 20
218 188 2
188 158 2
158 128 24
128 98 46
98 68 14
68 38 17
38 8 21
879 849 36
849 819 6
819 789 14
789 759 70
759 729 18
729 699 25
699 669 11
669 639 45
639 609 28
609 579 24
579 549 48
549 519 52
519 489 52
489 459 14
459 429 44
429 399 56
399 369 89
369 339 79
339 309 1
309 279 62
279 249 29
249 219 20
219 189 2
189 159 2
159 129 24
129 99 46
99 69 14
69 39 17
39 9 21
880 850 36
850 820 6
820 790 14
790 760 70
760 730 18
730 700 25
700 670 11
670 640 45
640 610 28
610 580 24
580 550 48
550 520 52
520 490 52
490 460 14
460 430 44
430 400 56
400 370 89
370 340 79
340 310 1
310 280 62
280 250 29
250 220 20
220 190 2
190 160 2
160 130 24
130 100 46
100 70 14
70 40 17
40 10 21
881 851 36
851 821 6
821 791 14
791 761 70
761 731 18
731 701 25
701 671 11
671 641 45
641 611 28
611 581 24
581 551 48
551 521 52
521 491 52
491 461 14
461 431 44
431 401 56
401 371 89
371 341 79
341 311 1
311 281 62
281 251 29
251 221 20
221 191 2
191 161 2
161 131 24
131 101 46
101 71 14
71 41 17
41 11 21
882 852 36
852 822 6
822 792 14
792 762 70
762 732 18
732 702 25
702 672 11
672 642 45
642 612 28
612 582 24
582 552 48
552 522 52
522 492 52
492 462 14
462 432 44
432 402 56
402 372 89
372 342 79
342 312 1
312 282 62
282 252 29
252 222 20
222 192 2
192 162 2
162 132 24
132 102 46
102 72 14
72 42 17
42 12 21
883 853 36
853 823 6
823 793 14
793 763 70
763 733 18
733 703 25
703 673 11
673 643 45
643 613 28
613 583 24
583 553 48
553 523 52
523 493 52
493 463 14
463 433 44
433 403 56
403 373 89
373 343 79
343 313 1
313 283 62
283 253 29
253 223 20
223 193 2
193 163 2
163 133 24
133 103 46
103 73 14
73 43 17
43 13 21
884 854 36
854 824 6
824 794 14
794 764 70
764 734 18
734 704 25
704 674 11
674 644 45
644 614 28
614 584 24
584 554 48
554 524 52
524 494 52
494 464 14
464 434 44
434 404 56
404 374 89
374 344 79
344 314 1
314 284 62
284 254 29
254 224 20
224 194 2
194 164 2
164 134 24
134 104 46
104 74 14
74 44 17
44 14 21
885 855 36
855 825 6
825 795 14
795 765 70
765 735 18
735 705 25
705 675 11
675 645 45
645 615 28
615 585 24
585 555 48
555 525 52
525 495 52
495 465 14
465 435 44
435 405 56
405 375 89
375 345 79
345 315 1
315 285 62
285 255 29
255 225 20
225 195 2
195 165 2
165 135 24
135 105 46
105 75 14
75 45 17
45 15 21
887 857 36
857 827 6
827 797 14
797 767 70
767 737 18
737 707 25
707 677 11
677 647 45
647 617 28
617 587 24
587 557 48
557 527 52
527 497 52
497 467 14
467 437 44
437 407 56
407 377 89
377 347 79
347 317 1
317 287 62
287 257 29
257 227 20
227 197 2
197 167 2
167 137 24
137 107 46
107 77 14
77 47 17
47 17 21
888 858 36
858 828 6
828 798 14
798 768 70
768 738 18
738 708 25
708 678 11
678 648 45
648 618 28
618 588 24
588 558 48
558 528 52
528 498 52
498 468 14
468 438 44
438 408 56
408 378 89
378 348 79
348 318 1
318 288 62
288 258 29
258 228 20
228 198 2
198 168 2
168 138 24
138 108 46
108 78 14
78 48 17
48 18 21
889 859 36
859 829 6
829 799 14
799 769 70
769 739 18
739 709 25
709 679 11
679 649 45
649 619 28
619 589 24
589 559 48
559 529 52
529 499 52
499 469 14
469 439 44
439 409 56
409 379 89
379 349 79
349 319 1
319 289 62
289 259 29
259 229 20
229 199 2
199 169 2
169 139 24
139 109 46
109 79 14
79 49 17
49 19 21
890 860 36
860 830 6
830 800 14
800 770 70
770 740 18
740 710 25
710 680 11
680 650 45
650 620 28
620 590 24
590 560 48
560 530 52
530 500 52
500 470 14
470 440 44
440 410 56
410 380 89
380 350 79
350 320 1
320 290 62
290 260 29
260 230 20
230 200 2
200 170 2
170 140 24
140 110 46
110 80 14
80 50 17
50 20 21
891 861 36
861 831 6
831 801 14
801 771 70
771 741 18
741 711 25
711 681 11
681 651 45
651 621 28
621 591 24
591 561 48
561 531 52
531 501 52
501 471 14
471 441 44
441 411 56
411 381 89
381 351 79
351 321 1
321 291 62
291 261 29
261 231 20
231 201 2
201 171 2
171 141 24
141 111 46
111 81 14
81 51 17
51 21 21
892 862 36
862 832 6
832 802 14
802 772 70
772 742 18
742 712 25
712 682 11
682 652 45
652 622 28
622 592 24
592 562 48
562 532 52
532 502 52
502 472 14
472 442 44
442 412 56
412 382 89
382 352 79
352 322 1
322 292 62
292 262 29
262 232 20
232 202 2
202 172 2
172 142 24
142 112 46
112 82 14
82 52 17
52 22 21
893 863 36
863 833 6
833 803 14
803 773 70
773 743 18
743 713 25
713 683 11
683 653 45
653 623 28
623 593 24
593 563 48
563 533 52
533 503 52
503 473 14
473 443 44
443 413 56
413 383 89
383 353 79
353 323 1
323 293 62
293 263 29
263 233 20
233 203 2
203 173 2
173 143 24
143 113 46
113 83 14
83 53 17
53 23 21
894 864 36
864 834 6
834 804 14
804 774 70
774 744 18
744 714 25
714 684 11
684 654 45
654 624 28
624 594 24
594 564 48
564 534 52
534 504 52
504 474 14
474 444 44
444 414 56
414 384 89
384 354 79
354 324 1
324 294 62
294 264 29
264 234 20
234 204 2
204 174 2
174 144 24
144 114 46
114 84 14
84 54 17
54 24 21
895 865 36
865 835 6
835 805 14
805 775 70
775 745 18
745 715 25
715 685 11
685 655 45
655 625 28
625 595 24
595 565 48
565 535 52
535 505 52
505 475 14
475 445 44
445 415 56
415 385 89
385 355 79
355 325 1
325 295 62
295 265 29
265 235 20
235 205 2
205 175 2
175 145 24
145 115 46
115 85 14
85 55 17
55 25 21
896 866 36
866 836 6
836 806 14
806 776 70
776 746 18
746 716 25
716 686 11
686 656 45
656 626 28
626 596 24
596 566 48
566 536 52
536 506 52
506 476 14
476 446 44
446 416 56
416 386 89
386 356 79
356 326 1
326 296 62
296 266 29
266 236 20
236 206 2
206 176 2
176 146 24
146 116 46
116 86 14
86 56 17
56 26 21
898 868 36
868 838 6
838 808 14
808 778 70
778 748 18
748 718 25
718 688 11
688 658 45
658 628 28
628 598 24
598 568 48
568 538 52
538 508 52
508 478 14
478 448 44
448 418 56
418 388 89
388 358 79
358 328 1
328 298 62
298 268 29
268 238 20
238 208 2
208 178 2
178 148 24
148 118 46
118 88 14
88 58 17
58 28 21
899 869 36
869 839 6
839 809 14
809 779 70
779 749 18
749 719 25
719 689 11
689 659 45
659 629 28
629 599 24
599 569 48
569 539 52
539 509 52
509 479 14
479 449 44
449 419 56
419 389 89
389 359 79
359 329 1
329 299 62
299 269 29
269 239 20
239 209 2
209 179 2
179 149 24
149 119 46
119 89 14
89 59 17
59 29 21

REQUESTS

BLOCKAGES
85 55
154 153
826 856
91 61
634 633
777 807
534 504
627 628
482 483
108 107
307 308
746 747
460 459
495 465
657 687
240 239
809 810
13 14
444 445
545 575
255 256
724 694
22 23
129 99
114 113
663 664
796 766
655 654
885 884
796 797
772 742
735 736
485 486
639 638
36 35
398 368
858 828
444 414
440 410
193 194
226 455
203 204
458 428
874 873
428 429
704 703
892 891
733 703
141 142
467 437
845 875
561 562
605 606
434 435
633 632
259 260
613 614
455 485
789 759
82 83
701 671
195 455
788 789
756 726
79 49
407 406
613 583
63 64
629 630
574 573
158 128
542 543
716 686
343 313
591 561
626 627
182 183
424 425
532 531
397 396
15 16
602 572
356 326
442 443
348 347
719 718
234 204
46 45
161 160
673 643
572 542
546 547
538 508
347 346
835 834
363 364
679 680
402 401
147 117
746 716
129 130
492 493
836 835
352 351
509 479
828 827
500 501
438 408
152 151
74 75
414 384
606 576
248 218
378 379
436 437
387 388
737 738
863 864
279 278
423 424
229 228
599 598
471 470
582 552
460 430
698 697
322 323
816 815
213 183
488 458
249 219
714 684
494 495
399 398
725 726
246 247
394 364
200 201
105 75
6 7
432 433
48 18
647 646
732 733
556 557
189 159
711 710
392 362
403 373
136 106
484 454
540 539
379 349
567 568
680 650
115 85
25 26
559 560
40 39
425 455
337 336
497 498
713 683
232 231
106 454
224 223
517 516
624 594
69 70
272 271
616 586
357 387
674 675
172 171
20 21
394 393
194 195
691 661
616 617
178 177
306 307
324 325
590 589
97 96
608 578
89 59
607 577
449 450
49 48
645 644
862 863
558 559
155 154
543 513
524 494
727 728
724 725
11 12
210 180
577 547
365 366
803 804
252 253
483 484
112 82
216 215
67 68
2 3
312 313
311 281
740 710
740 741
854 855
308 278
604 574
507 537
755 785
190 191
719 689
890 860
369 339
127 97
187 188
429 399
667 637
758 728
376 346
339 338
602 603
452 451
667 668
539 538
599 569
143 144
407 377
123 124
831 801
657 656
499 500
341 340
290 289
783 784
525 524
839 838
748 718
578 548
506 507
652 622
328 329
792 762
70 71
840 839
164 134
374 344
670 671
440 441
272 242
413 383
66 36
621 591
184 185
782 752
142 143
715 685
454 453
357 356
340 310
233 232
58 28
849 819
612 582
527 526
623 593
607 608
785 237
686 687
695 694
416 386
295 294
482 452
690 660
522 521
548 549
431 401
221 191
652 651
354 324
193 163
276 275
417 447
647 617
897 896
212 182
721 722
283 253
696 666
417 416
124 94
684 654
138 108
681 682
734 735
841 842
717 747
706 676
537 536
865 866
161 131
595 565
619 620
187 157
877 876
34 4
360 359
658 628
184 35
820 819
222 192
146 147
157 127
310 280
570 600
130 100
95 94
72 42
529 499
59 58
329 299
353 352
832 831
202 203
528 527
453 423
51 50
139 140
199 200
62 63
197 167
479 478
263 233
202 172
830 800
301 302
331 361
802 772
413 412
111 110
467 466
103 102
486 456
662 632
138 139
778 748
851 852
751 781
174 144
741 742
734 704
220 219
463 433
650 649
465 464
615 585
610 580
769 768
597 596
881 851
562 532
217 216
86 56
503 473
558 528
745 715
855 856
267 297
169 168
57 56
894 864
326 327
668 669
814 813
611 612
553 523
586 585
824 794
86 784
325 295
266 267
813 783
239 238
383 353
464 463
752 722
291 290
165 135
755 754
815 845
869 870
496 497
796 476
280 279
795 796
801 771
521 491
105 104
445 446
118 117
651 621
83 53
818 817
707 706
804 805
113 112
349 319
34 33
214 213
372 373
400 370
575 605
318 288
757 756
544 545
220 190
535 505
270 300
646 645
665 695
282 281
670 640
438 439
563 533
257 227
454 46
610 611
215 245
814 784
292 291
821 791
625 595
785 177
833 803
454 77
688 658
229 199
729 699
101 100
536 535
448 449
348 318
653 623
47 17
228 198
149 119
367 368
145 146
289 259
732 702
122 92
265 266
738 739
214 184
254 224
498 468
678 648
824 823
753 723
302 303
104 74
774 773
807 837
412 382
243 244
430 400
622 592
672 673
456 426
298 268
857 858
626 596
887 857
371 341
571 601
32 31
98 68
77 47
110 80
420 419
848 818
805 775
389 359
744 745
167 137
235 205
496 466
208 178
765 764
102 72
520 490
284 283
505 475
148 118
314 315
797 767
128 98
462 461
634 604
303 304
708 707
66 67
750 780
763 762
550 551
277 276
860 861
838 837
55 54
103 73
473 443
530 529
133 134
816 786
93 92

TERMINALS
1
55
75
95
142
152
187
220
249
293
327
360
377
406
448
454
501
529
566
590
603
638
673
714
734
768
792
816
869
881

END
