INSTANCE_NAME r33.dat
NB_VERTICES 1600
NB_ARCS 3120
NB_REQUESTS 0
NB_BLOCKAGES 936
NB_TERMINALS 40

VERTICES
1 0 0
2 0 0
3 0 0
4 0 0
5 0 0
6 0 0
7 0 0
8 0 0
9 0 0
10 0 0
11 0 0
12 0 0
13 0 0
14 0 0
15 0 0
16 0 0
17 0 0
18 0 0
19 0 0
20 0 0
21 0 0
22 0 0
23 0 0
24 0 0
25 0 0
26 0 0
27 0 0
28 0 0
29 0 0
30 0 0
31 0 0
32 0 0
33 0 0
34 0 0
35 0 0
36 0 0
37 0 0
38 0 0
39 0 0
40 0 0
41 0 0
42 0 0
43 0 0
44 0 0
45 0 0
46 0 0
47 0 0
48 0 0
49 0 0
50 0 0
51 0 0
52 0 0
53 0 0
54 0 0
55 0 0
56 0 0
57 0 0
58 0 0
59 0 0
60 0 0
61 0 0
62 0 0
63 0 0
64 0 0
65 0 0
66 0 0
67 0 0
68 0 0
69 0 0
70 0 0
71 0 0
72 0 0
73 0 0
74 0 0
75 0 0
76 0 0
77 0 0
78 0 0
79 0 0
80 0 0
81 0 0
82 0 0
83 0 0
84 0 0
85 0 0
86 0 0
87 0 0
88 0 0
89 0 0
90 0 0
91 0 0
92 0 0
93 0 0
94 0 0
95 0 0
96 0 0
97 0 0
98 0 0
99 0 0
100 0 0
101 0 0
102 0 0
103 0 0
104 0 0
105 0 0
106 0 0
107 0 0
108 0 0
109 0 0
110 0 0
111 0 0
112 0 0
113 0 0
114 0 0
115 0 0
116 0 0
117 0 0
118 0 0
119 0 0
120 0 0
121 0 0
122 0 0
123 0 0
124 0 0
125 0 0
126 0 0
127 0 0
128 0 0
129 0 0
130 0 0
131 0 0
132 0 0
133 0 0
134 0 0
135 0 0
136 0 0
137 0 0
138 0 0
139 0 0
140 0 0
141 0 0
142 0 0
143 0 0
144 0 0
145 0 0
146 0 0
147 0 0
148 0 0
149 0 0
150 0 0
151 0 0
152 0 0
153 0 0
154 0 0
155 0 0
156 0 0
157 0 0
158 0 0
159 0 0
160 0 0
161 0 0
162 0 0
163 0 0
164 0 0
165 0 0
166 0 0
167 0 0
168 0 0
169 0 0
170 0 0
171 0 0
172 0 0
173 0 0
174 0 0
175 0 0
176 0 0
177 0 0
178 0 0
179 0 0
180 0 0
181 0 0
182 0 0
183 0 0
184 0 0
185 0 0
186 0 0
187 0 0
188 0 0
189 0 0
190 0 0
191 0 0
192 0 0
193 0 0
194 0 0
195 0 0
196 0 0
197 0 0
198 0 0
199 0 0
200 0 0
201 0 0
202 0 0
203 0 0
204 0 0
205 0 0
206 0 0
207 0 0
208 0 0
209 0 0
210 0 0
211 0 0
212 0 0
213 0 0
214 0 0
215 0 0
216 0 0
217 0 0
218 0 0
219 0 0
220 0 0
221 0 0
222 0 0
223 0 0
224 0 0
225 0 0
226 0 0
227 0 0
228 0 0
229 0 0
230 0 0
231 0 0
232 0 0
233 0 0
234 0 0
235 0 0
236 0 0
237 0 0
238 0 0
239 0 0
240 0 0
241 0 0
242 0 0
243 0 0
244 0 0
245 0 0
246 0 0
247 0 0
248 0 0
249 0 0
250 0 0
251 0 0
252 0 0
253 0 0
254 0 0
255 0 0
256 0 0
257 0 0
258 0 0
259 0 0
260 0 0
261 0 0
262 0 0
263 0 0
264 0 0
265 0 0
266 0 0
267 0 0
268 0 0
269 0 0
270 0 0
271 0 0
272 0 0
273 0 0
274 0 0
275 0 0
276 0 0
277 0 0
278 0 0
279 0 0
280 0 0
281 0 0
282 0 0
283 0 0
284 0 0
285 0 0
286 0 0
287 0 0
288 0 0
289 0 0
290 0 0
291 0 0
292 0 0
293 0 0
294 0 0
295 0 0
296 0 0
297 0 0
298 0 0
299 0 0
300 0 0
301 0 0
302 0 0
303 0 0
304 0 0
305 0 0
306 0 0
307 0 0
308 0 0
309 0 0
310 0 0
311 0 0
312 0 0
313 0 0
314 0 0
315 0 0
316 0 0
317 0 0
318 0 0
319 0 0
320 0 0
321 0 0
322 0 0
323 0 0
324 0 0
325 0 0
326 0 0
327 0 0
328 0 0
329 0 0
330 0 0
331 0 0
332 0 0
333 0 0
334 0 0
335 0 0
336 0 0
337 0 0
338 0 0
339 0 0
340 0 0
341 0 0
342 0 0
343 0 0
344 0 0
345 0 0
346 0 0
347 0 0
348 0 0
349 0 0
350 0 0
351 0 0
352 0 0
353 0 0
354 0 0
355 0 0
356 0 0
357 0 0
358 0 0
359 0 0
360 0 0
361 0 0
362 0 0
363 0 0
364 0 0
365 0 0
366 0 0
367 0 0
368 0 0
369 0 0
370 0 0
371 0 0
372 0 0
373 0 0
374 0 0
375 0 0
376 0 0
377 0 0
378 0 0
379 0 0
380 0 0
381 0 0
382 0 0
383 0 0
384 0 0
385 0 0
386 0 0
387 0 0
388 0 0
389 0 0
390 0 0
391 0 0
392 0 0
393 0 0
394 0 0
395 0 0
396 0 0
397 0 0
398 0 0
399 0 0
400 0 0
401 0 0
402 0 0
403 0 0
404 0 0
405 0 0
406 0 0
407 0 0
408 0 0
409 0 0
410 0 0
411 0 0
412 0 0
413 0 0
414 0 0
415 0 0
416 0 0
417 0 0
418 0 0
419 0 0
420 0 0
421 0 0
422 0 0
423 0 0
424 0 0
425 0 0
426 0 0
427 0 0
428 0 0
429 0 0
430 0 0
431 0 0
432 0 0
433 0 0
434 0 0
435 0 0
436 0 0
437 0 0
438 0 0
439 0 0
440 0 0
441 0 0
442 0 0
443 0 0
444 0 0
445 0 0
446 0 0
447 0 0
448 0 0
449 0 0
450 0 0
451 0 0
452 0 0
453 0 0
454 0 0
455 0 0
456 0 0
457 0 0
458 0 0
459 0 0
460 0 0
461 0 0
462 0 0
463 0 0
464 0 0
465 0 0
466 0 0
467 0 0
468 0 0
469 0 0
470 0 0
471 0 0
472 0 0
473 0 0
474 0 0
475 0 0
476 0 0
477 0 0
478 0 0
479 0 0
480 0 0
481 0 0
482 0 0
483 0 0
484 0 0
485 0 0
486 0 0
487 0 0
488 0 0
489 0 0
490 0 0
491 0 0
492 0 0
493 0 0
494 0 0
495 0 0
496 0 0
497 0 0
498 0 0
499 0 0
500 0 0
501 0 0
502 0 0
503 0 0
504 0 0
505 0 0
506 0 0
507 0 0
508 0 0
509 0 0
510 0 0
511 0 0
512 0 0
513 0 0
514 0 0
515 0 0
516 0 0
517 0 0
518 0 0
519 0 0
520 0 0
521 0 0
522 0 0
523 0 0
524 0 0
525 0 0
526 0 0
527 0 0
528 0 0
529 0 0
530 0 0
531 0 0
532 0 0
533 0 0
534 0 0
535 0 0
536 0 0
537 0 0
538 0 0
539 0 0
540 0 0
541 0 0
542 0 0
543 0 0
544 0 0
545 0 0
546 0 0
547 0 0
548 0 0
549 0 0
550 0 0
551 0 0
552 0 0
553 0 0
554 0 0
555 0 0
556 0 0
557 0 0
558 0 0
559 0 0
560 0 0
561 0 0
562 0 0
563 0 0
564 0 0
565 0 0
566 0 0
567 0 0
568 0 0
569 0 0
570 0 0
571 0 0
572 0 0
573 0 0
574 0 0
575 0 0
576 0 0
577 0 0
578 0 0
579 0 0
580 0 0
581 0 0
582 0 0
583 0 0
584 0 0
585 0 0
586 0 0
587 0 0
588 0 0
589 0 0
590 0 0
591 0 0
592 0 0
593 0 0
594 0 0
595 0 0
596 0 0
597 0 0
598 0 0
599 0 0
600 0 0
601 0 0
602 0 0
603 0 0
604 0 0
605 0 0
606 0 0
607 0 0
608 0 0
609 0 0
610 0 0
611 0 0
612 0 0
613 0 0
614 0 0
615 0 0
616 0 0
617 0 0
618 0 0
619 0 0
620 0 0
621 0 0
622 0 0
623 0 0
624 0 0
625 0 0
626 0 0
627 0 0
628 0 0
629 0 0
630 0 0
631 0 0
632 0 0
633 0 0
634 0 0
635 0 0
636 0 0
637 0 0
638 0 0
639 0 0
640 0 0
641 0 0
642 0 0
643 0 0
644 0 0
645 0 0
646 0 0
647 0 0
648 0 0
649 0 0
650 0 0
651 0 0
652 0 0
653 0 0
654 0 0
655 0 0
656 0 0
657 0 0
658 0 0
659 0 0
660 0 0
661 0 0
662 0 0
663 0 0
664 0 0
665 0 0
666 0 0
667 0 0
668 0 0
669 0 0
670 0 0
671 0 0
672 0 0
673 0 0
674 0 0
675 0 0
676 0 0
677 0 0
678 0 0
679 0 0
680 0 0
681 0 0
682 0 0
683 0 0
684 0 0
685 0 0
686 0 0
687 0 0
688 0 0
689 0 0
690 0 0
691 0 0
692 0 0
693 0 0
694 0 0
695 0 0
696 0 0
697 0 0
698 0 0
699 0 0
700 0 0
701 0 0
702 0 0
703 0 0
704 0 0
705 0 0
706 0 0
707 0 0
708 0 0
709 0 0
710 0 0
711 0 0
712 0 0
713 0 0
714 0 0
715 0 0
716 0 0
717 0 0
718 0 0
719 0 0
720 0 0
721 0 0
722 0 0
723 0 0
724 0 0
725 0 0
726 0 0
727 0 0
728 0 0
729 0 0
730 0 0
731 0 0
732 0 0
733 0 0
734 0 0
735 0 0
736 0 0
737 0 0
738 0 0
739 0 0
740 0 0
741 0 0
742 0 0
743 0 0
744 0 0
745 0 0
746 0 0
747 0 0
748 0 0
749 0 0
750 0 0
751 0 0
752 0 0
753 0 0
754 0 0
755 0 0
756 0 0
757 0 0
758 0 0
759 0 0
760 0 0
761 0 0
762 0 0
763 0 0
764 0 0
765 0 0
766 0 0
767 0 0
768 0 0
769 0 0
770 0 0
771 0 0
772 0 0
773 0 0
774 0 0
775 0 0
776 0 0
777 0 0
778 0 0
779 0 0
780 0 0
781 0 0
782 0 0
783 0 0
784 0 0
785 0 0
786 0 0
787 0 0
788 0 0
789 0 0
790 0 0
791 0 0
792 0 0
793 0 0
794 0 0
795 0 0
796 0 0
797 0 0
798 0 0
799 0 0
800 0 0
801 0 0
802 0 0
803 0 0
804 0 0
805 0 0
806 0 0
807 0 0
808 0 0
809 0 0
810 0 0
811 0 0
812 0 0
813 0 0
814 0 0
815 0 0
816 0 0
817 0 0
818 0 0
819 0 0
820 0 0
821 0 0
822 0 0
823 0 0
824 0 0
825 0 0
826 0 0
827 0 0
828 0 0
829 0 0
830 0 0
831 0 0
832 0 0
833 0 0
834 0 0
835 0 0
836 0 0
837 0 0
838 0 0
839 0 0
840 0 0
841 0 0
842 0 0
843 0 0
844 0 0
845 0 0
846 0 0
847 0 0
848 0 0
849 0 0
850 0 0
851 0 0
852 0 0
853 0 0
854 0 0
855 0 0
856 0 0
857 0 0
858 0 0
859 0 0
860 0 0
861 0 0
862 0 0
863 0 0
864 0 0
865 0 0
866 0 0
867 0 0
868 0 0
869 0 0
870 0 0
871 0 0
872 0 0
873 0 0
874 0 0
875 0 0
876 0 0
877 0 0
878 0 0
879 0 0
880 0 0
881 0 0
882 0 0
883 0 0
884 0 0
885 0 0
886 0 0
887 0 0
888 0 0
889 0 0
890 0 0
891 0 0
892 0 0
893 0 0
894 0 0
895 0 0
896 0 0
897 0 0
898 0 0
899 0 0
900 0 0
901 0 0
902 0 0
903 0 0
904 0 0
905 0 0
906 0 0
907 0 0
908 0 0
909 0 0
910 0 0
911 0 0
912 0 0
913 0 0
914 0 0
915 0 0
916 0 0
917 0 0
918 0 0
919 0 0
920 0 0
921 0 0
922 0 0
923 0 0
924 0 0
925 0 0
926 0 0
927 0 0
928 0 0
929 0 0
930 0 0
931 0 0
932 0 0
933 0 0
934 0 0
935 0 0
936 0 0
937 0 0
938 0 0
939 0 0
940 0 0
941 0 0
942 0 0
943 0 0
944 0 0
945 0 0
946 0 0
947 0 0
948 0 0
949 0 0
950 0 0
951 0 0
952 0 0
953 0 0
954 0 0
955 0 0
956 0 0
957 0 0
958 0 0
959 0 0
960 0 0
961 0 0
962 0 0
963 0 0
964 0 0
965 0 0
966 0 0
967 0 0
968 0 0
969 0 0
970 0 0
971 0 0
972 0 0
973 0 0
974 0 0
975 0 0
976 0 0
977 0 0
978 0 0
979 0 0
980 0 0
981 0 0
982 0 0
983 0 0
984 0 0
985 0 0
986 0 0
987 0 0
988 0 0
989 0 0
990 0 0
991 0 0
992 0 0
993 0 0
994 0 0
995 0 0
996 0 0
997 0 0
998 0 0
999 0 0
1000 0 0
1001 0 0
1002 0 0
1003 0 0
1004 0 0
1005 0 0
1006 0 0
1007 0 0
1008 0 0
1009 0 0
1010 0 0
1011 0 0
1012 0 0
1013 0 0
1014 0 0
1015 0 0
1016 0 0
1017 0 0
1018 0 0
1019 0 0
1020 0 0
1021 0 0
1022 0 0
1023 0 0
1024 0 0
1025 0 0
1026 0 0
1027 0 0
1028 0 0
1029 0 0
1030 0 0
1031 0 0
1032 0 0
1033 0 0
1034 0 0
1035 0 0
1036 0 0
1037 0 0
1038 0 0
1039 0 0
1040 0 0
1041 0 0
1042 0 0
1043 0 0
1044 0 0
1045 0 0
1046 0 0
1047 0 0
1048 0 0
1049 0 0
1050 0 0
1051 0 0
1052 0 0
1053 0 0
1054 0 0
1055 0 0
1056 0 0
1057 0 0
1058 0 0
1059 0 0
1060 0 0
1061 0 0
1062 0 0
1063 0 0
1064 0 0
1065 0 0
1066 0 0
1067 0 0
1068 0 0
1069 0 0
1070 0 0
1071 0 0
1072 0 0
1073 0 0
1074 0 0
1075 0 0
1076 0 0
1077 0 0
1078 0 0
1079 0 0
1080 0 0
1081 0 0
1082 0 0
1083 0 0
1084 0 0
1085 0 0
1086 0 0
1087 0 0
1088 0 0
1089 0 0
1090 0 0
1091 0 0
1092 0 0
1093 0 0
1094 0 0
1095 0 0
1096 0 0
1097 0 0
1098 0 0
1099 0 0
1100 0 0
1101 0 0
1102 0 0
1103 0 0
1104 0 0
1105 0 0
1106 0 0
1107 0 0
1108 0 0
1109 0 0
1110 0 0
1111 0 0
1112 0 0
1113 0 0
1114 0 0
1115 0 0
1116 0 0
1117 0 0
1118 0 0
1119 0 0
1120 0 0
1121 0 0
1122 0 0
1123 0 0
1124 0 0
1125 0 0
1126 0 0
1127 0 0
1128 0 0
1129 0 0
1130 0 0
1131 0 0
1132 0 0
1133 0 0
1134 0 0
1135 0 0
1136 0 0
1137 0 0
1138 0 0
1139 0 0
1140 0 0
1141 0 0
1142 0 0
1143 0 0
1144 0 0
1145 0 0
1146 0 0
1147 0 0
1148 0 0
1149 0 0
1150 0 0
1151 0 0
1152 0 0
1153 0 0
1154 0 0
1155 0 0
1156 0 0
1157 0 0
1158 0 0
1159 0 0
1160 0 0
1161 0 0
1162 0 0
1163 0 0
1164 0 0
1165 0 0
1166 0 0
1167 0 0
1168 0 0
1169 0 0
1170 0 0
1171 0 0
1172 0 0
1173 0 0
1174 0 0
1175 0 0
1176 0 0
1177 0 0
1178 0 0
1179 0 0
1180 0 0
1181 0 0
1182 0 0
1183 0 0
1184 0 0
1185 0 0
1186 0 0
1187 0 0
1188 0 0
1189 0 0
1190 0 0
1191 0 0
1192 0 0
1193 0 0
1194 0 0
1195 0 0
1196 0 0
1197 0 0
1198 0 0
1199 0 0
1200 0 0
1201 0 0
1202 0 0
1203 0 0
1204 0 0
1205 0 0
1206 0 0
1207 0 0
1208 0 0
1209 0 0
1210 0 0
1211 0 0
1212 0 0
1213 0 0
1214 0 0
1215 0 0
1216 0 0
1217 0 0
1218 0 0
1219 0 0
1220 0 0
1221 0 0
1222 0 0
1223 0 0
1224 0 0
1225 0 0
1226 0 0
1227 0 0
1228 0 0
1229 0 0
1230 0 0
1231 0 0
1232 0 0
1233 0 0
1234 0 0
1235 0 0
1236 0 0
1237 0 0
1238 0 0
1239 0 0
1240 0 0
1241 0 0
1242 0 0
1243 0 0
1244 0 0
1245 0 0
1246 0 0
1247 0 0
1248 0 0
1249 0 0
1250 0 0
1251 0 0
1252 0 0
1253 0 0
1254 0 0
1255 0 0
1256 0 0
1257 0 0
1258 0 0
1259 0 0
1260 0 0
1261 0 0
1262 0 0
1263 0 0
1264 0 0
1265 0 0
1266 0 0
1267 0 0
1268 0 0
1269 0 0
1270 0 0
1271 0 0
1272 0 0
1273 0 0
1274 0 0
1275 0 0
1276 0 0
1277 0 0
1278 0 0
1279 0 0
1280 0 0
1281 0 0
1282 0 0
1283 0 0
1284 0 0
1285 0 0
1286 0 0
1287 0 0
1288 0 0
1289 0 0
1290 0 0
1291 0 0
1292 0 0
1293 0 0
1294 0 0
1295 0 0
1296 0 0
1297 0 0
1298 0 0
1299 0 0
1300 0 0
1301 0 0
1302 0 0
1303 0 0
1304 0 0
1305 0 0
1306 0 0
1307 0 0
1308 0 0
1309 0 0
1310 0 0
1311 0 0
1312 0 0
1313 0 0
1314 0 0
1315 0 0
1316 0 0
1317 0 0
1318 0 0
1319 0 0
1320 0 0
1321 0 0
1322 0 0
1323 0 0
1324 0 0
1325 0 0
1326 0 0
1327 0 0
1328 0 0
1329 0 0
1330 0 0
1331 0 0
1332 0 0
1333 0 0
1334 0 0
1335 0 0
1336 0 0
1337 0 0
1338 0 0
1339 0 0
1340 0 0
1341 0 0
1342 0 0
1343 0 0
1344 0 0
1345 0 0
1346 0 0
1347 0 0
1348 0 0
1349 0 0
1350 0 0
1351 0 0
1352 0 0
1353 0 0
1354 0 0
1355 0 0
1356 0 0
1357 0 0
1358 0 0
1359 0 0
1360 0 0
1361 0 0
1362 0 0
1363 0 0
1364 0 0
1365 0 0
1366 0 0
1367 0 0
1368 0 0
1369 0 0
1370 0 0
1371 0 0
1372 0 0
1373 0 0
1374 0 0
1375 0 0
1376 0 0
1377 0 0
1378 0 0
1379 0 0
1380 0 0
1381 0 0
1382 0 0
1383 0 0
1384 0 0
1385 0 0
1386 0 0
1387 0 0
1388 0 0
1389 0 0
1390 0 0
1391 0 0
1392 0 0
1393 0 0
1394 0 0
1395 0 0
1396 0 0
1397 0 0
1398 0 0
1399 0 0
1400 0 0
1401 0 0
1402 0 0
1403 0 0
1404 0 0
1405 0 0
1406 0 0
1407 0 0
1408 0 0
1409 0 0
1410 0 0
1411 0 0
1412 0 0
1413 0 0
1414 0 0
1415 0 0
1416 0 0
1417 0 0
1418 0 0
1419 0 0
1420 0 0
1421 0 0
1422 0 0
1423 0 0
1424 0 0
1425 0 0
1426 0 0
1427 0 0
1428 0 0
1429 0 0
1430 0 0
1431 0 0
1432 0 0
1433 0 0
1434 0 0
1435 0 0
1436 0 0
1437 0 0
1438 0 0
1439 0 0
1440 0 0
1441 0 0
1442 0 0
1443 0 0
1444 0 0
1445 0 0
1446 0 0
1447 0 0
1448 0 0
1449 0 0
1450 0 0
1451 0 0
1452 0 0
1453 0 0
1454 0 0
1455 0 0
1456 0 0
1457 0 0
1458 0 0
1459 0 0
1460 0 0
1461 0 0
1462 0 0
1463 0 0
1464 0 0
1465 0 0
1466 0 0
1467 0 0
1468 0 0
1469 0 0
1470 0 0
1471 0 0
1472 0 0
1473 0 0
1474 0 0
1475 0 0
1476 0 0
1477 0 0
1478 0 0
1479 0 0
1480 0 0
1481 0 0
1482 0 0
1483 0 0
1484 0 0
1485 0 0
1486 0 0
1487 0 0
1488 0 0
1489 0 0
1490 0 0
1491 0 0
1492 0 0
1493 0 0
1494 0 0
1495 0 0
1496 0 0
1497 0 0
1498 0 0
1499 0 0
1500 0 0
1501 0 0
1502 0 0
1503 0 0
1504 0 0
1505 0 0
1506 0 0
1507 0 0
1508 0 0
1509 0 0
1510 0 0
1511 0 0
1512 0 0
1513 0 0
1514 0 0
1515 0 0
1516 0 0
1517 0 0
1518 0 0
1519 0 0
1520 0 0
1521 0 0
1522 0 0
1523 0 0
1524 0 0
1525 0 0
1526 0 0
1527 0 0
1528 0 0
1529 0 0
1530 0 0
1531 0 0
1532 0 0
1533 0 0
1534 0 0
1535 0 0
1536 0 0
1537 0 0
1538 0 0
1539 0 0
1540 0 0
1541 0 0
1542 0 0
1543 0 0
1544 0 0
1545 0 0
1546 0 0
1547 0 0
1548 0 0
1549 0 0
1550 0 0
1551 0 0
1552 0 0
1553 0 0
1554 0 0
1555 0 0
1556 0 0
1557 0 0
1558 0 0
1559 0 0
1560 0 0
1561 0 0
1562 0 0
1563 0 0
1564 0 0
1565 0 0
1566 0 0
1567 0 0
1568 0 0
1569 0 0
1570 0 0
1571 0 0
1572 0 0
1573 0 0
1574 0 0
1575 0 0
1576 0 0
1577 0 0
1578 0 0
1579 0 0
1580 0 0
1581 0 0
1582 0 0
1583 0 0
1584 0 0
1585 0 0
1586 0 0
1587 0 0
1588 0 0
1589 0 0
1590 0 0
1591 0 0
1592 0 0
1593 0 0
1594 0 0
1595 0 0
1596 0 0
1597 0 0
1598 0 0
1599 0 0
1600 0 0

ARCS
16 15 8
15 14 22
14 13 87
13 12 40
12 11 26
11 10 5
10 9 50
9 8 18
8 7 5
7 6 33
6 5 14
5 4 6
4 3 1
3 2 2
2 1 17
1 41 3
41 42 17
42 43 2
43 44 1
44 45 6
45 46 14
46 47 33
47 48 5
48 49 18
49 50 50
50 51 5
51 52 26
52 53 40
53 54 87
54 55 22
55 56 8
56 57 18
57 58 31
58 59 82
59 60 16
60 61 8
61 62 48
62 63 47
63 64 11
64 65 26
65 66 21
66 67 11
67 68 22
68 69 9
69 70 17
70 71 58
71 72 12
72 73 1
73 74 55
74 75 20
75 76 36
76 77 11
77 78 53
78 79 5
79 80 1
80 40 3
40 39 1
39 38 5
38 37 53
37 36 11
36 35 36
35 34 20
34 33 55
33 32 1
32 31 12
31 30 58
30 29 17
29 28 9
28 27 22
27 26 11
26 25 21
25 24 26
24 23 11
23 22 47
22 21 48
21 20 8
20 19 16
19 18 82
18 17 31
17 16 18
16 56 3
56 96 129
96 95 8
95 94 22
94 93 87
93 92 40
92 91 26
91 90 5
90 89 50
89 88 18
88 87 5
87 86 33
86 85 14
85 84 6
84 83 1
83 82 2
82 81 17
81 41 129
81 121 4
121 122 17
122 123 2
123 124 1
124 125 6
125 126 14
126 127 33
127 128 5
128 129 18
129 130 50
130 131 5
131 132 26
132 133 40
133 134 87
134 451 22
451 136 8
136 571 18
571 138 31
138 139 82
139 140 16
140 141 8
141 1011 48
1011 143 47
143 144 11
144 145 26
145 146 21
146 147 11
147 148 22
148 149 9
149 150 17
150 151 58
151 152 12
152 153 1
153 154 55
154 155 20
155 156 36
156 157 11
157 158 53
158 159 5
159 160 1
160 120 4
120 119 1
119 118 5
118 117 53
117 116 11
116 115 36
115 114 20
114 113 55
113 112 1
112 111 12
111 110 58
110 109 17
109 108 9
108 107 22
107 106 11
106 105 21
105 104 26
104 103 11
103 102 47
102 101 48
101 100 8
100 99 16
99 98 82
98 97 31
97 96 18
96 136 4
136 176 28
176 175 8
175 174 22
174 173 87
173 172 40
172 171 26
171 170 5
170 169 50
169 168 18
168 167 5
167 166 33
166 165 14
165 164 6
164 163 1
163 162 2
162 161 17
161 121 28
161 201 39
201 202 17
202 203 2
203 204 1
204 205 6
205 206 14
206 207 33
207 208 5
208 209 18
209 210 50
210 211 5
211 212 26
212 213 40
213 214 87
214 215 22
215 216 8
216 217 18
217 218 31
218 219 82
219 220 16
220 221 8
221 222 48
222 223 47
223 224 11
224 225 26
225 226 21
226 227 11
227 228 22
228 229 9
229 230 17
230 231 58
231 232 12
232 233 1
233 234 55
234 235 20
235 236 36
236 237 11
237 238 53
238 239 5
239 240 1
240 200 39
200 199 1
199 198 5
198 197 53
197 196 11
196 195 36
195 194 20
194 193 55
193 192 1
192 191 12
191 190 58
190 189 17
189 188 9
188 187 22
187 186 11
186 185 21
185 184 26
184 183 11
183 182 47
182 181 48
181 180 8
180 179 16
179 178 82
178 177 31
177 176 18
176 216 39
216 256 13
256 255 8
255 254 22
254 253 87
253 252 40
252 251 26
251 250 5
250 249 50
249 248 18
248 247 5
247 246 33
246 245 14
245 244 6
244 243 1
243 242 2
242 241 17
241 201 13
241 281 19
281 282 17
282 283 2
283 284 1
284 285 6
285 286 14
286 287 33
287 288 5
288 289 18
289 290 50
290 291 5
291 292 26
292 293 40
293 294 87
294 295 22
295 296 8
296 297 18
297 298 31
298 299 82
299 300 16
300 301 8
301 302 48
302 303 47
303 304 11
304 305 26
305 306 21
306 307 11
307 308 22
308 309 9
309 310 17
310 311 58
311 312 12
312 313 1
313 314 55
314 315 20
315 316 36
316 317 11
317 318 53
318 319 5
319 320 1
320 280 19
280 279 1
279 278 5
278 277 53
277 276 11
276 275 36
275 274 20
274 273 55
273 272 1
272 271 12
271 270 58
270 269 17
269 268 9
268 267 22
267 266 11
266 265 21
265 264 26
264 263 11
263 262 47
262 261 48
261 260 8
260 259 16
259 258 82
258 257 31
257 256 18
256 296 19
296 336 5
336 335 8
335 334 22
334 333 87
333 332 40
332 331 26
331 330 5
330 329 50
329 328 18
328 327 5
327 326 33
326 325 14
325 324 6
324 323 1
323 322 2
322 321 17
321 281 5
321 361 37
361 362 17
362 363 2
363 364 1
364 365 6
365 366 14
366 367 33
367 368 5
368 369 18
369 370 50
370 371 5
371 372 26
372 373 40
373 374 87
374 375 22
375 376 8
376 377 18
377 378 31
378 379 82
379 380 16
380 381 8
381 382 48
382 383 47
383 384 11
384 385 26
385 386 21
386 387 11
387 388 22
388 389 9
389 390 17
390 391 58
391 392 12
392 393 1
393 394 55
394 395 20
395 396 36
396 397 11
397 398 53
398 399 5
399 400 1
400 360 37
360 359 1
359 358 5
358 357 53
357 356 11
356 355 36
355 354 20
354 353 55
353 352 1
352 351 12
351 350 58
350 349 17
349 348 9
348 347 22
347 346 11
346 345 21
345 344 26
344 343 11
343 342 47
342 341 48
341 340 8
340 339 16
339 338 82
338 337 31
337 336 18
336 376 37
376 416 24
416 415 8
415 414 22
414 413 87
413 412 40
412 411 26
411 410 5
410 409 50
409 408 18
408 407 5
407 406 33
406 405 14
405 404 6
404 403 1
403 402 2
402 401 17
401 361 24
401 441 10
441 442 17
442 443 2
443 444 1
444 445 6
445 446 14
446 447 33
447 448 5
448 449 18
449 450 50
450 451 5
451 452 26
452 453 40
453 454 87
454 455 22
455 456 8
456 575 18
575 458 31
458 459 82
459 460 16
460 461 8
461 1015 48
1015 463 47
463 464 11
464 465 26
465 466 21
466 467 11
467 468 22
468 469 9
469 470 17
470 471 58
471 472 12
472 473 1
473 474 55
474 475 20
475 476 36
476 477 11
477 478 53
478 479 5
479 480 1
480 440 10
440 439 1
439 438 5
438 437 53
437 436 11
436 435 36
435 434 20
434 433 55
433 432 1
432 431 12
431 430 58
430 429 17
429 428 9
428 427 22
427 426 11
426 425 21
425 424 26
424 423 11
423 422 47
422 421 48
421 420 8
420 419 16
419 418 82
418 417 31
417 416 18
416 456 10
456 496 2
496 495 8
495 494 22
494 493 87
493 492 40
492 491 26
491 490 5
490 489 50
489 488 18
488 487 5
487 486 33
486 485 14
485 484 6
484 483 1
483 482 2
482 481 17
481 441 2
481 521 7
521 522 17
522 523 2
523 524 1
524 525 6
525 526 14
526 527 33
527 528 5
528 529 18
529 530 50
530 531 5
531 532 26
532 533 40
533 534 87
534 535 22
535 536 8
536 537 18
537 538 31
538 539 82
539 540 16
540 541 8
541 542 48
542 543 47
543 544 11
544 545 26
545 546 21
546 547 11
547 548 22
548 549 9
549 550 17
550 551 58
551 552 12
552 553 1
553 554 55
554 555 20
555 556 36
556 557 11
557 558 53
558 559 5
559 560 1
560 520 7
520 519 1
519 518 5
518 517 53
517 516 11
516 515 36
515 514 20
514 513 55
513 512 1
512 511 12
511 510 58
510 509 17
509 508 9
508 507 22
507 506 11
506 505 21
505 504 26
504 503 11
503 502 47
502 501 48
501 500 8
500 499 16
499 498 82
498 497 31
497 496 18
496 536 7
536 576 17
576 575 8
575 574 22
574 573 87
573 572 40
572 571 26
571 570 5
570 569 50
569 568 18
568 567 5
567 566 33
566 565 14
565 564 6
564 563 1
563 562 2
562 561 17
561 521 17
561 601 18
601 602 17
602 603 2
603 604 1
604 605 6
605 606 14
606 607 33
607 608 5
608 609 18
609 610 50
610 611 5
611 612 26
612 613 40
613 614 87
614 615 22
615 616 8
616 617 18
617 618 31
618 619 82
619 620 16
620 621 8
621 622 48
622 623 47
623 624 11
624 625 26
625 626 21
626 627 11
627 628 22
628 629 9
629 630 17
630 631 58
631 632 12
632 633 1
633 634 55
634 635 20
635 636 36
636 637 11
637 638 53
638 639 5
639 640 1
640 600 18
600 599 1
599 598 5
598 597 53
597 596 11
596 595 36
595 594 20
594 593 55
593 592 1
592 591 12
591 590 58
590 589 17
589 588 9
588 587 22
587 586 11
586 585 21
585 584 26
584 583 11
583 1017 47
1017 581 48
581 580 8
580 579 16
579 578 82
578 577 31
577 576 18
576 616 18
616 656 9
656 655 8
655 654 22
654 653 87
653 652 40
652 651 26
651 650 5
650 649 50
649 648 18
648 647 5
647 646 33
646 645 14
645 644 6
644 643 1
643 642 2
642 641 17
641 601 9
641 681 17
681 682 17
682 683 2
683 684 1
684 685 6
685 686 14
686 687 33
687 688 5
688 689 18
689 690 50
690 691 5
691 692 26
692 693 40
693 694 87
694 695 22
695 696 8
696 697 18
697 698 31
698 699 82
699 700 16
700 701 8
701 702 48
702 703 47
703 704 11
704 705 26
705 706 21
706 707 11
707 708 22
708 709 9
709 710 17
710 711 58
711 712 12
712 713 1
713 714 55
714 715 20
715 716 36
716 717 11
717 718 53
718 719 5
719 720 1
720 680 17
680 679 1
679 678 5
678 677 53
677 676 11
676 675 36
675 674 20
674 673 55
673 672 1
672 671 12
671 670 58
670 669 17
669 668 9
668 667 22
667 666 11
666 665 21
665 664 26
664 663 11
663 662 47
662 661 48
661 660 8
660 659 16
659 658 82
658 657 31
657 656 18
656 696 17
696 736 51
736 735 8
735 734 22
734 733 87
733 732 40
732 731 26
731 730 5
730 729 50
729 728 18
728 727 5
727 726 33
726 725 14
725 724 6
724 723 1
723 722 2
722 721 17
721 681 51
721 761 26
761 762 17
762 763 2
763 764 1
764 765 6
765 766 14
766 767 33
767 768 5
768 769 18
769 770 50
770 771 5
771 772 26
772 773 40
773 774 87
774 775 22
775 776 8
776 777 18
777 778 31
778 779 82
779 780 16
780 781 8
781 782 48
782 783 47
783 784 11
784 785 26
785 786 21
786 787 11
787 788 22
788 789 9
789 790 17
790 791 58
791 792 12
792 793 1
793 794 55
794 795 20
795 796 36
796 797 11
797 798 53
798 799 5
799 800 1
800 760 26
760 759 1
759 758 5
758 757 53
757 756 11
756 755 36
755 754 20
754 753 55
753 752 1
752 751 12
751 750 58
750 749 17
749 748 9
748 747 22
747 746 11
746 745 21
745 744 26
744 743 11
743 742 47
742 741 48
741 740 8
740 739 16
739 738 82
738 737 31
737 736 18
736 776 26
776 816 22
816 815 8
815 814 22
814 813 87
813 812 40
812 811 26
811 810 5
810 809 50
809 808 18
808 807 5
807 806 33
806 805 14
805 804 6
804 803 1
803 802 2
802 801 17
801 761 22
801 841 21
841 842 17
842 843 2
843 844 1
844 845 6
845 846 14
846 847 33
847 848 5
848 849 18
849 850 50
850 851 5
851 852 26
852 853 40
853 854 87
854 855 22
855 856 8
856 857 18
857 858 31
858 859 82
859 860 16
860 861 8
861 862 48
862 863 47
863 864 11
864 865 26
865 866 21
866 867 11
867 868 22
868 869 9
869 870 17
870 871 58
871 872 12
872 873 1
873 874 55
874 875 20
875 876 36
876 877 11
877 878 53
878 879 5
879 880 1
880 840 21
840 839 1
839 838 5
838 837 53
837 836 11
836 835 36
835 834 20
834 833 55
833 832 1
832 831 12
831 830 58
830 829 17
829 828 9
828 827 22
827 826 11
826 825 21
825 824 26
824 823 11
823 822 47
822 821 48
821 820 8
820 819 16
819 818 82
818 817 31
817 816 18
816 856 21
856 896 1
896 895 8
895 894 22
894 893 87
893 892 40
892 891 26
891 890 5
890 889 50
889 888 18
888 887 5
887 886 33
886 885 14
885 884 6
884 883 1
883 882 2
882 881 17
881 841 1
881 921 13
921 922 17
922 923 2
923 924 1
924 925 6
925 926 14
926 927 33
927 928 5
928 929 18
929 930 50
930 931 5
931 932 26
932 933 40
933 934 87
934 935 22
935 936 8
936 937 18
937 938 31
938 939 82
939 940 16
940 941 8
941 942 48
942 943 47
943 944 11
944 945 26
945 946 21
946 947 11
947 948 22
948 949 9
949 950 17
950 951 58
951 952 12
952 953 1
953 954 55
954 955 20
955 956 36
956 957 11
957 958 53
958 959 5
959 960 1
960 920 13
920 919 1
919 918 5
918 917 53
917 916 11
916 915 36
915 914 20
914 913 55
913 912 1
912 911 12
911 910 58
910 909 17
909 908 9
908 907 22
907 906 11
906 905 21
905 904 26
904 903 11
903 902 47
902 901 48
901 900 8
900 899 16
899 898 82
898 897 31
897 896 18
896 936 13
936 976 5
976 975 8
975 974 22
974 973 87
973 972 40
972 971 26
971 970 5
970 969 50
969 968 18
968 967 5
967 966 33
966 965 14
965 964 6
964 963 1
963 962 2
962 961 17
961 921 5
961 1001 2
1001 1002 17
1002 1003 2
1003 1004 1
1004 1005 6
1005 1006 14
1006 1007 33
1007 1008 5
1008 1009 18
1009 1010 50
1010 1011 5
1011 1012 26
1012 1013 40
1013 1014 87
1014 1015 22
1015 1016 8
1016 1017 18
1017 1018 31
1018 1019 82
1019 1020 16
1020 1021 8
1021 1022 48
1022 1023 47
1023 1024 11
1024 1025 26
1025 1026 21
1026 1027 11
1027 1028 22
1028 1029 9
1029 1030 17
1030 1031 58
1031 1032 12
1032 1033 1
1033 1034 55
1034 1035 20
1035 1036 36
1036 1037 11
1037 1038 53
1038 1039 5
1039 1040 1
1040 1000 2
1000 999 1
999 998 5
998 997 53
997 996 11
996 995 36
995 994 20
994 993 55
993 992 1
992 991 12
991 990 58
990 989 17
989 988 9
988 987 22
987 986 11
986 985 21
985 984 26
984 983 11
983 982 47
982 981 48
981 980 8
980 979 16
979 978 82
978 977 31
977 976 18
976 1016 2
1016 1056 36
1056 1055 8
1055 1054 22
1054 1053 87
1053 1052 40
1052 1051 26
1051 1050 5
1050 1049 50
1049 1048 18
1048 1047 5
1047 1046 33
1046 1045 14
1045 1044 6
1044 1043 1
1043 1042 2
1042 1041 17
1041 1001 36
1041 1081 12
1081 1082 17
1082 1083 2
1083 1084 1
1084 1085 6
1085 1086 14
1086 1087 33
1087 1088 5
1088 1089 18
1089 1090 50
1090 1091 5
1091 1092 26
1092 1093 40
1093 1094 87
1094 1095 22
1095 1096 8
1096 1097 18
1097 1098 31
1098 1099 82
1099 1100 16
1100 1101 8
1101 1102 48
1102 1103 47
1103 1104 11
1104 1105 26
1105 1106 21
1106 1107 11
1107 1108 22
1108 1109 9
1109 1110 17
1110 1111 58
1111 1112 12
1112 1113 1
1113 1114 55
1114 1115 20
1115 1116 36
1116 1117 11
1117 1118 53
1118 1119 5
1119 1120 1
1120 1080 12
1080 1079 1
1079 1078 5
1078 1077 53
1077 1076 11
1076 1075 36
1075 1074 20
1074 1073 55
1073 1072 1
1072 1071 12
1071 1070 58
1070 1069 17
1069 1068 9
1068 1067 22
1067 1066 11
1066 1065 21
1065 1064 26
1064 1063 11
1063 1062 47
1062 1061 48
1061 1060 8
1060 1059 16
1059 1058 82
1058 1057 31
1057 1056 18
1056 1096 12
1096 1136 60
1136 1135 8
1135 1134 22
1134 1133 87
1133 1132 40
1132 1131 26
1131 1130 5
1130 1129 50
1129 1128 18
1128 1127 5
1127 1126 33
1126 1125 14
1125 1124 6
1124 1123 1
1123 1122 2
1122 1121 17
1121 1081 60
1121 1161 20
1161 1162 17
1162 1163 2
1163 1164 1
1164 1165 6
1165 1166 14
1166 1167 33
1167 1168 5
1168 1169 18
1169 1170 50
1170 1171 5
1171 1172 26
1172 1173 40
1173 1174 87
1174 1175 22
1175 1176 8
1176 1177 18
1177 1178 31
1178 1179 82
1179 1180 16
1180 1181 8
1181 1182 48
1182 1183 47
1183 1184 11
1184 1185 26
1185 1186 21
1186 1187 11
1187 1188 22
1188 1189 9
1189 1190 17
1190 1191 58
1191 1192 12
1192 1193 1
1193 1194 55
1194 1195 20
1195 1196 36
1196 1197 11
1197 1198 53
1198 1199 5
1199 1200 1
1200 1160 20
1160 1159 1
1159 1158 5
1158 1157 53
1157 1156 11
1156 1155 36
1155 1154 20
1154 1153 55
1153 1152 1
1152 1151 12
1151 1150 58
1150 1149 17
1149 1148 9
1148 1147 22
1147 1146 11
1146 1145 21
1145 1144 26
1144 1143 11
1143 1142 47
1142 1141 48
1141 1140 8
1140 1139 16
1139 1138 82
1138 1137 31
1137 1136 18
1136 1176 20
1176 1216 23
1216 1215 8
1215 1214 22
1214 1213 87
1213 1212 40
1212 1211 26
1211 1210 5
1210 1209 50
1209 1208 18
1208 1207 5
1207 1206 33
1206 1205 14
1205 1204 6
1204 1203 1
1203 1202 2
1202 1201 17
1201 1161 23
1201 1241 2
1241 1242 17
1242 1243 2
1243 1244 1
1244 1245 6
1245 1246 14
1246 1247 33
1247 1248 5
1248 1249 18
1249 1250 50
1250 1251 5
1251 1252 26
1252 1253 40
1253 1254 87
1254 1255 22
1255 1256 8
1256 1257 18
1257 1258 31
1258 1259 82
1259 1260 16
1260 1261 8
1261 1262 48
1262 1263 47
1263 1264 11
1264 1265 26
1265 1266 21
1266 1267 11
1267 1268 22
1268 1269 9
1269 1270 17
1270 1271 58
1271 1272 12
1272 1273 1
1273 1274 55
1274 1275 20
1275 1276 36
1276 1277 11
1277 1278 53
1278 1279 5
1279 1280 1
1280 1240 2
1240 1239 1
1239 1238 5
1238 1237 53
1237 1236 11
1236 1235 36
1235 1234 20
1234 1233 55
1233 1232 1
1232 1231 12
1231 1230 58
1230 1229 17
1229 1228 9
1228 1227 22
1227 1226 11
1226 1225 21
1225 1224 26
1224 1223 11
1223 1222 47
1222 1221 48
1221 1220 8
1220 1219 16
1219 1218 82
1218 1217 31
1217 1216 18
1216 1256 2
1256 1296 57
1296 1295 8
1295 1294 22
1294 1293 87
1293 1292 40
1292 1291 26
1291 1290 5
1290 1289 50
1289 1288 18
1288 1287 5
1287 1286 33
1286 1285 14
1285 1284 6
1284 1283 1
1283 1282 2
1282 1281 17
1281 1241 57
1281 1321 16
1321 1322 17
1322 1323 2
1323 1324 1
1324 1325 6
1325 1326 14
1326 1327 33
1327 1328 5
1328 1329 18
1329 1330 50
1330 1331 5
1331 1332 26
1332 1333 40
1333 1334 87
1334 1335 22
1335 1336 8
1336 1337 18
1337 1338 31
1338 1339 82
1339 1340 16
1340 1341 8
1341 1342 48
1342 1343 47
1343 1344 11
1344 1345 26
1345 1346 21
1346 1347 11
1347 1348 22
1348 1349 9
1349 1350 17
1350 1351 58
1351 1352 12
1352 1353 1
1353 1354 55
1354 1355 20
1355 1356 36
1356 1357 11
1357 1358 53
1358 1359 5
1359 1360 1
1360 1320 16
1320 1319 1
1319 1318 5
1318 1317 53
1317 1316 11
1316 1315 36
1315 1314 20
1314 1313 55
1313 1312 1
1312 1311 12
1311 1310 58
1310 1309 17
1309 1308 9
1308 1307 22
1307 1306 11
1306 1305 21
1305 1304 26
1304 1303 11
1303 1302 47
1302 1301 48
1301 1300 8
1300 1299 16
1299 1298 82
1298 1297 31
1297 1296 18
1296 1336 16
1336 1376 77
1376 1375 8
1375 1374 22
1374 1373 87
1373 1372 40
1372 1371 26
1371 1370 5
1370 1369 50
1369 1368 18
1368 1367 5
1367 1366 33
1366 1365 14
1365 1364 6
1364 1363 1
1363 1362 2
1362 1361 17
1361 1321 77
1361 1401 21
1401 1402 17
1402 1403 2
1403 1404 1
1404 1405 6
1405 1406 14
1406 1407 33
1407 1408 5
1408 1409 18
1409 1410 50
1410 1411 5
1411 1412 26
1412 1413 40
1413 1414 87
1414 1415 22
1415 1416 8
1416 1417 18
1417 1418 31
1418 1419 82
1419 1420 16
1420 1421 8
1421 1422 48
1422 1423 47
1423 1424 11
1424 1425 26
1425 1426 21
1426 1427 11
1427 1428 22
1428 1429 9
1429 1430 17
1430 1431 58
1431 1432 12
1432 1433 1
1433 1434 55
1434 1435 20
1435 1436 36
1436 1437 11
1437 1438 53
1438 1439 5
1439 1440 1
1440 1400 21
1400 1399 1
1399 1398 5
1398 1397 53
1397 1396 11
1396 1395 36
1395 1394 20
1394 1393 55
1393 1392 1
1392 1391 12
1391 1390 58
1390 1389 17
1389 1388 9
1388 1387 22
1387 1386 11
1386 1385 21
1385 1384 26
1384 1383 11
1383 1382 47
1382 1381 48
1381 1380 8
1380 1379 16
1379 1378 82
1378 1377 31
1377 1376 18
1376 1416 21
1416 1456 29
1456 1455 8
1455 1454 22
1454 1453 87
1453 1452 40
1452 1451 26
1451 1450 5
1450 1449 50
1449 1448 18
1448 1447 5
1447 1446 33
1446 1445 14
1445 1444 6
1444 1443 1
1443 1442 2
1442 1441 17
1441 1401 29
1441 1481 60
1481 1482 17
1482 1483 2
1483 1484 1
1484 1485 6
1485 1486 14
1486 1487 33
1487 1488 5
1488 1489 18
1489 1490 50
1490 1491 5
1491 1492 26
1492 1493 40
1493 1494 87
1494 1495 22
1495 1496 8
1496 1497 18
1497 1498 31
1498 1499 82
1499 1500 16
1500 1501 8
1501 1502 48
1502 1503 47
1503 1504 11
1504 1505 26
1505 1506 21
1506 1507 11
1507 1508 22
1508 1509 9
1509 1510 17
1510 1511 58
1511 1512 12
1512 1513 1
1513 1514 55
1514 1515 20
1515 1516 36
1516 1517 11
1517 1518 53
1518 1519 5
1519 1520 1
1520 1480 60
1480 1479 1
1479 1478 5
1478 1477 53
1477 1476 11
1476 1475 36
1475 1474 20
1474 1473 55
1473 1472 1
1472 1471 12
1471 1470 58
1470 1469 17
1469 1468 9
1468 1467 22
1467 1466 11
1466 1465 21
1465 1464 26
1464 1463 11
1463 1462 47
1462 1461 48
1461 1460 8
1460 1459 16
1459 1458 82
1458 1457 31
1457 1456 18
1456 1496 60
1496 1536 28
1536 1535 8
1535 1534 22
1534 1533 87
1533 1532 40
1532 1531 26
1531 1530 5
1530 1529 50
1529 1528 18
1528 1527 5
1527 1526 33
1526 1525 14
1525 1524 6
1524 1523 1
1523 1522 2
1522 1521 17
1521 1481 28
1521 1561 8
1561 1562 17
1562 1563 2
1563 1564 1
1564 1565 6
1565 1566 14
1566 1567 33
1567 1568 5
1568 1569 18
1569 1570 50
1570 1571 5
1571 1572 26
1572 1573 40
1573 1574 87
1574 1575 22
1575 1576 8
1576 1577 18
1577 1578 31
1578 1579 82
1579 1580 16
1580 1581 8
1581 1582 48
1582 1583 47
1583 1584 11
1584 1585 26
1585 1586 21
1586 1587 11
1587 1588 22
1588 1589 9
1589 1590 17
1590 1591 58
1591 1592 12
1592 1593 1
1593 1594 55
1594 1595 20
1595 1596 36
1596 1597 11
1597 1598 53
1598 1599 5
1599 1600 1
1600 1560 8
1560 1559 1
1559 1558 5
1558 1557 53
1557 1556 11
1556 1555 36
1555 1554 20
1554 1553 55
1553 1552 1
1552 1551 12
1551 1550 58
1550 1549 17
1549 1548 9
1548 1547 22
1547 1546 11
1546 1545 21
1545 1544 26
1544 1543 11
1543 1542 47
1542 1541 48
1541 1540 8
1540 1539 16
1539 1538 82
1538 1537 31
1537 1536 18
1536 1576 8
1537 1497 28
1497 1457 60
1457 1417 29
1417 1377 21
1377 1337 77
1337 1297 16
1297 1257 57
1257 1217 2
1217 1177 23
1177 1137 20
1137 1097 60
1097 1057 12
1057 1017 36
1017 977 2
977 937 5
937 897 13
897 857 1
857 817 21
817 777 22
777 737 26
737 697 51
697 657 17
657 617 9
617 577 18
577 537 17
537 497 7
497 575 2
575 535 17
535 495 7
495 455 2
455 415 10
415 375 24
375 335 37
335 295 5
295 255 19
255 215 13
215 175 39
175 451 28
451 411 10
411 371 24
371 331 37
331 291 5
291 251 19
251 211 13
211 171 39
171 131 28
131 91 4
91 51 129
51 11 3
451 491 2
491 531 7
531 571 17
571 611 18
611 651 9
651 691 17
691 731 51
731 771 26
771 811 22
811 851 21
851 891 1
891 931 13
931 971 5
971 1011 2
1011 1051 36
1051 1091 12
1091 1131 60
1131 1171 20
1171 1211 23
1211 1251 2
1251 1291 57
1291 1331 16
1331 1371 77
1371 1411 21
1411 1451 29
1451 1491 60
1491 1531 28
1531 1571 8
1011 102 4
102 62 129
62 22 3
1011 182 28
182 222 39
222 262 13
262 302 19
302 342 5
342 382 37
382 422 24
422 1015 10
1015 975 2
975 935 5
935 895 13
895 855 1
855 815 21
815 775 22
775 735 26
735 695 51
695 655 17
655 615 9
615 575 18
575 417 10
417 377 24
377 337 37
337 297 5
297 257 19
257 217 13
217 177 39
177 571 28
571 97 4
97 57 129
57 17 3
1015 1055 36
1055 1095 12
1095 1135 60
1135 1175 20
1175 1215 23
1215 1255 2
1255 1295 57
1295 1335 16
1335 1375 77
1375 1415 21
1415 1455 29
1455 1495 60
1495 1535 28
1535 1575 8
1015 502 2
502 542 7
542 1017 17
1017 622 18
622 662 9
662 702 17
702 742 51
742 782 26
782 822 22
822 862 21
862 902 1
902 942 13
942 982 5
982 1022 2
1022 1062 36
1062 1102 12
1102 1142 60
1142 1182 20
1182 1222 23
1222 1262 2
1262 1302 57
1302 1342 16
1342 1382 77
1382 1422 21
1422 1462 29
1462 1502 60
1502 1542 28
1542 1582 8
451 95 4
95 55 129
55 15 3
1537 1577 8
1538 1498 28
1498 1458 60
1458 1418 29
1418 1378 21
1378 1338 77
1338 1298 16
1298 1258 57
1258 1218 2
1218 1178 23
1178 1138 20
1138 1098 60
1098 1058 12
1058 1018 36
1018 978 2
978 938 5
938 898 13
898 858 1
858 818 21
818 778 22
778 738 26
738 698 51
698 658 17
658 618 9
618 578 18
578 538 17
538 498 7
498 458 2
458 418 10
418 378 24
378 338 37
338 298 5
298 258 19
258 218 13
218 178 39
178 138 28
138 98 4
98 58 129
58 18 3
1538 1578 8
1539 1499 28
1499 1459 60
1459 1419 29
1419 1379 21
1379 1339 77
1339 1299 16
1299 1259 57
1259 1219 2
1219 1179 23
1179 1139 20
1139 1099 60
1099 1059 12
1059 1019 36
1019 979 2
979 939 5
939 899 13
899 859 1
859 819 21
819 779 22
779 739 26
739 699 51
699 659 17
659 619 9
619 579 18
579 539 17
539 499 7
499 459 2
459 419 10
419 379 24
379 339 37
339 299 5
299 259 19
259 219 13
219 179 39
179 139 28
139 99 4
99 59 129
59 19 3
1539 1579 8
1540 1500 28
1500 1460 60
1460 1420 29
1420 1380 21
1380 1340 77
1340 1300 16
1300 1260 57
1260 1220 2
1220 1180 23
1180 1140 20
1140 1100 60
1100 1060 12
1060 1020 36
1020 980 2
980 940 5
940 900 13
900 860 1
860 820 21
820 780 22
780 740 26
740 700 51
700 660 17
660 620 9
620 580 18
580 540 17
540 500 7
500 460 2
460 420 10
420 380 24
380 340 37
340 300 5
300 260 19
260 220 13
220 180 39
180 140 28
140 100 4
100 60 129
60 20 3
1540 1580 8
1541 1501 28
1501 1461 60
1461 1421 29
1421 1381 21
1381 1341 77
1341 1301 16
1301 1261 57
1261 1221 2
1221 1181 23
1181 1141 20
1141 1101 60
1101 1061 12
1061 1021 36
1021 981 2
981 941 5
941 901 13
901 861 1
861 821 21
821 781 22
781 741 26
741 701 51
701 661 17
661 621 9
621 581 18
581 541 17
541 501 7
501 461 2
461 421 10
421 381 24
381 341 37
341 301 5
301 261 19
261 221 13
221 181 39
181 141 28
141 101 4
101 61 129
61 21 3
1541 1581 8
1543 1503 28
1503 1463 60
1463 1423 29
1423 1383 21
1383 1343 77
1343 1303 16
1303 1263 57
1263 1223 2
1223 1183 23
1183 1143 20
1143 1103 60
1103 1063 12
1063 1023 36
1023 983 2
983 943 5
943 903 13
903 863 1
863 823 21
823 783 22
783 743 26
743 703 51
703 663 17
663 623 9
623 583 18
583 543 17
543 503 7
503 463 2
463 423 10
423 383 24
383 343 37
343 303 5
303 263 19
263 223 13
223 183 39
183 143 28
143 103 4
103 63 129
63 23 3
1543 1583 8
1544 1504 28
1504 1464 60
1464 1424 29
1424 1384 21
1384 1344 77
1344 1304 16
1304 1264 57
1264 1224 2
1224 1184 23
1184 1144 20
1144 1104 60
1104 1064 12
1064 1024 36
1024 984 2
984 944 5
944 904 13
904 864 1
864 824 21
824 784 22
784 744 26
744 704 51
704 664 17
664 624 9
624 584 18
584 544 17
544 504 7
504 464 2
464 424 10
424 384 24
384 344 37
344 304 5
304 264 19
264 224 13
224 184 39
184 144 28
144 104 4
104 64 129
64 24 3
1544 1584 8
1545 1505 28
1505 1465 60
1465 1425 29
1425 1385 21
1385 1345 77
1345 1305 16
1305 1265 57
1265 1225 2
1225 1185 23
1185 1145 20
1145 1105 60
1105 1065 12
1065 1025 36
1025 985 2
985 945 5
945 905 13
905 865 1
865 825 21
825 785 22
785 745 26
745 705 51
705 665 17
665 625 9
625 585 18
585 545 17
545 505 7
505 465 2
465 425 10
425 385 24
385 345 37
345 305 5
305 265 19
265 225 13
225 185 39
185 145 28
145 105 4
105 65 129
65 25 3
1545 1585 8
1546 1506 28
1506 1466 60
1466 1426 29
1426 1386 21
1386 1346 77
1346 1306 16
1306 1266 57
1266 1226 2
1226 1186 23
1186 1146 20
1146 1106 60
1106 1066 12
1066 1026 36
1026 986 2
986 946 5
946 906 13
906 866 1
866 826 21
826 786 22
786 746 26
746 706 51
706 666 17
666 626 9
626 586 18
586 546 17
546 506 7
506 466 2
466 426 10
426 386 24
386 346 37
346 306 5
306 266 19
266 226 13
226 186 39
186 146 28
146 106 4
106 66 129
66 26 3
1546 1586 8
1547 1507 28
1507 1467 60
1467 1427 29
1427 1387 21
1387 1347 77
1347 1307 16
1307 1267 57
1267 1227 2
1227 1187 23
1187 1147 20
1147 1107 60
1107 1067 12
1067 1027 36
1027 987 2
987 947 5
947 907 13
907 867 1
867 827 21
827 787 22
787 747 26
747 707 51
707 667 17
667 627 9
627 587 18
587 547 17
547 507 7
507 467 2
467 427 10
427 387 24
387 347 37
347 307 5
307 267 19
267 227 13
227 187 39
187 147 28
147 107 4
107 67 129
67 27 3
1547 1587 8
1548 1508 28
1508 1468 60
1468 1428 29
1428 1388 21
1388 1348 77
1348 1308 16
1308 1268 57
1268 1228 2
1228 1188 23
1188 1148 20
1148 1108 60
1108 1068 12
1068 1028 36
1028 988 2
988 948 5
948 908 13
908 868 1
868 828 21
828 788 22
788 748 26
748 708 51
708 668 17
668 628 9
628 588 18
588 548 17
548 508 7
508 468 2
468 428 10
428 388 24
388 348 37
348 308 5
308 268 19
268 228 13
228 188 39
188 148 28
148 108 4
108 68 129
68 28 3
1548 1588 8
1549 1509 28
1509 1469 60
1469 1429 29
1429 1389 21
1389 1349 77
1349 1309 16
1309 1269 57
1269 1229 2
1229 1189 23
1189 1149 20
1149 1109 60
1109 1069 12
1069 1029 36
1029 989 2
989 949 5
949 909 13
909 869 1
869 829 21
829 789 22
789 749 26
749 709 51
709 669 17
669 629 9
629 589 18
589 549 17
549 509 7
509 469 2
469 429 10
429 389 24
389 349 37
349 309 5
309 269 19
269 229 13
229 189 39
189 149 28
149 109 4
109 69 129
69 29 3
1549 1589 8
1550 1510 28
1510 1470 60
1470 1430 29
1430 1390 21
1390 1350 77
1350 1310 16
1310 1270 57
1270 1230 2
1230 1190 23
1190 1150 20
1150 1110 60
1110 1070 12
1070 1030 36
1030 990 2
990 950 5
950 910 13
910 870 1
870 830 21
830 790 22
790 750 26
750 710 51
710 670 17
670 630 9
630 590 18
590 550 17
550 510 7
510 470 2
470 430 10
430 390 24
390 350 37
350 310 5
310 270 19
270 230 13
230 190 39
190 150 28
150 110 4
110 70 129
70 30 3
1550 1590 8
1551 1511 28
1511 1471 60
1471 1431 29
1431 1391 21
1391 1351 77
1351 1311 16
1311 1271 57
1271 1231 2
1231 1191 23
1191 1151 20
1151 1111 60
1111 1071 12
1071 1031 36
1031 991 2
991 951 5
951 911 13
911 871 1
871 831 21
831 791 22
791 751 26
751 711 51
711 671 17
671 631 9
631 591 18
591 551 17
551 511 7
511 471 2
471 431 10
431 391 24
391 351 37
351 311 5
311 271 19
271 231 13
231 191 39
191 151 28
151 111 4
111 71 129
71 31 3
1551 1591 8
1552 1512 28
1512 1472 60
1472 1432 29
1432 1392 21
1392 1352 77
1352 1312 16
1312 1272 57
1272 1232 2
1232 1192 23
1192 1152 20
1152 1112 60
1112 1072 12
1072 1032 36
1032 992 2
992 952 5
952 912 13
912 872 1
872 832 21
832 792 22
792 752 26
752 712 51
712 672 17
672 632 9
632 592 18
592 552 17
552 512 7
512 472 2
472 432 10
432 392 24
392 352 37
352 312 5
312 272 19
272 232 13
232 192 39
192 152 28
152 112 4
112 72 129
72 32 3
1552 1592 8
1553 1513 28
1513 1473 60
1473 1433 29
1433 1393 21
1393 1353 77
1353 1313 16
1313 1273 57
1273 1233 2
1233 1193 23
1193 1153 20
1153 1113 60
1113 1073 12
1073 1033 36
1033 993 2
993 953 5
953 913 13
913 873 1
873 833 21
833 793 22
793 753 26
753 713 51
713 673 17
673 633 9
633 593 18
593 553 17
553 513 7
513 473 2
473 433 10
433 393 24
393 353 37
353 313 5
313 273 19
273 233 13
233 193 39
193 153 28
153 113 4
113 73 129
73 33 3
1553 1593 8
1554 1514 28
1514 1474 60
1474 1434 29
1434 1394 21
1394 1354 77
1354 1314 16
1314 1274 57
1274 1234 2
1234 1194 23
1194 1154 20
1154 1114 60
1114 1074 12
1074 1034 36
1034 994 2
994 954 5
954 914 13
914 874 1
874 834 21
834 794 22
794 754 26
754 714 51
714 674 17
674 634 9
634 594 18
594 554 17
554 514 7
514 474 2
474 434 10
434 394 24
394 354 37
354 314 5
314 274 19
274 234 13
234 194 39
194 154 28
154 114 4
114 74 129
74 34 3
1554 1594 8
1555 1515 28
1515 1475 60
1475 1435 29
1435 1395 21
1395 1355 77
1355 1315 16
1315 1275 57
1275 1235 2
1235 1195 23
1195 1155 20
1155 1115 60
1115 1075 12
1075 1035 36
1035 995 2
995 955 5
955 915 13
915 875 1
875 835 21
835 795 22
795 755 26
755 715 51
715 675 17
675 635 9
635 595 18
595 555 17
555 515 7
515 475 2
475 435 10
435 395 24
395 355 37
355 315 5
315 275 19
275 235 13
235 195 39
195 155 28
155 115 4
115 75 129
75 35 3
1555 1595 8
1556 1516 28
1516 1476 60
1476 1436 29
1436 1396 21
1396 1356 77
1356 1316 16
1316 1276 57
1276 1236 2
1236 1196 23
1196 1156 20
1156 1116 60
1116 1076 12
1076 1036 36
1036 996 2
996 956 5
956 916 13
916 876 1
876 836 21
836 796 22
796 756 26
756 716 51
716 676 17
676 636 9
636 596 18
596 556 17
556 516 7
516 476 2
476 436 10
436 396 24
396 356 37
356 316 5
316 276 19
276 236 13
236 196 39
196 156 28
156 116 4
116 76 129
76 36 3
1556 1596 8
1557 1517 28
1517 1477 60
1477 1437 29
1437 1397 21
1397 1357 77
1357 1317 16
1317 1277 57
1277 1237 2
1237 1197 23
1197 1157 20
1157 1117 60
1117 1077 12
1077 1037 36
1037 997 2
997 957 5
957 917 13
917 877 1
877 837 21
837 797 22
797 757 26
757 717 51
717 677 17
677 637 9
637 597 18
597 557 17
557 517 7
517 477 2
477 437 10
437 397 24
397 357 37
357 317 5
317 277 19
277 237 13
237 197 39
197 157 28
157 117 4
117 77 129
77 37 3
1557 1597 8
1558 1518 28
1518 1478 60
1478 1438 29
1438 1398 21
1398 1358 77
1358 1318 16
1318 1278 57
1278 1238 2
1238 1198 23
1198 1158 20
1158 1118 60
1118 1078 12
1078 1038 36
1038 998 2
998 958 5
958 918 13
918 878 1
878 838 21
838 798 22
798 758 26
758 718 51
718 678 17
678 638 9
638 598 18
598 558 17
558 518 7
518 478 2
478 438 10
438 398 24
398 358 37
358 318 5
318 278 19
278 238 13
238 198 39
198 158 28
158 118 4
118 78 129
78 38 3
1558 1598 8
1559 1519 28
1519 1479 60
1479 1439 29
1439 1399 21
1399 1359 77
1359 1319 16
1319 1279 57
1279 1239 2
1239 1199 23
1199 1159 20
1159 1119 60
1119 1079 12
1079 1039 36
1039 999 2
999 959 5
959 919 13
919 879 1
879 839 21
839 799 22
799 759 26
759 719 51
719 679 17
679 639 9
639 599 18
599 559 17
559 519 7
519 479 2
479 439 10
439 399 24
399 359 37
359 319 5
319 279 19
279 239 13
239 199 39
199 159 28
159 119 4
119 79 129
79 39 3
1559 1599 8
1560 1520 28
1574 1534 8
1534 1494 28
1494 1454 60
1454 1414 29
1414 1374 21
1374 1334 77
1334 1294 16
1294 1254 57
1254 1214 2
1214 1174 23
1174 1134 20
1134 1094 60
1094 1054 12
1054 1014 36
1014 974 2
974 934 5
934 894 13
894 854 1
854 814 21
814 774 22
774 734 26
734 694 51
694 654 17
654 614 9
614 574 18
574 534 17
534 494 7
494 454 2
454 414 10
414 374 24
374 334 37
334 294 5
294 254 19
254 214 13
214 174 39
174 134 28
134 94 4
94 54 129
54 14 3
1573 1533 8
1533 1493 28
1493 1453 60
1453 1413 29
1413 1373 21
1373 1333 77
1333 1293 16
1293 1253 57
1253 1213 2
1213 1173 23
1173 1133 20
1133 1093 60
1093 1053 12
1053 1013 36
1013 973 2
973 933 5
933 893 13
893 853 1
853 813 21
813 773 22
773 733 26
733 693 51
693 653 17
653 613 9
613 573 18
573 533 17
533 493 7
493 453 2
453 413 10
413 373 24
373 333 37
333 293 5
293 253 19
253 213 13
213 173 39
173 133 28
133 93 4
93 53 129
53 13 3
1572 1532 8
1532 1492 28
1492 1452 60
1452 1412 29
1412 1372 21
1372 1332 77
1332 1292 16
1292 1252 57
1252 1212 2
1212 1172 23
1172 1132 20
1132 1092 60
1092 1052 12
1052 1012 36
1012 972 2
972 932 5
932 892 13
892 852 1
852 812 21
812 772 22
772 732 26
732 692 51
692 652 17
652 612 9
612 572 18
572 532 17
532 492 7
492 452 2
452 412 10
412 372 24
372 332 37
332 292 5
292 252 19
252 212 13
212 172 39
172 132 28
132 92 4
92 52 129
52 12 3
1570 1530 8
1530 1490 28
1490 1450 60
1450 1410 29
1410 1370 21
1370 1330 77
1330 1290 16
1290 1250 57
1250 1210 2
1210 1170 23
1170 1130 20
1130 1090 60
1090 1050 12
1050 1010 36
1010 970 2
970 930 5
930 890 13
890 850 1
850 810 21
810 770 22
770 730 26
730 690 51
690 650 17
650 610 9
610 570 18
570 530 17
530 490 7
490 450 2
450 410 10
410 370 24
370 330 37
330 290 5
290 250 19
250 210 13
210 170 39
170 130 28
130 90 4
90 50 129
50 10 3
1569 1529 8
1529 1489 28
1489 1449 60
1449 1409 29
1409 1369 21
1369 1329 77
1329 1289 16
1289 1249 57
1249 1209 2
1209 1169 23
1169 1129 20
1129 1089 60
1089 1049 12
1049 1009 36
1009 969 2
969 929 5
929 889 13
889 849 1
849 809 21
809 769 22
769 729 26
729 689 51
689 649 17
649 609 9
609 569 18
569 529 17
529 489 7
489 449 2
449 409 10
409 369 24
369 329 37
329 289 5
289 249 19
249 209 13
209 169 39
169 129 28
129 89 4
89 49 129
49 9 3
1568 1528 8
1528 1488 28
1488 1448 60
1448 1408 29
1408 1368 21
1368 1328 77
1328 1288 16
1288 1248 57
1248 1208 2
1208 1168 23
1168 1128 20
1128 1088 60
1088 1048 12
1048 1008 36
1008 968 2
968 928 5
928 888 13
888 848 1
848 808 21
808 768 22
768 728 26
728 688 51
688 648 17
648 608 9
608 568 18
568 528 17
528 488 7
488 448 2
448 408 10
408 368 24
368 328 37
328 288 5
288 248 19
248 208 13
208 168 39
168 128 28
128 88 4
88 48 129
48 8 3
1567 1527 8
1527 1487 28
1487 1447 60
1447 1407 29
1407 1367 21
1367 1327 77
1327 1287 16
1287 1247 57
1247 1207 2
1207 1167 23
1167 1127 20
1127 1087 60
1087 1047 12
1047 1007 36
1007 967 2
967 927 5
927 887 13
887 847 1
847 807 21
807 767 22
767 727 26
727 687 51
687 647 17
647 607 9
607 567 18
567 527 17
527 487 7
487 447 2
447 407 10
407 367 24
367 327 37
327 287 5
287 247 19
247 207 13
207 167 39
167 127 28
127 87 4
87 47 129
47 7 3
1566 1526 8
1526 1486 28
1486 1446 60
1446 1406 29
1406 1366 21
1366 1326 77
1326 1286 16
1286 1246 57
1246 1206 2
1206 1166 23
1166 1126 20
1126 1086 60
1086 1046 12
1046 1006 36
1006 966 2
966 926 5
926 886 13
886 846 1
846 806 21
806 766 22
766 726 26
726 686 51
686 646 17
646 606 9
606 566 18
566 526 17
526 486 7
486 446 2
446 406 10
406 366 24
366 326 37
326 286 5
286 246 19
246 206 13
206 166 39
166 126 28
126 86 4
86 46 129
46 6 3
1565 1525 8
1525 1485 28
1485 1445 60
1445 1405 29
1405 1365 21
1365 1325 77
1325 1285 16
1285 1245 57
1245 1205 2
1205 1165 23
1165 1125 20
1125 1085 60
1085 1045 12
1045 1005 36
1005 965 2
965 925 5
925 885 13
885 845 1
845 805 21
805 765 22
765 725 26
725 685 51
685 645 17
645 605 9
605 565 18
565 525 17
525 485 7
485 445 2
445 405 10
405 365 24
365 325 37
325 285 5
285 245 19
245 205 13
205 165 39
165 125 28
125 85 4
85 45 129
45 5 3
1564 1524 8
1524 1484 28
1484 1444 60
1444 1404 29
1404 1364 21
1364 1324 77
1324 1284 16
1284 1244 57
1244 1204 2
1204 1164 23
1164 1124 20
1124 1084 60
1084 1044 12
1044 1004 36
1004 964 2
964 924 5
924 884 13
884 844 1
844 804 21
804 764 22
764 724 26
724 684 51
684 644 17
644 604 9
604 564 18
564 524 17
524 484 7
484 444 2
444 404 10
404 364 24
364 324 37
324 284 5
284 244 19
244 204 13
204 164 39
164 124 28
124 84 4
84 44 129
44 4 3
1563 1523 8
1523 1483 28
1483 1443 60
1443 1403 29
1403 1363 21
1363 1323 77
1323 1283 16
1283 1243 57
1243 1203 2
1203 1163 23
1163 1123 20
1123 1083 60
1083 1043 12
1043 1003 36
1003 963 2
963 923 5
923 883 13
883 843 1
843 803 21
803 763 22
763 723 26
723 683 51
683 643 17
643 603 9
603 563 18
563 523 17
523 483 7
483 443 2
443 403 10
403 363 24
363 323 37
323 283 5
283 243 19
243 203 13
203 163 39
163 123 28
123 83 4
83 43 129
43 3 3
1562 1522 8
1522 1482 28
1482 1442 60
1442 1402 29
1402 1362 21
1362 1322 77
1322 1282 16
1282 1242 57
1242 1202 2
1202 1162 23
1162 1122 20
1122 1082 60
1082 1042 12
1042 1002 36
1002 962 2
962 922 5
922 882 13
882 842 1
842 802 21
802 762 22
762 722 26
722 682 51
682 642 17
642 602 9
602 562 18
562 522 17
522 482 7
482 442 2
442 402 10
402 362 24
362 322 37
322 282 5
282 242 19
242 202 13
202 162 39
162 122 28
122 82 4
82 42 129
42 2 3
1480 1440 29
1400 1360 77
1320 1280 57
1240 1200 23
1160 1120 60
1080 1040 36
1000 960 5
920 880 1
840 800 22
760 720 51
680 640 9
600 560 17
520 480 2
440 400 24
360 320 5
280 240 13
200 160 28
120 80 129

REQUESTS

BLOCKAGES
1156 1116
578 577
1194 1154
1123 1083
1270 1271
309 269
683 684
806 766
588 587
392 393
682 683
1504 1505
236 196
493 453
250 249
1547 1546
406 405
53 13
797 757
643 642
431 391
126 127
1503 1463
1349 1350
1134 1094
813 812
558 518
373 333
371 331
120 119
170 130
1102 1103
74 34
679 639
753 752
1168 1128
123 124
749 709
550 510
1027 1028
491 490
959 960
1248 1249
426 386
745 705
397 398
759 719
1209 1208
283 284
1564 1565
1076 1075
1352 1353
698 699
1244 1204
144 104
997 996
67 68
847 848
576 616
111 71
193 153
1099 1059
903 863
964 924
161 121
1132 1092
802 762
1524 1484
499 498
1587 1588
363 364
228 188
943 944
650 610
1546 1545
1332 1333
129 89
866 826
215 216
598 558
231 191
1550 1510
1549 1548
447 448
615 616
848 849
920 880
389 349
691 692
1314 1313
1014 974
567 566
727 726
146 147
271 270
265 264
1487 1488
924 884
488 448
317 277
909 908
930 931
1205 1204
656 655
795 755
797 798
1533 1532
1171 1172
415 414
98 58
1151 1150
718 678
374 375
1189 1190
1416 1456
1241 1242
156 116
83 43
1114 1074
669 668
1414 1374
1219 1179
905 865
861 862
409 408
648 608
929 930
1015 502
1088 1048
218 178
1459 1419
94 54
741 701
292 252
1012 1013
1081 1082
398 399
891 931
1067 1066
1525 1485
1428 1429
32 31
544 545
884 844
739 738
1157 1117
777 778
1099 1100
779 739
1283 1243
1434 1394
313 314
1342 1343
443 403
1223 1222
452 412
1412 1413
1287 1286
1466 1426
875 876
353 313
1391 1351
594 593
697 657
658 618
1077 1076
419 379
1079 1039
229 189
1469 1429
584 544
1136 1176
576 575
1574 1575
1154 1114
1506 1507
977 937
24 23
778 779
1520 1480
694 654
1401 1402
902 901
478 479
1289 1288
777 737
703 704
1431 1432
466 467
346 306
986 946
1053 1013
617 618
167 166
1554 1553
1395 1394
729 728
252 212
605 606
949 950
360 320
1254 1214
845 846
1063 1023
1579 1580
1356 1316
537 497
762 763
507 506
874 875
339 299
1568 1569
1200 1160
1457 1456
1370 1330
235 195
798 799
509 508
205 165
1438 1439
896 895
555 556
644 604
1344 1304
1319 1318
247 246
1483 1443
59 19
1105 1106
51 11
1551 1511
1421 1422
1253 1213
1260 1220
574 573
1021 1022
89 88
1570 1530
667 627
916 915
1218 1217
708 709
85 45
1306 1266
1163 1164
1129 1089
57 17
1472 1432
284 244
987 947
1408 1409
423 422
1075 1074
1465 1464
1523 1483
1299 1259
1490 1450
256 296
532 533
747 707
1159 1158
825 785
1365 1364
954 914
287 247
1118 1119
1583 1584
283 243
392 352
1262 1263
522 523
1205 1165
894 854
1470 1469
331 330
188 148
1228 1227
1267 1227
286 246
1544 1543
263 223
989 949
231 232
266 226
36 35
973 933
530 531
276 275
663 662
155 156
369 329
318 319
133 134
1225 1185
648 647
685 686
1311 1271
60 20
716 676
226 186
1547 1507
698 658
556 516
1434 1435
612 613
1439 1440
1288 1248
504 464
128 88
1532 1531
1135 1134
1325 1285
1002 962
1548 1508
654 614
1378 1377
212 213
131 132
106 66
772 773
561 601
672 671
853 854
1004 1005
1369 1329
1424 1425
946 906
159 160
1514 1474
570 569
947 948
484 483
966 926
516 515
310 311
803 802
1397 1357
1163 1123
1236 1235
232 233
541 542
1345 1346
1001 1002
1549 1509
1071 1070
1430 1431
178 177
249 209
1062 1061
635 595
199 159
548 549
243 242
813 773
194 154
1523 1522
1529 1528
886 846
1314 1274
1256 1257
1471 1470
1393 1392
860 820
994 954
874 834
1191 1151
1007 1008
728 688
701 702
451 136
1203 1202
15 14
1346 1347
297 298
1082 1083
362 322
345 305
1282 1281
213 214
925 885
456 496
1553 1513
84 83
830 829
1140 1100
1377 1337
93 53
199 198
950 951
1279 1280
603 604
1541 1501
831 791
1095 1096
387 347
125 126
664 624
662 702
1460 1420
464 424
847 807
420 380
72 73
256 255
306 266
620 621
981 941
1095 1135
969 929
712 713
1385 1345
1272 1232
899 859
1031 1032
1260 1261
473 474
586 585
346 345
1333 1334
1361 1321
148 149
6 5
1326 1327
1336 1376
381 341
38 37
1477 1437
1251 1291
27 26
619 620
85 84
1437 1397
1268 1228
1218 1178
990 989
1179 1180
684 644
614 574
942 943
1538 1537
1326 1286
264 263
383 384
1496 1497
1499 1459
352 312
584 583
1264 1265
587 586
995 994
1144 1143
87 86
278 238
209 210
933 893
427 387
314 274
1556 1596
575 535
867 827
1341 1301
1461 1460
1371 1370
1511 1512
671 670
219 220
1398 1358
811 810
1118 1078
1133 1093
1412 1372
1174 1175
1445 1444
1127 1087
43 44
1209 1169
1237 1236
1128 1088
1558 1557
395 396
1252 1212
962 922
1312 1272
641 681
251 211
1355 1356
1545 1505
1464 1424
979 939
1536 1576
594 554
805 804
598 597
879 839
546 547
501 500
285 245
8 7
571 570
1172 1132
839 838
210 211
1475 1474
175 451
1535 1534
541 501
707 708
1085 1086
829 789
1259 1219
1273 1274
1243 1203
355 315
237 197
518 517
738 737
1395 1355
1028 988
1342 1382
952 953
110 109
207 208
809 769
545 546
863 864
722 682
186 146
1064 1063
747 746
143 144
1337 1297
44 4
1433 1393
414 413
958 959
330 329
770 730
1305 1265
790 750
893 892
845 805
393 394
435 395
73 74
918 878
1334 1294
204 205
940 900
454 455
1327 1328
838 837
766 767
957 958
221 222
531 532
1381 1380
349 348
63 64
1485 1445
1232 1192
479 480
208 168
786 787
168 167
1526 1525
1183 1184
1399 1359
98 97
1003 1004
1335 1375
898 897
916 876
653 652
357 356
180 140
1559 1599
507 467
481 521
510 470
603 563
182 222
1551 1591
647 607
193 192
1146 1145
362 363
783 743
1536 1535
1405 1406
474 475
1292 1291
294 254
1411 1451
351 311
1017 977
741 740
1046 1045
425 424
1096 1097
498 497
152 112
1497 1498
1170 1130
803 763
1166 1126
1418 1378
740 700
202 162
337 336
790 791
549 509
1285 1284
1450 1449
1597 1598
217 218
291 292
483 482
297 257
1097 1098
1181 1182
465 425
47 48
493 492
486 485
1109 1110
1267 1268
158 118
485 484
463 423
725 685
1177 1137
260 220
1046 1006
138 139
610 611
1231 1191
1034 1035
1043 1003
1406 1366
799 800
1126 1086
631 632
1495 1496
1098 1058
1201 1161
1365 1325
712 672
171 131
1368 1328
1360 1320
366 367
58 18
820 819
1018 978
1178 1138
1060 1059
577 537
639 599
1252 1253
837 836
1017 1018
575 458
97 57
1210 1170
627 628
1309 1269
912 872
951 911
1303 1302
936 937
629 589
287 288
649 609
96 136
191 151
1084 1044
1501 1461
591 551
1050 1049
1509 1510
1381 1341
992 991
472 473
948 908
1494 1454
1542 1541
821 781
373 374
1061 1021
881 921
1351 1311
316 276
3 2
236 237
883 882
1517 1518
1443 1442
670 669
115 114
93 92
955 956
1143 1103
86 46
1486 1446
1031 991
565 564
1502 1503
1109 1069
922 882
1093 1094
744 704
1176 1216
1119 1120
974 973
70 30
1092 1052
1463 1462
515 514
788 789
358 318
1539 1538
1542 1582
841 842
804 764
725 724
868 869
1552 1592
1323 1283
572 571
487 486
913 873
1436 1396
117 116
981 980
172 132
569 568
557 517
375 376
864 865
69 70
1375 1374
901 861
757 717
972 971
1562 1522
1557 1517
859 819
378 379
1180 1140
539 540
1263 1223
1518 1519
382 422
663 623
769 770
230 190
1298 1258
849 809
115 75
177 176
468 469
182 181
1011 1012
554 514
511 471
229 230
808 807
661 621
1189 1149
105 65
1486 1487
262 302
578 538
1184 1185
104 64
1554 1514
891 890
1072 1071
1572 1573
1069 1068
1158 1157
1430 1390
377 337
1454 1414
436 435
563 562
717 718
1130 1129
597 557
801 761
1108 1068
1282 1242
503 463
416 456
176 216
713 673
905 904
512 472
1211 1251
1036 996
262 261
871 872
941 942
512 511
1301 1300
965 964
477 437
451 411
595 555
190 150
1079 1078
1167 1168
444 404
270 269
1383 1382
1467 1427
534 494
1057 1056
590 589
1490 1491
365 325
1475 1435
82 81
173 133
1049 1048
371 372
461 1015
1195 1155
593 553
308 309
496 536
409 369
407 406
912 911
1113 1073
600 599
195 155
630 590
100 99
705 706
127 87
1516 1476
1142 1141
944 904
828 827
1322 1323
983 982
79 80
238 239
1057 1017
686 687
1038 998
715 716
871 831
1449 1448
699 700
459 460
822 821
403 402
1190 1150
1448 1408
836 796
291 251
968 967
421 381
455 415
953 913
932 892
390 350
1309 1308
174 173
926 886
197 157
955 915
29 28
624 625
1444 1404
365 366
10 9
450 451
956 957
492 491
1110 1070
1104 1105
450 410
1211 1210
1246 1247
625 585
1372 1371
675 674
354 353
1359 1319
967 927
606 566
1364 1363
767 768
858 818
429 389
1027 987
543 503
1476 1436
691 731
1473 1472
418 417
615 575
367 368
1387 1386
113 112
1278 1238
776 816
985 984
342 382
1011 143
870 830
527 487
832 792
459 419
476 436
181 180
982 1022
172 171
719 720
571 611
336 376
385 386
1318 1317
1112 1113
579 539
428 427
340 300
1153 1152
535 536
692 652
714 715
428 388
348 308

TERMINALS
16
72
104
154
164
226
268
292
335
369
430
480
491
545
568
614
661
717
733
766
827
841
903
930
993
1019
1043
1085
1138
1162
1235
1278
1311
1327
1389
1436
1457
1502
1559
1580

END
