INSTANCE_NAME r34.dat
NB_VERTICES 1600
NB_ARCS 3120
NB_REQUESTS 0
NB_BLOCKAGES 936
NB_TERMINALS 40

VERTICES
1 0 0
2 0 0
3 0 0
4 0 0
5 0 0
6 0 0
7 0 0
8 0 0
9 0 0
10 0 0
11 0 0
12 0 0
13 0 0
14 0 0
15 0 0
16 0 0
17 0 0
18 0 0
19 0 0
20 0 0
21 0 0
22 0 0
23 0 0
24 0 0
25 0 0
26 0 0
27 0 0
28 0 0
29 0 0
30 0 0
31 0 0
32 0 0
33 0 0
34 0 0
35 0 0
36 0 0
37 0 0
38 0 0
39 0 0
40 0 0
41 0 0
42 0 0
43 0 0
44 0 0
45 0 0
46 0 0
47 0 0
48 0 0
49 0 0
50 0 0
51 0 0
52 0 0
53 0 0
54 0 0
55 0 0
56 0 0
57 0 0
58 0 0
59 0 0
60 0 0
61 0 0
62 0 0
63 0 0
64 0 0
65 0 0
66 0 0
67 0 0
68 0 0
69 0 0
70 0 0
71 0 0
72 0 0
73 0 0
74 0 0
75 0 0
76 0 0
77 0 0
78 0 0
79 0 0
80 0 0
81 0 0
82 0 0
83 0 0
84 0 0
85 0 0
86 0 0
87 0 0
88 0 0
89 0 0
90 0 0
91 0 0
92 0 0
93 0 0
94 0 0
95 0 0
96 0 0
97 0 0
98 0 0
99 0 0
100 0 0
101 0 0
102 0 0
103 0 0
104 0 0
105 0 0
106 0 0
107 0 0
108 0 0
109 0 0
110 0 0
111 0 0
112 0 0
113 0 0
114 0 0
115 0 0
116 0 0
117 0 0
118 0 0
119 0 0
120 0 0
121 0 0
122 0 0
123 0 0
124 0 0
125 0 0
126 0 0
127 0 0
128 0 0
129 0 0
130 0 0
131 0 0
132 0 0
133 0 0
134 0 0
135 0 0
136 0 0
137 0 0
138 0 0
139 0 0
140 0 0
141 0 0
142 0 0
143 0 0
144 0 0
145 0 0
146 0 0
147 0 0
148 0 0
149 0 0
150 0 0
151 0 0
152 0 0
153 0 0
154 0 0
155 0 0
156 0 0
157 0 0
158 0 0
159 0 0
160 0 0
161 0 0
162 0 0
163 0 0
164 0 0
165 0 0
166 0 0
167 0 0
168 0 0
169 0 0
170 0 0
171 0 0
172 0 0
173 0 0
174 0 0
175 0 0
176 0 0
177 0 0
178 0 0
179 0 0
180 0 0
181 0 0
182 0 0
183 0 0
184 0 0
185 0 0
186 0 0
187 0 0
188 0 0
189 0 0
190 0 0
191 0 0
192 0 0
193 0 0
194 0 0
195 0 0
196 0 0
197 0 0
198 0 0
199 0 0
200 0 0
201 0 0
202 0 0
203 0 0
204 0 0
205 0 0
206 0 0
207 0 0
208 0 0
209 0 0
210 0 0
211 0 0
212 0 0
213 0 0
214 0 0
215 0 0
216 0 0
217 0 0
218 0 0
219 0 0
220 0 0
221 0 0
222 0 0
223 0 0
224 0 0
225 0 0
226 0 0
227 0 0
228 0 0
229 0 0
230 0 0
231 0 0
232 0 0
233 0 0
234 0 0
235 0 0
236 0 0
237 0 0
238 0 0
239 0 0
240 0 0
241 0 0
242 0 0
243 0 0
244 0 0
245 0 0
246 0 0
247 0 0
248 0 0
249 0 0
250 0 0
251 0 0
252 0 0
253 0 0
254 0 0
255 0 0
256 0 0
257 0 0
258 0 0
259 0 0
260 0 0
261 0 0
262 0 0
263 0 0
264 0 0
265 0 0
266 0 0
267 0 0
268 0 0
269 0 0
270 0 0
271 0 0
272 0 0
273 0 0
274 0 0
275 0 0
276 0 0
277 0 0
278 0 0
279 0 0
280 0 0
281 0 0
282 0 0
283 0 0
284 0 0
285 0 0
286 0 0
287 0 0
288 0 0
289 0 0
290 0 0
291 0 0
292 0 0
293 0 0
294 0 0
295 0 0
296 0 0
297 0 0
298 0 0
299 0 0
300 0 0
301 0 0
302 0 0
303 0 0
304 0 0
305 0 0
306 0 0
307 0 0
308 0 0
309 0 0
310 0 0
311 0 0
312 0 0
313 0 0
314 0 0
315 0 0
316 0 0
317 0 0
318 0 0
319 0 0
320 0 0
321 0 0
322 0 0
323 0 0
324 0 0
325 0 0
326 0 0
327 0 0
328 0 0
329 0 0
330 0 0
331 0 0
332 0 0
333 0 0
334 0 0
335 0 0
336 0 0
337 0 0
338 0 0
339 0 0
340 0 0
341 0 0
342 0 0
343 0 0
344 0 0
345 0 0
346 0 0
347 0 0
348 0 0
349 0 0
350 0 0
351 0 0
352 0 0
353 0 0
354 0 0
355 0 0
356 0 0
357 0 0
358 0 0
359 0 0
360 0 0
361 0 0
362 0 0
363 0 0
364 0 0
365 0 0
366 0 0
367 0 0
368 0 0
369 0 0
370 0 0
371 0 0
372 0 0
373 0 0
374 0 0
375 0 0
376 0 0
377 0 0
378 0 0
379 0 0
380 0 0
381 0 0
382 0 0
383 0 0
384 0 0
385 0 0
386 0 0
387 0 0
388 0 0
389 0 0
390 0 0
391 0 0
392 0 0
393 0 0
394 0 0
395 0 0
396 0 0
397 0 0
398 0 0
399 0 0
400 0 0
401 0 0
402 0 0
403 0 0
404 0 0
405 0 0
406 0 0
407 0 0
408 0 0
409 0 0
410 0 0
411 0 0
412 0 0
413 0 0
414 0 0
415 0 0
416 0 0
417 0 0
418 0 0
419 0 0
420 0 0
421 0 0
422 0 0
423 0 0
424 0 0
425 0 0
426 0 0
427 0 0
428 0 0
429 0 0
430 0 0
431 0 0
432 0 0
433 0 0
434 0 0
435 0 0
436 0 0
437 0 0
438 0 0
439 0 0
440 0 0
441 0 0
442 0 0
443 0 0
444 0 0
445 0 0
446 0 0
447 0 0
448 0 0
449 0 0
450 0 0
451 0 0
452 0 0
453 0 0
454 0 0
455 0 0
456 0 0
457 0 0
458 0 0
459 0 0
460 0 0
461 0 0
462 0 0
463 0 0
464 0 0
465 0 0
466 0 0
467 0 0
468 0 0
469 0 0
470 0 0
471 0 0
472 0 0
473 0 0
474 0 0
475 0 0
476 0 0
477 0 0
478 0 0
479 0 0
480 0 0
481 0 0
482 0 0
483 0 0
484 0 0
485 0 0
486 0 0
487 0 0
488 0 0
489 0 0
490 0 0
491 0 0
492 0 0
493 0 0
494 0 0
495 0 0
496 0 0
497 0 0
498 0 0
499 0 0
500 0 0
501 0 0
502 0 0
503 0 0
504 0 0
505 0 0
506 0 0
507 0 0
508 0 0
509 0 0
510 0 0
511 0 0
512 0 0
513 0 0
514 0 0
515 0 0
516 0 0
517 0 0
518 0 0
519 0 0
520 0 0
521 0 0
522 0 0
523 0 0
524 0 0
525 0 0
526 0 0
527 0 0
528 0 0
529 0 0
530 0 0
531 0 0
532 0 0
533 0 0
534 0 0
535 0 0
536 0 0
537 0 0
538 0 0
539 0 0
540 0 0
541 0 0
542 0 0
543 0 0
544 0 0
545 0 0
546 0 0
547 0 0
548 0 0
549 0 0
550 0 0
551 0 0
552 0 0
553 0 0
554 0 0
555 0 0
556 0 0
557 0 0
558 0 0
559 0 0
560 0 0
561 0 0
562 0 0
563 0 0
564 0 0
565 0 0
566 0 0
567 0 0
568 0 0
569 0 0
570 0 0
571 0 0
572 0 0
573 0 0
574 0 0
575 0 0
576 0 0
577 0 0
578 0 0
579 0 0
580 0 0
581 0 0
582 0 0
583 0 0
584 0 0
585 0 0
586 0 0
587 0 0
588 0 0
589 0 0
590 0 0
591 0 0
592 0 0
593 0 0
594 0 0
595 0 0
596 0 0
597 0 0
598 0 0
599 0 0
600 0 0
601 0 0
602 0 0
603 0 0
604 0 0
605 0 0
606 0 0
607 0 0
608 0 0
609 0 0
610 0 0
611 0 0
612 0 0
613 0 0
614 0 0
615 0 0
616 0 0
617 0 0
618 0 0
619 0 0
620 0 0
621 0 0
622 0 0
623 0 0
624 0 0
625 0 0
626 0 0
627 0 0
628 0 0
629 0 0
630 0 0
631 0 0
632 0 0
633 0 0
634 0 0
635 0 0
636 0 0
637 0 0
638 0 0
639 0 0
640 0 0
641 0 0
642 0 0
643 0 0
644 0 0
645 0 0
646 0 0
647 0 0
648 0 0
649 0 0
650 0 0
651 0 0
652 0 0
653 0 0
654 0 0
655 0 0
656 0 0
657 0 0
658 0 0
659 0 0
660 0 0
661 0 0
662 0 0
663 0 0
664 0 0
665 0 0
666 0 0
667 0 0
668 0 0
669 0 0
670 0 0
671 0 0
672 0 0
673 0 0
674 0 0
675 0 0
676 0 0
677 0 0
678 0 0
679 0 0
680 0 0
681 0 0
682 0 0
683 0 0
684 0 0
685 0 0
686 0 0
687 0 0
688 0 0
689 0 0
690 0 0
691 0 0
692 0 0
693 0 0
694 0 0
695 0 0
696 0 0
697 0 0
698 0 0
699 0 0
700 0 0
701 0 0
702 0 0
703 0 0
704 0 0
705 0 0
706 0 0
707 0 0
708 0 0
709 0 0
710 0 0
711 0 0
712 0 0
713 0 0
714 0 0
715 0 0
716 0 0
717 0 0
718 0 0
719 0 0
720 0 0
721 0 0
722 0 0
723 0 0
724 0 0
725 0 0
726 0 0
727 0 0
728 0 0
729 0 0
730 0 0
731 0 0
732 0 0
733 0 0
734 0 0
735 0 0
736 0 0
737 0 0
738 0 0
739 0 0
740 0 0
741 0 0
742 0 0
743 0 0
744 0 0
745 0 0
746 0 0
747 0 0
748 0 0
749 0 0
750 0 0
751 0 0
752 0 0
753 0 0
754 0 0
755 0 0
756 0 0
757 0 0
758 0 0
759 0 0
760 0 0
761 0 0
762 0 0
763 0 0
764 0 0
765 0 0
766 0 0
767 0 0
768 0 0
769 0 0
770 0 0
771 0 0
772 0 0
773 0 0
774 0 0
775 0 0
776 0 0
777 0 0
778 0 0
779 0 0
780 0 0
781 0 0
782 0 0
783 0 0
784 0 0
785 0 0
786 0 0
787 0 0
788 0 0
789 0 0
790 0 0
791 0 0
792 0 0
793 0 0
794 0 0
795 0 0
796 0 0
797 0 0
798 0 0
799 0 0
800 0 0
801 0 0
802 0 0
803 0 0
804 0 0
805 0 0
806 0 0
807 0 0
808 0 0
809 0 0
810 0 0
811 0 0
812 0 0
813 0 0
814 0 0
815 0 0
816 0 0
817 0 0
818 0 0
819 0 0
820 0 0
821 0 0
822 0 0
823 0 0
824 0 0
825 0 0
826 0 0
827 0 0
828 0 0
829 0 0
830 0 0
831 0 0
832 0 0
833 0 0
834 0 0
835 0 0
836 0 0
837 0 0
838 0 0
839 0 0
840 0 0
841 0 0
842 0 0
843 0 0
844 0 0
845 0 0
846 0 0
847 0 0
848 0 0
849 0 0
850 0 0
851 0 0
852 0 0
853 0 0
854 0 0
855 0 0
856 0 0
857 0 0
858 0 0
859 0 0
860 0 0
861 0 0
862 0 0
863 0 0
864 0 0
865 0 0
866 0 0
867 0 0
868 0 0
869 0 0
870 0 0
871 0 0
872 0 0
873 0 0
874 0 0
875 0 0
876 0 0
877 0 0
878 0 0
879 0 0
880 0 0
881 0 0
882 0 0
883 0 0
884 0 0
885 0 0
886 0 0
887 0 0
888 0 0
889 0 0
890 0 0
891 0 0
892 0 0
893 0 0
894 0 0
895 0 0
896 0 0
897 0 0
898 0 0
899 0 0
900 0 0
901 0 0
902 0 0
903 0 0
904 0 0
905 0 0
906 0 0
907 0 0
908 0 0
909 0 0
910 0 0
911 0 0
912 0 0
913 0 0
914 0 0
915 0 0
916 0 0
917 0 0
918 0 0
919 0 0
920 0 0
921 0 0
922 0 0
923 0 0
924 0 0
925 0 0
926 0 0
927 0 0
928 0 0
929 0 0
930 0 0
931 0 0
932 0 0
933 0 0
934 0 0
935 0 0
936 0 0
937 0 0
938 0 0
939 0 0
940 0 0
941 0 0
942 0 0
943 0 0
944 0 0
945 0 0
946 0 0
947 0 0
948 0 0
949 0 0
950 0 0
951 0 0
952 0 0
953 0 0
954 0 0
955 0 0
956 0 0
957 0 0
958 0 0
959 0 0
960 0 0
961 0 0
962 0 0
963 0 0
964 0 0
965 0 0
966 0 0
967 0 0
968 0 0
969 0 0
970 0 0
971 0 0
972 0 0
973 0 0
974 0 0
975 0 0
976 0 0
977 0 0
978 0 0
979 0 0
980 0 0
981 0 0
982 0 0
983 0 0
984 0 0
985 0 0
986 0 0
987 0 0
988 0 0
989 0 0
990 0 0
991 0 0
992 0 0
993 0 0
994 0 0
995 0 0
996 0 0
997 0 0
998 0 0
999 0 0
1000 0 0
1001 0 0
1002 0 0
1003 0 0
1004 0 0
1005 0 0
1006 0 0
1007 0 0
1008 0 0
1009 0 0
1010 0 0
1011 0 0
1012 0 0
1013 0 0
1014 0 0
1015 0 0
1016 0 0
1017 0 0
1018 0 0
1019 0 0
1020 0 0
1021 0 0
1022 0 0
1023 0 0
1024 0 0
1025 0 0
1026 0 0
1027 0 0
1028 0 0
1029 0 0
1030 0 0
1031 0 0
1032 0 0
1033 0 0
1034 0 0
1035 0 0
1036 0 0
1037 0 0
1038 0 0
1039 0 0
1040 0 0
1041 0 0
1042 0 0
1043 0 0
1044 0 0
1045 0 0
1046 0 0
1047 0 0
1048 0 0
1049 0 0
1050 0 0
1051 0 0
1052 0 0
1053 0 0
1054 0 0
1055 0 0
1056 0 0
1057 0 0
1058 0 0
1059 0 0
1060 0 0
1061 0 0
1062 0 0
1063 0 0
1064 0 0
1065 0 0
1066 0 0
1067 0 0
1068 0 0
1069 0 0
1070 0 0
1071 0 0
1072 0 0
1073 0 0
1074 0 0
1075 0 0
1076 0 0
1077 0 0
1078 0 0
1079 0 0
1080 0 0
1081 0 0
1082 0 0
1083 0 0
1084 0 0
1085 0 0
1086 0 0
1087 0 0
1088 0 0
1089 0 0
1090 0 0
1091 0 0
1092 0 0
1093 0 0
1094 0 0
1095 0 0
1096 0 0
1097 0 0
1098 0 0
1099 0 0
1100 0 0
1101 0 0
1102 0 0
1103 0 0
1104 0 0
1105 0 0
1106 0 0
1107 0 0
1108 0 0
1109 0 0
1110 0 0
1111 0 0
1112 0 0
1113 0 0
1114 0 0
1115 0 0
1116 0 0
1117 0 0
1118 0 0
1119 0 0
1120 0 0
1121 0 0
1122 0 0
1123 0 0
1124 0 0
1125 0 0
1126 0 0
1127 0 0
1128 0 0
1129 0 0
1130 0 0
1131 0 0
1132 0 0
1133 0 0
1134 0 0
1135 0 0
1136 0 0
1137 0 0
1138 0 0
1139 0 0
1140 0 0
1141 0 0
1142 0 0
1143 0 0
1144 0 0
1145 0 0
1146 0 0
1147 0 0
1148 0 0
1149 0 0
1150 0 0
1151 0 0
1152 0 0
1153 0 0
1154 0 0
1155 0 0
1156 0 0
1157 0 0
1158 0 0
1159 0 0
1160 0 0
1161 0 0
1162 0 0
1163 0 0
1164 0 0
1165 0 0
1166 0 0
1167 0 0
1168 0 0
1169 0 0
1170 0 0
1171 0 0
1172 0 0
1173 0 0
1174 0 0
1175 0 0
1176 0 0
1177 0 0
1178 0 0
1179 0 0
1180 0 0
1181 0 0
1182 0 0
1183 0 0
1184 0 0
1185 0 0
1186 0 0
1187 0 0
1188 0 0
1189 0 0
1190 0 0
1191 0 0
1192 0 0
1193 0 0
1194 0 0
1195 0 0
1196 0 0
1197 0 0
1198 0 0
1199 0 0
1200 0 0
1201 0 0
1202 0 0
1203 0 0
1204 0 0
1205 0 0
1206 0 0
1207 0 0
1208 0 0
1209 0 0
1210 0 0
1211 0 0
1212 0 0
1213 0 0
1214 0 0
1215 0 0
1216 0 0
1217 0 0
1218 0 0
1219 0 0
1220 0 0
1221 0 0
1222 0 0
1223 0 0
1224 0 0
1225 0 0
1226 0 0
1227 0 0
1228 0 0
1229 0 0
1230 0 0
1231 0 0
1232 0 0
1233 0 0
1234 0 0
1235 0 0
1236 0 0
1237 0 0
1238 0 0
1239 0 0
1240 0 0
1241 0 0
1242 0 0
1243 0 0
1244 0 0
1245 0 0
1246 0 0
1247 0 0
1248 0 0
1249 0 0
1250 0 0
1251 0 0
1252 0 0
1253 0 0
1254 0 0
1255 0 0
1256 0 0
1257 0 0
1258 0 0
1259 0 0
1260 0 0
1261 0 0
1262 0 0
1263 0 0
1264 0 0
1265 0 0
1266 0 0
1267 0 0
1268 0 0
1269 0 0
1270 0 0
1271 0 0
1272 0 0
1273 0 0
1274 0 0
1275 0 0
1276 0 0
1277 0 0
1278 0 0
1279 0 0
1280 0 0
1281 0 0
1282 0 0
1283 0 0
1284 0 0
1285 0 0
1286 0 0
1287 0 0
1288 0 0
1289 0 0
1290 0 0
1291 0 0
1292 0 0
1293 0 0
1294 0 0
1295 0 0
1296 0 0
1297 0 0
1298 0 0
1299 0 0
1300 0 0
1301 0 0
1302 0 0
1303 0 0
1304 0 0
1305 0 0
1306 0 0
1307 0 0
1308 0 0
1309 0 0
1310 0 0
1311 0 0
1312 0 0
1313 0 0
1314 0 0
1315 0 0
1316 0 0
1317 0 0
1318 0 0
1319 0 0
1320 0 0
1321 0 0
1322 0 0
1323 0 0
1324 0 0
1325 0 0
1326 0 0
1327 0 0
1328 0 0
1329 0 0
1330 0 0
1331 0 0
1332 0 0
1333 0 0
1334 0 0
1335 0 0
1336 0 0
1337 0 0
1338 0 0
1339 0 0
1340 0 0
1341 0 0
1342 0 0
1343 0 0
1344 0 0
1345 0 0
1346 0 0
1347 0 0
1348 0 0
1349 0 0
1350 0 0
1351 0 0
1352 0 0
1353 0 0
1354 0 0
1355 0 0
1356 0 0
1357 0 0
1358 0 0
1359 0 0
1360 0 0
1361 0 0
1362 0 0
1363 0 0
1364 0 0
1365 0 0
1366 0 0
1367 0 0
1368 0 0
1369 0 0
1370 0 0
1371 0 0
1372 0 0
1373 0 0
1374 0 0
1375 0 0
1376 0 0
1377 0 0
1378 0 0
1379 0 0
1380 0 0
1381 0 0
1382 0 0
1383 0 0
1384 0 0
1385 0 0
1386 0 0
1387 0 0
1388 0 0
1389 0 0
1390 0 0
1391 0 0
1392 0 0
1393 0 0
1394 0 0
1395 0 0
1396 0 0
1397 0 0
1398 0 0
1399 0 0
1400 0 0
1401 0 0
1402 0 0
1403 0 0
1404 0 0
1405 0 0
1406 0 0
1407 0 0
1408 0 0
1409 0 0
1410 0 0
1411 0 0
1412 0 0
1413 0 0
1414 0 0
1415 0 0
1416 0 0
1417 0 0
1418 0 0
1419 0 0
1420 0 0
1421 0 0
1422 0 0
1423 0 0
1424 0 0
1425 0 0
1426 0 0
1427 0 0
1428 0 0
1429 0 0
1430 0 0
1431 0 0
1432 0 0
1433 0 0
1434 0 0
1435 0 0
1436 0 0
1437 0 0
1438 0 0
1439 0 0
1440 0 0
1441 0 0
1442 0 0
1443 0 0
1444 0 0
1445 0 0
1446 0 0
1447 0 0
1448 0 0
1449 0 0
1450 0 0
1451 0 0
1452 0 0
1453 0 0
1454 0 0
1455 0 0
1456 0 0
1457 0 0
1458 0 0
1459 0 0
1460 0 0
1461 0 0
1462 0 0
1463 0 0
1464 0 0
1465 0 0
1466 0 0
1467 0 0
1468 0 0
1469 0 0
1470 0 0
1471 0 0
1472 0 0
1473 0 0
1474 0 0
1475 0 0
1476 0 0
1477 0 0
1478 0 0
1479 0 0
1480 0 0
1481 0 0
1482 0 0
1483 0 0
1484 0 0
1485 0 0
1486 0 0
1487 0 0
1488 0 0
1489 0 0
1490 0 0
1491 0 0
1492 0 0
1493 0 0
1494 0 0
1495 0 0
1496 0 0
1497 0 0
1498 0 0
1499 0 0
1500 0 0
1501 0 0
1502 0 0
1503 0 0
1504 0 0
1505 0 0
1506 0 0
1507 0 0
1508 0 0
1509 0 0
1510 0 0
1511 0 0
1512 0 0
1513 0 0
1514 0 0
1515 0 0
1516 0 0
1517 0 0
1518 0 0
1519 0 0
1520 0 0
1521 0 0
1522 0 0
1523 0 0
1524 0 0
1525 0 0
1526 0 0
1527 0 0
1528 0 0
1529 0 0
1530 0 0
1531 0 0
1532 0 0
1533 0 0
1534 0 0
1535 0 0
1536 0 0
1537 0 0
1538 0 0
1539 0 0
1540 0 0
1541 0 0
1542 0 0
1543 0 0
1544 0 0
1545 0 0
1546 0 0
1547 0 0
1548 0 0
1549 0 0
1550 0 0
1551 0 0
1552 0 0
1553 0 0
1554 0 0
1555 0 0
1556 0 0
1557 0 0
1558 0 0
1559 0 0
1560 0 0
1561 0 0
1562 0 0
1563 0 0
1564 0 0
1565 0 0
1566 0 0
1567 0 0
1568 0 0
1569 0 0
1570 0 0
1571 0 0
1572 0 0
1573 0 0
1574 0 0
1575 0 0
1576 0 0
1577 0 0
1578 0 0
1579 0 0
1580 0 0
1581 0 0
1582 0 0
1583 0 0
1584 0 0
1585 0 0
1586 0 0
1587 0 0
1588 0 0
1589 0 0
1590 0 0
1591 0 0
1592 0 0
1593 0 0
1594 0 0
1595 0 0
1596 0 0
1597 0 0
1598 0 0
1599 0 0
1600 0 0

ARCS
11 10 26
10 9 4
9 8 38
8 7 24
7 6 55
6 5 53
5 4 31
4 3 16
3 2 19
2 1 23
1 41 1
41 42 23
42 43 19
43 44 16
44 45 31
45 46 53
46 47 55
47 48 24
48 49 38
49 50 4
50 51 26
51 52 17
52 53 26
53 54 13
54 55 8
55 56 14
56 57 50
57 58 40
58 59 7
59 60 84
60 61 11
61 62 21
62 63 2
63 64 19
64 65 2
65 66 47
66 67 40
67 68 48
68 69 11
69 70 1
70 71 6
71 72 50
72 73 12
73 74 22
74 75 3
75 76 79
76 77 15
77 78 24
78 79 3
79 80 21
80 40 1
40 39 21
39 38 3
38 37 24
37 36 15
36 35 79
35 34 3
34 33 22
33 32 12
32 31 50
31 30 6
30 29 1
29 28 11
28 27 48
27 26 40
26 25 47
25 24 2
24 23 19
23 22 2
22 21 21
21 20 11
20 19 84
19 18 7
18 17 40
17 16 50
16 15 14
15 14 8
14 13 13
13 12 26
12 11 17
11 51 1
51 91 6
91 90 26
90 89 4
89 88 38
88 87 24
87 86 55
86 85 53
85 84 31
84 83 16
83 82 19
82 81 23
81 41 6
81 121 13
121 122 23
122 123 19
123 124 16
124 125 31
125 126 53
126 127 55
127 128 24
128 129 38
129 130 4
130 131 26
131 132 17
132 133 26
133 134 13
134 135 8
135 136 14
136 137 50
137 138 40
138 139 7
139 140 84
140 141 11
141 142 21
142 143 2
143 144 19
144 145 2
145 146 47
146 147 40
147 148 48
148 149 11
149 150 1
150 151 6
151 152 50
152 153 12
153 154 22
154 155 3
155 156 79
156 157 15
157 158 24
158 159 3
159 160 21
160 120 13
120 119 21
119 118 3
118 117 24
117 116 15
116 115 79
115 114 3
114 113 22
113 112 12
112 111 50
111 110 6
110 109 1
109 108 11
108 107 48
107 106 40
106 105 47
105 104 2
104 103 19
103 102 2
102 101 21
101 100 11
100 99 84
99 98 7
98 97 40
97 96 50
96 95 14
95 94 8
94 93 13
93 92 26
92 91 17
91 131 13
131 171 23
171 170 26
170 169 4
169 168 38
168 167 24
167 166 55
166 165 53
165 164 31
164 163 16
163 162 19
162 161 23
161 121 23
161 201 18
201 202 23
202 203 19
203 204 16
204 205 31
205 206 53
206 207 55
207 208 24
208 209 38
209 210 4
210 211 26
211 212 17
212 213 26
213 214 13
214 215 8
215 216 14
216 217 50
217 218 40
218 219 7
219 220 84
220 221 11
221 222 21
222 223 2
223 224 19
224 225 2
225 226 47
226 227 40
227 228 48
228 229 11
229 230 1
230 231 6
231 232 50
232 233 12
233 234 22
234 235 3
235 236 79
236 237 15
237 238 24
238 239 3
239 240 21
240 200 18
200 199 21
199 198 3
198 197 24
197 196 15
196 195 79
195 194 3
194 193 22
193 192 12
192 191 50
191 190 6
190 189 1
189 188 11
188 187 48
187 186 40
186 185 47
185 184 2
184 183 19
183 182 2
182 181 21
181 180 11
180 179 84
179 178 7
178 177 40
177 176 50
176 175 14
175 174 8
174 173 13
173 172 26
172 171 17
171 211 18
211 251 6
251 250 26
250 249 4
249 248 38
248 247 24
247 246 55
246 245 53
245 244 31
244 243 16
243 242 19
242 241 23
241 201 6
241 281 13
281 282 23
282 283 19
283 284 16
284 285 31
285 286 53
286 287 55
287 288 24
288 289 38
289 290 4
290 291 26
291 292 17
292 293 26
293 294 13
294 295 8
295 296 14
296 297 50
297 298 40
298 299 7
299 300 84
300 301 11
301 302 21
302 303 2
303 304 19
304 305 2
305 306 47
306 307 40
307 308 48
308 309 11
309 310 1
310 1245 6
1245 312 50
312 313 12
313 314 22
314 315 3
315 316 79
316 317 15
317 318 24
318 319 3
319 320 21
320 280 13
280 279 21
279 278 3
278 277 24
277 276 15
276 275 79
275 274 3
274 273 22
273 272 12
272 271 50
271 270 6
270 269 1
269 268 11
268 267 48
267 266 40
266 265 47
265 264 2
264 263 19
263 262 2
262 261 21
261 260 11
260 259 84
259 258 7
258 257 40
257 256 50
256 255 14
255 254 8
254 253 13
253 252 26
252 251 17
251 291 13
291 331 2
331 330 26
330 329 4
329 328 38
328 327 24
327 326 55
326 325 53
325 324 31
324 323 16
323 322 19
322 321 23
321 281 2
321 361 16
361 362 23
362 363 19
363 364 16
364 365 31
365 366 53
366 367 55
367 368 24
368 369 38
369 370 4
370 371 26
371 372 17
372 373 26
373 374 13
374 375 8
375 376 14
376 377 50
377 378 40
378 379 7
379 380 84
380 381 11
381 382 21
382 383 2
383 384 19
384 385 2
385 386 47
386 387 40
387 388 48
388 389 11
389 390 1
390 391 6
391 392 50
392 393 12
393 394 22
394 395 3
395 396 79
396 397 15
397 398 24
398 399 3
399 400 21
400 360 16
360 359 21
359 358 3
358 357 24
357 356 15
356 355 79
355 354 3
354 353 22
353 352 12
352 351 50
351 350 6
350 349 1
349 348 11
348 347 48
347 346 40
346 345 47
345 344 2
344 343 19
343 342 2
342 341 21
341 340 11
340 339 84
339 338 7
338 337 40
337 336 50
336 335 14
335 334 8
334 333 13
333 332 26
332 331 17
331 371 16
371 411 17
411 410 26
410 409 4
409 408 38
408 407 24
407 406 55
406 405 53
405 404 31
404 403 16
403 402 19
402 401 23
401 361 17
401 441 24
441 442 23
442 443 19
443 444 16
444 445 31
445 446 53
446 447 55
447 448 24
448 449 38
449 450 4
450 451 26
451 452 17
452 453 26
453 454 13
454 455 8
455 456 14
456 457 50
457 458 40
458 459 7
459 460 84
460 461 11
461 462 21
462 463 2
463 464 19
464 465 2
465 466 47
466 467 40
467 468 48
468 469 11
469 470 1
470 471 6
471 472 50
472 473 12
473 474 22
474 475 3
475 476 79
476 477 15
477 478 24
478 479 3
479 480 21
480 440 24
440 439 21
439 438 3
438 437 24
437 436 15
436 435 79
435 434 3
434 433 22
433 432 12
432 431 50
431 430 6
430 429 1
429 428 11
428 427 48
427 426 40
426 425 47
425 424 2
424 423 19
423 422 2
422 421 21
421 420 11
420 419 84
419 418 7
418 417 40
417 416 50
416 415 14
415 414 8
414 413 13
413 412 26
412 411 17
411 451 24
451 491 102
491 490 26
490 489 4
489 488 38
488 487 24
487 486 55
486 485 53
485 484 31
484 483 16
483 482 19
482 481 23
481 441 102
481 521 2
521 522 23
522 523 19
523 524 16
524 525 31
525 526 53
526 527 55
527 528 24
528 529 38
529 530 4
530 531 26
531 532 17
532 533 26
533 534 13
534 535 8
535 536 14
536 537 50
537 538 40
538 539 7
539 540 84
540 541 11
541 542 21
542 543 2
543 544 19
544 545 2
545 546 47
546 547 40
547 548 48
548 549 11
549 550 1
550 551 6
551 552 50
552 553 12
553 554 22
554 555 3
555 556 79
556 557 15
557 558 24
558 559 3
559 560 21
560 520 2
520 519 21
519 518 3
518 517 24
517 516 15
516 515 79
515 514 3
514 513 22
513 512 12
512 511 50
511 510 6
510 509 1
509 508 11
508 507 48
507 506 40
506 505 47
505 504 2
504 503 19
503 502 2
502 501 21
501 500 11
500 499 84
499 498 7
498 497 40
497 496 50
496 495 14
495 494 8
494 493 13
493 492 26
492 491 17
491 531 2
531 571 68
571 570 26
570 569 4
569 568 38
568 567 24
567 566 55
566 565 53
565 564 31
564 563 16
563 562 19
562 561 23
561 521 68
561 601 16
601 602 23
602 603 19
603 604 16
604 605 31
605 606 53
606 607 55
607 608 24
608 609 38
609 610 4
610 611 26
611 612 17
612 613 26
613 614 13
614 615 8
615 616 14
616 617 50
617 618 40
618 619 7
619 620 84
620 621 11
621 622 21
622 623 2
623 624 19
624 625 2
625 626 47
626 627 40
627 628 48
628 629 11
629 630 1
630 631 6
631 632 50
632 633 12
633 634 22
634 635 3
635 636 79
636 637 15
637 638 24
638 639 3
639 640 21
640 600 16
600 599 21
599 598 3
598 597 24
597 596 15
596 595 79
595 594 3
594 593 22
593 592 12
592 591 50
591 590 6
590 589 1
589 588 11
588 587 48
587 586 40
586 585 47
585 584 2
584 583 19
583 582 2
582 581 21
581 580 11
580 579 84
579 578 7
578 577 40
577 576 50
576 575 14
575 574 8
574 573 13
573 572 26
572 571 17
571 611 16
611 651 15
651 650 26
650 649 4
649 648 38
648 647 24
647 646 55
646 645 53
645 644 31
644 643 16
643 642 19
642 641 23
641 601 15
641 681 46
681 682 23
682 683 19
683 684 16
684 685 31
685 686 53
686 687 55
687 688 24
688 689 38
689 690 4
690 691 26
691 692 17
692 693 26
693 694 13
694 695 8
695 696 14
696 697 50
697 698 40
698 699 7
699 700 84
700 701 11
701 702 21
702 703 2
703 704 19
704 705 2
705 706 47
706 707 40
707 708 48
708 709 11
709 710 1
710 711 6
711 712 50
712 713 12
713 714 22
714 715 3
715 716 79
716 717 15
717 718 24
718 719 3
719 720 21
720 680 46
680 679 21
679 678 3
678 677 24
677 676 15
676 675 79
675 674 3
674 673 22
673 672 12
672 671 50
671 670 6
670 669 1
669 668 11
668 667 48
667 666 40
666 665 47
665 664 2
664 663 19
663 662 2
662 661 21
661 660 11
660 659 84
659 658 7
658 657 40
657 656 50
656 655 14
655 654 8
654 653 13
653 652 26
652 651 17
651 691 46
691 731 9
731 730 26
730 729 4
729 728 38
728 727 24
727 726 55
726 725 53
725 724 31
724 723 16
723 722 19
722 721 23
721 681 9
721 761 15
761 762 23
762 763 19
763 764 16
764 765 31
765 766 53
766 767 55
767 768 24
768 769 38
769 770 4
770 771 26
771 772 17
772 773 26
773 774 13
774 775 8
775 776 14
776 777 50
777 778 40
778 779 7
779 780 84
780 781 11
781 782 21
782 783 2
783 784 19
784 785 2
785 786 47
786 787 40
787 788 48
788 789 11
789 790 1
790 791 6
791 792 50
792 793 12
793 794 22
794 795 3
795 796 79
796 797 15
797 798 24
798 799 3
799 800 21
800 760 15
760 759 21
759 758 3
758 757 24
757 756 15
756 755 79
755 754 3
754 753 22
753 752 12
752 751 50
751 750 6
750 749 1
749 748 11
748 747 48
747 746 40
746 745 47
745 744 2
744 743 19
743 742 2
742 741 21
741 740 11
740 739 84
739 738 7
738 737 40
737 736 50
736 735 14
735 734 8
734 733 13
733 732 26
732 731 17
731 771 15
771 811 3
811 810 26
810 809 4
809 808 38
808 807 24
807 806 55
806 805 53
805 804 31
804 803 16
803 802 19
802 801 23
801 761 3
801 841 15
841 842 23
842 843 19
843 844 16
844 845 31
845 846 53
846 847 55
847 848 24
848 849 38
849 850 4
850 851 26
851 852 17
852 853 26
853 854 13
854 855 8
855 856 14
856 857 50
857 858 40
858 859 7
859 860 84
860 861 11
861 862 21
862 863 2
863 864 19
864 865 2
865 866 47
866 867 40
867 868 48
868 869 11
869 870 1
870 871 6
871 872 50
872 873 12
873 874 22
874 875 3
875 876 79
876 877 15
877 878 24
878 879 3
879 880 21
880 840 15
840 839 21
839 838 3
838 837 24
837 836 15
836 835 79
835 834 3
834 833 22
833 832 12
832 831 50
831 830 6
830 829 1
829 828 11
828 827 48
827 826 40
826 825 47
825 824 2
824 823 19
823 822 2
822 821 21
821 820 11
820 819 84
819 818 7
818 817 40
817 816 50
816 815 14
815 814 8
814 813 13
813 812 26
812 811 17
811 851 15
851 891 27
891 890 26
890 889 4
889 888 38
888 887 24
887 886 55
886 885 53
885 884 31
884 883 16
883 882 19
882 881 23
881 841 27
881 921 40
921 922 23
922 923 19
923 924 16
924 925 31
925 926 53
926 927 55
927 928 24
928 929 38
929 930 4
930 931 26
931 932 17
932 933 26
933 934 13
934 935 8
935 936 14
936 937 50
937 938 40
938 939 7
939 940 84
940 941 11
941 942 21
942 943 2
943 944 19
944 945 2
945 946 47
946 947 40
947 948 48
948 949 11
949 950 1
950 951 6
951 952 50
952 953 12
953 954 22
954 955 3
955 956 79
956 957 15
957 958 24
958 959 3
959 960 21
960 920 40
920 919 21
919 918 3
918 917 24
917 916 15
916 915 79
915 914 3
914 913 22
913 912 12
912 911 50
911 910 6
910 909 1
909 908 11
908 907 48
907 906 40
906 905 47
905 904 2
904 903 19
903 902 2
902 901 21
901 900 11
900 899 84
899 898 7
898 897 40
897 896 50
896 895 14
895 894 8
894 893 13
893 892 26
892 891 17
891 931 40
931 971 34
971 970 26
970 969 4
969 968 38
968 967 24
967 966 55
966 965 53
965 964 31
964 963 16
963 962 19
962 961 23
961 921 34
961 1001 11
1001 1002 23
1002 1003 19
1003 1004 16
1004 1005 31
1005 1006 53
1006 1007 55
1007 1008 24
1008 1009 38
1009 1010 4
1010 1011 26
1011 1012 17
1012 1013 26
1013 1014 13
1014 1015 8
1015 1016 14
1016 1017 50
1017 1018 40
1018 1019 7
1019 1020 84
1020 1021 11
1021 1022 21
1022 1023 2
1023 1024 19
1024 1025 2
1025 1026 47
1026 1027 40
1027 1028 48
1028 1029 11
1029 1030 1
1030 1031 6
1031 1032 50
1032 1033 12
1033 1034 22
1034 1035 3
1035 1036 79
1036 1037 15
1037 1038 24
1038 1039 3
1039 1040 21
1040 1000 11
1000 999 21
999 998 3
998 997 24
997 996 15
996 995 79
995 994 3
994 993 22
993 992 12
992 991 50
991 990 6
990 989 1
989 988 11
988 987 48
987 986 40
986 985 47
985 984 2
984 983 19
983 982 2
982 981 21
981 980 11
980 979 84
979 978 7
978 977 40
977 976 50
976 975 14
975 974 8
974 973 13
973 972 26
972 971 17
971 1011 11
1011 1051 14
1051 1050 26
1050 1049 4
1049 1048 38
1048 1047 24
1047 1046 55
1046 1045 53
1045 1044 31
1044 1043 16
1043 1042 19
1042 1041 23
1041 1001 14
1041 1081 53
1081 1082 23
1082 1083 19
1083 1084 16
1084 1085 31
1085 1086 53
1086 1087 55
1087 1088 24
1088 1089 38
1089 1090 4
1090 1091 26
1091 1092 17
1092 1093 26
1093 1094 13
1094 1095 8
1095 1096 14
1096 1097 50
1097 1098 40
1098 1099 7
1099 1100 84
1100 1101 11
1101 1102 21
1102 1103 2
1103 1104 19
1104 1105 2
1105 1106 47
1106 1107 40
1107 1108 48
1108 1109 11
1109 1110 1
1110 1111 6
1111 1112 50
1112 1113 12
1113 1114 22
1114 1115 3
1115 1116 79
1116 1117 15
1117 1118 24
1118 1119 3
1119 1120 21
1120 1080 53
1080 1079 21
1079 1078 3
1078 1077 24
1077 1076 15
1076 1075 79
1075 1074 3
1074 1073 22
1073 1072 12
1072 1071 50
1071 1070 6
1070 1069 1
1069 1068 11
1068 1067 48
1067 1066 40
1066 1065 47
1065 1064 2
1064 1063 19
1063 1062 2
1062 1061 21
1061 1060 11
1060 1059 84
1059 1058 7
1058 1057 40
1057 1056 50
1056 1055 14
1055 1054 8
1054 1053 13
1053 1052 26
1052 1051 17
1051 1091 53
1091 1131 87
1131 1130 26
1130 1129 4
1129 1128 38
1128 1127 24
1127 1126 55
1126 1125 53
1125 1124 31
1124 1123 16
1123 1122 19
1122 1121 23
1121 1081 87
1121 1161 36
1161 1162 23
1162 1163 19
1163 1164 16
1164 1165 31
1165 1166 53
1166 1167 55
1167 1168 24
1168 1169 38
1169 1170 4
1170 1171 26
1171 1172 17
1172 1173 26
1173 1174 13
1174 1175 8
1175 1176 14
1176 1177 50
1177 1178 40
1178 1179 7
1179 1180 84
1180 1181 11
1181 1182 21
1182 1183 2
1183 1184 19
1184 1185 2
1185 1186 47
1186 1187 40
1187 1188 48
1188 1189 11
1189 1190 1
1190 1191 6
1191 1192 50
1192 1193 12
1193 1194 22
1194 1195 3
1195 1196 79
1196 1197 15
1197 1198 24
1198 1199 3
1199 1200 21
1200 1160 36
1160 1159 21
1159 1158 3
1158 1157 24
1157 1156 15
1156 1155 79
1155 1154 3
1154 1153 22
1153 1152 12
1152 1151 50
1151 1150 6
1150 1149 1
1149 1148 11
1148 1147 48
1147 1146 40
1146 1145 47
1145 1144 2
1144 1143 19
1143 1142 2
1142 1141 21
1141 1140 11
1140 1139 84
1139 1138 7
1138 1137 40
1137 1136 50
1136 1135 14
1135 1134 8
1134 1133 13
1133 1132 26
1132 1131 17
1131 1171 36
1171 1211 6
1211 1210 26
1210 1209 4
1209 1208 38
1208 1207 24
1207 1206 55
1206 1205 53
1205 1204 31
1204 1203 16
1203 1202 19
1202 1201 23
1201 1161 6
1201 1241 9
1241 1242 23
1242 1243 19
1243 1244 16
1244 1245 31
1245 1246 53
1246 1247 55
1247 1248 24
1248 1249 38
1249 1250 4
1250 1251 26
1251 1252 17
1252 1253 26
1253 1254 13
1254 1255 8
1255 1256 14
1256 1257 50
1257 1258 40
1258 1259 7
1259 1260 84
1260 1261 11
1261 1262 21
1262 1263 2
1263 1264 19
1264 1265 2
1265 1266 47
1266 1267 40
1267 1268 48
1268 1269 11
1269 1270 1
1270 1271 6
1271 1272 50
1272 1273 12
1273 1274 22
1274 1275 3
1275 1276 79
1276 1277 15
1277 1278 24
1278 1279 3
1279 1280 21
1280 1240 9
1240 1239 21
1239 1238 3
1238 1237 24
1237 1236 15
1236 1235 79
1235 1234 3
1234 1233 22
1233 1232 12
1232 1231 50
1231 1230 6
1230 1229 1
1229 1228 11
1228 1227 48
1227 1226 40
1226 1225 47
1225 1224 2
1224 1223 19
1223 1222 2
1222 1221 21
1221 1220 11
1220 1219 84
1219 1218 7
1218 1217 40
1217 1216 50
1216 1215 14
1215 1214 8
1214 1213 13
1213 1212 26
1212 1211 17
1211 1251 9
1251 1291 8
1291 1290 26
1290 1289 4
1289 1288 38
1288 1287 24
1287 1286 55
1286 1285 53
1285 1284 31
1284 1283 16
1283 1282 19
1282 1281 23
1281 1241 8
1281 1321 8
1321 1322 23
1322 1323 19
1323 1324 16
1324 1325 31
1325 1326 53
1326 1327 55
1327 1328 24
1328 1329 38
1329 1330 4
1330 1331 26
1331 1332 17
1332 1333 26
1333 1334 13
1334 1335 8
1335 1336 14
1336 1337 50
1337 1338 40
1338 1339 7
1339 1340 84
1340 1341 11
1341 1342 21
1342 1343 2
1343 1344 19
1344 1345 2
1345 1346 47
1346 1347 40
1347 1348 48
1348 1349 11
1349 1350 1
1350 1351 6
1351 1352 50
1352 1353 12
1353 1354 22
1354 1355 3
1355 1356 79
1356 1357 15
1357 1358 24
1358 1359 3
1359 1360 21
1360 1320 8
1320 1319 21
1319 1318 3
1318 1317 24
1317 1316 15
1316 1315 79
1315 1314 3
1314 1313 22
1313 1312 12
1312 1311 50
1311 1310 6
1310 1309 1
1309 1308 11
1308 1307 48
1307 1306 40
1306 1305 47
1305 1304 2
1304 1303 19
1303 1302 2
1302 1301 21
1301 1300 11
1300 1299 84
1299 1298 7
1298 1297 40
1297 1296 50
1296 1295 14
1295 1294 8
1294 1293 13
1293 1292 26
1292 1291 17
1291 1331 8
1331 1371 58
1371 1370 26
1370 1369 4
1369 1368 38
1368 1367 24
1367 1366 55
1366 1365 53
1365 1364 31
1364 1363 16
1363 1362 19
1362 1361 23
1361 1321 58
1361 1401 9
1401 1402 23
1402 1403 19
1403 1404 16
1404 1405 31
1405 1406 53
1406 1407 55
1407 1408 24
1408 1409 38
1409 1410 4
1410 1411 26
1411 1412 17
1412 1413 26
1413 1414 13
1414 1415 8
1415 1416 14
1416 1417 50
1417 1418 40
1418 1419 7
1419 1420 84
1420 1421 11
1421 1422 21
1422 1423 2
1423 1424 19
1424 1425 2
1425 1426 47
1426 1427 40
1427 1428 48
1428 1429 11
1429 1430 1
1430 1431 6
1431 1432 50
1432 1433 12
1433 1434 22
1434 1435 3
1435 1436 79
1436 1437 15
1437 1438 24
1438 1439 3
1439 1440 21
1440 1400 9
1400 1399 21
1399 1398 3
1398 1397 24
1397 1396 15
1396 1395 79
1395 1394 3
1394 1393 22
1393 1392 12
1392 1391 50
1391 1390 6
1390 1389 1
1389 1388 11
1388 1387 48
1387 1386 40
1386 1385 47
1385 1384 2
1384 1383 19
1383 1382 2
1382 1381 21
1381 1380 11
1380 1379 84
1379 1378 7
1378 1377 40
1377 1376 50
1376 1375 14
1375 1374 8
1374 1373 13
1373 1372 26
1372 1371 17
1371 1411 9
1411 1451 18
1451 1450 26
1450 1449 4
1449 1448 38
1448 1447 24
1447 1446 55
1446 1445 53
1445 1444 31
1444 1443 16
1443 1442 19
1442 1441 23
1441 1401 18
1441 1481 64
1481 1482 23
1482 1483 19
1483 1484 16
1484 1485 31
1485 1486 53
1486 1487 55
1487 1488 24
1488 1489 38
1489 1490 4
1490 1491 26
1491 1492 17
1492 1493 26
1493 1494 13
1494 1495 8
1495 1496 14
1496 1497 50
1497 1498 40
1498 1499 7
1499 1500 84
1500 1501 11
1501 1502 21
1502 1503 2
1503 1504 19
1504 1505 2
1505 1506 47
1506 1507 40
1507 1508 48
1508 1509 11
1509 1510 1
1510 1511 6
1511 1512 50
1512 1513 12
1513 1514 22
1514 1515 3
1515 1516 79
1516 1517 15
1517 1518 24
1518 1519 3
1519 1520 21
1520 1480 64
1480 1479 21
1479 1478 3
1478 1477 24
1477 1476 15
1476 1475 79
1475 1474 3
1474 1473 22
1473 1472 12
1472 1471 50
1471 1470 6
1470 1469 1
1469 1468 11
1468 1467 48
1467 1466 40
1466 1465 47
1465 1464 2
1464 1463 19
1463 1462 2
1462 1461 21
1461 1460 11
1460 1459 84
1459 1458 7
1458 1457 40
1457 1456 50
1456 1455 14
1455 1454 8
1454 1453 13
1453 1452 26
1452 1451 17
1451 1491 64
1491 1531 22
1531 1530 26
1530 1529 4
1529 1528 38
1528 1527 24
1527 1526 55
1526 1525 53
1525 1524 31
1524 1523 16
1523 1522 19
1522 1521 23
1521 1481 22
1521 1561 47
1561 1562 23
1562 1563 19
1563 1564 16
1564 1565 31
1565 1566 53
1566 1567 55
1567 1568 24
1568 1569 38
1569 1570 4
1570 1571 26
1571 1572 17
1572 1573 26
1573 1574 13
1574 1575 8
1575 1576 14
1576 1577 50
1577 1578 40
1578 1579 7
1579 1580 84
1580 1581 11
1581 1582 21
1582 1583 2
1583 1584 19
1584 1585 2
1585 1586 47
1586 1587 40
1587 1588 48
1588 1589 11
1589 1590 1
1590 1591 6
1591 1592 50
1592 1593 12
1593 1594 22
1594 1595 3
1595 1596 79
1596 1597 15
1597 1598 24
1598 1599 3
1599 1600 21
1600 1560 47
1560 1559 21
1559 1558 3
1558 1557 24
1557 1556 15
1556 1555 79
1555 1554 3
1554 1553 22
1553 1552 12
1552 1551 50
1551 1550 6
1550 1549 1
1549 1548 11
1548 1547 48
1547 1546 40
1546 1545 47
1545 1544 2
1544 1543 19
1543 1542 2
1542 1541 21
1541 1540 11
1540 1539 84
1539 1538 7
1538 1537 40
1537 1536 50
1536 1535 14
1535 1534 8
1534 1533 13
1533 1532 26
1532 1531 17
1531 1571 47
1532 1492 22
1492 1452 64
1452 1412 18
1412 1372 9
1372 1332 58
1332 1292 8
1292 1252 8
1252 1212 9
1212 1172 6
1172 1132 36
1132 1092 87
1092 1052 53
1052 1012 14
1012 972 11
972 932 34
932 892 40
892 852 27
852 812 15
812 772 3
772 732 15
732 692 9
692 652 46
652 612 15
612 572 16
572 532 68
532 492 2
492 452 102
452 412 24
412 372 17
372 332 16
332 292 2
292 252 13
252 212 6
212 172 18
172 132 23
132 92 13
92 52 6
52 12 1
1532 1572 47
1533 1493 22
1493 1453 64
1453 1413 18
1413 1373 9
1373 1333 58
1333 1293 8
1293 1253 8
1253 1213 9
1213 1173 6
1173 1133 36
1133 1093 87
1093 1053 53
1053 1013 14
1013 973 11
973 933 34
933 893 40
893 853 27
853 813 15
813 773 3
773 733 15
733 693 9
693 653 46
653 613 15
613 573 16
573 533 68
533 493 2
493 453 102
453 413 24
413 373 17
373 333 16
333 293 2
293 253 13
253 213 6
213 173 18
173 133 23
133 93 13
93 53 6
53 13 1
1533 1573 47
1534 1494 22
1494 1454 64
1454 1414 18
1414 1374 9
1374 1334 58
1334 1294 8
1294 1254 8
1254 1214 9
1214 1174 6
1174 1134 36
1134 1094 87
1094 1054 53
1054 1014 14
1014 974 11
974 934 34
934 894 40
894 854 27
854 814 15
814 774 3
774 734 15
734 694 9
694 654 46
654 614 15
614 574 16
574 534 68
534 494 2
494 454 102
454 414 24
414 374 17
374 334 16
334 294 2
294 254 13
254 214 6
214 174 18
174 134 23
134 94 13
94 54 6
54 14 1
1534 1574 47
1535 1495 22
1495 1455 64
1455 1415 18
1415 1375 9
1375 1335 58
1335 1295 8
1295 1255 8
1255 1215 9
1215 1175 6
1175 1135 36
1135 1095 87
1095 1055 53
1055 1015 14
1015 975 11
975 935 34
935 895 40
895 855 27
855 815 15
815 775 3
775 735 15
735 695 9
695 655 46
655 615 15
615 575 16
575 535 68
535 495 2
495 455 102
455 415 24
415 375 17
375 335 16
335 295 2
295 255 13
255 215 6
215 175 18
175 135 23
135 95 13
95 55 6
55 15 1
1535 1575 47
1536 1496 22
1496 1456 64
1456 1416 18
1416 1376 9
1376 1336 58
1336 1296 8
1296 1256 8
1256 1216 9
1216 1176 6
1176 1136 36
1136 1096 87
1096 1056 53
1056 1016 14
1016 976 11
976 936 34
936 896 40
896 856 27
856 816 15
816 776 3
776 736 15
736 696 9
696 656 46
656 616 15
616 576 16
576 536 68
536 496 2
496 456 102
456 416 24
416 376 17
376 336 16
336 296 2
296 256 13
256 216 6
216 176 18
176 136 23
136 96 13
96 56 6
56 16 1
1536 1576 47
1537 1497 22
1497 1457 64
1457 1417 18
1417 1377 9
1377 1337 58
1337 1297 8
1297 1257 8
1257 1217 9
1217 1177 6
1177 1137 36
1137 1097 87
1097 1057 53
1057 1017 14
1017 977 11
977 937 34
937 897 40
897 857 27
857 817 15
817 777 3
777 737 15
737 697 9
697 657 46
657 617 15
617 577 16
577 537 68
537 497 2
497 457 102
457 417 24
417 377 17
377 337 16
337 297 2
297 257 13
257 217 6
217 177 18
177 137 23
137 97 13
97 57 6
57 17 1
1537 1577 47
1538 1498 22
1498 1458 64
1458 1418 18
1418 1378 9
1378 1338 58
1338 1298 8
1298 1258 8
1258 1218 9
1218 1178 6
1178 1138 36
1138 1098 87
1098 1058 53
1058 1018 14
1018 978 11
978 938 34
938 898 40
898 858 27
858 818 15
818 778 3
778 738 15
738 698 9
698 658 46
658 618 15
618 578 16
578 538 68
538 498 2
498 458 102
458 418 24
418 378 17
378 338 16
338 298 2
298 258 13
258 218 6
218 178 18
178 138 23
138 98 13
98 58 6
58 18 1
1538 1578 47
1539 1499 22
1499 1459 64
1459 1419 18
1419 1379 9
1379 1339 58
1339 1299 8
1299 1259 8
1259 1219 9
1219 1179 6
1179 1139 36
1139 1099 87
1099 1059 53
1059 1019 14
1019 979 11
979 939 34
939 899 40
899 859 27
859 819 15
819 779 3
779 739 15
739 699 9
699 659 46
659 619 15
619 579 16
579 539 68
539 499 2
499 459 102
459 419 24
419 379 17
379 339 16
339 299 2
299 259 13
259 219 6
219 179 18
179 139 23
139 99 13
99 59 6
59 19 1
1539 1579 47
1540 1500 22
1500 1460 64
1460 1420 18
1420 1380 9
1380 1340 58
1340 1300 8
1300 1260 8
1260 1220 9
1220 1180 6
1180 1140 36
1140 1100 87
1100 1060 53
1060 1020 14
1020 980 11
980 940 34
940 900 40
900 860 27
860 820 15
820 780 3
780 740 15
740 700 9
700 660 46
660 620 15
620 580 16
580 540 68
540 500 2
500 460 102
460 420 24
420 380 17
380 340 16
340 300 2
300 260 13
260 220 6
220 180 18
180 140 23
140 100 13
100 60 6
60 20 1
1540 1580 47
1541 1501 22
1501 1461 64
1461 1421 18
1421 1381 9
1381 1341 58
1341 1301 8
1301 1261 8
1261 1221 9
1221 1181 6
1181 1141 36
1141 1101 87
1101 1061 53
1061 1021 14
1021 981 11
981 941 34
941 901 40
901 861 27
861 821 15
821 781 3
781 741 15
741 701 9
701 661 46
661 621 15
621 581 16
581 541 68
541 501 2
501 461 102
461 421 24
421 381 17
381 341 16
341 301 2
301 261 13
261 221 6
221 181 18
181 141 23
141 101 13
101 61 6
61 21 1
1541 1581 47
1542 1502 22
1502 1462 64
1462 1422 18
1422 1382 9
1382 1342 58
1342 1302 8
1302 1262 8
1262 1222 9
1222 1182 6
1182 1142 36
1142 1102 87
1102 1062 53
1062 1022 14
1022 982 11
982 942 34
942 902 40
902 862 27
862 822 15
822 782 3
782 742 15
742 702 9
702 662 46
662 622 15
622 582 16
582 542 68
542 502 2
502 462 102
462 422 24
422 382 17
382 342 16
342 302 2
302 262 13
262 222 6
222 182 18
182 142 23
142 102 13
102 62 6
62 22 1
1542 1582 47
1543 1503 22
1503 1463 64
1463 1423 18
1423 1383 9
1383 1343 58
1343 1303 8
1303 1263 8
1263 1223 9
1223 1183 6
1183 1143 36
1143 1103 87
1103 1063 53
1063 1023 14
1023 983 11
983 943 34
943 903 40
903 863 27
863 823 15
823 783 3
783 743 15
743 703 9
703 663 46
663 623 15
623 583 16
583 543 68
543 503 2
503 463 102
463 423 24
423 383 17
383 343 16
343 303 2
303 263 13
263 223 6
223 183 18
183 143 23
143 103 13
103 63 6
63 23 1
1543 1583 47
1544 1504 22
1504 1464 64
1464 1424 18
1424 1384 9
1384 1344 58
1344 1304 8
1304 1264 8
1264 1224 9
1224 1184 6
1184 1144 36
1144 1104 87
1104 1064 53
1064 1024 14
1024 984 11
984 944 34
944 904 40
904 864 27
864 824 15
824 784 3
784 744 15
744 704 9
704 664 46
664 624 15
624 584 16
584 544 68
544 504 2
504 464 102
464 424 24
424 384 17
384 344 16
344 304 2
304 264 13
264 224 6
224 184 18
184 144 23
144 104 13
104 64 6
64 24 1
1544 1584 47
1545 1505 22
1505 1465 64
1465 1425 18
1425 1385 9
1385 1345 58
1345 1305 8
1305 1265 8
1265 1225 9
1225 1185 6
1185 1145 36
1145 1105 87
1105 1065 53
1065 1025 14
1025 985 11
985 945 34
945 905 40
905 865 27
865 825 15
825 785 3
785 745 15
745 705 9
705 665 46
665 625 15
625 585 16
585 545 68
545 505 2
505 465 102
465 425 24
425 385 17
385 345 16
345 305 2
305 265 13
265 225 6
225 185 18
185 145 23
145 105 13
105 65 6
65 25 1
1545 1585 47
1546 1506 22
1506 1466 64
1466 1426 18
1426 1386 9
1386 1346 58
1346 1306 8
1306 1266 8
1266 1226 9
1226 1186 6
1186 1146 36
1146 1106 87
1106 1066 53
1066 1026 14
1026 986 11
986 946 34
946 906 40
906 866 27
866 826 15
826 786 3
786 746 15
746 706 9
706 666 46
666 626 15
626 586 16
586 546 68
546 506 2
506 466 102
466 426 24
426 386 17
386 346 16
346 306 2
306 266 13
266 226 6
226 186 18
186 146 23
146 106 13
106 66 6
66 26 1
1546 1586 47
1547 1507 22
1507 1467 64
1467 1427 18
1427 1387 9
1387 1347 58
1347 1307 8
1307 1267 8
1267 1227 9
1227 1187 6
1187 1147 36
1147 1107 87
1107 1067 53
1067 1027 14
1027 987 11
987 947 34
947 907 40
907 867 27
867 827 15
827 787 3
787 747 15
747 707 9
707 667 46
667 627 15
627 587 16
587 547 68
547 507 2
507 467 102
467 427 24
427 387 17
387 347 16
347 307 2
307 267 13
267 227 6
227 187 18
187 147 23
147 107 13
107 67 6
67 27 1
1547 1587 47
1548 1508 22
1508 1468 64
1468 1428 18
1428 1388 9
1388 1348 58
1348 1308 8
1308 1268 8
1268 1228 9
1228 1188 6
1188 1148 36
1148 1108 87
1108 1068 53
1068 1028 14
1028 988 11
988 948 34
948 908 40
908 868 27
868 828 15
828 788 3
788 748 15
748 708 9
708 668 46
668 628 15
628 588 16
588 548 68
548 508 2
508 468 102
468 428 24
428 388 17
388 348 16
348 308 2
308 268 13
268 228 6
228 188 18
188 148 23
148 108 13
108 68 6
68 28 1
1548 1588 47
1549 1509 22
1509 1469 64
1469 1429 18
1429 1389 9
1389 1349 58
1349 1309 8
1309 1269 8
1269 1229 9
1229 1189 6
1189 1149 36
1149 1109 87
1109 1069 53
1069 1029 14
1029 989 11
989 949 34
949 909 40
909 869 27
869 829 15
829 789 3
789 749 15
749 709 9
709 669 46
669 629 15
629 589 16
589 549 68
549 509 2
509 469 102
469 429 24
429 389 17
389 349 16
349 309 2
309 269 13
269 229 6
229 189 18
189 149 23
149 109 13
109 69 6
69 29 1
1549 1589 47
1550 1510 22
1510 1470 64
1470 1430 18
1430 1390 9
1390 1350 58
1350 1310 8
1310 1270 8
1270 1230 9
1230 1190 6
1190 1150 36
1150 1110 87
1110 1070 53
1070 1030 14
1030 990 11
990 950 34
950 910 40
910 870 27
870 830 15
830 790 3
790 750 15
750 710 9
710 670 46
670 630 15
630 590 16
590 550 68
550 510 2
510 470 102
470 430 24
430 390 17
390 350 16
350 310 2
310 270 13
270 230 6
230 190 18
190 150 23
150 110 13
110 70 6
70 30 1
1550 1590 47
1551 1511 22
1511 1471 64
1471 1431 18
1431 1391 9
1391 1351 58
1351 1311 8
1311 1271 8
1271 1231 9
1231 1191 6
1191 1151 36
1151 1111 87
1111 1071 53
1071 1031 14
1031 991 11
991 951 34
951 911 40
911 871 27
871 831 15
831 791 3
791 751 15
751 711 9
711 671 46
671 631 15
631 591 16
591 551 68
551 511 2
511 471 102
471 431 24
431 391 17
391 351 16
351 1245 2
1245 1205 9
1205 1165 6
1165 1125 36
1125 1085 87
1085 1045 53
1045 1005 14
1005 965 11
965 925 34
925 885 40
885 845 27
845 805 15
805 765 3
765 725 15
725 685 9
685 645 46
645 605 15
605 565 16
565 525 68
525 485 2
485 445 102
445 405 24
405 365 17
365 325 16
325 285 2
285 245 13
245 205 6
205 165 18
165 125 23
125 85 13
85 45 6
45 5 1
1245 1285 8
1285 1325 8
1325 1365 58
1365 1405 9
1405 1445 18
1445 1485 64
1485 1525 22
1525 1565 47
1245 271 13
271 231 6
231 191 18
191 151 23
151 111 13
111 71 6
71 31 1
1551 1591 47
1552 1512 22
1512 1472 64
1472 1432 18
1432 1392 9
1392 1352 58
1352 1312 8
1312 1272 8
1272 1232 9
1232 1192 6
1192 1152 36
1152 1112 87
1112 1072 53
1072 1032 14
1032 992 11
992 952 34
952 912 40
912 872 27
872 832 15
832 792 3
792 752 15
752 712 9
712 672 46
672 632 15
632 592 16
592 552 68
552 512 2
512 472 102
472 432 24
432 392 17
392 352 16
352 312 2
312 272 13
272 232 6
232 192 18
192 152 23
152 112 13
112 72 6
72 32 1
1552 1592 47
1553 1513 22
1513 1473 64
1473 1433 18
1433 1393 9
1393 1353 58
1353 1313 8
1313 1273 8
1273 1233 9
1233 1193 6
1193 1153 36
1153 1113 87
1113 1073 53
1073 1033 14
1033 993 11
993 953 34
953 913 40
913 873 27
873 833 15
833 793 3
793 753 15
753 713 9
713 673 46
673 633 15
633 593 16
593 553 68
553 513 2
513 473 102
473 433 24
433 393 17
393 353 16
353 313 2
313 273 13
273 233 6
233 193 18
193 153 23
153 113 13
113 73 6
73 33 1
1553 1593 47
1554 1514 22
1514 1474 64
1474 1434 18
1434 1394 9
1394 1354 58
1354 1314 8
1314 1274 8
1274 1234 9
1234 1194 6
1194 1154 36
1154 1114 87
1114 1074 53
1074 1034 14
1034 994 11
994 954 34
954 914 40
914 874 27
874 834 15
834 794 3
794 754 15
754 714 9
714 674 46
674 634 15
634 594 16
594 554 68
554 514 2
514 474 102
474 434 24
434 394 17
394 354 16
354 314 2
314 274 13
274 234 6
234 194 18
194 154 23
154 114 13
114 74 6
74 34 1
1554 1594 47
1555 1515 22
1515 1475 64
1475 1435 18
1435 1395 9
1395 1355 58
1355 1315 8
1315 1275 8
1275 1235 9
1235 1195 6
1195 1155 36
1155 1115 87
1115 1075 53
1075 1035 14
1035 995 11
995 955 34
955 915 40
915 875 27
875 835 15
835 795 3
795 755 15
755 715 9
715 675 46
675 635 15
635 595 16
595 555 68
555 515 2
515 475 102
475 435 24
435 395 17
395 355 16
355 315 2
315 275 13
275 235 6
235 195 18
195 155 23
155 115 13
115 75 6
75 35 1
1555 1595 47
1556 1516 22
1516 1476 64
1476 1436 18
1436 1396 9
1396 1356 58
1356 1316 8
1316 1276 8
1276 1236 9
1236 1196 6
1196 1156 36
1156 1116 87
1116 1076 53
1076 1036 14
1036 996 11
996 956 34
956 916 40
916 876 27
876 836 15
836 796 3
796 756 15
756 716 9
716 676 46
676 636 15
636 596 16
596 556 68
556 516 2
516 476 102
476 436 24
436 396 17
396 356 16
356 316 2
316 276 13
276 236 6
236 196 18
196 156 23
156 116 13
116 76 6
76 36 1
1556 1596 47
1557 1517 22
1517 1477 64
1477 1437 18
1437 1397 9
1397 1357 58
1357 1317 8
1317 1277 8
1277 1237 9
1237 1197 6
1197 1157 36
1157 1117 87
1117 1077 53
1077 1037 14
1037 997 11
997 957 34
957 917 40
917 877 27
877 837 15
837 797 3
797 757 15
757 717 9
717 677 46
677 637 15
637 597 16
597 557 68
557 517 2
517 477 102
477 437 24
437 397 17
397 357 16
357 317 2
317 277 13
277 237 6
237 197 18
197 157 23
157 117 13
117 77 6
77 37 1
1557 1597 47
1558 1518 22
1518 1478 64
1478 1438 18
1438 1398 9
1398 1358 58
1358 1318 8
1318 1278 8
1278 1238 9
1238 1198 6
1198 1158 36
1158 1118 87
1118 1078 53
1078 1038 14
1038 998 11
998 958 34
958 918 40
918 878 27
878 838 15
838 798 3
798 758 15
758 718 9
718 678 46
678 638 15
638 598 16
598 558 68
558 518 2
518 478 102
478 438 24
438 398 17
398 358 16
358 318 2
318 278 13
278 238 6
238 198 18
198 158 23
158 118 13
118 78 6
78 38 1
1558 1598 47
1559 1519 22
1519 1479 64
1479 1439 18
1439 1399 9
1399 1359 58
1359 1319 8
1319 1279 8
1279 1239 9
1239 1199 6
1199 1159 36
1159 1119 87
1119 1079 53
1079 1039 14
1039 999 11
999 959 34
959 919 40
919 879 27
879 839 15
839 799 3
799 759 15
759 719 9
719 679 46
679 639 15
639 599 16
599 559 68
559 519 2
519 479 102
479 439 24
439 399 17
399 359 16
359 319 2
319 279 13
279 239 6
239 199 18
199 159 23
159 119 13
119 79 6
79 39 1
1559 1599 47
1560 1520 22
1570 1530 47
1530 1490 22
1490 1450 64
1450 1410 18
1410 1370 9
1370 1330 58
1330 1290 8
1290 1250 8
1250 1210 9
1210 1170 6
1170 1130 36
1130 1090 87
1090 1050 53
1050 1010 14
1010 970 11
970 930 34
930 890 40
890 850 27
850 810 15
810 770 3
770 730 15
730 690 9
690 650 46
650 610 15
610 570 16
570 530 68
530 490 2
490 450 102
450 410 24
410 370 17
370 330 16
330 290 2
290 250 13
250 210 6
210 170 18
170 130 23
130 90 13
90 50 6
50 10 1
1569 1529 47
1529 1489 22
1489 1449 64
1449 1409 18
1409 1369 9
1369 1329 58
1329 1289 8
1289 1249 8
1249 1209 9
1209 1169 6
1169 1129 36
1129 1089 87
1089 1049 53
1049 1009 14
1009 969 11
969 929 34
929 889 40
889 849 27
849 809 15
809 769 3
769 729 15
729 689 9
689 649 46
649 609 15
609 569 16
569 529 68
529 489 2
489 449 102
449 409 24
409 369 17
369 329 16
329 289 2
289 249 13
249 209 6
209 169 18
169 129 23
129 89 13
89 49 6
49 9 1
1568 1528 47
1528 1488 22
1488 1448 64
1448 1408 18
1408 1368 9
1368 1328 58
1328 1288 8
1288 1248 8
1248 1208 9
1208 1168 6
1168 1128 36
1128 1088 87
1088 1048 53
1048 1008 14
1008 968 11
968 928 34
928 888 40
888 848 27
848 808 15
808 768 3
768 728 15
728 688 9
688 648 46
648 608 15
608 568 16
568 528 68
528 488 2
488 448 102
448 408 24
408 368 17
368 328 16
328 288 2
288 248 13
248 208 6
208 168 18
168 128 23
128 88 13
88 48 6
48 8 1
1567 1527 47
1527 1487 22
1487 1447 64
1447 1407 18
1407 1367 9
1367 1327 58
1327 1287 8
1287 1247 8
1247 1207 9
1207 1167 6
1167 1127 36
1127 1087 87
1087 1047 53
1047 1007 14
1007 967 11
967 927 34
927 887 40
887 847 27
847 807 15
807 767 3
767 727 15
727 687 9
687 647 46
647 607 15
607 567 16
567 527 68
527 487 2
487 447 102
447 407 24
407 367 17
367 327 16
327 287 2
287 247 13
247 207 6
207 167 18
167 127 23
127 87 13
87 47 6
47 7 1
1566 1526 47
1526 1486 22
1486 1446 64
1446 1406 18
1406 1366 9
1366 1326 58
1326 1286 8
1286 1246 8
1246 1206 9
1206 1166 6
1166 1126 36
1126 1086 87
1086 1046 53
1046 1006 14
1006 966 11
966 926 34
926 886 40
886 846 27
846 806 15
806 766 3
766 726 15
726 686 9
686 646 46
646 606 15
606 566 16
566 526 68
526 486 2
486 446 102
446 406 24
406 366 17
366 326 16
326 286 2
286 246 13
246 206 6
206 166 18
166 126 23
126 86 13
86 46 6
46 6 1
1564 1524 47
1524 1484 22
1484 1444 64
1444 1404 18
1404 1364 9
1364 1324 58
1324 1284 8
1284 1244 8
1244 1204 9
1204 1164 6
1164 1124 36
1124 1084 87
1084 1044 53
1044 1004 14
1004 964 11
964 924 34
924 884 40
884 844 27
844 804 15
804 764 3
764 724 15
724 684 9
684 644 46
644 604 15
604 564 16
564 524 68
524 484 2
484 444 102
444 404 24
404 364 17
364 324 16
324 284 2
284 244 13
244 204 6
204 164 18
164 124 23
124 84 13
84 44 6
44 4 1
1563 1523 47
1523 1483 22
1483 1443 64
1443 1403 18
1403 1363 9
1363 1323 58
1323 1283 8
1283 1243 8
1243 1203 9
1203 1163 6
1163 1123 36
1123 1083 87
1083 1043 53
1043 1003 14
1003 963 11
963 923 34
923 883 40
883 843 27
843 803 15
803 763 3
763 723 15
723 683 9
683 643 46
643 603 15
603 563 16
563 523 68
523 483 2
483 443 102
443 403 24
403 363 17
363 323 16
323 283 2
283 243 13
243 203 6
203 163 18
163 123 23
123 83 13
83 43 6
43 3 1
1562 1522 47
1522 1482 22
1482 1442 64
1442 1402 18
1402 1362 9
1362 1322 58
1322 1282 8
1282 1242 8
1242 1202 9
1202 1162 6
1162 1122 36
1122 1082 87
1082 1042 53
1042 1002 14
1002 962 11
962 922 34
922 882 40
882 842 27
842 802 15
802 762 3
762 722 15
722 682 9
682 642 46
642 602 15
602 562 16
562 522 68
522 482 2
482 442 102
442 402 24
402 362 17
362 322 16
322 282 2
282 242 13
242 202 6
202 162 18
162 122 23
122 82 13
82 42 6
42 2 1
1480 1440 18
1400 1360 58
1320 1280 8
1240 1200 6
1160 1120 87
1080 1040 14
1000 960 34
920 880 27
840 800 3
760 720 9
680 640 15
600 560 68
520 480 102
440 400 17
360 320 2
280 240 6
200 160 23
120 80 6

REQUESTS

BLOCKAGES
711 671
1480 1440
462 463
1092 1052
621 581
348 347
833 793
1053 1052
183 143
600 599
1114 1074
222 182
179 139
1529 1528
1105 1106
348 308
598 597
822 782
279 278
352 351
1498 1499
675 674
1099 1100
509 508
595 594
1465 1464
803 763
1217 1216
382 383
1485 1525
302 262
69 70
1070 1069
373 374
503 502
1484 1444
1335 1295
133 93
446 406
1271 1272
1466 1465
272 232
438 437
1403 1404
695 696
774 734
43 44
959 960
568 528
1123 1083
772 773
812 772
1320 1280
1340 1341
1447 1407
1521 1481
1162 1122
84 44
118 78
620 621
733 732
857 858
1373 1372
1471 1431
1008 968
1162 1163
395 396
1476 1475
83 43
1346 1306
1045 1005
1177 1137
1418 1419
360 359
1453 1452
292 252
688 648
529 489
59 60
1100 1101
1194 1154
889 888
692 652
279 239
219 220
1000 999
1156 1116
807 767
1039 1040
1109 1110
1393 1392
723 683
1071 1031
353 313
976 975
1240 1200
1144 1104
972 932
920 880
1121 1081
1050 1010
923 883
1128 1127
678 677
131 132
185 145
1145 1105
1476 1436
746 706
1205 1204
1557 1517
816 776
510 470
1517 1518
409 408
545 546
1397 1396
874 834
1262 1263
1220 1219
937 897
1441 1401
502 462
593 592
203 163
457 458
884 844
856 857
1261 1262
153 113
710 670
407 406
913 873
155 115
113 73
1353 1313
495 455
1316 1276
479 439
1303 1302
440 439
67 68
1172 1173
422 421
1529 1489
826 786
1196 1197
995 955
164 163
936 937
707 667
1146 1106
969 968
1168 1128
973 933
365 366
1303 1263
1400 1399
586 546
819 818
1553 1593
271 231
688 689
267 227
215 175
225 226
779 780
568 567
1067 1027
1336 1337
259 219
510 509
222 223
227 228
371 372
500 499
725 685
341 340
586 585
426 386
531 571
1447 1446
862 822
216 217
834 833
99 98
1562 1522
182 142
837 797
875 835
860 820
1254 1255
1255 1256
122 123
1018 1019
1021 1022
68 28
723 722
261 221
1391 1390
1436 1437
146 106
178 138
148 149
918 917
908 907
1452 1412
1292 1252
344 304
1029 1030
1048 1047
1328 1288
696 656
266 265
957 958
585 545
403 402
382 342
1533 1493
291 292
1026 986
951 911
615 575
624 584
109 69
1547 1546
1178 1179
1528 1527
273 272
1169 1129
326 325
845 846
418 417
1366 1365
111 110
1138 1137
89 88
686 687
829 828
1514 1515
60 61
1210 1209
48 49
639 640
433 432
701 702
1589 1590
755 754
951 952
1505 1506
1417 1377
922 923
1365 1364
156 116
1085 1086
476 477
1472 1432
1084 1085
1273 1233
792 793
845 805
703 663
1164 1165
1194 1195
973 972
1289 1288
1554 1553
1068 1067
257 256
408 368
508 468
601 602
248 208
196 156
1204 1203
997 996
1364 1363
260 220
835 795
1348 1349
1582 1583
599 559
173 172
101 100
565 525
693 653
1006 966
1545 1585
1166 1167
1405 1445
1464 1424
74 34
1380 1379
393 394
1485 1486
483 482
687 647
1448 1408
1359 1360
1019 1020
633 593
733 693
191 151
435 395
669 668
515 475
285 286
477 437
1314 1274
454 455
802 762
1327 1287
244 204
1479 1439
378 379
999 959
832 831
967 966
6 5
901 861
1218 1178
653 652
158 159
1535 1495
481 441
1359 1319
1430 1390
1545 1544
1598 1599
921 922
432 392
1044 1043
1271 1231
315 275
928 888
603 604
744 704
274 273
678 638
1217 1177
1373 1333
700 701
232 233
558 518
1518 1478
1238 1198
1523 1483
1422 1382
1384 1383
522 482
879 839
665 664
435 434
1068 1028
1017 1018
126 127
584 544
1010 1011
838 798
1341 1301
861 821
1407 1367
634 635
431 391
154 114
1591 1592
1552 1551
389 390
1378 1338
731 771
181 141
580 540
1199 1159
756 755
1023 983
1546 1506
464 465
1108 1109
827 787
188 187
19 18
214 215
625 626
1413 1414
885 884
1451 1491
671 670
955 915
1404 1405
162 161
1283 1243
1547 1587
1557 1597
302 303
1005 1006
1167 1168
1056 1055
1212 1172
1347 1307
828 788
1298 1297
200 199
1107 1108
1444 1443
396 397
1065 1025
1446 1445
230 231
617 577
534 535
1348 1308
251 250
778 738
1079 1039
527 528
429 428
1075 1074
1345 1305
643 603
1418 1378
583 582
1014 974
664 663
425 424
1231 1230
308 268
1174 1134
668 628
1084 1044
900 860
1568 1569
1474 1434
1203 1202
882 842
341 301
336 335
863 823
739 699
964 963
941 901
271 270
1502 1462
1223 1183
88 87
460 461
476 436
1294 1293
894 893
1323 1283
1351 1352
73 33
1327 1328
411 451
1369 1329
247 246
1003 1004
1419 1420
284 244
323 283
1387 1347
1031 1032
824 823
805 804
952 953
282 242
1515 1516
499 498
1267 1227
372 332
648 647
1198 1199
637 638
1477 1437
235 236
1349 1350
1424 1384
1411 1451
1241 1242
1247 1248
925 926
569 529
841 842
541 501
864 824
556 557
631 632
558 559
143 103
1315 1314
335 334
50 51
981 980
1015 1016
243 203
1166 1126
1036 1037
1088 1089
646 606
1057 1017
1334 1294
185 184
796 756
1412 1372
1083 1043
893 853
90 89
634 594
707 708
1260 1261
1216 1176
343 342
1179 1180
1536 1496
792 752
467 468
377 378
1093 1053
1224 1223
109 108
1082 1042
1324 1284
592 591
877 878
1087 1088
495 494
847 848
777 737
470 471
991 990
1308 1307
74 75
323 322
370 371
1027 987
551 511
1119 1120
1195 1155
542 543
1228 1188
1135 1134
566 526
419 379
339 299
1145 1144
64 24
426 425
318 278
449 450
1086 1087
784 785
1536 1576
140 141
206 207
1352 1353
1211 1251
1239 1238
192 152
1281 1321
858 859
101 61
1552 1512
1048 1008
709 669
65 66
948 908
929 889
427 387
1366 1326
1355 1315
1450 1449
765 766
1396 1395
420 380
862 863
1430 1431
1138 1098
1158 1157
1426 1386
1175 1176
1524 1523
1258 1259
984 944
1063 1023
1427 1428
1524 1484
662 661
1462 1422
761 762
201 202
47 48
505 465
883 882
364 365
818 817
392 352
1559 1519
90 50
1572 1573
938 939
146 147
416 415
433 393
1556 1596
941 942
525 526
1414 1374
1369 1368
375 376
199 198
1543 1503
450 451
965 925
297 298
1551 1550
774 775
729 689
1474 1473
1037 1038
1376 1375
1034 994
787 747
285 245
975 974
1113 1114
1435 1395
548 549
914 913
611 651
578 538
629 589
1509 1469
1152 1112
1488 1489
809 769
209 210
894 854
712 713
1170 1171
1371 1411
515 514
1214 1174
230 190
836 796
30 29
927 887
195 194
535 536
1056 1016
1276 1236
1279 1239
1429 1389
63 23
506 466
126 86
21 20
262 261
891 931
727 726
806 766
503 463
1180 1140
355 354
1242 1243
954 914
732 731
1290 1250
1302 1301
115 75
768 728
1157 1156
980 940
1139 1099
865 866
415 414
544 504
1004 964
1538 1498
551 552
802 801
619 620
1457 1456
319 320
1355 1356
1336 1296
169 168
1136 1096
962 961
218 178
1151 1150
691 692
233 193
666 626
1142 1102
679 639
846 806
736 735
82 81
521 522
1284 1244
257 217
198 158
578 577
1540 1500
624 625
260 259
1007 967
1555 1554
1579 1580
243 242
630 631
459 419
534 494
814 813
667 666
1229 1228
487 486
1345 1346
1032 1033
221 181
148 108
748 747
165 125
1491 1531
1113 1073
14 13
264 224
107 106
1453 1413
1042 1041
253 213
1268 1269
410 370
367 327
1183 1143
811 810
617 618
681 682
1036 996
1426 1427
1247 1207
1297 1257
337 336
715 675
1443 1403
328 288
170 169
193 153
501 461
1001 1002
500 460
642 641
1357 1317
1559 1558
1293 1253
454 414
1556 1516
52 53
977 976
1287 1286
1351 1311
91 131
722 721
1181 1182
1363 1323
759 719
413 412
1513 1514
1097 1098
1535 1534
404 364
1111 1112
1416 1376
1449 1448
300 301
871 872
160 120
299 300
1063 1062
817 777
582 581
1502 1503
1102 1103
520 519
307 267
458 459
514 474
934 935
496 456
536 496
1460 1420
327 287
387 388
604 564
380 381
1478 1438
912 911
790 791
1541 1581
1530 1490
1469 1468
596 556
405 404
753 713
486 485
749 748
94 54
334 333
660 659
726 725
1500 1501
4 3
1544 1543
854 855
1061 1021
424 384
852 812
147 107
309 269
223 224
1382 1381
1025 1026
258 218
1313 1312
86 85
745 744
615 616
730 729
867 868
971 1011
780 740
1050 1049
1499 1459
816 815
1205 1165
1245 1246
686 646
746 745
1460 1459
276 236
800 760
607 567
430 390
1110 1111
36 35
931 971
167 127
596 595
1508 1468
1541 1501
173 133
154 155
700 660
698 699
532 492
1118 1119
982 981
764 724
367 368
985 984
622 623
1091 1092
10 9
269 229
205 165
1079 1078
649 609
1526 1486
1170 1130
310 1245
1433 1393
1126 1125
1456 1416
1463 1423
1186 1146
1259 1260
1226 1225
875 876
987 986
177 176
402 362
1254 1214
1209 1208
815 814
839 799
268 228
1421 1381
76 77
1143 1142
428 388
1207 1206
92 52
788 789
125 85
216 176
484 444
497 457
1141 1140
607 608
376 377
391 351
1434 1394
1310 1270
255 254
1292 1291
206 166
71 72
1388 1387
979 978
1226 1186
467 427
910 909
1201 1161
98 97
930 890
275 274
132 92
928 929
346 345
1253 1213
197 196
361 362
728 727
583 543
602 562
1350 1310
254 253
533 493
997 957
452 412
446 447
1527 1487
1362 1322
1163 1164
1442 1402
139 140
1130 1129

TERMINALS
11
60
120
122
177
210
252
317
348
390
426
469
488
541
567
605
649
713
723
764
801
862
914
959
995
1013
1058
1086
1134
1198
1215
1265
1299
1344
1387
1431
1472
1496
1556
1583

END
