INSTANCE_NAME r43.dat
NB_VERTICES 2500
NB_ARCS 4900
NB_REQUESTS 0
NB_BLOCKAGES 1470
NB_TERMINALS 50

VERTICES
1 0 0
2 0 0
3 0 0
4 0 0
5 0 0
6 0 0
7 0 0
8 0 0
9 0 0
10 0 0
11 0 0
12 0 0
13 0 0
14 0 0
15 0 0
16 0 0
17 0 0
18 0 0
19 0 0
20 0 0
21 0 0
22 0 0
23 0 0
24 0 0
25 0 0
26 0 0
27 0 0
28 0 0
29 0 0
30 0 0
31 0 0
32 0 0
33 0 0
34 0 0
35 0 0
36 0 0
37 0 0
38 0 0
39 0 0
40 0 0
41 0 0
42 0 0
43 0 0
44 0 0
45 0 0
46 0 0
47 0 0
48 0 0
49 0 0
50 0 0
51 0 0
52 0 0
53 0 0
54 0 0
55 0 0
56 0 0
57 0 0
58 0 0
59 0 0
60 0 0
61 0 0
62 0 0
63 0 0
64 0 0
65 0 0
66 0 0
67 0 0
68 0 0
69 0 0
70 0 0
71 0 0
72 0 0
73 0 0
74 0 0
75 0 0
76 0 0
77 0 0
78 0 0
79 0 0
80 0 0
81 0 0
82 0 0
83 0 0
84 0 0
85 0 0
86 0 0
87 0 0
88 0 0
89 0 0
90 0 0
91 0 0
92 0 0
93 0 0
94 0 0
95 0 0
96 0 0
97 0 0
98 0 0
99 0 0
100 0 0
101 0 0
102 0 0
103 0 0
104 0 0
105 0 0
106 0 0
107 0 0
108 0 0
109 0 0
110 0 0
111 0 0
112 0 0
113 0 0
114 0 0
115 0 0
116 0 0
117 0 0
118 0 0
119 0 0
120 0 0
121 0 0
122 0 0
123 0 0
124 0 0
125 0 0
126 0 0
127 0 0
128 0 0
129 0 0
130 0 0
131 0 0
132 0 0
133 0 0
134 0 0
135 0 0
136 0 0
137 0 0
138 0 0
139 0 0
140 0 0
141 0 0
142 0 0
143 0 0
144 0 0
145 0 0
146 0 0
147 0 0
148 0 0
149 0 0
150 0 0
151 0 0
152 0 0
153 0 0
154 0 0
155 0 0
156 0 0
157 0 0
158 0 0
159 0 0
160 0 0
161 0 0
162 0 0
163 0 0
164 0 0
165 0 0
166 0 0
167 0 0
168 0 0
169 0 0
170 0 0
171 0 0
172 0 0
173 0 0
174 0 0
175 0 0
176 0 0
177 0 0
178 0 0
179 0 0
180 0 0
181 0 0
182 0 0
183 0 0
184 0 0
185 0 0
186 0 0
187 0 0
188 0 0
189 0 0
190 0 0
191 0 0
192 0 0
193 0 0
194 0 0
195 0 0
196 0 0
197 0 0
198 0 0
199 0 0
200 0 0
201 0 0
202 0 0
203 0 0
204 0 0
205 0 0
206 0 0
207 0 0
208 0 0
209 0 0
210 0 0
211 0 0
212 0 0
213 0 0
214 0 0
215 0 0
216 0 0
217 0 0
218 0 0
219 0 0
220 0 0
221 0 0
222 0 0
223 0 0
224 0 0
225 0 0
226 0 0
227 0 0
228 0 0
229 0 0
230 0 0
231 0 0
232 0 0
233 0 0
234 0 0
235 0 0
236 0 0
237 0 0
238 0 0
239 0 0
240 0 0
241 0 0
242 0 0
243 0 0
244 0 0
245 0 0
246 0 0
247 0 0
248 0 0
249 0 0
250 0 0
251 0 0
252 0 0
253 0 0
254 0 0
255 0 0
256 0 0
257 0 0
258 0 0
259 0 0
260 0 0
261 0 0
262 0 0
263 0 0
264 0 0
265 0 0
266 0 0
267 0 0
268 0 0
269 0 0
270 0 0
271 0 0
272 0 0
273 0 0
274 0 0
275 0 0
276 0 0
277 0 0
278 0 0
279 0 0
280 0 0
281 0 0
282 0 0
283 0 0
284 0 0
285 0 0
286 0 0
287 0 0
288 0 0
289 0 0
290 0 0
291 0 0
292 0 0
293 0 0
294 0 0
295 0 0
296 0 0
297 0 0
298 0 0
299 0 0
300 0 0
301 0 0
302 0 0
303 0 0
304 0 0
305 0 0
306 0 0
307 0 0
308 0 0
309 0 0
310 0 0
311 0 0
312 0 0
313 0 0
314 0 0
315 0 0
316 0 0
317 0 0
318 0 0
319 0 0
320 0 0
321 0 0
322 0 0
323 0 0
324 0 0
325 0 0
326 0 0
327 0 0
328 0 0
329 0 0
330 0 0
331 0 0
332 0 0
333 0 0
334 0 0
335 0 0
336 0 0
337 0 0
338 0 0
339 0 0
340 0 0
341 0 0
342 0 0
343 0 0
344 0 0
345 0 0
346 0 0
347 0 0
348 0 0
349 0 0
350 0 0
351 0 0
352 0 0
353 0 0
354 0 0
355 0 0
356 0 0
357 0 0
358 0 0
359 0 0
360 0 0
361 0 0
362 0 0
363 0 0
364 0 0
365 0 0
366 0 0
367 0 0
368 0 0
369 0 0
370 0 0
371 0 0
372 0 0
373 0 0
374 0 0
375 0 0
376 0 0
377 0 0
378 0 0
379 0 0
380 0 0
381 0 0
382 0 0
383 0 0
384 0 0
385 0 0
386 0 0
387 0 0
388 0 0
389 0 0
390 0 0
391 0 0
392 0 0
393 0 0
394 0 0
395 0 0
396 0 0
397 0 0
398 0 0
399 0 0
400 0 0
401 0 0
402 0 0
403 0 0
404 0 0
405 0 0
406 0 0
407 0 0
408 0 0
409 0 0
410 0 0
411 0 0
412 0 0
413 0 0
414 0 0
415 0 0
416 0 0
417 0 0
418 0 0
419 0 0
420 0 0
421 0 0
422 0 0
423 0 0
424 0 0
425 0 0
426 0 0
427 0 0
428 0 0
429 0 0
430 0 0
431 0 0
432 0 0
433 0 0
434 0 0
435 0 0
436 0 0
437 0 0
438 0 0
439 0 0
440 0 0
441 0 0
442 0 0
443 0 0
444 0 0
445 0 0
446 0 0
447 0 0
448 0 0
449 0 0
450 0 0
451 0 0
452 0 0
453 0 0
454 0 0
455 0 0
456 0 0
457 0 0
458 0 0
459 0 0
460 0 0
461 0 0
462 0 0
463 0 0
464 0 0
465 0 0
466 0 0
467 0 0
468 0 0
469 0 0
470 0 0
471 0 0
472 0 0
473 0 0
474 0 0
475 0 0
476 0 0
477 0 0
478 0 0
479 0 0
480 0 0
481 0 0
482 0 0
483 0 0
484 0 0
485 0 0
486 0 0
487 0 0
488 0 0
489 0 0
490 0 0
491 0 0
492 0 0
493 0 0
494 0 0
495 0 0
496 0 0
497 0 0
498 0 0
499 0 0
500 0 0
501 0 0
502 0 0
503 0 0
504 0 0
505 0 0
506 0 0
507 0 0
508 0 0
509 0 0
510 0 0
511 0 0
512 0 0
513 0 0
514 0 0
515 0 0
516 0 0
517 0 0
518 0 0
519 0 0
520 0 0
521 0 0
522 0 0
523 0 0
524 0 0
525 0 0
526 0 0
527 0 0
528 0 0
529 0 0
530 0 0
531 0 0
532 0 0
533 0 0
534 0 0
535 0 0
536 0 0
537 0 0
538 0 0
539 0 0
540 0 0
541 0 0
542 0 0
543 0 0
544 0 0
545 0 0
546 0 0
547 0 0
548 0 0
549 0 0
550 0 0
551 0 0
552 0 0
553 0 0
554 0 0
555 0 0
556 0 0
557 0 0
558 0 0
559 0 0
560 0 0
561 0 0
562 0 0
563 0 0
564 0 0
565 0 0
566 0 0
567 0 0
568 0 0
569 0 0
570 0 0
571 0 0
572 0 0
573 0 0
574 0 0
575 0 0
576 0 0
577 0 0
578 0 0
579 0 0
580 0 0
581 0 0
582 0 0
583 0 0
584 0 0
585 0 0
586 0 0
587 0 0
588 0 0
589 0 0
590 0 0
591 0 0
592 0 0
593 0 0
594 0 0
595 0 0
596 0 0
597 0 0
598 0 0
599 0 0
600 0 0
601 0 0
602 0 0
603 0 0
604 0 0
605 0 0
606 0 0
607 0 0
608 0 0
609 0 0
610 0 0
611 0 0
612 0 0
613 0 0
614 0 0
615 0 0
616 0 0
617 0 0
618 0 0
619 0 0
620 0 0
621 0 0
622 0 0
623 0 0
624 0 0
625 0 0
626 0 0
627 0 0
628 0 0
629 0 0
630 0 0
631 0 0
632 0 0
633 0 0
634 0 0
635 0 0
636 0 0
637 0 0
638 0 0
639 0 0
640 0 0
641 0 0
642 0 0
643 0 0
644 0 0
645 0 0
646 0 0
647 0 0
648 0 0
649 0 0
650 0 0
651 0 0
652 0 0
653 0 0
654 0 0
655 0 0
656 0 0
657 0 0
658 0 0
659 0 0
660 0 0
661 0 0
662 0 0
663 0 0
664 0 0
665 0 0
666 0 0
667 0 0
668 0 0
669 0 0
670 0 0
671 0 0
672 0 0
673 0 0
674 0 0
675 0 0
676 0 0
677 0 0
678 0 0
679 0 0
680 0 0
681 0 0
682 0 0
683 0 0
684 0 0
685 0 0
686 0 0
687 0 0
688 0 0
689 0 0
690 0 0
691 0 0
692 0 0
693 0 0
694 0 0
695 0 0
696 0 0
697 0 0
698 0 0
699 0 0
700 0 0
701 0 0
702 0 0
703 0 0
704 0 0
705 0 0
706 0 0
707 0 0
708 0 0
709 0 0
710 0 0
711 0 0
712 0 0
713 0 0
714 0 0
715 0 0
716 0 0
717 0 0
718 0 0
719 0 0
720 0 0
721 0 0
722 0 0
723 0 0
724 0 0
725 0 0
726 0 0
727 0 0
728 0 0
729 0 0
730 0 0
731 0 0
732 0 0
733 0 0
734 0 0
735 0 0
736 0 0
737 0 0
738 0 0
739 0 0
740 0 0
741 0 0
742 0 0
743 0 0
744 0 0
745 0 0
746 0 0
747 0 0
748 0 0
749 0 0
750 0 0
751 0 0
752 0 0
753 0 0
754 0 0
755 0 0
756 0 0
757 0 0
758 0 0
759 0 0
760 0 0
761 0 0
762 0 0
763 0 0
764 0 0
765 0 0
766 0 0
767 0 0
768 0 0
769 0 0
770 0 0
771 0 0
772 0 0
773 0 0
774 0 0
775 0 0
776 0 0
777 0 0
778 0 0
779 0 0
780 0 0
781 0 0
782 0 0
783 0 0
784 0 0
785 0 0
786 0 0
787 0 0
788 0 0
789 0 0
790 0 0
791 0 0
792 0 0
793 0 0
794 0 0
795 0 0
796 0 0
797 0 0
798 0 0
799 0 0
800 0 0
801 0 0
802 0 0
803 0 0
804 0 0
805 0 0
806 0 0
807 0 0
808 0 0
809 0 0
810 0 0
811 0 0
812 0 0
813 0 0
814 0 0
815 0 0
816 0 0
817 0 0
818 0 0
819 0 0
820 0 0
821 0 0
822 0 0
823 0 0
824 0 0
825 0 0
826 0 0
827 0 0
828 0 0
829 0 0
830 0 0
831 0 0
832 0 0
833 0 0
834 0 0
835 0 0
836 0 0
837 0 0
838 0 0
839 0 0
840 0 0
841 0 0
842 0 0
843 0 0
844 0 0
845 0 0
846 0 0
847 0 0
848 0 0
849 0 0
850 0 0
851 0 0
852 0 0
853 0 0
854 0 0
855 0 0
856 0 0
857 0 0
858 0 0
859 0 0
860 0 0
861 0 0
862 0 0
863 0 0
864 0 0
865 0 0
866 0 0
867 0 0
868 0 0
869 0 0
870 0 0
871 0 0
872 0 0
873 0 0
874 0 0
875 0 0
876 0 0
877 0 0
878 0 0
879 0 0
880 0 0
881 0 0
882 0 0
883 0 0
884 0 0
885 0 0
886 0 0
887 0 0
888 0 0
889 0 0
890 0 0
891 0 0
892 0 0
893 0 0
894 0 0
895 0 0
896 0 0
897 0 0
898 0 0
899 0 0
900 0 0
901 0 0
902 0 0
903 0 0
904 0 0
905 0 0
906 0 0
907 0 0
908 0 0
909 0 0
910 0 0
911 0 0
912 0 0
913 0 0
914 0 0
915 0 0
916 0 0
917 0 0
918 0 0
919 0 0
920 0 0
921 0 0
922 0 0
923 0 0
924 0 0
925 0 0
926 0 0
927 0 0
928 0 0
929 0 0
930 0 0
931 0 0
932 0 0
933 0 0
934 0 0
935 0 0
936 0 0
937 0 0
938 0 0
939 0 0
940 0 0
941 0 0
942 0 0
943 0 0
944 0 0
945 0 0
946 0 0
947 0 0
948 0 0
949 0 0
950 0 0
951 0 0
952 0 0
953 0 0
954 0 0
955 0 0
956 0 0
957 0 0
958 0 0
959 0 0
960 0 0
961 0 0
962 0 0
963 0 0
964 0 0
965 0 0
966 0 0
967 0 0
968 0 0
969 0 0
970 0 0
971 0 0
972 0 0
973 0 0
974 0 0
975 0 0
976 0 0
977 0 0
978 0 0
979 0 0
980 0 0
981 0 0
982 0 0
983 0 0
984 0 0
985 0 0
986 0 0
987 0 0
988 0 0
989 0 0
990 0 0
991 0 0
992 0 0
993 0 0
994 0 0
995 0 0
996 0 0
997 0 0
998 0 0
999 0 0
1000 0 0
1001 0 0
1002 0 0
1003 0 0
1004 0 0
1005 0 0
1006 0 0
1007 0 0
1008 0 0
1009 0 0
1010 0 0
1011 0 0
1012 0 0
1013 0 0
1014 0 0
1015 0 0
1016 0 0
1017 0 0
1018 0 0
1019 0 0
1020 0 0
1021 0 0
1022 0 0
1023 0 0
1024 0 0
1025 0 0
1026 0 0
1027 0 0
1028 0 0
1029 0 0
1030 0 0
1031 0 0
1032 0 0
1033 0 0
1034 0 0
1035 0 0
1036 0 0
1037 0 0
1038 0 0
1039 0 0
1040 0 0
1041 0 0
1042 0 0
1043 0 0
1044 0 0
1045 0 0
1046 0 0
1047 0 0
1048 0 0
1049 0 0
1050 0 0
1051 0 0
1052 0 0
1053 0 0
1054 0 0
1055 0 0
1056 0 0
1057 0 0
1058 0 0
1059 0 0
1060 0 0
1061 0 0
1062 0 0
1063 0 0
1064 0 0
1065 0 0
1066 0 0
1067 0 0
1068 0 0
1069 0 0
1070 0 0
1071 0 0
1072 0 0
1073 0 0
1074 0 0
1075 0 0
1076 0 0
1077 0 0
1078 0 0
1079 0 0
1080 0 0
1081 0 0
1082 0 0
1083 0 0
1084 0 0
1085 0 0
1086 0 0
1087 0 0
1088 0 0
1089 0 0
1090 0 0
1091 0 0
1092 0 0
1093 0 0
1094 0 0
1095 0 0
1096 0 0
1097 0 0
1098 0 0
1099 0 0
1100 0 0
1101 0 0
1102 0 0
1103 0 0
1104 0 0
1105 0 0
1106 0 0
1107 0 0
1108 0 0
1109 0 0
1110 0 0
1111 0 0
1112 0 0
1113 0 0
1114 0 0
1115 0 0
1116 0 0
1117 0 0
1118 0 0
1119 0 0
1120 0 0
1121 0 0
1122 0 0
1123 0 0
1124 0 0
1125 0 0
1126 0 0
1127 0 0
1128 0 0
1129 0 0
1130 0 0
1131 0 0
1132 0 0
1133 0 0
1134 0 0
1135 0 0
1136 0 0
1137 0 0
1138 0 0
1139 0 0
1140 0 0
1141 0 0
1142 0 0
1143 0 0
1144 0 0
1145 0 0
1146 0 0
1147 0 0
1148 0 0
1149 0 0
1150 0 0
1151 0 0
1152 0 0
1153 0 0
1154 0 0
1155 0 0
1156 0 0
1157 0 0
1158 0 0
1159 0 0
1160 0 0
1161 0 0
1162 0 0
1163 0 0
1164 0 0
1165 0 0
1166 0 0
1167 0 0
1168 0 0
1169 0 0
1170 0 0
1171 0 0
1172 0 0
1173 0 0
1174 0 0
1175 0 0
1176 0 0
1177 0 0
1178 0 0
1179 0 0
1180 0 0
1181 0 0
1182 0 0
1183 0 0
1184 0 0
1185 0 0
1186 0 0
1187 0 0
1188 0 0
1189 0 0
1190 0 0
1191 0 0
1192 0 0
1193 0 0
1194 0 0
1195 0 0
1196 0 0
1197 0 0
1198 0 0
1199 0 0
1200 0 0
1201 0 0
1202 0 0
1203 0 0
1204 0 0
1205 0 0
1206 0 0
1207 0 0
1208 0 0
1209 0 0
1210 0 0
1211 0 0
1212 0 0
1213 0 0
1214 0 0
1215 0 0
1216 0 0
1217 0 0
1218 0 0
1219 0 0
1220 0 0
1221 0 0
1222 0 0
1223 0 0
1224 0 0
1225 0 0
1226 0 0
1227 0 0
1228 0 0
1229 0 0
1230 0 0
1231 0 0
1232 0 0
1233 0 0
1234 0 0
1235 0 0
1236 0 0
1237 0 0
1238 0 0
1239 0 0
1240 0 0
1241 0 0
1242 0 0
1243 0 0
1244 0 0
1245 0 0
1246 0 0
1247 0 0
1248 0 0
1249 0 0
1250 0 0
1251 0 0
1252 0 0
1253 0 0
1254 0 0
1255 0 0
1256 0 0
1257 0 0
1258 0 0
1259 0 0
1260 0 0
1261 0 0
1262 0 0
1263 0 0
1264 0 0
1265 0 0
1266 0 0
1267 0 0
1268 0 0
1269 0 0
1270 0 0
1271 0 0
1272 0 0
1273 0 0
1274 0 0
1275 0 0
1276 0 0
1277 0 0
1278 0 0
1279 0 0
1280 0 0
1281 0 0
1282 0 0
1283 0 0
1284 0 0
1285 0 0
1286 0 0
1287 0 0
1288 0 0
1289 0 0
1290 0 0
1291 0 0
1292 0 0
1293 0 0
1294 0 0
1295 0 0
1296 0 0
1297 0 0
1298 0 0
1299 0 0
1300 0 0
1301 0 0
1302 0 0
1303 0 0
1304 0 0
1305 0 0
1306 0 0
1307 0 0
1308 0 0
1309 0 0
1310 0 0
1311 0 0
1312 0 0
1313 0 0
1314 0 0
1315 0 0
1316 0 0
1317 0 0
1318 0 0
1319 0 0
1320 0 0
1321 0 0
1322 0 0
1323 0 0
1324 0 0
1325 0 0
1326 0 0
1327 0 0
1328 0 0
1329 0 0
1330 0 0
1331 0 0
1332 0 0
1333 0 0
1334 0 0
1335 0 0
1336 0 0
1337 0 0
1338 0 0
1339 0 0
1340 0 0
1341 0 0
1342 0 0
1343 0 0
1344 0 0
1345 0 0
1346 0 0
1347 0 0
1348 0 0
1349 0 0
1350 0 0
1351 0 0
1352 0 0
1353 0 0
1354 0 0
1355 0 0
1356 0 0
1357 0 0
1358 0 0
1359 0 0
1360 0 0
1361 0 0
1362 0 0
1363 0 0
1364 0 0
1365 0 0
1366 0 0
1367 0 0
1368 0 0
1369 0 0
1370 0 0
1371 0 0
1372 0 0
1373 0 0
1374 0 0
1375 0 0
1376 0 0
1377 0 0
1378 0 0
1379 0 0
1380 0 0
1381 0 0
1382 0 0
1383 0 0
1384 0 0
1385 0 0
1386 0 0
1387 0 0
1388 0 0
1389 0 0
1390 0 0
1391 0 0
1392 0 0
1393 0 0
1394 0 0
1395 0 0
1396 0 0
1397 0 0
1398 0 0
1399 0 0
1400 0 0
1401 0 0
1402 0 0
1403 0 0
1404 0 0
1405 0 0
1406 0 0
1407 0 0
1408 0 0
1409 0 0
1410 0 0
1411 0 0
1412 0 0
1413 0 0
1414 0 0
1415 0 0
1416 0 0
1417 0 0
1418 0 0
1419 0 0
1420 0 0
1421 0 0
1422 0 0
1423 0 0
1424 0 0
1425 0 0
1426 0 0
1427 0 0
1428 0 0
1429 0 0
1430 0 0
1431 0 0
1432 0 0
1433 0 0
1434 0 0
1435 0 0
1436 0 0
1437 0 0
1438 0 0
1439 0 0
1440 0 0
1441 0 0
1442 0 0
1443 0 0
1444 0 0
1445 0 0
1446 0 0
1447 0 0
1448 0 0
1449 0 0
1450 0 0
1451 0 0
1452 0 0
1453 0 0
1454 0 0
1455 0 0
1456 0 0
1457 0 0
1458 0 0
1459 0 0
1460 0 0
1461 0 0
1462 0 0
1463 0 0
1464 0 0
1465 0 0
1466 0 0
1467 0 0
1468 0 0
1469 0 0
1470 0 0
1471 0 0
1472 0 0
1473 0 0
1474 0 0
1475 0 0
1476 0 0
1477 0 0
1478 0 0
1479 0 0
1480 0 0
1481 0 0
1482 0 0
1483 0 0
1484 0 0
1485 0 0
1486 0 0
1487 0 0
1488 0 0
1489 0 0
1490 0 0
1491 0 0
1492 0 0
1493 0 0
1494 0 0
1495 0 0
1496 0 0
1497 0 0
1498 0 0
1499 0 0
1500 0 0
1501 0 0
1502 0 0
1503 0 0
1504 0 0
1505 0 0
1506 0 0
1507 0 0
1508 0 0
1509 0 0
1510 0 0
1511 0 0
1512 0 0
1513 0 0
1514 0 0
1515 0 0
1516 0 0
1517 0 0
1518 0 0
1519 0 0
1520 0 0
1521 0 0
1522 0 0
1523 0 0
1524 0 0
1525 0 0
1526 0 0
1527 0 0
1528 0 0
1529 0 0
1530 0 0
1531 0 0
1532 0 0
1533 0 0
1534 0 0
1535 0 0
1536 0 0
1537 0 0
1538 0 0
1539 0 0
1540 0 0
1541 0 0
1542 0 0
1543 0 0
1544 0 0
1545 0 0
1546 0 0
1547 0 0
1548 0 0
1549 0 0
1550 0 0
1551 0 0
1552 0 0
1553 0 0
1554 0 0
1555 0 0
1556 0 0
1557 0 0
1558 0 0
1559 0 0
1560 0 0
1561 0 0
1562 0 0
1563 0 0
1564 0 0
1565 0 0
1566 0 0
1567 0 0
1568 0 0
1569 0 0
1570 0 0
1571 0 0
1572 0 0
1573 0 0
1574 0 0
1575 0 0
1576 0 0
1577 0 0
1578 0 0
1579 0 0
1580 0 0
1581 0 0
1582 0 0
1583 0 0
1584 0 0
1585 0 0
1586 0 0
1587 0 0
1588 0 0
1589 0 0
1590 0 0
1591 0 0
1592 0 0
1593 0 0
1594 0 0
1595 0 0
1596 0 0
1597 0 0
1598 0 0
1599 0 0
1600 0 0
1601 0 0
1602 0 0
1603 0 0
1604 0 0
1605 0 0
1606 0 0
1607 0 0
1608 0 0
1609 0 0
1610 0 0
1611 0 0
1612 0 0
1613 0 0
1614 0 0
1615 0 0
1616 0 0
1617 0 0
1618 0 0
1619 0 0
1620 0 0
1621 0 0
1622 0 0
1623 0 0
1624 0 0
1625 0 0
1626 0 0
1627 0 0
1628 0 0
1629 0 0
1630 0 0
1631 0 0
1632 0 0
1633 0 0
1634 0 0
1635 0 0
1636 0 0
1637 0 0
1638 0 0
1639 0 0
1640 0 0
1641 0 0
1642 0 0
1643 0 0
1644 0 0
1645 0 0
1646 0 0
1647 0 0
1648 0 0
1649 0 0
1650 0 0
1651 0 0
1652 0 0
1653 0 0
1654 0 0
1655 0 0
1656 0 0
1657 0 0
1658 0 0
1659 0 0
1660 0 0
1661 0 0
1662 0 0
1663 0 0
1664 0 0
1665 0 0
1666 0 0
1667 0 0
1668 0 0
1669 0 0
1670 0 0
1671 0 0
1672 0 0
1673 0 0
1674 0 0
1675 0 0
1676 0 0
1677 0 0
1678 0 0
1679 0 0
1680 0 0
1681 0 0
1682 0 0
1683 0 0
1684 0 0
1685 0 0
1686 0 0
1687 0 0
1688 0 0
1689 0 0
1690 0 0
1691 0 0
1692 0 0
1693 0 0
1694 0 0
1695 0 0
1696 0 0
1697 0 0
1698 0 0
1699 0 0
1700 0 0
1701 0 0
1702 0 0
1703 0 0
1704 0 0
1705 0 0
1706 0 0
1707 0 0
1708 0 0
1709 0 0
1710 0 0
1711 0 0
1712 0 0
1713 0 0
1714 0 0
1715 0 0
1716 0 0
1717 0 0
1718 0 0
1719 0 0
1720 0 0
1721 0 0
1722 0 0
1723 0 0
1724 0 0
1725 0 0
1726 0 0
1727 0 0
1728 0 0
1729 0 0
1730 0 0
1731 0 0
1732 0 0
1733 0 0
1734 0 0
1735 0 0
1736 0 0
1737 0 0
1738 0 0
1739 0 0
1740 0 0
1741 0 0
1742 0 0
1743 0 0
1744 0 0
1745 0 0
1746 0 0
1747 0 0
1748 0 0
1749 0 0
1750 0 0
1751 0 0
1752 0 0
1753 0 0
1754 0 0
1755 0 0
1756 0 0
1757 0 0
1758 0 0
1759 0 0
1760 0 0
1761 0 0
1762 0 0
1763 0 0
1764 0 0
1765 0 0
1766 0 0
1767 0 0
1768 0 0
1769 0 0
1770 0 0
1771 0 0
1772 0 0
1773 0 0
1774 0 0
1775 0 0
1776 0 0
1777 0 0
1778 0 0
1779 0 0
1780 0 0
1781 0 0
1782 0 0
1783 0 0
1784 0 0
1785 0 0
1786 0 0
1787 0 0
1788 0 0
1789 0 0
1790 0 0
1791 0 0
1792 0 0
1793 0 0
1794 0 0
1795 0 0
1796 0 0
1797 0 0
1798 0 0
1799 0 0
1800 0 0
1801 0 0
1802 0 0
1803 0 0
1804 0 0
1805 0 0
1806 0 0
1807 0 0
1808 0 0
1809 0 0
1810 0 0
1811 0 0
1812 0 0
1813 0 0
1814 0 0
1815 0 0
1816 0 0
1817 0 0
1818 0 0
1819 0 0
1820 0 0
1821 0 0
1822 0 0
1823 0 0
1824 0 0
1825 0 0
1826 0 0
1827 0 0
1828 0 0
1829 0 0
1830 0 0
1831 0 0
1832 0 0
1833 0 0
1834 0 0
1835 0 0
1836 0 0
1837 0 0
1838 0 0
1839 0 0
1840 0 0
1841 0 0
1842 0 0
1843 0 0
1844 0 0
1845 0 0
1846 0 0
1847 0 0
1848 0 0
1849 0 0
1850 0 0
1851 0 0
1852 0 0
1853 0 0
1854 0 0
1855 0 0
1856 0 0
1857 0 0
1858 0 0
1859 0 0
1860 0 0
1861 0 0
1862 0 0
1863 0 0
1864 0 0
1865 0 0
1866 0 0
1867 0 0
1868 0 0
1869 0 0
1870 0 0
1871 0 0
1872 0 0
1873 0 0
1874 0 0
1875 0 0
1876 0 0
1877 0 0
1878 0 0
1879 0 0
1880 0 0
1881 0 0
1882 0 0
1883 0 0
1884 0 0
1885 0 0
1886 0 0
1887 0 0
1888 0 0
1889 0 0
1890 0 0
1891 0 0
1892 0 0
1893 0 0
1894 0 0
1895 0 0
1896 0 0
1897 0 0
1898 0 0
1899 0 0
1900 0 0
1901 0 0
1902 0 0
1903 0 0
1904 0 0
1905 0 0
1906 0 0
1907 0 0
1908 0 0
1909 0 0
1910 0 0
1911 0 0
1912 0 0
1913 0 0
1914 0 0
1915 0 0
1916 0 0
1917 0 0
1918 0 0
1919 0 0
1920 0 0
1921 0 0
1922 0 0
1923 0 0
1924 0 0
1925 0 0
1926 0 0
1927 0 0
1928 0 0
1929 0 0
1930 0 0
1931 0 0
1932 0 0
1933 0 0
1934 0 0
1935 0 0
1936 0 0
1937 0 0
1938 0 0
1939 0 0
1940 0 0
1941 0 0
1942 0 0
1943 0 0
1944 0 0
1945 0 0
1946 0 0
1947 0 0
1948 0 0
1949 0 0
1950 0 0
1951 0 0
1952 0 0
1953 0 0
1954 0 0
1955 0 0
1956 0 0
1957 0 0
1958 0 0
1959 0 0
1960 0 0
1961 0 0
1962 0 0
1963 0 0
1964 0 0
1965 0 0
1966 0 0
1967 0 0
1968 0 0
1969 0 0
1970 0 0
1971 0 0
1972 0 0
1973 0 0
1974 0 0
1975 0 0
1976 0 0
1977 0 0
1978 0 0
1979 0 0
1980 0 0
1981 0 0
1982 0 0
1983 0 0
1984 0 0
1985 0 0
1986 0 0
1987 0 0
1988 0 0
1989 0 0
1990 0 0
1991 0 0
1992 0 0
1993 0 0
1994 0 0
1995 0 0
1996 0 0
1997 0 0
1998 0 0
1999 0 0
2000 0 0
2001 0 0
2002 0 0
2003 0 0
2004 0 0
2005 0 0
2006 0 0
2007 0 0
2008 0 0
2009 0 0
2010 0 0
2011 0 0
2012 0 0
2013 0 0
2014 0 0
2015 0 0
2016 0 0
2017 0 0
2018 0 0
2019 0 0
2020 0 0
2021 0 0
2022 0 0
2023 0 0
2024 0 0
2025 0 0
2026 0 0
2027 0 0
2028 0 0
2029 0 0
2030 0 0
2031 0 0
2032 0 0
2033 0 0
2034 0 0
2035 0 0
2036 0 0
2037 0 0
2038 0 0
2039 0 0
2040 0 0
2041 0 0
2042 0 0
2043 0 0
2044 0 0
2045 0 0
2046 0 0
2047 0 0
2048 0 0
2049 0 0
2050 0 0
2051 0 0
2052 0 0
2053 0 0
2054 0 0
2055 0 0
2056 0 0
2057 0 0
2058 0 0
2059 0 0
2060 0 0
2061 0 0
2062 0 0
2063 0 0
2064 0 0
2065 0 0
2066 0 0
2067 0 0
2068 0 0
2069 0 0
2070 0 0
2071 0 0
2072 0 0
2073 0 0
2074 0 0
2075 0 0
2076 0 0
2077 0 0
2078 0 0
2079 0 0
2080 0 0
2081 0 0
2082 0 0
2083 0 0
2084 0 0
2085 0 0
2086 0 0
2087 0 0
2088 0 0
2089 0 0
2090 0 0
2091 0 0
2092 0 0
2093 0 0
2094 0 0
2095 0 0
2096 0 0
2097 0 0
2098 0 0
2099 0 0
2100 0 0
2101 0 0
2102 0 0
2103 0 0
2104 0 0
2105 0 0
2106 0 0
2107 0 0
2108 0 0
2109 0 0
2110 0 0
2111 0 0
2112 0 0
2113 0 0
2114 0 0
2115 0 0
2116 0 0
2117 0 0
2118 0 0
2119 0 0
2120 0 0
2121 0 0
2122 0 0
2123 0 0
2124 0 0
2125 0 0
2126 0 0
2127 0 0
2128 0 0
2129 0 0
2130 0 0
2131 0 0
2132 0 0
2133 0 0
2134 0 0
2135 0 0
2136 0 0
2137 0 0
2138 0 0
2139 0 0
2140 0 0
2141 0 0
2142 0 0
2143 0 0
2144 0 0
2145 0 0
2146 0 0
2147 0 0
2148 0 0
2149 0 0
2150 0 0
2151 0 0
2152 0 0
2153 0 0
2154 0 0
2155 0 0
2156 0 0
2157 0 0
2158 0 0
2159 0 0
2160 0 0
2161 0 0
2162 0 0
2163 0 0
2164 0 0
2165 0 0
2166 0 0
2167 0 0
2168 0 0
2169 0 0
2170 0 0
2171 0 0
2172 0 0
2173 0 0
2174 0 0
2175 0 0
2176 0 0
2177 0 0
2178 0 0
2179 0 0
2180 0 0
2181 0 0
2182 0 0
2183 0 0
2184 0 0
2185 0 0
2186 0 0
2187 0 0
2188 0 0
2189 0 0
2190 0 0
2191 0 0
2192 0 0
2193 0 0
2194 0 0
2195 0 0
2196 0 0
2197 0 0
2198 0 0
2199 0 0
2200 0 0
2201 0 0
2202 0 0
2203 0 0
2204 0 0
2205 0 0
2206 0 0
2207 0 0
2208 0 0
2209 0 0
2210 0 0
2211 0 0
2212 0 0
2213 0 0
2214 0 0
2215 0 0
2216 0 0
2217 0 0
2218 0 0
2219 0 0
2220 0 0
2221 0 0
2222 0 0
2223 0 0
2224 0 0
2225 0 0
2226 0 0
2227 0 0
2228 0 0
2229 0 0
2230 0 0
2231 0 0
2232 0 0
2233 0 0
2234 0 0
2235 0 0
2236 0 0
2237 0 0
2238 0 0
2239 0 0
2240 0 0
2241 0 0
2242 0 0
2243 0 0
2244 0 0
2245 0 0
2246 0 0
2247 0 0
2248 0 0
2249 0 0
2250 0 0
2251 0 0
2252 0 0
2253 0 0
2254 0 0
2255 0 0
2256 0 0
2257 0 0
2258 0 0
2259 0 0
2260 0 0
2261 0 0
2262 0 0
2263 0 0
2264 0 0
2265 0 0
2266 0 0
2267 0 0
2268 0 0
2269 0 0
2270 0 0
2271 0 0
2272 0 0
2273 0 0
2274 0 0
2275 0 0
2276 0 0
2277 0 0
2278 0 0
2279 0 0
2280 0 0
2281 0 0
2282 0 0
2283 0 0
2284 0 0
2285 0 0
2286 0 0
2287 0 0
2288 0 0
2289 0 0
2290 0 0
2291 0 0
2292 0 0
2293 0 0
2294 0 0
2295 0 0
2296 0 0
2297 0 0
2298 0 0
2299 0 0
2300 0 0
2301 0 0
2302 0 0
2303 0 0
2304 0 0
2305 0 0
2306 0 0
2307 0 0
2308 0 0
2309 0 0
2310 0 0
2311 0 0
2312 0 0
2313 0 0
2314 0 0
2315 0 0
2316 0 0
2317 0 0
2318 0 0
2319 0 0
2320 0 0
2321 0 0
2322 0 0
2323 0 0
2324 0 0
2325 0 0
2326 0 0
2327 0 0
2328 0 0
2329 0 0
2330 0 0
2331 0 0
2332 0 0
2333 0 0
2334 0 0
2335 0 0
2336 0 0
2337 0 0
2338 0 0
2339 0 0
2340 0 0
2341 0 0
2342 0 0
2343 0 0
2344 0 0
2345 0 0
2346 0 0
2347 0 0
2348 0 0
2349 0 0
2350 0 0
2351 0 0
2352 0 0
2353 0 0
2354 0 0
2355 0 0
2356 0 0
2357 0 0
2358 0 0
2359 0 0
2360 0 0
2361 0 0
2362 0 0
2363 0 0
2364 0 0
2365 0 0
2366 0 0
2367 0 0
2368 0 0
2369 0 0
2370 0 0
2371 0 0
2372 0 0
2373 0 0
2374 0 0
2375 0 0
2376 0 0
2377 0 0
2378 0 0
2379 0 0
2380 0 0
2381 0 0
2382 0 0
2383 0 0
2384 0 0
2385 0 0
2386 0 0
2387 0 0
2388 0 0
2389 0 0
2390 0 0
2391 0 0
2392 0 0
2393 0 0
2394 0 0
2395 0 0
2396 0 0
2397 0 0
2398 0 0
2399 0 0
2400 0 0
2401 0 0
2402 0 0
2403 0 0
2404 0 0
2405 0 0
2406 0 0
2407 0 0
2408 0 0
2409 0 0
2410 0 0
2411 0 0
2412 0 0
2413 0 0
2414 0 0
2415 0 0
2416 0 0
2417 0 0
2418 0 0
2419 0 0
2420 0 0
2421 0 0
2422 0 0
2423 0 0
2424 0 0
2425 0 0
2426 0 0
2427 0 0
2428 0 0
2429 0 0
2430 0 0
2431 0 0
2432 0 0
2433 0 0
2434 0 0
2435 0 0
2436 0 0
2437 0 0
2438 0 0
2439 0 0
2440 0 0
2441 0 0
2442 0 0
2443 0 0
2444 0 0
2445 0 0
2446 0 0
2447 0 0
2448 0 0
2449 0 0
2450 0 0
2451 0 0
2452 0 0
2453 0 0
2454 0 0
2455 0 0
2456 0 0
2457 0 0
2458 0 0
2459 0 0
2460 0 0
2461 0 0
2462 0 0
2463 0 0
2464 0 0
2465 0 0
2466 0 0
2467 0 0
2468 0 0
2469 0 0
2470 0 0
2471 0 0
2472 0 0
2473 0 0
2474 0 0
2475 0 0
2476 0 0
2477 0 0
2478 0 0
2479 0 0
2480 0 0
2481 0 0
2482 0 0
2483 0 0
2484 0 0
2485 0 0
2486 0 0
2487 0 0
2488 0 0
2489 0 0
2490 0 0
2491 0 0
2492 0 0
2493 0 0
2494 0 0
2495 0 0
2496 0 0
2497 0 0
2498 0 0
2499 0 0
2500 0 0

ARCS
42 41 41
41 40 5
40 39 5
39 38 21
38 37 1
37 36 17
36 35 33
35 34 8
34 33 1
33 32 8
32 31 15
31 30 3
30 29 31
29 28 47
28 27 18
27 26 8
26 25 1
25 24 4
24 23 33
23 22 57
22 21 30
21 20 35
20 19 27
19 18 22
18 17 8
17 16 27
16 15 6
15 14 61
14 13 22
13 12 15
12 11 9
11 10 43
10 9 43
9 8 22
8 7 16
7 6 13
6 5 6
5 4 1
4 3 41
3 2 8
2 1 5
1 51 36
51 52 5
52 53 8
53 54 41
54 55 1
55 56 6
56 57 13
57 58 16
58 59 22
59 60 43
60 61 43
61 62 9
62 63 15
63 64 22
64 65 61
65 66 6
66 67 27
67 68 8
68 69 22
69 70 27
70 71 35
71 72 30
72 73 57
73 74 33
74 75 4
75 76 1
76 77 8
77 78 18
78 79 47
79 80 31
80 81 3
81 82 15
82 83 8
83 84 1
84 85 8
85 86 33
86 87 17
87 88 1
88 89 21
89 90 5
90 91 5
91 92 41
92 93 11
93 94 34
94 95 2
95 96 9
96 97 29
97 98 37
98 99 9
99 100 8
100 50 36
50 49 8
49 48 9
48 47 37
47 46 29
46 45 9
45 44 2
44 43 34
43 42 11
42 92 36
92 142 8
142 141 41
141 140 5
140 139 5
139 138 21
138 137 1
137 136 17
136 135 33
135 134 8
134 133 1
133 132 8
132 131 15
131 130 3
130 129 31
129 128 47
128 127 18
127 126 8
126 125 1
125 124 4
124 123 33
123 122 57
122 121 30
121 120 35
120 119 27
119 118 22
118 117 8
117 116 27
116 115 6
115 114 61
114 113 22
113 112 15
112 111 9
111 110 43
110 109 43
109 108 22
108 107 16
107 106 13
106 105 6
105 104 1
104 103 41
103 102 8
102 101 5
101 51 8
101 151 20
151 152 5
152 153 8
153 154 41
154 155 1
155 156 6
156 157 13
157 158 16
158 159 22
159 160 43
160 161 43
161 162 9
162 163 15
163 164 22
164 165 61
165 166 6
166 167 27
167 168 8
168 169 22
169 170 27
170 171 35
171 172 30
172 173 57
173 174 33
174 175 4
175 176 1
176 177 8
177 178 18
178 179 47
179 180 31
180 181 3
181 182 15
182 183 8
183 184 1
184 185 8
185 186 33
186 187 17
187 188 1
188 189 21
189 190 5
190 191 5
191 192 41
192 193 11
193 194 34
194 195 2
195 196 9
196 197 29
197 198 37
198 199 9
199 200 8
200 150 20
150 149 8
149 148 9
148 147 37
147 146 29
146 145 9
145 144 2
144 143 34
143 142 11
142 192 20
192 242 27
242 241 41
241 240 5
240 239 5
239 238 21
238 237 1
237 236 17
236 235 33
235 234 8
234 233 1
233 232 8
232 231 15
231 230 3
230 229 31
229 228 47
228 227 18
227 226 8
226 225 1
225 224 4
224 223 33
223 222 57
222 221 30
221 220 35
220 219 27
219 218 22
218 217 8
217 216 27
216 215 6
215 214 61
214 213 22
213 212 15
212 211 9
211 210 43
210 209 43
209 208 22
208 207 16
207 206 13
206 205 6
205 204 1
204 203 41
203 202 8
202 201 5
201 151 27
201 251 2
251 252 5
252 253 8
253 254 41
254 255 1
255 256 6
256 257 13
257 258 16
258 259 22
259 260 43
260 261 43
261 262 9
262 263 15
263 264 22
264 265 61
265 266 6
266 267 27
267 268 8
268 269 22
269 270 27
270 271 35
271 272 30
272 273 57
273 274 33
274 275 4
275 276 1
276 277 8
277 278 18
278 279 47
279 280 31
280 281 3
281 282 15
282 283 8
283 284 1
284 285 8
285 286 33
286 287 17
287 288 1
288 289 21
289 290 5
290 291 5
291 292 41
292 293 11
293 294 34
294 295 2
295 296 9
296 297 29
297 298 37
298 299 9
299 300 8
300 250 2
250 249 8
249 248 9
248 247 37
247 246 29
246 245 9
245 244 2
244 243 34
243 242 11
242 292 2
292 342 1
342 341 41
341 340 5
340 339 5
339 338 21
338 337 1
337 336 17
336 335 33
335 334 8
334 333 1
333 332 8
332 331 15
331 330 3
330 329 31
329 328 47
328 327 18
327 326 8
326 325 1
325 324 4
324 323 33
323 322 57
322 321 30
321 320 35
320 319 27
319 318 22
318 317 8
317 316 27
316 315 6
315 314 61
314 313 22
313 312 15
312 311 9
311 310 43
310 309 43
309 308 22
308 307 16
307 306 13
306 305 6
305 304 1
304 303 41
303 302 8
302 301 5
301 251 1
301 351 104
351 352 5
352 353 8
353 354 41
354 355 1
355 356 6
356 357 13
357 358 16
358 359 22
359 360 43
360 361 43
361 362 9
362 363 15
363 364 22
364 365 61
365 366 6
366 367 27
367 368 8
368 369 22
369 370 27
370 371 35
371 372 30
372 373 57
373 374 33
374 375 4
375 376 1
376 377 8
377 378 18
378 379 47
379 380 31
380 381 3
381 382 15
382 383 8
383 384 1
384 385 8
385 386 33
386 387 17
387 388 1
388 389 21
389 390 5
390 391 5
391 392 41
392 393 11
393 394 34
394 395 2
395 396 9
396 397 29
397 398 37
398 399 9
399 400 8
400 350 104
350 349 8
349 348 9
348 347 37
347 346 29
346 345 9
345 344 2
344 343 34
343 342 11
342 392 104
392 442 21
442 441 41
441 440 5
440 439 5
439 438 21
438 437 1
437 436 17
436 435 33
435 434 8
434 433 1
433 432 8
432 431 15
431 430 3
430 429 31
429 428 47
428 427 18
427 426 8
426 425 1
425 424 4
424 423 33
423 422 57
422 421 30
421 420 35
420 419 27
419 418 22
418 417 8
417 416 27
416 415 6
415 414 61
414 413 22
413 412 15
412 411 9
411 410 43
410 409 43
409 408 22
408 407 16
407 406 13
406 405 6
405 404 1
404 403 41
403 402 8
402 401 5
401 351 21
401 451 13
451 452 5
452 453 8
453 454 41
454 455 1
455 456 6
456 457 13
457 458 16
458 459 22
459 460 43
460 461 43
461 462 9
462 463 15
463 464 22
464 465 61
465 466 6
466 467 27
467 468 8
468 469 22
469 470 27
470 471 35
471 472 30
472 473 57
473 474 33
474 475 4
475 476 1
476 477 8
477 478 18
478 479 47
479 480 31
480 481 3
481 482 15
482 483 8
483 484 1
484 485 8
485 486 33
486 487 17
487 488 1
488 489 21
489 490 5
490 491 5
491 492 41
492 493 11
493 494 34
494 495 2
495 496 9
496 497 29
497 498 37
498 499 9
499 500 8
500 450 13
450 449 8
449 448 9
448 447 37
447 446 29
446 445 9
445 444 2
444 443 34
443 442 11
442 492 13
492 542 19
542 541 41
541 540 5
540 539 5
539 538 21
538 537 1
537 536 17
536 535 33
535 534 8
534 533 1
533 532 8
532 531 15
531 530 3
530 529 31
529 528 47
528 527 18
527 526 8
526 525 1
525 524 4
524 523 33
523 522 57
522 521 30
521 520 35
520 519 27
519 518 22
518 517 8
517 516 27
516 515 6
515 514 61
514 513 22
513 512 15
512 511 9
511 510 43
510 509 43
509 508 22
508 507 16
507 506 13
506 505 6
505 504 1
504 503 41
503 502 8
502 501 5
501 451 19
501 551 83
551 552 5
552 553 8
553 554 41
554 555 1
555 556 6
556 557 13
557 558 16
558 559 22
559 560 43
560 561 43
561 562 9
562 563 15
563 564 22
564 565 61
565 566 6
566 567 27
567 568 8
568 569 22
569 570 27
570 571 35
571 572 30
572 573 57
573 574 33
574 575 4
575 576 1
576 577 8
577 578 18
578 579 47
579 580 31
580 581 3
581 582 15
582 583 8
583 584 1
584 585 8
585 586 33
586 587 17
587 1769 1
1769 589 21
589 590 5
590 591 5
591 592 41
592 593 11
593 594 34
594 595 2
595 596 9
596 597 29
597 598 37
598 599 9
599 600 8
600 550 83
550 549 8
549 548 9
548 547 37
547 546 29
546 545 9
545 544 2
544 543 34
543 542 11
542 592 83
592 642 9
642 641 41
641 640 5
640 639 5
639 638 21
638 637 1
637 636 17
636 635 33
635 634 8
634 633 1
633 632 8
632 631 15
631 630 3
630 629 31
629 628 47
628 627 18
627 626 8
626 625 1
625 624 4
624 623 33
623 622 57
622 621 30
621 620 35
620 619 27
619 618 22
618 617 8
617 616 27
616 615 6
615 614 61
614 613 22
613 612 15
612 611 9
611 610 43
610 609 43
609 608 22
608 607 16
607 606 13
606 605 6
605 604 1
604 603 41
603 602 8
602 601 5
601 551 9
601 651 31
651 652 5
652 653 8
653 654 41
654 655 1
655 656 6
656 657 13
657 658 16
658 659 22
659 660 43
660 661 43
661 662 9
662 663 15
663 664 22
664 665 61
665 666 6
666 667 27
667 668 8
668 669 22
669 670 27
670 671 35
671 672 30
672 673 57
673 674 33
674 675 4
675 676 1
676 677 8
677 678 18
678 679 47
679 680 31
680 681 3
681 682 15
682 683 8
683 684 1
684 685 8
685 686 33
686 687 17
687 688 1
688 689 21
689 690 5
690 691 5
691 692 41
692 693 11
693 694 34
694 695 2
695 696 9
696 697 29
697 698 37
698 699 9
699 700 8
700 650 31
650 649 8
649 648 9
648 647 37
647 646 29
646 645 9
645 644 2
644 643 34
643 642 11
642 692 31
692 742 4
742 741 41
741 740 5
740 739 5
739 738 21
738 737 1
737 736 17
736 735 33
735 734 8
734 733 1
733 732 8
732 731 15
731 730 3
730 729 31
729 728 47
728 727 18
727 726 8
726 725 1
725 724 4
724 723 33
723 722 57
722 721 30
721 720 35
720 719 27
719 718 22
718 717 8
717 716 27
716 715 6
715 714 61
714 713 22
713 712 15
712 711 9
711 710 43
710 709 43
709 708 22
708 707 16
707 706 13
706 705 6
705 704 1
704 703 41
703 702 8
702 701 5
701 651 4
701 751 6
751 752 5
752 753 8
753 754 41
754 755 1
755 756 6
756 757 13
757 758 16
758 759 22
759 760 43
760 761 43
761 762 9
762 763 15
763 764 22
764 765 61
765 766 6
766 767 27
767 768 8
768 769 22
769 770 27
770 771 35
771 772 30
772 773 57
773 774 33
774 775 4
775 776 1
776 777 8
777 778 18
778 779 47
779 780 31
780 781 3
781 782 15
782 783 8
783 784 1
784 785 8
785 786 33
786 787 17
787 788 1
788 789 21
789 790 5
790 791 5
791 792 41
792 793 11
793 794 34
794 795 2
795 796 9
796 797 29
797 798 37
798 799 9
799 800 8
800 750 6
750 749 8
749 748 9
748 747 37
747 746 29
746 745 9
745 744 2
744 743 34
743 742 11
742 792 6
792 842 4
842 841 41
841 840 5
840 839 5
839 838 21
838 837 1
837 836 17
836 835 33
835 834 8
834 833 1
833 832 8
832 831 15
831 830 3
830 829 31
829 828 47
828 827 18
827 826 8
826 825 1
825 824 4
824 823 33
823 822 57
822 821 30
821 820 35
820 819 27
819 818 22
818 817 8
817 816 27
816 815 6
815 814 61
814 813 22
813 812 15
812 811 9
811 810 43
810 809 43
809 808 22
808 807 16
807 806 13
806 805 6
805 804 1
804 803 41
803 802 8
802 801 5
801 751 4
801 851 21
851 852 5
852 853 8
853 854 41
854 855 1
855 856 6
856 857 13
857 858 16
858 859 22
859 860 43
860 861 43
861 862 9
862 863 15
863 864 22
864 865 61
865 866 6
866 867 27
867 868 8
868 869 22
869 870 27
870 871 35
871 872 30
872 873 57
873 874 33
874 875 4
875 876 1
876 877 8
877 878 18
878 879 47
879 880 31
880 881 3
881 882 15
882 883 8
883 884 1
884 885 8
885 886 33
886 887 17
887 888 1
888 889 21
889 890 5
890 891 5
891 892 41
892 893 11
893 894 34
894 895 2
895 896 9
896 897 29
897 898 37
898 899 9
899 900 8
900 850 21
850 849 8
849 848 9
848 847 37
847 846 29
846 845 9
845 844 2
844 843 34
843 842 11
842 892 21
892 942 33
942 941 41
941 940 5
940 939 5
939 938 21
938 937 1
937 936 17
936 935 33
935 934 8
934 933 1
933 932 8
932 931 15
931 930 3
930 929 31
929 928 47
928 927 18
927 926 8
926 925 1
925 924 4
924 923 33
923 922 57
922 921 30
921 920 35
920 919 27
919 918 22
918 917 8
917 916 27
916 915 6
915 914 61
914 913 22
913 912 15
912 911 9
911 910 43
910 909 43
909 908 22
908 907 16
907 906 13
906 905 6
905 904 1
904 903 41
903 902 8
902 901 5
901 851 33
901 951 31
951 952 5
952 953 8
953 954 41
954 955 1
955 956 6
956 957 13
957 958 16
958 959 22
959 960 43
960 961 43
961 962 9
962 963 15
963 964 22
964 965 61
965 966 6
966 967 27
967 968 8
968 969 22
969 970 27
970 971 35
971 972 30
972 973 57
973 974 33
974 975 4
975 976 1
976 977 8
977 978 18
978 979 47
979 980 31
980 981 3
981 982 15
982 983 8
983 984 1
984 985 8
985 986 33
986 987 17
987 988 1
988 989 21
989 990 5
990 991 5
991 992 41
992 993 11
993 994 34
994 995 2
995 996 9
996 997 29
997 998 37
998 999 9
999 1000 8
1000 950 31
950 949 8
949 948 9
948 947 37
947 946 29
946 945 9
945 944 2
944 943 34
943 942 11
942 992 31
992 1042 18
1042 1041 41
1041 1040 5
1040 1039 5
1039 1038 21
1038 1037 1
1037 1036 17
1036 1035 33
1035 1034 8
1034 1033 1
1033 1032 8
1032 1031 15
1031 1030 3
1030 1029 31
1029 1028 47
1028 1027 18
1027 1026 8
1026 1025 1
1025 1024 4
1024 1023 33
1023 1022 57
1022 1021 30
1021 1020 35
1020 1019 27
1019 1018 22
1018 1017 8
1017 1016 27
1016 1015 6
1015 1014 61
1014 1013 22
1013 1012 15
1012 1011 9
1011 1010 43
1010 1009 43
1009 1008 22
1008 1007 16
1007 1006 13
1006 1005 6
1005 1004 1
1004 1003 41
1003 1002 8
1002 1001 5
1001 951 18
1001 1051 8
1051 1052 5
1052 1053 8
1053 1054 41
1054 1055 1
1055 1056 6
1056 1057 13
1057 1058 16
1058 1059 22
1059 1060 43
1060 1061 43
1061 1062 9
1062 1063 15
1063 1064 22
1064 1065 61
1065 1066 6
1066 1067 27
1067 1068 8
1068 1069 22
1069 1070 27
1070 1071 35
1071 1072 30
1072 1073 57
1073 1074 33
1074 1075 4
1075 1076 1
1076 1077 8
1077 1078 18
1078 1079 47
1079 1080 31
1080 1081 3
1081 1082 15
1082 1083 8
1083 1084 1
1084 1085 8
1085 1086 33
1086 1087 17
1087 1088 1
1088 1089 21
1089 1090 5
1090 1091 5
1091 1092 41
1092 1093 11
1093 1094 34
1094 1095 2
1095 1096 9
1096 1097 29
1097 1098 37
1098 1099 9
1099 1100 8
1100 1050 8
1050 1049 8
1049 1048 9
1048 1047 37
1047 1046 29
1046 1045 9
1045 1044 2
1044 1043 34
1043 1042 11
1042 1092 8
1092 1142 13
1142 1141 41
1141 1140 5
1140 1139 5
1139 1138 21
1138 1137 1
1137 1136 17
1136 1135 33
1135 1134 8
1134 1133 1
1133 1132 8
1132 1131 15
1131 1130 3
1130 1129 31
1129 1128 47
1128 1127 18
1127 1126 8
1126 1125 1
1125 1124 4
1124 1123 33
1123 1122 57
1122 1121 30
1121 1120 35
1120 1119 27
1119 1118 22
1118 1117 8
1117 1116 27
1116 1115 6
1115 1114 61
1114 1113 22
1113 1112 15
1112 1111 9
1111 1110 43
1110 1109 43
1109 1108 22
1108 1107 16
1107 1106 13
1106 1105 6
1105 1104 1
1104 1103 41
1103 1102 8
1102 1101 5
1101 1051 13
1101 1151 7
1151 1152 5
1152 1153 8
1153 1154 41
1154 1155 1
1155 1156 6
1156 1157 13
1157 1158 16
1158 1159 22
1159 1160 43
1160 1161 43
1161 1162 9
1162 1163 15
1163 1164 22
1164 1165 61
1165 1166 6
1166 1167 27
1167 1168 8
1168 1169 22
1169 1170 27
1170 1171 35
1171 1172 30
1172 1173 57
1173 1174 33
1174 1175 4
1175 1176 1
1176 1177 8
1177 1178 18
1178 1179 47
1179 1180 31
1180 1181 3
1181 1182 15
1182 1183 8
1183 1184 1
1184 1185 8
1185 1186 33
1186 1187 17
1187 1188 1
1188 1189 21
1189 1190 5
1190 1191 5
1191 1192 41
1192 1193 11
1193 1194 34
1194 1195 2
1195 1196 9
1196 1197 29
1197 1198 37
1198 1199 9
1199 1200 8
1200 1150 7
1150 1149 8
1149 1148 9
1148 1147 37
1147 1146 29
1146 1145 9
1145 1144 2
1144 1143 34
1143 1142 11
1142 1192 7
1192 1242 43
1242 1241 41
1241 1240 5
1240 1239 5
1239 1238 21
1238 1237 1
1237 1236 17
1236 1235 33
1235 1234 8
1234 1233 1
1233 1232 8
1232 1231 15
1231 1230 3
1230 1229 31
1229 1228 47
1228 1227 18
1227 1226 8
1226 1225 1
1225 1224 4
1224 1223 33
1223 1222 57
1222 1221 30
1221 1220 35
1220 1219 27
1219 1218 22
1218 1217 8
1217 1216 27
1216 1215 6
1215 1214 61
1214 1213 22
1213 1212 15
1212 1211 9
1211 1210 43
1210 1209 43
1209 1208 22
1208 1207 16
1207 1206 13
1206 1205 6
1205 1204 1
1204 1203 41
1203 1202 8
1202 1201 5
1201 1151 43
1201 1251 31
1251 1252 5
1252 1253 8
1253 1254 41
1254 1255 1
1255 1256 6
1256 1257 13
1257 1258 16
1258 1259 22
1259 1260 43
1260 1261 43
1261 1262 9
1262 1263 15
1263 1264 22
1264 1265 61
1265 1266 6
1266 1267 27
1267 1268 8
1268 1269 22
1269 1270 27
1270 1271 35
1271 1272 30
1272 1273 57
1273 1274 33
1274 1275 4
1275 1276 1
1276 1277 8
1277 1278 18
1278 1279 47
1279 1280 31
1280 1281 3
1281 1282 15
1282 1283 8
1283 1284 1
1284 1285 8
1285 1286 33
1286 1287 17
1287 1288 1
1288 1289 21
1289 1290 5
1290 1291 5
1291 1292 41
1292 1293 11
1293 1294 34
1294 1295 2
1295 1296 9
1296 1297 29
1297 1298 37
1298 1299 9
1299 1300 8
1300 1250 31
1250 1249 8
1249 1248 9
1248 1247 37
1247 1246 29
1246 1245 9
1245 1244 2
1244 1243 34
1243 1242 11
1242 1292 31
1292 1342 6
1342 1341 41
1341 1340 5
1340 1339 5
1339 1338 21
1338 1337 1
1337 1336 17
1336 1335 33
1335 1334 8
1334 1333 1
1333 1332 8
1332 1331 15
1331 1330 3
1330 1329 31
1329 1328 47
1328 1327 18
1327 1326 8
1326 1325 1
1325 1324 4
1324 1323 33
1323 1322 57
1322 1321 30
1321 1320 35
1320 1319 27
1319 1318 22
1318 1317 8
1317 1316 27
1316 1315 6
1315 1314 61
1314 1313 22
1313 1312 15
1312 1311 9
1311 1310 43
1310 1309 43
1309 1308 22
1308 1307 16
1307 1306 13
1306 1305 6
1305 1304 1
1304 1303 41
1303 1302 8
1302 1301 5
1301 1251 6
1301 1351 21
1351 1352 5
1352 1353 8
1353 1354 41
1354 1355 1
1355 1356 6
1356 1357 13
1357 1358 16
1358 1359 22
1359 1360 43
1360 1361 43
1361 1362 9
1362 1363 15
1363 1364 22
1364 1365 61
1365 1366 6
1366 1367 27
1367 1368 8
1368 1369 22
1369 1370 27
1370 1371 35
1371 1372 30
1372 1373 57
1373 1374 33
1374 1375 4
1375 1376 1
1376 1377 8
1377 1378 18
1378 1379 47
1379 1380 31
1380 1381 3
1381 1382 15
1382 1383 8
1383 1384 1
1384 1385 8
1385 1386 33
1386 1387 17
1387 1388 1
1388 1389 21
1389 1390 5
1390 1391 5
1391 1392 41
1392 1393 11
1393 1394 34
1394 1395 2
1395 1396 9
1396 1397 29
1397 1398 37
1398 1399 9
1399 1400 8
1400 1350 21
1350 1349 8
1349 1348 9
1348 1347 37
1347 1346 29
1346 1345 9
1345 1344 2
1344 1343 34
1343 1342 11
1342 1392 21
1392 1442 22
1442 1441 41
1441 1440 5
1440 1439 5
1439 1438 21
1438 1437 1
1437 1436 17
1436 1435 33
1435 1434 8
1434 1433 1
1433 1432 8
1432 1431 15
1431 1430 3
1430 1429 31
1429 1428 47
1428 1427 18
1427 1426 8
1426 1425 1
1425 1424 4
1424 1423 33
1423 1422 57
1422 1421 30
1421 1420 35
1420 1419 27
1419 1418 22
1418 1417 8
1417 1416 27
1416 1415 6
1415 1414 61
1414 1413 22
1413 1412 15
1412 1411 9
1411 1410 43
1410 1409 43
1409 1408 22
1408 1407 16
1407 1406 13
1406 1405 6
1405 1404 1
1404 1403 41
1403 1402 8
1402 1401 5
1401 1351 22
1401 1451 21
1451 1452 5
1452 1453 8
1453 1454 41
1454 1455 1
1455 1456 6
1456 1457 13
1457 1458 16
1458 1459 22
1459 1460 43
1460 1461 43
1461 1462 9
1462 1463 15
1463 1464 22
1464 1465 61
1465 1466 6
1466 1467 27
1467 1468 8
1468 1469 22
1469 1470 27
1470 1471 35
1471 1472 30
1472 1473 57
1473 1474 33
1474 1475 4
1475 1476 1
1476 1477 8
1477 1478 18
1478 1479 47
1479 1480 31
1480 1481 3
1481 1482 15
1482 1483 8
1483 1484 1
1484 1485 8
1485 1486 33
1486 1487 17
1487 1488 1
1488 1489 21
1489 1490 5
1490 1491 5
1491 1492 41
1492 1493 11
1493 1494 34
1494 1495 2
1495 1496 9
1496 1497 29
1497 1498 37
1498 1499 9
1499 1500 8
1500 1450 21
1450 1449 8
1449 1448 9
1448 1447 37
1447 1446 29
1446 1445 9
1445 1444 2
1444 1443 34
1443 1442 11
1442 1492 21
1492 1542 5
1542 1541 41
1541 1540 5
1540 1539 5
1539 1538 21
1538 1537 1
1537 1536 17
1536 1535 33
1535 1534 8
1534 1533 1
1533 1532 8
1532 1531 15
1531 1530 3
1530 1529 31
1529 1528 47
1528 1527 18
1527 1526 8
1526 1525 1
1525 1524 4
1524 1523 33
1523 1522 57
1522 1521 30
1521 1520 35
1520 1519 27
1519 1518 22
1518 1517 8
1517 1516 27
1516 1515 6
1515 1514 61
1514 1513 22
1513 1512 15
1512 1511 9
1511 1510 43
1510 1509 43
1509 1508 22
1508 1507 16
1507 1506 13
1506 1505 6
1505 1504 1
1504 1503 41
1503 1502 8
1502 1501 5
1501 1451 5
1501 1551 2
1551 1552 5
1552 1553 8
1553 1554 41
1554 1555 1
1555 1556 6
1556 1557 13
1557 1558 16
1558 1559 22
1559 1560 43
1560 1561 43
1561 1562 9
1562 1563 15
1563 1564 22
1564 1565 61
1565 1566 6
1566 1567 27
1567 1568 8
1568 1569 22
1569 1570 27
1570 1571 35
1571 1572 30
1572 1573 57
1573 1574 33
1574 1575 4
1575 1576 1
1576 1577 8
1577 1578 18
1578 1579 47
1579 1580 31
1580 1581 3
1581 1582 15
1582 1583 8
1583 1584 1
1584 1585 8
1585 1586 33
1586 1587 17
1587 1588 1
1588 1589 21
1589 1590 5
1590 1591 5
1591 1592 41
1592 1593 11
1593 1594 34
1594 1595 2
1595 1596 9
1596 1597 29
1597 1598 37
1598 1599 9
1599 1600 8
1600 1550 2
1550 1549 8
1549 1548 9
1548 1547 37
1547 1546 29
1546 1545 9
1545 1544 2
1544 1543 34
1543 1542 11
1542 1592 2
1592 1642 6
1642 1641 41
1641 1640 5
1640 1639 5
1639 1638 21
1638 1637 1
1637 1636 17
1636 1635 33
1635 1634 8
1634 1633 1
1633 1632 8
1632 1631 15
1631 1630 3
1630 1629 31
1629 1628 47
1628 1627 18
1627 1626 8
1626 1625 1
1625 1624 4
1624 1623 33
1623 1622 57
1622 1621 30
1621 1620 35
1620 1619 27
1619 1618 22
1618 1617 8
1617 1616 27
1616 1615 6
1615 1614 61
1614 1613 22
1613 1612 15
1612 1611 9
1611 1610 43
1610 1609 43
1609 1608 22
1608 1607 16
1607 1606 13
1606 1605 6
1605 1604 1
1604 1603 41
1603 1602 8
1602 1601 5
1601 1551 6
1601 1651 7
1651 1652 5
1652 1653 8
1653 1654 41
1654 1655 1
1655 1656 6
1656 1657 13
1657 1658 16
1658 1659 22
1659 1660 43
1660 1661 43
1661 1662 9
1662 1663 15
1663 1664 22
1664 1665 61
1665 1666 6
1666 1667 27
1667 1668 8
1668 1669 22
1669 1670 27
1670 1671 35
1671 1672 30
1672 1673 57
1673 1674 33
1674 1675 4
1675 1676 1
1676 1677 8
1677 1678 18
1678 1679 47
1679 1680 31
1680 1681 3
1681 1682 15
1682 1683 8
1683 1684 1
1684 1685 8
1685 1686 33
1686 1687 17
1687 1688 1
1688 1689 21
1689 1690 5
1690 1691 5
1691 1692 41
1692 1693 11
1693 1694 34
1694 1695 2
1695 1696 9
1696 1697 29
1697 1698 37
1698 1699 9
1699 1700 8
1700 1650 7
1650 1649 8
1649 1648 9
1648 1647 37
1647 1646 29
1646 1645 9
1645 1644 2
1644 1643 34
1643 1642 11
1642 1692 7
1692 1742 21
1742 1741 41
1741 1740 5
1740 1739 5
1739 1738 21
1738 1737 1
1737 1736 17
1736 1735 33
1735 1734 8
1734 1733 1
1733 1732 8
1732 1731 15
1731 1730 3
1730 1729 31
1729 1728 47
1728 1727 18
1727 1726 8
1726 1725 1
1725 1724 4
1724 1723 33
1723 1722 57
1722 1721 30
1721 1720 35
1720 1719 27
1719 1718 22
1718 1717 8
1717 1716 27
1716 1715 6
1715 1714 61
1714 1713 22
1713 1712 15
1712 1711 9
1711 1710 43
1710 1709 43
1709 1708 22
1708 1707 16
1707 1706 13
1706 1705 6
1705 1704 1
1704 1703 41
1703 1702 8
1702 1701 5
1701 1651 21
1701 1751 7
1751 1752 5
1752 1753 8
1753 1754 41
1754 1755 1
1755 1756 6
1756 1757 13
1757 1758 16
1758 1759 22
1759 1760 43
1760 1761 43
1761 1762 9
1762 1763 15
1763 1764 22
1764 1765 61
1765 1766 6
1766 1767 27
1767 1768 8
1768 1769 22
1769 1770 27
1770 1771 35
1771 1772 30
1772 1773 57
1773 1774 33
1774 1775 4
1775 1776 1
1776 1777 8
1777 1778 18
1778 1779 47
1779 1780 31
1780 1781 3
1781 1782 15
1782 1783 8
1783 1784 1
1784 1785 8
1785 1786 33
1786 1787 17
1787 1788 1
1788 1789 21
1789 1790 5
1790 1791 5
1791 1792 41
1792 1793 11
1793 1794 34
1794 1795 2
1795 1796 9
1796 1797 29
1797 1798 37
1798 1799 9
1799 1800 8
1800 1750 7
1750 1749 8
1749 1748 9
1748 1747 37
1747 1746 29
1746 1745 9
1745 1744 2
1744 1743 34
1743 1742 11
1742 1792 7
1792 1842 1
1842 1841 41
1841 1840 5
1840 1839 5
1839 1838 21
1838 1837 1
1837 1836 17
1836 1835 33
1835 1834 8
1834 1833 1
1833 1832 8
1832 1831 15
1831 1830 3
1830 1829 31
1829 1828 47
1828 1827 18
1827 1826 8
1826 1825 1
1825 1824 4
1824 1823 33
1823 1822 57
1822 1821 30
1821 1820 35
1820 1819 27
1819 1818 22
1818 1817 8
1817 1816 27
1816 1815 6
1815 1814 61
1814 1813 22
1813 1812 15
1812 1811 9
1811 1810 43
1810 1809 43
1809 1808 22
1808 1807 16
1807 1806 13
1806 1805 6
1805 1804 1
1804 1803 41
1803 1802 8
1802 1801 5
1801 1751 1
1801 1851 19
1851 1852 5
1852 1853 8
1853 1854 41
1854 1855 1
1855 1856 6
1856 1857 13
1857 1858 16
1858 1859 22
1859 1860 43
1860 1861 43
1861 1862 9
1862 1863 15
1863 1864 22
1864 1865 61
1865 1866 6
1866 1867 27
1867 1868 8
1868 1869 22
1869 1870 27
1870 1871 35
1871 1872 30
1872 1873 57
1873 1874 33
1874 1875 4
1875 1876 1
1876 1877 8
1877 1878 18
1878 1879 47
1879 1880 31
1880 1881 3
1881 1882 15
1882 1883 8
1883 1884 1
1884 1885 8
1885 1886 33
1886 1887 17
1887 1888 1
1888 1889 21
1889 1890 5
1890 1891 5
1891 1892 41
1892 1893 11
1893 1894 34
1894 1895 2
1895 1896 9
1896 1897 29
1897 1898 37
1898 1899 9
1899 1900 8
1900 1850 19
1850 1849 8
1849 1848 9
1848 1847 37
1847 1846 29
1846 1845 9
1845 1844 2
1844 1843 34
1843 1842 11
1842 1892 19
1892 1942 7
1942 1941 41
1941 1940 5
1940 1939 5
1939 1938 21
1938 1937 1
1937 1936 17
1936 1935 33
1935 1934 8
1934 1933 1
1933 1932 8
1932 1931 15
1931 1930 3
1930 1929 31
1929 1928 47
1928 1927 18
1927 1926 8
1926 1925 1
1925 1924 4
1924 1923 33
1923 1922 57
1922 1921 30
1921 1920 35
1920 1919 27
1919 1918 22
1918 1917 8
1917 1916 27
1916 1915 6
1915 1914 61
1914 1913 22
1913 1912 15
1912 1911 9
1911 1910 43
1910 1909 43
1909 1908 22
1908 1907 16
1907 1906 13
1906 1905 6
1905 1904 1
1904 1903 41
1903 1902 8
1902 1901 5
1901 1851 7
1901 1951 94
1951 1952 5
1952 1953 8
1953 1954 41
1954 1955 1
1955 1956 6
1956 1957 13
1957 1958 16
1958 1959 22
1959 1960 43
1960 1961 43
1961 1962 9
1962 1963 15
1963 1964 22
1964 1965 61
1965 1966 6
1966 1967 27
1967 1968 8
1968 1969 22
1969 1970 27
1970 1971 35
1971 1972 30
1972 1973 57
1973 1974 33
1974 1975 4
1975 1976 1
1976 1977 8
1977 1978 18
1978 1979 47
1979 1980 31
1980 1981 3
1981 1982 15
1982 1983 8
1983 1984 1
1984 1985 8
1985 1986 33
1986 1987 17
1987 1988 1
1988 1989 21
1989 1990 5
1990 1991 5
1991 1992 41
1992 1993 11
1993 1994 34
1994 1995 2
1995 1996 9
1996 1997 29
1997 1998 37
1998 1999 9
1999 2000 8
2000 1950 94
1950 1949 8
1949 1948 9
1948 1947 37
1947 1946 29
1946 1945 9
1945 1944 2
1944 1943 34
1943 1942 11
1942 1992 94
1992 2042 6
2042 2041 41
2041 2040 5
2040 2039 5
2039 2038 21
2038 2037 1
2037 2036 17
2036 2035 33
2035 2034 8
2034 2033 1
2033 2032 8
2032 2031 15
2031 2030 3
2030 2029 31
2029 2028 47
2028 2027 18
2027 2026 8
2026 2025 1
2025 2024 4
2024 2023 33
2023 2022 57
2022 2021 30
2021 2020 35
2020 2019 27
2019 2018 22
2018 2017 8
2017 2016 27
2016 2015 6
2015 2014 61
2014 2013 22
2013 2012 15
2012 2011 9
2011 2010 43
2010 2009 43
2009 2008 22
2008 2007 16
2007 2006 13
2006 2005 6
2005 2004 1
2004 2003 41
2003 2002 8
2002 2001 5
2001 1951 6
2001 2051 4
2051 2052 5
2052 2053 8
2053 2054 41
2054 2055 1
2055 2056 6
2056 2057 13
2057 2058 16
2058 2059 22
2059 2060 43
2060 2061 43
2061 2062 9
2062 2063 15
2063 2064 22
2064 2065 61
2065 2066 6
2066 2067 27
2067 2068 8
2068 2069 22
2069 2070 27
2070 2071 35
2071 2072 30
2072 2073 57
2073 2074 33
2074 2075 4
2075 2076 1
2076 2077 8
2077 2078 18
2078 2079 47
2079 2080 31
2080 2081 3
2081 2082 15
2082 2083 8
2083 2084 1
2084 2085 8
2085 2086 33
2086 2087 17
2087 2088 1
2088 2089 21
2089 2090 5
2090 2091 5
2091 2092 41
2092 2093 11
2093 2094 34
2094 2095 2
2095 2096 9
2096 2097 29
2097 2098 37
2098 2099 9
2099 2100 8
2100 2050 4
2050 2049 8
2049 2048 9
2048 2047 37
2047 2046 29
2046 2045 9
2045 2044 2
2044 2043 34
2043 2042 11
2042 2092 4
2092 2142 7
2142 2141 41
2141 2140 5
2140 2139 5
2139 2138 21
2138 2137 1
2137 2136 17
2136 2135 33
2135 2134 8
2134 2133 1
2133 2132 8
2132 2131 15
2131 2130 3
2130 2129 31
2129 2128 47
2128 2127 18
2127 2126 8
2126 2125 1
2125 2124 4
2124 2123 33
2123 2122 57
2122 2121 30
2121 2120 35
2120 2119 27
2119 2118 22
2118 2117 8
2117 2116 27
2116 2115 6
2115 2114 61
2114 2113 22
2113 2112 15
2112 2111 9
2111 2110 43
2110 2109 43
2109 2108 22
2108 2107 16
2107 2106 13
2106 2105 6
2105 2104 1
2104 2103 41
2103 2102 8
2102 2101 5
2101 2051 7
2101 2151 20
2151 2152 5
2152 2153 8
2153 2154 41
2154 2155 1
2155 2156 6
2156 2157 13
2157 2158 16
2158 2159 22
2159 2160 43
2160 2161 43
2161 2162 9
2162 2163 15
2163 2164 22
2164 2165 61
2165 2166 6
2166 2167 27
2167 2168 8
2168 2169 22
2169 2170 27
2170 2171 35
2171 2172 30
2172 2173 57
2173 2174 33
2174 2175 4
2175 2176 1
2176 2177 8
2177 2178 18
2178 2179 47
2179 2180 31
2180 2181 3
2181 2182 15
2182 2183 8
2183 2184 1
2184 2185 8
2185 2186 33
2186 2187 17
2187 2188 1
2188 2189 21
2189 2190 5
2190 2191 5
2191 2192 41
2192 2193 11
2193 2194 34
2194 2195 2
2195 2196 9
2196 2197 29
2197 2198 37
2198 2199 9
2199 2200 8
2200 2150 20
2150 2149 8
2149 2148 9
2148 2147 37
2147 2146 29
2146 2145 9
2145 2144 2
2144 2143 34
2143 2142 11
2142 2192 20
2192 2242 7
2242 2241 41
2241 2240 5
2240 2239 5
2239 2238 21
2238 2237 1
2237 2236 17
2236 2235 33
2235 2234 8
2234 2233 1
2233 2232 8
2232 2231 15
2231 2230 3
2230 2229 31
2229 2228 47
2228 2227 18
2227 2226 8
2226 2225 1
2225 2224 4
2224 2223 33
2223 2222 57
2222 2221 30
2221 2220 35
2220 2219 27
2219 2218 22
2218 2217 8
2217 2216 27
2216 2215 6
2215 2214 61
2214 2213 22
2213 2212 15
2212 2211 9
2211 2210 43
2210 2209 43
2209 2208 22
2208 2207 16
2207 2206 13
2206 2205 6
2205 2204 1
2204 2203 41
2203 2202 8
2202 2201 5
2201 2151 7
2201 2251 8
2251 2252 5
2252 2253 8
2253 2254 41
2254 2255 1
2255 2256 6
2256 2257 13
2257 2258 16
2258 2259 22
2259 2260 43
2260 2261 43
2261 2262 9
2262 2263 15
2263 2264 22
2264 2265 61
2265 2266 6
2266 2267 27
2267 2268 8
2268 2269 22
2269 2270 27
2270 2271 35
2271 2272 30
2272 2273 57
2273 2274 33
2274 2275 4
2275 2276 1
2276 2277 8
2277 2278 18
2278 2279 47
2279 2280 31
2280 2281 3
2281 2282 15
2282 2283 8
2283 2284 1
2284 2285 8
2285 2286 33
2286 2287 17
2287 2288 1
2288 2289 21
2289 2290 5
2290 2291 5
2291 2292 41
2292 2293 11
2293 2294 34
2294 2295 2
2295 2296 9
2296 2297 29
2297 2298 37
2298 2299 9
2299 2300 8
2300 2250 8
2250 2249 8
2249 2248 9
2248 2247 37
2247 2246 29
2246 2245 9
2245 2244 2
2244 2243 34
2243 2242 11
2242 2292 8
2292 2342 32
2342 2341 41
2341 2340 5
2340 2339 5
2339 2338 21
2338 2337 1
2337 2336 17
2336 2335 33
2335 2334 8
2334 2333 1
2333 2332 8
2332 2331 15
2331 2330 3
2330 2329 31
2329 2328 47
2328 2327 18
2327 2326 8
2326 2325 1
2325 2324 4
2324 2323 33
2323 2322 57
2322 2321 30
2321 2320 35
2320 2319 27
2319 2318 22
2318 2317 8
2317 2316 27
2316 2315 6
2315 2314 61
2314 2313 22
2313 2312 15
2312 2311 9
2311 2310 43
2310 2309 43
2309 2308 22
2308 2307 16
2307 2306 13
2306 2305 6
2305 2304 1
2304 2303 41
2303 2302 8
2302 2301 5
2301 2251 32
2301 2351 2
2351 2352 5
2352 2353 8
2353 2354 41
2354 2355 1
2355 2356 6
2356 2357 13
2357 2358 16
2358 2359 22
2359 2360 43
2360 2361 43
2361 2362 9
2362 2363 15
2363 2364 22
2364 2365 61
2365 2366 6
2366 2367 27
2367 2368 8
2368 2369 22
2369 2370 27
2370 2371 35
2371 2372 30
2372 2373 57
2373 2374 33
2374 2375 4
2375 2376 1
2376 2377 8
2377 2378 18
2378 2379 47
2379 2380 31
2380 2381 3
2381 2382 15
2382 2383 8
2383 2384 1
2384 2385 8
2385 2386 33
2386 2387 17
2387 2388 1
2388 2389 21
2389 2390 5
2390 2391 5
2391 2392 41
2392 2393 11
2393 2394 34
2394 2395 2
2395 2396 9
2396 2397 29
2397 2398 37
2398 2399 9
2399 2400 8
2400 2350 2
2350 2349 8
2349 2348 9
2348 2347 37
2347 2346 29
2346 2345 9
2345 2344 2
2344 2343 34
2343 2342 11
2342 2392 2
2392 2442 1
2442 2441 41
2441 2440 5
2440 2439 5
2439 2438 21
2438 2437 1
2437 2436 17
2436 2435 33
2435 2434 8
2434 2433 1
2433 2432 8
2432 2431 15
2431 2430 3
2430 2429 31
2429 2428 47
2428 2427 18
2427 2426 8
2426 2425 1
2425 2424 4
2424 2423 33
2423 2422 57
2422 2421 30
2421 2420 35
2420 2419 27
2419 2418 22
2418 2417 8
2417 2416 27
2416 2415 6
2415 2414 61
2414 2413 22
2413 2412 15
2412 2411 9
2411 2410 43
2410 2409 43
2409 2408 22
2408 2407 16
2407 2406 13
2406 2405 6
2405 2404 1
2404 2403 41
2403 2402 8
2402 2401 5
2401 2351 1
2401 2451 6
2451 2452 5
2452 2453 8
2453 2454 41
2454 2455 1
2455 2456 6
2456 2457 13
2457 2458 16
2458 2459 22
2459 2460 43
2460 2461 43
2461 2462 9
2462 2463 15
2463 2464 22
2464 2465 61
2465 2466 6
2466 2467 27
2467 2468 8
2468 2469 22
2469 2470 27
2470 2471 35
2471 2472 30
2472 2473 57
2473 2474 33
2474 2475 4
2475 2476 1
2476 2477 8
2477 2478 18
2478 2479 47
2479 2480 31
2480 2481 3
2481 2482 15
2482 2483 8
2483 2484 1
2484 2485 8
2485 2486 33
2486 2487 17
2487 2488 1
2488 2489 21
2489 2490 5
2490 2491 5
2491 2492 41
2492 2493 11
2493 2494 34
2494 2495 2
2495 2496 9
2496 2497 29
2497 2498 37
2498 2499 9
2499 2500 8
2500 2450 6
2450 2449 8
2449 2448 9
2448 2447 37
2447 2446 29
2446 2445 9
2445 2444 2
2444 2443 34
2443 2442 11
2442 2492 6
2443 2393 1
2393 2343 2
2343 2293 32
2293 2243 8
2243 2193 7
2193 2143 20
2143 2093 7
2093 2043 4
2043 1993 6
1993 1943 94
1943 1893 7
1893 1843 19
1843 1793 1
1793 1743 7
1743 1693 21
1693 1643 7
1643 1593 6
1593 1543 2
1543 1493 5
1493 1443 21
1443 1393 22
1393 1343 21
1343 1293 6
1293 1243 31
1243 1193 43
1193 1143 7
1143 1093 13
1093 1043 8
1043 993 18
993 943 31
943 893 33
893 843 21
843 793 4
793 743 6
743 693 4
693 643 31
643 593 9
593 543 83
543 493 19
493 443 13
443 393 21
393 343 104
343 293 1
293 243 2
243 193 27
193 143 20
143 93 8
93 43 36
2443 2493 6
2444 2394 1
2394 2344 2
2344 2294 32
2294 2244 8
2244 2194 7
2194 2144 20
2144 2094 7
2094 2044 4
2044 1994 6
1994 1944 94
1944 1894 7
1894 1844 19
1844 1794 1
1794 1744 7
1744 1694 21
1694 1644 7
1644 1594 6
1594 1544 2
1544 1494 5
1494 1444 21
1444 1394 22
1394 1344 21
1344 1294 6
1294 1244 31
1244 1194 43
1194 1144 7
1144 1094 13
1094 1044 8
1044 994 18
994 944 31
944 894 33
894 844 21
844 794 4
794 744 6
744 694 4
694 644 31
644 594 9
594 544 83
544 494 19
494 444 13
444 394 21
394 344 104
344 294 1
294 244 2
244 194 27
194 144 20
144 94 8
94 44 36
2444 2494 6
2445 2395 1
2395 2345 2
2345 2295 32
2295 2245 8
2245 2195 7
2195 2145 20
2145 2095 7
2095 2045 4
2045 1995 6
1995 1945 94
1945 1895 7
1895 1845 19
1845 1795 1
1795 1745 7
1745 1695 21
1695 1645 7
1645 1595 6
1595 1545 2
1545 1495 5
1495 1445 21
1445 1395 22
1395 1345 21
1345 1295 6
1295 1245 31
1245 1195 43
1195 1145 7
1145 1095 13
1095 1045 8
1045 995 18
995 945 31
945 895 33
895 845 21
845 795 4
795 745 6
745 695 4
695 645 31
645 595 9
595 545 83
545 495 19
495 445 13
445 395 21
395 345 104
345 295 1
295 245 2
245 195 27
195 145 20
145 95 8
95 45 36
2445 2495 6
2446 2396 1
2396 2346 2
2346 2296 32
2296 2246 8
2246 2196 7
2196 2146 20
2146 2096 7
2096 2046 4
2046 1996 6
1996 1946 94
1946 1896 7
1896 1846 19
1846 1796 1
1796 1746 7
1746 1696 21
1696 1646 7
1646 1596 6
1596 1546 2
1546 1496 5
1496 1446 21
1446 1396 22
1396 1346 21
1346 1296 6
1296 1246 31
1246 1196 43
1196 1146 7
1146 1096 13
1096 1046 8
1046 996 18
996 946 31
946 896 33
896 846 21
846 796 4
796 746 6
746 696 4
696 646 31
646 596 9
596 546 83
546 496 19
496 446 13
446 396 21
396 346 104
346 296 1
296 246 2
246 196 27
196 146 20
146 96 8
96 46 36
2446 2496 6
2447 2397 1
2397 2347 2
2347 2297 32
2297 2247 8
2247 2197 7
2197 2147 20
2147 2097 7
2097 2047 4
2047 1997 6
1997 1947 94
1947 1897 7
1897 1847 19
1847 1797 1
1797 1747 7
1747 1697 21
1697 1647 7
1647 1597 6
1597 1547 2
1547 1497 5
1497 1447 21
1447 1397 22
1397 1347 21
1347 1297 6
1297 1247 31
1247 1197 43
1197 1147 7
1147 1097 13
1097 1047 8
1047 997 18
997 947 31
947 897 33
897 847 21
847 797 4
797 747 6
747 697 4
697 647 31
647 597 9
597 547 83
547 497 19
497 447 13
447 397 21
397 347 104
347 297 1
297 247 2
247 197 27
197 147 20
147 97 8
97 47 36
2447 2497 6
2448 2398 1
2398 2348 2
2348 2298 32
2298 2248 8
2248 2198 7
2198 2148 20
2148 2098 7
2098 2048 4
2048 1998 6
1998 1948 94
1948 1898 7
1898 1848 19
1848 1798 1
1798 1748 7
1748 1698 21
1698 1648 7
1648 1598 6
1598 1548 2
1548 1498 5
1498 1448 21
1448 1398 22
1398 1348 21
1348 1298 6
1298 1248 31
1248 1198 43
1198 1148 7
1148 1098 13
1098 1048 8
1048 998 18
998 948 31
948 898 33
898 848 21
848 798 4
798 748 6
748 698 4
698 648 31
648 598 9
598 548 83
548 498 19
498 448 13
448 398 21
398 348 104
348 298 1
298 248 2
248 198 27
198 148 20
148 98 8
98 48 36
2448 2498 6
2449 2399 1
2399 2349 2
2349 2299 32
2299 2249 8
2249 2199 7
2199 2149 20
2149 2099 7
2099 2049 4
2049 1999 6
1999 1949 94
1949 1899 7
1899 1849 19
1849 1799 1
1799 1749 7
1749 1699 21
1699 1649 7
1649 1599 6
1599 1549 2
1549 1499 5
1499 1449 21
1449 1399 22
1399 1349 21
1349 1299 6
1299 1249 31
1249 1199 43
1199 1149 7
1149 1099 13
1099 1049 8
1049 999 18
999 949 31
949 899 33
899 849 21
849 799 4
799 749 6
749 699 4
699 649 31
649 599 9
599 549 83
549 499 19
499 449 13
449 399 21
399 349 104
349 299 1
299 249 2
249 199 27
199 149 20
149 99 8
99 49 36
2449 2499 6
2450 2400 1
2491 2441 6
2441 2391 1
2391 2341 2
2341 2291 32
2291 2241 8
2241 2191 7
2191 2141 20
2141 2091 7
2091 2041 4
2041 1991 6
1991 1941 94
1941 1891 7
1891 1841 19
1841 1791 1
1791 1741 7
1741 1691 21
1691 1641 7
1641 1591 6
1591 1541 2
1541 1491 5
1491 1441 21
1441 1391 22
1391 1341 21
1341 1291 6
1291 1241 31
1241 1191 43
1191 1141 7
1141 1091 13
1091 1041 8
1041 991 18
991 941 31
941 891 33
891 841 21
841 791 4
791 741 6
741 691 4
691 641 31
641 591 9
591 541 83
541 491 19
491 441 13
441 391 21
391 341 104
341 291 1
291 241 2
241 191 27
191 141 20
141 91 8
91 41 36
2490 2440 6
2440 2390 1
2390 2340 2
2340 2290 32
2290 2240 8
2240 2190 7
2190 2140 20
2140 2090 7
2090 2040 4
2040 1990 6
1990 1940 94
1940 1890 7
1890 1840 19
1840 1790 1
1790 1740 7
1740 1690 21
1690 1640 7
1640 1590 6
1590 1540 2
1540 1490 5
1490 1440 21
1440 1390 22
1390 1340 21
1340 1290 6
1290 1240 31
1240 1190 43
1190 1140 7
1140 1090 13
1090 1040 8
1040 990 18
990 940 31
940 890 33
890 840 21
840 790 4
790 740 6
740 690 4
690 640 31
640 590 9
590 540 83
540 490 19
490 440 13
440 390 21
390 340 104
340 290 1
290 240 2
240 190 27
190 140 20
140 90 8
90 40 36
2489 2439 6
2439 2389 1
2389 2339 2
2339 2289 32
2289 2239 8
2239 2189 7
2189 2139 20
2139 2089 7
2089 2039 4
2039 1989 6
1989 1939 94
1939 1889 7
1889 1839 19
1839 1789 1
1789 1739 7
1739 1689 21
1689 1639 7
1639 1589 6
1589 1539 2
1539 1489 5
1489 1439 21
1439 1389 22
1389 1339 21
1339 1289 6
1289 1239 31
1239 1189 43
1189 1139 7
1139 1089 13
1089 1039 8
1039 989 18
989 939 31
939 889 33
889 839 21
839 789 4
789 739 6
739 689 4
689 639 31
639 589 9
589 539 83
539 489 19
489 439 13
439 389 21
389 339 104
339 289 1
289 239 2
239 189 27
189 139 20
139 89 8
89 39 36
2488 2438 6
2438 2388 1
2388 2338 2
2338 2288 32
2288 2238 8
2238 2188 7
2188 2138 20
2138 2088 7
2088 2038 4
2038 1988 6
1988 1938 94
1938 1888 7
1888 1838 19
1838 1788 1
1788 1738 7
1738 1688 21
1688 1638 7
1638 1588 6
1588 1538 2
1538 1488 5
1488 1438 21
1438 1388 22
1388 1338 21
1338 1288 6
1288 1238 31
1238 1188 43
1188 1138 7
1138 1088 13
1088 1038 8
1038 988 18
988 938 31
938 888 33
888 838 21
838 788 4
788 738 6
738 688 4
688 638 31
638 1769 9
1769 1719 7
1719 1669 21
1669 1619 7
1619 1569 6
1569 1519 2
1519 1469 5
1469 1419 21
1419 1369 22
1369 1319 21
1319 1269 6
1269 1219 31
1219 1169 43
1169 1119 7
1119 1069 13
1069 1019 8
1019 969 18
969 919 31
919 869 33
869 819 21
819 769 4
769 719 6
719 669 4
669 619 31
619 569 9
569 519 83
519 469 19
469 419 13
419 369 21
369 319 104
319 269 1
269 219 2
219 169 27
169 119 20
119 69 8
69 19 36
1769 1819 1
1819 1869 19
1869 1919 7
1919 1969 94
1969 2019 6
2019 2069 4
2069 2119 7
2119 2169 20
2169 2219 7
2219 2269 8
2269 2319 32
2319 2369 2
2369 2419 1
2419 2469 6
1769 538 83
538 488 19
488 438 13
438 388 21
388 338 104
338 288 1
288 238 2
238 188 27
188 138 20
138 88 8
88 38 36
2487 2437 6
2437 2387 1
2387 2337 2
2337 2287 32
2287 2237 8
2237 2187 7
2187 2137 20
2137 2087 7
2087 2037 4
2037 1987 6
1987 1937 94
1937 1887 7
1887 1837 19
1837 1787 1
1787 1737 7
1737 1687 21
1687 1637 7
1637 1587 6
1587 1537 2
1537 1487 5
1487 1437 21
1437 1387 22
1387 1337 21
1337 1287 6
1287 1237 31
1237 1187 43
1187 1137 7
1137 1087 13
1087 1037 8
1037 987 18
987 937 31
937 887 33
887 837 21
837 787 4
787 737 6
737 687 4
687 637 31
637 587 9
587 537 83
537 487 19
487 437 13
437 387 21
387 337 104
337 287 1
287 237 2
237 187 27
187 137 20
137 87 8
87 37 36
2486 2436 6
2436 2386 1
2386 2336 2
2336 2286 32
2286 2236 8
2236 2186 7
2186 2136 20
2136 2086 7
2086 2036 4
2036 1986 6
1986 1936 94
1936 1886 7
1886 1836 19
1836 1786 1
1786 1736 7
1736 1686 21
1686 1636 7
1636 1586 6
1586 1536 2
1536 1486 5
1486 1436 21
1436 1386 22
1386 1336 21
1336 1286 6
1286 1236 31
1236 1186 43
1186 1136 7
1136 1086 13
1086 1036 8
1036 986 18
986 936 31
936 886 33
886 836 21
836 786 4
786 736 6
736 686 4
686 636 31
636 586 9
586 536 83
536 486 19
486 436 13
436 386 21
386 336 104
336 286 1
286 236 2
236 186 27
186 136 20
136 86 8
86 36 36
2485 2435 6
2435 2385 1
2385 2335 2
2335 2285 32
2285 2235 8
2235 2185 7
2185 2135 20
2135 2085 7
2085 2035 4
2035 1985 6
1985 1935 94
1935 1885 7
1885 1835 19
1835 1785 1
1785 1735 7
1735 1685 21
1685 1635 7
1635 1585 6
1585 1535 2
1535 1485 5
1485 1435 21
1435 1385 22
1385 1335 21
1335 1285 6
1285 1235 31
1235 1185 43
1185 1135 7
1135 1085 13
1085 1035 8
1035 985 18
985 935 31
935 885 33
885 835 21
835 785 4
785 735 6
735 685 4
685 635 31
635 585 9
585 535 83
535 485 19
485 435 13
435 385 21
385 335 104
335 285 1
285 235 2
235 185 27
185 135 20
135 85 8
85 35 36
2484 2434 6
2434 2384 1
2384 2334 2
2334 2284 32
2284 2234 8
2234 2184 7
2184 2134 20
2134 2084 7
2084 2034 4
2034 1984 6
1984 1934 94
1934 1884 7
1884 1834 19
1834 1784 1
1784 1734 7
1734 1684 21
1684 1634 7
1634 1584 6
1584 1534 2
1534 1484 5
1484 1434 21
1434 1384 22
1384 1334 21
1334 1284 6
1284 1234 31
1234 1184 43
1184 1134 7
1134 1084 13
1084 1034 8
1034 984 18
984 934 31
934 884 33
884 834 21
834 784 4
784 734 6
734 684 4
684 634 31
634 584 9
584 534 83
534 484 19
484 434 13
434 384 21
384 334 104
334 284 1
284 234 2
234 184 27
184 134 20
134 84 8
84 34 36
2483 2433 6
2433 2383 1
2383 2333 2
2333 2283 32
2283 2233 8
2233 2183 7
2183 2133 20
2133 2083 7
2083 2033 4
2033 1983 6
1983 1933 94
1933 1883 7
1883 1833 19
1833 1783 1
1783 1733 7
1733 1683 21
1683 1633 7
1633 1583 6
1583 1533 2
1533 1483 5
1483 1433 21
1433 1383 22
1383 1333 21
1333 1283 6
1283 1233 31
1233 1183 43
1183 1133 7
1133 1083 13
1083 1033 8
1033 983 18
983 933 31
933 883 33
883 833 21
833 783 4
783 733 6
733 683 4
683 633 31
633 583 9
583 533 83
533 483 19
483 433 13
433 383 21
383 333 104
333 283 1
283 233 2
233 183 27
183 133 20
133 83 8
83 33 36
2482 2432 6
2432 2382 1
2382 2332 2
2332 2282 32
2282 2232 8
2232 2182 7
2182 2132 20
2132 2082 7
2082 2032 4
2032 1982 6
1982 1932 94
1932 1882 7
1882 1832 19
1832 1782 1
1782 1732 7
1732 1682 21
1682 1632 7
1632 1582 6
1582 1532 2
1532 1482 5
1482 1432 21
1432 1382 22
1382 1332 21
1332 1282 6
1282 1232 31
1232 1182 43
1182 1132 7
1132 1082 13
1082 1032 8
1032 982 18
982 932 31
932 882 33
882 832 21
832 782 4
782 732 6
732 682 4
682 632 31
632 582 9
582 532 83
532 482 19
482 432 13
432 382 21
382 332 104
332 282 1
282 232 2
232 182 27
182 132 20
132 82 8
82 32 36
2481 2431 6
2431 2381 1
2381 2331 2
2331 2281 32
2281 2231 8
2231 2181 7
2181 2131 20
2131 2081 7
2081 2031 4
2031 1981 6
1981 1931 94
1931 1881 7
1881 1831 19
1831 1781 1
1781 1731 7
1731 1681 21
1681 1631 7
1631 1581 6
1581 1531 2
1531 1481 5
1481 1431 21
1431 1381 22
1381 1331 21
1331 1281 6
1281 1231 31
1231 1181 43
1181 1131 7
1131 1081 13
1081 1031 8
1031 981 18
981 931 31
931 881 33
881 831 21
831 781 4
781 731 6
731 681 4
681 631 31
631 581 9
581 531 83
531 481 19
481 431 13
431 381 21
381 331 104
331 281 1
281 231 2
231 181 27
181 131 20
131 81 8
81 31 36
2480 2430 6
2430 2380 1
2380 2330 2
2330 2280 32
2280 2230 8
2230 2180 7
2180 2130 20
2130 2080 7
2080 2030 4
2030 1980 6
1980 1930 94
1930 1880 7
1880 1830 19
1830 1780 1
1780 1730 7
1730 1680 21
1680 1630 7
1630 1580 6
1580 1530 2
1530 1480 5
1480 1430 21
1430 1380 22
1380 1330 21
1330 1280 6
1280 1230 31
1230 1180 43
1180 1130 7
1130 1080 13
1080 1030 8
1030 980 18
980 930 31
930 880 33
880 830 21
830 780 4
780 730 6
730 680 4
680 630 31
630 580 9
580 530 83
530 480 19
480 430 13
430 380 21
380 330 104
330 280 1
280 230 2
230 180 27
180 130 20
130 80 8
80 30 36
2479 2429 6
2429 2379 1
2379 2329 2
2329 2279 32
2279 2229 8
2229 2179 7
2179 2129 20
2129 2079 7
2079 2029 4
2029 1979 6
1979 1929 94
1929 1879 7
1879 1829 19
1829 1779 1
1779 1729 7
1729 1679 21
1679 1629 7
1629 1579 6
1579 1529 2
1529 1479 5
1479 1429 21
1429 1379 22
1379 1329 21
1329 1279 6
1279 1229 31
1229 1179 43
1179 1129 7
1129 1079 13
1079 1029 8
1029 979 18
979 929 31
929 879 33
879 829 21
829 779 4
779 729 6
729 679 4
679 629 31
629 579 9
579 529 83
529 479 19
479 429 13
429 379 21
379 329 104
329 279 1
279 229 2
229 179 27
179 129 20
129 79 8
79 29 36
2478 2428 6
2428 2378 1
2378 2328 2
2328 2278 32
2278 2228 8
2228 2178 7
2178 2128 20
2128 2078 7
2078 2028 4
2028 1978 6
1978 1928 94
1928 1878 7
1878 1828 19
1828 1778 1
1778 1728 7
1728 1678 21
1678 1628 7
1628 1578 6
1578 1528 2
1528 1478 5
1478 1428 21
1428 1378 22
1378 1328 21
1328 1278 6
1278 1228 31
1228 1178 43
1178 1128 7
1128 1078 13
1078 1028 8
1028 978 18
978 928 31
928 878 33
878 828 21
828 778 4
778 728 6
728 678 4
678 628 31
628 578 9
578 528 83
528 478 19
478 428 13
428 378 21
378 328 104
328 278 1
278 228 2
228 178 27
178 128 20
128 78 8
78 28 36
2477 2427 6
2427 2377 1
2377 2327 2
2327 2277 32
2277 2227 8
2227 2177 7
2177 2127 20
2127 2077 7
2077 2027 4
2027 1977 6
1977 1927 94
1927 1877 7
1877 1827 19
1827 1777 1
1777 1727 7
1727 1677 21
1677 1627 7
1627 1577 6
1577 1527 2
1527 1477 5
1477 1427 21
1427 1377 22
1377 1327 21
1327 1277 6
1277 1227 31
1227 1177 43
1177 1127 7
1127 1077 13
1077 1027 8
1027 977 18
977 927 31
927 877 33
877 827 21
827 777 4
777 727 6
727 677 4
677 627 31
627 577 9
577 527 83
527 477 19
477 427 13
427 377 21
377 327 104
327 277 1
277 227 2
227 177 27
177 127 20
127 77 8
77 27 36
2476 2426 6
2426 2376 1
2376 2326 2
2326 2276 32
2276 2226 8
2226 2176 7
2176 2126 20
2126 2076 7
2076 2026 4
2026 1976 6
1976 1926 94
1926 1876 7
1876 1826 19
1826 1776 1
1776 1726 7
1726 1676 21
1676 1626 7
1626 1576 6
1576 1526 2
1526 1476 5
1476 1426 21
1426 1376 22
1376 1326 21
1326 1276 6
1276 1226 31
1226 1176 43
1176 1126 7
1126 1076 13
1076 1026 8
1026 976 18
976 926 31
926 876 33
876 826 21
826 776 4
776 726 6
726 676 4
676 626 31
626 576 9
576 526 83
526 476 19
476 426 13
426 376 21
376 326 104
326 276 1
276 226 2
226 176 27
176 126 20
126 76 8
76 26 36
2475 2425 6
2425 2375 1
2375 2325 2
2325 2275 32
2275 2225 8
2225 2175 7
2175 2125 20
2125 2075 7
2075 2025 4
2025 1975 6
1975 1925 94
1925 1875 7
1875 1825 19
1825 1775 1
1775 1725 7
1725 1675 21
1675 1625 7
1625 1575 6
1575 1525 2
1525 1475 5
1475 1425 21
1425 1375 22
1375 1325 21
1325 1275 6
1275 1225 31
1225 1175 43
1175 1125 7
1125 1075 13
1075 1025 8
1025 975 18
975 925 31
925 875 33
875 825 21
825 775 4
775 725 6
725 675 4
675 625 31
625 575 9
575 525 83
525 475 19
475 425 13
425 375 21
375 325 104
325 275 1
275 225 2
225 175 27
175 125 20
125 75 8
75 25 36
2474 2424 6
2424 2374 1
2374 2324 2
2324 2274 32
2274 2224 8
2224 2174 7
2174 2124 20
2124 2074 7
2074 2024 4
2024 1974 6
1974 1924 94
1924 1874 7
1874 1824 19
1824 1774 1
1774 1724 7
1724 1674 21
1674 1624 7
1624 1574 6
1574 1524 2
1524 1474 5
1474 1424 21
1424 1374 22
1374 1324 21
1324 1274 6
1274 1224 31
1224 1174 43
1174 1124 7
1124 1074 13
1074 1024 8
1024 974 18
974 924 31
924 874 33
874 824 21
824 774 4
774 724 6
724 674 4
674 624 31
624 574 9
574 524 83
524 474 19
474 424 13
424 374 21
374 324 104
324 274 1
274 224 2
224 174 27
174 124 20
124 74 8
74 24 36
2473 2423 6
2423 2373 1
2373 2323 2
2323 2273 32
2273 2223 8
2223 2173 7
2173 2123 20
2123 2073 7
2073 2023 4
2023 1973 6
1973 1923 94
1923 1873 7
1873 1823 19
1823 1773 1
1773 1723 7
1723 1673 21
1673 1623 7
1623 1573 6
1573 1523 2
1523 1473 5
1473 1423 21
1423 1373 22
1373 1323 21
1323 1273 6
1273 1223 31
1223 1173 43
1173 1123 7
1123 1073 13
1073 1023 8
1023 973 18
973 923 31
923 873 33
873 823 21
823 773 4
773 723 6
723 673 4
673 623 31
623 573 9
573 523 83
523 473 19
473 423 13
423 373 21
373 323 104
323 273 1
273 223 2
223 173 27
173 123 20
123 73 8
73 23 36
2472 2422 6
2422 2372 1
2372 2322 2
2322 2272 32
2272 2222 8
2222 2172 7
2172 2122 20
2122 2072 7
2072 2022 4
2022 1972 6
1972 1922 94
1922 1872 7
1872 1822 19
1822 1772 1
1772 1722 7
1722 1672 21
1672 1622 7
1622 1572 6
1572 1522 2
1522 1472 5
1472 1422 21
1422 1372 22
1372 1322 21
1322 1272 6
1272 1222 31
1222 1172 43
1172 1122 7
1122 1072 13
1072 1022 8
1022 972 18
972 922 31
922 872 33
872 822 21
822 772 4
772 722 6
722 672 4
672 622 31
622 572 9
572 522 83
522 472 19
472 422 13
422 372 21
372 322 104
322 272 1
272 222 2
222 172 27
172 122 20
122 72 8
72 22 36
2471 2421 6
2421 2371 1
2371 2321 2
2321 2271 32
2271 2221 8
2221 2171 7
2171 2121 20
2121 2071 7
2071 2021 4
2021 1971 6
1971 1921 94
1921 1871 7
1871 1821 19
1821 1771 1
1771 1721 7
1721 1671 21
1671 1621 7
1621 1571 6
1571 1521 2
1521 1471 5
1471 1421 21
1421 1371 22
1371 1321 21
1321 1271 6
1271 1221 31
1221 1171 43
1171 1121 7
1121 1071 13
1071 1021 8
1021 971 18
971 921 31
921 871 33
871 821 21
821 771 4
771 721 6
721 671 4
671 621 31
621 571 9
571 521 83
521 471 19
471 421 13
421 371 21
371 321 104
321 271 1
271 221 2
221 171 27
171 121 20
121 71 8
71 21 36
2470 2420 6
2420 2370 1
2370 2320 2
2320 2270 32
2270 2220 8
2220 2170 7
2170 2120 20
2120 2070 7
2070 2020 4
2020 1970 6
1970 1920 94
1920 1870 7
1870 1820 19
1820 1770 1
1770 1720 7
1720 1670 21
1670 1620 7
1620 1570 6
1570 1520 2
1520 1470 5
1470 1420 21
1420 1370 22
1370 1320 21
1320 1270 6
1270 1220 31
1220 1170 43
1170 1120 7
1120 1070 13
1070 1020 8
1020 970 18
970 920 31
920 870 33
870 820 21
820 770 4
770 720 6
720 670 4
670 620 31
620 570 9
570 520 83
520 470 19
470 420 13
420 370 21
370 320 104
320 270 1
270 220 2
220 170 27
170 120 20
120 70 8
70 20 36
2468 2418 6
2418 2368 1
2368 2318 2
2318 2268 32
2268 2218 8
2218 2168 7
2168 2118 20
2118 2068 7
2068 2018 4
2018 1968 6
1968 1918 94
1918 1868 7
1868 1818 19
1818 1768 1
1768 1718 7
1718 1668 21
1668 1618 7
1618 1568 6
1568 1518 2
1518 1468 5
1468 1418 21
1418 1368 22
1368 1318 21
1318 1268 6
1268 1218 31
1218 1168 43
1168 1118 7
1118 1068 13
1068 1018 8
1018 968 18
968 918 31
918 868 33
868 818 21
818 768 4
768 718 6
718 668 4
668 618 31
618 568 9
568 518 83
518 468 19
468 418 13
418 368 21
368 318 104
318 268 1
268 218 2
218 168 27
168 118 20
118 68 8
68 18 36
2467 2417 6
2417 2367 1
2367 2317 2
2317 2267 32
2267 2217 8
2217 2167 7
2167 2117 20
2117 2067 7
2067 2017 4
2017 1967 6
1967 1917 94
1917 1867 7
1867 1817 19
1817 1767 1
1767 1717 7
1717 1667 21
1667 1617 7
1617 1567 6
1567 1517 2
1517 1467 5
1467 1417 21
1417 1367 22
1367 1317 21
1317 1267 6
1267 1217 31
1217 1167 43
1167 1117 7
1117 1067 13
1067 1017 8
1017 967 18
967 917 31
917 867 33
867 817 21
817 767 4
767 717 6
717 667 4
667 617 31
617 567 9
567 517 83
517 467 19
467 417 13
417 367 21
367 317 104
317 267 1
267 217 2
217 167 27
167 117 20
117 67 8
67 17 36
2466 2416 6
2416 2366 1
2366 2316 2
2316 2266 32
2266 2216 8
2216 2166 7
2166 2116 20
2116 2066 7
2066 2016 4
2016 1966 6
1966 1916 94
1916 1866 7
1866 1816 19
1816 1766 1
1766 1716 7
1716 1666 21
1666 1616 7
1616 1566 6
1566 1516 2
1516 1466 5
1466 1416 21
1416 1366 22
1366 1316 21
1316 1266 6
1266 1216 31
1216 1166 43
1166 1116 7
1116 1066 13
1066 1016 8
1016 966 18
966 916 31
916 866 33
866 816 21
816 766 4
766 716 6
716 666 4
666 616 31
616 566 9
566 516 83
516 466 19
466 416 13
416 366 21
366 316 104
316 266 1
266 216 2
216 166 27
166 116 20
116 66 8
66 16 36
2465 2415 6
2415 2365 1
2365 2315 2
2315 2265 32
2265 2215 8
2215 2165 7
2165 2115 20
2115 2065 7
2065 2015 4
2015 1965 6
1965 1915 94
1915 1865 7
1865 1815 19
1815 1765 1
1765 1715 7
1715 1665 21
1665 1615 7
1615 1565 6
1565 1515 2
1515 1465 5
1465 1415 21
1415 1365 22
1365 1315 21
1315 1265 6
1265 1215 31
1215 1165 43
1165 1115 7
1115 1065 13
1065 1015 8
1015 965 18
965 915 31
915 865 33
865 815 21
815 765 4
765 715 6
715 665 4
665 615 31
615 565 9
565 515 83
515 465 19
465 415 13
415 365 21
365 315 104
315 265 1
265 215 2
215 165 27
165 115 20
115 65 8
65 15 36
2464 2414 6
2414 2364 1
2364 2314 2
2314 2264 32
2264 2214 8
2214 2164 7
2164 2114 20
2114 2064 7
2064 2014 4
2014 1964 6
1964 1914 94
1914 1864 7
1864 1814 19
1814 1764 1
1764 1714 7
1714 1664 21
1664 1614 7
1614 1564 6
1564 1514 2
1514 1464 5
1464 1414 21
1414 1364 22
1364 1314 21
1314 1264 6
1264 1214 31
1214 1164 43
1164 1114 7
1114 1064 13
1064 1014 8
1014 964 18
964 914 31
914 864 33
864 814 21
814 764 4
764 714 6
714 664 4
664 614 31
614 564 9
564 514 83
514 464 19
464 414 13
414 364 21
364 314 104
314 264 1
264 214 2
214 164 27
164 114 20
114 64 8
64 14 36
2463 2413 6
2413 2363 1
2363 2313 2
2313 2263 32
2263 2213 8
2213 2163 7
2163 2113 20
2113 2063 7
2063 2013 4
2013 1963 6
1963 1913 94
1913 1863 7
1863 1813 19
1813 1763 1
1763 1713 7
1713 1663 21
1663 1613 7
1613 1563 6
1563 1513 2
1513 1463 5
1463 1413 21
1413 1363 22
1363 1313 21
1313 1263 6
1263 1213 31
1213 1163 43
1163 1113 7
1113 1063 13
1063 1013 8
1013 963 18
963 913 31
913 863 33
863 813 21
813 763 4
763 713 6
713 663 4
663 613 31
613 563 9
563 513 83
513 463 19
463 413 13
413 363 21
363 313 104
313 263 1
263 213 2
213 163 27
163 113 20
113 63 8
63 13 36
2462 2412 6
2412 2362 1
2362 2312 2
2312 2262 32
2262 2212 8
2212 2162 7
2162 2112 20
2112 2062 7
2062 2012 4
2012 1962 6
1962 1912 94
1912 1862 7
1862 1812 19
1812 1762 1
1762 1712 7
1712 1662 21
1662 1612 7
1612 1562 6
1562 1512 2
1512 1462 5
1462 1412 21
1412 1362 22
1362 1312 21
1312 1262 6
1262 1212 31
1212 1162 43
1162 1112 7
1112 1062 13
1062 1012 8
1012 962 18
962 912 31
912 862 33
862 812 21
812 762 4
762 712 6
712 662 4
662 612 31
612 562 9
562 512 83
512 462 19
462 412 13
412 362 21
362 312 104
312 262 1
262 212 2
212 162 27
162 112 20
112 62 8
62 12 36
2461 2411 6
2411 2361 1
2361 2311 2
2311 2261 32
2261 2211 8
2211 2161 7
2161 2111 20
2111 2061 7
2061 2011 4
2011 1961 6
1961 1911 94
1911 1861 7
1861 1811 19
1811 1761 1
1761 1711 7
1711 1661 21
1661 1611 7
1611 1561 6
1561 1511 2
1511 1461 5
1461 1411 21
1411 1361 22
1361 1311 21
1311 1261 6
1261 1211 31
1211 1161 43
1161 1111 7
1111 1061 13
1061 1011 8
1011 961 18
961 911 31
911 861 33
861 811 21
811 761 4
761 711 6
711 661 4
661 611 31
611 561 9
561 511 83
511 461 19
461 411 13
411 361 21
361 311 104
311 261 1
261 211 2
211 161 27
161 111 20
111 61 8
61 11 36
2460 2410 6
2410 2360 1
2360 2310 2
2310 2260 32
2260 2210 8
2210 2160 7
2160 2110 20
2110 2060 7
2060 2010 4
2010 1960 6
1960 1910 94
1910 1860 7
1860 1810 19
1810 1760 1
1760 1710 7
1710 1660 21
1660 1610 7
1610 1560 6
1560 1510 2
1510 1460 5
1460 1410 21
1410 1360 22
1360 1310 21
1310 1260 6
1260 1210 31
1210 1160 43
1160 1110 7
1110 1060 13
1060 1010 8
1010 960 18
960 910 31
910 860 33
860 810 21
810 760 4
760 710 6
710 660 4
660 610 31
610 560 9
560 510 83
510 460 19
460 410 13
410 360 21
360 310 104
310 260 1
260 210 2
210 160 27
160 110 20
110 60 8
60 10 36
2459 2409 6
2409 2359 1
2359 2309 2
2309 2259 32
2259 2209 8
2209 2159 7
2159 2109 20
2109 2059 7
2059 2009 4
2009 1959 6
1959 1909 94
1909 1859 7
1859 1809 19
1809 1759 1
1759 1709 7
1709 1659 21
1659 1609 7
1609 1559 6
1559 1509 2
1509 1459 5
1459 1409 21
1409 1359 22
1359 1309 21
1309 1259 6
1259 1209 31
1209 1159 43
1159 1109 7
1109 1059 13
1059 1009 8
1009 959 18
959 909 31
909 859 33
859 809 21
809 759 4
759 709 6
709 659 4
659 609 31
609 559 9
559 509 83
509 459 19
459 409 13
409 359 21
359 309 104
309 259 1
259 209 2
209 159 27
159 109 20
109 59 8
59 9 36
2458 2408 6
2408 2358 1
2358 2308 2
2308 2258 32
2258 2208 8
2208 2158 7
2158 2108 20
2108 2058 7
2058 2008 4
2008 1958 6
1958 1908 94
1908 1858 7
1858 1808 19
1808 1758 1
1758 1708 7
1708 1658 21
1658 1608 7
1608 1558 6
1558 1508 2
1508 1458 5
1458 1408 21
1408 1358 22
1358 1308 21
1308 1258 6
1258 1208 31
1208 1158 43
1158 1108 7
1108 1058 13
1058 1008 8
1008 958 18
958 908 31
908 858 33
858 808 21
808 758 4
758 708 6
708 658 4
658 608 31
608 558 9
558 508 83
508 458 19
458 408 13
408 358 21
358 308 104
308 258 1
258 208 2
208 158 27
158 108 20
108 58 8
58 8 36
2457 2407 6
2407 2357 1
2357 2307 2
2307 2257 32
2257 2207 8
2207 2157 7
2157 2107 20
2107 2057 7
2057 2007 4
2007 1957 6
1957 1907 94
1907 1857 7
1857 1807 19
1807 1757 1
1757 1707 7
1707 1657 21
1657 1607 7
1607 1557 6
1557 1507 2
1507 1457 5
1457 1407 21
1407 1357 22
1357 1307 21
1307 1257 6
1257 1207 31
1207 1157 43
1157 1107 7
1107 1057 13
1057 1007 8
1007 957 18
957 907 31
907 857 33
857 807 21
807 757 4
757 707 6
707 657 4
657 607 31
607 557 9
557 507 83
507 457 19
457 407 13
407 357 21
357 307 104
307 257 1
257 207 2
207 157 27
157 107 20
107 57 8
57 7 36
2456 2406 6
2406 2356 1
2356 2306 2
2306 2256 32
2256 2206 8
2206 2156 7
2156 2106 20
2106 2056 7
2056 2006 4
2006 1956 6
1956 1906 94
1906 1856 7
1856 1806 19
1806 1756 1
1756 1706 7
1706 1656 21
1656 1606 7
1606 1556 6
1556 1506 2
1506 1456 5
1456 1406 21
1406 1356 22
1356 1306 21
1306 1256 6
1256 1206 31
1206 1156 43
1156 1106 7
1106 1056 13
1056 1006 8
1006 956 18
956 906 31
906 856 33
856 806 21
806 756 4
756 706 6
706 656 4
656 606 31
606 556 9
556 506 83
506 456 19
456 406 13
406 356 21
356 306 104
306 256 1
256 206 2
206 156 27
156 106 20
106 56 8
56 6 36
2455 2405 6
2405 2355 1
2355 2305 2
2305 2255 32
2255 2205 8
2205 2155 7
2155 2105 20
2105 2055 7
2055 2005 4
2005 1955 6
1955 1905 94
1905 1855 7
1855 1805 19
1805 1755 1
1755 1705 7
1705 1655 21
1655 1605 7
1605 1555 6
1555 1505 2
1505 1455 5
1455 1405 21
1405 1355 22
1355 1305 21
1305 1255 6
1255 1205 31
1205 1155 43
1155 1105 7
1105 1055 13
1055 1005 8
1005 955 18
955 905 31
905 855 33
855 805 21
805 755 4
755 705 6
705 655 4
655 605 31
605 555 9
555 505 83
505 455 19
455 405 13
405 355 21
355 305 104
305 255 1
255 205 2
205 155 27
155 105 20
105 55 8
55 5 36
2454 2404 6
2404 2354 1
2354 2304 2
2304 2254 32
2254 2204 8
2204 2154 7
2154 2104 20
2104 2054 7
2054 2004 4
2004 1954 6
1954 1904 94
1904 1854 7
1854 1804 19
1804 1754 1
1754 1704 7
1704 1654 21
1654 1604 7
1604 1554 6
1554 1504 2
1504 1454 5
1454 1404 21
1404 1354 22
1354 1304 21
1304 1254 6
1254 1204 31
1204 1154 43
1154 1104 7
1104 1054 13
1054 1004 8
1004 954 18
954 904 31
904 854 33
854 804 21
804 754 4
754 704 6
704 654 4
654 604 31
604 554 9
554 504 83
504 454 19
454 404 13
404 354 21
354 304 104
304 254 1
254 204 2
204 154 27
154 104 20
104 54 8
54 4 36
2453 2403 6
2403 2353 1
2353 2303 2
2303 2253 32
2253 2203 8
2203 2153 7
2153 2103 20
2103 2053 7
2053 2003 4
2003 1953 6
1953 1903 94
1903 1853 7
1853 1803 19
1803 1753 1
1753 1703 7
1703 1653 21
1653 1603 7
1603 1553 6
1553 1503 2
1503 1453 5
1453 1403 21
1403 1353 22
1353 1303 21
1303 1253 6
1253 1203 31
1203 1153 43
1153 1103 7
1103 1053 13
1053 1003 8
1003 953 18
953 903 31
903 853 33
853 803 21
803 753 4
753 703 6
703 653 4
653 603 31
603 553 9
553 503 83
503 453 19
453 403 13
403 353 21
353 303 104
303 253 1
253 203 2
203 153 27
153 103 20
103 53 8
53 3 36
2452 2402 6
2402 2352 1
2352 2302 2
2302 2252 32
2252 2202 8
2202 2152 7
2152 2102 20
2102 2052 7
2052 2002 4
2002 1952 6
1952 1902 94
1902 1852 7
1852 1802 19
1802 1752 1
1752 1702 7
1702 1652 21
1652 1602 7
1602 1552 6
1552 1502 2
1502 1452 5
1452 1402 21
1402 1352 22
1352 1302 21
1302 1252 6
1252 1202 31
1202 1152 43
1152 1102 7
1102 1052 13
1052 1002 8
1002 952 18
952 902 31
902 852 33
852 802 21
802 752 4
752 702 6
702 652 4
652 602 31
602 552 9
552 502 83
502 452 19
452 402 13
402 352 21
352 302 104
302 252 1
252 202 2
202 152 27
152 102 20
102 52 8
52 2 36
2350 2300 32
2250 2200 7
2150 2100 7
2050 2000 6
1950 1900 7
1850 1800 1
1750 1700 21
1650 1600 6
1550 1500 5
1450 1400 22
1350 1300 6
1250 1200 43
1150 1100 13
1050 1000 18
950 900 33
850 800 4
750 700 4
650 600 9
550 500 19
450 400 21
350 300 1
250 200 27
150 100 8

REQUESTS

BLOCKAGES
1157 1158
634 633
1188 1189
1960 1961
2125 2075
967 917
334 284
1922 1921
1256 1206
1171 1172
2082 2083
434 384
2253 2254
1509 1508
2058 2008
1213 1212
2310 2260
507 506
630 580
1244 1194
1821 1771
2020 1970
1992 1993
2064 2014
655 605
317 267
726 725
2001 1951
2088 2089
1791 1741
84 85
2188 2189
1844 1843
622 621
185 135
1846 1796
2143 2093
2186 2187
956 957
711 661
1984 1985
1443 1442
2145 2144
746 696
1710 1660
2346 2296
2096 2097
391 341
686 687
2444 2394
1996 1997
1487 1437
400 350
1542 1592
2361 2362
2438 2437
2185 2135
960 910
825 775
1298 1248
2336 2286
187 137
1885 1886
2052 2002
365 315
535 485
1096 1097
1081 1082
2375 2376
565 515
1673 1623
2048 2047
444 443
1236 1235
477 478
1002 1001
2254 2204
2224 2174
1183 1184
2359 2309
1978 1928
1120 1070
2233 2183
2446 2445
30 29
1114 1064
1322 1272
1711 1661
2418 2368
2095 2096
615 614
2233 2232
2382 2332
1704 1654
1156 1106
2024 2023
1928 1927
1698 1648
41 40
448 398
990 991
812 762
2244 2194
499 500
75 76
1043 1042
2000 1950
326 325
1749 1699
334 333
1617 1616
1310 1309
1895 1896
1893 1843
2378 2328
2434 2433
1583 1584
1293 1294
1344 1343
1014 964
384 385
2356 2306
2425 2424
1004 954
1426 1425
2235 2185
796 746
1382 1332
1079 1080
2020 2019
1022 972
1882 1832
792 842
483 433
1340 1339
837 836
2230 2180
2066 2016
2493 2494
502 501
58 59
249 199
174 124
2482 2483
2364 2365
797 747
1473 1474
1275 1276
644 594
753 703
1827 1826
672 673
1680 1681
777 727
1350 1300
1467 1417
833 832
200 150
403 353
683 684
522 521
119 118
1926 1925
1911 1910
586 587
197 198
66 67
1684 1634
1663 1613
89 90
219 169
1796 1746
10 9
2217 2167
948 898
1207 1157
2009 2008
377 327
2198 2199
1977 1978
565 566
175 176
532 531
557 507
867 868
81 31
2316 2266
266 216
27 26
2120 2119
1734 1684
719 669
392 442
957 907
1440 1439
1514 1464
804 803
1672 1622
2077 2027
1098 1099
723 722
1475 1425
2160 2161
2122 2121
2463 2413
2089 2039
1518 1468
1501 1551
2430 2380
806 756
1783 1733
591 541
1540 1490
2473 2474
659 609
83 33
1781 1782
1672 1673
1821 1820
1605 1555
2244 2243
2379 2380
1625 1575
563 564
977 978
1924 1874
758 759
2286 2287
1932 1931
895 845
388 389
1964 1914
498 448
1683 1633
2063 2064
236 235
2156 2157
1086 1087
57 7
2441 2391
1836 1835
763 713
1947 1897
296 297
1155 1105
1436 1386
1457 1458
1771 1721
1697 1647
2144 2094
325 275
1663 1664
879 829
2269 2319
530 529
273 274
904 854
1921 1920
1444 1443
2424 2423
159 109
434 433
489 490
1239 1238
909 908
693 643
1151 1152
405 355
1382 1383
1420 1370
2387 2337
1211 1161
1366 1316
2199 2200
548 547
2104 2103
2187 2137
1314 1264
892 942
176 177
1509 1459
2435 2434
579 580
955 905
555 556
789 790
1404 1403
471 421
2391 2392
470 471
633 632
97 47
1149 1148
883 833
53 54
728 727
673 623
1298 1299
2098 2099
2133 2132
910 860
536 535
616 566
107 57
2311 2310
941 940
658 608
152 102
2398 2348
1356 1306
403 402
2231 2230
554 555
899 849
913 863
186 187
1889 1839
847 797
1180 1181
1144 1094
637 587
845 844
2420 2370
676 677
490 491
2281 2282
2042 2092
190 191
508 458
2267 2217
221 220
2084 2085
827 777
970 971
1887 1837
1803 1753
962 912
1725 1675
2361 2311
406 356
2122 2072
1093 1043
2151 2152
1024 1023
1920 1919
1697 1698
576 526
1334 1333
1529 1528
1834 1833
222 172
527 477
1210 1209
599 600
582 532
1444 1394
916 915
295 245
1633 1583
2377 2378
2313 2312
118 68
1393 1394
572 573
59 60
65 15
1194 1195
2385 2335
853 803
691 641
394 344
1671 1621
645 595
1253 1254
1890 1840
1469 1470
1544 1494
887 888
519 518
1477 1478
973 974
428 427
2445 2444
1847 1797
1788 1789
1895 1845
213 212
2384 2334
824 823
1579 1529
1687 1637
393 343
1994 1944
2294 2295
1923 1922
378 379
934 933
55 56
2326 2276
1839 1789
1637 1587
1198 1199
1535 1534
1453 1403
229 228
1236 1186
1460 1461
337 336
790 740
787 737
972 973
104 54
1308 1307
1011 1010
1997 1998
1450 1449
1528 1478
235 185
437 436
1632 1582
1273 1274
1886 1836
663 613
1553 1503
863 864
1047 997
1538 1488
1479 1480
1752 1753
1413 1412
1321 1271
1198 1148
601 651
739 738
832 782
175 125
293 243
594 544
2176 2177
1438 1388
2415 2365
809 759
681 682
2347 2346
412 411
2055 2005
2384 2385
1347 1346
1643 1593
1243 1242
1581 1582
2422 2372
1472 1473
1442 1492
1278 1279
1041 991
1565 1566
1959 1960
1918 1917
2421 2371
450 449
634 584
963 964
2404 2354
757 707
1285 1235
758 708
37 36
497 447
2413 2363
553 503
545 544
1925 1875
816 815
1031 1030
2251 2252
489 439
1496 1497
1693 1694
1550 1500
751 752
1588 1589
1328 1278
1755 1705
954 904
172 122
1939 1889
931 930
2018 1968
1291 1292
304 254
178 179
1179 1180
2417 2416
2014 2013
2383 2333
71 21
2304 2303
55 5
527 526
2359 2360
2276 2277
836 786
179 180
348 298
1262 1212
1906 1856
1306 1305
976 926
1580 1581
1412 1411
1089 1039
1147 1097
2017 1967
561 562
376 326
304 303
1165 1166
2397 2398
2083 2033
1479 1429
1330 1329
1815 1814
547 546
1532 1531
432 382
366 316
1915 1865
2189 2139
472 422
860 861
2194 2195
1783 1784
921 920
212 211
424 423
470 420
586 536
2298 2299
1807 1806
294 295
1035 985
1129 1128
164 165
1221 1171
234 233
340 290
284 234
999 1000
1784 1785
1036 1035
835 834
943 942
72 73
1435 1434
1724 1674
1452 1453
1545 1495
1607 1557
479 429
2338 2337
1589 1539
1965 1915
2197 2147
2154 2104
131 81
901 851
1358 1359
914 864
2347 2297
196 146
2476 2426
1010 960
1177 1178
554 504
1005 955
2040 2039
205 204
529 479
20 19
2264 2214
675 676
1481 1482
1844 1794
188 189
101 151
2053 2054
323 273
2491 2441
1333 1283
1287 1288
1973 1923
1563 1564
1098 1048
1773 1723
2246 2245
2352 2353
2025 2024
780 781
2373 2374
1365 1315
2285 2235
2179 2129
1173 1123
607 606
667 668
1829 1828
799 749
1188 1138
1408 1407
1213 1163
188 138
1879 1829
1967 1917
698 699
1905 1904
1191 1192
1682 1632
1454 1455
2191 2192
1470 1420
2428 2427
548 498
148 98
1222 1221
288 238
1216 1215
692 742
1744 1743
2479 2429
1969 1970
2098 2048
488 438
281 282
1721 1720
531 481
1952 1953
734 733
2076 2077
2388 2338
543 542
1401 1351
839 838
1792 1793
645 644
1096 1046
1776 1777
2027 1977
1504 1454
870 871
2016 1966
675 625
1390 1391
302 252
2342 2392
2459 2409
2344 2343
1463 1413
613 563
46 45
1229 1179
1220 1219
1603 1602
2324 2323
1008 958
1775 1776
247 246
575 525
1006 1005
1798 1748
1735 1734
1378 1379
596 597
492 542
1571 1572
720 670
2284 2285
829 828
413 363
1142 1141
61 11
578 579
2063 2013
755 756
1855 1856
1009 1008
2343 2293
919 869
265 215
996 997
1024 974
104 103
1034 1033
831 781
2486 2487
1264 1265
1155 1156
2196 2197
1327 1277
213 163
327 277
1913 1863
854 804
1076 1077
115 65
380 330
1159 1109
94 95
1492 1542
2321 2320
569 570
1012 1011
590 540
649 599
2166 2116
1422 1421
1687 1688
402 401
108 58
2202 2152
246 196
436 386
2041 2040
655 656
1290 1291
1346 1296
1618 1617
664 665
1647 1646
487 437
277 278
1338 1337
144 94
606 556
2387 2388
884 885
2320 2270
2177 2178
816 766
1853 1803
610 560
2333 2283
861 811
1090 1040
1136 1135
1650 1600
1068 1069
1610 1560
1790 1740
1864 1814
2156 2106
2430 2429
1738 1688
149 148
2363 2313
2265 2215
1323 1322
1168 1169
571 572
1743 1742
696 697
668 669
163 113
2225 2175
2125 2124
1621 1571
802 801
2410 2360
1875 1876
534 484
2139 2138
1104 1103
338 288
387 388
1113 1112
1342 1392
1074 1075
865 815
869 819
2072 2022
2389 2339
2277 2278
632 582
965 966
520 519
2341 2291
1981 1931
959 909
1786 1787
930 880
242 241
1526 1476
2278 2228
2081 2031
518 517
316 266
2330 2329
714 713
705 704
165 166
1121 1071
1387 1388
1884 1885
932 882
792 793
1276 1226
827 826
1461 1411
1424 1423
1490 1491
1397 1398
724 674
975 925
1625 1624
2250 2249
2318 2317
818 768
2342 2341
1060 1061
1657 1658
1707 1657
473 423
2171 2172
1726 1676
190 140
1219 1218
1474 1424
1312 1311
987 937
1847 1846
2433 2432
1628 1627
2081 2082
1320 1270
1118 1117
938 888
1878 1828
2272 2273
2379 2329
347 297
1642 1692
578 528
1716 1666
1801 1851
844 843
1942 1992
1952 1902
1739 1738
745 695
672 622
1463 1464
842 841
1756 1706
2495 2496
795 796
1162 1112
1091 1092
1207 1206
70 71
654 604
983 933
608 558
2097 2047
2457 2458
1158 1159
2269 2270
1905 1855
2271 2272
926 876
241 191
1429 1428
878 879
1088 1089
1045 1044
1644 1643
107 106
1685 1635
1713 1712
969 970
2468 2469
574 524
140 139
1065 1015
456 457
225 224
992 1042
1195 1145
857 807
802 752
1860 1810
1547 1546
167 117
1226 1176
231 181
1202 1201
1088 1038
1654 1655
2402 2401
339 338
1296 1297
1858 1859
1692 1742
443 393
1312 1262
525 475
848 798
1524 1523
688 638
1898 1899
1519 1469
1255 1205
2004 2003
1648 1598
1070 1071
1182 1132
1428 1427
1585 1535
1285 1286
1063 1013
1410 1409
978 979
2202 2201
1815 1765
534 533
2061 2062
653 654
1353 1354
2079 2029
270 220
2170 2171
2464 2414
805 755
484 485
1728 1727
61 62
2087 2088
1587 1588
571 521
319 318
309 308
1963 1913
1402 1352
1608 1607
2467 2417
680 630
740 739
2165 2115
1391 1392
259 209
261 211
546 545
2372 2373
890 891
1038 988
1938 1888
939 938
773 723
228 178
231 230
2436 2435
2399 2400
2099 2100
52 53
1149 1099
1646 1645
1554 1555
1891 1892
720 719
1072 1073
1574 1524
945 944
1122 1121
1046 1045
817 767
343 342
2369 2419
1419 1418
313 263
376 377
1505 1455
257 258
457 407
2103 2102
2019 2018
1022 1021
1872 1822
1780 1730
1375 1325
2408 2407
1467 1468
1841 1791
2061 2011
1962 1912
2240 2239
170 120
262 263
2073 2074
1365 1366
2195 2196
1282 1232
1859 1809
1117 1116
2074 2075
1380 1330
1021 971
506 505
2461 2411
230 180
1782 1732
2301 2351
892 893
1677 1627
1491 1441
124 123
1445 1395
142 192
1670 1620
2043 2042
1808 1758
301 251
2220 2170
1177 1127
772 722
410 409
738 688
2093 2043
1911 1861
2268 2218
248 247
1679 1629
1746 1696
173 174
1036 986
922 872
2224 2223
1185 1135
1655 1656
2238 2237
2128 2078
1184 1185
558 508
2211 2161
1914 1864
1418 1417
1805 1755
702 701
2212 2162
1390 1340
1740 1739
967 968
1447 1397
620 619
2316 2315
1709 1708
1334 1284
2395 2396
1304 1254
1658 1608
395 396
310 309
1811 1810
1569 1519
2191 2141
475 425
1733 1732
1319 1318
1979 1929
1203 1153
597 598
1867 1817
1598 1599
216 166
2054 2004
1719 1718
903 853
359 360
994 944
666 667
161 162
160 110
1313 1263
1516 1515
372 373
113 112
965 915
132 82
1189 1190
1537 1487
1320 1319
787 788
785 786
1150 1100
1246 1196
2315 2265
788 789
1109 1108
1824 1823
1027 977
426 425
583 533
1446 1445
1078 1079
1399 1400
128 78
368 318
717 716
830 780
1231 1230
925 924
1522 1521
1393 1343
2322 2321
2242 2292
2180 2181
1225 1175
2326 2325
1459 1460
14 13
819 818
72 22
1053 1054
2223 2222
1879 1880
1866 1867
958 959
110 109
197 147
1596 1546
208 207
2207 2157
736 686
2079 2080
1772 1722
298 299
456 406
898 899
1316 1266
517 516
1568 1518
564 514
1477 1427
415 365
1727 1677
2319 2318
482 483
1138 1137
1146 1145
774 724
2280 2281
656 657
2176 2126
337 287
1892 1942
126 125
63 64
607 557
84 34
912 911
154 155
98 48
354 355
650 649
540 539
1982 1932
2243 2193
2210 2209
1329 1328
1110 1060
703 702
1728 1678
2421 2420
2240 2190
1586 1536
936 886
1437 1387
2419 2418
737 687
2021 1971
609 559
513 463
778 728
244 194
1641 1591
982 932
1543 1493
619 618
1515 1514
2408 2358
2299 2300
1389 1339
123 73
358 308
168 169
840 839
2309 2308
2229 2179
849 848
1498 1499
896 846
1336 1335
155 105
2249 2248
2029 1979
2447 2446
2368 2369
1578 1579
420 370
207 206
2131 2130
1669 1670
1318 1268
2109 2059
2091 2092
341 340
2345 2344
2090 2091
397 347
2163 2113
2159 2109
1908 1858
935 885
1787 1737
346 345
646 596
1233 1232
1974 1924
1482 1483
924 874
635 585
773 774
897 847
1019 969
1780 1781
800 750
1868 1869
989 990
299 249
88 38
136 86
1289 1239
2252 2253
2137 2087
617 616
1762 1763
331 330
499 449
1374 1375
664 614
75 25
2296 2246
1164 1114
310 260
1770 1720
206 156
1594 1544
114 64
324 274
2065 2015
1825 1824
1337 1287
2232 2231
77 78
487 488
2186 2136
593 543
678 679
1371 1321
2065 2066
1243 1193
512 462
2141 2140
282 232
603 602
1949 1948
1374 1324
2167 2117
733 683
1457 1407
1593 1543
538 537
410 360
2362 2312
1557 1507
256 257
1685 1686
1360 1310
480 481
1994 1995
363 364
2284 2234
927 877
1325 1324
315 314
903 902
948 947
1823 1822
2260 2261
2130 2080
510 460
1717 1667
1265 1266
1283 1233
1556 1506
1273 1223
409 359
1404 1354
1806 1756
1957 1958
681 631
86 87
946 945
2126 2076
385 386
287 237
1199 1200
2085 2086
398 348
2263 2213
2169 2219
685 635
2094 2095
2181 2131
313 312
371 372
158 108
1169 1170
871 821
1052 1002
1948 1947
1615 1565
1448 1447
516 515
754 704
239 238
186 136
1119 1118
1748 1747
2307 2306
1954 1955
1292 1342
255 205
1799 1749
478 428
280 281
1645 1595
1773 1774
1958 1908
1966 1916
1680 1630
2022 2021
1987 1937
117 67
1983 1984
2242 2241
1355 1356
760 761
1656 1606
2052 2053
1912 1862
2411 2410
2059 2060
335 285
1985 1935
1699 1700
356 306
1228 1178
1634 1584
1281 1231
2033 2032
857 858
1052 1053
1659 1660
1567 1517
612 562
444 394
181 182
1576 1577
1032 1031
2108 2058
1576 1526
1712 1662
1841 1840
905 855
1779 1729
1332 1331
671 621
1205 1204
887 837
891 841
1421 1371
329 279
1603 1553
1710 1709
254 255
1819 1818
368 369
1934 1933
835 785
416 415
1368 1369
2255 2205
1398 1399
1439 1389
167 168
495 445
362 312
56 6
1359 1309
1802 1752
2447 2397
1953 1903
1619 1569
550 549
1130 1080
1690 1640
1534 1533
1525 1475
1083 1033
290 240
493 494
243 193
1665 1615
1758 1708
760 710
1224 1174
130 129
294 244
1134 1133
439 438
1196 1146
1111 1110
232 182
823 822
551 552
1092 1093
1141 1091
1007 1006
950 900
1689 1639
1877 1878
1715 1665
1959 1909
1907 1857
446 396
1288 1289
1209 1208
364 314
1305 1255
1041 1040
1204 1203
2031 2030
1187 1137
1363 1364
1485 1435
162 112
2118 2117
1601 1651
1987 1988
2203 2153
2174 2175
160 161
1563 1513
99 49
2307 2257
1718 1717
1016 966
1872 1873
1533 1532
584 585
1609 1559

TERMINALS
42
73
149
181
211
253
302
372
448
487
527
575
646
658
720
782
826
897
940
994
1009
1065
1150
1193
1217
1264
1329
1380
1407
1474
1536
1562
1616
1689
1718
1771
1828
1884
1941
1969
2005
2051
2135
2195
2204
2283
2338
2356
2410
2463

END
