INSTANCE_NAME r44.dat
NB_VERTICES 2500
NB_ARCS 4900
NB_REQUESTS 0
NB_BLOCKAGES 1470
NB_TERMINALS 50

VERTICES
1 0 0
2 0 0
3 0 0
4 0 0
5 0 0
6 0 0
7 0 0
8 0 0
9 0 0
10 0 0
11 0 0
12 0 0
13 0 0
14 0 0
15 0 0
16 0 0
17 0 0
18 0 0
19 0 0
20 0 0
21 0 0
22 0 0
23 0 0
24 0 0
25 0 0
26 0 0
27 0 0
28 0 0
29 0 0
30 0 0
31 0 0
32 0 0
33 0 0
34 0 0
35 0 0
36 0 0
37 0 0
38 0 0
39 0 0
40 0 0
41 0 0
42 0 0
43 0 0
44 0 0
45 0 0
46 0 0
47 0 0
48 0 0
49 0 0
50 0 0
51 0 0
52 0 0
53 0 0
54 0 0
55 0 0
56 0 0
57 0 0
58 0 0
59 0 0
60 0 0
61 0 0
62 0 0
63 0 0
64 0 0
65 0 0
66 0 0
67 0 0
68 0 0
69 0 0
70 0 0
71 0 0
72 0 0
73 0 0
74 0 0
75 0 0
76 0 0
77 0 0
78 0 0
79 0 0
80 0 0
81 0 0
82 0 0
83 0 0
84 0 0
85 0 0
86 0 0
87 0 0
88 0 0
89 0 0
90 0 0
91 0 0
92 0 0
93 0 0
94 0 0
95 0 0
96 0 0
97 0 0
98 0 0
99 0 0
100 0 0
101 0 0
102 0 0
103 0 0
104 0 0
105 0 0
106 0 0
107 0 0
108 0 0
109 0 0
110 0 0
111 0 0
112 0 0
113 0 0
114 0 0
115 0 0
116 0 0
117 0 0
118 0 0
119 0 0
120 0 0
121 0 0
122 0 0
123 0 0
124 0 0
125 0 0
126 0 0
127 0 0
128 0 0
129 0 0
130 0 0
131 0 0
132 0 0
133 0 0
134 0 0
135 0 0
136 0 0
137 0 0
138 0 0
139 0 0
140 0 0
141 0 0
142 0 0
143 0 0
144 0 0
145 0 0
146 0 0
147 0 0
148 0 0
149 0 0
150 0 0
151 0 0
152 0 0
153 0 0
154 0 0
155 0 0
156 0 0
157 0 0
158 0 0
159 0 0
160 0 0
161 0 0
162 0 0
163 0 0
164 0 0
165 0 0
166 0 0
167 0 0
168 0 0
169 0 0
170 0 0
171 0 0
172 0 0
173 0 0
174 0 0
175 0 0
176 0 0
177 0 0
178 0 0
179 0 0
180 0 0
181 0 0
182 0 0
183 0 0
184 0 0
185 0 0
186 0 0
187 0 0
188 0 0
189 0 0
190 0 0
191 0 0
192 0 0
193 0 0
194 0 0
195 0 0
196 0 0
197 0 0
198 0 0
199 0 0
200 0 0
201 0 0
202 0 0
203 0 0
204 0 0
205 0 0
206 0 0
207 0 0
208 0 0
209 0 0
210 0 0
211 0 0
212 0 0
213 0 0
214 0 0
215 0 0
216 0 0
217 0 0
218 0 0
219 0 0
220 0 0
221 0 0
222 0 0
223 0 0
224 0 0
225 0 0
226 0 0
227 0 0
228 0 0
229 0 0
230 0 0
231 0 0
232 0 0
233 0 0
234 0 0
235 0 0
236 0 0
237 0 0
238 0 0
239 0 0
240 0 0
241 0 0
242 0 0
243 0 0
244 0 0
245 0 0
246 0 0
247 0 0
248 0 0
249 0 0
250 0 0
251 0 0
252 0 0
253 0 0
254 0 0
255 0 0
256 0 0
257 0 0
258 0 0
259 0 0
260 0 0
261 0 0
262 0 0
263 0 0
264 0 0
265 0 0
266 0 0
267 0 0
268 0 0
269 0 0
270 0 0
271 0 0
272 0 0
273 0 0
274 0 0
275 0 0
276 0 0
277 0 0
278 0 0
279 0 0
280 0 0
281 0 0
282 0 0
283 0 0
284 0 0
285 0 0
286 0 0
287 0 0
288 0 0
289 0 0
290 0 0
291 0 0
292 0 0
293 0 0
294 0 0
295 0 0
296 0 0
297 0 0
298 0 0
299 0 0
300 0 0
301 0 0
302 0 0
303 0 0
304 0 0
305 0 0
306 0 0
307 0 0
308 0 0
309 0 0
310 0 0
311 0 0
312 0 0
313 0 0
314 0 0
315 0 0
316 0 0
317 0 0
318 0 0
319 0 0
320 0 0
321 0 0
322 0 0
323 0 0
324 0 0
325 0 0
326 0 0
327 0 0
328 0 0
329 0 0
330 0 0
331 0 0
332 0 0
333 0 0
334 0 0
335 0 0
336 0 0
337 0 0
338 0 0
339 0 0
340 0 0
341 0 0
342 0 0
343 0 0
344 0 0
345 0 0
346 0 0
347 0 0
348 0 0
349 0 0
350 0 0
351 0 0
352 0 0
353 0 0
354 0 0
355 0 0
356 0 0
357 0 0
358 0 0
359 0 0
360 0 0
361 0 0
362 0 0
363 0 0
364 0 0
365 0 0
366 0 0
367 0 0
368 0 0
369 0 0
370 0 0
371 0 0
372 0 0
373 0 0
374 0 0
375 0 0
376 0 0
377 0 0
378 0 0
379 0 0
380 0 0
381 0 0
382 0 0
383 0 0
384 0 0
385 0 0
386 0 0
387 0 0
388 0 0
389 0 0
390 0 0
391 0 0
392 0 0
393 0 0
394 0 0
395 0 0
396 0 0
397 0 0
398 0 0
399 0 0
400 0 0
401 0 0
402 0 0
403 0 0
404 0 0
405 0 0
406 0 0
407 0 0
408 0 0
409 0 0
410 0 0
411 0 0
412 0 0
413 0 0
414 0 0
415 0 0
416 0 0
417 0 0
418 0 0
419 0 0
420 0 0
421 0 0
422 0 0
423 0 0
424 0 0
425 0 0
426 0 0
427 0 0
428 0 0
429 0 0
430 0 0
431 0 0
432 0 0
433 0 0
434 0 0
435 0 0
436 0 0
437 0 0
438 0 0
439 0 0
440 0 0
441 0 0
442 0 0
443 0 0
444 0 0
445 0 0
446 0 0
447 0 0
448 0 0
449 0 0
450 0 0
451 0 0
452 0 0
453 0 0
454 0 0
455 0 0
456 0 0
457 0 0
458 0 0
459 0 0
460 0 0
461 0 0
462 0 0
463 0 0
464 0 0
465 0 0
466 0 0
467 0 0
468 0 0
469 0 0
470 0 0
471 0 0
472 0 0
473 0 0
474 0 0
475 0 0
476 0 0
477 0 0
478 0 0
479 0 0
480 0 0
481 0 0
482 0 0
483 0 0
484 0 0
485 0 0
486 0 0
487 0 0
488 0 0
489 0 0
490 0 0
491 0 0
492 0 0
493 0 0
494 0 0
495 0 0
496 0 0
497 0 0
498 0 0
499 0 0
500 0 0
501 0 0
502 0 0
503 0 0
504 0 0
505 0 0
506 0 0
507 0 0
508 0 0
509 0 0
510 0 0
511 0 0
512 0 0
513 0 0
514 0 0
515 0 0
516 0 0
517 0 0
518 0 0
519 0 0
520 0 0
521 0 0
522 0 0
523 0 0
524 0 0
525 0 0
526 0 0
527 0 0
528 0 0
529 0 0
530 0 0
531 0 0
532 0 0
533 0 0
534 0 0
535 0 0
536 0 0
537 0 0
538 0 0
539 0 0
540 0 0
541 0 0
542 0 0
543 0 0
544 0 0
545 0 0
546 0 0
547 0 0
548 0 0
549 0 0
550 0 0
551 0 0
552 0 0
553 0 0
554 0 0
555 0 0
556 0 0
557 0 0
558 0 0
559 0 0
560 0 0
561 0 0
562 0 0
563 0 0
564 0 0
565 0 0
566 0 0
567 0 0
568 0 0
569 0 0
570 0 0
571 0 0
572 0 0
573 0 0
574 0 0
575 0 0
576 0 0
577 0 0
578 0 0
579 0 0
580 0 0
581 0 0
582 0 0
583 0 0
584 0 0
585 0 0
586 0 0
587 0 0
588 0 0
589 0 0
590 0 0
591 0 0
592 0 0
593 0 0
594 0 0
595 0 0
596 0 0
597 0 0
598 0 0
599 0 0
600 0 0
601 0 0
602 0 0
603 0 0
604 0 0
605 0 0
606 0 0
607 0 0
608 0 0
609 0 0
610 0 0
611 0 0
612 0 0
613 0 0
614 0 0
615 0 0
616 0 0
617 0 0
618 0 0
619 0 0
620 0 0
621 0 0
622 0 0
623 0 0
624 0 0
625 0 0
626 0 0
627 0 0
628 0 0
629 0 0
630 0 0
631 0 0
632 0 0
633 0 0
634 0 0
635 0 0
636 0 0
637 0 0
638 0 0
639 0 0
640 0 0
641 0 0
642 0 0
643 0 0
644 0 0
645 0 0
646 0 0
647 0 0
648 0 0
649 0 0
650 0 0
651 0 0
652 0 0
653 0 0
654 0 0
655 0 0
656 0 0
657 0 0
658 0 0
659 0 0
660 0 0
661 0 0
662 0 0
663 0 0
664 0 0
665 0 0
666 0 0
667 0 0
668 0 0
669 0 0
670 0 0
671 0 0
672 0 0
673 0 0
674 0 0
675 0 0
676 0 0
677 0 0
678 0 0
679 0 0
680 0 0
681 0 0
682 0 0
683 0 0
684 0 0
685 0 0
686 0 0
687 0 0
688 0 0
689 0 0
690 0 0
691 0 0
692 0 0
693 0 0
694 0 0
695 0 0
696 0 0
697 0 0
698 0 0
699 0 0
700 0 0
701 0 0
702 0 0
703 0 0
704 0 0
705 0 0
706 0 0
707 0 0
708 0 0
709 0 0
710 0 0
711 0 0
712 0 0
713 0 0
714 0 0
715 0 0
716 0 0
717 0 0
718 0 0
719 0 0
720 0 0
721 0 0
722 0 0
723 0 0
724 0 0
725 0 0
726 0 0
727 0 0
728 0 0
729 0 0
730 0 0
731 0 0
732 0 0
733 0 0
734 0 0
735 0 0
736 0 0
737 0 0
738 0 0
739 0 0
740 0 0
741 0 0
742 0 0
743 0 0
744 0 0
745 0 0
746 0 0
747 0 0
748 0 0
749 0 0
750 0 0
751 0 0
752 0 0
753 0 0
754 0 0
755 0 0
756 0 0
757 0 0
758 0 0
759 0 0
760 0 0
761 0 0
762 0 0
763 0 0
764 0 0
765 0 0
766 0 0
767 0 0
768 0 0
769 0 0
770 0 0
771 0 0
772 0 0
773 0 0
774 0 0
775 0 0
776 0 0
777 0 0
778 0 0
779 0 0
780 0 0
781 0 0
782 0 0
783 0 0
784 0 0
785 0 0
786 0 0
787 0 0
788 0 0
789 0 0
790 0 0
791 0 0
792 0 0
793 0 0
794 0 0
795 0 0
796 0 0
797 0 0
798 0 0
799 0 0
800 0 0
801 0 0
802 0 0
803 0 0
804 0 0
805 0 0
806 0 0
807 0 0
808 0 0
809 0 0
810 0 0
811 0 0
812 0 0
813 0 0
814 0 0
815 0 0
816 0 0
817 0 0
818 0 0
819 0 0
820 0 0
821 0 0
822 0 0
823 0 0
824 0 0
825 0 0
826 0 0
827 0 0
828 0 0
829 0 0
830 0 0
831 0 0
832 0 0
833 0 0
834 0 0
835 0 0
836 0 0
837 0 0
838 0 0
839 0 0
840 0 0
841 0 0
842 0 0
843 0 0
844 0 0
845 0 0
846 0 0
847 0 0
848 0 0
849 0 0
850 0 0
851 0 0
852 0 0
853 0 0
854 0 0
855 0 0
856 0 0
857 0 0
858 0 0
859 0 0
860 0 0
861 0 0
862 0 0
863 0 0
864 0 0
865 0 0
866 0 0
867 0 0
868 0 0
869 0 0
870 0 0
871 0 0
872 0 0
873 0 0
874 0 0
875 0 0
876 0 0
877 0 0
878 0 0
879 0 0
880 0 0
881 0 0
882 0 0
883 0 0
884 0 0
885 0 0
886 0 0
887 0 0
888 0 0
889 0 0
890 0 0
891 0 0
892 0 0
893 0 0
894 0 0
895 0 0
896 0 0
897 0 0
898 0 0
899 0 0
900 0 0
901 0 0
902 0 0
903 0 0
904 0 0
905 0 0
906 0 0
907 0 0
908 0 0
909 0 0
910 0 0
911 0 0
912 0 0
913 0 0
914 0 0
915 0 0
916 0 0
917 0 0
918 0 0
919 0 0
920 0 0
921 0 0
922 0 0
923 0 0
924 0 0
925 0 0
926 0 0
927 0 0
928 0 0
929 0 0
930 0 0
931 0 0
932 0 0
933 0 0
934 0 0
935 0 0
936 0 0
937 0 0
938 0 0
939 0 0
940 0 0
941 0 0
942 0 0
943 0 0
944 0 0
945 0 0
946 0 0
947 0 0
948 0 0
949 0 0
950 0 0
951 0 0
952 0 0
953 0 0
954 0 0
955 0 0
956 0 0
957 0 0
958 0 0
959 0 0
960 0 0
961 0 0
962 0 0
963 0 0
964 0 0
965 0 0
966 0 0
967 0 0
968 0 0
969 0 0
970 0 0
971 0 0
972 0 0
973 0 0
974 0 0
975 0 0
976 0 0
977 0 0
978 0 0
979 0 0
980 0 0
981 0 0
982 0 0
983 0 0
984 0 0
985 0 0
986 0 0
987 0 0
988 0 0
989 0 0
990 0 0
991 0 0
992 0 0
993 0 0
994 0 0
995 0 0
996 0 0
997 0 0
998 0 0
999 0 0
1000 0 0
1001 0 0
1002 0 0
1003 0 0
1004 0 0
1005 0 0
1006 0 0
1007 0 0
1008 0 0
1009 0 0
1010 0 0
1011 0 0
1012 0 0
1013 0 0
1014 0 0
1015 0 0
1016 0 0
1017 0 0
1018 0 0
1019 0 0
1020 0 0
1021 0 0
1022 0 0
1023 0 0
1024 0 0
1025 0 0
1026 0 0
1027 0 0
1028 0 0
1029 0 0
1030 0 0
1031 0 0
1032 0 0
1033 0 0
1034 0 0
1035 0 0
1036 0 0
1037 0 0
1038 0 0
1039 0 0
1040 0 0
1041 0 0
1042 0 0
1043 0 0
1044 0 0
1045 0 0
1046 0 0
1047 0 0
1048 0 0
1049 0 0
1050 0 0
1051 0 0
1052 0 0
1053 0 0
1054 0 0
1055 0 0
1056 0 0
1057 0 0
1058 0 0
1059 0 0
1060 0 0
1061 0 0
1062 0 0
1063 0 0
1064 0 0
1065 0 0
1066 0 0
1067 0 0
1068 0 0
1069 0 0
1070 0 0
1071 0 0
1072 0 0
1073 0 0
1074 0 0
1075 0 0
1076 0 0
1077 0 0
1078 0 0
1079 0 0
1080 0 0
1081 0 0
1082 0 0
1083 0 0
1084 0 0
1085 0 0
1086 0 0
1087 0 0
1088 0 0
1089 0 0
1090 0 0
1091 0 0
1092 0 0
1093 0 0
1094 0 0
1095 0 0
1096 0 0
1097 0 0
1098 0 0
1099 0 0
1100 0 0
1101 0 0
1102 0 0
1103 0 0
1104 0 0
1105 0 0
1106 0 0
1107 0 0
1108 0 0
1109 0 0
1110 0 0
1111 0 0
1112 0 0
1113 0 0
1114 0 0
1115 0 0
1116 0 0
1117 0 0
1118 0 0
1119 0 0
1120 0 0
1121 0 0
1122 0 0
1123 0 0
1124 0 0
1125 0 0
1126 0 0
1127 0 0
1128 0 0
1129 0 0
1130 0 0
1131 0 0
1132 0 0
1133 0 0
1134 0 0
1135 0 0
1136 0 0
1137 0 0
1138 0 0
1139 0 0
1140 0 0
1141 0 0
1142 0 0
1143 0 0
1144 0 0
1145 0 0
1146 0 0
1147 0 0
1148 0 0
1149 0 0
1150 0 0
1151 0 0
1152 0 0
1153 0 0
1154 0 0
1155 0 0
1156 0 0
1157 0 0
1158 0 0
1159 0 0
1160 0 0
1161 0 0
1162 0 0
1163 0 0
1164 0 0
1165 0 0
1166 0 0
1167 0 0
1168 0 0
1169 0 0
1170 0 0
1171 0 0
1172 0 0
1173 0 0
1174 0 0
1175 0 0
1176 0 0
1177 0 0
1178 0 0
1179 0 0
1180 0 0
1181 0 0
1182 0 0
1183 0 0
1184 0 0
1185 0 0
1186 0 0
1187 0 0
1188 0 0
1189 0 0
1190 0 0
1191 0 0
1192 0 0
1193 0 0
1194 0 0
1195 0 0
1196 0 0
1197 0 0
1198 0 0
1199 0 0
1200 0 0
1201 0 0
1202 0 0
1203 0 0
1204 0 0
1205 0 0
1206 0 0
1207 0 0
1208 0 0
1209 0 0
1210 0 0
1211 0 0
1212 0 0
1213 0 0
1214 0 0
1215 0 0
1216 0 0
1217 0 0
1218 0 0
1219 0 0
1220 0 0
1221 0 0
1222 0 0
1223 0 0
1224 0 0
1225 0 0
1226 0 0
1227 0 0
1228 0 0
1229 0 0
1230 0 0
1231 0 0
1232 0 0
1233 0 0
1234 0 0
1235 0 0
1236 0 0
1237 0 0
1238 0 0
1239 0 0
1240 0 0
1241 0 0
1242 0 0
1243 0 0
1244 0 0
1245 0 0
1246 0 0
1247 0 0
1248 0 0
1249 0 0
1250 0 0
1251 0 0
1252 0 0
1253 0 0
1254 0 0
1255 0 0
1256 0 0
1257 0 0
1258 0 0
1259 0 0
1260 0 0
1261 0 0
1262 0 0
1263 0 0
1264 0 0
1265 0 0
1266 0 0
1267 0 0
1268 0 0
1269 0 0
1270 0 0
1271 0 0
1272 0 0
1273 0 0
1274 0 0
1275 0 0
1276 0 0
1277 0 0
1278 0 0
1279 0 0
1280 0 0
1281 0 0
1282 0 0
1283 0 0
1284 0 0
1285 0 0
1286 0 0
1287 0 0
1288 0 0
1289 0 0
1290 0 0
1291 0 0
1292 0 0
1293 0 0
1294 0 0
1295 0 0
1296 0 0
1297 0 0
1298 0 0
1299 0 0
1300 0 0
1301 0 0
1302 0 0
1303 0 0
1304 0 0
1305 0 0
1306 0 0
1307 0 0
1308 0 0
1309 0 0
1310 0 0
1311 0 0
1312 0 0
1313 0 0
1314 0 0
1315 0 0
1316 0 0
1317 0 0
1318 0 0
1319 0 0
1320 0 0
1321 0 0
1322 0 0
1323 0 0
1324 0 0
1325 0 0
1326 0 0
1327 0 0
1328 0 0
1329 0 0
1330 0 0
1331 0 0
1332 0 0
1333 0 0
1334 0 0
1335 0 0
1336 0 0
1337 0 0
1338 0 0
1339 0 0
1340 0 0
1341 0 0
1342 0 0
1343 0 0
1344 0 0
1345 0 0
1346 0 0
1347 0 0
1348 0 0
1349 0 0
1350 0 0
1351 0 0
1352 0 0
1353 0 0
1354 0 0
1355 0 0
1356 0 0
1357 0 0
1358 0 0
1359 0 0
1360 0 0
1361 0 0
1362 0 0
1363 0 0
1364 0 0
1365 0 0
1366 0 0
1367 0 0
1368 0 0
1369 0 0
1370 0 0
1371 0 0
1372 0 0
1373 0 0
1374 0 0
1375 0 0
1376 0 0
1377 0 0
1378 0 0
1379 0 0
1380 0 0
1381 0 0
1382 0 0
1383 0 0
1384 0 0
1385 0 0
1386 0 0
1387 0 0
1388 0 0
1389 0 0
1390 0 0
1391 0 0
1392 0 0
1393 0 0
1394 0 0
1395 0 0
1396 0 0
1397 0 0
1398 0 0
1399 0 0
1400 0 0
1401 0 0
1402 0 0
1403 0 0
1404 0 0
1405 0 0
1406 0 0
1407 0 0
1408 0 0
1409 0 0
1410 0 0
1411 0 0
1412 0 0
1413 0 0
1414 0 0
1415 0 0
1416 0 0
1417 0 0
1418 0 0
1419 0 0
1420 0 0
1421 0 0
1422 0 0
1423 0 0
1424 0 0
1425 0 0
1426 0 0
1427 0 0
1428 0 0
1429 0 0
1430 0 0
1431 0 0
1432 0 0
1433 0 0
1434 0 0
1435 0 0
1436 0 0
1437 0 0
1438 0 0
1439 0 0
1440 0 0
1441 0 0
1442 0 0
1443 0 0
1444 0 0
1445 0 0
1446 0 0
1447 0 0
1448 0 0
1449 0 0
1450 0 0
1451 0 0
1452 0 0
1453 0 0
1454 0 0
1455 0 0
1456 0 0
1457 0 0
1458 0 0
1459 0 0
1460 0 0
1461 0 0
1462 0 0
1463 0 0
1464 0 0
1465 0 0
1466 0 0
1467 0 0
1468 0 0
1469 0 0
1470 0 0
1471 0 0
1472 0 0
1473 0 0
1474 0 0
1475 0 0
1476 0 0
1477 0 0
1478 0 0
1479 0 0
1480 0 0
1481 0 0
1482 0 0
1483 0 0
1484 0 0
1485 0 0
1486 0 0
1487 0 0
1488 0 0
1489 0 0
1490 0 0
1491 0 0
1492 0 0
1493 0 0
1494 0 0
1495 0 0
1496 0 0
1497 0 0
1498 0 0
1499 0 0
1500 0 0
1501 0 0
1502 0 0
1503 0 0
1504 0 0
1505 0 0
1506 0 0
1507 0 0
1508 0 0
1509 0 0
1510 0 0
1511 0 0
1512 0 0
1513 0 0
1514 0 0
1515 0 0
1516 0 0
1517 0 0
1518 0 0
1519 0 0
1520 0 0
1521 0 0
1522 0 0
1523 0 0
1524 0 0
1525 0 0
1526 0 0
1527 0 0
1528 0 0
1529 0 0
1530 0 0
1531 0 0
1532 0 0
1533 0 0
1534 0 0
1535 0 0
1536 0 0
1537 0 0
1538 0 0
1539 0 0
1540 0 0
1541 0 0
1542 0 0
1543 0 0
1544 0 0
1545 0 0
1546 0 0
1547 0 0
1548 0 0
1549 0 0
1550 0 0
1551 0 0
1552 0 0
1553 0 0
1554 0 0
1555 0 0
1556 0 0
1557 0 0
1558 0 0
1559 0 0
1560 0 0
1561 0 0
1562 0 0
1563 0 0
1564 0 0
1565 0 0
1566 0 0
1567 0 0
1568 0 0
1569 0 0
1570 0 0
1571 0 0
1572 0 0
1573 0 0
1574 0 0
1575 0 0
1576 0 0
1577 0 0
1578 0 0
1579 0 0
1580 0 0
1581 0 0
1582 0 0
1583 0 0
1584 0 0
1585 0 0
1586 0 0
1587 0 0
1588 0 0
1589 0 0
1590 0 0
1591 0 0
1592 0 0
1593 0 0
1594 0 0
1595 0 0
1596 0 0
1597 0 0
1598 0 0
1599 0 0
1600 0 0
1601 0 0
1602 0 0
1603 0 0
1604 0 0
1605 0 0
1606 0 0
1607 0 0
1608 0 0
1609 0 0
1610 0 0
1611 0 0
1612 0 0
1613 0 0
1614 0 0
1615 0 0
1616 0 0
1617 0 0
1618 0 0
1619 0 0
1620 0 0
1621 0 0
1622 0 0
1623 0 0
1624 0 0
1625 0 0
1626 0 0
1627 0 0
1628 0 0
1629 0 0
1630 0 0
1631 0 0
1632 0 0
1633 0 0
1634 0 0
1635 0 0
1636 0 0
1637 0 0
1638 0 0
1639 0 0
1640 0 0
1641 0 0
1642 0 0
1643 0 0
1644 0 0
1645 0 0
1646 0 0
1647 0 0
1648 0 0
1649 0 0
1650 0 0
1651 0 0
1652 0 0
1653 0 0
1654 0 0
1655 0 0
1656 0 0
1657 0 0
1658 0 0
1659 0 0
1660 0 0
1661 0 0
1662 0 0
1663 0 0
1664 0 0
1665 0 0
1666 0 0
1667 0 0
1668 0 0
1669 0 0
1670 0 0
1671 0 0
1672 0 0
1673 0 0
1674 0 0
1675 0 0
1676 0 0
1677 0 0
1678 0 0
1679 0 0
1680 0 0
1681 0 0
1682 0 0
1683 0 0
1684 0 0
1685 0 0
1686 0 0
1687 0 0
1688 0 0
1689 0 0
1690 0 0
1691 0 0
1692 0 0
1693 0 0
1694 0 0
1695 0 0
1696 0 0
1697 0 0
1698 0 0
1699 0 0
1700 0 0
1701 0 0
1702 0 0
1703 0 0
1704 0 0
1705 0 0
1706 0 0
1707 0 0
1708 0 0
1709 0 0
1710 0 0
1711 0 0
1712 0 0
1713 0 0
1714 0 0
1715 0 0
1716 0 0
1717 0 0
1718 0 0
1719 0 0
1720 0 0
1721 0 0
1722 0 0
1723 0 0
1724 0 0
1725 0 0
1726 0 0
1727 0 0
1728 0 0
1729 0 0
1730 0 0
1731 0 0
1732 0 0
1733 0 0
1734 0 0
1735 0 0
1736 0 0
1737 0 0
1738 0 0
1739 0 0
1740 0 0
1741 0 0
1742 0 0
1743 0 0
1744 0 0
1745 0 0
1746 0 0
1747 0 0
1748 0 0
1749 0 0
1750 0 0
1751 0 0
1752 0 0
1753 0 0
1754 0 0
1755 0 0
1756 0 0
1757 0 0
1758 0 0
1759 0 0
1760 0 0
1761 0 0
1762 0 0
1763 0 0
1764 0 0
1765 0 0
1766 0 0
1767 0 0
1768 0 0
1769 0 0
1770 0 0
1771 0 0
1772 0 0
1773 0 0
1774 0 0
1775 0 0
1776 0 0
1777 0 0
1778 0 0
1779 0 0
1780 0 0
1781 0 0
1782 0 0
1783 0 0
1784 0 0
1785 0 0
1786 0 0
1787 0 0
1788 0 0
1789 0 0
1790 0 0
1791 0 0
1792 0 0
1793 0 0
1794 0 0
1795 0 0
1796 0 0
1797 0 0
1798 0 0
1799 0 0
1800 0 0
1801 0 0
1802 0 0
1803 0 0
1804 0 0
1805 0 0
1806 0 0
1807 0 0
1808 0 0
1809 0 0
1810 0 0
1811 0 0
1812 0 0
1813 0 0
1814 0 0
1815 0 0
1816 0 0
1817 0 0
1818 0 0
1819 0 0
1820 0 0
1821 0 0
1822 0 0
1823 0 0
1824 0 0
1825 0 0
1826 0 0
1827 0 0
1828 0 0
1829 0 0
1830 0 0
1831 0 0
1832 0 0
1833 0 0
1834 0 0
1835 0 0
1836 0 0
1837 0 0
1838 0 0
1839 0 0
1840 0 0
1841 0 0
1842 0 0
1843 0 0
1844 0 0
1845 0 0
1846 0 0
1847 0 0
1848 0 0
1849 0 0
1850 0 0
1851 0 0
1852 0 0
1853 0 0
1854 0 0
1855 0 0
1856 0 0
1857 0 0
1858 0 0
1859 0 0
1860 0 0
1861 0 0
1862 0 0
1863 0 0
1864 0 0
1865 0 0
1866 0 0
1867 0 0
1868 0 0
1869 0 0
1870 0 0
1871 0 0
1872 0 0
1873 0 0
1874 0 0
1875 0 0
1876 0 0
1877 0 0
1878 0 0
1879 0 0
1880 0 0
1881 0 0
1882 0 0
1883 0 0
1884 0 0
1885 0 0
1886 0 0
1887 0 0
1888 0 0
1889 0 0
1890 0 0
1891 0 0
1892 0 0
1893 0 0
1894 0 0
1895 0 0
1896 0 0
1897 0 0
1898 0 0
1899 0 0
1900 0 0
1901 0 0
1902 0 0
1903 0 0
1904 0 0
1905 0 0
1906 0 0
1907 0 0
1908 0 0
1909 0 0
1910 0 0
1911 0 0
1912 0 0
1913 0 0
1914 0 0
1915 0 0
1916 0 0
1917 0 0
1918 0 0
1919 0 0
1920 0 0
1921 0 0
1922 0 0
1923 0 0
1924 0 0
1925 0 0
1926 0 0
1927 0 0
1928 0 0
1929 0 0
1930 0 0
1931 0 0
1932 0 0
1933 0 0
1934 0 0
1935 0 0
1936 0 0
1937 0 0
1938 0 0
1939 0 0
1940 0 0
1941 0 0
1942 0 0
1943 0 0
1944 0 0
1945 0 0
1946 0 0
1947 0 0
1948 0 0
1949 0 0
1950 0 0
1951 0 0
1952 0 0
1953 0 0
1954 0 0
1955 0 0
1956 0 0
1957 0 0
1958 0 0
1959 0 0
1960 0 0
1961 0 0
1962 0 0
1963 0 0
1964 0 0
1965 0 0
1966 0 0
1967 0 0
1968 0 0
1969 0 0
1970 0 0
1971 0 0
1972 0 0
1973 0 0
1974 0 0
1975 0 0
1976 0 0
1977 0 0
1978 0 0
1979 0 0
1980 0 0
1981 0 0
1982 0 0
1983 0 0
1984 0 0
1985 0 0
1986 0 0
1987 0 0
1988 0 0
1989 0 0
1990 0 0
1991 0 0
1992 0 0
1993 0 0
1994 0 0
1995 0 0
1996 0 0
1997 0 0
1998 0 0
1999 0 0
2000 0 0
2001 0 0
2002 0 0
2003 0 0
2004 0 0
2005 0 0
2006 0 0
2007 0 0
2008 0 0
2009 0 0
2010 0 0
2011 0 0
2012 0 0
2013 0 0
2014 0 0
2015 0 0
2016 0 0
2017 0 0
2018 0 0
2019 0 0
2020 0 0
2021 0 0
2022 0 0
2023 0 0
2024 0 0
2025 0 0
2026 0 0
2027 0 0
2028 0 0
2029 0 0
2030 0 0
2031 0 0
2032 0 0
2033 0 0
2034 0 0
2035 0 0
2036 0 0
2037 0 0
2038 0 0
2039 0 0
2040 0 0
2041 0 0
2042 0 0
2043 0 0
2044 0 0
2045 0 0
2046 0 0
2047 0 0
2048 0 0
2049 0 0
2050 0 0
2051 0 0
2052 0 0
2053 0 0
2054 0 0
2055 0 0
2056 0 0
2057 0 0
2058 0 0
2059 0 0
2060 0 0
2061 0 0
2062 0 0
2063 0 0
2064 0 0
2065 0 0
2066 0 0
2067 0 0
2068 0 0
2069 0 0
2070 0 0
2071 0 0
2072 0 0
2073 0 0
2074 0 0
2075 0 0
2076 0 0
2077 0 0
2078 0 0
2079 0 0
2080 0 0
2081 0 0
2082 0 0
2083 0 0
2084 0 0
2085 0 0
2086 0 0
2087 0 0
2088 0 0
2089 0 0
2090 0 0
2091 0 0
2092 0 0
2093 0 0
2094 0 0
2095 0 0
2096 0 0
2097 0 0
2098 0 0
2099 0 0
2100 0 0
2101 0 0
2102 0 0
2103 0 0
2104 0 0
2105 0 0
2106 0 0
2107 0 0
2108 0 0
2109 0 0
2110 0 0
2111 0 0
2112 0 0
2113 0 0
2114 0 0
2115 0 0
2116 0 0
2117 0 0
2118 0 0
2119 0 0
2120 0 0
2121 0 0
2122 0 0
2123 0 0
2124 0 0
2125 0 0
2126 0 0
2127 0 0
2128 0 0
2129 0 0
2130 0 0
2131 0 0
2132 0 0
2133 0 0
2134 0 0
2135 0 0
2136 0 0
2137 0 0
2138 0 0
2139 0 0
2140 0 0
2141 0 0
2142 0 0
2143 0 0
2144 0 0
2145 0 0
2146 0 0
2147 0 0
2148 0 0
2149 0 0
2150 0 0
2151 0 0
2152 0 0
2153 0 0
2154 0 0
2155 0 0
2156 0 0
2157 0 0
2158 0 0
2159 0 0
2160 0 0
2161 0 0
2162 0 0
2163 0 0
2164 0 0
2165 0 0
2166 0 0
2167 0 0
2168 0 0
2169 0 0
2170 0 0
2171 0 0
2172 0 0
2173 0 0
2174 0 0
2175 0 0
2176 0 0
2177 0 0
2178 0 0
2179 0 0
2180 0 0
2181 0 0
2182 0 0
2183 0 0
2184 0 0
2185 0 0
2186 0 0
2187 0 0
2188 0 0
2189 0 0
2190 0 0
2191 0 0
2192 0 0
2193 0 0
2194 0 0
2195 0 0
2196 0 0
2197 0 0
2198 0 0
2199 0 0
2200 0 0
2201 0 0
2202 0 0
2203 0 0
2204 0 0
2205 0 0
2206 0 0
2207 0 0
2208 0 0
2209 0 0
2210 0 0
2211 0 0
2212 0 0
2213 0 0
2214 0 0
2215 0 0
2216 0 0
2217 0 0
2218 0 0
2219 0 0
2220 0 0
2221 0 0
2222 0 0
2223 0 0
2224 0 0
2225 0 0
2226 0 0
2227 0 0
2228 0 0
2229 0 0
2230 0 0
2231 0 0
2232 0 0
2233 0 0
2234 0 0
2235 0 0
2236 0 0
2237 0 0
2238 0 0
2239 0 0
2240 0 0
2241 0 0
2242 0 0
2243 0 0
2244 0 0
2245 0 0
2246 0 0
2247 0 0
2248 0 0
2249 0 0
2250 0 0
2251 0 0
2252 0 0
2253 0 0
2254 0 0
2255 0 0
2256 0 0
2257 0 0
2258 0 0
2259 0 0
2260 0 0
2261 0 0
2262 0 0
2263 0 0
2264 0 0
2265 0 0
2266 0 0
2267 0 0
2268 0 0
2269 0 0
2270 0 0
2271 0 0
2272 0 0
2273 0 0
2274 0 0
2275 0 0
2276 0 0
2277 0 0
2278 0 0
2279 0 0
2280 0 0
2281 0 0
2282 0 0
2283 0 0
2284 0 0
2285 0 0
2286 0 0
2287 0 0
2288 0 0
2289 0 0
2290 0 0
2291 0 0
2292 0 0
2293 0 0
2294 0 0
2295 0 0
2296 0 0
2297 0 0
2298 0 0
2299 0 0
2300 0 0
2301 0 0
2302 0 0
2303 0 0
2304 0 0
2305 0 0
2306 0 0
2307 0 0
2308 0 0
2309 0 0
2310 0 0
2311 0 0
2312 0 0
2313 0 0
2314 0 0
2315 0 0
2316 0 0
2317 0 0
2318 0 0
2319 0 0
2320 0 0
2321 0 0
2322 0 0
2323 0 0
2324 0 0
2325 0 0
2326 0 0
2327 0 0
2328 0 0
2329 0 0
2330 0 0
2331 0 0
2332 0 0
2333 0 0
2334 0 0
2335 0 0
2336 0 0
2337 0 0
2338 0 0
2339 0 0
2340 0 0
2341 0 0
2342 0 0
2343 0 0
2344 0 0
2345 0 0
2346 0 0
2347 0 0
2348 0 0
2349 0 0
2350 0 0
2351 0 0
2352 0 0
2353 0 0
2354 0 0
2355 0 0
2356 0 0
2357 0 0
2358 0 0
2359 0 0
2360 0 0
2361 0 0
2362 0 0
2363 0 0
2364 0 0
2365 0 0
2366 0 0
2367 0 0
2368 0 0
2369 0 0
2370 0 0
2371 0 0
2372 0 0
2373 0 0
2374 0 0
2375 0 0
2376 0 0
2377 0 0
2378 0 0
2379 0 0
2380 0 0
2381 0 0
2382 0 0
2383 0 0
2384 0 0
2385 0 0
2386 0 0
2387 0 0
2388 0 0
2389 0 0
2390 0 0
2391 0 0
2392 0 0
2393 0 0
2394 0 0
2395 0 0
2396 0 0
2397 0 0
2398 0 0
2399 0 0
2400 0 0
2401 0 0
2402 0 0
2403 0 0
2404 0 0
2405 0 0
2406 0 0
2407 0 0
2408 0 0
2409 0 0
2410 0 0
2411 0 0
2412 0 0
2413 0 0
2414 0 0
2415 0 0
2416 0 0
2417 0 0
2418 0 0
2419 0 0
2420 0 0
2421 0 0
2422 0 0
2423 0 0
2424 0 0
2425 0 0
2426 0 0
2427 0 0
2428 0 0
2429 0 0
2430 0 0
2431 0 0
2432 0 0
2433 0 0
2434 0 0
2435 0 0
2436 0 0
2437 0 0
2438 0 0
2439 0 0
2440 0 0
2441 0 0
2442 0 0
2443 0 0
2444 0 0
2445 0 0
2446 0 0
2447 0 0
2448 0 0
2449 0 0
2450 0 0
2451 0 0
2452 0 0
2453 0 0
2454 0 0
2455 0 0
2456 0 0
2457 0 0
2458 0 0
2459 0 0
2460 0 0
2461 0 0
2462 0 0
2463 0 0
2464 0 0
2465 0 0
2466 0 0
2467 0 0
2468 0 0
2469 0 0
2470 0 0
2471 0 0
2472 0 0
2473 0 0
2474 0 0
2475 0 0
2476 0 0
2477 0 0
2478 0 0
2479 0 0
2480 0 0
2481 0 0
2482 0 0
2483 0 0
2484 0 0
2485 0 0
2486 0 0
2487 0 0
2488 0 0
2489 0 0
2490 0 0
2491 0 0
2492 0 0
2493 0 0
2494 0 0
2495 0 0
2496 0 0
2497 0 0
2498 0 0
2499 0 0
2500 0 0

ARCS
9 8 37
8 7 15
7 6 11
6 5 15
5 4 10
4 3 11
3 2 20
2 1 3
1 51 37
51 52 3
52 53 20
53 54 11
54 55 10
55 56 15
56 57 11
57 58 15
58 59 37
59 60 20
60 61 2
61 62 57
62 63 5
63 64 27
64 65 7
65 66 7
66 67 1
67 68 75
68 69 1
69 70 13
70 71 53
71 72 31
72 73 1
73 74 3
74 75 43
75 76 14
76 77 44
77 78 10
78 79 13
79 80 34
80 81 24
81 82 8
82 83 35
83 84 27
84 85 6
85 86 9
86 87 28
87 88 10
88 89 17
89 90 4
90 91 7
91 92 46
92 93 5
93 94 58
94 95 23
95 96 27
96 97 19
97 98 17
98 99 7
99 100 6
100 50 37
50 49 6
49 48 7
48 47 17
47 46 19
46 45 27
45 44 23
44 43 58
43 42 5
42 41 46
41 40 7
40 39 4
39 38 17
38 37 10
37 36 28
36 35 9
35 34 6
34 33 27
33 32 35
32 31 8
31 30 24
30 29 34
29 28 13
28 27 10
27 26 44
26 25 14
25 24 43
24 23 3
23 22 1
22 21 31
21 20 53
20 19 13
19 18 1
18 17 75
17 16 1
16 15 7
15 14 7
14 13 27
13 12 5
12 11 57
11 10 2
10 9 20
9 59 37
59 109 12
109 108 37
108 107 15
107 106 11
106 105 15
105 104 10
104 103 11
103 102 20
102 101 3
101 51 12
101 151 38
151 152 3
152 153 20
153 154 11
154 155 10
155 156 15
156 157 11
157 158 15
158 159 37
159 160 20
160 161 2
161 162 57
162 163 5
163 164 27
164 165 7
165 166 7
166 167 1
167 168 75
168 169 1
169 170 13
170 171 53
171 172 31
172 173 1
173 174 3
174 175 43
175 176 14
176 177 44
177 178 10
178 179 13
179 180 34
180 181 24
181 182 8
182 183 35
183 184 27
184 185 6
185 186 9
186 187 28
187 188 10
188 189 17
189 190 4
190 191 7
191 192 46
192 193 5
193 194 58
194 195 23
195 196 27
196 197 19
197 198 17
198 199 7
199 200 6
200 150 38
150 149 6
149 148 7
148 147 17
147 146 19
146 145 27
145 144 23
144 143 58
143 142 5
142 141 46
141 140 7
140 139 4
139 138 17
138 137 10
137 136 28
136 135 9
135 134 6
134 133 27
133 132 35
132 131 8
131 130 24
130 129 34
129 128 13
128 127 10
127 126 44
126 125 14
125 124 43
124 123 3
123 122 1
122 121 31
121 120 53
120 119 13
119 118 1
118 117 75
117 116 1
116 115 7
115 114 7
114 113 27
113 112 5
112 111 57
111 110 2
110 109 20
109 159 38
159 209 10
209 208 37
208 207 15
207 206 11
206 205 15
205 204 10
204 203 11
203 202 20
202 201 3
201 151 10
201 251 2
251 252 3
252 253 20
253 254 11
254 255 10
255 256 15
256 257 11
257 258 15
258 259 37
259 260 20
260 261 2
261 262 57
262 263 5
263 264 27
264 265 7
265 266 7
266 267 1
267 268 75
268 269 1
269 270 13
270 271 53
271 272 31
272 273 1
273 274 3
274 275 43
275 276 14
276 277 44
277 278 10
278 279 13
279 280 34
280 281 24
281 282 8
282 283 35
283 284 27
284 285 6
285 286 9
286 287 28
287 288 10
288 289 17
289 290 4
290 291 7
291 292 46
292 293 5
293 294 58
294 295 23
295 296 27
296 297 19
297 298 17
298 299 7
299 300 6
300 250 2
250 249 6
249 248 7
248 247 17
247 246 19
246 245 27
245 244 23
244 243 58
243 242 5
242 241 46
241 240 7
240 239 4
239 238 17
238 237 10
237 236 28
236 235 9
235 234 6
234 233 27
233 232 35
232 231 8
231 230 24
230 229 34
229 228 13
228 227 10
227 226 44
226 225 14
225 224 43
224 223 3
223 222 1
222 221 31
221 220 53
220 219 13
219 218 1
218 217 75
217 216 1
216 215 7
215 214 7
214 213 27
213 212 5
212 211 57
211 210 2
210 209 20
209 259 2
259 309 8
309 308 37
308 307 15
307 306 11
306 305 15
305 304 10
304 303 11
303 302 20
302 301 3
301 251 8
301 351 16
351 352 3
352 353 20
353 354 11
354 355 10
355 356 15
356 357 11
357 358 15
358 359 37
359 360 20
360 361 2
361 362 57
362 363 5
363 364 27
364 365 7
365 366 7
366 367 1
367 368 75
368 369 1
369 370 13
370 371 53
371 372 31
372 373 1
373 374 3
374 375 43
375 376 14
376 377 44
377 378 10
378 379 13
379 380 34
380 381 24
381 382 8
382 383 35
383 384 27
384 385 6
385 386 9
386 387 28
387 388 10
388 389 17
389 390 4
390 391 7
391 392 46
392 393 5
393 394 58
394 395 23
395 396 27
396 397 19
397 398 17
398 399 7
399 400 6
400 350 16
350 349 6
349 348 7
348 347 17
347 346 19
346 345 27
345 344 23
344 343 58
343 342 5
342 341 46
341 340 7
340 339 4
339 338 17
338 337 10
337 336 28
336 335 9
335 334 6
334 333 27
333 332 35
332 331 8
331 330 24
330 329 34
329 328 13
328 327 10
327 326 44
326 325 14
325 324 43
324 323 3
323 322 1
322 321 31
321 320 53
320 319 13
319 318 1
318 317 75
317 316 1
316 315 7
315 314 7
314 313 27
313 312 5
312 311 57
311 310 2
310 309 20
309 359 16
359 409 9
409 408 37
408 407 15
407 406 11
406 405 15
405 404 10
404 403 11
403 402 20
402 401 3
401 351 9
401 451 6
451 452 3
452 453 20
453 454 11
454 455 10
455 456 15
456 457 11
457 458 15
458 459 37
459 460 20
460 461 2
461 462 57
462 463 5
463 464 27
464 465 7
465 466 7
466 467 1
467 468 75
468 469 1
469 470 13
470 471 53
471 472 31
472 473 1
473 474 3
474 475 43
475 476 14
476 477 44
477 478 10
478 479 13
479 480 34
480 481 24
481 482 8
482 483 35
483 484 27
484 485 6
485 486 9
486 487 28
487 488 10
488 489 17
489 490 4
490 491 7
491 492 46
492 493 5
493 494 58
494 495 23
495 496 27
496 497 19
497 498 17
498 499 7
499 500 6
500 450 6
450 449 6
449 448 7
448 447 17
447 446 19
446 445 27
445 444 23
444 443 58
443 442 5
442 441 46
441 440 7
440 439 4
439 438 17
438 437 10
437 436 28
436 435 9
435 434 6
434 433 27
433 432 35
432 431 8
431 430 24
430 429 34
429 428 13
428 427 10
427 426 44
426 425 14
425 424 43
424 423 3
423 422 1
422 421 31
421 420 53
420 419 13
419 418 1
418 417 75
417 416 1
416 415 7
415 414 7
414 413 27
413 412 5
412 411 57
411 410 2
410 409 20
409 459 6
459 509 27
509 508 37
508 507 15
507 506 11
506 505 15
505 504 10
504 503 11
503 502 20
502 501 3
501 451 27
501 551 11
551 552 3
552 553 20
553 554 11
554 555 10
555 556 15
556 557 11
557 558 15
558 559 37
559 560 20
560 561 2
561 562 57
562 563 5
563 564 27
564 565 7
565 566 7
566 567 1
567 568 75
568 569 1
569 570 13
570 571 53
571 572 31
572 573 1
573 574 3
574 575 43
575 576 14
576 577 44
577 578 10
578 579 13
579 580 34
580 581 24
581 582 8
582 583 35
583 584 27
584 585 6
585 586 9
586 587 28
587 588 10
588 589 17
589 590 4
590 591 7
591 592 46
592 593 5
593 594 58
594 595 23
595 596 27
596 597 19
597 598 17
598 599 7
599 600 6
600 550 11
550 549 6
549 548 7
548 547 17
547 546 19
546 545 27
545 544 23
544 543 58
543 542 5
542 541 46
541 540 7
540 539 4
539 538 17
538 537 10
537 536 28
536 535 9
535 534 6
534 533 27
533 532 35
532 531 8
531 530 24
530 529 34
529 528 13
528 527 10
527 526 44
526 525 14
525 524 43
524 523 3
523 522 1
522 521 31
521 520 53
520 519 13
519 518 1
518 517 75
517 516 1
516 515 7
515 514 7
514 513 27
513 512 5
512 511 57
511 510 2
510 509 20
509 559 11
559 609 12
609 608 37
608 607 15
607 606 11
606 605 15
605 604 10
604 603 11
603 602 20
602 601 3
601 551 12
601 651 32
651 652 3
652 653 20
653 654 11
654 655 10
655 656 15
656 657 11
657 658 15
658 659 37
659 660 20
660 661 2
661 662 57
662 663 5
663 664 27
664 665 7
665 666 7
666 667 1
667 668 75
668 669 1
669 670 13
670 671 53
671 672 31
672 673 1
673 674 3
674 675 43
675 676 14
676 677 44
677 678 10
678 679 13
679 680 34
680 681 24
681 682 8
682 683 35
683 684 27
684 685 6
685 686 9
686 687 28
687 688 10
688 689 17
689 690 4
690 691 7
691 692 46
692 693 5
693 694 58
694 695 23
695 696 27
696 697 19
697 698 17
698 699 7
699 700 6
700 650 32
650 649 6
649 648 7
648 647 17
647 646 19
646 645 27
645 644 23
644 643 58
643 642 5
642 641 46
641 640 7
640 639 4
639 638 17
638 637 10
637 636 28
636 635 9
635 634 6
634 633 27
633 632 35
632 631 8
631 630 24
630 629 34
629 628 13
628 627 10
627 626 44
626 625 14
625 624 43
624 623 3
623 622 1
622 621 31
621 620 53
620 619 13
619 618 1
618 617 75
617 616 1
616 615 7
615 614 7
614 613 27
613 612 5
612 611 57
611 610 2
610 609 20
609 659 32
659 709 4
709 708 37
708 707 15
707 706 11
706 705 15
705 704 10
704 703 11
703 702 20
702 701 3
701 651 4
701 751 15
751 752 3
752 753 20
753 754 11
754 755 10
755 756 15
756 757 11
757 758 15
758 759 37
759 760 20
760 761 2
761 762 57
762 763 5
763 764 27
764 765 7
765 766 7
766 767 1
767 768 75
768 769 1
769 770 13
770 771 53
771 772 31
772 773 1
773 774 3
774 775 43
775 776 14
776 777 44
777 778 10
778 779 13
779 780 34
780 781 24
781 782 8
782 783 35
783 784 27
784 785 6
785 786 9
786 787 28
787 788 10
788 789 17
789 790 4
790 791 7
791 792 46
792 793 5
793 794 58
794 795 23
795 796 27
796 797 19
797 798 17
798 799 7
799 800 6
800 750 15
750 749 6
749 748 7
748 747 17
747 746 19
746 745 27
745 744 23
744 743 58
743 742 5
742 741 46
741 740 7
740 739 4
739 738 17
738 737 10
737 736 28
736 735 9
735 734 6
734 733 27
733 732 35
732 731 8
731 730 24
730 729 34
729 728 13
728 727 10
727 726 44
726 725 14
725 724 43
724 723 3
723 722 1
722 721 31
721 720 53
720 719 13
719 718 1
718 717 75
717 716 1
716 715 7
715 714 7
714 713 27
713 712 5
712 711 57
711 710 2
710 709 20
709 759 15
759 809 34
809 808 37
808 807 15
807 806 11
806 805 15
805 804 10
804 803 11
803 802 20
802 801 3
801 751 34
801 851 13
851 852 3
852 853 20
853 854 11
854 855 10
855 856 15
856 857 11
857 858 15
858 859 37
859 860 20
860 861 2
861 862 57
862 863 5
863 864 27
864 865 7
865 866 7
866 867 1
867 868 75
868 869 1
869 870 13
870 871 53
871 872 31
872 873 1
873 874 3
874 875 43
875 876 14
876 877 44
877 878 10
878 879 13
879 880 34
880 881 24
881 882 8
882 883 35
883 884 27
884 885 6
885 886 9
886 887 28
887 888 10
888 889 17
889 890 4
890 891 7
891 892 46
892 893 5
893 894 58
894 895 23
895 896 27
896 897 19
897 898 17
898 899 7
899 900 6
900 850 13
850 849 6
849 848 7
848 847 17
847 846 19
846 845 27
845 844 23
844 843 58
843 842 5
842 841 46
841 840 7
840 839 4
839 838 17
838 837 10
837 836 28
836 835 9
835 834 6
834 833 27
833 832 35
832 831 8
831 830 24
830 829 34
829 828 13
828 827 10
827 826 44
826 825 14
825 824 43
824 823 3
823 822 1
822 821 31
821 820 53
820 819 13
819 818 1
818 817 75
817 816 1
816 815 7
815 814 7
814 813 27
813 812 5
812 811 57
811 810 2
810 809 20
809 859 13
859 909 31
909 908 37
908 907 15
907 906 11
906 905 15
905 904 10
904 903 11
903 902 20
902 901 3
901 851 31
901 951 29
951 952 3
952 953 20
953 954 11
954 955 10
955 956 15
956 957 11
957 958 15
958 959 37
959 960 20
960 961 2
961 962 57
962 963 5
963 964 27
964 965 7
965 966 7
966 967 1
967 968 75
968 969 1
969 970 13
970 971 53
971 972 31
972 973 1
973 974 3
974 975 43
975 976 14
976 977 44
977 978 10
978 979 13
979 980 34
980 981 24
981 982 8
982 983 35
983 984 27
984 985 6
985 986 9
986 987 28
987 988 10
988 989 17
989 990 4
990 991 7
991 992 46
992 993 5
993 994 58
994 995 23
995 996 27
996 997 19
997 998 17
998 999 7
999 1000 6
1000 950 29
950 949 6
949 948 7
948 947 17
947 946 19
946 945 27
945 944 23
944 943 58
943 942 5
942 941 46
941 940 7
940 939 4
939 938 17
938 937 10
937 936 28
936 935 9
935 934 6
934 933 27
933 932 35
932 931 8
931 930 24
930 929 34
929 928 13
928 927 10
927 926 44
926 925 14
925 924 43
924 923 3
923 922 1
922 921 31
921 920 53
920 919 13
919 918 1
918 917 75
917 916 1
916 915 7
915 914 7
914 913 27
913 912 5
912 911 57
911 910 2
910 909 20
909 959 29
959 1009 40
1009 1008 37
1008 1007 15
1007 1006 11
1006 1005 15
1005 1004 10
1004 1003 11
1003 1002 20
1002 1001 3
1001 951 40
1001 1051 5
1051 1052 3
1052 1053 20
1053 1054 11
1054 1055 10
1055 1056 15
1056 1057 11
1057 1058 15
1058 1059 37
1059 1060 20
1060 1061 2
1061 1062 57
1062 1063 5
1063 1064 27
1064 1065 7
1065 1066 7
1066 1067 1
1067 1068 75
1068 1069 1
1069 1070 13
1070 1071 53
1071 1072 31
1072 1073 1
1073 1074 3
1074 1075 43
1075 1076 14
1076 1077 44
1077 1078 10
1078 1079 13
1079 1080 34
1080 1081 24
1081 1082 8
1082 1083 35
1083 1084 27
1084 1085 6
1085 1086 9
1086 1087 28
1087 1088 10
1088 1089 17
1089 1090 4
1090 1091 7
1091 1092 46
1092 1093 5
1093 1094 58
1094 1095 23
1095 1096 27
1096 1097 19
1097 1098 17
1098 1099 7
1099 1100 6
1100 1050 5
1050 1049 6
1049 1048 7
1048 1047 17
1047 1046 19
1046 1045 27
1045 1044 23
1044 1043 58
1043 1042 5
1042 1041 46
1041 1040 7
1040 1039 4
1039 1038 17
1038 1037 10
1037 1036 28
1036 1035 9
1035 1034 6
1034 1033 27
1033 1032 35
1032 1031 8
1031 1030 24
1030 1029 34
1029 1028 13
1028 1027 10
1027 1026 44
1026 1025 14
1025 1024 43
1024 1023 3
1023 1022 1
1022 1021 31
1021 1020 53
1020 1019 13
1019 1018 1
1018 1017 75
1017 1016 1
1016 1015 7
1015 1014 7
1014 1013 27
1013 1012 5
1012 1011 57
1011 1010 2
1010 1009 20
1009 1059 5
1059 1109 3
1109 1108 37
1108 1107 15
1107 1106 11
1106 1105 15
1105 1104 10
1104 1103 11
1103 1102 20
1102 1101 3
1101 1051 3
1101 1151 5
1151 1152 3
1152 1153 20
1153 1154 11
1154 1155 10
1155 1156 15
1156 1157 11
1157 1158 15
1158 1159 37
1159 1160 20
1160 1161 2
1161 1162 57
1162 1163 5
1163 1164 27
1164 1165 7
1165 1166 7
1166 1167 1
1167 1168 75
1168 1169 1
1169 1170 13
1170 1171 53
1171 1172 31
1172 1173 1
1173 1174 3
1174 1175 43
1175 1176 14
1176 1177 44
1177 1178 10
1178 1179 13
1179 1180 34
1180 1181 24
1181 1182 8
1182 1183 35
1183 1184 27
1184 1185 6
1185 1186 9
1186 1187 28
1187 1188 10
1188 1189 17
1189 1190 4
1190 1191 7
1191 1192 46
1192 1193 5
1193 1194 58
1194 1195 23
1195 1196 27
1196 1197 19
1197 1198 17
1198 1199 7
1199 1200 6
1200 1150 5
1150 1149 6
1149 1148 7
1148 1147 17
1147 1146 19
1146 1145 27
1145 1144 23
1144 1143 58
1143 1142 5
1142 1141 46
1141 1140 7
1140 1139 4
1139 1138 17
1138 1137 10
1137 1136 28
1136 1135 9
1135 1134 6
1134 1133 27
1133 1132 35
1132 1131 8
1131 1130 24
1130 1129 34
1129 1128 13
1128 1127 10
1127 1126 44
1126 1125 14
1125 1124 43
1124 1123 3
1123 1122 1
1122 1121 31
1121 1120 53
1120 1119 13
1119 1118 1
1118 1117 75
1117 1116 1
1116 1115 7
1115 1114 7
1114 1113 27
1113 1112 5
1112 1111 57
1111 1110 2
1110 1109 20
1109 1159 5
1159 1209 57
1209 1208 37
1208 1207 15
1207 1206 11
1206 1205 15
1205 1204 10
1204 1203 11
1203 1202 20
1202 1201 3
1201 1151 57
1201 1251 3
1251 1252 3
1252 1253 20
1253 1254 11
1254 1255 10
1255 1256 15
1256 1257 11
1257 1258 15
1258 1259 37
1259 1260 20
1260 1261 2
1261 1262 57
1262 1263 5
1263 1264 27
1264 1265 7
1265 1266 7
1266 1267 1
1267 1268 75
1268 1269 1
1269 1270 13
1270 1271 53
1271 1272 31
1272 1273 1
1273 1274 3
1274 1275 43
1275 1276 14
1276 1277 44
1277 1278 10
1278 1279 13
1279 1280 34
1280 1281 24
1281 1282 8
1282 1283 35
1283 1284 27
1284 1285 6
1285 1286 9
1286 1287 28
1287 1288 10
1288 1289 17
1289 1290 4
1290 1291 7
1291 1292 46
1292 1293 5
1293 1294 58
1294 1295 23
1295 1296 27
1296 1297 19
1297 1298 17
1298 1299 7
1299 1300 6
1300 1250 3
1250 1249 6
1249 1248 7
1248 1247 17
1247 1246 19
1246 1245 27
1245 1244 23
1244 1243 58
1243 1242 5
1242 1241 46
1241 1240 7
1240 1239 4
1239 1238 17
1238 1237 10
1237 1236 28
1236 1235 9
1235 1234 6
1234 1233 27
1233 1232 35
1232 1231 8
1231 1230 24
1230 1229 34
1229 1228 13
1228 1227 10
1227 1226 44
1226 1225 14
1225 1224 43
1224 1223 3
1223 1222 1
1222 1221 31
1221 1220 53
1220 1219 13
1219 1218 1
1218 1217 75
1217 1216 1
1216 1215 7
1215 1214 7
1214 1213 27
1213 1212 5
1212 1211 57
1211 1210 2
1210 1209 20
1209 1259 3
1259 1309 5
1309 1308 37
1308 1307 15
1307 1306 11
1306 1305 15
1305 1304 10
1304 1303 11
1303 1302 20
1302 1301 3
1301 1251 5
1301 1351 31
1351 1352 3
1352 1353 20
1353 1354 11
1354 1355 10
1355 1356 15
1356 1357 11
1357 1358 15
1358 1359 37
1359 1360 20
1360 1361 2
1361 1362 57
1362 1363 5
1363 1364 27
1364 1365 7
1365 1366 7
1366 1367 1
1367 1368 75
1368 1369 1
1369 1370 13
1370 1371 53
1371 1372 31
1372 1373 1
1373 1374 3
1374 1375 43
1375 1376 14
1376 1377 44
1377 1378 10
1378 1379 13
1379 1380 34
1380 1381 24
1381 1382 8
1382 1383 35
1383 1384 27
1384 1385 6
1385 1386 9
1386 1387 28
1387 1388 10
1388 1389 17
1389 1390 4
1390 1391 7
1391 1392 46
1392 1393 5
1393 1394 58
1394 1395 23
1395 1396 27
1396 1397 19
1397 1398 17
1398 1399 7
1399 1400 6
1400 1350 31
1350 1349 6
1349 1348 7
1348 1347 17
1347 1346 19
1346 1345 27
1345 1344 23
1344 1343 58
1343 1342 5
1342 1341 46
1341 1340 7
1340 1339 4
1339 1338 17
1338 1337 10
1337 1336 28
1336 1335 9
1335 1334 6
1334 1333 27
1333 1332 35
1332 1331 8
1331 1330 24
1330 1329 34
1329 1328 13
1328 1327 10
1327 1326 44
1326 1325 14
1325 1324 43
1324 1323 3
1323 1322 1
1322 1321 31
1321 1320 53
1320 1319 13
1319 1318 1
1318 1317 75
1317 1316 1
1316 1315 7
1315 1314 7
1314 1313 27
1313 1312 5
1312 1311 57
1311 1310 2
1310 1309 20
1309 1359 31
1359 1409 17
1409 1408 37
1408 1407 15
1407 1406 11
1406 1405 15
1405 1404 10
1404 1403 11
1403 1402 20
1402 1401 3
1401 1351 17
1401 1451 18
1451 1452 3
1452 1453 20
1453 1454 11
1454 1455 10
1455 1456 15
1456 1457 11
1457 1458 15
1458 1459 37
1459 1460 20
1460 1461 2
1461 1462 57
1462 1463 5
1463 1464 27
1464 1465 7
1465 1466 7
1466 1467 1
1467 1468 75
1468 1469 1
1469 1470 13
1470 1471 53
1471 1472 31
1472 1473 1
1473 1474 3
1474 1475 43
1475 1476 14
1476 1477 44
1477 1478 10
1478 1479 13
1479 1480 34
1480 1481 24
1481 1482 8
1482 1483 35
1483 1484 27
1484 1485 6
1485 1486 9
1486 1487 28
1487 1488 10
1488 1489 17
1489 1490 4
1490 1491 7
1491 1492 46
1492 1493 5
1493 1494 58
1494 1495 23
1495 1496 27
1496 1497 19
1497 1498 17
1498 1499 7
1499 1500 6
1500 1450 18
1450 1449 6
1449 1448 7
1448 1447 17
1447 1446 19
1446 1445 27
1445 1444 23
1444 1443 58
1443 1442 5
1442 1441 46
1441 1440 7
1440 1439 4
1439 1438 17
1438 1437 10
1437 1436 28
1436 1435 9
1435 1434 6
1434 1433 27
1433 1432 35
1432 1431 8
1431 1430 24
1430 1429 34
1429 1428 13
1428 1427 10
1427 1426 44
1426 1425 14
1425 1424 43
1424 1423 3
1423 1422 1
1422 1421 31
1421 1420 53
1420 1419 13
1419 1418 1
1418 1417 75
1417 1416 1
1416 1415 7
1415 1414 7
1414 1413 27
1413 1412 5
1412 1411 57
1411 1410 2
1410 1409 20
1409 1459 18
1459 1509 71
1509 1508 37
1508 1507 15
1507 1506 11
1506 1505 15
1505 1504 10
1504 1503 11
1503 1502 20
1502 1501 3
1501 1451 71
1501 1551 2
1551 1552 3
1552 1553 20
1553 1554 11
1554 1555 10
1555 1556 15
1556 1557 11
1557 1558 15
1558 1559 37
1559 1560 20
1560 1561 2
1561 1562 57
1562 1563 5
1563 1564 27
1564 1565 7
1565 1566 7
1566 1567 1
1567 1568 75
1568 1569 1
1569 1570 13
1570 1571 53
1571 1572 31
1572 1573 1
1573 1574 3
1574 1575 43
1575 1576 14
1576 1577 44
1577 1578 10
1578 1579 13
1579 1580 34
1580 1581 24
1581 1582 8
1582 1583 35
1583 1584 27
1584 1585 6
1585 1586 9
1586 1587 28
1587 1588 10
1588 1589 17
1589 1590 4
1590 1591 7
1591 1592 46
1592 1593 5
1593 1594 58
1594 1595 23
1595 1596 27
1596 1597 19
1597 1598 17
1598 1599 7
1599 1600 6
1600 1550 2
1550 1549 6
1549 1548 7
1548 1547 17
1547 1546 19
1546 1545 27
1545 1544 23
1544 1543 58
1543 1542 5
1542 1541 46
1541 1540 7
1540 1539 4
1539 1538 17
1538 1537 10
1537 1536 28
1536 1535 9
1535 1534 6
1534 1533 27
1533 1532 35
1532 1531 8
1531 1530 24
1530 1529 34
1529 1528 13
1528 1527 10
1527 1526 44
1526 1525 14
1525 1524 43
1524 1523 3
1523 1522 1
1522 1521 31
1521 1520 53
1520 1519 13
1519 1518 1
1518 1517 75
1517 1516 1
1516 1515 7
1515 1514 7
1514 1513 27
1513 1512 5
1512 1511 57
1511 1510 2
1510 1509 20
1509 1559 2
1559 1609 12
1609 1608 37
1608 1607 15
1607 1606 11
1606 1605 15
1605 1604 10
1604 1603 11
1603 1602 20
1602 1601 3
1601 1551 12
1601 1651 72
1651 1652 3
1652 1653 20
1653 1654 11
1654 1655 10
1655 1656 15
1656 1657 11
1657 1658 15
1658 1659 37
1659 1660 20
1660 1661 2
1661 1662 57
1662 1663 5
1663 1664 27
1664 1665 7
1665 1666 7
1666 1667 1
1667 1668 75
1668 1669 1
1669 1670 13
1670 1671 53
1671 1672 31
1672 1673 1
1673 1674 3
1674 1675 43
1675 1676 14
1676 1677 44
1677 1678 10
1678 1679 13
1679 1680 34
1680 1681 24
1681 1682 8
1682 1683 35
1683 1684 27
1684 1685 6
1685 1686 9
1686 1687 28
1687 1688 10
1688 1689 17
1689 1690 4
1690 1691 7
1691 1692 46
1692 1693 5
1693 1694 58
1694 1695 23
1695 1696 27
1696 1697 19
1697 1698 17
1698 1699 7
1699 1700 6
1700 1650 72
1650 1649 6
1649 1648 7
1648 1647 17
1647 1646 19
1646 1645 27
1645 1644 23
1644 1643 58
1643 1642 5
1642 1641 46
1641 1640 7
1640 1639 4
1639 1638 17
1638 1637 10
1637 1636 28
1636 1635 9
1635 1634 6
1634 1633 27
1633 1632 35
1632 1631 8
1631 1630 24
1630 1629 34
1629 1628 13
1628 1627 10
1627 1626 44
1626 1625 14
1625 1624 43
1624 1623 3
1623 1622 1
1622 1621 31
1621 1620 53
1620 1619 13
1619 1618 1
1618 1617 75
1617 1616 1
1616 1615 7
1615 1614 7
1614 1613 27
1613 1612 5
1612 1611 57
1611 1610 2
1610 1609 20
1609 1659 72
1659 1709 51
1709 1708 37
1708 1707 15
1707 1706 11
1706 1705 15
1705 1704 10
1704 1703 11
1703 1702 20
1702 1701 3
1701 1651 51
1701 1751 3
1751 1752 3
1752 1753 20
1753 1754 11
1754 1755 10
1755 1756 15
1756 1757 11
1757 1758 15
1758 1759 37
1759 1760 20
1760 1761 2
1761 1762 57
1762 1763 5
1763 1764 27
1764 1765 7
1765 1766 7
1766 1767 1
1767 1768 75
1768 1769 1
1769 1770 13
1770 1771 53
1771 1772 31
1772 1773 1
1773 1774 3
1774 1775 43
1775 1776 14
1776 1777 44
1777 1778 10
1778 1779 13
1779 1780 34
1780 1781 24
1781 1782 8
1782 1783 35
1783 1784 27
1784 1785 6
1785 1786 9
1786 1787 28
1787 1788 10
1788 1789 17
1789 1790 4
1790 1791 7
1791 1792 46
1792 1793 5
1793 1794 58
1794 1795 23
1795 2388 27
2388 1797 19
1797 1798 17
1798 1799 7
1799 1800 6
1800 1750 3
1750 1749 6
1749 1748 7
1748 1747 17
1747 1746 19
1746 1745 27
1745 1744 23
1744 1743 58
1743 1742 5
1742 1741 46
1741 1740 7
1740 1739 4
1739 1738 17
1738 1737 10
1737 1736 28
1736 1735 9
1735 1734 6
1734 1733 27
1733 1732 35
1732 1731 8
1731 1730 24
1730 1729 34
1729 1728 13
1728 1727 10
1727 1726 44
1726 1725 14
1725 1724 43
1724 1723 3
1723 1722 1
1722 1721 31
1721 1720 53
1720 1719 13
1719 1718 1
1718 1717 75
1717 1716 1
1716 1715 7
1715 1714 7
1714 1713 27
1713 1712 5
1712 1711 57
1711 1710 2
1710 1709 20
1709 1759 3
1759 1809 5
1809 1808 37
1808 1807 15
1807 1806 11
1806 1805 15
1805 1804 10
1804 1803 11
1803 1802 20
1802 1801 3
1801 1751 5
1801 1851 58
1851 1852 3
1852 1853 20
1853 1854 11
1854 1855 10
1855 1856 15
1856 1857 11
1857 1858 15
1858 1859 37
1859 1860 20
1860 1861 2
1861 1862 57
1862 1863 5
1863 1864 27
1864 1865 7
1865 1866 7
1866 1867 1
1867 1868 75
1868 1869 1
1869 1870 13
1870 1871 53
1871 1872 31
1872 1873 1
1873 1874 3
1874 1875 43
1875 1876 14
1876 1877 44
1877 1878 10
1878 1879 13
1879 1880 34
1880 1881 24
1881 1882 8
1882 1883 35
1883 1884 27
1884 1885 6
1885 1886 9
1886 1887 28
1887 1888 10
1888 1889 17
1889 1890 4
1890 1891 7
1891 1892 46
1892 1893 5
1893 1894 58
1894 1895 23
1895 1896 27
1896 1897 19
1897 1898 17
1898 1899 7
1899 1900 6
1900 1850 58
1850 1849 6
1849 1848 7
1848 1847 17
1847 1846 19
1846 1845 27
1845 1844 23
1844 1843 58
1843 1842 5
1842 1841 46
1841 1840 7
1840 1839 4
1839 1838 17
1838 1837 10
1837 1836 28
1836 1835 9
1835 1834 6
1834 1833 27
1833 1832 35
1832 1831 8
1831 1830 24
1830 1829 34
1829 1828 13
1828 1827 10
1827 1826 44
1826 1825 14
1825 1824 43
1824 1823 3
1823 1822 1
1822 1821 31
1821 1820 53
1820 1819 13
1819 1818 1
1818 1817 75
1817 1816 1
1816 1815 7
1815 1814 7
1814 1813 27
1813 1812 5
1812 1811 57
1811 1810 2
1810 1809 20
1809 1859 58
1859 1909 4
1909 1908 37
1908 1907 15
1907 1906 11
1906 1905 15
1905 1904 10
1904 1903 11
1903 1902 20
1902 1901 3
1901 1851 4
1901 1951 24
1951 1952 3
1952 1953 20
1953 1954 11
1954 1955 10
1955 1956 15
1956 1957 11
1957 1958 15
1958 1959 37
1959 1960 20
1960 1961 2
1961 1962 57
1962 1963 5
1963 1964 27
1964 1965 7
1965 1966 7
1966 1967 1
1967 1968 75
1968 1969 1
1969 1970 13
1970 1971 53
1971 1972 31
1972 1973 1
1973 1974 3
1974 1975 43
1975 1976 14
1976 1977 44
1977 1978 10
1978 1979 13
1979 1980 34
1980 1981 24
1981 1982 8
1982 1983 35
1983 1984 27
1984 1985 6
1985 1986 9
1986 1987 28
1987 1988 10
1988 1989 17
1989 1990 4
1990 1991 7
1991 1992 46
1992 1993 5
1993 1994 58
1994 1995 23
1995 1996 27
1996 1997 19
1997 1998 17
1998 1999 7
1999 2000 6
2000 1950 24
1950 1949 6
1949 1948 7
1948 1947 17
1947 1946 19
1946 1945 27
1945 1944 23
1944 1943 58
1943 1942 5
1942 1941 46
1941 1940 7
1940 1939 4
1939 1938 17
1938 1937 10
1937 1936 28
1936 1935 9
1935 1934 6
1934 1933 27
1933 1932 35
1932 1931 8
1931 1930 24
1930 1929 34
1929 1928 13
1928 1927 10
1927 1926 44
1926 1925 14
1925 1924 43
1924 1923 3
1923 1922 1
1922 1921 31
1921 1920 53
1920 1919 13
1919 1918 1
1918 1917 75
1917 1916 1
1916 1915 7
1915 1914 7
1914 1913 27
1913 1912 5
1912 1911 57
1911 1910 2
1910 1909 20
1909 1959 24
1959 2009 17
2009 2008 37
2008 2007 15
2007 2006 11
2006 2005 15
2005 2004 10
2004 2003 11
2003 2002 20
2002 2001 3
2001 1951 17
2001 2051 16
2051 2052 3
2052 2053 20
2053 2054 11
2054 2055 10
2055 2056 15
2056 2057 11
2057 2058 15
2058 2059 37
2059 2060 20
2060 2061 2
2061 2062 57
2062 2063 5
2063 2064 27
2064 2065 7
2065 2066 7
2066 2067 1
2067 2068 75
2068 2069 1
2069 2070 13
2070 2071 53
2071 2072 31
2072 2073 1
2073 2074 3
2074 2075 43
2075 2076 14
2076 2077 44
2077 2078 10
2078 2079 13
2079 2080 34
2080 2081 24
2081 2082 8
2082 2083 35
2083 2084 27
2084 2085 6
2085 2086 9
2086 2087 28
2087 2088 10
2088 2089 17
2089 2090 4
2090 2091 7
2091 2092 46
2092 2093 5
2093 2094 58
2094 2095 23
2095 2096 27
2096 2097 19
2097 2098 17
2098 2099 7
2099 2100 6
2100 2050 16
2050 2049 6
2049 2048 7
2048 2047 17
2047 2046 19
2046 2045 27
2045 2044 23
2044 2043 58
2043 2042 5
2042 2041 46
2041 2040 7
2040 2039 4
2039 2038 17
2038 2037 10
2037 2036 28
2036 2035 9
2035 2034 6
2034 2033 27
2033 2032 35
2032 2031 8
2031 2030 24
2030 2029 34
2029 2028 13
2028 2027 10
2027 2026 44
2026 2025 14
2025 2024 43
2024 2023 3
2023 2022 1
2022 2021 31
2021 2020 53
2020 2019 13
2019 2018 1
2018 2017 75
2017 2016 1
2016 2015 7
2015 2014 7
2014 2013 27
2013 2012 5
2012 2011 57
2011 2010 2
2010 2009 20
2009 2059 16
2059 2109 10
2109 2108 37
2108 2107 15
2107 2106 11
2106 2105 15
2105 2104 10
2104 2103 11
2103 2102 20
2102 2101 3
2101 2051 10
2101 2151 1
2151 2152 3
2152 2153 20
2153 2154 11
2154 2155 10
2155 2156 15
2156 2157 11
2157 2158 15
2158 2159 37
2159 2160 20
2160 2161 2
2161 2162 57
2162 2163 5
2163 2164 27
2164 2165 7
2165 2166 7
2166 2167 1
2167 2168 75
2168 2169 1
2169 2170 13
2170 2171 53
2171 2172 31
2172 2173 1
2173 2174 3
2174 2175 43
2175 2176 14
2176 2177 44
2177 2178 10
2178 2179 13
2179 2180 34
2180 2181 24
2181 2182 8
2182 2183 35
2183 2184 27
2184 2185 6
2185 2186 9
2186 2187 28
2187 2188 10
2188 2189 17
2189 2190 4
2190 2191 7
2191 2192 46
2192 2193 5
2193 2194 58
2194 2195 23
2195 2196 27
2196 2197 19
2197 2198 17
2198 2199 7
2199 2200 6
2200 2150 1
2150 2149 6
2149 2148 7
2148 2147 17
2147 2146 19
2146 2145 27
2145 2144 23
2144 2143 58
2143 2142 5
2142 2141 46
2141 2140 7
2140 2139 4
2139 2138 17
2138 2137 10
2137 2136 28
2136 2135 9
2135 2134 6
2134 2133 27
2133 2132 35
2132 2131 8
2131 2130 24
2130 2129 34
2129 2128 13
2128 2127 10
2127 2126 44
2126 2125 14
2125 2124 43
2124 2123 3
2123 2122 1
2122 2121 31
2121 2120 53
2120 2119 13
2119 2118 1
2118 2117 75
2117 2116 1
2116 2115 7
2115 2114 7
2114 2113 27
2113 2112 5
2112 2111 57
2111 2110 2
2110 2109 20
2109 2159 1
2159 2209 4
2209 2208 37
2208 2207 15
2207 2206 11
2206 2205 15
2205 2204 10
2204 2203 11
2203 2202 20
2202 2201 3
2201 2151 4
2201 2251 6
2251 2252 3
2252 2253 20
2253 2254 11
2254 2255 10
2255 2256 15
2256 2257 11
2257 2258 15
2258 2259 37
2259 2260 20
2260 2261 2
2261 2262 57
2262 2263 5
2263 2264 27
2264 2265 7
2265 2266 7
2266 2267 1
2267 2268 75
2268 2269 1
2269 2270 13
2270 2271 53
2271 2272 31
2272 2273 1
2273 2274 3
2274 2275 43
2275 2276 14
2276 2277 44
2277 2278 10
2278 2279 13
2279 2280 34
2280 2281 24
2281 2282 8
2282 2283 35
2283 2284 27
2284 2285 6
2285 2286 9
2286 2287 28
2287 2288 10
2288 2289 17
2289 2290 4
2290 2291 7
2291 2292 46
2292 2293 5
2293 2294 58
2294 2295 23
2295 2296 27
2296 2297 19
2297 2298 17
2298 2299 7
2299 2300 6
2300 2250 6
2250 2249 6
2249 2248 7
2248 2247 17
2247 2246 19
2246 2245 27
2245 2244 23
2244 2243 58
2243 2242 5
2242 2241 46
2241 2240 7
2240 2239 4
2239 2238 17
2238 2237 10
2237 2236 28
2236 2235 9
2235 2234 6
2234 2233 27
2233 2232 35
2232 2231 8
2231 2230 24
2230 2229 34
2229 2228 13
2228 2227 10
2227 2226 44
2226 2225 14
2225 2224 43
2224 2223 3
2223 2222 1
2222 2221 31
2221 2220 53
2220 2219 13
2219 2218 1
2218 2217 75
2217 2216 1
2216 2215 7
2215 2214 7
2214 2213 27
2213 2212 5
2212 2211 57
2211 2210 2
2210 2209 20
2209 2259 6
2259 2309 2
2309 2308 37
2308 2307 15
2307 2306 11
2306 2305 15
2305 2304 10
2304 2303 11
2303 2302 20
2302 2301 3
2301 2251 2
2301 2351 40
2351 2352 3
2352 2353 20
2353 2354 11
2354 2355 10
2355 2356 15
2356 2357 11
2357 2358 15
2358 2359 37
2359 2360 20
2360 2361 2
2361 2362 57
2362 2363 5
2363 2364 27
2364 2365 7
2365 2366 7
2366 2367 1
2367 2368 75
2368 2369 1
2369 2370 13
2370 2371 53
2371 2372 31
2372 2373 1
2373 2374 3
2374 2375 43
2375 2376 14
2376 2377 44
2377 2378 10
2378 2379 13
2379 2380 34
2380 2381 24
2381 2382 8
2382 2383 35
2383 2384 27
2384 2385 6
2385 2386 9
2386 2387 28
2387 2388 10
2388 2389 17
2389 2390 4
2390 2391 7
2391 2392 46
2392 2393 5
2393 2394 58
2394 2395 23
2395 2396 27
2396 2397 19
2397 2398 17
2398 2399 7
2399 2400 6
2400 2350 40
2350 2349 6
2349 2348 7
2348 2347 17
2347 2346 19
2346 2345 27
2345 2344 23
2344 2343 58
2343 2342 5
2342 2341 46
2341 2340 7
2340 2339 4
2339 2338 17
2338 2337 10
2337 2336 28
2336 2335 9
2335 2334 6
2334 2333 27
2333 2332 35
2332 2331 8
2331 2330 24
2330 2329 34
2329 2328 13
2328 2327 10
2327 2326 44
2326 2325 14
2325 2324 43
2324 2323 3
2323 2322 1
2322 2321 31
2321 2320 53
2320 2319 13
2319 2318 1
2318 2317 75
2317 2316 1
2316 2315 7
2315 2314 7
2314 2313 27
2313 2312 5
2312 2311 57
2311 2310 2
2310 2309 20
2309 2359 40
2359 2409 12
2409 2408 37
2408 2407 15
2407 2406 11
2406 2405 15
2405 2404 10
2404 2403 11
2403 2402 20
2402 2401 3
2401 2351 12
2401 2451 18
2451 2452 3
2452 2453 20
2453 2454 11
2454 2455 10
2455 2456 15
2456 2457 11
2457 2458 15
2458 2459 37
2459 2460 20
2460 2461 2
2461 2462 57
2462 2463 5
2463 2464 27
2464 2465 7
2465 2466 7
2466 2467 1
2467 2468 75
2468 2469 1
2469 2470 13
2470 2471 53
2471 2472 31
2472 2473 1
2473 2474 3
2474 2475 43
2475 2476 14
2476 2477 44
2477 2478 10
2478 2479 13
2479 2480 34
2480 2481 24
2481 2482 8
2482 2483 35
2483 2484 27
2484 2485 6
2485 2486 9
2486 2487 28
2487 2488 10
2488 2489 17
2489 2490 4
2490 2491 7
2491 2492 46
2492 2493 5
2493 2494 58
2494 2495 23
2495 2496 27
2496 2497 19
2497 2498 17
2498 2499 7
2499 2500 6
2500 2450 18
2450 2449 6
2449 2448 7
2448 2447 17
2447 2446 19
2446 2445 27
2445 2444 23
2444 2443 58
2443 2442 5
2442 2441 46
2441 2440 7
2440 2439 4
2439 2438 17
2438 2437 10
2437 2436 28
2436 2435 9
2435 2434 6
2434 2433 27
2433 2432 35
2432 2431 8
2431 2430 24
2430 2429 34
2429 2428 13
2428 2427 10
2427 2426 44
2426 2425 14
2425 2424 43
2424 2423 3
2423 2422 1
2422 2421 31
2421 2420 53
2420 2419 13
2419 2418 1
2418 2417 75
2417 2416 1
2416 2415 7
2415 2414 7
2414 2413 27
2413 2412 5
2412 2411 57
2411 2410 2
2410 2409 20
2409 2459 18
2410 2360 12
2360 2310 40
2310 2260 2
2260 2210 6
2210 2160 4
2160 2110 1
2110 2060 10
2060 2010 16
2010 1960 17
1960 1910 24
1910 1860 4
1860 1810 58
1810 1760 5
1760 1710 3
1710 1660 51
1660 1610 72
1610 1560 12
1560 1510 2
1510 1460 71
1460 1410 18
1410 1360 17
1360 1310 31
1310 1260 5
1260 1210 3
1210 1160 57
1160 1110 5
1110 1060 3
1060 1010 5
1010 960 40
960 910 29
910 860 31
860 810 13
810 760 34
760 710 15
710 660 4
660 610 32
610 560 12
560 510 11
510 460 27
460 410 6
410 360 9
360 310 16
310 260 8
260 210 2
210 160 10
160 110 38
110 60 12
60 10 37
2410 2460 18
2411 2361 12
2361 2311 40
2311 2261 2
2261 2211 6
2211 2161 4
2161 2111 1
2111 2061 10
2061 2011 16
2011 1961 17
1961 1911 24
1911 1861 4
1861 1811 58
1811 1761 5
1761 1711 3
1711 1661 51
1661 1611 72
1611 1561 12
1561 1511 2
1511 1461 71
1461 1411 18
1411 1361 17
1361 1311 31
1311 1261 5
1261 1211 3
1211 1161 57
1161 1111 5
1111 1061 3
1061 1011 5
1011 961 40
961 911 29
911 861 31
861 811 13
811 761 34
761 711 15
711 661 4
661 611 32
611 561 12
561 511 11
511 461 27
461 411 6
411 361 9
361 311 16
311 261 8
261 211 2
211 161 10
161 111 38
111 61 12
61 11 37
2411 2461 18
2412 2362 12
2362 2312 40
2312 2262 2
2262 2212 6
2212 2162 4
2162 2112 1
2112 2062 10
2062 2012 16
2012 1962 17
1962 1912 24
1912 1862 4
1862 1812 58
1812 1762 5
1762 1712 3
1712 1662 51
1662 1612 72
1612 1562 12
1562 1512 2
1512 1462 71
1462 1412 18
1412 1362 17
1362 1312 31
1312 1262 5
1262 1212 3
1212 1162 57
1162 1112 5
1112 1062 3
1062 1012 5
1012 962 40
962 912 29
912 862 31
862 812 13
812 762 34
762 712 15
712 662 4
662 612 32
612 562 12
562 512 11
512 462 27
462 412 6
412 362 9
362 312 16
312 262 8
262 212 2
212 162 10
162 112 38
112 62 12
62 12 37
2412 2462 18
2413 2363 12
2363 2313 40
2313 2263 2
2263 2213 6
2213 2163 4
2163 2113 1
2113 2063 10
2063 2013 16
2013 1963 17
1963 1913 24
1913 1863 4
1863 1813 58
1813 1763 5
1763 1713 3
1713 1663 51
1663 1613 72
1613 1563 12
1563 1513 2
1513 1463 71
1463 1413 18
1413 1363 17
1363 1313 31
1313 1263 5
1263 1213 3
1213 1163 57
1163 1113 5
1113 1063 3
1063 1013 5
1013 963 40
963 913 29
913 863 31
863 813 13
813 763 34
763 713 15
713 663 4
663 613 32
613 563 12
563 513 11
513 463 27
463 413 6
413 363 9
363 313 16
313 263 8
263 213 2
213 163 10
163 113 38
113 63 12
63 13 37
2413 2463 18
2414 2364 12
2364 2314 40
2314 2264 2
2264 2214 6
2214 2164 4
2164 2114 1
2114 2064 10
2064 2014 16
2014 1964 17
1964 1914 24
1914 1864 4
1864 1814 58
1814 1764 5
1764 1714 3
1714 1664 51
1664 1614 72
1614 1564 12
1564 1514 2
1514 1464 71
1464 1414 18
1414 1364 17
1364 1314 31
1314 1264 5
1264 1214 3
1214 1164 57
1164 1114 5
1114 1064 3
1064 1014 5
1014 964 40
964 914 29
914 864 31
864 814 13
814 764 34
764 714 15
714 664 4
664 614 32
614 564 12
564 514 11
514 464 27
464 414 6
414 364 9
364 314 16
314 264 8
264 214 2
214 164 10
164 114 38
114 64 12
64 14 37
2414 2464 18
2415 2365 12
2365 2315 40
2315 2265 2
2265 2215 6
2215 2165 4
2165 2115 1
2115 2065 10
2065 2015 16
2015 1965 17
1965 1915 24
1915 1865 4
1865 1815 58
1815 1765 5
1765 1715 3
1715 1665 51
1665 1615 72
1615 1565 12
1565 1515 2
1515 1465 71
1465 1415 18
1415 1365 17
1365 1315 31
1315 1265 5
1265 1215 3
1215 1165 57
1165 1115 5
1115 1065 3
1065 1015 5
1015 965 40
965 915 29
915 865 31
865 815 13
815 765 34
765 715 15
715 665 4
665 615 32
615 565 12
565 515 11
515 465 27
465 415 6
415 365 9
365 315 16
315 265 8
265 215 2
215 165 10
165 115 38
115 65 12
65 15 37
2415 2465 18
2416 2366 12
2366 2316 40
2316 2266 2
2266 2216 6
2216 2166 4
2166 2116 1
2116 2066 10
2066 2016 16
2016 1966 17
1966 1916 24
1916 1866 4
1866 1816 58
1816 1766 5
1766 1716 3
1716 1666 51
1666 1616 72
1616 1566 12
1566 1516 2
1516 1466 71
1466 1416 18
1416 1366 17
1366 1316 31
1316 1266 5
1266 1216 3
1216 1166 57
1166 1116 5
1116 1066 3
1066 1016 5
1016 966 40
966 916 29
916 866 31
866 816 13
816 766 34
766 716 15
716 666 4
666 616 32
616 566 12
566 516 11
516 466 27
466 416 6
416 366 9
366 316 16
316 266 8
266 216 2
216 166 10
166 116 38
116 66 12
66 16 37
2416 2466 18
2417 2367 12
2367 2317 40
2317 2267 2
2267 2217 6
2217 2167 4
2167 2117 1
2117 2067 10
2067 2017 16
2017 1967 17
1967 1917 24
1917 1867 4
1867 1817 58
1817 1767 5
1767 1717 3
1717 1667 51
1667 1617 72
1617 1567 12
1567 1517 2
1517 1467 71
1467 1417 18
1417 1367 17
1367 1317 31
1317 1267 5
1267 1217 3
1217 1167 57
1167 1117 5
1117 1067 3
1067 1017 5
1017 967 40
967 917 29
917 867 31
867 817 13
817 767 34
767 717 15
717 667 4
667 617 32
617 567 12
567 517 11
517 467 27
467 417 6
417 367 9
367 317 16
317 267 8
267 217 2
217 167 10
167 117 38
117 67 12
67 17 37
2417 2467 18
2418 2368 12
2368 2318 40
2318 2268 2
2268 2218 6
2218 2168 4
2168 2118 1
2118 2068 10
2068 2018 16
2018 1968 17
1968 1918 24
1918 1868 4
1868 1818 58
1818 1768 5
1768 1718 3
1718 1668 51
1668 1618 72
1618 1568 12
1568 1518 2
1518 1468 71
1468 1418 18
1418 1368 17
1368 1318 31
1318 1268 5
1268 1218 3
1218 1168 57
1168 1118 5
1118 1068 3
1068 1018 5
1018 968 40
968 918 29
918 868 31
868 818 13
818 768 34
768 718 15
718 668 4
668 618 32
618 568 12
568 518 11
518 468 27
468 418 6
418 368 9
368 318 16
318 268 8
268 218 2
218 168 10
168 118 38
118 68 12
68 18 37
2418 2468 18
2419 2369 12
2369 2319 40
2319 2269 2
2269 2219 6
2219 2169 4
2169 2119 1
2119 2069 10
2069 2019 16
2019 1969 17
1969 1919 24
1919 1869 4
1869 1819 58
1819 1769 5
1769 1719 3
1719 1669 51
1669 1619 72
1619 1569 12
1569 1519 2
1519 1469 71
1469 1419 18
1419 1369 17
1369 1319 31
1319 1269 5
1269 1219 3
1219 1169 57
1169 1119 5
1119 1069 3
1069 1019 5
1019 969 40
969 919 29
919 869 31
869 819 13
819 769 34
769 719 15
719 669 4
669 619 32
619 569 12
569 519 11
519 469 27
469 419 6
419 369 9
369 319 16
319 269 8
269 219 2
219 169 10
169 119 38
119 69 12
69 19 37
2419 2469 18
2420 2370 12
2370 2320 40
2320 2270 2
2270 2220 6
2220 2170 4
2170 2120 1
2120 2070 10
2070 2020 16
2020 1970 17
1970 1920 24
1920 1870 4
1870 1820 58
1820 1770 5
1770 1720 3
1720 1670 51
1670 1620 72
1620 1570 12
1570 1520 2
1520 1470 71
1470 1420 18
1420 1370 17
1370 1320 31
1320 1270 5
1270 1220 3
1220 1170 57
1170 1120 5
1120 1070 3
1070 1020 5
1020 970 40
970 920 29
920 870 31
870 820 13
820 770 34
770 720 15
720 670 4
670 620 32
620 570 12
570 520 11
520 470 27
470 420 6
420 370 9
370 320 16
320 270 8
270 220 2
220 170 10
170 120 38
120 70 12
70 20 37
2420 2470 18
2421 2371 12
2371 2321 40
2321 2271 2
2271 2221 6
2221 2171 4
2171 2121 1
2121 2071 10
2071 2021 16
2021 1971 17
1971 1921 24
1921 1871 4
1871 1821 58
1821 1771 5
1771 1721 3
1721 1671 51
1671 1621 72
1621 1571 12
1571 1521 2
1521 1471 71
1471 1421 18
1421 1371 17
1371 1321 31
1321 1271 5
1271 1221 3
1221 1171 57
1171 1121 5
1121 1071 3
1071 1021 5
1021 971 40
971 921 29
921 871 31
871 821 13
821 771 34
771 721 15
721 671 4
671 621 32
621 571 12
571 521 11
521 471 27
471 421 6
421 371 9
371 321 16
321 271 8
271 221 2
221 171 10
171 121 38
121 71 12
71 21 37
2421 2471 18
2422 2372 12
2372 2322 40
2322 2272 2
2272 2222 6
2222 2172 4
2172 2122 1
2122 2072 10
2072 2022 16
2022 1972 17
1972 1922 24
1922 1872 4
1872 1822 58
1822 1772 5
1772 1722 3
1722 1672 51
1672 1622 72
1622 1572 12
1572 1522 2
1522 1472 71
1472 1422 18
1422 1372 17
1372 1322 31
1322 1272 5
1272 1222 3
1222 1172 57
1172 1122 5
1122 1072 3
1072 1022 5
1022 972 40
972 922 29
922 872 31
872 822 13
822 772 34
772 722 15
722 672 4
672 622 32
622 572 12
572 522 11
522 472 27
472 422 6
422 372 9
372 322 16
322 272 8
272 222 2
222 172 10
172 122 38
122 72 12
72 22 37
2422 2472 18
2423 2373 12
2373 2323 40
2323 2273 2
2273 2223 6
2223 2173 4
2173 2123 1
2123 2073 10
2073 2023 16
2023 1973 17
1973 1923 24
1923 1873 4
1873 1823 58
1823 1773 5
1773 1723 3
1723 1673 51
1673 1623 72
1623 1573 12
1573 1523 2
1523 1473 71
1473 1423 18
1423 1373 17
1373 1323 31
1323 1273 5
1273 1223 3
1223 1173 57
1173 1123 5
1123 1073 3
1073 1023 5
1023 973 40
973 923 29
923 873 31
873 823 13
823 773 34
773 723 15
723 673 4
673 623 32
623 573 12
573 523 11
523 473 27
473 423 6
423 373 9
373 323 16
323 273 8
273 223 2
223 173 10
173 123 38
123 73 12
73 23 37
2423 2473 18
2424 2374 12
2374 2324 40
2324 2274 2
2274 2224 6
2224 2174 4
2174 2124 1
2124 2074 10
2074 2024 16
2024 1974 17
1974 1924 24
1924 1874 4
1874 1824 58
1824 1774 5
1774 1724 3
1724 1674 51
1674 1624 72
1624 1574 12
1574 1524 2
1524 1474 71
1474 1424 18
1424 1374 17
1374 1324 31
1324 1274 5
1274 1224 3
1224 1174 57
1174 1124 5
1124 1074 3
1074 1024 5
1024 974 40
974 924 29
924 874 31
874 824 13
824 774 34
774 724 15
724 674 4
674 624 32
624 574 12
574 524 11
524 474 27
474 424 6
424 374 9
374 324 16
324 274 8
274 224 2
224 174 10
174 124 38
124 74 12
74 24 37
2424 2474 18
2425 2375 12
2375 2325 40
2325 2275 2
2275 2225 6
2225 2175 4
2175 2125 1
2125 2075 10
2075 2025 16
2025 1975 17
1975 1925 24
1925 1875 4
1875 1825 58
1825 1775 5
1775 1725 3
1725 1675 51
1675 1625 72
1625 1575 12
1575 1525 2
1525 1475 71
1475 1425 18
1425 1375 17
1375 1325 31
1325 1275 5
1275 1225 3
1225 1175 57
1175 1125 5
1125 1075 3
1075 1025 5
1025 975 40
975 925 29
925 875 31
875 825 13
825 775 34
775 725 15
725 675 4
675 625 32
625 575 12
575 525 11
525 475 27
475 425 6
425 375 9
375 325 16
325 275 8
275 225 2
225 175 10
175 125 38
125 75 12
75 25 37
2425 2475 18
2426 2376 12
2376 2326 40
2326 2276 2
2276 2226 6
2226 2176 4
2176 2126 1
2126 2076 10
2076 2026 16
2026 1976 17
1976 1926 24
1926 1876 4
1876 1826 58
1826 1776 5
1776 1726 3
1726 1676 51
1676 1626 72
1626 1576 12
1576 1526 2
1526 1476 71
1476 1426 18
1426 1376 17
1376 1326 31
1326 1276 5
1276 1226 3
1226 1176 57
1176 1126 5
1126 1076 3
1076 1026 5
1026 976 40
976 926 29
926 876 31
876 826 13
826 776 34
776 726 15
726 676 4
676 626 32
626 576 12
576 526 11
526 476 27
476 426 6
426 376 9
376 326 16
326 276 8
276 226 2
226 176 10
176 126 38
126 76 12
76 26 37
2426 2476 18
2427 2377 12
2377 2327 40
2327 2277 2
2277 2227 6
2227 2177 4
2177 2127 1
2127 2077 10
2077 2027 16
2027 1977 17
1977 1927 24
1927 1877 4
1877 1827 58
1827 1777 5
1777 1727 3
1727 1677 51
1677 1627 72
1627 1577 12
1577 1527 2
1527 1477 71
1477 1427 18
1427 1377 17
1377 1327 31
1327 1277 5
1277 1227 3
1227 1177 57
1177 1127 5
1127 1077 3
1077 1027 5
1027 977 40
977 927 29
927 877 31
877 827 13
827 777 34
777 727 15
727 677 4
677 627 32
627 577 12
577 527 11
527 477 27
477 427 6
427 377 9
377 327 16
327 277 8
277 227 2
227 177 10
177 127 38
127 77 12
77 27 37
2427 2477 18
2428 2378 12
2378 2328 40
2328 2278 2
2278 2228 6
2228 2178 4
2178 2128 1
2128 2078 10
2078 2028 16
2028 1978 17
1978 1928 24
1928 1878 4
1878 1828 58
1828 1778 5
1778 1728 3
1728 1678 51
1678 1628 72
1628 1578 12
1578 1528 2
1528 1478 71
1478 1428 18
1428 1378 17
1378 1328 31
1328 1278 5
1278 1228 3
1228 1178 57
1178 1128 5
1128 1078 3
1078 1028 5
1028 978 40
978 928 29
928 878 31
878 828 13
828 778 34
778 728 15
728 678 4
678 628 32
628 578 12
578 528 11
528 478 27
478 428 6
428 378 9
378 328 16
328 278 8
278 228 2
228 178 10
178 128 38
128 78 12
78 28 37
2428 2478 18
2429 2379 12
2379 2329 40
2329 2279 2
2279 2229 6
2229 2179 4
2179 2129 1
2129 2079 10
2079 2029 16
2029 1979 17
1979 1929 24
1929 1879 4
1879 1829 58
1829 1779 5
1779 1729 3
1729 1679 51
1679 1629 72
1629 1579 12
1579 1529 2
1529 1479 71
1479 1429 18
1429 1379 17
1379 1329 31
1329 1279 5
1279 1229 3
1229 1179 57
1179 1129 5
1129 1079 3
1079 1029 5
1029 979 40
979 929 29
929 879 31
879 829 13
829 779 34
779 729 15
729 679 4
679 629 32
629 579 12
579 529 11
529 479 27
479 429 6
429 379 9
379 329 16
329 279 8
279 229 2
229 179 10
179 129 38
129 79 12
79 29 37
2429 2479 18
2430 2380 12
2380 2330 40
2330 2280 2
2280 2230 6
2230 2180 4
2180 2130 1
2130 2080 10
2080 2030 16
2030 1980 17
1980 1930 24
1930 1880 4
1880 1830 58
1830 1780 5
1780 1730 3
1730 1680 51
1680 1630 72
1630 1580 12
1580 1530 2
1530 1480 71
1480 1430 18
1430 1380 17
1380 1330 31
1330 1280 5
1280 1230 3
1230 1180 57
1180 1130 5
1130 1080 3
1080 1030 5
1030 980 40
980 930 29
930 880 31
880 830 13
830 780 34
780 730 15
730 680 4
680 630 32
630 580 12
580 530 11
530 480 27
480 430 6
430 380 9
380 330 16
330 280 8
280 230 2
230 180 10
180 130 38
130 80 12
80 30 37
2430 2480 18
2431 2381 12
2381 2331 40
2331 2281 2
2281 2231 6
2231 2181 4
2181 2131 1
2131 2081 10
2081 2031 16
2031 1981 17
1981 1931 24
1931 1881 4
1881 1831 58
1831 1781 5
1781 1731 3
1731 1681 51
1681 1631 72
1631 1581 12
1581 1531 2
1531 1481 71
1481 1431 18
1431 1381 17
1381 1331 31
1331 1281 5
1281 1231 3
1231 1181 57
1181 1131 5
1131 1081 3
1081 1031 5
1031 981 40
981 931 29
931 881 31
881 831 13
831 781 34
781 731 15
731 681 4
681 631 32
631 581 12
581 531 11
531 481 27
481 431 6
431 381 9
381 331 16
331 281 8
281 231 2
231 181 10
181 131 38
131 81 12
81 31 37
2431 2481 18
2432 2382 12
2382 2332 40
2332 2282 2
2282 2232 6
2232 2182 4
2182 2132 1
2132 2082 10
2082 2032 16
2032 1982 17
1982 1932 24
1932 1882 4
1882 1832 58
1832 1782 5
1782 1732 3
1732 1682 51
1682 1632 72
1632 1582 12
1582 1532 2
1532 1482 71
1482 1432 18
1432 1382 17
1382 1332 31
1332 1282 5
1282 1232 3
1232 1182 57
1182 1132 5
1132 1082 3
1082 1032 5
1032 982 40
982 932 29
932 882 31
882 832 13
832 782 34
782 732 15
732 682 4
682 632 32
632 582 12
582 532 11
532 482 27
482 432 6
432 382 9
382 332 16
332 282 8
282 232 2
232 182 10
182 132 38
132 82 12
82 32 37
2432 2482 18
2433 2383 12
2383 2333 40
2333 2283 2
2283 2233 6
2233 2183 4
2183 2133 1
2133 2083 10
2083 2033 16
2033 1983 17
1983 1933 24
1933 1883 4
1883 1833 58
1833 1783 5
1783 1733 3
1733 1683 51
1683 1633 72
1633 1583 12
1583 1533 2
1533 1483 71
1483 1433 18
1433 1383 17
1383 1333 31
1333 1283 5
1283 1233 3
1233 1183 57
1183 1133 5
1133 1083 3
1083 1033 5
1033 983 40
983 933 29
933 883 31
883 833 13
833 783 34
783 733 15
733 683 4
683 633 32
633 583 12
583 533 11
533 483 27
483 433 6
433 383 9
383 333 16
333 283 8
283 233 2
233 183 10
183 133 38
133 83 12
83 33 37
2433 2483 18
2434 2384 12
2384 2334 40
2334 2284 2
2284 2234 6
2234 2184 4
2184 2134 1
2134 2084 10
2084 2034 16
2034 1984 17
1984 1934 24
1934 1884 4
1884 1834 58
1834 1784 5
1784 1734 3
1734 1684 51
1684 1634 72
1634 1584 12
1584 1534 2
1534 1484 71
1484 1434 18
1434 1384 17
1384 1334 31
1334 1284 5
1284 1234 3
1234 1184 57
1184 1134 5
1134 1084 3
1084 1034 5
1034 984 40
984 934 29
934 884 31
884 834 13
834 784 34
784 734 15
734 684 4
684 634 32
634 584 12
584 534 11
534 484 27
484 434 6
434 384 9
384 334 16
334 284 8
284 234 2
234 184 10
184 134 38
134 84 12
84 34 37
2434 2484 18
2435 2385 12
2385 2335 40
2335 2285 2
2285 2235 6
2235 2185 4
2185 2135 1
2135 2085 10
2085 2035 16
2035 1985 17
1985 1935 24
1935 1885 4
1885 1835 58
1835 1785 5
1785 1735 3
1735 1685 51
1685 1635 72
1635 1585 12
1585 1535 2
1535 1485 71
1485 1435 18
1435 1385 17
1385 1335 31
1335 1285 5
1285 1235 3
1235 1185 57
1185 1135 5
1135 1085 3
1085 1035 5
1035 985 40
985 935 29
935 885 31
885 835 13
835 785 34
785 735 15
735 685 4
685 635 32
635 585 12
585 535 11
535 485 27
485 435 6
435 385 9
385 335 16
335 285 8
285 235 2
235 185 10
185 135 38
135 85 12
85 35 37
2435 2485 18
2436 2386 12
2386 2336 40
2336 2286 2
2286 2236 6
2236 2186 4
2186 2136 1
2136 2086 10
2086 2036 16
2036 1986 17
1986 1936 24
1936 1886 4
1886 1836 58
1836 1786 5
1786 1736 3
1736 1686 51
1686 1636 72
1636 1586 12
1586 1536 2
1536 1486 71
1486 1436 18
1436 1386 17
1386 1336 31
1336 1286 5
1286 1236 3
1236 1186 57
1186 1136 5
1136 1086 3
1086 1036 5
1036 986 40
986 936 29
936 886 31
886 836 13
836 786 34
786 736 15
736 686 4
686 636 32
636 586 12
586 536 11
536 486 27
486 436 6
436 386 9
386 336 16
336 286 8
286 236 2
236 186 10
186 136 38
136 86 12
86 36 37
2436 2486 18
2437 2387 12
2387 2337 40
2337 2287 2
2287 2237 6
2237 2187 4
2187 2137 1
2137 2087 10
2087 2037 16
2037 1987 17
1987 1937 24
1937 1887 4
1887 1837 58
1837 1787 5
1787 1737 3
1737 1687 51
1687 1637 72
1637 1587 12
1587 1537 2
1537 1487 71
1487 1437 18
1437 1387 17
1387 1337 31
1337 1287 5
1287 1237 3
1237 1187 57
1187 1137 5
1137 1087 3
1087 1037 5
1037 987 40
987 937 29
937 887 31
887 837 13
837 787 34
787 737 15
737 687 4
687 637 32
637 587 12
587 537 11
537 487 27
487 437 6
437 387 9
387 337 16
337 287 8
287 237 2
237 187 10
187 137 38
137 87 12
87 37 37
2437 2487 18
2438 2388 12
2388 2338 40
2338 2288 2
2288 2238 6
2238 2188 4
2188 2138 1
2138 2088 10
2088 2038 16
2038 1988 17
1988 1938 24
1938 1888 4
1888 1838 58
1838 1788 5
1788 1738 3
1738 1688 51
1688 1638 72
1638 1588 12
1588 1538 2
1538 1488 71
1488 1438 18
1438 1388 17
1388 1338 31
1338 1288 5
1288 1238 3
1238 1188 57
1188 1138 5
1138 1088 3
1088 1038 5
1038 988 40
988 938 29
938 888 31
888 838 13
838 788 34
788 738 15
738 688 4
688 638 32
638 588 12
588 538 11
538 488 27
488 438 6
438 388 9
388 338 16
338 288 8
288 238 2
238 188 10
188 138 38
138 88 12
88 38 37
2388 1746 3
1746 1696 51
1696 1646 72
1646 1596 12
1596 1546 2
1546 1496 71
1496 1446 18
1446 1396 17
1396 1346 31
1346 1296 5
1296 1246 3
1246 1196 57
1196 1146 5
1146 1096 3
1096 1046 5
1046 996 40
996 946 29
946 896 31
896 846 13
846 796 34
796 746 15
746 696 4
696 646 32
646 596 12
596 546 11
546 496 27
496 446 6
446 396 9
396 346 16
346 296 8
296 246 2
246 196 10
196 146 38
146 96 12
96 46 37
2388 1846 5
1846 1896 58
1896 1946 4
1946 1996 24
1996 2046 17
2046 2096 16
2096 2146 10
2146 2196 1
2196 2246 4
2246 2296 6
2296 2346 2
2346 2396 40
2396 2446 12
2446 2496 18
2438 2488 18
2439 2389 12
2389 2339 40
2339 2289 2
2289 2239 6
2239 2189 4
2189 2139 1
2139 2089 10
2089 2039 16
2039 1989 17
1989 1939 24
1939 1889 4
1889 1839 58
1839 1789 5
1789 1739 3
1739 1689 51
1689 1639 72
1639 1589 12
1589 1539 2
1539 1489 71
1489 1439 18
1439 1389 17
1389 1339 31
1339 1289 5
1289 1239 3
1239 1189 57
1189 1139 5
1139 1089 3
1089 1039 5
1039 989 40
989 939 29
939 889 31
889 839 13
839 789 34
789 739 15
739 689 4
689 639 32
639 589 12
589 539 11
539 489 27
489 439 6
439 389 9
389 339 16
339 289 8
289 239 2
239 189 10
189 139 38
139 89 12
89 39 37
2439 2489 18
2440 2390 12
2390 2340 40
2340 2290 2
2290 2240 6
2240 2190 4
2190 2140 1
2140 2090 10
2090 2040 16
2040 1990 17
1990 1940 24
1940 1890 4
1890 1840 58
1840 1790 5
1790 1740 3
1740 1690 51
1690 1640 72
1640 1590 12
1590 1540 2
1540 1490 71
1490 1440 18
1440 1390 17
1390 1340 31
1340 1290 5
1290 1240 3
1240 1190 57
1190 1140 5
1140 1090 3
1090 1040 5
1040 990 40
990 940 29
940 890 31
890 840 13
840 790 34
790 740 15
740 690 4
690 640 32
640 590 12
590 540 11
540 490 27
490 440 6
440 390 9
390 340 16
340 290 8
290 240 2
240 190 10
190 140 38
140 90 12
90 40 37
2440 2490 18
2441 2391 12
2391 2341 40
2341 2291 2
2291 2241 6
2241 2191 4
2191 2141 1
2141 2091 10
2091 2041 16
2041 1991 17
1991 1941 24
1941 1891 4
1891 1841 58
1841 1791 5
1791 1741 3
1741 1691 51
1691 1641 72
1641 1591 12
1591 1541 2
1541 1491 71
1491 1441 18
1441 1391 17
1391 1341 31
1341 1291 5
1291 1241 3
1241 1191 57
1191 1141 5
1141 1091 3
1091 1041 5
1041 991 40
991 941 29
941 891 31
891 841 13
841 791 34
791 741 15
741 691 4
691 641 32
641 591 12
591 541 11
541 491 27
491 441 6
441 391 9
391 341 16
341 291 8
291 241 2
241 191 10
191 141 38
141 91 12
91 41 37
2441 2491 18
2442 2392 12
2392 2342 40
2342 2292 2
2292 2242 6
2242 2192 4
2192 2142 1
2142 2092 10
2092 2042 16
2042 1992 17
1992 1942 24
1942 1892 4
1892 1842 58
1842 1792 5
1792 1742 3
1742 1692 51
1692 1642 72
1642 1592 12
1592 1542 2
1542 1492 71
1492 1442 18
1442 1392 17
1392 1342 31
1342 1292 5
1292 1242 3
1242 1192 57
1192 1142 5
1142 1092 3
1092 1042 5
1042 992 40
992 942 29
942 892 31
892 842 13
842 792 34
792 742 15
742 692 4
692 642 32
642 592 12
592 542 11
542 492 27
492 442 6
442 392 9
392 342 16
342 292 8
292 242 2
242 192 10
192 142 38
142 92 12
92 42 37
2442 2492 18
2443 2393 12
2393 2343 40
2343 2293 2
2293 2243 6
2243 2193 4
2193 2143 1
2143 2093 10
2093 2043 16
2043 1993 17
1993 1943 24
1943 1893 4
1893 1843 58
1843 1793 5
1793 1743 3
1743 1693 51
1693 1643 72
1643 1593 12
1593 1543 2
1543 1493 71
1493 1443 18
1443 1393 17
1393 1343 31
1343 1293 5
1293 1243 3
1243 1193 57
1193 1143 5
1143 1093 3
1093 1043 5
1043 993 40
993 943 29
943 893 31
893 843 13
843 793 34
793 743 15
743 693 4
693 643 32
643 593 12
593 543 11
543 493 27
493 443 6
443 393 9
393 343 16
343 293 8
293 243 2
243 193 10
193 143 38
143 93 12
93 43 37
2443 2493 18
2444 2394 12
2394 2344 40
2344 2294 2
2294 2244 6
2244 2194 4
2194 2144 1
2144 2094 10
2094 2044 16
2044 1994 17
1994 1944 24
1944 1894 4
1894 1844 58
1844 1794 5
1794 1744 3
1744 1694 51
1694 1644 72
1644 1594 12
1594 1544 2
1544 1494 71
1494 1444 18
1444 1394 17
1394 1344 31
1344 1294 5
1294 1244 3
1244 1194 57
1194 1144 5
1144 1094 3
1094 1044 5
1044 994 40
994 944 29
944 894 31
894 844 13
844 794 34
794 744 15
744 694 4
694 644 32
644 594 12
594 544 11
544 494 27
494 444 6
444 394 9
394 344 16
344 294 8
294 244 2
244 194 10
194 144 38
144 94 12
94 44 37
2444 2494 18
2445 2395 12
2395 2345 40
2345 2295 2
2295 2245 6
2245 2195 4
2195 2145 1
2145 2095 10
2095 2045 16
2045 1995 17
1995 1945 24
1945 1895 4
1895 1845 58
1845 1795 5
1795 1745 3
1745 1695 51
1695 1645 72
1645 1595 12
1595 1545 2
1545 1495 71
1495 1445 18
1445 1395 17
1395 1345 31
1345 1295 5
1295 1245 3
1245 1195 57
1195 1145 5
1145 1095 3
1095 1045 5
1045 995 40
995 945 29
945 895 31
895 845 13
845 795 34
795 745 15
745 695 4
695 645 32
645 595 12
595 545 11
545 495 27
495 445 6
445 395 9
395 345 16
345 295 8
295 245 2
245 195 10
195 145 38
145 95 12
95 45 37
2445 2495 18
2447 2397 12
2397 2347 40
2347 2297 2
2297 2247 6
2247 2197 4
2197 2147 1
2147 2097 10
2097 2047 16
2047 1997 17
1997 1947 24
1947 1897 4
1897 1847 58
1847 1797 5
1797 1747 3
1747 1697 51
1697 1647 72
1647 1597 12
1597 1547 2
1547 1497 71
1497 1447 18
1447 1397 17
1397 1347 31
1347 1297 5
1297 1247 3
1247 1197 57
1197 1147 5
1147 1097 3
1097 1047 5
1047 997 40
997 947 29
947 897 31
897 847 13
847 797 34
797 747 15
747 697 4
697 647 32
647 597 12
597 547 11
547 497 27
497 447 6
447 397 9
397 347 16
347 297 8
297 247 2
247 197 10
197 147 38
147 97 12
97 47 37
2447 2497 18
2448 2398 12
2398 2348 40
2348 2298 2
2298 2248 6
2248 2198 4
2198 2148 1
2148 2098 10
2098 2048 16
2048 1998 17
1998 1948 24
1948 1898 4
1898 1848 58
1848 1798 5
1798 1748 3
1748 1698 51
1698 1648 72
1648 1598 12
1598 1548 2
1548 1498 71
1498 1448 18
1448 1398 17
1398 1348 31
1348 1298 5
1298 1248 3
1248 1198 57
1198 1148 5
1148 1098 3
1098 1048 5
1048 998 40
998 948 29
948 898 31
898 848 13
848 798 34
798 748 15
748 698 4
698 648 32
648 598 12
598 548 11
548 498 27
498 448 6
448 398 9
398 348 16
348 298 8
298 248 2
248 198 10
198 148 38
148 98 12
98 48 37
2448 2498 18
2449 2399 12
2399 2349 40
2349 2299 2
2299 2249 6
2249 2199 4
2199 2149 1
2149 2099 10
2099 2049 16
2049 1999 17
1999 1949 24
1949 1899 4
1899 1849 58
1849 1799 5
1799 1749 3
1749 1699 51
1699 1649 72
1649 1599 12
1599 1549 2
1549 1499 71
1499 1449 18
1449 1399 17
1399 1349 31
1349 1299 5
1299 1249 3
1249 1199 57
1199 1149 5
1149 1099 3
1099 1049 5
1049 999 40
999 949 29
949 899 31
899 849 13
849 799 34
799 749 15
749 699 4
699 649 32
649 599 12
599 549 11
549 499 27
499 449 6
449 399 9
399 349 16
349 299 8
299 249 2
249 199 10
199 149 38
149 99 12
99 49 37
2449 2499 18
2450 2400 12
2458 2408 18
2408 2358 12
2358 2308 40
2308 2258 2
2258 2208 6
2208 2158 4
2158 2108 1
2108 2058 10
2058 2008 16
2008 1958 17
1958 1908 24
1908 1858 4
1858 1808 58
1808 1758 5
1758 1708 3
1708 1658 51
1658 1608 72
1608 1558 12
1558 1508 2
1508 1458 71
1458 1408 18
1408 1358 17
1358 1308 31
1308 1258 5
1258 1208 3
1208 1158 57
1158 1108 5
1108 1058 3
1058 1008 5
1008 958 40
958 908 29
908 858 31
858 808 13
808 758 34
758 708 15
708 658 4
658 608 32
608 558 12
558 508 11
508 458 27
458 408 6
408 358 9
358 308 16
308 258 8
258 208 2
208 158 10
158 108 38
108 58 12
58 8 37
2457 2407 18
2407 2357 12
2357 2307 40
2307 2257 2
2257 2207 6
2207 2157 4
2157 2107 1
2107 2057 10
2057 2007 16
2007 1957 17
1957 1907 24
1907 1857 4
1857 1807 58
1807 1757 5
1757 1707 3
1707 1657 51
1657 1607 72
1607 1557 12
1557 1507 2
1507 1457 71
1457 1407 18
1407 1357 17
1357 1307 31
1307 1257 5
1257 1207 3
1207 1157 57
1157 1107 5
1107 1057 3
1057 1007 5
1007 957 40
957 907 29
907 857 31
857 807 13
807 757 34
757 707 15
707 657 4
657 607 32
607 557 12
557 507 11
507 457 27
457 407 6
407 357 9
357 307 16
307 257 8
257 207 2
207 157 10
157 107 38
107 57 12
57 7 37
2456 2406 18
2406 2356 12
2356 2306 40
2306 2256 2
2256 2206 6
2206 2156 4
2156 2106 1
2106 2056 10
2056 2006 16
2006 1956 17
1956 1906 24
1906 1856 4
1856 1806 58
1806 1756 5
1756 1706 3
1706 1656 51
1656 1606 72
1606 1556 12
1556 1506 2
1506 1456 71
1456 1406 18
1406 1356 17
1356 1306 31
1306 1256 5
1256 1206 3
1206 1156 57
1156 1106 5
1106 1056 3
1056 1006 5
1006 956 40
956 906 29
906 856 31
856 806 13
806 756 34
756 706 15
706 656 4
656 606 32
606 556 12
556 506 11
506 456 27
456 406 6
406 356 9
356 306 16
306 256 8
256 206 2
206 156 10
156 106 38
106 56 12
56 6 37
2455 2405 18
2405 2355 12
2355 2305 40
2305 2255 2
2255 2205 6
2205 2155 4
2155 2105 1
2105 2055 10
2055 2005 16
2005 1955 17
1955 1905 24
1905 1855 4
1855 1805 58
1805 1755 5
1755 1705 3
1705 1655 51
1655 1605 72
1605 1555 12
1555 1505 2
1505 1455 71
1455 1405 18
1405 1355 17
1355 1305 31
1305 1255 5
1255 1205 3
1205 1155 57
1155 1105 5
1105 1055 3
1055 1005 5
1005 955 40
955 905 29
905 855 31
855 805 13
805 755 34
755 705 15
705 655 4
655 605 32
605 555 12
555 505 11
505 455 27
455 405 6
405 355 9
355 305 16
305 255 8
255 205 2
205 155 10
155 105 38
105 55 12
55 5 37
2454 2404 18
2404 2354 12
2354 2304 40
2304 2254 2
2254 2204 6
2204 2154 4
2154 2104 1
2104 2054 10
2054 2004 16
2004 1954 17
1954 1904 24
1904 1854 4
1854 1804 58
1804 1754 5
1754 1704 3
1704 1654 51
1654 1604 72
1604 1554 12
1554 1504 2
1504 1454 71
1454 1404 18
1404 1354 17
1354 1304 31
1304 1254 5
1254 1204 3
1204 1154 57
1154 1104 5
1104 1054 3
1054 1004 5
1004 954 40
954 904 29
904 854 31
854 804 13
804 754 34
754 704 15
704 654 4
654 604 32
604 554 12
554 504 11
504 454 27
454 404 6
404 354 9
354 304 16
304 254 8
254 204 2
204 154 10
154 104 38
104 54 12
54 4 37
2453 2403 18
2403 2353 12
2353 2303 40
2303 2253 2
2253 2203 6
2203 2153 4
2153 2103 1
2103 2053 10
2053 2003 16
2003 1953 17
1953 1903 24
1903 1853 4
1853 1803 58
1803 1753 5
1753 1703 3
1703 1653 51
1653 1603 72
1603 1553 12
1553 1503 2
1503 1453 71
1453 1403 18
1403 1353 17
1353 1303 31
1303 1253 5
1253 1203 3
1203 1153 57
1153 1103 5
1103 1053 3
1053 1003 5
1003 953 40
953 903 29
903 853 31
853 803 13
803 753 34
753 703 15
703 653 4
653 603 32
603 553 12
553 503 11
503 453 27
453 403 6
403 353 9
353 303 16
303 253 8
253 203 2
203 153 10
153 103 38
103 53 12
53 3 37
2452 2402 18
2402 2352 12
2352 2302 40
2302 2252 2
2252 2202 6
2202 2152 4
2152 2102 1
2102 2052 10
2052 2002 16
2002 1952 17
1952 1902 24
1902 1852 4
1852 1802 58
1802 1752 5
1752 1702 3
1702 1652 51
1652 1602 72
1602 1552 12
1552 1502 2
1502 1452 71
1452 1402 18
1402 1352 17
1352 1302 31
1302 1252 5
1252 1202 3
1202 1152 57
1152 1102 5
1102 1052 3
1052 1002 5
1002 952 40
952 902 29
902 852 31
852 802 13
802 752 34
752 702 15
702 652 4
652 602 32
602 552 12
552 502 11
502 452 27
452 402 6
402 352 9
352 302 16
302 252 8
252 202 2
202 152 10
152 102 38
102 52 12
52 2 37
2350 2300 2
2250 2200 4
2150 2100 10
2050 2000 17
1950 1900 4
1850 1800 5
1750 1700 51
1650 1600 12
1550 1500 71
1450 1400 17
1350 1300 5
1250 1200 57
1150 1100 3
1050 1000 40
950 900 31
850 800 34
750 700 4
650 600 12
550 500 27
450 400 9
350 300 8
250 200 10
150 100 12

REQUESTS

BLOCKAGES
310 309
776 777
2267 2268
339 338
340 290
1159 1160
771 721
2138 2088
1562 1512
1931 1881
1770 1771
1617 1567
1494 1495
2110 2060
923 922
18 17
742 741
2424 2374
2288 2238
632 631
736 686
866 867
344 343
621 620
1636 1586
1908 1858
2138 2137
411 361
963 964
2411 2461
1063 1013
151 152
1024 974
327 326
2264 2214
1895 1845
2041 1991
1328 1327
2018 2017
646 645
709 759
2248 2198
693 643
453 454
983 984
758 708
281 231
429 428
2115 2065
1222 1221
2388 2389
177 178
1895 1896
1101 1051
1865 1866
1036 1035
1675 1676
798 799
1558 1559
478 479
806 756
2415 2414
1575 1525
2141 2091
2044 2043
2456 2457
1689 1639
240 190
945 895
1069 1019
2178 2179
287 288
1019 969
593 594
1403 1353
1488 1489
1699 1700
275 276
982 983
658 659
679 629
1029 1028
395 396
102 101
1899 1900
1736 1686
2368 2369
914 864
448 398
1678 1628
2036 1986
1242 1241
1609 1659
1379 1380
2115 2114
605 555
2435 2385
175 176
328 278
93 43
401 351
1477 1478
1952 1902
971 921
1840 1839
1267 1268
297 247
397 398
559 609
160 110
1913 1912
2284 2285
1919 1918
348 347
1081 1031
1360 1310
1616 1566
1572 1522
1114 1064
996 997
380 330
579 580
710 660
2064 2065
79 29
811 761
496 446
1109 1159
1275 1276
86 87
1622 1572
2220 2170
1855 1856
1647 1597
2302 2301
2320 2319
1082 1083
2032 1982
2346 2396
1210 1209
462 412
1321 1320
345 295
1733 1732
6 5
288 289
546 496
2005 1955
451 452
124 74
740 690
623 622
783 784
1343 1293
1022 972
2298 2248
1885 1835
1881 1831
534 533
1322 1272
1545 1495
2074 2024
539 489
357 358
2410 2360
62 63
440 390
53 3
84 85
391 341
781 731
392 342
1843 1793
786 787
183 184
1351 1352
442 392
1049 1048
2414 2364
1850 1800
34 33
54 55
2055 2005
272 222
2299 2249
2439 2489
1701 1651
2074 2075
2033 2032
2050 2000
445 395
698 699
2187 2188
1496 1497
1862 1863
1323 1273
1096 1097
214 164
1211 1210
1553 1554
1332 1282
711 710
182 183
243 193
971 972
104 103
1704 1654
1640 1639
140 90
1765 1766
1219 1169
1590 1591
840 790
1153 1103
2399 2349
126 125
911 861
2092 2093
1547 1546
2026 1976
799 800
720 719
1427 1426
1619 1569
1345 1344
343 342
63 64
1044 1043
2376 2377
303 302
163 113
2097 2098
1442 1392
2404 2403
447 446
765 766
1614 1564
1708 1658
130 129
675 676
2487 2488
1830 1780
715 714
1668 1669
2455 2405
546 545
852 853
2260 2261
1247 1246
1359 1360
2369 2370
981 931
723 673
158 108
1977 1927
1322 1321
990 991
2124 2123
1915 1914
958 959
1278 1279
1235 1185
1240 1190
1658 1608
2359 2409
2183 2184
2213 2212
950 900
216 166
1487 1488
642 641
1935 1934
2245 2195
2133 2132
1392 1393
1222 1172
136 86
2013 1963
1482 1432
2246 2245
470 471
2174 2124
2440 2490
823 822
341 340
907 906
927 926
1828 1827
225 224
959 960
2422 2372
31 30
334 284
231 230
862 812
55 56
2358 2359
1812 1762
2156 2157
1443 1393
1618 1617
1902 1852
2202 2201
875 876
1099 1049
1777 1778
1357 1358
1901 1851
1829 1779
821 820
816 815
506 505
2136 2086
705 704
1521 1520
367 368
1985 1935
1943 1942
443 442
696 697
796 797
716 666
159 209
878 828
299 249
1257 1207
2302 2252
2355 2356
2240 2239
1271 1221
822 772
1805 1755
688 689
773 723
1967 1968
139 89
1001 951
2038 1988
574 524
813 812
357 307
1475 1425
1149 1148
2243 2242
1146 1145
845 844
577 578
857 807
1983 1933
2020 1970
664 665
638 637
1383 1384
460 461
375 325
210 160
784 785
889 890
155 105
1453 1454
2440 2390
1681 1682
1273 1274
703 653
282 283
1674 1624
826 825
131 81
696 646
1547 1497
164 165
1007 957
1949 1948
1725 1724
2386 2387
1872 1822
2035 1985
1964 1965
2448 2498
455 456
72 73
1876 1877
2346 2345
1428 1378
2003 1953
2468 2469
1769 1770
1433 1383
2196 2197
1253 1254
825 824
936 935
65 15
296 297
1944 1894
1947 1897
1524 1474
1277 1278
299 300
2052 2053
1792 1793
175 125
1540 1490
2350 2349
1493 1443
573 574
214 213
1803 1802
422 421
1352 1302
308 307
940 939
95 45
931 881
211 161
1369 1319
1522 1472
2098 2099
691 641
1437 1387
1806 1805
2281 2231
1638 1588
2006 1956
374 324
640 590
1165 1166
2200 2150
630 629
1386 1336
2343 2342
1437 1436
1749 1748
2199 2149
1899 1849
422 372
1324 1274
1783 1733
1808 1758
1310 1260
2038 2037
492 493
631 581
2202 2152
1176 1177
2044 1994
572 522
1449 1448
262 263
469 419
831 781
1822 1772
1448 1398
2283 2233
1462 1412
419 418
599 549
1765 1715
1665 1666
289 290
1519 1518
1312 1262
66 16
587 537
2275 2276
2247 2246
677 678
352 302
2025 2024
1849 1848
314 313
2076 2077
268 218
2102 2101
2166 2167
899 849
1155 1105
1839 1838
1515 1514
2278 2228
1745 1744
985 935
1265 1215
2184 2185
2170 2171
792 742
1171 1172
108 58
2366 2367
314 264
1152 1102
1729 1679
2047 1997
377 378
610 609
326 325
2406 2356
138 137
2173 2123
1269 1270
2174 2175
433 383
2348 2347
588 538
184 185
204 154
1857 1807
1062 1063
1840 1790
2156 2106
250 200
993 994
1896 1897
2172 2122
841 840
2444 2443
354 304
1555 1556
660 661
145 144
97 47
880 830
421 371
2130 2129
603 602
1657 1607
1844 1794
1136 1135
1611 1561
865 815
2090 2091
2130 2080
2365 2366
2145 2144
1066 1016
1139 1138
2229 2179
1737 1736
2420 2470
1214 1213
2284 2234
2282 2283
2383 2384
1886 1887
1391 1341
432 431
349 348
543 493
2416 2466
76 77
953 903
946 945
404 403
1452 1453
888 889
155 156
817 767
1178 1128
178 179
1558 1508
1155 1156
949 948
1661 1662
1254 1255
2480 2481
1385 1386
1974 1975
375 376
403 353
652 653
1630 1580
9 8
1120 1070
409 408
1269 1219
2120 2119
1986 1987
2190 2140
495 445
286 236
1610 1560
2437 2387
2443 2493
1767 1717
733 732
1472 1422
488 438
2338 2337
1640 1590
961 911
1120 1119
1054 1055
2257 2258
1693 1643
1149 1099
1006 1005
370 371
1218 1168
729 679
2418 2417
1739 1689
2293 2243
528 527
2028 1978
1859 1860
906 856
1216 1166
891 892
487 437
1040 1039
1679 1680
2332 2282
727 677
766 716
1174 1175
2420 2419
1766 1767
2147 2097
584 585
1922 1872
1086 1087
247 246
1567 1517
404 354
886 836
2287 2237
1587 1588
2228 2178
1060 1061
1712 1662
680 681
707 657
1521 1471
2357 2358
2016 2015
531 481
827 826
129 128
1737 1687
1668 1618
801 751
1627 1577
1331 1281
91 92
1097 1098
1460 1461
836 786
1142 1092
1334 1284
968 969
1038 988
461 411
1403 1402
373 323
1988 1989
2458 2408
1130 1080
2291 2292
286 287
1540 1539
1742 1741
1559 1560
1426 1425
1414 1413
1408 1407
1251 1252
386 336
937 887
176 126
2136 2135
791 792
1875 1825
1578 1579
190 140
682 683
560 510
1287 1288
1438 1388
596 597
902 901
721 671
955 956
845 795
1838 1837
1827 1777
998 948
1326 1325
1068 1018
1422 1372
878 879
809 859
1754 1704
659 709
387 388
2191 2192
1419 1369
1608 1607
1516 1466
2072 2022
673 674
2214 2164
1485 1435
2031 1981
1225 1224
1958 1908
498 448
1077 1027
1744 1694
1229 1179
965 966
1620 1570
1982 1932
420 370
1633 1583
1283 1233
358 308
173 174
917 867
550 500
1966 1967
1227 1226
606 605
2069 2019
1089 1039
589 590
1010 960
1925 1875
2063 2064
467 417
193 194
1791 1741
1450 1400
2423 2422
1344 1294
435 434
1526 1525
2381 2331
2320 2270
2197 2198
2171 2172
2309 2308
1694 1644
1771 1772
2353 2303
1234 1184
1375 1376
1717 1716
1981 1931
1306 1256
1004 954
922 872
2232 2182
731 681
415 414
413 412
803 802
1191 1192
2286 2287
2221 2220
2110 2109
2120 2070
2445 2444
476 426
1107 1057
2049 1999
1692 1642
414 413
1126 1125
2396 2397
2453 2403
1655 1656
2381 2382
321 320
2041 2040
1409 1408
1398 1399
497 498
1623 1622
2412 2362
1835 1785
2132 2131
1780 1730
887 837
431 430
527 477
2146 2145
1688 1638
378 379
69 70
991 941
1592 1593
892 893
1489 1490
1459 1460
1938 1937
2262 2263
979 980
1077 1078
134 84
1046 1045
1058 1059
1578 1528
580 530
553 554
2019 2018
1978 1928
954 955
860 810
513 512
1596 1546
2361 2362
331 281
1477 1427
452 402
205 204
1378 1379
1912 1911
2429 2479
952 953
1929 1928
60 10
1970 1920
2021 1971
1582 1532
2021 2020
2382 2332
1927 1877
2266 2216
1543 1542
1918 1868
608 558
1866 1816
1333 1332
390 391
1947 1946
1506 1456
2033 1983
1410 1409
2363 2313
1652 1653
303 253
2343 2293
1620 1619
1728 1678
1228 1178
1080 1081
1537 1487
2119 2118
2446 2496
2413 2363
144 143
1108 1058
694 695
2164 2114
1224 1174
2155 2105
511 510
2094 2095
551 552
1645 1644
956 957
685 686
934 933
1626 1625
2015 1965
1201 1151
2149 2099
267 268
1653 1654
1507 1457
1583 1533
1863 1864
2429 2379
745 695
777 778
2321 2271
1998 1948
272 273
633 632
871 872
1478 1428
2388 1846
507 457
2183 2133
2104 2103
1184 1185
2353 2354
798 748
92 42
564 514
415 365
1260 1261
561 562
2109 2159
2474 2475
2388 1746
38 37
180 181
1108 1107
2354 2355
1775 1776
1457 1407
776 726
2251 2252
2082 2083
756 706
482 432
2386 2336
883 833
1625 1575
923 873
147 97
1788 1789
986 987
2397 2347
381 331
522 472
2151 2152
1367 1368
2424 2423
1631 1581
2327 2277
1556 1557
1094 1095
1481 1431
555 505
1329 1328
558 508
890 891
685 635
1811 1761
2376 2326
668 618
345 344
380 381
1244 1194
261 262
1790 1791
1189 1190
1493 1494
1129 1079
714 664
1485 1486
2069 2070
1797 1747
1659 1660
1385 1335
366 367
406 356
2227 2177
273 274
2225 2224
1124 1074
474 475
1602 1552
1972 1973
1397 1347
488 489
758 759
1342 1341
1697 1647
2311 2261
143 93
704 703
1454 1404
106 105
1787 1788
2339 2289
405 355
481 482
1405 1404
1642 1641
1719 1669
1757 1758
133 132
1626 1576
219 218
119 69
360 361
1092 1042
277 278
1576 1577
89 90
1131 1130
1735 1685
1731 1681
1342 1292
1381 1382
1937 1936
1785 1735
2324 2274
2036 2035
2186 2187
1742 1692
1887 1888
1266 1267
1291 1292
702 701
1203 1202
2185 2135
2008 1958
1820 1819
434 433
2462 2463
1226 1176
715 665
566 516
521 471
475 425
2308 2307
1435 1434
2075 2025
768 769
2112 2062
2394 2395
1162 1112
881 831
215 165
966 967
2371 2321
1230 1229
438 388
1631 1630
650 600
1873 1823
869 870
1672 1673
1624 1574
2304 2303
23 22
1027 1026
2433 2383
1193 1143
2312 2311
2430 2380
896 897
649 648
2143 2142
2437 2436
270 220
1230 1180
651 652
1518 1468
1396 1346
1695 1645
457 458
1333 1283
512 462
1445 1395
1181 1182
1380 1381
36 35
984 934
2285 2286
1810 1760
1177 1127
82 32
624 623
847 797
1431 1430
1262 1212
2040 1990
2269 2270
1250 1249
2448 2447
491 492
994 944
1018 968
258 259
1996 2046
1963 1913
2053 2003
2393 2394
835 834
28 27
2163 2113
2418 2368
410 409
148 98
1065 1066
1040 990
1074 1075
396 397
1122 1072
322 321
707 706
999 1000
195 196
1481 1482
60 61
174 124
383 384
883 884
1048 998
633 583
1722 1672
1920 1870
1233 1183
2175 2125
1809 1808
103 53
1085 1035
621 571
490 440
2208 2158
1778 1728
1440 1390
1145 1144
667 617
1134 1133
713 712
264 265
1813 1763
1984 1934
1143 1142
1242 1192
863 864
2141 2140
635 634
1732 1682
329 328
426 425
1891 1892
2226 2225
958 908
253 203
531 530
212 162
1946 1996
2319 2318
236 235
1042 992
1220 1170
748 698
2310 2309
2080 2030
737 736
708 658
2441 2391
962 963
1419 1418
1623 1573
691 692
1314 1264
2067 2017
2434 2433
1470 1471
1603 1553
20 19
2452 2402
1355 1305
2116 2066
1720 1670
773 774
1831 1781
1461 1411
835 785
1762 1712
2331 2330
2253 2203
156 157
2277 2227
1464 1465
131 130
1973 1974
1442 1441
2271 2272
1358 1359
1868 1869
64 14
1879 1880
2313 2263
503 453
1215 1165
2062 2012
1296 1246
2317 2316
1196 1197
408 407
2399 2400
1919 1869
1599 1549
824 774
2373 2374
2004 1954
898 899
1008 1007
1337 1287
1464 1414
811 810
1554 1555
1056 1057
612 562
1132 1131
1195 1196
2147 2146
76 26
583 584
916 866
974 924
804 754
338 337
71 72
1052 1002
2348 2298
123 122
385 335
1845 1844
1852 1802
2310 2260
1299 1300
2279 2280
2446 2445
885 886
819 818
1837 1836
1473 1423
1842 1792
1129 1128
171 121
1032 982
1095 1045
1643 1593
2143 2093
912 862
1363 1364
1621 1571
2027 2026
1239 1189
1248 1198
455 405
997 947
591 541
741 740
1830 1829
1738 1688
1783 1784
662 663
529 479
988 938
1860 1810
57 58
1711 1661
1033 1032
661 662
1574 1524
808 807
221 220
1014 1013
2207 2206
687 637
1992 1942
79 80
2236 2235
292 293
476 477
187 188
1705 1655
1009 1059
2388 2338
2484 2485
2447 2497
197 147
516 466
1685 1686
1833 1832
157 158
2212 2211
1613 1563
2045 1995
2204 2154
1814 1764
1372 1373
1648 1598
2219 2169
1600 1550
978 979
545 495
2351 2352
73 74
980 930
2392 2393
535 485
1336 1335
589 539
346 296
450 400
1053 1054
1020 970
1363 1313
1884 1834
1441 1391
896 846
730 680
576 577
1595 1545
668 669
2273 2223
1529 1479
1170 1171
1710 1660
1565 1566
570 571
2428 2427
162 112
235 185
1834 1784
1764 1714
2012 1962
2254 2204
809 808
2450 2449
2166 2116
2415 2465
1125 1124
173 123
1964 1914
877 827
1664 1614
729 728
1719 1718
1284 1285
2273 2274
96 46
2066 2016
925 924
1814 1813
1415 1365
1255 1205
1726 1725
894 844
592 593
2088 2089
2428 2478
607 557
1418 1417
116 115
1458 1459
733 683
1893 1894
1293 1294
1209 1259
1430 1429
1589 1539
1433 1432
1439 1438
2307 2306
362 312
642 592
2157 2158
1357 1307
1759 1760
1723 1722
2330 2329
1842 1841
1971 1972
1449 1399
2160 2161
670 671
1747 1697
1671 1621
2371 2372
1069 1070
705 655
1455 1456
521 520
1595 1596
2329 2279
560 561
1858 1859
882 832
2434 2384
1150 1100
614 613
850 849
437 436
1318 1317
1752 1702
239 238
1047 1046
1956 1957
819 769
525 524
1194 1195
363 313
1528 1527
2442 2441
360 310
1002 952
128 78
402 352
1191 1141
1038 1037
579 529
2299 2300
54 4
1312 1311
2126 2125
1598 1599
1727 1677
1140 1090
1132 1082
1807 1806
2009 2059
1999 1949
2432 2431
2059 2060
2427 2477
1795 2388
992 942
355 356
1207 1206
377 327
2063 2013
575 576
725 724
617 567
1636 1635
316 266
515 465
2375 2325
1466 1416
1421 1420
2315 2265
319 318
1714 1664
587 588
1592 1542
2312 2262
1411 1410
1923 1873
181 182
382 332
139 138
1280 1281
1079 1029
386 387
1734 1684
1037 987
855 856
2345 2344
1167 1168
373 374
1538 1537
2234 2233
615 614
944 943
41 40
884 834
1530 1480
2305 2304
1094 1044
1924 1923
2226 2176
536 535
830 829
121 120
2317 2267
2037 1987
761 711
520 519
466 467
857 858
929 879
513 463
1773 1774
2118 2117
2409 2408
1656 1657
1994 1944

TERMINALS
9
69
125
190
228
292
320
353
430
474
517
561
614
685
745
772
818
900
937
965
1016
1099
1143
1186
1202
1281
1344
1355
1407
1463
1512
1576
1641
1682
1734
1783
1829
1871
1939
1951
2046
2077
2110
2154
2248
2297
2338
2358
2423
2456

END
