INSTANCE_NAME r45.dat
NB_VERTICES 2500
NB_ARCS 4900
NB_REQUESTS 0
NB_BLOCKAGES 1470
NB_TERMINALS 50

VERTICES
1 0 0
2 0 0
3 0 0
4 0 0
5 0 0
6 0 0
7 0 0
8 0 0
9 0 0
10 0 0
11 0 0
12 0 0
13 0 0
14 0 0
15 0 0
16 0 0
17 0 0
18 0 0
19 0 0
20 0 0
21 0 0
22 0 0
23 0 0
24 0 0
25 0 0
26 0 0
27 0 0
28 0 0
29 0 0
30 0 0
31 0 0
32 0 0
33 0 0
34 0 0
35 0 0
36 0 0
37 0 0
38 0 0
39 0 0
40 0 0
41 0 0
42 0 0
43 0 0
44 0 0
45 0 0
46 0 0
47 0 0
48 0 0
49 0 0
50 0 0
51 0 0
52 0 0
53 0 0
54 0 0
55 0 0
56 0 0
57 0 0
58 0 0
59 0 0
60 0 0
61 0 0
62 0 0
63 0 0
64 0 0
65 0 0
66 0 0
67 0 0
68 0 0
69 0 0
70 0 0
71 0 0
72 0 0
73 0 0
74 0 0
75 0 0
76 0 0
77 0 0
78 0 0
79 0 0
80 0 0
81 0 0
82 0 0
83 0 0
84 0 0
85 0 0
86 0 0
87 0 0
88 0 0
89 0 0
90 0 0
91 0 0
92 0 0
93 0 0
94 0 0
95 0 0
96 0 0
97 0 0
98 0 0
99 0 0
100 0 0
101 0 0
102 0 0
103 0 0
104 0 0
105 0 0
106 0 0
107 0 0
108 0 0
109 0 0
110 0 0
111 0 0
112 0 0
113 0 0
114 0 0
115 0 0
116 0 0
117 0 0
118 0 0
119 0 0
120 0 0
121 0 0
122 0 0
123 0 0
124 0 0
125 0 0
126 0 0
127 0 0
128 0 0
129 0 0
130 0 0
131 0 0
132 0 0
133 0 0
134 0 0
135 0 0
136 0 0
137 0 0
138 0 0
139 0 0
140 0 0
141 0 0
142 0 0
143 0 0
144 0 0
145 0 0
146 0 0
147 0 0
148 0 0
149 0 0
150 0 0
151 0 0
152 0 0
153 0 0
154 0 0
155 0 0
156 0 0
157 0 0
158 0 0
159 0 0
160 0 0
161 0 0
162 0 0
163 0 0
164 0 0
165 0 0
166 0 0
167 0 0
168 0 0
169 0 0
170 0 0
171 0 0
172 0 0
173 0 0
174 0 0
175 0 0
176 0 0
177 0 0
178 0 0
179 0 0
180 0 0
181 0 0
182 0 0
183 0 0
184 0 0
185 0 0
186 0 0
187 0 0
188 0 0
189 0 0
190 0 0
191 0 0
192 0 0
193 0 0
194 0 0
195 0 0
196 0 0
197 0 0
198 0 0
199 0 0
200 0 0
201 0 0
202 0 0
203 0 0
204 0 0
205 0 0
206 0 0
207 0 0
208 0 0
209 0 0
210 0 0
211 0 0
212 0 0
213 0 0
214 0 0
215 0 0
216 0 0
217 0 0
218 0 0
219 0 0
220 0 0
221 0 0
222 0 0
223 0 0
224 0 0
225 0 0
226 0 0
227 0 0
228 0 0
229 0 0
230 0 0
231 0 0
232 0 0
233 0 0
234 0 0
235 0 0
236 0 0
237 0 0
238 0 0
239 0 0
240 0 0
241 0 0
242 0 0
243 0 0
244 0 0
245 0 0
246 0 0
247 0 0
248 0 0
249 0 0
250 0 0
251 0 0
252 0 0
253 0 0
254 0 0
255 0 0
256 0 0
257 0 0
258 0 0
259 0 0
260 0 0
261 0 0
262 0 0
263 0 0
264 0 0
265 0 0
266 0 0
267 0 0
268 0 0
269 0 0
270 0 0
271 0 0
272 0 0
273 0 0
274 0 0
275 0 0
276 0 0
277 0 0
278 0 0
279 0 0
280 0 0
281 0 0
282 0 0
283 0 0
284 0 0
285 0 0
286 0 0
287 0 0
288 0 0
289 0 0
290 0 0
291 0 0
292 0 0
293 0 0
294 0 0
295 0 0
296 0 0
297 0 0
298 0 0
299 0 0
300 0 0
301 0 0
302 0 0
303 0 0
304 0 0
305 0 0
306 0 0
307 0 0
308 0 0
309 0 0
310 0 0
311 0 0
312 0 0
313 0 0
314 0 0
315 0 0
316 0 0
317 0 0
318 0 0
319 0 0
320 0 0
321 0 0
322 0 0
323 0 0
324 0 0
325 0 0
326 0 0
327 0 0
328 0 0
329 0 0
330 0 0
331 0 0
332 0 0
333 0 0
334 0 0
335 0 0
336 0 0
337 0 0
338 0 0
339 0 0
340 0 0
341 0 0
342 0 0
343 0 0
344 0 0
345 0 0
346 0 0
347 0 0
348 0 0
349 0 0
350 0 0
351 0 0
352 0 0
353 0 0
354 0 0
355 0 0
356 0 0
357 0 0
358 0 0
359 0 0
360 0 0
361 0 0
362 0 0
363 0 0
364 0 0
365 0 0
366 0 0
367 0 0
368 0 0
369 0 0
370 0 0
371 0 0
372 0 0
373 0 0
374 0 0
375 0 0
376 0 0
377 0 0
378 0 0
379 0 0
380 0 0
381 0 0
382 0 0
383 0 0
384 0 0
385 0 0
386 0 0
387 0 0
388 0 0
389 0 0
390 0 0
391 0 0
392 0 0
393 0 0
394 0 0
395 0 0
396 0 0
397 0 0
398 0 0
399 0 0
400 0 0
401 0 0
402 0 0
403 0 0
404 0 0
405 0 0
406 0 0
407 0 0
408 0 0
409 0 0
410 0 0
411 0 0
412 0 0
413 0 0
414 0 0
415 0 0
416 0 0
417 0 0
418 0 0
419 0 0
420 0 0
421 0 0
422 0 0
423 0 0
424 0 0
425 0 0
426 0 0
427 0 0
428 0 0
429 0 0
430 0 0
431 0 0
432 0 0
433 0 0
434 0 0
435 0 0
436 0 0
437 0 0
438 0 0
439 0 0
440 0 0
441 0 0
442 0 0
443 0 0
444 0 0
445 0 0
446 0 0
447 0 0
448 0 0
449 0 0
450 0 0
451 0 0
452 0 0
453 0 0
454 0 0
455 0 0
456 0 0
457 0 0
458 0 0
459 0 0
460 0 0
461 0 0
462 0 0
463 0 0
464 0 0
465 0 0
466 0 0
467 0 0
468 0 0
469 0 0
470 0 0
471 0 0
472 0 0
473 0 0
474 0 0
475 0 0
476 0 0
477 0 0
478 0 0
479 0 0
480 0 0
481 0 0
482 0 0
483 0 0
484 0 0
485 0 0
486 0 0
487 0 0
488 0 0
489 0 0
490 0 0
491 0 0
492 0 0
493 0 0
494 0 0
495 0 0
496 0 0
497 0 0
498 0 0
499 0 0
500 0 0
501 0 0
502 0 0
503 0 0
504 0 0
505 0 0
506 0 0
507 0 0
508 0 0
509 0 0
510 0 0
511 0 0
512 0 0
513 0 0
514 0 0
515 0 0
516 0 0
517 0 0
518 0 0
519 0 0
520 0 0
521 0 0
522 0 0
523 0 0
524 0 0
525 0 0
526 0 0
527 0 0
528 0 0
529 0 0
530 0 0
531 0 0
532 0 0
533 0 0
534 0 0
535 0 0
536 0 0
537 0 0
538 0 0
539 0 0
540 0 0
541 0 0
542 0 0
543 0 0
544 0 0
545 0 0
546 0 0
547 0 0
548 0 0
549 0 0
550 0 0
551 0 0
552 0 0
553 0 0
554 0 0
555 0 0
556 0 0
557 0 0
558 0 0
559 0 0
560 0 0
561 0 0
562 0 0
563 0 0
564 0 0
565 0 0
566 0 0
567 0 0
568 0 0
569 0 0
570 0 0
571 0 0
572 0 0
573 0 0
574 0 0
575 0 0
576 0 0
577 0 0
578 0 0
579 0 0
580 0 0
581 0 0
582 0 0
583 0 0
584 0 0
585 0 0
586 0 0
587 0 0
588 0 0
589 0 0
590 0 0
591 0 0
592 0 0
593 0 0
594 0 0
595 0 0
596 0 0
597 0 0
598 0 0
599 0 0
600 0 0
601 0 0
602 0 0
603 0 0
604 0 0
605 0 0
606 0 0
607 0 0
608 0 0
609 0 0
610 0 0
611 0 0
612 0 0
613 0 0
614 0 0
615 0 0
616 0 0
617 0 0
618 0 0
619 0 0
620 0 0
621 0 0
622 0 0
623 0 0
624 0 0
625 0 0
626 0 0
627 0 0
628 0 0
629 0 0
630 0 0
631 0 0
632 0 0
633 0 0
634 0 0
635 0 0
636 0 0
637 0 0
638 0 0
639 0 0
640 0 0
641 0 0
642 0 0
643 0 0
644 0 0
645 0 0
646 0 0
647 0 0
648 0 0
649 0 0
650 0 0
651 0 0
652 0 0
653 0 0
654 0 0
655 0 0
656 0 0
657 0 0
658 0 0
659 0 0
660 0 0
661 0 0
662 0 0
663 0 0
664 0 0
665 0 0
666 0 0
667 0 0
668 0 0
669 0 0
670 0 0
671 0 0
672 0 0
673 0 0
674 0 0
675 0 0
676 0 0
677 0 0
678 0 0
679 0 0
680 0 0
681 0 0
682 0 0
683 0 0
684 0 0
685 0 0
686 0 0
687 0 0
688 0 0
689 0 0
690 0 0
691 0 0
692 0 0
693 0 0
694 0 0
695 0 0
696 0 0
697 0 0
698 0 0
699 0 0
700 0 0
701 0 0
702 0 0
703 0 0
704 0 0
705 0 0
706 0 0
707 0 0
708 0 0
709 0 0
710 0 0
711 0 0
712 0 0
713 0 0
714 0 0
715 0 0
716 0 0
717 0 0
718 0 0
719 0 0
720 0 0
721 0 0
722 0 0
723 0 0
724 0 0
725 0 0
726 0 0
727 0 0
728 0 0
729 0 0
730 0 0
731 0 0
732 0 0
733 0 0
734 0 0
735 0 0
736 0 0
737 0 0
738 0 0
739 0 0
740 0 0
741 0 0
742 0 0
743 0 0
744 0 0
745 0 0
746 0 0
747 0 0
748 0 0
749 0 0
750 0 0
751 0 0
752 0 0
753 0 0
754 0 0
755 0 0
756 0 0
757 0 0
758 0 0
759 0 0
760 0 0
761 0 0
762 0 0
763 0 0
764 0 0
765 0 0
766 0 0
767 0 0
768 0 0
769 0 0
770 0 0
771 0 0
772 0 0
773 0 0
774 0 0
775 0 0
776 0 0
777 0 0
778 0 0
779 0 0
780 0 0
781 0 0
782 0 0
783 0 0
784 0 0
785 0 0
786 0 0
787 0 0
788 0 0
789 0 0
790 0 0
791 0 0
792 0 0
793 0 0
794 0 0
795 0 0
796 0 0
797 0 0
798 0 0
799 0 0
800 0 0
801 0 0
802 0 0
803 0 0
804 0 0
805 0 0
806 0 0
807 0 0
808 0 0
809 0 0
810 0 0
811 0 0
812 0 0
813 0 0
814 0 0
815 0 0
816 0 0
817 0 0
818 0 0
819 0 0
820 0 0
821 0 0
822 0 0
823 0 0
824 0 0
825 0 0
826 0 0
827 0 0
828 0 0
829 0 0
830 0 0
831 0 0
832 0 0
833 0 0
834 0 0
835 0 0
836 0 0
837 0 0
838 0 0
839 0 0
840 0 0
841 0 0
842 0 0
843 0 0
844 0 0
845 0 0
846 0 0
847 0 0
848 0 0
849 0 0
850 0 0
851 0 0
852 0 0
853 0 0
854 0 0
855 0 0
856 0 0
857 0 0
858 0 0
859 0 0
860 0 0
861 0 0
862 0 0
863 0 0
864 0 0
865 0 0
866 0 0
867 0 0
868 0 0
869 0 0
870 0 0
871 0 0
872 0 0
873 0 0
874 0 0
875 0 0
876 0 0
877 0 0
878 0 0
879 0 0
880 0 0
881 0 0
882 0 0
883 0 0
884 0 0
885 0 0
886 0 0
887 0 0
888 0 0
889 0 0
890 0 0
891 0 0
892 0 0
893 0 0
894 0 0
895 0 0
896 0 0
897 0 0
898 0 0
899 0 0
900 0 0
901 0 0
902 0 0
903 0 0
904 0 0
905 0 0
906 0 0
907 0 0
908 0 0
909 0 0
910 0 0
911 0 0
912 0 0
913 0 0
914 0 0
915 0 0
916 0 0
917 0 0
918 0 0
919 0 0
920 0 0
921 0 0
922 0 0
923 0 0
924 0 0
925 0 0
926 0 0
927 0 0
928 0 0
929 0 0
930 0 0
931 0 0
932 0 0
933 0 0
934 0 0
935 0 0
936 0 0
937 0 0
938 0 0
939 0 0
940 0 0
941 0 0
942 0 0
943 0 0
944 0 0
945 0 0
946 0 0
947 0 0
948 0 0
949 0 0
950 0 0
951 0 0
952 0 0
953 0 0
954 0 0
955 0 0
956 0 0
957 0 0
958 0 0
959 0 0
960 0 0
961 0 0
962 0 0
963 0 0
964 0 0
965 0 0
966 0 0
967 0 0
968 0 0
969 0 0
970 0 0
971 0 0
972 0 0
973 0 0
974 0 0
975 0 0
976 0 0
977 0 0
978 0 0
979 0 0
980 0 0
981 0 0
982 0 0
983 0 0
984 0 0
985 0 0
986 0 0
987 0 0
988 0 0
989 0 0
990 0 0
991 0 0
992 0 0
993 0 0
994 0 0
995 0 0
996 0 0
997 0 0
998 0 0
999 0 0
1000 0 0
1001 0 0
1002 0 0
1003 0 0
1004 0 0
1005 0 0
1006 0 0
1007 0 0
1008 0 0
1009 0 0
1010 0 0
1011 0 0
1012 0 0
1013 0 0
1014 0 0
1015 0 0
1016 0 0
1017 0 0
1018 0 0
1019 0 0
1020 0 0
1021 0 0
1022 0 0
1023 0 0
1024 0 0
1025 0 0
1026 0 0
1027 0 0
1028 0 0
1029 0 0
1030 0 0
1031 0 0
1032 0 0
1033 0 0
1034 0 0
1035 0 0
1036 0 0
1037 0 0
1038 0 0
1039 0 0
1040 0 0
1041 0 0
1042 0 0
1043 0 0
1044 0 0
1045 0 0
1046 0 0
1047 0 0
1048 0 0
1049 0 0
1050 0 0
1051 0 0
1052 0 0
1053 0 0
1054 0 0
1055 0 0
1056 0 0
1057 0 0
1058 0 0
1059 0 0
1060 0 0
1061 0 0
1062 0 0
1063 0 0
1064 0 0
1065 0 0
1066 0 0
1067 0 0
1068 0 0
1069 0 0
1070 0 0
1071 0 0
1072 0 0
1073 0 0
1074 0 0
1075 0 0
1076 0 0
1077 0 0
1078 0 0
1079 0 0
1080 0 0
1081 0 0
1082 0 0
1083 0 0
1084 0 0
1085 0 0
1086 0 0
1087 0 0
1088 0 0
1089 0 0
1090 0 0
1091 0 0
1092 0 0
1093 0 0
1094 0 0
1095 0 0
1096 0 0
1097 0 0
1098 0 0
1099 0 0
1100 0 0
1101 0 0
1102 0 0
1103 0 0
1104 0 0
1105 0 0
1106 0 0
1107 0 0
1108 0 0
1109 0 0
1110 0 0
1111 0 0
1112 0 0
1113 0 0
1114 0 0
1115 0 0
1116 0 0
1117 0 0
1118 0 0
1119 0 0
1120 0 0
1121 0 0
1122 0 0
1123 0 0
1124 0 0
1125 0 0
1126 0 0
1127 0 0
1128 0 0
1129 0 0
1130 0 0
1131 0 0
1132 0 0
1133 0 0
1134 0 0
1135 0 0
1136 0 0
1137 0 0
1138 0 0
1139 0 0
1140 0 0
1141 0 0
1142 0 0
1143 0 0
1144 0 0
1145 0 0
1146 0 0
1147 0 0
1148 0 0
1149 0 0
1150 0 0
1151 0 0
1152 0 0
1153 0 0
1154 0 0
1155 0 0
1156 0 0
1157 0 0
1158 0 0
1159 0 0
1160 0 0
1161 0 0
1162 0 0
1163 0 0
1164 0 0
1165 0 0
1166 0 0
1167 0 0
1168 0 0
1169 0 0
1170 0 0
1171 0 0
1172 0 0
1173 0 0
1174 0 0
1175 0 0
1176 0 0
1177 0 0
1178 0 0
1179 0 0
1180 0 0
1181 0 0
1182 0 0
1183 0 0
1184 0 0
1185 0 0
1186 0 0
1187 0 0
1188 0 0
1189 0 0
1190 0 0
1191 0 0
1192 0 0
1193 0 0
1194 0 0
1195 0 0
1196 0 0
1197 0 0
1198 0 0
1199 0 0
1200 0 0
1201 0 0
1202 0 0
1203 0 0
1204 0 0
1205 0 0
1206 0 0
1207 0 0
1208 0 0
1209 0 0
1210 0 0
1211 0 0
1212 0 0
1213 0 0
1214 0 0
1215 0 0
1216 0 0
1217 0 0
1218 0 0
1219 0 0
1220 0 0
1221 0 0
1222 0 0
1223 0 0
1224 0 0
1225 0 0
1226 0 0
1227 0 0
1228 0 0
1229 0 0
1230 0 0
1231 0 0
1232 0 0
1233 0 0
1234 0 0
1235 0 0
1236 0 0
1237 0 0
1238 0 0
1239 0 0
1240 0 0
1241 0 0
1242 0 0
1243 0 0
1244 0 0
1245 0 0
1246 0 0
1247 0 0
1248 0 0
1249 0 0
1250 0 0
1251 0 0
1252 0 0
1253 0 0
1254 0 0
1255 0 0
1256 0 0
1257 0 0
1258 0 0
1259 0 0
1260 0 0
1261 0 0
1262 0 0
1263 0 0
1264 0 0
1265 0 0
1266 0 0
1267 0 0
1268 0 0
1269 0 0
1270 0 0
1271 0 0
1272 0 0
1273 0 0
1274 0 0
1275 0 0
1276 0 0
1277 0 0
1278 0 0
1279 0 0
1280 0 0
1281 0 0
1282 0 0
1283 0 0
1284 0 0
1285 0 0
1286 0 0
1287 0 0
1288 0 0
1289 0 0
1290 0 0
1291 0 0
1292 0 0
1293 0 0
1294 0 0
1295 0 0
1296 0 0
1297 0 0
1298 0 0
1299 0 0
1300 0 0
1301 0 0
1302 0 0
1303 0 0
1304 0 0
1305 0 0
1306 0 0
1307 0 0
1308 0 0
1309 0 0
1310 0 0
1311 0 0
1312 0 0
1313 0 0
1314 0 0
1315 0 0
1316 0 0
1317 0 0
1318 0 0
1319 0 0
1320 0 0
1321 0 0
1322 0 0
1323 0 0
1324 0 0
1325 0 0
1326 0 0
1327 0 0
1328 0 0
1329 0 0
1330 0 0
1331 0 0
1332 0 0
1333 0 0
1334 0 0
1335 0 0
1336 0 0
1337 0 0
1338 0 0
1339 0 0
1340 0 0
1341 0 0
1342 0 0
1343 0 0
1344 0 0
1345 0 0
1346 0 0
1347 0 0
1348 0 0
1349 0 0
1350 0 0
1351 0 0
1352 0 0
1353 0 0
1354 0 0
1355 0 0
1356 0 0
1357 0 0
1358 0 0
1359 0 0
1360 0 0
1361 0 0
1362 0 0
1363 0 0
1364 0 0
1365 0 0
1366 0 0
1367 0 0
1368 0 0
1369 0 0
1370 0 0
1371 0 0
1372 0 0
1373 0 0
1374 0 0
1375 0 0
1376 0 0
1377 0 0
1378 0 0
1379 0 0
1380 0 0
1381 0 0
1382 0 0
1383 0 0
1384 0 0
1385 0 0
1386 0 0
1387 0 0
1388 0 0
1389 0 0
1390 0 0
1391 0 0
1392 0 0
1393 0 0
1394 0 0
1395 0 0
1396 0 0
1397 0 0
1398 0 0
1399 0 0
1400 0 0
1401 0 0
1402 0 0
1403 0 0
1404 0 0
1405 0 0
1406 0 0
1407 0 0
1408 0 0
1409 0 0
1410 0 0
1411 0 0
1412 0 0
1413 0 0
1414 0 0
1415 0 0
1416 0 0
1417 0 0
1418 0 0
1419 0 0
1420 0 0
1421 0 0
1422 0 0
1423 0 0
1424 0 0
1425 0 0
1426 0 0
1427 0 0
1428 0 0
1429 0 0
1430 0 0
1431 0 0
1432 0 0
1433 0 0
1434 0 0
1435 0 0
1436 0 0
1437 0 0
1438 0 0
1439 0 0
1440 0 0
1441 0 0
1442 0 0
1443 0 0
1444 0 0
1445 0 0
1446 0 0
1447 0 0
1448 0 0
1449 0 0
1450 0 0
1451 0 0
1452 0 0
1453 0 0
1454 0 0
1455 0 0
1456 0 0
1457 0 0
1458 0 0
1459 0 0
1460 0 0
1461 0 0
1462 0 0
1463 0 0
1464 0 0
1465 0 0
1466 0 0
1467 0 0
1468 0 0
1469 0 0
1470 0 0
1471 0 0
1472 0 0
1473 0 0
1474 0 0
1475 0 0
1476 0 0
1477 0 0
1478 0 0
1479 0 0
1480 0 0
1481 0 0
1482 0 0
1483 0 0
1484 0 0
1485 0 0
1486 0 0
1487 0 0
1488 0 0
1489 0 0
1490 0 0
1491 0 0
1492 0 0
1493 0 0
1494 0 0
1495 0 0
1496 0 0
1497 0 0
1498 0 0
1499 0 0
1500 0 0
1501 0 0
1502 0 0
1503 0 0
1504 0 0
1505 0 0
1506 0 0
1507 0 0
1508 0 0
1509 0 0
1510 0 0
1511 0 0
1512 0 0
1513 0 0
1514 0 0
1515 0 0
1516 0 0
1517 0 0
1518 0 0
1519 0 0
1520 0 0
1521 0 0
1522 0 0
1523 0 0
1524 0 0
1525 0 0
1526 0 0
1527 0 0
1528 0 0
1529 0 0
1530 0 0
1531 0 0
1532 0 0
1533 0 0
1534 0 0
1535 0 0
1536 0 0
1537 0 0
1538 0 0
1539 0 0
1540 0 0
1541 0 0
1542 0 0
1543 0 0
1544 0 0
1545 0 0
1546 0 0
1547 0 0
1548 0 0
1549 0 0
1550 0 0
1551 0 0
1552 0 0
1553 0 0
1554 0 0
1555 0 0
1556 0 0
1557 0 0
1558 0 0
1559 0 0
1560 0 0
1561 0 0
1562 0 0
1563 0 0
1564 0 0
1565 0 0
1566 0 0
1567 0 0
1568 0 0
1569 0 0
1570 0 0
1571 0 0
1572 0 0
1573 0 0
1574 0 0
1575 0 0
1576 0 0
1577 0 0
1578 0 0
1579 0 0
1580 0 0
1581 0 0
1582 0 0
1583 0 0
1584 0 0
1585 0 0
1586 0 0
1587 0 0
1588 0 0
1589 0 0
1590 0 0
1591 0 0
1592 0 0
1593 0 0
1594 0 0
1595 0 0
1596 0 0
1597 0 0
1598 0 0
1599 0 0
1600 0 0
1601 0 0
1602 0 0
1603 0 0
1604 0 0
1605 0 0
1606 0 0
1607 0 0
1608 0 0
1609 0 0
1610 0 0
1611 0 0
1612 0 0
1613 0 0
1614 0 0
1615 0 0
1616 0 0
1617 0 0
1618 0 0
1619 0 0
1620 0 0
1621 0 0
1622 0 0
1623 0 0
1624 0 0
1625 0 0
1626 0 0
1627 0 0
1628 0 0
1629 0 0
1630 0 0
1631 0 0
1632 0 0
1633 0 0
1634 0 0
1635 0 0
1636 0 0
1637 0 0
1638 0 0
1639 0 0
1640 0 0
1641 0 0
1642 0 0
1643 0 0
1644 0 0
1645 0 0
1646 0 0
1647 0 0
1648 0 0
1649 0 0
1650 0 0
1651 0 0
1652 0 0
1653 0 0
1654 0 0
1655 0 0
1656 0 0
1657 0 0
1658 0 0
1659 0 0
1660 0 0
1661 0 0
1662 0 0
1663 0 0
1664 0 0
1665 0 0
1666 0 0
1667 0 0
1668 0 0
1669 0 0
1670 0 0
1671 0 0
1672 0 0
1673 0 0
1674 0 0
1675 0 0
1676 0 0
1677 0 0
1678 0 0
1679 0 0
1680 0 0
1681 0 0
1682 0 0
1683 0 0
1684 0 0
1685 0 0
1686 0 0
1687 0 0
1688 0 0
1689 0 0
1690 0 0
1691 0 0
1692 0 0
1693 0 0
1694 0 0
1695 0 0
1696 0 0
1697 0 0
1698 0 0
1699 0 0
1700 0 0
1701 0 0
1702 0 0
1703 0 0
1704 0 0
1705 0 0
1706 0 0
1707 0 0
1708 0 0
1709 0 0
1710 0 0
1711 0 0
1712 0 0
1713 0 0
1714 0 0
1715 0 0
1716 0 0
1717 0 0
1718 0 0
1719 0 0
1720 0 0
1721 0 0
1722 0 0
1723 0 0
1724 0 0
1725 0 0
1726 0 0
1727 0 0
1728 0 0
1729 0 0
1730 0 0
1731 0 0
1732 0 0
1733 0 0
1734 0 0
1735 0 0
1736 0 0
1737 0 0
1738 0 0
1739 0 0
1740 0 0
1741 0 0
1742 0 0
1743 0 0
1744 0 0
1745 0 0
1746 0 0
1747 0 0
1748 0 0
1749 0 0
1750 0 0
1751 0 0
1752 0 0
1753 0 0
1754 0 0
1755 0 0
1756 0 0
1757 0 0
1758 0 0
1759 0 0
1760 0 0
1761 0 0
1762 0 0
1763 0 0
1764 0 0
1765 0 0
1766 0 0
1767 0 0
1768 0 0
1769 0 0
1770 0 0
1771 0 0
1772 0 0
1773 0 0
1774 0 0
1775 0 0
1776 0 0
1777 0 0
1778 0 0
1779 0 0
1780 0 0
1781 0 0
1782 0 0
1783 0 0
1784 0 0
1785 0 0
1786 0 0
1787 0 0
1788 0 0
1789 0 0
1790 0 0
1791 0 0
1792 0 0
1793 0 0
1794 0 0
1795 0 0
1796 0 0
1797 0 0
1798 0 0
1799 0 0
1800 0 0
1801 0 0
1802 0 0
1803 0 0
1804 0 0
1805 0 0
1806 0 0
1807 0 0
1808 0 0
1809 0 0
1810 0 0
1811 0 0
1812 0 0
1813 0 0
1814 0 0
1815 0 0
1816 0 0
1817 0 0
1818 0 0
1819 0 0
1820 0 0
1821 0 0
1822 0 0
1823 0 0
1824 0 0
1825 0 0
1826 0 0
1827 0 0
1828 0 0
1829 0 0
1830 0 0
1831 0 0
1832 0 0
1833 0 0
1834 0 0
1835 0 0
1836 0 0
1837 0 0
1838 0 0
1839 0 0
1840 0 0
1841 0 0
1842 0 0
1843 0 0
1844 0 0
1845 0 0
1846 0 0
1847 0 0
1848 0 0
1849 0 0
1850 0 0
1851 0 0
1852 0 0
1853 0 0
1854 0 0
1855 0 0
1856 0 0
1857 0 0
1858 0 0
1859 0 0
1860 0 0
1861 0 0
1862 0 0
1863 0 0
1864 0 0
1865 0 0
1866 0 0
1867 0 0
1868 0 0
1869 0 0
1870 0 0
1871 0 0
1872 0 0
1873 0 0
1874 0 0
1875 0 0
1876 0 0
1877 0 0
1878 0 0
1879 0 0
1880 0 0
1881 0 0
1882 0 0
1883 0 0
1884 0 0
1885 0 0
1886 0 0
1887 0 0
1888 0 0
1889 0 0
1890 0 0
1891 0 0
1892 0 0
1893 0 0
1894 0 0
1895 0 0
1896 0 0
1897 0 0
1898 0 0
1899 0 0
1900 0 0
1901 0 0
1902 0 0
1903 0 0
1904 0 0
1905 0 0
1906 0 0
1907 0 0
1908 0 0
1909 0 0
1910 0 0
1911 0 0
1912 0 0
1913 0 0
1914 0 0
1915 0 0
1916 0 0
1917 0 0
1918 0 0
1919 0 0
1920 0 0
1921 0 0
1922 0 0
1923 0 0
1924 0 0
1925 0 0
1926 0 0
1927 0 0
1928 0 0
1929 0 0
1930 0 0
1931 0 0
1932 0 0
1933 0 0
1934 0 0
1935 0 0
1936 0 0
1937 0 0
1938 0 0
1939 0 0
1940 0 0
1941 0 0
1942 0 0
1943 0 0
1944 0 0
1945 0 0
1946 0 0
1947 0 0
1948 0 0
1949 0 0
1950 0 0
1951 0 0
1952 0 0
1953 0 0
1954 0 0
1955 0 0
1956 0 0
1957 0 0
1958 0 0
1959 0 0
1960 0 0
1961 0 0
1962 0 0
1963 0 0
1964 0 0
1965 0 0
1966 0 0
1967 0 0
1968 0 0
1969 0 0
1970 0 0
1971 0 0
1972 0 0
1973 0 0
1974 0 0
1975 0 0
1976 0 0
1977 0 0
1978 0 0
1979 0 0
1980 0 0
1981 0 0
1982 0 0
1983 0 0
1984 0 0
1985 0 0
1986 0 0
1987 0 0
1988 0 0
1989 0 0
1990 0 0
1991 0 0
1992 0 0
1993 0 0
1994 0 0
1995 0 0
1996 0 0
1997 0 0
1998 0 0
1999 0 0
2000 0 0
2001 0 0
2002 0 0
2003 0 0
2004 0 0
2005 0 0
2006 0 0
2007 0 0
2008 0 0
2009 0 0
2010 0 0
2011 0 0
2012 0 0
2013 0 0
2014 0 0
2015 0 0
2016 0 0
2017 0 0
2018 0 0
2019 0 0
2020 0 0
2021 0 0
2022 0 0
2023 0 0
2024 0 0
2025 0 0
2026 0 0
2027 0 0
2028 0 0
2029 0 0
2030 0 0
2031 0 0
2032 0 0
2033 0 0
2034 0 0
2035 0 0
2036 0 0
2037 0 0
2038 0 0
2039 0 0
2040 0 0
2041 0 0
2042 0 0
2043 0 0
2044 0 0
2045 0 0
2046 0 0
2047 0 0
2048 0 0
2049 0 0
2050 0 0
2051 0 0
2052 0 0
2053 0 0
2054 0 0
2055 0 0
2056 0 0
2057 0 0
2058 0 0
2059 0 0
2060 0 0
2061 0 0
2062 0 0
2063 0 0
2064 0 0
2065 0 0
2066 0 0
2067 0 0
2068 0 0
2069 0 0
2070 0 0
2071 0 0
2072 0 0
2073 0 0
2074 0 0
2075 0 0
2076 0 0
2077 0 0
2078 0 0
2079 0 0
2080 0 0
2081 0 0
2082 0 0
2083 0 0
2084 0 0
2085 0 0
2086 0 0
2087 0 0
2088 0 0
2089 0 0
2090 0 0
2091 0 0
2092 0 0
2093 0 0
2094 0 0
2095 0 0
2096 0 0
2097 0 0
2098 0 0
2099 0 0
2100 0 0
2101 0 0
2102 0 0
2103 0 0
2104 0 0
2105 0 0
2106 0 0
2107 0 0
2108 0 0
2109 0 0
2110 0 0
2111 0 0
2112 0 0
2113 0 0
2114 0 0
2115 0 0
2116 0 0
2117 0 0
2118 0 0
2119 0 0
2120 0 0
2121 0 0
2122 0 0
2123 0 0
2124 0 0
2125 0 0
2126 0 0
2127 0 0
2128 0 0
2129 0 0
2130 0 0
2131 0 0
2132 0 0
2133 0 0
2134 0 0
2135 0 0
2136 0 0
2137 0 0
2138 0 0
2139 0 0
2140 0 0
2141 0 0
2142 0 0
2143 0 0
2144 0 0
2145 0 0
2146 0 0
2147 0 0
2148 0 0
2149 0 0
2150 0 0
2151 0 0
2152 0 0
2153 0 0
2154 0 0
2155 0 0
2156 0 0
2157 0 0
2158 0 0
2159 0 0
2160 0 0
2161 0 0
2162 0 0
2163 0 0
2164 0 0
2165 0 0
2166 0 0
2167 0 0
2168 0 0
2169 0 0
2170 0 0
2171 0 0
2172 0 0
2173 0 0
2174 0 0
2175 0 0
2176 0 0
2177 0 0
2178 0 0
2179 0 0
2180 0 0
2181 0 0
2182 0 0
2183 0 0
2184 0 0
2185 0 0
2186 0 0
2187 0 0
2188 0 0
2189 0 0
2190 0 0
2191 0 0
2192 0 0
2193 0 0
2194 0 0
2195 0 0
2196 0 0
2197 0 0
2198 0 0
2199 0 0
2200 0 0
2201 0 0
2202 0 0
2203 0 0
2204 0 0
2205 0 0
2206 0 0
2207 0 0
2208 0 0
2209 0 0
2210 0 0
2211 0 0
2212 0 0
2213 0 0
2214 0 0
2215 0 0
2216 0 0
2217 0 0
2218 0 0
2219 0 0
2220 0 0
2221 0 0
2222 0 0
2223 0 0
2224 0 0
2225 0 0
2226 0 0
2227 0 0
2228 0 0
2229 0 0
2230 0 0
2231 0 0
2232 0 0
2233 0 0
2234 0 0
2235 0 0
2236 0 0
2237 0 0
2238 0 0
2239 0 0
2240 0 0
2241 0 0
2242 0 0
2243 0 0
2244 0 0
2245 0 0
2246 0 0
2247 0 0
2248 0 0
2249 0 0
2250 0 0
2251 0 0
2252 0 0
2253 0 0
2254 0 0
2255 0 0
2256 0 0
2257 0 0
2258 0 0
2259 0 0
2260 0 0
2261 0 0
2262 0 0
2263 0 0
2264 0 0
2265 0 0
2266 0 0
2267 0 0
2268 0 0
2269 0 0
2270 0 0
2271 0 0
2272 0 0
2273 0 0
2274 0 0
2275 0 0
2276 0 0
2277 0 0
2278 0 0
2279 0 0
2280 0 0
2281 0 0
2282 0 0
2283 0 0
2284 0 0
2285 0 0
2286 0 0
2287 0 0
2288 0 0
2289 0 0
2290 0 0
2291 0 0
2292 0 0
2293 0 0
2294 0 0
2295 0 0
2296 0 0
2297 0 0
2298 0 0
2299 0 0
2300 0 0
2301 0 0
2302 0 0
2303 0 0
2304 0 0
2305 0 0
2306 0 0
2307 0 0
2308 0 0
2309 0 0
2310 0 0
2311 0 0
2312 0 0
2313 0 0
2314 0 0
2315 0 0
2316 0 0
2317 0 0
2318 0 0
2319 0 0
2320 0 0
2321 0 0
2322 0 0
2323 0 0
2324 0 0
2325 0 0
2326 0 0
2327 0 0
2328 0 0
2329 0 0
2330 0 0
2331 0 0
2332 0 0
2333 0 0
2334 0 0
2335 0 0
2336 0 0
2337 0 0
2338 0 0
2339 0 0
2340 0 0
2341 0 0
2342 0 0
2343 0 0
2344 0 0
2345 0 0
2346 0 0
2347 0 0
2348 0 0
2349 0 0
2350 0 0
2351 0 0
2352 0 0
2353 0 0
2354 0 0
2355 0 0
2356 0 0
2357 0 0
2358 0 0
2359 0 0
2360 0 0
2361 0 0
2362 0 0
2363 0 0
2364 0 0
2365 0 0
2366 0 0
2367 0 0
2368 0 0
2369 0 0
2370 0 0
2371 0 0
2372 0 0
2373 0 0
2374 0 0
2375 0 0
2376 0 0
2377 0 0
2378 0 0
2379 0 0
2380 0 0
2381 0 0
2382 0 0
2383 0 0
2384 0 0
2385 0 0
2386 0 0
2387 0 0
2388 0 0
2389 0 0
2390 0 0
2391 0 0
2392 0 0
2393 0 0
2394 0 0
2395 0 0
2396 0 0
2397 0 0
2398 0 0
2399 0 0
2400 0 0
2401 0 0
2402 0 0
2403 0 0
2404 0 0
2405 0 0
2406 0 0
2407 0 0
2408 0 0
2409 0 0
2410 0 0
2411 0 0
2412 0 0
2413 0 0
2414 0 0
2415 0 0
2416 0 0
2417 0 0
2418 0 0
2419 0 0
2420 0 0
2421 0 0
2422 0 0
2423 0 0
2424 0 0
2425 0 0
2426 0 0
2427 0 0
2428 0 0
2429 0 0
2430 0 0
2431 0 0
2432 0 0
2433 0 0
2434 0 0
2435 0 0
2436 0 0
2437 0 0
2438 0 0
2439 0 0
2440 0 0
2441 0 0
2442 0 0
2443 0 0
2444 0 0
2445 0 0
2446 0 0
2447 0 0
2448 0 0
2449 0 0
2450 0 0
2451 0 0
2452 0 0
2453 0 0
2454 0 0
2455 0 0
2456 0 0
2457 0 0
2458 0 0
2459 0 0
2460 0 0
2461 0 0
2462 0 0
2463 0 0
2464 0 0
2465 0 0
2466 0 0
2467 0 0
2468 0 0
2469 0 0
2470 0 0
2471 0 0
2472 0 0
2473 0 0
2474 0 0
2475 0 0
2476 0 0
2477 0 0
2478 0 0
2479 0 0
2480 0 0
2481 0 0
2482 0 0
2483 0 0
2484 0 0
2485 0 0
2486 0 0
2487 0 0
2488 0 0
2489 0 0
2490 0 0
2491 0 0
2492 0 0
2493 0 0
2494 0 0
2495 0 0
2496 0 0
2497 0 0
2498 0 0
2499 0 0
2500 0 0

ARCS
39 38 33
38 37 19
37 36 5
36 35 4
35 34 50
34 33 2
33 32 49
32 31 25
31 30 28
30 29 9
29 28 1
28 27 33
27 26 27
26 25 65
25 24 41
24 23 1
23 22 9
22 21 12
21 20 72
20 19 13
19 18 10
18 17 29
17 16 14
16 15 1
15 14 8
14 13 9
13 12 13
12 11 46
11 10 12
10 9 20
9 8 37
8 7 40
7 6 1
6 5 8
5 4 8
4 3 25
3 2 7
2 1 6
1 51 7
51 52 6
52 53 7
53 54 25
54 55 8
55 56 8
56 57 1
57 58 40
58 59 37
59 60 20
60 61 12
61 62 46
62 63 13
63 64 9
64 65 8
65 66 1
66 67 14
67 68 29
68 69 10
69 70 13
70 71 72
71 72 12
72 73 9
73 74 1
74 75 41
75 76 65
76 77 27
77 78 33
78 79 1
79 80 9
80 81 28
81 82 25
82 83 49
83 84 2
84 85 50
85 86 4
86 87 5
87 88 19
88 89 33
89 90 13
90 91 5
91 92 46
92 93 7
93 94 5
94 95 5
95 96 35
96 97 19
97 98 19
98 99 6
99 100 1
100 50 7
50 49 1
49 48 6
48 47 19
47 46 19
46 45 35
45 44 5
44 43 5
43 42 7
42 41 46
41 40 5
40 39 13
39 89 7
89 139 16
139 138 33
138 137 19
137 136 5
136 135 4
135 134 50
134 133 2
133 132 49
132 131 25
131 130 28
130 129 9
129 128 1
128 127 33
127 126 27
126 125 65
125 124 41
124 123 1
123 1104 9
1104 121 12
121 120 72
120 119 13
119 118 10
118 117 29
117 116 14
116 115 1
115 114 8
114 113 9
113 604 13
604 111 46
111 110 12
110 109 20
109 108 37
108 107 40
107 106 1
106 105 8
105 104 8
104 103 25
103 102 7
102 101 6
101 51 16
101 151 11
151 152 6
152 153 7
153 154 25
154 155 8
155 156 8
156 157 1
157 158 40
158 159 37
159 160 20
160 161 12
161 162 46
162 163 13
163 164 9
164 165 8
165 166 1
166 167 14
167 168 29
168 169 10
169 170 13
170 171 72
171 172 12
172 173 9
173 174 1
174 175 41
175 176 65
176 177 27
177 178 33
178 179 1
179 180 9
180 181 28
181 182 25
182 183 49
183 184 2
184 185 50
185 186 4
186 187 5
187 188 19
188 189 33
189 190 13
190 191 5
191 192 46
192 193 7
193 194 5
194 195 5
195 196 35
196 197 19
197 198 19
198 199 6
199 200 1
200 150 11
150 149 1
149 148 6
148 147 19
147 146 19
146 145 35
145 144 5
144 143 5
143 142 7
142 141 46
141 140 5
140 139 13
139 189 11
189 239 37
239 238 33
238 237 19
237 236 5
236 235 4
235 234 50
234 233 2
233 232 49
232 231 25
231 230 28
230 229 9
229 228 1
228 227 33
227 226 27
226 225 65
225 224 41
224 223 1
223 222 9
222 221 12
221 220 72
220 219 13
219 218 10
218 217 29
217 216 14
216 215 1
215 214 8
214 213 9
213 212 13
212 211 46
211 210 12
210 209 20
209 208 37
208 207 40
207 206 1
206 205 8
205 204 8
204 203 25
203 202 7
202 201 6
201 151 37
201 251 3
251 252 6
252 253 7
253 254 25
254 255 8
255 256 8
256 257 1
257 258 40
258 259 37
259 260 20
260 261 12
261 262 46
262 263 13
263 264 9
264 265 8
265 266 1
266 267 14
267 268 29
268 269 10
269 270 13
270 271 72
271 272 12
272 273 9
273 274 1
274 275 41
275 276 65
276 277 27
277 278 33
278 279 1
279 280 9
280 281 28
281 282 25
282 283 49
283 284 2
284 285 50
285 286 4
286 287 5
287 288 19
288 289 33
289 290 13
290 291 5
291 292 46
292 293 7
293 294 5
294 295 5
295 296 35
296 297 19
297 298 19
298 299 6
299 300 1
300 250 3
250 249 1
249 248 6
248 247 19
247 246 19
246 245 35
245 244 5
244 243 5
243 242 7
242 241 46
241 240 5
240 239 13
239 289 3
289 339 20
339 338 33
338 337 19
337 336 5
336 335 4
335 334 50
334 333 2
333 332 49
332 331 25
331 330 28
330 329 9
329 328 1
328 327 33
327 326 27
326 325 65
325 324 41
324 323 1
323 322 9
322 321 12
321 320 72
320 319 13
319 318 10
318 317 29
317 316 14
316 315 1
315 314 8
314 313 9
313 312 13
312 311 46
311 310 12
310 309 20
309 308 37
308 307 40
307 306 1
306 305 8
305 304 8
304 303 25
303 302 7
302 301 6
301 251 20
301 351 28
351 352 6
352 353 7
353 354 25
354 355 8
355 356 8
356 357 1
357 358 40
358 359 37
359 360 20
360 361 12
361 362 46
362 363 13
363 364 9
364 365 8
365 366 1
366 367 14
367 368 29
368 369 10
369 370 13
370 371 72
371 372 12
372 373 9
373 374 1
374 375 41
375 376 65
376 377 27
377 378 33
378 379 1
379 380 9
380 381 28
381 382 25
382 383 49
383 384 2
384 385 50
385 386 4
386 387 5
387 388 19
388 389 33
389 390 13
390 391 5
391 392 46
392 393 7
393 394 5
394 395 5
395 396 35
396 397 19
397 398 19
398 399 6
399 400 1
400 350 28
350 349 1
349 348 6
348 347 19
347 346 19
346 345 35
345 344 5
344 343 5
343 342 7
342 341 46
341 340 5
340 339 13
339 389 28
389 439 18
439 438 33
438 437 19
437 436 5
436 435 4
435 434 50
434 433 2
433 432 49
432 431 25
431 430 28
430 429 9
429 428 1
428 427 33
427 426 27
426 425 65
425 424 41
424 423 1
423 422 9
422 421 12
421 420 72
420 419 13
419 418 10
418 417 29
417 416 14
416 415 1
415 414 8
414 413 9
413 412 13
412 411 46
411 410 12
410 409 20
409 408 37
408 407 40
407 406 1
406 405 8
405 404 8
404 403 25
403 402 7
402 401 6
401 351 18
401 451 27
451 452 6
452 453 7
453 454 25
454 455 8
455 456 8
456 457 1
457 458 40
458 459 37
459 460 20
460 461 12
461 462 46
462 463 13
463 464 9
464 465 8
465 466 1
466 467 14
467 468 29
468 469 10
469 470 13
470 471 72
471 472 12
472 473 9
473 474 1
474 475 41
475 476 65
476 477 27
477 478 33
478 479 1
479 480 9
480 481 28
481 482 25
482 483 49
483 484 2
484 485 50
485 486 4
486 487 5
487 488 19
488 489 33
489 490 13
490 491 5
491 492 46
492 493 7
493 494 5
494 495 5
495 496 35
496 497 19
497 498 19
498 499 6
499 500 1
500 450 27
450 449 1
449 448 6
448 447 19
447 446 19
446 445 35
445 444 5
444 443 5
443 442 7
442 441 46
441 440 5
440 439 13
439 489 27
489 539 21
539 538 33
538 537 19
537 536 5
536 535 4
535 534 50
534 533 2
533 532 49
532 531 25
531 530 28
530 529 9
529 528 1
528 527 33
527 526 27
526 525 65
525 524 41
524 523 1
523 522 9
522 521 12
521 520 72
520 519 13
519 518 10
518 517 29
517 516 14
516 515 1
515 514 8
514 513 9
513 512 13
512 511 46
511 510 12
510 509 20
509 508 37
508 507 40
507 506 1
506 505 8
505 504 8
504 503 25
503 502 7
502 501 6
501 451 21
501 551 2
551 552 6
552 553 7
553 554 25
554 555 8
555 556 8
556 557 1
557 558 40
558 559 37
559 560 20
560 561 12
561 562 46
562 563 13
563 564 9
564 565 8
565 566 1
566 567 14
567 568 29
568 569 10
569 570 13
570 571 72
571 572 12
572 573 9
573 574 1
574 575 41
575 576 65
576 577 27
577 578 33
578 579 1
579 580 9
580 581 28
581 582 25
582 583 49
583 584 2
584 585 50
585 586 4
586 587 5
587 588 19
588 589 33
589 590 13
590 591 5
591 592 46
592 593 7
593 594 5
594 595 5
595 596 35
596 597 19
597 598 19
598 599 6
599 600 1
600 550 2
550 549 1
549 548 6
548 547 19
547 546 19
546 545 35
545 544 5
544 543 5
543 542 7
542 541 46
541 540 5
540 539 13
539 589 2
589 639 5
639 638 33
638 637 19
637 636 5
636 635 4
635 634 50
634 633 2
633 632 49
632 631 25
631 630 28
630 629 9
629 628 1
628 627 33
627 626 27
626 625 65
625 624 41
624 623 1
623 1112 9
1112 621 12
621 620 72
620 619 13
619 618 10
618 617 29
617 616 14
616 615 1
615 614 8
614 613 9
613 612 13
612 611 46
611 610 12
610 609 20
609 608 37
608 607 40
607 606 1
606 605 8
605 604 8
604 603 25
603 602 7
602 601 6
601 551 5
601 651 35
651 652 6
652 653 7
653 654 25
654 655 8
655 656 8
656 657 1
657 658 40
658 659 37
659 660 20
660 661 12
661 662 46
662 663 13
663 664 9
664 665 8
665 666 1
666 667 14
667 668 29
668 669 10
669 670 13
670 671 72
671 672 12
672 673 9
673 674 1
674 675 41
675 676 65
676 677 27
677 678 33
678 679 1
679 680 9
680 681 28
681 682 25
682 683 49
683 684 2
684 685 50
685 686 4
686 687 5
687 688 19
688 689 33
689 690 13
690 691 5
691 692 46
692 693 7
693 694 5
694 695 5
695 696 35
696 697 19
697 698 19
698 699 6
699 700 1
700 650 35
650 649 1
649 648 6
648 647 19
647 646 19
646 645 35
645 644 5
644 643 5
643 642 7
642 641 46
641 640 5
640 639 13
639 689 35
689 739 18
739 738 33
738 737 19
737 736 5
736 735 4
735 734 50
734 733 2
733 732 49
732 731 25
731 730 28
730 729 9
729 728 1
728 727 33
727 726 27
726 725 65
725 724 41
724 723 1
723 722 9
722 721 12
721 720 72
720 719 13
719 718 10
718 717 29
717 716 14
716 715 1
715 714 8
714 713 9
713 712 13
712 711 46
711 710 12
710 709 20
709 708 37
708 707 40
707 706 1
706 705 8
705 704 8
704 703 25
703 702 7
702 701 6
701 651 18
701 751 6
751 752 6
752 753 7
753 754 25
754 755 8
755 756 8
756 757 1
757 758 40
758 759 37
759 760 20
760 761 12
761 762 46
762 763 13
763 764 9
764 765 8
765 766 1
766 767 14
767 768 29
768 769 10
769 770 13
770 771 72
771 772 12
772 773 9
773 774 1
774 775 41
775 776 65
776 777 27
777 778 33
778 779 1
779 780 9
780 781 28
781 782 25
782 783 49
783 784 2
784 785 50
785 786 4
786 787 5
787 788 19
788 789 33
789 790 13
790 791 5
791 792 46
792 793 7
793 794 5
794 795 5
795 796 35
796 797 19
797 798 19
798 799 6
799 800 1
800 750 6
750 749 1
749 748 6
748 747 19
747 746 19
746 745 35
745 744 5
744 743 5
743 742 7
742 741 46
741 740 5
740 739 13
739 789 6
789 839 17
839 838 33
838 837 19
837 836 5
836 835 4
835 834 50
834 833 2
833 832 49
832 831 25
831 830 28
830 829 9
829 828 1
828 827 33
827 826 27
826 825 65
825 824 41
824 823 1
823 822 9
822 821 12
821 820 72
820 819 13
819 818 10
818 817 29
817 816 14
816 815 1
815 814 8
814 813 9
813 812 13
812 811 46
811 810 12
810 809 20
809 808 37
808 807 40
807 806 1
806 805 8
805 804 8
804 803 25
803 802 7
802 801 6
801 751 17
801 851 6
851 852 6
852 853 7
853 854 25
854 855 8
855 856 8
856 857 1
857 858 40
858 859 37
859 860 20
860 861 12
861 862 46
862 863 13
863 864 9
864 865 8
865 866 1
866 867 14
867 868 29
868 869 10
869 870 13
870 871 72
871 872 12
872 873 9
873 874 1
874 875 41
875 876 65
876 877 27
877 878 33
878 879 1
879 880 9
880 881 28
881 882 25
882 883 49
883 884 2
884 885 50
885 886 4
886 887 5
887 888 19
888 889 33
889 890 13
890 891 5
891 892 46
892 893 7
893 894 5
894 895 5
895 896 35
896 897 19
897 898 19
898 899 6
899 900 1
900 850 6
850 849 1
849 848 6
848 847 19
847 846 19
846 845 35
845 844 5
844 843 5
843 842 7
842 841 46
841 840 5
840 839 13
839 889 6
889 939 10
939 938 33
938 937 19
937 936 5
936 935 4
935 934 50
934 933 2
933 932 49
932 931 25
931 930 28
930 929 9
929 928 1
928 927 33
927 926 27
926 925 65
925 924 41
924 923 1
923 922 9
922 921 12
921 920 72
920 919 13
919 918 10
918 917 29
917 916 14
916 915 1
915 914 8
914 913 9
913 912 13
912 911 46
911 910 12
910 909 20
909 908 37
908 907 40
907 906 1
906 905 8
905 904 8
904 903 25
903 902 7
902 901 6
901 851 10
901 951 40
951 952 6
952 953 7
953 954 25
954 955 8
955 956 8
956 957 1
957 958 40
958 959 37
959 960 20
960 961 12
961 962 46
962 963 13
963 964 9
964 965 8
965 966 1
966 967 14
967 968 29
968 969 10
969 970 13
970 971 72
971 972 12
972 973 9
973 974 1
974 975 41
975 976 65
976 977 27
977 978 33
978 979 1
979 980 9
980 981 28
981 982 25
982 983 49
983 984 2
984 985 50
985 986 4
986 987 5
987 988 19
988 989 33
989 990 13
990 991 5
991 992 46
992 993 7
993 994 5
994 995 5
995 996 35
996 997 19
997 998 19
998 999 6
999 1000 1
1000 950 40
950 949 1
949 948 6
948 947 19
947 946 19
946 945 35
945 944 5
944 943 5
943 942 7
942 941 46
941 940 5
940 939 13
939 989 40
989 1039 17
1039 1038 33
1038 1037 19
1037 1036 5
1036 1035 4
1035 1034 50
1034 1033 2
1033 1032 49
1032 1031 25
1031 1030 28
1030 1029 9
1029 1028 1
1028 1027 33
1027 1026 27
1026 1025 65
1025 1024 41
1024 1023 1
1023 1022 9
1022 1021 12
1021 1020 72
1020 1019 13
1019 1018 10
1018 1017 29
1017 1016 14
1016 1015 1
1015 1014 8
1014 1013 9
1013 1012 13
1012 1011 46
1011 1010 12
1010 1009 20
1009 1008 37
1008 1007 40
1007 1006 1
1006 1005 8
1005 1004 8
1004 1003 25
1003 1002 7
1002 1001 6
1001 951 17
1001 1051 3
1051 1052 6
1052 1053 7
1053 1054 25
1054 1055 8
1055 1056 8
1056 1057 1
1057 1058 40
1058 1059 37
1059 1060 20
1060 1061 12
1061 1062 46
1062 1063 13
1063 1064 9
1064 1065 8
1065 1066 1
1066 1067 14
1067 1068 29
1068 1069 10
1069 1070 13
1070 1071 72
1071 1072 12
1072 1073 9
1073 1074 1
1074 1075 41
1075 1076 65
1076 1077 27
1077 1078 33
1078 1079 1
1079 1080 9
1080 1081 28
1081 1082 25
1082 1083 49
1083 1084 2
1084 1085 50
1085 1086 4
1086 1087 5
1087 1088 19
1088 1089 33
1089 1090 13
1090 1091 5
1091 1092 46
1092 1093 7
1093 1094 5
1094 1095 5
1095 1096 35
1096 1097 19
1097 1098 19
1098 1099 6
1099 1100 1
1100 1050 3
1050 1049 1
1049 1048 6
1048 1047 19
1047 1046 19
1046 1045 35
1045 1044 5
1044 1043 5
1043 1042 7
1042 1041 46
1041 1040 5
1040 1039 13
1039 1089 3
1089 1139 29
1139 1138 33
1138 1137 19
1137 1136 5
1136 1135 4
1135 1134 50
1134 1133 2
1133 1132 49
1132 1131 25
1131 1130 28
1130 1129 9
1129 1128 1
1128 1127 33
1127 1126 27
1126 1125 65
1125 1124 41
1124 1123 1
1123 1122 9
1122 1121 12
1121 1120 72
1120 1119 13
1119 1118 10
1118 1117 29
1117 1116 14
1116 1115 1
1115 1114 8
1114 1113 9
1113 1112 13
1112 1111 46
1111 1110 12
1110 1109 20
1109 1108 37
1108 1107 40
1107 1106 1
1106 1105 8
1105 1104 8
1104 1103 25
1103 1102 7
1102 1101 6
1101 1051 29
1101 1151 13
1151 1152 6
1152 1153 7
1153 1154 25
1154 1155 8
1155 1156 8
1156 1157 1
1157 1158 40
1158 1159 37
1159 1160 20
1160 1161 12
1161 1162 46
1162 1163 13
1163 1164 9
1164 1165 8
1165 1166 1
1166 1167 14
1167 1168 29
1168 1169 10
1169 1170 13
1170 1171 72
1171 1172 12
1172 1173 9
1173 1174 1
1174 1175 41
1175 1176 65
1176 1177 27
1177 1178 33
1178 1179 1
1179 1180 9
1180 1181 28
1181 1182 25
1182 1183 49
1183 1184 2
1184 1185 50
1185 1186 4
1186 1187 5
1187 1188 19
1188 1189 33
1189 1190 13
1190 1191 5
1191 1192 46
1192 1193 7
1193 1194 5
1194 1195 5
1195 1196 35
1196 1197 19
1197 1198 19
1198 1199 6
1199 1200 1
1200 1150 13
1150 1149 1
1149 1148 6
1148 1147 19
1147 1146 19
1146 1145 35
1145 1144 5
1144 1143 5
1143 1142 7
1142 1141 46
1141 1140 5
1140 1139 13
1139 1189 13
1189 1239 6
1239 1238 33
1238 1237 19
1237 1236 5
1236 1235 4
1235 1234 50
1234 1233 2
1233 1232 49
1232 1231 25
1231 1230 28
1230 1229 9
1229 1228 1
1228 1227 33
1227 1226 27
1226 1225 65
1225 1224 41
1224 1223 1
1223 1222 9
1222 1221 12
1221 1220 72
1220 1219 13
1219 1218 10
1218 1217 29
1217 1216 14
1216 1215 1
1215 1214 8
1214 1213 9
1213 1212 13
1212 1211 46
1211 1210 12
1210 1209 20
1209 1208 37
1208 1207 40
1207 1206 1
1206 1205 8
1205 1204 8
1204 1203 25
1203 1202 7
1202 1201 6
1201 1151 6
1201 1251 1
1251 1252 6
1252 1253 7
1253 1254 25
1254 1255 8
1255 1256 8
1256 1257 1
1257 1258 40
1258 1259 37
1259 1260 20
1260 1261 12
1261 1262 46
1262 1263 13
1263 1264 9
1264 1265 8
1265 1266 1
1266 1267 14
1267 1268 29
1268 1269 10
1269 1270 13
1270 1271 72
1271 1272 12
1272 1273 9
1273 1274 1
1274 1275 41
1275 1276 65
1276 1277 27
1277 1278 33
1278 1279 1
1279 1280 9
1280 1281 28
1281 1282 25
1282 1283 49
1283 1284 2
1284 1285 50
1285 1286 4
1286 1287 5
1287 1288 19
1288 1289 33
1289 1290 13
1290 1291 5
1291 1292 46
1292 1293 7
1293 1294 5
1294 1295 5
1295 1296 35
1296 1297 19
1297 1298 19
1298 1299 6
1299 1300 1
1300 1250 1
1250 1249 1
1249 1248 6
1248 1247 19
1247 1246 19
1246 1245 35
1245 1244 5
1244 1243 5
1243 1242 7
1242 1241 46
1241 1240 5
1240 1239 13
1239 1289 1
1289 1339 93
1339 1338 33
1338 1337 19
1337 1336 5
1336 1335 4
1335 1334 50
1334 1333 2
1333 1332 49
1332 1331 25
1331 1330 28
1330 1329 9
1329 1328 1
1328 1327 33
1327 1326 27
1326 1325 65
1325 1324 41
1324 1323 1
1323 1322 9
1322 1321 12
1321 1320 72
1320 1319 13
1319 1318 10
1318 1317 29
1317 1316 14
1316 1315 1
1315 1314 8
1314 1313 9
1313 1312 13
1312 1311 46
1311 1310 12
1310 1309 20
1309 1308 37
1308 1307 40
1307 1306 1
1306 1305 8
1305 1304 8
1304 1303 25
1303 1302 7
1302 1301 6
1301 1251 93
1301 1351 4
1351 1352 6
1352 1353 7
1353 1354 25
1354 1355 8
1355 1356 8
1356 1357 1
1357 1358 40
1358 1359 37
1359 1360 20
1360 1361 12
1361 1362 46
1362 1363 13
1363 1364 9
1364 1365 8
1365 1366 1
1366 1367 14
1367 1368 29
1368 1369 10
1369 1370 13
1370 1371 72
1371 1372 12
1372 1373 9
1373 1374 1
1374 1375 41
1375 1376 65
1376 1377 27
1377 1378 33
1378 1379 1
1379 1380 9
1380 1381 28
1381 1382 25
1382 1383 49
1383 1384 2
1384 1385 50
1385 1386 4
1386 1387 5
1387 1388 19
1388 1389 33
1389 1390 13
1390 1391 5
1391 1392 46
1392 1393 7
1393 1394 5
1394 1395 5
1395 1396 35
1396 1397 19
1397 1398 19
1398 1399 6
1399 1400 1
1400 1350 4
1350 1349 1
1349 1348 6
1348 1347 19
1347 1346 19
1346 1345 35
1345 1344 5
1344 1343 5
1343 1342 7
1342 1341 46
1341 1340 5
1340 1339 13
1339 1389 4
1389 1439 28
1439 1438 33
1438 1437 19
1437 1436 5
1436 1435 4
1435 1434 50
1434 1433 2
1433 1432 49
1432 1431 25
1431 1430 28
1430 1429 9
1429 1428 1
1428 1427 33
1427 1426 27
1426 1425 65
1425 1424 41
1424 1423 1
1423 1422 9
1422 1421 12
1421 1420 72
1420 1419 13
1419 1418 10
1418 1417 29
1417 1416 14
1416 1415 1
1415 1414 8
1414 1413 9
1413 1412 13
1412 1411 46
1411 1410 12
1410 1409 20
1409 1408 37
1408 1407 40
1407 1406 1
1406 1405 8
1405 1404 8
1404 1403 25
1403 1402 7
1402 1401 6
1401 1351 28
1401 1451 79
1451 1452 6
1452 1453 7
1453 1454 25
1454 1455 8
1455 1456 8
1456 1457 1
1457 1458 40
1458 1459 37
1459 1460 20
1460 1461 12
1461 1462 46
1462 1463 13
1463 1464 9
1464 1465 8
1465 1466 1
1466 1467 14
1467 1468 29
1468 1469 10
1469 1470 13
1470 1471 72
1471 1472 12
1472 1473 9
1473 1474 1
1474 1475 41
1475 1476 65
1476 1477 27
1477 1478 33
1478 1479 1
1479 1480 9
1480 1481 28
1481 1482 25
1482 1483 49
1483 1484 2
1484 1485 50
1485 1486 4
1486 1487 5
1487 1488 19
1488 1489 33
1489 1490 13
1490 1491 5
1491 1492 46
1492 1493 7
1493 1494 5
1494 1495 5
1495 1496 35
1496 1497 19
1497 1498 19
1498 1499 6
1499 1500 1
1500 1450 79
1450 1449 1
1449 1448 6
1448 1447 19
1447 1446 19
1446 1445 35
1445 1444 5
1444 1443 5
1443 1442 7
1442 1441 46
1441 1440 5
1440 1439 13
1439 1489 79
1489 1539 8
1539 1538 33
1538 1537 19
1537 1536 5
1536 1535 4
1535 1534 50
1534 1533 2
1533 1532 49
1532 1531 25
1531 1530 28
1530 1529 9
1529 1528 1
1528 1527 33
1527 1526 27
1526 1525 65
1525 1524 41
1524 1523 1
1523 1522 9
1522 1521 12
1521 1520 72
1520 1519 13
1519 1518 10
1518 1517 29
1517 1516 14
1516 1515 1
1515 1514 8
1514 1513 9
1513 1512 13
1512 1511 46
1511 1510 12
1510 1509 20
1509 1508 37
1508 1507 40
1507 1506 1
1506 1505 8
1505 1504 8
1504 1503 25
1503 1502 7
1502 1501 6
1501 1451 8
1501 1551 55
1551 1552 6
1552 1553 7
1553 1554 25
1554 1555 8
1555 1556 8
1556 1557 1
1557 1558 40
1558 1559 37
1559 1560 20
1560 1561 12
1561 1562 46
1562 1563 13
1563 1564 9
1564 1565 8
1565 1566 1
1566 1567 14
1567 1568 29
1568 1569 10
1569 1570 13
1570 1571 72
1571 1572 12
1572 1573 9
1573 1574 1
1574 1575 41
1575 1576 65
1576 1577 27
1577 1578 33
1578 1579 1
1579 1580 9
1580 1581 28
1581 1582 25
1582 1583 49
1583 1584 2
1584 1585 50
1585 1586 4
1586 1587 5
1587 1588 19
1588 1589 33
1589 1590 13
1590 1591 5
1591 1592 46
1592 1593 7
1593 1594 5
1594 1595 5
1595 1596 35
1596 1597 19
1597 1598 19
1598 1599 6
1599 1600 1
1600 1550 55
1550 1549 1
1549 1548 6
1548 1547 19
1547 1546 19
1546 1545 35
1545 1544 5
1544 1543 5
1543 1542 7
1542 1541 46
1541 1540 5
1540 1539 13
1539 1589 55
1589 1639 45
1639 1638 33
1638 1637 19
1637 1636 5
1636 1635 4
1635 1634 50
1634 1633 2
1633 1632 49
1632 1631 25
1631 1630 28
1630 1629 9
1629 1628 1
1628 1627 33
1627 1626 27
1626 1625 65
1625 1624 41
1624 1623 1
1623 1622 9
1622 1621 12
1621 1620 72
1620 1619 13
1619 1618 10
1618 1617 29
1617 1616 14
1616 1615 1
1615 1614 8
1614 1613 9
1613 1612 13
1612 1611 46
1611 1610 12
1610 1609 20
1609 1608 37
1608 1607 40
1607 1606 1
1606 1605 8
1605 1604 8
1604 1603 25
1603 1602 7
1602 1601 6
1601 1551 45
1601 1651 1
1651 1652 6
1652 1653 7
1653 1654 25
1654 1655 8
1655 1656 8
1656 1657 1
1657 1658 40
1658 1659 37
1659 1660 20
1660 1661 12
1661 1662 46
1662 1663 13
1663 1664 9
1664 1665 8
1665 1666 1
1666 1667 14
1667 1668 29
1668 1669 10
1669 1670 13
1670 1671 72
1671 1672 12
1672 1673 9
1673 1674 1
1674 1675 41
1675 1676 65
1676 1677 27
1677 1678 33
1678 1679 1
1679 1680 9
1680 1681 28
1681 1682 25
1682 1683 49
1683 1684 2
1684 1685 50
1685 1686 4
1686 1687 5
1687 1688 19
1688 1689 33
1689 1690 13
1690 1691 5
1691 1692 46
1692 1693 7
1693 1694 5
1694 1695 5
1695 1696 35
1696 1697 19
1697 1698 19
1698 1699 6
1699 1700 1
1700 1650 1
1650 1649 1
1649 1648 6
1648 1647 19
1647 1646 19
1646 1645 35
1645 1644 5
1644 1643 5
1643 1642 7
1642 1641 46
1641 1640 5
1640 1639 13
1639 1689 1
1689 1739 17
1739 1738 33
1738 1737 19
1737 1736 5
1736 1735 4
1735 1734 50
1734 1733 2
1733 1732 49
1732 1731 25
1731 1730 28
1730 1729 9
1729 1728 1
1728 1727 33
1727 1726 27
1726 1725 65
1725 1724 41
1724 1723 1
1723 1722 9
1722 1721 12
1721 1720 72
1720 1719 13
1719 1718 10
1718 1717 29
1717 1716 14
1716 1715 1
1715 1714 8
1714 1713 9
1713 1712 13
1712 1711 46
1711 1710 12
1710 1709 20
1709 1708 37
1708 1707 40
1707 1706 1
1706 1705 8
1705 1704 8
1704 1703 25
1703 1702 7
1702 1701 6
1701 1651 17
1701 1751 40
1751 1752 6
1752 1753 7
1753 1754 25
1754 1755 8
1755 1756 8
1756 1757 1
1757 1758 40
1758 1759 37
1759 1760 20
1760 1761 12
1761 1762 46
1762 1763 13
1763 1764 9
1764 1765 8
1765 1766 1
1766 1767 14
1767 1768 29
1768 1769 10
1769 1770 13
1770 1771 72
1771 1772 12
1772 1773 9
1773 1774 1
1774 1775 41
1775 1776 65
1776 1777 27
1777 1778 33
1778 1779 1
1779 1780 9
1780 1781 28
1781 1782 25
1782 1783 49
1783 1784 2
1784 1785 50
1785 1786 4
1786 1787 5
1787 1788 19
1788 1789 33
1789 1790 13
1790 1791 5
1791 1792 46
1792 1793 7
1793 1794 5
1794 1795 5
1795 1796 35
1796 1797 19
1797 1798 19
1798 1799 6
1799 1800 1
1800 1750 40
1750 1749 1
1749 1748 6
1748 1747 19
1747 1746 19
1746 1745 35
1745 1744 5
1744 1743 5
1743 1742 7
1742 1741 46
1741 1740 5
1740 1739 13
1739 1789 40
1789 1839 19
1839 1838 33
1838 1837 19
1837 1836 5
1836 1835 4
1835 1834 50
1834 1833 2
1833 1832 49
1832 1831 25
1831 1830 28
1830 1829 9
1829 1828 1
1828 1827 33
1827 1826 27
1826 1825 65
1825 1824 41
1824 1823 1
1823 1822 9
1822 1821 12
1821 1820 72
1820 1819 13
1819 1818 10
1818 1817 29
1817 1816 14
1816 1815 1
1815 1814 8
1814 1813 9
1813 1812 13
1812 1811 46
1811 1810 12
1810 1809 20
1809 1808 37
1808 1807 40
1807 1806 1
1806 1805 8
1805 1804 8
1804 1803 25
1803 1802 7
1802 1801 6
1801 1751 19
1801 1851 13
1851 1852 6
1852 1853 7
1853 1854 25
1854 1855 8
1855 1856 8
1856 1857 1
1857 1858 40
1858 1859 37
1859 1860 20
1860 1861 12
1861 1862 46
1862 1863 13
1863 1864 9
1864 1865 8
1865 1866 1
1866 1867 14
1867 1868 29
1868 1869 10
1869 1870 13
1870 1871 72
1871 1872 12
1872 1873 9
1873 1874 1
1874 1875 41
1875 1876 65
1876 1877 27
1877 1878 33
1878 1879 1
1879 1880 9
1880 1881 28
1881 1882 25
1882 1883 49
1883 1884 2
1884 1885 50
1885 1886 4
1886 1887 5
1887 1888 19
1888 1889 33
1889 1890 13
1890 1891 5
1891 1892 46
1892 1893 7
1893 1894 5
1894 1895 5
1895 1896 35
1896 1897 19
1897 1898 19
1898 1899 6
1899 1900 1
1900 1850 13
1850 1849 1
1849 1848 6
1848 1847 19
1847 1846 19
1846 1845 35
1845 1844 5
1844 1843 5
1843 1842 7
1842 1841 46
1841 1840 5
1840 1839 13
1839 1889 13
1889 1939 2
1939 1938 33
1938 1937 19
1937 1936 5
1936 1935 4
1935 1934 50
1934 1933 2
1933 1932 49
1932 1931 25
1931 1930 28
1930 1929 9
1929 1928 1
1928 1927 33
1927 1926 27
1926 1925 65
1925 1924 41
1924 1923 1
1923 1922 9
1922 1921 12
1921 1920 72
1920 1919 13
1919 1918 10
1918 1917 29
1917 1916 14
1916 1915 1
1915 1914 8
1914 1913 9
1913 1912 13
1912 1911 46
1911 1910 12
1910 1909 20
1909 1908 37
1908 1907 40
1907 1906 1
1906 1905 8
1905 1904 8
1904 1903 25
1903 1902 7
1902 1901 6
1901 1851 2
1901 1951 3
1951 1952 6
1952 1953 7
1953 1954 25
1954 1955 8
1955 1956 8
1956 1957 1
1957 1958 40
1958 1959 37
1959 1960 20
1960 1961 12
1961 1962 46
1962 1963 13
1963 1964 9
1964 1965 8
1965 1966 1
1966 1967 14
1967 1968 29
1968 1969 10
1969 1970 13
1970 1971 72
1971 1972 12
1972 1973 9
1973 1974 1
1974 1975 41
1975 1976 65
1976 1977 27
1977 1978 33
1978 1979 1
1979 1980 9
1980 1981 28
1981 1982 25
1982 1983 49
1983 1984 2
1984 1985 50
1985 1986 4
1986 1987 5
1987 1988 19
1988 1989 33
1989 1990 13
1990 1991 5
1991 1992 46
1992 1993 7
1993 1994 5
1994 1995 5
1995 1996 35
1996 1997 19
1997 1998 19
1998 1999 6
1999 2000 1
2000 1950 3
1950 1949 1
1949 1948 6
1948 1947 19
1947 1946 19
1946 1945 35
1945 1944 5
1944 1943 5
1943 1942 7
1942 1941 46
1941 1940 5
1940 1939 13
1939 1989 3
1989 2039 31
2039 2038 33
2038 2037 19
2037 2036 5
2036 2035 4
2035 2034 50
2034 2033 2
2033 2032 49
2032 2031 25
2031 2030 28
2030 2029 9
2029 2028 1
2028 2027 33
2027 2026 27
2026 2025 65
2025 2024 41
2024 2023 1
2023 2022 9
2022 2021 12
2021 2020 72
2020 2019 13
2019 2018 10
2018 2017 29
2017 2016 14
2016 2015 1
2015 2014 8
2014 2013 9
2013 2012 13
2012 2011 46
2011 2010 12
2010 2009 20
2009 2008 37
2008 2007 40
2007 2006 1
2006 2005 8
2005 2004 8
2004 2003 25
2003 2002 7
2002 2001 6
2001 1951 31
2001 2051 3
2051 2052 6
2052 2053 7
2053 2054 25
2054 2055 8
2055 2056 8
2056 2057 1
2057 2058 40
2058 2059 37
2059 2060 20
2060 2061 12
2061 2062 46
2062 2063 13
2063 2064 9
2064 2065 8
2065 2066 1
2066 2067 14
2067 2068 29
2068 2069 10
2069 2070 13
2070 2071 72
2071 2072 12
2072 2073 9
2073 2074 1
2074 2075 41
2075 2076 65
2076 2077 27
2077 2078 33
2078 2079 1
2079 2080 9
2080 2081 28
2081 2082 25
2082 2083 49
2083 2084 2
2084 2085 50
2085 2086 4
2086 2087 5
2087 2088 19
2088 2089 33
2089 2090 13
2090 2091 5
2091 2092 46
2092 2093 7
2093 2094 5
2094 2095 5
2095 2096 35
2096 2097 19
2097 2098 19
2098 2099 6
2099 2100 1
2100 2050 3
2050 2049 1
2049 2048 6
2048 2047 19
2047 2046 19
2046 2045 35
2045 2044 5
2044 2043 5
2043 2042 7
2042 2041 46
2041 2040 5
2040 2039 13
2039 2089 3
2089 2139 6
2139 2138 33
2138 2137 19
2137 2136 5
2136 2135 4
2135 2134 50
2134 2133 2
2133 2132 49
2132 2131 25
2131 2130 28
2130 2129 9
2129 2128 1
2128 2127 33
2127 2126 27
2126 2125 65
2125 2124 41
2124 2123 1
2123 2122 9
2122 2121 12
2121 2120 72
2120 2119 13
2119 2118 10
2118 2117 29
2117 2116 14
2116 2115 1
2115 2114 8
2114 2113 9
2113 2112 13
2112 2111 46
2111 2110 12
2110 2109 20
2109 2108 37
2108 2107 40
2107 2106 1
2106 2105 8
2105 2104 8
2104 2103 25
2103 2102 7
2102 2101 6
2101 2051 6
2101 2151 21
2151 2152 6
2152 2153 7
2153 2154 25
2154 2155 8
2155 2156 8
2156 2157 1
2157 2158 40
2158 2159 37
2159 2160 20
2160 2161 12
2161 2162 46
2162 2163 13
2163 2164 9
2164 2165 8
2165 2166 1
2166 2167 14
2167 2168 29
2168 2169 10
2169 2170 13
2170 2171 72
2171 2172 12
2172 2173 9
2173 2174 1
2174 2175 41
2175 2176 65
2176 2177 27
2177 2178 33
2178 2179 1
2179 2180 9
2180 2181 28
2181 2182 25
2182 2183 49
2183 2184 2
2184 2185 50
2185 2186 4
2186 2187 5
2187 2188 19
2188 2189 33
2189 2190 13
2190 2191 5
2191 2192 46
2192 2193 7
2193 2194 5
2194 2195 5
2195 2196 35
2196 2197 19
2197 2198 19
2198 2199 6
2199 2200 1
2200 2150 21
2150 2149 1
2149 2148 6
2148 2147 19
2147 2146 19
2146 2145 35
2145 2144 5
2144 2143 5
2143 2142 7
2142 2141 46
2141 2140 5
2140 2139 13
2139 2189 21
2189 2239 2
2239 2238 33
2238 2237 19
2237 2236 5
2236 2235 4
2235 2234 50
2234 2233 2
2233 2232 49
2232 2231 25
2231 2230 28
2230 2229 9
2229 2228 1
2228 2227 33
2227 2226 27
2226 2225 65
2225 2224 41
2224 2223 1
2223 2222 9
2222 2221 12
2221 2220 72
2220 2219 13
2219 2218 10
2218 2217 29
2217 2216 14
2216 2215 1
2215 2214 8
2214 2213 9
2213 2212 13
2212 2211 46
2211 2210 12
2210 2209 20
2209 2208 37
2208 2207 40
2207 2206 1
2206 2205 8
2205 2204 8
2204 2203 25
2203 2202 7
2202 2201 6
2201 2151 2
2201 2251 39
2251 2252 6
2252 2253 7
2253 2254 25
2254 2255 8
2255 2256 8
2256 2257 1
2257 2258 40
2258 2259 37
2259 2260 20
2260 2261 12
2261 2262 46
2262 2263 13
2263 2264 9
2264 2265 8
2265 2266 1
2266 2267 14
2267 2268 29
2268 2269 10
2269 2270 13
2270 2271 72
2271 2272 12
2272 2273 9
2273 2274 1
2274 2275 41
2275 2276 65
2276 2277 27
2277 2278 33
2278 2279 1
2279 2280 9
2280 2281 28
2281 2282 25
2282 2283 49
2283 2284 2
2284 2285 50
2285 2286 4
2286 2287 5
2287 2288 19
2288 2289 33
2289 2290 13
2290 2291 5
2291 2292 46
2292 2293 7
2293 2294 5
2294 2295 5
2295 2296 35
2296 2297 19
2297 2298 19
2298 2299 6
2299 2300 1
2300 2250 39
2250 2249 1
2249 2248 6
2248 2247 19
2247 2246 19
2246 2245 35
2245 2244 5
2244 2243 5
2243 2242 7
2242 2241 46
2241 2240 5
2240 2239 13
2239 2289 39
2289 2339 12
2339 2338 33
2338 2337 19
2337 2336 5
2336 2335 4
2335 2334 50
2334 2333 2
2333 2332 49
2332 2331 25
2331 2330 28
2330 2329 9
2329 2328 1
2328 2327 33
2327 2326 27
2326 2325 65
2325 2324 41
2324 2323 1
2323 2322 9
2322 2321 12
2321 2320 72
2320 2319 13
2319 2318 10
2318 2317 29
2317 2316 14
2316 2315 1
2315 2314 8
2314 2313 9
2313 2312 13
2312 2311 46
2311 2310 12
2310 2309 20
2309 2308 37
2308 2307 40
2307 2306 1
2306 2305 8
2305 2304 8
2304 2303 25
2303 2302 7
2302 2301 6
2301 2251 12
2301 2351 2
2351 2352 6
2352 2353 7
2353 2354 25
2354 2355 8
2355 2356 8
2356 2357 1
2357 2358 40
2358 2359 37
2359 2360 20
2360 2361 12
2361 2362 46
2362 2363 13
2363 2364 9
2364 2365 8
2365 2366 1
2366 2367 14
2367 2368 29
2368 2369 10
2369 2370 13
2370 2371 72
2371 2372 12
2372 2373 9
2373 2374 1
2374 2375 41
2375 2376 65
2376 2377 27
2377 2378 33
2378 2379 1
2379 2380 9
2380 2381 28
2381 2382 25
2382 2383 49
2383 2384 2
2384 2385 50
2385 2386 4
2386 2387 5
2387 2388 19
2388 2389 33
2389 2390 13
2390 2391 5
2391 2392 46
2392 2393 7
2393 2394 5
2394 2395 5
2395 2396 35
2396 2397 19
2397 2398 19
2398 2399 6
2399 2400 1
2400 2350 2
2350 2349 1
2349 2348 6
2348 2347 19
2347 2346 19
2346 2345 35
2345 2344 5
2344 2343 5
2343 2342 7
2342 2341 46
2341 2340 5
2340 2339 13
2339 2389 2
2389 2439 6
2439 2438 33
2438 2437 19
2437 2436 5
2436 2435 4
2435 2434 50
2434 2433 2
2433 2432 49
2432 2431 25
2431 2430 28
2430 2429 9
2429 2428 1
2428 2427 33
2427 2426 27
2426 2425 65
2425 2424 41
2424 2423 1
2423 2422 9
2422 2421 12
2421 2420 72
2420 2419 13
2419 2418 10
2418 2417 29
2417 2416 14
2416 2415 1
2415 2414 8
2414 2413 9
2413 2412 13
2412 2411 46
2411 2410 12
2410 2409 20
2409 2408 37
2408 2407 40
2407 2406 1
2406 2405 8
2405 2404 8
2404 2403 25
2403 2402 7
2402 2401 6
2401 2351 6
2401 2451 24
2451 2452 6
2452 2453 7
2453 2454 25
2454 2455 8
2455 2456 8
2456 2457 1
2457 2458 40
2458 2459 37
2459 2460 20
2460 2461 12
2461 2462 46
2462 2463 13
2463 2464 9
2464 2465 8
2465 2466 1
2466 2467 14
2467 2468 29
2468 2469 10
2469 2470 13
2470 2471 72
2471 2472 12
2472 2473 9
2473 2474 1
2474 2475 41
2475 2476 65
2476 2477 27
2477 2478 33
2478 2479 1
2479 2480 9
2480 2481 28
2481 2482 25
2482 2483 49
2483 2484 2
2484 2485 50
2485 2486 4
2486 2487 5
2487 2488 19
2488 2489 33
2489 2490 13
2490 2491 5
2491 2492 46
2492 2493 7
2493 2494 5
2494 2495 5
2495 2496 35
2496 2497 19
2497 2498 19
2498 2499 6
2499 2500 1
2500 2450 24
2450 2449 1
2449 2448 6
2448 2447 19
2447 2446 19
2446 2445 35
2445 2444 5
2444 2443 5
2443 2442 7
2442 2441 46
2441 2440 5
2440 2439 13
2439 2489 24
2440 2390 6
2390 2340 2
2340 2290 12
2290 2240 39
2240 2190 2
2190 2140 21
2140 2090 6
2090 2040 3
2040 1990 31
1990 1940 3
1940 1890 2
1890 1840 13
1840 1790 19
1790 1740 40
1740 1690 17
1690 1640 1
1640 1590 45
1590 1540 55
1540 1490 8
1490 1440 79
1440 1390 28
1390 1340 4
1340 1290 93
1290 1240 1
1240 1190 6
1190 1140 13
1140 1090 29
1090 1040 3
1040 990 17
990 940 40
940 890 10
890 840 6
840 790 17
790 740 6
740 690 18
690 640 35
640 590 5
590 540 2
540 490 21
490 440 27
440 390 18
390 340 28
340 290 20
290 240 3
240 190 37
190 140 11
140 90 16
90 40 7
2440 2490 24
2441 2391 6
2391 2341 2
2341 2291 12
2291 2241 39
2241 2191 2
2191 2141 21
2141 2091 6
2091 2041 3
2041 1991 31
1991 1941 3
1941 1891 2
1891 1841 13
1841 1791 19
1791 1741 40
1741 1691 17
1691 1641 1
1641 1591 45
1591 1541 55
1541 1491 8
1491 1441 79
1441 1391 28
1391 1341 4
1341 1291 93
1291 1241 1
1241 1191 6
1191 1141 13
1141 1091 29
1091 1041 3
1041 991 17
991 941 40
941 891 10
891 841 6
841 791 17
791 741 6
741 691 18
691 641 35
641 591 5
591 541 2
541 491 21
491 441 27
441 391 18
391 341 28
341 291 20
291 241 3
241 191 37
191 141 11
141 91 16
91 41 7
2441 2491 24
2442 2392 6
2392 2342 2
2342 2292 12
2292 2242 39
2242 2192 2
2192 2142 21
2142 2092 6
2092 2042 3
2042 1992 31
1992 1942 3
1942 1892 2
1892 1842 13
1842 1792 19
1792 1742 40
1742 1692 17
1692 1642 1
1642 1592 45
1592 1542 55
1542 1492 8
1492 1442 79
1442 1392 28
1392 1342 4
1342 1292 93
1292 1242 1
1242 1192 6
1192 1142 13
1142 1092 29
1092 1042 3
1042 992 17
992 942 40
942 892 10
892 842 6
842 792 17
792 742 6
742 692 18
692 642 35
642 592 5
592 542 2
542 492 21
492 442 27
442 392 18
392 342 28
342 292 20
292 242 3
242 192 37
192 142 11
142 92 16
92 42 7
2442 2492 24
2443 2393 6
2393 2343 2
2343 2293 12
2293 2243 39
2243 2193 2
2193 2143 21
2143 2093 6
2093 2043 3
2043 1993 31
1993 1943 3
1943 1893 2
1893 1843 13
1843 1793 19
1793 1743 40
1743 1693 17
1693 1643 1
1643 1593 45
1593 1543 55
1543 1493 8
1493 1443 79
1443 1393 28
1393 1343 4
1343 1293 93
1293 1243 1
1243 1193 6
1193 1143 13
1143 1093 29
1093 1043 3
1043 993 17
993 943 40
943 893 10
893 843 6
843 793 17
793 743 6
743 693 18
693 643 35
643 593 5
593 543 2
543 493 21
493 443 27
443 393 18
393 343 28
343 293 20
293 243 3
243 193 37
193 143 11
143 93 16
93 43 7
2443 2493 24
2444 2394 6
2394 2344 2
2344 2294 12
2294 2244 39
2244 2194 2
2194 2144 21
2144 2094 6
2094 2044 3
2044 1994 31
1994 1944 3
1944 1894 2
1894 1844 13
1844 1794 19
1794 1744 40
1744 1694 17
1694 1644 1
1644 1594 45
1594 1544 55
1544 1494 8
1494 1444 79
1444 1394 28
1394 1344 4
1344 1294 93
1294 1244 1
1244 1194 6
1194 1144 13
1144 1094 29
1094 1044 3
1044 994 17
994 944 40
944 894 10
894 844 6
844 794 17
794 744 6
744 694 18
694 644 35
644 594 5
594 544 2
544 494 21
494 444 27
444 394 18
394 344 28
344 294 20
294 244 3
244 194 37
194 144 11
144 94 16
94 44 7
2444 2494 24
2445 2395 6
2395 2345 2
2345 2295 12
2295 2245 39
2245 2195 2
2195 2145 21
2145 2095 6
2095 2045 3
2045 1995 31
1995 1945 3
1945 1895 2
1895 1845 13
1845 1795 19
1795 1745 40
1745 1695 17
1695 1645 1
1645 1595 45
1595 1545 55
1545 1495 8
1495 1445 79
1445 1395 28
1395 1345 4
1345 1295 93
1295 1245 1
1245 1195 6
1195 1145 13
1145 1095 29
1095 1045 3
1045 995 17
995 945 40
945 895 10
895 845 6
845 795 17
795 745 6
745 695 18
695 645 35
645 595 5
595 545 2
545 495 21
495 445 27
445 395 18
395 345 28
345 295 20
295 245 3
245 195 37
195 145 11
145 95 16
95 45 7
2445 2495 24
2446 2396 6
2396 2346 2
2346 2296 12
2296 2246 39
2246 2196 2
2196 2146 21
2146 2096 6
2096 2046 3
2046 1996 31
1996 1946 3
1946 1896 2
1896 1846 13
1846 1796 19
1796 1746 40
1746 1696 17
1696 1646 1
1646 1596 45
1596 1546 55
1546 1496 8
1496 1446 79
1446 1396 28
1396 1346 4
1346 1296 93
1296 1246 1
1246 1196 6
1196 1146 13
1146 1096 29
1096 1046 3
1046 996 17
996 946 40
946 896 10
896 846 6
846 796 17
796 746 6
746 696 18
696 646 35
646 596 5
596 546 2
546 496 21
496 446 27
446 396 18
396 346 28
346 296 20
296 246 3
246 196 37
196 146 11
146 96 16
96 46 7
2446 2496 24
2447 2397 6
2397 2347 2
2347 2297 12
2297 2247 39
2247 2197 2
2197 2147 21
2147 2097 6
2097 2047 3
2047 1997 31
1997 1947 3
1947 1897 2
1897 1847 13
1847 1797 19
1797 1747 40
1747 1697 17
1697 1647 1
1647 1597 45
1597 1547 55
1547 1497 8
1497 1447 79
1447 1397 28
1397 1347 4
1347 1297 93
1297 1247 1
1247 1197 6
1197 1147 13
1147 1097 29
1097 1047 3
1047 997 17
997 947 40
947 897 10
897 847 6
847 797 17
797 747 6
747 697 18
697 647 35
647 597 5
597 547 2
547 497 21
497 447 27
447 397 18
397 347 28
347 297 20
297 247 3
247 197 37
197 147 11
147 97 16
97 47 7
2447 2497 24
2448 2398 6
2398 2348 2
2348 2298 12
2298 2248 39
2248 2198 2
2198 2148 21
2148 2098 6
2098 2048 3
2048 1998 31
1998 1948 3
1948 1898 2
1898 1848 13
1848 1798 19
1798 1748 40
1748 1698 17
1698 1648 1
1648 1598 45
1598 1548 55
1548 1498 8
1498 1448 79
1448 1398 28
1398 1348 4
1348 1298 93
1298 1248 1
1248 1198 6
1198 1148 13
1148 1098 29
1098 1048 3
1048 998 17
998 948 40
948 898 10
898 848 6
848 798 17
798 748 6
748 698 18
698 648 35
648 598 5
598 548 2
548 498 21
498 448 27
448 398 18
398 348 28
348 298 20
298 248 3
248 198 37
198 148 11
148 98 16
98 48 7
2448 2498 24
2449 2399 6
2399 2349 2
2349 2299 12
2299 2249 39
2249 2199 2
2199 2149 21
2149 2099 6
2099 2049 3
2049 1999 31
1999 1949 3
1949 1899 2
1899 1849 13
1849 1799 19
1799 1749 40
1749 1699 17
1699 1649 1
1649 1599 45
1599 1549 55
1549 1499 8
1499 1449 79
1449 1399 28
1399 1349 4
1349 1299 93
1299 1249 1
1249 1199 6
1199 1149 13
1149 1099 29
1099 1049 3
1049 999 17
999 949 40
949 899 10
899 849 6
849 799 17
799 749 6
749 699 18
699 649 35
649 599 5
599 549 2
549 499 21
499 449 27
449 399 18
399 349 28
349 299 20
299 249 3
249 199 37
199 149 11
149 99 16
99 49 7
2449 2499 24
2450 2400 6
2488 2438 24
2438 2388 6
2388 2338 2
2338 2288 12
2288 2238 39
2238 2188 2
2188 2138 21
2138 2088 6
2088 2038 3
2038 1988 31
1988 1938 3
1938 1888 2
1888 1838 13
1838 1788 19
1788 1738 40
1738 1688 17
1688 1638 1
1638 1588 45
1588 1538 55
1538 1488 8
1488 1438 79
1438 1388 28
1388 1338 4
1338 1288 93
1288 1238 1
1238 1188 6
1188 1138 13
1138 1088 29
1088 1038 3
1038 988 17
988 938 40
938 888 10
888 838 6
838 788 17
788 738 6
738 688 18
688 638 35
638 588 5
588 538 2
538 488 21
488 438 27
438 388 18
388 338 28
338 288 20
288 238 3
238 188 37
188 138 11
138 88 16
88 38 7
2487 2437 24
2437 2387 6
2387 2337 2
2337 2287 12
2287 2237 39
2237 2187 2
2187 2137 21
2137 2087 6
2087 2037 3
2037 1987 31
1987 1937 3
1937 1887 2
1887 1837 13
1837 1787 19
1787 1737 40
1737 1687 17
1687 1637 1
1637 1587 45
1587 1537 55
1537 1487 8
1487 1437 79
1437 1387 28
1387 1337 4
1337 1287 93
1287 1237 1
1237 1187 6
1187 1137 13
1137 1087 29
1087 1037 3
1037 987 17
987 937 40
937 887 10
887 837 6
837 787 17
787 737 6
737 687 18
687 637 35
637 587 5
587 537 2
537 487 21
487 437 27
437 387 18
387 337 28
337 287 20
287 237 3
237 187 37
187 137 11
137 87 16
87 37 7
2486 2436 24
2436 2386 6
2386 2336 2
2336 2286 12
2286 2236 39
2236 2186 2
2186 2136 21
2136 2086 6
2086 2036 3
2036 1986 31
1986 1936 3
1936 1886 2
1886 1836 13
1836 1786 19
1786 1736 40
1736 1686 17
1686 1636 1
1636 1586 45
1586 1536 55
1536 1486 8
1486 1436 79
1436 1386 28
1386 1336 4
1336 1286 93
1286 1236 1
1236 1186 6
1186 1136 13
1136 1086 29
1086 1036 3
1036 986 17
986 936 40
936 886 10
886 836 6
836 786 17
786 736 6
736 686 18
686 636 35
636 586 5
586 536 2
536 486 21
486 436 27
436 386 18
386 336 28
336 286 20
286 236 3
236 186 37
186 136 11
136 86 16
86 36 7
2485 2435 24
2435 2385 6
2385 2335 2
2335 2285 12
2285 2235 39
2235 2185 2
2185 2135 21
2135 2085 6
2085 2035 3
2035 1985 31
1985 1935 3
1935 1885 2
1885 1835 13
1835 1785 19
1785 1735 40
1735 1685 17
1685 1635 1
1635 1585 45
1585 1535 55
1535 1485 8
1485 1435 79
1435 1385 28
1385 1335 4
1335 1285 93
1285 1235 1
1235 1185 6
1185 1135 13
1135 1085 29
1085 1035 3
1035 985 17
985 935 40
935 885 10
885 835 6
835 785 17
785 735 6
735 685 18
685 635 35
635 585 5
585 535 2
535 485 21
485 435 27
435 385 18
385 335 28
335 285 20
285 235 3
235 185 37
185 135 11
135 85 16
85 35 7
2484 2434 24
2434 2384 6
2384 2334 2
2334 2284 12
2284 2234 39
2234 2184 2
2184 2134 21
2134 2084 6
2084 2034 3
2034 1984 31
1984 1934 3
1934 1884 2
1884 1834 13
1834 1784 19
1784 1734 40
1734 1684 17
1684 1634 1
1634 1584 45
1584 1534 55
1534 1484 8
1484 1434 79
1434 1384 28
1384 1334 4
1334 1284 93
1284 1234 1
1234 1184 6
1184 1134 13
1134 1084 29
1084 1034 3
1034 984 17
984 934 40
934 884 10
884 834 6
834 784 17
784 734 6
734 684 18
684 634 35
634 584 5
584 534 2
534 484 21
484 434 27
434 384 18
384 334 28
334 284 20
284 234 3
234 184 37
184 134 11
134 84 16
84 34 7
2483 2433 24
2433 2383 6
2383 2333 2
2333 2283 12
2283 2233 39
2233 2183 2
2183 2133 21
2133 2083 6
2083 2033 3
2033 1983 31
1983 1933 3
1933 1883 2
1883 1833 13
1833 1783 19
1783 1733 40
1733 1683 17
1683 1633 1
1633 1583 45
1583 1533 55
1533 1483 8
1483 1433 79
1433 1383 28
1383 1333 4
1333 1283 93
1283 1233 1
1233 1183 6
1183 1133 13
1133 1083 29
1083 1033 3
1033 983 17
983 933 40
933 883 10
883 833 6
833 783 17
783 733 6
733 683 18
683 633 35
633 583 5
583 533 2
533 483 21
483 433 27
433 383 18
383 333 28
333 283 20
283 233 3
233 183 37
183 133 11
133 83 16
83 33 7
2482 2432 24
2432 2382 6
2382 2332 2
2332 2282 12
2282 2232 39
2232 2182 2
2182 2132 21
2132 2082 6
2082 2032 3
2032 1982 31
1982 1932 3
1932 1882 2
1882 1832 13
1832 1782 19
1782 1732 40
1732 1682 17
1682 1632 1
1632 1582 45
1582 1532 55
1532 1482 8
1482 1432 79
1432 1382 28
1382 1332 4
1332 1282 93
1282 1232 1
1232 1182 6
1182 1132 13
1132 1082 29
1082 1032 3
1032 982 17
982 932 40
932 882 10
882 832 6
832 782 17
782 732 6
732 682 18
682 632 35
632 582 5
582 532 2
532 482 21
482 432 27
432 382 18
382 332 28
332 282 20
282 232 3
232 182 37
182 132 11
132 82 16
82 32 7
2481 2431 24
2431 2381 6
2381 2331 2
2331 2281 12
2281 2231 39
2231 2181 2
2181 2131 21
2131 2081 6
2081 2031 3
2031 1981 31
1981 1931 3
1931 1881 2
1881 1831 13
1831 1781 19
1781 1731 40
1731 1681 17
1681 1631 1
1631 1581 45
1581 1531 55
1531 1481 8
1481 1431 79
1431 1381 28
1381 1331 4
1331 1281 93
1281 1231 1
1231 1181 6
1181 1131 13
1131 1081 29
1081 1031 3
1031 981 17
981 931 40
931 881 10
881 831 6
831 781 17
781 731 6
731 681 18
681 631 35
631 581 5
581 531 2
531 481 21
481 431 27
431 381 18
381 331 28
331 281 20
281 231 3
231 181 37
181 131 11
131 81 16
81 31 7
2480 2430 24
2430 2380 6
2380 2330 2
2330 2280 12
2280 2230 39
2230 2180 2
2180 2130 21
2130 2080 6
2080 2030 3
2030 1980 31
1980 1930 3
1930 1880 2
1880 1830 13
1830 1780 19
1780 1730 40
1730 1680 17
1680 1630 1
1630 1580 45
1580 1530 55
1530 1480 8
1480 1430 79
1430 1380 28
1380 1330 4
1330 1280 93
1280 1230 1
1230 1180 6
1180 1130 13
1130 1080 29
1080 1030 3
1030 980 17
980 930 40
930 880 10
880 830 6
830 780 17
780 730 6
730 680 18
680 630 35
630 580 5
580 530 2
530 480 21
480 430 27
430 380 18
380 330 28
330 280 20
280 230 3
230 180 37
180 130 11
130 80 16
80 30 7
2479 2429 24
2429 2379 6
2379 2329 2
2329 2279 12
2279 2229 39
2229 2179 2
2179 2129 21
2129 2079 6
2079 2029 3
2029 1979 31
1979 1929 3
1929 1879 2
1879 1829 13
1829 1779 19
1779 1729 40
1729 1679 17
1679 1629 1
1629 1579 45
1579 1529 55
1529 1479 8
1479 1429 79
1429 1379 28
1379 1329 4
1329 1279 93
1279 1229 1
1229 1179 6
1179 1129 13
1129 1079 29
1079 1029 3
1029 979 17
979 929 40
929 879 10
879 829 6
829 779 17
779 729 6
729 679 18
679 629 35
629 579 5
579 529 2
529 479 21
479 429 27
429 379 18
379 329 28
329 279 20
279 229 3
229 179 37
179 129 11
129 79 16
79 29 7
2478 2428 24
2428 2378 6
2378 2328 2
2328 2278 12
2278 2228 39
2228 2178 2
2178 2128 21
2128 2078 6
2078 2028 3
2028 1978 31
1978 1928 3
1928 1878 2
1878 1828 13
1828 1778 19
1778 1728 40
1728 1678 17
1678 1628 1
1628 1578 45
1578 1528 55
1528 1478 8
1478 1428 79
1428 1378 28
1378 1328 4
1328 1278 93
1278 1228 1
1228 1178 6
1178 1128 13
1128 1078 29
1078 1028 3
1028 978 17
978 928 40
928 878 10
878 828 6
828 778 17
778 728 6
728 678 18
678 628 35
628 578 5
578 528 2
528 478 21
478 428 27
428 378 18
378 328 28
328 278 20
278 228 3
228 178 37
178 128 11
128 78 16
78 28 7
2477 2427 24
2427 2377 6
2377 2327 2
2327 2277 12
2277 2227 39
2227 2177 2
2177 2127 21
2127 2077 6
2077 2027 3
2027 1977 31
1977 1927 3
1927 1877 2
1877 1827 13
1827 1777 19
1777 1727 40
1727 1677 17
1677 1627 1
1627 1577 45
1577 1527 55
1527 1477 8
1477 1427 79
1427 1377 28
1377 1327 4
1327 1277 93
1277 1227 1
1227 1177 6
1177 1127 13
1127 1077 29
1077 1027 3
1027 977 17
977 927 40
927 877 10
877 827 6
827 777 17
777 727 6
727 677 18
677 627 35
627 577 5
577 527 2
527 477 21
477 427 27
427 377 18
377 327 28
327 277 20
277 227 3
227 177 37
177 127 11
127 77 16
77 27 7
2476 2426 24
2426 2376 6
2376 2326 2
2326 2276 12
2276 2226 39
2226 2176 2
2176 2126 21
2126 2076 6
2076 2026 3
2026 1976 31
1976 1926 3
1926 1876 2
1876 1826 13
1826 1776 19
1776 1726 40
1726 1676 17
1676 1626 1
1626 1576 45
1576 1526 55
1526 1476 8
1476 1426 79
1426 1376 28
1376 1326 4
1326 1276 93
1276 1226 1
1226 1176 6
1176 1126 13
1126 1076 29
1076 1026 3
1026 976 17
976 926 40
926 876 10
876 826 6
826 776 17
776 726 6
726 676 18
676 626 35
626 576 5
576 526 2
526 476 21
476 426 27
426 376 18
376 326 28
326 276 20
276 226 3
226 176 37
176 126 11
126 76 16
76 26 7
2475 2425 24
2425 2375 6
2375 2325 2
2325 2275 12
2275 2225 39
2225 2175 2
2175 2125 21
2125 2075 6
2075 2025 3
2025 1975 31
1975 1925 3
1925 1875 2
1875 1825 13
1825 1775 19
1775 1725 40
1725 1675 17
1675 1625 1
1625 1575 45
1575 1525 55
1525 1475 8
1475 1425 79
1425 1375 28
1375 1325 4
1325 1275 93
1275 1225 1
1225 1175 6
1175 1125 13
1125 1075 29
1075 1025 3
1025 975 17
975 925 40
925 875 10
875 825 6
825 775 17
775 725 6
725 675 18
675 625 35
625 575 5
575 525 2
525 475 21
475 425 27
425 375 18
375 325 28
325 275 20
275 225 3
225 175 37
175 125 11
125 75 16
75 25 7
2474 2424 24
2424 2374 6
2374 2324 2
2324 2274 12
2274 2224 39
2224 2174 2
2174 2124 21
2124 2074 6
2074 2024 3
2024 1974 31
1974 1924 3
1924 1874 2
1874 1824 13
1824 1774 19
1774 1724 40
1724 1674 17
1674 1624 1
1624 1574 45
1574 1524 55
1524 1474 8
1474 1424 79
1424 1374 28
1374 1324 4
1324 1274 93
1274 1224 1
1224 1174 6
1174 1124 13
1124 1074 29
1074 1024 3
1024 974 17
974 924 40
924 874 10
874 824 6
824 774 17
774 724 6
724 674 18
674 624 35
624 574 5
574 524 2
524 474 21
474 424 27
424 374 18
374 324 28
324 274 20
274 224 3
224 174 37
174 124 11
124 74 16
74 24 7
2473 2423 24
2423 2373 6
2373 2323 2
2323 2273 12
2273 2223 39
2223 2173 2
2173 2123 21
2123 2073 6
2073 2023 3
2023 1973 31
1973 1923 3
1923 1873 2
1873 1823 13
1823 1773 19
1773 1723 40
1723 1673 17
1673 1623 1
1623 1573 45
1573 1523 55
1523 1473 8
1473 1423 79
1423 1373 28
1373 1323 4
1323 1273 93
1273 1223 1
1223 1173 6
1173 1123 13
1123 1073 29
1073 1023 3
1023 973 17
973 923 40
923 873 10
873 823 6
823 773 17
773 723 6
723 673 18
673 623 35
623 573 5
573 523 2
523 473 21
473 423 27
423 373 18
373 323 28
323 273 20
273 223 3
223 173 37
173 123 11
123 73 16
73 23 7
2472 2422 24
2422 2372 6
2372 2322 2
2322 2272 12
2272 2222 39
2222 2172 2
2172 2122 21
2122 2072 6
2072 2022 3
2022 1972 31
1972 1922 3
1922 1872 2
1872 1822 13
1822 1772 19
1772 1722 40
1722 1672 17
1672 1622 1
1622 1572 45
1572 1522 55
1522 1472 8
1472 1422 79
1422 1372 28
1372 1322 4
1322 1272 93
1272 1222 1
1222 1172 6
1172 1122 13
1122 1072 29
1072 1022 3
1022 972 17
972 922 40
922 872 10
872 822 6
822 772 17
772 722 6
722 672 18
672 1112 35
1112 1062 29
1062 1012 3
1012 962 17
962 912 40
912 862 10
862 812 6
812 762 17
762 712 6
712 662 18
662 612 35
612 562 5
562 512 2
512 462 21
462 412 27
412 362 18
362 312 28
312 262 20
262 212 3
212 162 37
162 604 11
604 554 5
554 504 2
504 454 21
454 404 27
404 354 18
354 304 28
304 254 20
254 204 3
204 154 37
154 104 11
104 54 16
54 4 7
604 654 35
654 704 18
704 754 6
754 804 17
804 854 6
854 904 10
904 954 40
954 1004 17
1004 1054 3
1054 1104 29
1104 1154 13
1154 1204 6
1204 1254 1
1254 1304 93
1304 1354 4
1354 1404 28
1404 1454 79
1454 1504 8
1504 1554 55
1554 1604 45
1604 1654 1
1654 1704 17
1704 1754 40
1754 1804 19
1804 1854 13
1854 1904 2
1904 1954 3
1954 2004 31
2004 2054 3
2054 2104 6
2104 2154 21
2154 2204 2
2204 2254 39
2254 2304 12
2304 2354 2
2354 2404 6
2404 2454 24
1104 72 16
72 22 7
1104 172 11
172 222 37
222 272 3
272 322 20
322 372 28
372 422 18
422 472 27
472 522 21
522 572 2
572 1112 5
1112 1162 13
1162 1212 6
1212 1262 1
1262 1312 93
1312 1362 4
1362 1412 28
1412 1462 79
1462 1512 8
1512 1562 55
1562 1612 45
1612 1662 1
1662 1712 17
1712 1762 40
1762 1812 19
1812 1862 13
1862 1912 2
1912 1962 3
1962 2012 31
2012 2062 3
2062 2112 6
2112 2162 21
2162 2212 2
2212 2262 39
2262 2312 12
2312 2362 2
2362 2412 6
2412 2462 24
604 62 16
62 12 7
2471 2421 24
2421 2371 6
2371 2321 2
2321 2271 12
2271 2221 39
2221 2171 2
2171 2121 21
2121 2071 6
2071 2021 3
2021 1971 31
1971 1921 3
1921 1871 2
1871 1821 13
1821 1771 19
1771 1721 40
1721 1671 17
1671 1621 1
1621 1571 45
1571 1521 55
1521 1471 8
1471 1421 79
1421 1371 28
1371 1321 4
1321 1271 93
1271 1221 1
1221 1171 6
1171 1121 13
1121 1071 29
1071 1021 3
1021 971 17
971 921 40
921 871 10
871 821 6
821 771 17
771 721 6
721 671 18
671 621 35
621 571 5
571 521 2
521 471 21
471 421 27
421 371 18
371 321 28
321 271 20
271 221 3
221 171 37
171 121 11
121 71 16
71 21 7
2470 2420 24
2420 2370 6
2370 2320 2
2320 2270 12
2270 2220 39
2220 2170 2
2170 2120 21
2120 2070 6
2070 2020 3
2020 1970 31
1970 1920 3
1920 1870 2
1870 1820 13
1820 1770 19
1770 1720 40
1720 1670 17
1670 1620 1
1620 1570 45
1570 1520 55
1520 1470 8
1470 1420 79
1420 1370 28
1370 1320 4
1320 1270 93
1270 1220 1
1220 1170 6
1170 1120 13
1120 1070 29
1070 1020 3
1020 970 17
970 920 40
920 870 10
870 820 6
820 770 17
770 720 6
720 670 18
670 620 35
620 570 5
570 520 2
520 470 21
470 420 27
420 370 18
370 320 28
320 270 20
270 220 3
220 170 37
170 120 11
120 70 16
70 20 7
2469 2419 24
2419 2369 6
2369 2319 2
2319 2269 12
2269 2219 39
2219 2169 2
2169 2119 21
2119 2069 6
2069 2019 3
2019 1969 31
1969 1919 3
1919 1869 2
1869 1819 13
1819 1769 19
1769 1719 40
1719 1669 17
1669 1619 1
1619 1569 45
1569 1519 55
1519 1469 8
1469 1419 79
1419 1369 28
1369 1319 4
1319 1269 93
1269 1219 1
1219 1169 6
1169 1119 13
1119 1069 29
1069 1019 3
1019 969 17
969 919 40
919 869 10
869 819 6
819 769 17
769 719 6
719 669 18
669 619 35
619 569 5
569 519 2
519 469 21
469 419 27
419 369 18
369 319 28
319 269 20
269 219 3
219 169 37
169 119 11
119 69 16
69 19 7
2468 2418 24
2418 2368 6
2368 2318 2
2318 2268 12
2268 2218 39
2218 2168 2
2168 2118 21
2118 2068 6
2068 2018 3
2018 1968 31
1968 1918 3
1918 1868 2
1868 1818 13
1818 1768 19
1768 1718 40
1718 1668 17
1668 1618 1
1618 1568 45
1568 1518 55
1518 1468 8
1468 1418 79
1418 1368 28
1368 1318 4
1318 1268 93
1268 1218 1
1218 1168 6
1168 1118 13
1118 1068 29
1068 1018 3
1018 968 17
968 918 40
918 868 10
868 818 6
818 768 17
768 718 6
718 668 18
668 618 35
618 568 5
568 518 2
518 468 21
468 418 27
418 368 18
368 318 28
318 268 20
268 218 3
218 168 37
168 118 11
118 68 16
68 18 7
2467 2417 24
2417 2367 6
2367 2317 2
2317 2267 12
2267 2217 39
2217 2167 2
2167 2117 21
2117 2067 6
2067 2017 3
2017 1967 31
1967 1917 3
1917 1867 2
1867 1817 13
1817 1767 19
1767 1717 40
1717 1667 17
1667 1617 1
1617 1567 45
1567 1517 55
1517 1467 8
1467 1417 79
1417 1367 28
1367 1317 4
1317 1267 93
1267 1217 1
1217 1167 6
1167 1117 13
1117 1067 29
1067 1017 3
1017 967 17
967 917 40
917 867 10
867 817 6
817 767 17
767 717 6
717 667 18
667 617 35
617 567 5
567 517 2
517 467 21
467 417 27
417 367 18
367 317 28
317 267 20
267 217 3
217 167 37
167 117 11
117 67 16
67 17 7
2466 2416 24
2416 2366 6
2366 2316 2
2316 2266 12
2266 2216 39
2216 2166 2
2166 2116 21
2116 2066 6
2066 2016 3
2016 1966 31
1966 1916 3
1916 1866 2
1866 1816 13
1816 1766 19
1766 1716 40
1716 1666 17
1666 1616 1
1616 1566 45
1566 1516 55
1516 1466 8
1466 1416 79
1416 1366 28
1366 1316 4
1316 1266 93
1266 1216 1
1216 1166 6
1166 1116 13
1116 1066 29
1066 1016 3
1016 966 17
966 916 40
916 866 10
866 816 6
816 766 17
766 716 6
716 666 18
666 616 35
616 566 5
566 516 2
516 466 21
466 416 27
416 366 18
366 316 28
316 266 20
266 216 3
216 166 37
166 116 11
116 66 16
66 16 7
2465 2415 24
2415 2365 6
2365 2315 2
2315 2265 12
2265 2215 39
2215 2165 2
2165 2115 21
2115 2065 6
2065 2015 3
2015 1965 31
1965 1915 3
1915 1865 2
1865 1815 13
1815 1765 19
1765 1715 40
1715 1665 17
1665 1615 1
1615 1565 45
1565 1515 55
1515 1465 8
1465 1415 79
1415 1365 28
1365 1315 4
1315 1265 93
1265 1215 1
1215 1165 6
1165 1115 13
1115 1065 29
1065 1015 3
1015 965 17
965 915 40
915 865 10
865 815 6
815 765 17
765 715 6
715 665 18
665 615 35
615 565 5
565 515 2
515 465 21
465 415 27
415 365 18
365 315 28
315 265 20
265 215 3
215 165 37
165 115 11
115 65 16
65 15 7
2464 2414 24
2414 2364 6
2364 2314 2
2314 2264 12
2264 2214 39
2214 2164 2
2164 2114 21
2114 2064 6
2064 2014 3
2014 1964 31
1964 1914 3
1914 1864 2
1864 1814 13
1814 1764 19
1764 1714 40
1714 1664 17
1664 1614 1
1614 1564 45
1564 1514 55
1514 1464 8
1464 1414 79
1414 1364 28
1364 1314 4
1314 1264 93
1264 1214 1
1214 1164 6
1164 1114 13
1114 1064 29
1064 1014 3
1014 964 17
964 914 40
914 864 10
864 814 6
814 764 17
764 714 6
714 664 18
664 614 35
614 564 5
564 514 2
514 464 21
464 414 27
414 364 18
364 314 28
314 264 20
264 214 3
214 164 37
164 114 11
114 64 16
64 14 7
2463 2413 24
2413 2363 6
2363 2313 2
2313 2263 12
2263 2213 39
2213 2163 2
2163 2113 21
2113 2063 6
2063 2013 3
2013 1963 31
1963 1913 3
1913 1863 2
1863 1813 13
1813 1763 19
1763 1713 40
1713 1663 17
1663 1613 1
1613 1563 45
1563 1513 55
1513 1463 8
1463 1413 79
1413 1363 28
1363 1313 4
1313 1263 93
1263 1213 1
1213 1163 6
1163 1113 13
1113 1063 29
1063 1013 3
1013 963 17
963 913 40
913 863 10
863 813 6
813 763 17
763 713 6
713 663 18
663 613 35
613 563 5
563 513 2
513 463 21
463 413 27
413 363 18
363 313 28
313 263 20
263 213 3
213 163 37
163 113 11
113 63 16
63 13 7
2461 2411 24
2411 2361 6
2361 2311 2
2311 2261 12
2261 2211 39
2211 2161 2
2161 2111 21
2111 2061 6
2061 2011 3
2011 1961 31
1961 1911 3
1911 1861 2
1861 1811 13
1811 1761 19
1761 1711 40
1711 1661 17
1661 1611 1
1611 1561 45
1561 1511 55
1511 1461 8
1461 1411 79
1411 1361 28
1361 1311 4
1311 1261 93
1261 1211 1
1211 1161 6
1161 1111 13
1111 1061 29
1061 1011 3
1011 961 17
961 911 40
911 861 10
861 811 6
811 761 17
761 711 6
711 661 18
661 611 35
611 561 5
561 511 2
511 461 21
461 411 27
411 361 18
361 311 28
311 261 20
261 211 3
211 161 37
161 111 11
111 61 16
61 11 7
2460 2410 24
2410 2360 6
2360 2310 2
2310 2260 12
2260 2210 39
2210 2160 2
2160 2110 21
2110 2060 6
2060 2010 3
2010 1960 31
1960 1910 3
1910 1860 2
1860 1810 13
1810 1760 19
1760 1710 40
1710 1660 17
1660 1610 1
1610 1560 45
1560 1510 55
1510 1460 8
1460 1410 79
1410 1360 28
1360 1310 4
1310 1260 93
1260 1210 1
1210 1160 6
1160 1110 13
1110 1060 29
1060 1010 3
1010 960 17
960 910 40
910 860 10
860 810 6
810 760 17
760 710 6
710 660 18
660 610 35
610 560 5
560 510 2
510 460 21
460 410 27
410 360 18
360 310 28
310 260 20
260 210 3
210 160 37
160 110 11
110 60 16
60 10 7
2459 2409 24
2409 2359 6
2359 2309 2
2309 2259 12
2259 2209 39
2209 2159 2
2159 2109 21
2109 2059 6
2059 2009 3
2009 1959 31
1959 1909 3
1909 1859 2
1859 1809 13
1809 1759 19
1759 1709 40
1709 1659 17
1659 1609 1
1609 1559 45
1559 1509 55
1509 1459 8
1459 1409 79
1409 1359 28
1359 1309 4
1309 1259 93
1259 1209 1
1209 1159 6
1159 1109 13
1109 1059 29
1059 1009 3
1009 959 17
959 909 40
909 859 10
859 809 6
809 759 17
759 709 6
709 659 18
659 609 35
609 559 5
559 509 2
509 459 21
459 409 27
409 359 18
359 309 28
309 259 20
259 209 3
209 159 37
159 109 11
109 59 16
59 9 7
2458 2408 24
2408 2358 6
2358 2308 2
2308 2258 12
2258 2208 39
2208 2158 2
2158 2108 21
2108 2058 6
2058 2008 3
2008 1958 31
1958 1908 3
1908 1858 2
1858 1808 13
1808 1758 19
1758 1708 40
1708 1658 17
1658 1608 1
1608 1558 45
1558 1508 55
1508 1458 8
1458 1408 79
1408 1358 28
1358 1308 4
1308 1258 93
1258 1208 1
1208 1158 6
1158 1108 13
1108 1058 29
1058 1008 3
1008 958 17
958 908 40
908 858 10
858 808 6
808 758 17
758 708 6
708 658 18
658 608 35
608 558 5
558 508 2
508 458 21
458 408 27
408 358 18
358 308 28
308 258 20
258 208 3
208 158 37
158 108 11
108 58 16
58 8 7
2457 2407 24
2407 2357 6
2357 2307 2
2307 2257 12
2257 2207 39
2207 2157 2
2157 2107 21
2107 2057 6
2057 2007 3
2007 1957 31
1957 1907 3
1907 1857 2
1857 1807 13
1807 1757 19
1757 1707 40
1707 1657 17
1657 1607 1
1607 1557 45
1557 1507 55
1507 1457 8
1457 1407 79
1407 1357 28
1357 1307 4
1307 1257 93
1257 1207 1
1207 1157 6
1157 1107 13
1107 1057 29
1057 1007 3
1007 957 17
957 907 40
907 857 10
857 807 6
807 757 17
757 707 6
707 657 18
657 607 35
607 557 5
557 507 2
507 457 21
457 407 27
407 357 18
357 307 28
307 257 20
257 207 3
207 157 37
157 107 11
107 57 16
57 7 7
2456 2406 24
2406 2356 6
2356 2306 2
2306 2256 12
2256 2206 39
2206 2156 2
2156 2106 21
2106 2056 6
2056 2006 3
2006 1956 31
1956 1906 3
1906 1856 2
1856 1806 13
1806 1756 19
1756 1706 40
1706 1656 17
1656 1606 1
1606 1556 45
1556 1506 55
1506 1456 8
1456 1406 79
1406 1356 28
1356 1306 4
1306 1256 93
1256 1206 1
1206 1156 6
1156 1106 13
1106 1056 29
1056 1006 3
1006 956 17
956 906 40
906 856 10
856 806 6
806 756 17
756 706 6
706 656 18
656 606 35
606 556 5
556 506 2
506 456 21
456 406 27
406 356 18
356 306 28
306 256 20
256 206 3
206 156 37
156 106 11
106 56 16
56 6 7
2455 2405 24
2405 2355 6
2355 2305 2
2305 2255 12
2255 2205 39
2205 2155 2
2155 2105 21
2105 2055 6
2055 2005 3
2005 1955 31
1955 1905 3
1905 1855 2
1855 1805 13
1805 1755 19
1755 1705 40
1705 1655 17
1655 1605 1
1605 1555 45
1555 1505 55
1505 1455 8
1455 1405 79
1405 1355 28
1355 1305 4
1305 1255 93
1255 1205 1
1205 1155 6
1155 1105 13
1105 1055 29
1055 1005 3
1005 955 17
955 905 40
905 855 10
855 805 6
805 755 17
755 705 6
705 655 18
655 605 35
605 555 5
555 505 2
505 455 21
455 405 27
405 355 18
355 305 28
305 255 20
255 205 3
205 155 37
155 105 11
105 55 16
55 5 7
2453 2403 24
2403 2353 6
2353 2303 2
2303 2253 12
2253 2203 39
2203 2153 2
2153 2103 21
2103 2053 6
2053 2003 3
2003 1953 31
1953 1903 3
1903 1853 2
1853 1803 13
1803 1753 19
1753 1703 40
1703 1653 17
1653 1603 1
1603 1553 45
1553 1503 55
1503 1453 8
1453 1403 79
1403 1353 28
1353 1303 4
1303 1253 93
1253 1203 1
1203 1153 6
1153 1103 13
1103 1053 29
1053 1003 3
1003 953 17
953 903 40
903 853 10
853 803 6
803 753 17
753 703 6
703 653 18
653 603 35
603 553 5
553 503 2
503 453 21
453 403 27
403 353 18
353 303 28
303 253 20
253 203 3
203 153 37
153 103 11
103 53 16
53 3 7
2452 2402 24
2402 2352 6
2352 2302 2
2302 2252 12
2252 2202 39
2202 2152 2
2152 2102 21
2102 2052 6
2052 2002 3
2002 1952 31
1952 1902 3
1902 1852 2
1852 1802 13
1802 1752 19
1752 1702 40
1702 1652 17
1652 1602 1
1602 1552 45
1552 1502 55
1502 1452 8
1452 1402 79
1402 1352 28
1352 1302 4
1302 1252 93
1252 1202 1
1202 1152 6
1152 1102 13
1102 1052 29
1052 1002 3
1002 952 17
952 902 40
902 852 10
852 802 6
802 752 17
752 702 6
702 652 18
652 602 35
602 552 5
552 502 2
502 452 21
452 402 27
402 352 18
352 302 28
302 252 20
252 202 3
202 152 37
152 102 11
102 52 16
52 2 7
2350 2300 12
2250 2200 2
2150 2100 6
2050 2000 31
1950 1900 2
1850 1800 19
1750 1700 17
1650 1600 45
1550 1500 8
1450 1400 28
1350 1300 93
1250 1200 6
1150 1100 29
1050 1000 17
950 900 10
850 800 17
750 700 18
650 600 5
550 500 21
450 400 18
350 300 20
250 200 37
150 100 16

REQUESTS

BLOCKAGES
1504 1554
1139 1138
1930 1929
2030 1980
575 576
761 762
1944 1894
533 483
1034 984
970 920
563 513
2314 2313
742 692
1895 1845
647 646
1293 1294
465 415
472 473
1593 1543
609 559
2294 2244
1808 1807
506 505
493 494
2092 2093
2143 2093
756 757
1431 1381
900 850
684 634
67 68
466 416
1057 1058
727 726
1337 1336
1307 1306
1604 1654
2129 2079
1365 1366
2137 2087
1999 1949
958 908
714 664
189 239
1094 1095
532 482
1489 1539
1570 1571
695 696
2287 2288
1747 1746
640 590
1215 1165
1215 1214
459 409
2423 2373
2409 2359
1790 1791
344 294
1124 1074
87 88
117 67
508 507
1035 1034
2413 2363
262 263
59 60
1235 1234
731 730
569 519
799 749
2059 2060
1710 1709
231 181
188 189
987 988
785 786
519 469
431 430
2183 2133
892 842
2277 2227
780 730
1367 1317
1786 1787
776 777
929 879
1935 1934
2193 2194
1313 1263
1898 1899
2130 2080
545 495
2310 2309
2222 2221
1157 1107
454 455
336 286
522 572
490 491
1546 1496
1876 1826
1256 1257
2485 2486
726 725
2465 2415
960 961
1842 1841
762 712
2041 2040
1595 1545
140 139
1663 1664
605 604
2028 1978
1670 1620
449 448
2181 2182
1065 1015
355 305
1290 1240
199 200
1498 1448
996 997
1817 1767
2361 2362
1194 1195
267 268
315 265
1444 1443
494 444
931 881
2074 2075
1820 1770
220 219
650 600
1952 1902
1952 1953
2375 2325
967 917
2194 2144
280 230
536 535
1932 1882
2360 2361
1752 1702
1864 1814
290 240
1676 1626
959 960
1281 1231
2429 2428
602 552
132 131
2372 2373
378 328
955 956
879 829
411 410
113 604
1902 1852
2472 2422
203 153
1338 1288
1918 1868
604 554
477 427
378 379
2308 2307
137 136
1100 1050
763 764
2020 2019
994 995
1646 1596
2321 2271
1854 1904
225 224
1425 1424
101 51
1138 1088
321 271
2217 2216
1715 1665
1377 1378
1637 1587
1312 1362
1978 1928
813 812
2114 2064
1432 1431
784 785
2290 2240
1117 1116
2000 1950
1959 1960
119 118
1186 1187
969 970
2452 2453
798 799
806 805
1407 1406
2438 2437
2082 2032
2164 2114
2442 2492
1690 1640
2496 2497
1784 1734
1631 1581
2269 2219
1495 1445
424 423
1798 1799
2482 2432
567 517
1537 1487
2345 2344
1942 1941
1883 1884
1556 1506
1169 1119
1648 1598
362 363
434 433
2039 2089
441 391
886 836
2398 2348
426 376
2340 2339
2283 2233
963 913
2117 2116
1544 1543
1462 1512
1105 1055
2046 1996
1845 1844
2234 2233
581 531
1488 1489
1676 1677
2354 2404
379 380
1098 1048
676 626
1226 1176
405 355
1227 1177
1955 1905
2347 2297
1742 1692
1306 1256
1682 1683
822 772
594 544
2066 2067
781 782
1968 1918
361 362
909 908
2291 2241
1635 1585
1069 1070
641 591
483 484
747 746
1908 1907
709 708
1383 1384
145 144
1123 1122
2267 2217
1141 1091
721 671
240 190
669 619
288 289
1755 1705
366 316
1988 1989
1718 1717
259 209
150 100
2044 1994
138 88
1763 1764
832 831
1430 1380
903 902
125 75
387 337
915 914
491 441
2057 2058
11 10
1887 1888
583 533
681 631
2343 2293
1932 1931
2195 2196
505 455
888 838
2061 2062
1583 1533
1732 1682
755 705
1059 1009
2396 2346
2167 2168
2045 1995
624 574
692 642
1809 1759
1850 1849
788 789
284 234
2106 2056
727 677
404 354
258 259
809 808
138 137
2280 2230
1859 1809
2462 2463
2175 2125
877 878
1288 1238
659 609
1316 1315
444 443
332 331
134 84
965 966
2098 2099
761 711
541 540
1308 1307
2364 2314
1791 1792
702 652
685 686
1082 1083
920 870
667 668
880 830
77 27
166 116
655 605
521 520
1404 1454
1136 1135
234 184
1079 1080
615 565
740 739
2016 1966
1187 1137
1629 1579
197 147
2179 2180
123 73
207 157
2320 2270
1241 1191
1518 1468
2174 2124
1265 1266
1268 1218
2214 2164
94 95
185 186
55 56
1345 1295
1305 1304
2011 2010
2434 2384
1931 1930
1711 1661
1475 1476
1297 1298
177 127
745 744
174 124
1359 1360
1656 1657
1607 1606
480 481
643 593
614 613
835 834
1630 1629
410 409
1853 1803
1573 1523
48 47
1218 1168
563 564
1769 1719
1591 1541
1122 1121
1088 1038
1190 1191
2265 2266
784 734
1186 1136
853 854
1807 1806
69 70
940 939
859 860
1557 1558
1664 1614
911 861
1551 1552
829 779
1504 1503
1647 1597
301 251
673 623
1590 1540
1162 1163
1993 1994
1124 1123
160 161
1821 1771
1063 1064
573 574
2023 1973
715 665
1236 1235
1355 1356
1485 1435
1881 1882
502 501
558 559
1660 1610
2206 2205
904 903
866 816
1506 1456
2436 2435
57 7
1325 1275
979 980
2188 2138
2033 2032
2408 2358
1536 1486
1118 1068
1584 1534
2236 2186
754 804
988 938
2097 2047
2405 2355
1120 1119
2198 2148
952 953
133 132
1457 1458
1643 1642
1828 1778
415 365
1102 1052
1334 1284
2413 2412
2006 2005
239 289
1438 1437
746 696
858 859
1701 1651
346 345
1078 1028
1202 1152
885 835
54 4
2169 2119
934 884
1044 994
1472 1473
340 339
1670 1671
741 740
1091 1041
375 376
841 791
260 261
175 125
228 178
64 14
2270 2220
592 593
2454 2455
2108 2058
1196 1146
2144 2094
881 831
2297 2247
898 899
2189 2239
654 655
2437 2436
227 177
2250 2249
178 128
1513 1512
2418 2368
708 658
906 856
60 61
2381 2382
1955 1956
602 601
766 767
322 372
298 248
1131 1130
2415 2414
332 282
23 22
1536 1535
1397 1398
2205 2155
2493 2494
76 26
1653 1654
2274 2224
1542 1492
717 716
2132 2131
2336 2286
565 515
1245 1195
1097 1098
433 432
1736 1735
1965 1915
566 516
1573 1574
612 611
1253 1254
1474 1475
402 401
202 201
638 588
1162 1212
1473 1423
966 967
2234 2184
2490 2491
2401 2351
1623 1622
2327 2277
1961 1911
497 447
133 83
203 202
408 407
1111 1061
1855 1856
1002 952
140 90
2445 2444
398 348
264 214
2448 2398
488 489
1132 1082
1686 1687
1857 1858
2275 2276
701 751
2406 2405
634 633
365 315
1445 1395
2178 2128
508 458
1692 1642
1272 1222
2004 2054
341 340
383 333
1418 1368
950 949
938 888
6 5
111 110
440 439
1029 1028
2095 2096
1257 1258
688 638
1076 1077
2248 2198
2440 2439
1112 1111
1614 1613
2383 2333
656 606
521 471
2076 2026
813 763
103 102
323 273
2359 2309
2450 2449
1234 1184
1296 1297
661 662
893 843
1592 1542
1587 1588
1145 1144
1284 1285
1913 1863
1405 1355
172 173
1391 1392
991 992
2153 2103
1480 1481
1750 1749
1080 1081
1694 1695
210 160
864 865
1115 1065
1460 1461
1479 1480
927 926
1744 1694
398 399
1414 1364
2153 2154
1967 1917
1519 1518
1382 1383
902 901
148 98
617 616
1494 1444
2272 2273
2238 2237
2242 2241
668 618
1031 981
1583 1584
2128 2078
1926 1925
1863 1813
1440 1390
1427 1377
2061 2011
431 381
98 99
1562 1612
931 930
1501 1451
1549 1499
1941 1891
2387 2337
1207 1157
181 182
1806 1805
2356 2357
1317 1316
413 363
2160 2110
1262 1312
1555 1556
1582 1532
257 258
209 159
821 820
229 179
2052 2053
222 221
1387 1388
1689 1690
1600 1550
1728 1678
244 243
2127 2077
846 845
1997 1947
110 109
1151 1152
698 699
2318 2317
2183 2184
1402 1401
2433 2432
1915 1865
1609 1559
1886 1887
2146 2096
1689 1739
504 454
2062 2112
2374 2324
1277 1278
1458 1408
1563 1564
136 135
1877 1827
1092 1093
1590 1591
1363 1313
1992 1993
367 368
416 366
1398 1348
387 388
985 986
1563 1513
817 816
2389 2439
2289 2290
2013 2012
626 576
1112 1062
1252 1253
1723 1673
439 489
1204 1203
1369 1319
1251 1252
2035 2034
2202 2152
1168 1169
1427 1426
1834 1833
1680 1630
1309 1259
882 883
808 758
1421 1371
1396 1397
1814 1764
425 375
149 99
2179 2129
1605 1555
2106 2105
1328 1327
851 852
446 396
1972 1973
2332 2331
1944 1943
1896 1897
744 743
295 245
1830 1780
1860 1810
977 927
425 424
2305 2255
944 943
525 524
1935 1885
1873 1874
1741 1691
1129 1079
2259 2260
1221 1171
1418 1417
2068 2069
1876 1877
1772 1722
856 806
667 617
2055 2005
1479 1429
2327 2326
1393 1343
1711 1710
748 698
86 36
723 673
2379 2329
1519 1469
686 636
687 637
1836 1835
1626 1576
987 937
1847 1846
246 245
1160 1110
2424 2423
1576 1577
420 419
2347 2346
2067 2068
729 728
1371 1372
1497 1447
2160 2161
1135 1085
1737 1687
610 560
2209 2208
1222 1172
2226 2225
484 485
158 108
147 97
854 855
518 517
2442 2441
162 604
1341 1340
2169 2170
794 795
516 466
395 396
2010 1960
548 498
945 895
436 386
1893 1894
2070 2071
1953 1903
1928 1927
978 928
682 683
1025 975
2468 2418
645 644
1386 1387
1521 1520
330 280
104 54
161 162
324 274
1404 1403
1559 1560
1819 1769
2171 2172
2483 2433
648 598
95 96
305 255
1517 1467
263 213
109 108
1214 1213
2369 2319
984 985
1881 1831
783 733
1059 1060
1406 1356
1611 1610
361 311
2049 1999
217 167
218 168
1212 1262
2376 2377
939 989
2237 2236
1095 1096
662 612
1826 1776
447 446
2488 2489
1292 1293
2360 2310
1804 1854
607 606
2069 2070
135 134
1938 1937
2206 2156
1148 1147
2103 2053
1310 1309
596 546
1777 1727
1722 1672
710 709
749 699
1539 1589
1347 1346
2367 2317
1140 1139
518 468
1210 1209
1524 1523
357 358
1320 1270
1368 1318
1603 1553
404 403
1810 1760
1624 1574
354 304
1805 1755
1966 1916
857 858
1005 1004
2421 2371
1159 1109
2047 2046
2155 2156
1645 1595
1958 1908
2296 2246
2474 2475
1726 1725
737 736
1049 999
1929 1879
479 429
1847 1797
992 993
1182 1183
1779 1729
1141 1140
2231 2181
866 867
1788 1738
2449 2499
2392 2342
320 270
91 92
1761 1762
2364 2365
2264 2214
1934 1884
2149 2099
1553 1554
1907 1906
941 940
2227 2177
2365 2366
1564 1514
1526 1476
2177 2127
2263 2264
1528 1478
1158 1108
1067 1068
171 121
406 405
659 660
1407 1357
269 270
1021 1020
2319 2318
1889 1890
347 346
1633 1632
96 46
1598 1548
1030 1029
898 848
1605 1604
2063 2064
1043 993
443 442
2158 2108
1074 1024
113 63
2350 2349
1892 1893
1330 1280
575 525
503 453
325 324
1988 1938
926 925
1567 1568
641 640
572 573
1165 1115
1428 1378
1662 1712
897 847
336 335
1442 1441
1463 1464
2444 2443
1939 1989
1984 1985
1003 1002
661 611
1794 1744
978 979
117 116
721 720
297 298
1725 1675
582 532
226 176
1743 1693
2189 2190
999 1000
1746 1745
2209 2159
628 627
2284 2285
215 165
105 104
2403 2402
2426 2425
1176 1126
1459 1460
2478 2428
1832 1831
1415 1365
2334 2333
1645 1644
1321 1320
1375 1376
1757 1758
1413 1363
1001 1051
1099 1049
2242 2192
1923 1922
1402 1352
974 924
1217 1216
44 43
1116 1066
947 946
1920 1919
1531 1481
1110 1060
2271 2221
887 837
377 327
2074 2024
2044 2043
2307 2306
1967 1968
1869 1870
293 294
1607 1557
1335 1285
2481 2431
995 945
748 747
2274 2275
771 772
1913 1912
287 288
1465 1466
2302 2301
499 449
1144 1143
1498 1499
608 607
838 837
779 729
845 795
2002 2001
179 180
678 679
1619 1569
2165 2166
2305 2304
564 514
1547 1497
1724 1723
1661 1611
832 782
724 723
1446 1396
1958 1959
629 579
2422 2421
1779 1780
403 402
874 875
2105 2104
2037 2036
1735 1734
528 527
2122 2072
551 552
582 583
1825 1775
2230 2229
1516 1515
2291 2292
1093 1043
250 249
998 948
390 391
2190 2191
1118 1117
427 426
2469 2470
1066 1016
2239 2238
1231 1230
2120 2119
1103 1053
833 783
1793 1743
1077 1027
2014 1964
1374 1375
1871 1872
2272 2222
1086 1036
1715 1714
395 345
683 633
1976 1977
1237 1236
805 804
1903 1853
273 274
2042 2041
1748 1747
876 826
1905 1855
1969 1970
586 587
848 847
191 141
2394 2344
870 871
1767 1717
703 702
548 547
741 691
1672 1673
1389 1439
325 275
511 510
1699 1649
1263 1264
1439 1438
1041 1040
1625 1624
53 3
2166 2167
2293 2294
1170 1120
81 82
1411 1361
827 826
2260 2261
1980 1981
1589 1639
724 674
872 873
1389 1390
255 256
695 645
1649 1599
357 307
1778 1728
1274 1224
1691 1641
2157 2107
1149 1148
311 261
2308 2258
2152 2102
1865 1815
953 954
1666 1616
2019 2018
1721 1720
759 760
1816 1815
349 299
2065 2015
1666 1667
30 29
468 469
836 786
1036 1035
1163 1113
986 936
941 891
287 237
891 841
1493 1443
739 789
578 579
143 142
1759 1709
2254 2255
543 542
1067 1017
456 457
1890 1840
1811 1761
457 407
1289 1339
2419 2369
935 934
1298 1299
527 526
1238 1188
2323 2322
72 73
1665 1615
1659 1660
1022 1021
2170 2171
550 549
1414 1413
2331 2281
1311 1310
523 473
1102 1101
1244 1194
1772 1773
1412 1411
1751 1752
2316 2315
1612 1662
608 558
1837 1787
1302 1301
1061 1011
2059 2009
1560 1510
896 897
639 689
1247 1197
989 990
549 499
1432 1382
2077 2027
1339 1338
2073 2023
1891 1841
787 788
1391 1341
1901 1951
630 580
1181 1131
1327 1277
1868 1869
2257 2258
2337 2287
2431 2430
1249 1199
628 578
1177 1178
1230 1229
417 367
672 1112
1771 1721
1436 1435
853 803
604 654
2299 2249
1527 1477
1069 1019
1652 1653
1495 1496
1153 1154
2336 2335
1969 1919
923 922
704 754
2051 2052
803 753
1295 1296
1947 1897
2354 2355
1281 1282
498 448
907 906
1419 1369
2285 2235
495 445
1736 1686
2131 2130
80 81
304 254
1602 1552
2187 2137
2029 2028
2008 2007
1291 1241
1596 1597
990 991
1484 1485
1289 1290
2267 2268
2378 2379
2007 1957
1282 1232
540 539
350 349
1024 1023
1133 1132
2079 2080
2278 2228
1842 1792
758 759
1825 1824
1330 1329
1011 961
2303 2253
1399 1349
924 874
580 530
1599 1549
1797 1798
2399 2349
545 544
184 185
1922 1921
394 344
1927 1926
1945 1895
1018 968
867 817
1275 1225
875 876
2199 2200
1688 1638
1738 1688
2220 2219
216 166
1322 1272
1477 1478
644 643
384 385
1394 1395
143 93
2281 2231
520 470
2168 2118
19 18
2134 2133
40 39
980 930
962 912
2072 2073
1147 1146
1667 1668
314 313
2104 2154
120 70
1546 1545
2417 2416
1575 1525
1133 1083
1031 1030
2412 2411
458 459
2325 2324
2461 2411
1781 1731
1379 1380
430 380
1305 1255
111 61
463 413
2085 2086
1532 1482
224 223
1089 1090
865 815
1467 1417
464 465
2357 2358
735 685
1515 1465
65 15
971 972
1677 1678
1010 1009
2097 2098
818 768
1996 1946
230 229
1522 1472
1096 1046
266 216
1211 1161
1329 1328
949 948
253 254
1921 1871
1558 1508
1033 983
1294 1244
1808 1758
1956 1906
562 512
2122 2121
1393 1394
2018 2017
646 596
2245 2195
1618 1568
451 452
2229 2228
1171 1121
2476 2477
435 434
720 719
2342 2292
157 158
165 115
1768 1718
384 334
1541 1540
1221 1220
1487 1437
2382 2332
2447 2397
719 718
657 658
2031 1981
1267 1268
1326 1325
1940 1939
972 922
120 119
1566 1516
1342 1292
2388 2338
414 364
92 42
765 715
1502 1452
1349 1348
2022 1972
821 771
1299 1300
471 421
1156 1106
323 322
1323 1322
2393 2343
1961 1962
1652 1602
2480 2430
1920 1870
282 232
385 386
397 347
89 90
820 819
1092 1042
1469 1470
510 460
1412 1462
2031 2030
2185 2186
2334 2284
597 547
767 717
1923 1873
268 269
1048 1047
2484 2434

TERMINALS
39
100
111
154
228
284
324
360
419
475
518
572
614
673
720
767
836
898
943
955
1013
1076
1121
1152
1229
1297
1312
1358
1435
1482
1537
1566
1601
1677
1715
1788
1846
1894
1930
1981
2007
2056
2141
2199
2240
2283
2345
2392
2409
2453

END
