INSTANCE_NAME b01.dat
NB_VERTICES 50
NB_ARCS 87
NB_REQUESTS 0
NB_BLOCKAGES 21
NB_A' 2363

VERTICES
1 0 0
2 0 0
3 0 0
4 0 0
5 0 0
6 0 0
7 0 0
8 0 0
9 0 0
10 0 0
11 0 0
12 0 0
13 0 0
14 0 0
15 0 0
16 0 0
17 0 0
18 0 0
19 0 0
20 0 0
21 0 0
22 0 0
23 0 0
24 0 0
25 0 0
26 0 0
27 0 0
28 0 0
29 0 0
30 0 0
31 0 0
32 0 0
33 0 0
34 0 0
35 0 0
36 0 0
37 0 0
38 0 0
39 0 0
40 0 0
41 0 0
42 0 0
43 0 0
44 0 0
45 0 0
46 0 0
47 0 0
48 0 0
49 0 0
50 0 0

ARCS
12 21 7
21 2 7
2 8 8
8 29 8
29 7 7
7 20 3
20 14 7
14 31 9
31 7 8
7 23 10
23 40 3
40 20 10
20 16 8
16 30 2
30 5 4
5 4 8
4 36 6
36 2 8
2 32 2
32 38 9
38 20 8
20 27 2
27 34 4
34 25 4
25 41 5
41 1 5
1 30 1
30 15 1
15 40 10
40 22 8
22 10 6
10 12 3
12 48 1
48 20 2
20 22 2
22 21 2
21 17 5
17 6 7
6 42 9
42 17 6
17 14 3
14 3 1
3 11 7
11 36 9
36 39 7
39 44 3
44 41 7
41 22 8
22 43 7
43 18 1
18 19 2
19 2 5
18 28 1
28 5 8
28 24 5
24 44 8
24 48 8
28 45 1
45 26 6
26 4 5
26 37 9
37 47 3
47 41 7
41 36 2
36 49 9
49 40 6
36 50 10
50 13 1
13 15 2
50 37 1
36 33 9
33 29 7
29 9 5
9 38 1
38 11 7
38 8 3
9 23 3
33 35 3
35 47 2
47 45 10
45 46 8
46 42 10
42 3 10
35 7 5
18 21 10
20 34 10
34 30 2

REQUESTS

BLOCKAGES
35 47
11 36
44 41
29 7
22 21
30 5
50 37
12 21
28 24
21 2
36 33
45 26
34 30
41 36
7 20
8 29
48 20
42 17
42 3
47 41
40 22

A'
1 2 195
1 3 724
1 4 840
1 5 551
1 6 993
1 7 205
1 8 645
1 9 23
1 10 890
1 11 44
12 1 548
1 13 118
14 1 479
15 1 822
1 16 385
1 17 277
18 1 319
1 19 60
20 1 848
21 1 244
1 22 112
1 23 691
1 24 263
25 1 805
1 26 455
27 1 134
1 28 826
29 1 898
30 1 719
31 1 507
32 1 164
1 33 385
34 1 135
35 1 993
1 36 55
1 37 526
1 38 35
1 39 625
40 1 633
1 41 504
42 1 630
43 1 792
44 1 591
45 1 462
1 46 759
47 1 764
48 1 104
49 1 109
1 50 945
3 2 276
4 2 40
5 2 868
2 6 720
2 7 74
8 2 273
9 2 494
2 10 917
11 2 412
12 2 325
2 13 520
2 14 194
2 15 358
16 2 136
2 17 590
2 18 270
2 20 309
22 2 86
23 2 140
24 2 792
25 2 439
2 26 18
27 2 570
2 28 565
29 2 655
30 2 330
2 31 72
32 2 848
33 2 856
34 2 286
35 2 654
37 2 670
38 2 870
2 39 854
2 40 550
2 41 818
42 2 636
2 43 108
44 2 440
2 45 71
2 46 683
2 47 947
48 2 469
49 2 576
50 2 790
3 4 910
3 5 188
3 6 570
7 3 689
3 8 788
3 9 41
10 3 776
11 3 832
3 12 796
3 13 237
3 14 147
3 15 487
3 16 992
17 3 598
3 18 916
3 19 971
20 3 595
21 3 108
22 3 567
23 3 588
24 3 386
3 25 663
3 26 360
27 3 45
28 3 766
29 3 373
3 30 904
31 3 709
3 32 518
33 3 815
34 3 398
35 3 961
3 36 647
37 3 508
3 38 865
39 3 272
3 40 779
3 41 763
3 42 780
43 3 292
44 3 792
3 45 513
46 3 875
47 3 942
3 48 231
3 49 528
3 50 893
4 5 324
6 4 556
7 4 456
4 8 630
9 4 22
4 10 13
4 11 545
4 12 943
4 13 41
4 14 852
15 4 780
4 16 477
4 17 821
4 18 829
4 19 687
20 4 835
4 21 964
22 4 193
23 4 514
4 24 498
25 4 581
4 26 671
27 4 5
28 4 312
29 4 698
30 4 301
31 4 240
4 32 902
4 33 837
34 4 759
35 4 155
36 4 237
4 37 40
38 4 241
39 4 954
4 40 88
4 41 599
4 42 658
43 4 722
44 4 704
45 4 484
4 46 951
47 4 133
48 4 839
49 4 935
50 4 548
6 5 894
5 7 911
8 5 916
9 5 838
10 5 240
11 5 402
5 12 34
13 5 144
14 5 83
15 5 877
5 16 555
17 5 993
18 5 31
19 5 360
20 5 779
21 5 758
22 5 42
5 23 309
24 5 170
5 25 825
26 5 774
5 27 950
5 29 445
5 31 644
32 5 340
5 33 320
5 34 236
5 35 866
36 5 667
5 37 853
5 38 20
5 39 795
40 5 850
5 41 530
5 42 76
5 43 955
44 5 462
5 45 173
46 5 68
5 47 219
48 5 365
5 49 442
50 5 592
7 6 899
6 8 302
6 9 385
6 10 349
11 6 706
12 6 846
13 6 576
14 6 890
15 6 649
6 16 528
6 18 947
19 6 1000
20 6 57
6 21 498
22 6 833
6 23 260
6 24 810
25 6 178
26 6 63
6 27 540
28 6 553
6 29 541
30 6 16
31 6 825
32 6 302
33 6 500
34 6 337
35 6 305
6 36 92
37 6 754
6 38 310
39 6 717
40 6 79
6 41 953
42 6 953
6 43 106
44 6 618
6 45 681
46 6 420
47 6 703
6 48 206
6 49 674
6 50 52
7 8 639
7 9 484
10 7 771
7 11 109
7 12 264
7 13 85
14 7 33
7 15 60
7 16 894
17 7 784
18 7 13
19 7 783
20 7 628
7 21 268
22 7 586
23 7 983
7 24 519
7 25 320
26 7 963
27 7 480
28 7 320
30 7 352
7 31 206
32 7 847
33 7 624
34 7 951
7 36 18
7 37 247
38 7 163
7 39 308
40 7 760
7 41 314
42 7 467
43 7 859
7 44 207
7 45 862
46 7 881
47 7 910
7 48 14
7 49 345
7 50 799
9 8 45
8 10 737
8 11 804
12 8 827
8 13 747
8 14 289
8 15 17
16 8 40
17 8 405
8 18 405
8 19 950
20 8 785
8 21 358
8 22 59
23 8 287
24 8 281
8 25 24
26 8 327
8 27 619
28 8 291
29 8 443
30 8 481
31 8 38
8 32 685
8 33 470
34 8 763
35 8 78
36 8 982
37 8 48
39 8 687
40 8 474
8 41 625
8 42 400
8 43 813
8 44 94
45 8 698
8 46 361
8 47 413
48 8 545
8 49 54
50 8 969
9 10 414
11 9 158
12 9 267
9 13 393
14 9 798
9 15 26
9 16 60
17 9 225
9 18 680
9 19 456
9 20 342
21 9 237
9 22 401
23 9 312
9 24 118
9 25 981
26 9 850
9 27 435
9 28 39
9 29 124
30 9 397
31 9 258
9 32 925
33 9 31
34 9 152
35 9 686
36 9 655
9 37 951
38 9 55
9 39 564
9 40 245
9 41 54
9 42 34
43 9 266
9 44 668
45 9 260
9 46 890
9 47 872
9 48 704
9 49 474
50 9 92
11 10 52
12 10 433
10 13 152
14 10 615
15 10 10
16 10 611
17 10 656
10 18 255
19 10 419
10 20 662
21 10 338
10 23 561
10 24 603
10 25 542
26 10 258
10 27 860
28 10 484
29 10 507
10 30 179
31 10 683
32 10 535
10 33 45
10 34 704
35 10 301
10 36 978
37 10 667
10 38 878
39 10 300
10 40 744
41 10 992
42 10 244
10 43 356
10 44 416
10 45 401
46 10 786
10 47 335
48 10 885
49 10 202
10 50 48
11 12 269
13 11 832
14 11 609
15 11 865
11 16 892
17 11 100
11 18 961
19 11 439
11 20 422
11 21 529
22 11 152
23 11 610
24 11 987
11 25 217
11 26 785
11 27 42
11 28 345
29 11 340
30 11 934
31 11 212
32 11 165
33 11 412
34 11 5
11 35 793
36 11 408
37 11 601
39 11 562
40 11 325
41 11 966
42 11 543
43 11 906
11 44 925
11 45 640
46 11 63
11 47 440
11 48 712
11 49 3
11 50 755
13 12 332
14 12 964
15 12 485
12 16 695
12 17 623
12 18 156
12 19 236
12 20 520
21 12 998
22 12 622
23 12 25
24 12 832
25 12 276
26 12 566
12 27 82
12 28 186
12 29 556
30 12 770
12 31 375
12 32 437
33 12 835
12 34 936
12 35 642
36 12 562
37 12 251
12 38 627
12 39 220
12 40 444
41 12 704
42 12 476
43 12 33
12 44 550
12 45 162
46 12 980
12 47 783
48 12 884
49 12 360
50 12 39
14 13 626
15 13 991
13 16 487
17 13 207
13 18 778
13 19 552
20 13 11
13 21 265
22 13 393
23 13 982
13 24 485
25 13 442
26 13 729
27 13 588
13 28 848
13 29 440
30 13 929
13 31 404
13 32 750
33 13 473
34 13 612
35 13 359
13 36 756
37 13 16
13 38 141
13 39 53
13 40 662
13 41 244
13 42 875
43 13 829
13 44 160
13 45 898
46 13 401
47 13 856
13 48 263
13 49 380
14 15 738
14 16 163
14 18 310
19 14 917
14 21 578
14 22 426
14 23 434
14 24 148
25 14 768
14 26 756
14 27 168
28 14 415
14 29 23
14 30 49
31 14 502
32 14 801
14 33 203
14 34 974
35 14 636
14 36 589
37 14 599
14 38 884
39 14 621
14 40 243
14 41 151
42 14 947
14 43 111
44 14 339
45 14 807
14 46 86
14 47 878
14 48 971
14 49 605
14 50 190
15 16 335
15 17 804
15 18 495
15 19 22
15 20 423
15 21 207
22 15 318
15 23 242
15 24 218
25 15 265
15 26 320
15 27 683
28 15 587
15 29 332
31 15 521
15 32 988
33 15 585
34 15 497
15 35 646
15 36 46
37 15 171
15 38 931
15 39 212
40 15 245
15 41 974
42 15 463
43 15 303
44 15 261
15 45 694
46 15 961
15 47 232
15 48 568
49 15 572
50 15 144
17 16 380
16 18 181
16 19 511
21 16 74
22 16 526
23 16 146
16 24 679
25 16 448
26 16 81
16 27 438
16 28 68
16 29 467
30 16 923
31 16 938
32 16 779
16 33 71
16 34 686
16 35 182
36 16 253
16 37 321
16 38 824
16 39 275
40 16 286
16 41 247
42 16 181
43 16 602
16 44 40
16 45 262
16 46 703
47 16 5
48 16 56
49 16 504
16 50 750
18 17 242
17 19 644
17 20 483
17 21 379
22 17 674
23 17 183
17 24 735
25 17 956
17 26 611
27 17 755
17 28 13
29 17 775
30 17 641
17 31 795
17 32 275
17 33 885
17 34 250
17 35 781
17 36 699
17 37 193
17 38 880
39 17 644
17 40 89
41 17 301
17 43 407
44 17 310
17 45 49
17 46 856
17 47 472
17 48 857
49 17 588
17 50 968
19 18 857
18 20 166
21 18 948
22 18 599
18 23 532
18 24 762
25 18 216
26 18 484
18 27 87
28 18 837
29 18 822
30 18 68
31 18 748
18 32 363
33 18 1000
34 18 505
18 35 438
18 36 927
37 18 911
38 18 410
18 39 440
40 18 628
41 18 983
42 18 628
44 18 817
45 18 428
46 18 975
18 47 960
18 48 787
18 49 249
50 18 502
19 20 258
19 21 86
19 22 434
19 23 403
24 19 753
25 19 207
26 19 908
27 19 739
19 28 276
29 19 235
30 19 767
31 19 127
19 32 810
33 19 723
34 19 733
19 35 218
19 36 99
19 37 983
19 38 617
39 19 463
19 40 661
41 19 480
19 42 41
19 43 248
19 44 124
19 45 19
19 46 394
47 19 967
48 19 761
49 19 965
50 19 265
21 20 834
22 20 838
20 23 599
20 24 904
25 20 175
20 26 81
27 20 484
28 20 576
29 20 789
20 30 916
31 20 941
32 20 655
20 33 863
34 20 948
20 35 259
20 36 362
20 37 279
39 20 877
20 40 866
41 20 531
42 20 369
43 20 264
44 20 464
20 45 629
46 20 613
47 20 456
49 20 363
20 50 207
21 22 667
23 21 226
21 24 908
21 25 578
21 26 732
27 21 735
21 28 463
21 29 740
30 21 131
21 31 815
32 21 913
33 21 793
34 21 784
21 35 196
21 36 553
21 37 160
38 21 219
39 21 598
21 40 592
41 21 348
42 21 107
21 43 46
21 44 301
45 21 920
21 46 68
21 47 964
21 48 415
21 49 735
21 50 173
22 23 696
24 22 683
25 22 647
26 22 943
22 27 731
22 28 770
22 29 208
30 22 215
31 22 150
22 32 741
33 22 651
22 34 155
22 35 492
36 22 73
22 37 118
22 38 507
39 22 674
42 22 442
43 22 916
22 44 846
22 45 305
46 22 618
47 22 657
48 22 386
49 22 187
22 50 557
24 23 353
23 25 613
23 26 977
27 23 23
28 23 895
23 29 23
23 30 368
23 31 226
23 32 339
23 33 25
34 23 828
23 35 514
36 23 408
37 23 233
23 38 639
39 23 639
40 23 540
41 23 120
23 42 981
23 43 350
23 44 190
45 23 141
46 23 188
23 47 544
48 23 141
23 49 873
50 23 913
24 25 805
24 26 989
27 24 618
24 29 256
30 24 69
24 31 793
32 24 839
24 33 286
24 34 475
24 35 558
24 36 846
37 24 279
24 38 768
39 24 948
24 40 463
24 41 244
42 24 26
24 43 752
44 24 513
45 24 28
24 46 864
24 47 870
48 24 106
49 24 119
24 50 165
25 26 315
25 27 303
25 28 437
25 29 496
25 30 861
25 31 421
25 32 444
25 33 87
35 25 952
36 25 829
37 25 769
25 38 754
25 39 105
25 40 293
41 25 424
25 42 351
43 25 974
25 44 573
45 25 143
46 25 607
47 25 729
25 48 896
49 25 501
50 25 327
26 27 347
28 26 336
29 26 507
30 26 289
31 26 700
32 26 351
26 33 252
26 34 612
26 35 701
36 26 324
37 26 493
38 26 648
39 26 344
40 26 99
26 41 337
26 42 999
26 43 636
26 44 150
26 45 126
26 46 457
26 47 722
48 26 301
26 49 860
26 50 903
28 27 448
27 29 756
27 30 508
31 27 865
27 32 297
33 27 399
34 27 92
27 35 669
27 36 435
27 37 221
38 27 608
39 27 738
40 27 836
27 41 6
42 27 653
27 43 959
44 27 486
27 45 744
46 27 468
27 47 548
48 27 275
49 27 102
27 50 696
28 29 445
28 30 291
28 31 42
28 32 46
33 28 931
34 28 872
28 35 280
36 28 196
28 37 329
38 28 304
28 39 377
40 28 384
41 28 239
28 42 223
28 43 727
28 44 813
45 28 751
28 46 541
47 28 353
28 48 627
49 28 171
50 28 571
29 30 375
29 31 39
32 29 150
29 33 126
29 34 465
35 29 802
36 29 870
29 37 747
38 29 645
39 29 472
29 40 14
29 41 892
42 29 301
29 43 1
44 29 368
45 29 624
29 46 688
47 29 444
48 29 356
29 49 715
29 50 430
30 31 875
30 32 892
33 30 600
30 34 531
35 30 283
36 30 434
30 37 911
30 38 44
39 30 909
40 30 834
30 41 153
42 30 546
30 43 710
30 44 869
30 45 425
46 30 643
47 30 302
30 48 271
49 30 422
30 50 323
31 32 346
31 33 230
31 34 193
35 31 870
36 31 35
37 31 337
38 31 576
31 39 839
40 31 487
41 31 764
31 42 709
31 43 562
31 44 644
45 31 614
46 31 986
31 47 472
48 31 43
49 31 290
31 50 677
33 32 40
32 34 214
32 35 602
36 32 962
32 37 129
38 32 851
32 39 711
40 32 1
41 32 273
32 42 457
32 43 60
32 44 174
32 45 124
32 46 584
47 32 155
48 32 923
49 32 324
32 50 274
34 33 980
35 33 69
33 36 35
37 33 351
38 33 829
33 39 17
40 33 347
41 33 339
42 33 266
33 43 290
44 33 79
45 33 153
33 46 485
33 47 780
33 48 915
49 33 437
50 33 288
35 34 354
34 36 127
37 34 418
38 34 760
39 34 408
34 40 611
34 41 864
42 34 257
43 34 617
44 34 378
34 45 920
34 46 549
47 34 22
48 34 456
34 49 709
50 34 666
36 35 768
35 37 119
38 35 98
35 39 971
40 35 687
35 41 954
42 35 162
35 43 55
35 44 249
35 45 251
35 46 294
47 35 571
48 35 614
35 49 476
35 50 120
37 36 736
38 36 284
39 36 423
40 36 435
36 41 942
36 42 679
43 36 24
36 44 457
36 45 321
46 36 862
36 47 224
48 36 74
49 36 821
50 36 171
37 38 713
37 39 788
37 40 528
41 37 6
42 37 155
37 43 696
37 44 265
37 45 343
37 46 917
47 37 70
48 37 855
49 37 512
37 50 437
38 39 224
40 38 624
38 41 256
38 42 388
43 38 488
44 38 465
45 38 217
46 38 636
38 47 419
48 38 637
49 38 892
50 38 911
40 39 142
41 39 243
42 39 842
43 39 590
44 39 287
39 45 515
39 46 253
39 47 936
39 48 816
39 49 584
50 39 75
40 41 648
42 40 824
43 40 605
44 40 189
45 40 380
40 46 279
40 47 687
40 48 653
40 49 241
50 40 841
42 41 185
41 43 656
41 44 537
45 41 576
46 41 207
41 47 396
48 41 494
49 41 491
41 50 637
43 42 612
42 44 713
42 45 342
47 42 994
42 48 953
42 49 219
50 42 820
43 44 714
43 45 552
46 43 219
43 47 95
43 48 771
49 43 361
50 43 791
44 45 330
44 46 421
47 44 886
44 48 38
44 49 374
50 44 661
46 45 19
48 45 190
45 49 451
50 45 150
47 46 403
48 46 433
46 49 648
46 50 334
47 48 524
49 47 669
50 47 563
48 49 934
48 50 107
50 49 302

END
