INSTANCE_NAME b03.dat
NB_VERTICES 50
NB_ARCS 83
NB_REQUESTS 0
NB_BLOCKAGES 20
NB_A' 2367

VERTICES
1 0 0
2 0 0
3 0 0
4 0 0
5 0 0
6 0 0
7 0 0
8 0 0
9 0 0
10 0 0
11 0 0
12 0 0
13 0 0
14 0 0
15 0 0
16 0 0
17 0 0
18 0 0
19 0 0
20 0 0
21 0 0
22 0 0
23 0 0
24 0 0
25 0 0
26 0 0
27 0 0
28 0 0
29 0 0
30 0 0
31 0 0
32 0 0
33 0 0
34 0 0
35 0 0
36 0 0
37 0 0
38 0 0
39 0 0
40 0 0
41 0 0
42 0 0
43 0 0
44 0 0
45 0 0
46 0 0
47 0 0
48 0 0
49 0 0
50 0 0

ARCS
1 49 6
49 12 3
12 35 8
35 8 5
8 21 7
21 9 1
9 10 4
10 6 4
6 45 3
45 9 9
9 18 5
18 16 4
16 38 2
38 11 7
11 3 8
3 7 8
7 17 4
17 50 7
50 22 5
22 9 8
9 41 10
41 29 4
29 7 4
7 33 5
33 36 5
36 42 8
42 41 6
42 44 9
44 49 2
29 37 2
37 31 2
31 5 2
5 4 1
4 48 1
48 10 1
10 13 1
13 34 2
34 1 10
1 9 3
9 27 1
27 24 5
24 40 1
40 19 8
19 12 9
12 21 1
21 11 8
11 15 8
15 47 9
47 3 1
15 29 8
29 32 8
32 30 4
30 10 8
10 20 4
20 11 5
20 23 7
23 18 10
23 48 1
48 2 8
2 14 3
14 28 7
28 40 6
40 50 5
50 14 7
14 38 7
50 39 1
39 26 6
26 30 10
30 21 9
30 12 5
30 31 8
50 43 7
43 9 2
40 13 6
13 15 2
15 25 6
25 22 2
22 4 5
22 5 4
22 16 6
34 46 6
46 37 1
45 35 8

REQUESTS

BLOCKAGES
18 16
20 11
5 4
30 21
41 29
12 35
11 15
34 1
21 11
12 21
40 13
14 38
30 12
37 31
40 50
9 10
50 22
50 14
23 48
13 15

A'
1 2 854
3 1 278
4 1 621
1 5 426
6 1 874
1 7 778
1 8 496
9 1 734
10 1 502
11 1 500
12 1 816
13 1 698
1 14 390
1 15 279
1 16 626
1 17 545
18 1 765
1 19 852
20 1 94
21 1 931
22 1 1000
1 23 159
1 24 611
1 25 192
1 26 448
27 1 108
28 1 65
29 1 504
30 1 849
1 31 2
1 32 603
1 33 656
35 1 507
36 1 164
1 37 385
38 1 135
39 1 993
1 40 55
1 41 526
1 42 35
1 43 625
44 1 633
1 45 504
46 1 630
47 1 792
48 1 591
49 1 462
1 50 759
3 2 764
4 2 104
5 2 109
2 6 945
7 2 276
8 2 40
9 2 868
2 10 720
2 11 74
2 12 273
13 2 494
14 2 917
15 2 412
16 2 325
2 17 520
2 18 194
2 19 358
20 2 136
2 21 590
2 22 270
23 2 430
24 2 17
25 2 86
26 2 140
27 2 792
28 2 439
2 29 18
30 2 570
2 31 565
32 2 655
33 2 330
2 34 72
35 2 848
36 2 856
37 2 286
38 2 654
39 2 785
2 40 363
2 41 758
2 42 380
2 43 618
2 44 187
2 45 524
2 46 417
2 47 354
2 49 683
2 50 947
4 3 469
5 3 576
6 3 790
7 3 910
3 8 188
3 9 570
10 3 689
3 11 788
3 12 41
13 3 776
3 14 832
3 15 796
3 16 237
3 17 147
3 18 487
3 19 992
20 3 598
3 21 916
3 22 971
23 3 595
24 3 108
25 3 567
26 3 588
27 3 386
3 28 663
3 29 360
30 3 45
31 3 766
32 3 373
3 33 904
34 3 709
3 35 518
36 3 815
37 3 398
38 3 961
3 39 647
40 3 508
3 41 865
42 3 272
3 43 779
3 44 763
3 45 780
46 3 292
3 48 664
49 3 695
50 3 573
4 5 744
6 4 756
4 7 980
8 4 488
4 9 891
4 10 831
4 11 420
4 12 727
4 13 408
14 4 784
15 4 144
16 4 836
17 4 86
4 18 905
4 19 78
20 4 722
21 4 708
4 23 687
24 4 835
4 25 964
26 4 193
27 4 514
4 28 498
29 4 581
4 30 671
31 4 5
32 4 312
33 4 698
34 4 301
35 4 240
4 36 902
4 37 837
38 4 759
39 4 155
4 40 237
4 41 40
42 4 241
43 4 954
4 44 88
4 45 599
4 46 658
47 4 722
48 4 704
49 4 484
4 50 951
6 5 133
7 5 839
8 5 935
9 5 548
10 5 894
5 11 911
12 5 916
13 5 838
14 5 240
15 5 402
5 16 34
17 5 144
18 5 83
19 5 877
5 20 555
21 5 993
23 5 831
5 24 317
25 5 907
5 26 25
5 27 20
28 5 957
5 29 498
30 5 761
5 31 578
5 32 159
5 33 445
34 5 422
5 35 141
5 36 198
5 37 684
5 38 350
5 39 947
40 5 996
41 5 776
5 42 894
43 5 681
5 44 316
5 45 26
5 46 304
47 5 377
5 48 646
49 5 79
5 50 168
7 6 759
8 6 890
6 9 953
6 10 307
11 6 610
6 12 104
13 6 674
14 6 531
6 15 551
6 16 235
6 17 273
6 18 883
19 6 352
6 20 173
6 21 947
22 6 1000
23 6 57
6 24 498
25 6 833
6 26 260
6 27 810
28 6 178
29 6 63
6 30 540
31 6 553
6 32 541
33 6 16
34 6 825
35 6 302
36 6 500
37 6 337
38 6 305
6 39 92
40 6 754
6 41 310
42 6 717
43 6 79
6 44 953
45 6 953
6 46 106
47 6 618
6 48 681
49 6 420
50 6 703
7 8 206
7 9 674
7 10 52
7 11 639
7 12 484
13 7 771
7 14 109
7 15 264
7 16 85
17 7 33
7 18 60
7 19 894
20 7 784
21 7 13
22 7 783
23 7 628
7 24 268
25 7 586
7 26 983
7 27 519
7 28 320
30 7 781
7 31 579
7 32 565
33 7 352
7 34 206
35 7 847
36 7 624
37 7 951
38 7 908
7 39 510
40 7 637
41 7 184
7 42 497
7 43 826
7 44 79
45 7 629
46 7 298
47 7 178
7 48 353
49 7 167
7 50 722
8 9 848
10 8 138
11 8 227
12 8 816
13 8 644
8 14 251
15 8 112
16 8 586
17 8 412
18 8 107
8 19 875
20 8 598
21 8 618
8 22 637
23 8 212
8 24 150
25 8 55
26 8 857
27 8 684
8 28 369
29 8 828
30 8 505
31 8 717
32 8 931
33 8 459
8 34 872
8 36 470
37 8 763
38 8 78
39 8 982
40 8 48
41 8 841
42 8 249
8 43 722
44 8 842
8 45 452
46 8 904
8 47 881
8 48 24
49 8 508
50 8 585
10 9 206
9 11 985
12 9 824
9 13 219
9 14 553
15 9 550
16 9 305
9 17 218
18 9 422
9 19 425
20 9 224
9 21 318
9 22 730
9 23 817
24 9 106
25 9 781
9 26 806
27 9 632
28 9 883
9 29 490
30 9 468
31 9 828
9 32 837
33 9 501
9 34 808
35 9 835
36 9 957
9 37 487
9 38 845
39 9 922
40 9 407
41 9 262
9 42 172
9 44 54
9 45 34
46 9 266
9 47 668
48 9 260
9 49 890
9 50 872
10 11 704
10 12 474
13 10 92
14 10 52
10 15 433
10 16 152
17 10 615
18 10 10
19 10 611
20 10 656
10 21 255
22 10 419
10 23 662
24 10 338
25 10 900
26 10 68
27 10 166
10 28 809
10 29 52
10 30 3
10 31 213
32 10 322
33 10 573
34 10 389
35 10 450
36 10 530
10 37 317
38 10 978
10 39 979
40 10 880
10 41 579
10 42 832
10 43 841
10 44 1
10 45 204
10 46 728
10 47 862
49 10 786
10 50 335
12 11 885
13 11 202
11 14 48
15 11 269
16 11 832
17 11 609
18 11 865
11 19 892
11 21 236
22 11 343
23 11 316
11 24 206
25 11 175
11 26 315
11 27 487
28 11 846
29 11 188
30 11 616
11 31 54
32 11 873
11 33 953
11 34 557
11 35 177
36 11 311
11 37 477
11 39 793
40 11 408
41 11 601
42 11 339
11 43 397
44 11 759
11 45 865
46 11 581
11 47 948
48 11 130
11 49 229
50 11 196
12 13 592
12 14 750
15 12 188
16 12 205
12 17 533
12 18 5
12 20 695
21 12 623
12 22 156
12 23 236
12 24 520
25 12 998
26 12 622
27 12 25
28 12 832
29 12 276
12 31 630
12 32 672
12 33 414
12 34 149
35 12 40
36 12 464
37 12 997
38 12 592
12 39 70
12 40 455
12 41 639
42 12 184
43 12 628
12 44 810
12 45 847
12 46 9
12 47 785
48 12 662
12 49 588
12 50 319
13 14 888
15 13 416
13 16 969
13 17 171
18 13 1
13 19 952
20 13 228
21 13 969
22 13 706
13 23 650
13 24 481
25 13 380
26 13 395
27 13 815
13 28 554
29 13 961
13 30 619
31 13 677
13 32 88
13 33 978
34 13 825
35 13 782
13 36 416
13 37 611
38 13 879
13 39 377
13 41 756
42 13 16
13 43 141
13 44 53
13 45 662
13 46 244
13 47 875
48 13 829
13 49 160
13 50 898
15 14 401
16 14 856
14 17 263
14 18 380
19 14 56
14 20 200
21 14 65
14 22 310
23 14 917
24 14 830
14 25 560
14 26 320
14 27 608
28 14 859
14 29 768
14 30 208
14 31 409
32 14 670
33 14 94
34 14 601
14 35 139
36 14 664
37 14 368
38 14 407
14 39 40
40 14 565
41 14 14
14 42 385
43 14 32
44 14 740
45 14 351
46 14 318
47 14 361
48 14 485
49 14 740
14 50 308
15 16 886
17 15 432
18 15 296
15 19 240
20 15 130
15 21 286
22 15 40
15 23 468
24 15 616
25 15 573
15 26 506
15 27 428
15 28 581
29 15 24
15 30 350
31 15 549
32 15 654
15 33 191
34 15 521
15 35 988
36 15 585
37 15 497
15 38 646
15 39 46
40 15 171
15 41 931
15 42 212
15 43 245
15 44 974
45 15 463
46 15 303
47 15 261
15 48 694
49 15 961
15 50 232
16 17 568
16 19 417
16 20 569
16 21 542
16 23 511
24 16 929
16 25 821
16 26 217
16 27 146
28 16 821
16 29 393
30 16 108
16 31 884
16 32 4
33 16 15
34 16 635
16 35 691
36 16 506
37 16 672
38 16 324
16 39 149
40 16 608
41 16 130
16 42 466
43 16 855
16 44 722
45 16 719
46 16 685
16 47 248
16 48 68
16 49 314
50 16 551
18 17 833
17 19 427
17 20 94
17 21 37
17 22 354
17 23 914
24 17 820
25 17 109
17 26 17
27 17 920
28 17 363
17 29 336
30 17 347
31 17 224
32 17 809
33 17 17
34 17 182
35 17 496
36 17 896
37 17 868
17 38 880
39 17 84
40 17 512
41 17 372
17 42 375
17 43 614
44 17 951
45 17 699
17 46 407
47 17 310
17 48 49
17 49 856
50 17 472
18 19 857
20 18 588
18 21 968
22 18 857
18 23 166
18 24 948
25 18 599
18 26 532
18 27 762
28 18 216
29 18 484
18 30 87
31 18 837
32 18 822
33 18 68
34 18 748
18 35 363
36 18 1000
37 18 505
18 38 438
18 39 927
40 18 911
41 18 410
18 42 440
43 18 628
44 18 983
45 18 628
46 18 255
47 18 907
18 48 861
49 18 72
18 50 250
20 19 998
21 19 469
19 22 808
19 23 524
19 24 994
19 25 962
26 19 579
27 19 573
28 19 759
19 29 669
30 19 328
19 31 555
32 19 703
33 19 561
34 19 726
19 35 913
36 19 411
37 19 224
19 38 990
39 19 304
19 41 617
42 19 463
19 43 661
44 19 480
19 45 41
19 46 248
19 47 124
19 48 19
19 49 394
50 19 967
21 20 761
22 20 965
23 20 265
24 20 834
25 20 838
20 26 599
20 27 904
28 20 175
20 29 81
30 20 484
31 20 576
32 20 789
20 33 916
34 20 941
35 20 655
20 36 863
37 20 948
20 38 259
20 39 362
20 40 279
41 20 611
42 20 4
20 43 289
44 20 781
45 20 537
20 46 841
20 47 346
48 20 163
49 20 139
20 50 273
22 21 363
21 23 207
21 24 667
25 21 226
21 26 908
21 27 578
21 28 732
29 21 735
21 30 463
21 31 740
32 21 131
21 33 815
34 21 913
35 21 793
36 21 784
21 37 196
21 38 553
21 39 160
40 21 219
41 21 598
21 42 592
43 21 348
44 21 107
21 45 46
21 46 301
47 21 920
21 48 68
21 49 964
21 50 415
22 23 735
22 24 173
22 25 696
26 22 683
27 22 647
28 22 943
22 29 731
22 30 770
22 31 208
32 22 215
33 22 150
22 34 741
35 22 651
22 36 155
22 37 492
38 22 73
22 39 118
22 40 507
41 22 674
42 22 19
43 22 442
44 22 916
22 45 846
22 46 305
47 22 618
48 22 657
49 22 386
24 23 388
25 23 693
26 23 400
27 23 426
28 23 731
29 23 483
30 23 696
31 23 266
23 32 816
23 33 636
34 23 424
35 23 995
23 36 642
23 37 485
23 38 251
39 23 946
40 23 141
41 23 343
23 42 251
23 43 516
44 23 142
23 45 876
23 46 373
47 23 909
48 23 718
23 49 879
50 23 920
25 24 969
26 24 738
24 28 989
29 24 618
30 24 530
24 31 673
32 24 506
33 24 937
34 24 934
24 35 66
36 24 658
24 37 384
24 38 627
39 24 76
40 24 551
24 41 88
42 24 686
24 43 135
24 44 632
24 45 356
46 24 359
24 47 582
24 48 820
24 49 54
24 50 155
26 25 580
27 25 676
28 25 362
29 25 946
30 25 422
25 31 384
32 25 958
33 25 456
25 34 446
35 25 195
36 25 952
37 25 829
38 25 769
25 39 754
25 40 105
25 41 293
42 25 424
25 43 351
44 25 974
25 45 573
46 25 143
47 25 607
48 25 729
25 49 896
50 25 501
27 26 327
26 28 347
29 26 336
30 26 507
31 26 289
32 26 700
33 26 351
26 34 252
26 35 612
26 36 701
37 26 324
26 38 493
26 40 573
26 41 543
42 26 196
43 26 778
44 26 684
26 45 686
26 46 142
26 47 790
48 26 826
26 49 807
50 26 326
27 28 264
29 27 561
27 30 226
27 31 292
27 32 755
33 27 204
34 27 315
35 27 986
27 36 750
37 27 728
38 27 818
39 27 561
27 40 29
27 41 681
27 42 390
27 43 47
44 27 908
45 27 453
27 46 714
27 47 345
27 48 960
27 49 117
50 27 947
28 29 718
28 30 122
31 28 482
32 28 18
28 33 898
28 34 131
35 28 233
28 36 936
28 37 525
28 38 238
39 28 33
40 28 72
41 28 771
28 42 925
43 28 10
44 28 692
45 28 270
46 28 524
47 28 104
48 28 145
49 28 938
50 28 283
30 29 499
31 29 802
32 29 118
33 29 703
29 34 342
29 35 526
36 29 509
37 29 703
29 38 24
39 29 597
40 29 559
29 41 396
29 42 364
29 43 367
44 29 518
45 29 823
29 46 571
29 47 742
29 48 663
29 49 837
29 50 922
31 30 820
30 32 516
33 30 652
30 34 621
30 35 536
36 30 71
37 30 545
30 38 174
39 30 86
30 40 911
41 30 411
30 42 884
43 30 521
30 44 948
30 45 254
46 30 776
47 30 651
48 30 299
30 49 886
50 30 901
31 32 802
33 31 56
31 34 108
31 35 608
36 31 625
31 37 453
38 31 703
39 31 539
31 40 234
41 31 637
42 31 707
31 43 912
44 31 758
31 45 362
31 46 833
31 47 65
31 48 936
31 49 331
50 31 701
32 33 588
34 32 159
32 35 64
32 36 728
32 37 141
32 38 792
39 32 448
40 32 244
41 32 559
42 32 273
43 32 644
44 32 886
32 45 442
32 46 532
32 47 568
32 48 413
49 32 261
50 32 547
33 34 488
33 35 277
36 33 235
37 33 108
38 33 919
39 33 745
40 33 704
41 33 101
42 33 825
43 33 407
33 44 512
33 45 389
46 33 873
47 33 234
48 33 76
33 49 160
50 33 53
35 34 895
34 36 857
34 37 674
38 34 57
34 39 955
34 40 787
34 41 106
42 34 746
34 43 229
44 34 153
45 34 687
46 34 122
34 47 862
48 34 51
34 49 463
34 50 810
36 35 95
35 37 63
35 38 792
39 35 185
35 40 230
41 35 857
42 35 934
35 43 551
35 44 562
35 46 249
35 47 251
35 48 294
49 35 571
50 35 614
36 37 476
36 38 120
39 36 736
40 36 284
36 41 423
42 36 435
36 43 942
36 44 679
45 36 24
36 46 457
36 47 321
48 36 862
36 49 224
50 36 74
37 38 821
39 37 171
37 40 713
37 41 788
37 42 528
43 37 6
44 37 155
37 45 696
37 46 265
37 47 343
37 48 917
49 37 70
50 37 855
39 38 512
38 40 437
38 41 224
42 38 624
38 43 256
38 44 388
45 38 488
46 38 465
47 38 217
48 38 636
38 49 419
50 38 637
40 39 892
41 39 911
42 39 142
43 39 243
44 39 842
45 39 590
46 39 287
39 47 515
39 48 253
39 49 936
39 50 816
40 41 584
42 40 75
40 43 648
44 40 824
45 40 605
46 40 189
47 40 380
40 48 279
40 49 687
50 40 653
41 42 241
43 41 841
44 41 185
41 45 656
41 46 537
47 41 576
48 41 207
41 49 396
50 41 494
43 42 491
44 42 637
45 42 612
42 46 713
42 47 342
48 42 713
42 49 26
50 42 636
44 43 707
43 45 16
43 46 644
43 47 537
48 43 376
49 43 868
45 44 361
46 44 791
44 47 330
44 48 421
49 44 886
44 50 38
45 46 374
47 45 661
48 45 19
49 45 737
45 50 246
47 46 833
46 48 987
49 46 525
50 46 622
47 48 734
47 49 340
47 50 143
49 48 697
50 48 718
49 50 576

END
