INSTANCE_NAME b04.dat
NB_VERTICES 50
NB_ARCS 104
NB_REQUESTS 0
NB_BLOCKAGES 26
NB_A' 2346

VERTICES
1 0 0
2 0 0
3 0 0
4 0 0
5 0 0
6 0 0
7 0 0
8 0 0
9 0 0
10 0 0
11 0 0
12 0 0
13 0 0
14 0 0
15 0 0
16 0 0
17 0 0
18 0 0
19 0 0
20 0 0
21 0 0
22 0 0
23 0 0
24 0 0
25 0 0
26 0 0
27 0 0
28 0 0
29 0 0
30 0 0
31 0 0
32 0 0
33 0 0
34 0 0
35 0 0
36 0 0
37 0 0
38 0 0
39 0 0
40 0 0
41 0 0
42 0 0
43 0 0
44 0 0
45 0 0
46 0 0
47 0 0
48 0 0
49 0 0
50 0 0

ARCS
22 4 9
4 3 10
3 6 5
6 47 1
47 18 2
18 1 10
1 13 10
13 4 10
4 45 5
45 2 9
2 39 5
39 10 10
10 25 10
25 14 7
14 15 5
15 11 4
11 8 5
8 3 2
3 12 8
12 7 3
7 18 8
18 2 8
2 40 2
40 3 7
3 21 5
21 32 6
32 15 3
15 23 2
23 16 6
16 5 9
5 38 1
38 20 8
20 8 10
8 30 10
30 20 10
20 27 6
27 3 7
3 26 9
26 1 3
26 43 6
43 11 9
11 9 6
9 12 3
12 13 2
13 27 6
27 15 9
15 29 4
29 31 1
31 8 1
8 45 5
45 31 6
31 16 9
16 40 4
40 13 1
40 38 3
38 41 1
41 34 2
34 32 3
32 25 7
32 29 1
29 33 5
33 15 9
33 27 2
27 17 7
17 14 8
17 42 1
42 11 10
11 33 3
33 35 4
35 23 6
23 7 10
7 22 6
22 18 4
22 23 7
23 19 5
19 47 2
47 35 9
35 45 8
45 37 7
37 8 10
37 43 3
43 31 9
45 41 3
41 47 2
47 29 7
45 49 10
49 3 10
3 48 6
48 33 10
49 40 7
32 30 6
30 50 3
50 36 3
36 32 1
32 46 9
46 38 9
38 50 4
36 20 9
20 28 7
28 9 9
34 24 7
24 4 9
24 44 7
44 39 9

REQUESTS

BLOCKAGES
22 4
49 3
32 30
17 14
32 25
7 18
2 40
23 7
16 40
22 18
33 15
12 13
26 1
33 35
32 15
27 15
47 18
15 11
24 4
47 35
50 36
8 3
15 29
32 29
40 3
20 8

A'
1 2 280
3 1 178
1 4 10
1 5 789
6 1 558
1 7 845
8 1 964
9 1 884
10 1 840
11 1 808
12 1 168
13 1 643
1 14 575
15 1 298
1 16 615
17 1 422
1 18 146
19 1 120
20 1 144
1 21 172
22 1 75
1 23 347
1 24 806
1 25 488
1 26 854
27 1 278
28 1 621
1 29 426
30 1 874
1 31 778
1 32 496
33 1 734
34 1 502
35 1 500
36 1 816
37 1 698
1 38 390
1 39 279
1 40 626
1 41 545
42 1 765
1 43 852
44 1 94
45 1 931
46 1 1000
1 47 159
1 48 611
1 49 192
1 50 448
3 2 108
4 2 65
5 2 504
6 2 849
2 7 2
2 8 603
2 9 656
10 2 719
11 2 103
2 12 784
13 2 835
14 2 445
15 2 334
16 2 588
2 17 518
2 19 625
20 2 633
2 21 504
22 2 630
23 2 792
24 2 591
25 2 462
2 26 759
27 2 764
28 2 104
29 2 109
2 30 945
31 2 276
32 2 40
33 2 868
2 34 720
2 35 74
2 36 273
37 2 494
2 38 917
39 2 412
40 2 325
2 41 520
2 42 194
2 43 358
44 2 136
2 45 590
2 46 270
47 2 430
48 2 17
49 2 86
50 2 140
3 5 765
6 3 286
3 7 355
3 8 430
9 3 895
10 3 437
3 11 200
12 3 39
3 13 207
3 14 437
3 15 125
3 16 67
17 3 670
18 3 870
3 19 854
3 20 550
21 3 818
22 3 636
3 23 108
24 3 440
3 25 71
26 3 683
3 27 947
28 3 469
29 3 576
30 3 790
3 31 910
3 32 188
3 33 570
34 3 689
3 35 788
3 36 41
37 3 776
3 38 832
3 39 796
3 40 237
3 41 147
3 42 487
3 43 992
44 3 598
3 45 916
3 46 971
47 3 595
48 3 108
50 3 797
4 5 707
4 6 980
7 4 162
4 8 495
9 4 155
4 10 633
11 4 264
4 12 211
4 14 518
15 4 815
16 4 398
17 4 961
4 18 647
19 4 508
4 20 865
21 4 272
4 22 779
4 23 763
4 24 780
25 4 292
26 4 792
4 27 513
28 4 875
29 4 942
4 30 231
4 31 528
4 32 893
4 33 324
34 4 556
35 4 456
4 36 630
37 4 22
4 38 13
4 39 545
4 40 943
4 41 41
4 42 852
43 4 780
4 44 477
45 4 821
4 46 829
4 47 687
48 4 835
4 49 964
50 4 193
6 5 514
5 7 498
8 5 581
5 9 671
10 5 5
11 5 312
12 5 698
13 5 301
14 5 240
5 15 902
5 16 837
17 5 759
18 5 155
5 19 237
5 20 40
21 5 241
22 5 954
5 23 88
5 24 599
5 25 658
26 5 722
27 5 704
28 5 484
5 29 951
30 5 133
31 5 839
32 5 935
33 5 548
34 5 894
5 35 911
36 5 916
37 5 838
38 5 240
39 5 402
5 40 34
41 5 144
42 5 83
43 5 877
5 44 555
45 5 993
46 5 31
47 5 360
48 5 779
49 5 758
50 5 42
6 7 309
8 6 170
6 9 825
10 6 774
6 11 950
12 6 340
13 6 265
6 14 644
15 6 340
6 16 320
6 17 236
6 18 866
19 6 667
6 20 853
6 21 20
6 22 795
23 6 850
6 24 530
6 25 76
6 26 955
27 6 462
6 28 173
29 6 68
6 30 219
31 6 365
6 32 442
33 6 592
34 6 899
6 35 302
6 36 385
6 37 349
38 6 706
39 6 846
40 6 576
41 6 890
42 6 649
6 43 528
44 6 782
45 6 341
6 46 705
47 6 242
6 48 9
49 6 156
6 50 442
7 8 715
7 9 483
10 7 708
7 11 613
7 13 541
14 7 16
15 7 825
16 7 302
17 7 500
18 7 337
19 7 305
7 20 92
21 7 754
22 7 310
24 7 119
25 7 894
26 7 142
27 7 492
7 28 505
7 29 646
30 7 985
7 31 857
32 7 74
7 33 202
7 34 894
7 35 330
36 7 496
7 37 745
38 7 146
39 7 840
7 40 540
41 7 569
42 7 38
7 43 138
7 44 29
7 45 927
46 7 555
47 7 67
7 48 340
7 49 653
7 50 672
9 8 224
10 8 818
8 11 289
12 8 781
8 13 579
8 14 565
15 8 352
8 16 206
17 8 847
18 8 624
19 8 951
8 21 18
8 22 247
23 8 163
8 24 308
25 8 760
8 26 314
27 8 467
28 8 859
8 29 207
30 8 862
32 8 167
8 33 722
8 34 848
35 8 138
36 8 227
8 38 737
8 39 804
40 8 827
8 41 747
8 42 289
8 43 17
44 8 40
45 8 405
8 46 405
8 47 950
48 8 785
8 49 358
8 50 59
10 9 287
12 9 684
9 13 369
14 9 828
15 9 505
16 9 717
17 9 931
18 9 459
9 19 872
20 9 794
9 21 441
22 9 771
9 23 899
9 24 787
9 25 41
26 9 687
27 9 474
9 28 625
9 29 400
9 30 813
9 31 94
32 9 698
9 33 361
9 34 413
35 9 545
9 36 54
37 9 969
9 38 414
39 9 158
40 9 267
9 41 393
42 9 798
9 43 26
9 44 60
45 9 225
9 46 680
9 47 456
9 48 342
49 9 237
9 50 401
11 10 312
10 12 118
10 13 981
14 10 850
10 15 435
10 16 39
10 17 124
18 10 397
19 10 258
10 20 925
21 10 31
22 10 152
23 10 686
24 10 655
25 10 951
26 10 55
10 27 564
10 28 245
10 29 54
10 30 34
31 10 266
10 32 668
33 10 260
10 34 890
10 35 872
10 36 704
10 37 474
38 10 92
10 40 746
41 10 2
10 42 839
43 10 715
10 44 211
45 10 415
10 46 996
47 10 921
48 10 274
10 49 679
10 50 551
11 12 561
11 13 603
11 14 542
11 16 52
11 17 3
11 18 213
19 11 322
20 11 573
21 11 389
22 11 450
23 11 530
11 24 317
25 11 978
11 26 979
27 11 880
11 28 579
11 29 832
11 30 841
11 31 1
11 32 204
33 11 728
11 34 862
35 11 595
11 36 436
37 11 321
38 11 731
11 39 940
11 40 502
41 11 377
11 42 935
44 11 865
11 45 892
46 11 100
11 47 961
48 11 439
11 49 422
11 50 529
13 12 152
14 12 610
15 12 987
12 16 217
12 17 785
12 18 42
12 19 345
20 12 340
21 12 934
22 12 212
23 12 165
24 12 412
25 12 5
12 26 793
27 12 408
28 12 601
29 12 339
12 30 397
31 12 759
12 32 865
33 12 581
12 34 948
35 12 130
12 36 229
37 12 196
12 38 592
12 39 750
40 12 188
41 12 205
12 42 533
12 43 5
44 12 874
45 12 398
46 12 20
12 47 588
12 48 698
12 49 493
12 50 797
13 14 637
15 13 685
13 16 465
13 17 543
13 18 630
13 19 672
13 20 414
13 21 149
13 22 40
23 13 464
24 13 997
25 13 592
13 26 70
27 13 455
13 28 639
29 13 184
30 13 628
13 31 810
13 32 847
13 33 9
13 34 785
35 13 662
13 36 588
13 37 319
13 38 888
39 13 416
13 40 969
13 41 171
42 13 1
13 43 952
44 13 228
45 13 969
46 13 706
13 47 650
13 48 481
49 13 380
50 13 395
15 14 815
14 16 554
18 14 442
19 14 729
20 14 588
14 21 848
14 22 440
23 14 929
14 24 404
14 25 750
26 14 473
27 14 612
28 14 359
14 29 756
30 14 16
14 31 141
14 32 53
14 33 662
14 34 244
14 35 875
36 14 829
14 37 160
14 38 898
39 14 401
40 14 856
14 41 263
14 42 380
43 14 56
14 44 200
45 14 65
14 46 310
47 14 917
48 14 830
14 49 560
14 50 320
15 16 608
15 17 859
15 18 768
15 19 208
15 20 409
21 15 670
22 15 94
23 15 601
15 24 139
25 15 664
26 15 368
15 27 407
15 28 40
29 15 565
30 15 14
15 31 385
15 33 243
15 34 151
35 15 947
15 36 111
37 15 339
38 15 807
15 39 86
15 40 878
15 41 971
15 42 605
15 43 190
15 44 335
15 45 804
15 46 495
15 47 22
15 48 423
15 49 207
50 15 318
16 17 242
16 18 218
19 16 265
16 20 320
16 21 683
22 16 587
16 23 332
24 16 301
25 16 782
16 26 3
27 16 625
28 16 624
16 29 964
16 30 613
16 32 931
16 33 212
16 34 245
16 35 974
36 16 463
37 16 303
38 16 261
16 39 694
40 16 961
16 41 232
16 42 568
43 16 572
44 16 144
45 16 380
16 46 181
16 47 511
48 16 929
16 49 821
16 50 217
17 18 146
19 17 821
17 20 393
21 17 108
17 22 884
17 23 4
24 17 15
25 17 635
17 26 691
17 28 71
17 29 686
17 30 182
31 17 253
17 32 321
17 33 824
17 34 275
35 17 286
17 36 247
37 17 181
38 17 602
17 39 40
17 40 262
17 41 703
42 17 5
43 17 56
44 17 504
17 45 750
46 17 242
17 47 644
17 48 483
17 49 379
50 17 674
19 18 183
18 20 735
21 18 956
18 22 611
23 18 755
18 24 13
25 18 775
26 18 641
18 27 795
18 28 275
18 29 885
18 30 250
18 31 781
18 32 699
18 33 193
18 34 880
35 18 644
18 36 89
37 18 301
38 18 298
39 18 275
18 40 216
41 18 678
18 42 582
18 43 704
44 18 719
18 45 76
18 46 467
18 48 166
18 49 948
50 18 599
19 20 532
19 21 762
22 19 216
19 24 622
25 19 793
26 19 487
19 27 45
19 28 645
19 29 924
30 19 687
19 31 683
32 19 208
19 33 22
34 19 385
35 19 877
19 36 794
19 37 171
19 38 7
39 19 111
19 40 421
41 19 817
42 19 428
43 19 975
19 44 960
19 45 787
19 46 249
47 19 502
19 48 258
19 49 86
19 50 434
20 21 403
22 20 753
23 20 207
24 20 908
25 20 739
20 26 276
27 20 235
28 20 767
29 20 127
20 30 810
31 20 723
32 20 733
20 33 218
20 34 99
20 35 983
20 36 617
37 20 463
20 38 661
39 20 480
20 40 41
20 41 248
20 42 124
20 43 19
20 44 394
45 20 967
46 20 761
47 20 965
48 20 265
49 20 834
50 20 838
21 22 599
21 23 904
24 21 175
21 25 81
26 21 484
27 21 576
28 21 789
21 29 916
30 21 941
31 21 655
32 21 863
33 21 948
21 34 259
21 35 362
21 36 279
37 21 611
38 21 4
21 39 289
40 21 781
41 21 537
21 42 841
21 43 346
44 21 163
45 21 139
21 46 273
47 21 363
21 48 207
21 49 667
50 21 226
23 22 908
22 24 578
22 25 732
26 22 735
22 27 463
22 28 740
29 22 131
22 30 815
31 22 913
32 22 793
33 22 784
22 34 196
22 35 553
22 36 160
37 22 219
38 22 598
22 39 592
40 22 348
41 22 107
22 42 46
22 43 301
44 22 920
22 45 68
22 46 964
22 47 415
22 48 735
22 49 173
22 50 696
24 23 683
25 23 647
26 23 943
23 27 731
23 28 770
23 29 208
30 23 215
31 23 150
23 32 741
33 23 651
23 34 155
23 35 492
36 23 73
23 37 118
23 38 507
39 23 674
40 23 19
41 23 442
42 23 916
23 43 846
23 44 305
45 23 618
46 23 657
47 23 386
48 23 187
23 49 557
50 23 353
24 25 613
24 26 977
27 24 23
28 24 895
24 29 23
24 30 368
24 31 226
24 32 339
24 33 25
24 35 642
24 36 485
24 37 251
38 24 946
39 24 141
40 24 343
24 41 251
24 42 516
43 24 142
44 24 876
24 45 373
46 24 909
24 47 718
24 48 879
49 24 920
50 24 969
26 25 738
27 25 672
28 25 389
25 29 979
25 30 256
31 25 69
25 32 793
33 25 839
25 34 286
25 35 475
25 36 558
25 37 846
38 25 279
25 39 768
40 25 948
25 41 463
25 42 244
43 25 26
25 44 752
25 45 513
46 25 28
25 47 864
25 48 870
25 49 106
50 25 119
26 27 165
26 28 315
26 29 303
26 30 437
26 31 496
26 32 861
26 33 421
26 34 444
26 35 87
36 26 801
26 37 553
38 26 885
39 26 1000
26 40 822
41 26 260
42 26 37
43 26 320
44 26 137
26 45 648
46 26 747
47 26 309
48 26 453
49 26 62
26 50 527
28 27 443
29 27 452
30 27 507
27 31 115
32 27 441
34 27 700
35 27 351
27 36 252
27 37 612
27 38 701
39 27 324
27 40 493
41 27 648
42 27 344
43 27 99
27 44 337
27 45 999
27 46 636
27 47 150
27 48 126
27 49 457
27 50 722
29 28 301
28 30 860
28 31 903
32 28 448
28 33 756
28 34 508
35 28 865
28 36 297
37 28 399
28 38 92
28 39 669
28 40 435
28 41 221
42 28 608
43 28 738
44 28 836
28 45 6
46 28 653
28 47 959
48 28 486
28 49 744
50 28 468
29 30 548
31 29 275
33 29 718
29 34 122
35 29 482
36 29 18
29 37 898
29 38 131
39 29 233
29 40 936
29 41 525
29 42 238
43 29 33
29 44 72
45 29 771
29 46 925
29 48 223
29 49 727
29 50 813
30 31 751
30 32 541
33 30 353
30 34 627
35 30 171
36 30 571
30 37 375
30 38 39
39 30 150
30 40 126
30 41 465
42 30 802
43 30 870
30 44 747
45 30 645
46 30 472
30 47 14
30 48 892
49 30 301
50 30 1
32 31 368
33 31 624
31 34 688
35 31 444
36 31 356
31 37 715
31 38 430
31 39 875
31 40 892
41 31 600
31 42 531
44 31 545
31 45 174
46 31 86
31 47 911
48 31 411
31 49 884
50 31 521
32 33 948
32 34 254
35 32 776
37 32 643
38 32 302
32 39 271
40 32 422
32 41 323
32 42 346
32 43 230
32 44 193
45 32 870
46 32 35
47 32 337
48 32 576
32 49 839
50 32 487
34 33 764
35 33 709
33 36 562
33 37 644
38 33 614
39 33 986
33 40 472
41 33 43
42 33 290
33 43 677
44 33 40
33 45 214
33 46 602
47 33 962
33 48 129
33 49 851
33 50 711
35 34 1
36 34 273
34 37 457
34 38 60
34 39 174
34 40 124
34 41 584
42 34 155
43 34 923
44 34 324
34 45 274
46 34 980
47 34 69
34 48 35
49 34 351
50 34 829
35 36 17
37 35 347
38 35 339
39 35 266
35 40 290
41 35 79
42 35 153
35 43 485
35 44 780
45 35 915
46 35 437
35 48 857
35 49 674
50 35 57
36 37 955
36 38 787
36 39 106
40 36 746
36 41 229
42 36 153
43 36 687
36 44 122
36 45 862
46 36 51
36 47 463
36 48 810
49 36 95
36 50 63
37 38 792
39 37 185
37 40 230
41 37 857
42 37 934
43 37 551
37 44 562
37 46 249
37 47 251
37 48 294
49 37 571
50 37 614
38 39 476
38 40 120
41 38 736
42 38 284
38 43 423
44 38 435
38 45 942
38 46 679
47 38 24
38 48 457
38 49 321
50 38 862
39 40 224
41 39 74
39 42 821
43 39 171
39 44 713
39 45 788
39 46 528
47 39 6
48 39 155
39 49 696
39 50 265
40 41 343
40 42 917
43 40 70
44 40 855
45 40 512
40 46 437
40 47 224
48 40 624
40 49 256
40 50 388
42 41 488
43 41 465
44 41 217
41 46 912
47 41 253
48 41 761
41 49 553
50 41 961
42 43 765
44 42 653
42 45 679
42 46 417
47 42 566
48 42 894
49 42 902
42 50 92
43 44 752
43 45 385
46 43 572
43 47 493
43 48 285
49 43 67
50 43 515
44 45 682
46 44 622
47 44 472
48 44 276
49 44 291
50 44 755
46 45 446
45 47 472
48 45 823
49 45 473
50 45 650
46 47 855
46 48 571
49 46 98
50 46 31
47 48 368
49 47 890
47 50 399
49 48 994
48 50 953
49 50 219

END
