INSTANCE_NAME b05.dat
NB_VERTICES 50
NB_ARCS 106
NB_REQUESTS 0
NB_BLOCKAGES 26
NB_A' 2344

VERTICES
1 0 0
2 0 0
3 0 0
4 0 0
5 0 0
6 0 0
7 0 0
8 0 0
9 0 0
10 0 0
11 0 0
12 0 0
13 0 0
14 0 0
15 0 0
16 0 0
17 0 0
18 0 0
19 0 0
20 0 0
21 0 0
22 0 0
23 0 0
24 0 0
25 0 0
26 0 0
27 0 0
28 0 0
29 0 0
30 0 0
31 0 0
32 0 0
33 0 0
34 0 0
35 0 0
36 0 0
37 0 0
38 0 0
39 0 0
40 0 0
41 0 0
42 0 0
43 0 0
44 0 0
45 0 0
46 0 0
47 0 0
48 0 0
49 0 0
50 0 0

ARCS
3 20 1
20 19 10
19 10 9
10 13 4
13 12 3
12 6 8
6 18 2
18 1 3
1 7 2
7 46 2
46 6 5
6 21 6
21 9 6
9 25 5
25 5 2
5 48 3
48 25 9
25 14 10
14 3 1
3 39 4
39 20 1
20 49 2
49 4 10
4 2 5
2 16 10
16 21 7
21 17 5
17 12 10
12 2 10
2 28 10
28 4 5
4 24 1
24 14 6
24 45 8
45 38 5
38 46 4
46 17 5
17 27 5
27 48 4
48 26 10
26 6 9
6 50 1
50 45 7
45 8 4
8 36 4
36 9 8
9 42 6
42 6 2
42 16 4
42 23 3
23 10 5
10 40 9
40 37 4
37 4 9
4 41 10
41 38 1
38 49 7
49 21 7
21 1 5
1 35 10
35 12 6
12 15 7
15 25 8
25 30 1
30 11 2
11 32 7
32 1 9
1 40 8
40 29 5
29 31 9
31 26 2
31 23 8
23 33 10
33 9 3
23 34 5
34 3 4
3 21 6
21 37 1
37 34 3
37 8 6
37 19 8
19 44 4
44 42 6
42 27 9
42 32 8
32 30 1
30 28 5
32 36 9
36 24 7
36 45 2
45 42 6
42 49 3
49 5 4
5 18 3
18 10 1
18 46 1
46 36 10
36 22 9
22 47 10
47 2 2
47 20 2
47 46 1
49 35 1
44 11 4
23 43 2
43 25 1

REQUESTS

BLOCKAGES
42 6
37 34
27 48
25 14
45 8
38 49
47 20
46 6
6 21
18 46
25 5
3 20
31 23
42 32
49 21
21 37
6 18
46 17
32 36
17 12
20 49
49 35
32 1
49 5
10 40
19 44

A'
1 2 21
1 3 226
1 4 194
5 1 665
1 6 816
7 1 295
1 8 87
1 9 99
1 10 921
1 11 281
1 12 974
13 1 54
14 1 603
1 15 584
16 1 773
1 17 894
1 18 951
1 19 507
1 20 260
1 21 701
22 1 368
23 1 390
1 24 582
1 25 998
1 26 295
1 27 21
28 1 272
1 29 195
1 30 724
1 31 840
1 32 551
1 33 993
1 34 205
35 1 645
1 36 23
1 37 890
1 38 44
39 1 548
40 1 118
41 1 479
42 1 822
1 43 385
1 44 277
45 1 319
1 46 60
47 1 848
48 1 244
1 49 112
1 50 691
2 3 263
5 2 504
6 2 849
2 7 2
2 8 603
2 9 656
10 2 719
11 2 103
2 12 784
13 2 835
14 2 445
15 2 334
16 2 588
2 17 518
18 2 568
19 2 649
20 2 430
2 21 439
2 22 989
2 23 807
24 2 689
2 25 310
26 2 321
2 27 275
28 2 149
29 2 590
30 2 453
2 31 351
2 32 153
2 33 426
2 34 492
2 35 704
36 2 929
2 37 254
38 2 285
2 39 859
40 2 874
2 41 84
2 42 636
2 43 649
2 44 818
2 45 80
2 46 865
2 47 309
48 2 297
2 49 737
2 50 159
3 4 765
5 3 286
3 6 355
3 7 430
8 3 895
9 3 437
3 10 200
3 11 39
3 12 207
3 13 437
3 14 125
3 15 67
16 3 670
17 3 870
3 18 854
3 19 550
20 3 818
21 3 636
3 22 108
23 3 440
3 24 71
3 25 683
3 26 947
27 3 469
28 3 576
29 3 790
3 30 910
3 31 188
3 32 570
33 3 689
3 34 788
3 35 41
36 3 776
3 37 832
3 38 796
39 3 237
3 40 147
3 41 487
3 42 992
43 3 598
3 44 916
3 45 971
46 3 595
47 3 108
48 3 567
49 3 588
50 3 386
4 5 663
4 6 360
7 4 45
8 4 766
9 4 373
4 10 904
11 4 709
4 12 518
13 4 815
14 4 398
15 4 961
4 16 647
17 4 508
4 18 865
19 4 272
4 20 779
4 21 763
4 22 780
23 4 292
24 4 792
4 25 513
26 4 875
27 4 942
4 28 231
4 29 528
4 30 893
4 31 324
32 4 556
33 4 456
4 34 630
35 4 22
4 36 13
4 37 545
4 38 943
4 39 41
4 40 852
41 4 780
4 42 477
4 43 821
4 44 829
4 45 687
46 4 835
4 47 964
48 4 193
4 50 822
5 6 535
7 5 862
8 5 125
9 5 613
5 10 397
5 11 163
12 5 829
5 13 778
5 14 412
15 5 83
16 5 875
17 5 946
18 5 470
5 19 781
20 5 553
5 21 738
5 22 534
23 5 758
5 24 955
5 25 321
5 26 771
5 27 4
28 5 75
29 5 853
30 5 321
31 5 949
5 32 441
5 33 784
34 5 285
5 35 151
5 36 869
5 37 277
5 38 190
5 39 411
5 40 107
41 5 199
42 5 566
43 5 827
44 5 687
45 5 831
5 46 317
47 5 907
48 5 25
5 49 20
50 5 957
6 7 498
8 6 761
6 9 578
6 10 159
6 11 445
6 13 644
14 6 340
6 15 320
6 16 236
6 17 866
18 6 667
6 19 853
6 20 20
21 6 795
22 6 850
6 23 530
6 24 76
6 25 955
6 27 646
28 6 79
6 29 168
30 6 759
31 6 890
6 32 953
6 33 307
34 6 610
6 35 104
36 6 674
37 6 531
6 38 551
6 39 235
6 40 273
6 41 883
6 43 528
44 6 782
45 6 341
6 46 705
47 6 242
6 48 9
49 6 156
50 6 442
7 8 715
7 9 483
10 7 708
7 11 613
12 7 126
13 7 177
7 14 423
15 7 719
7 16 997
7 17 601
18 7 851
19 7 394
7 20 155
7 21 276
7 22 365
23 7 119
24 7 894
25 7 142
26 7 492
7 27 505
7 28 646
29 7 985
7 30 857
31 7 74
7 32 202
7 33 894
7 34 330
35 7 496
7 36 745
37 7 146
38 7 840
7 39 540
40 7 569
41 7 38
7 42 138
7 43 29
7 44 927
45 7 555
46 7 67
7 47 340
7 48 653
7 49 672
50 7 224
9 8 818
8 10 289
11 8 781
8 12 579
8 13 565
14 8 352
8 15 206
16 8 847
17 8 624
18 8 951
19 8 908
8 20 510
21 8 637
22 8 184
8 23 497
8 24 826
8 25 79
26 8 629
27 8 298
28 8 178
8 29 353
30 8 167
8 31 722
8 32 848
33 8 138
34 8 227
35 8 816
36 8 644
8 37 251
38 8 112
39 8 586
40 8 412
41 8 107
8 42 875
43 8 598
44 8 618
8 45 637
46 8 212
8 47 150
48 8 55
49 8 857
50 8 684
9 10 369
11 9 828
12 9 505
13 9 717
14 9 931
15 9 459
9 16 872
17 9 794
9 18 441
19 9 771
9 20 899
9 21 787
9 22 41
23 9 687
24 9 474
25 9 625
9 26 400
9 27 813
9 28 94
29 9 698
9 30 361
9 31 413
32 9 545
9 33 54
34 9 969
9 35 414
9 37 553
38 9 550
39 9 305
9 40 218
9 41 422
42 9 425
43 9 224
9 44 318
9 45 730
9 46 817
47 9 106
48 9 781
9 49 806
9 50 632
11 10 883
10 12 490
13 10 468
14 10 828
10 15 837
16 10 501
10 17 808
20 10 957
10 21 487
10 22 845
10 24 951
25 10 55
10 26 564
10 27 245
10 28 54
10 29 34
30 10 266
10 31 668
32 10 260
10 33 890
10 34 872
10 35 704
10 36 474
37 10 92
38 10 52
10 39 433
40 10 152
41 10 615
42 10 10
43 10 611
44 10 656
10 45 255
46 10 419
10 47 662
48 10 338
49 10 900
50 10 68
12 11 166
11 13 809
11 14 52
11 15 3
11 16 213
17 11 322
18 11 573
19 11 389
20 11 450
21 11 530
11 22 317
23 11 978
11 24 979
25 11 880
11 26 579
11 27 832
11 28 841
11 29 1
11 30 204
11 31 728
32 11 862
33 11 595
11 34 436
35 11 321
36 11 731
11 37 940
11 38 502
39 11 377
11 40 935
41 11 61
42 11 908
11 43 609
11 44 236
45 11 343
46 11 316
11 47 206
48 11 175
11 49 315
11 50 487
12 14 217
15 12 785
12 16 42
12 17 345
18 12 340
19 12 934
20 12 212
21 12 165
22 12 412
23 12 5
12 24 793
25 12 408
26 12 601
27 12 339
12 28 397
29 12 759
12 30 865
31 12 581
12 32 948
33 12 130
12 34 229
12 36 440
12 37 712
12 38 3
12 39 755
40 12 332
41 12 964
42 12 485
12 43 695
12 44 623
12 45 156
12 46 236
12 47 520
48 12 998
49 12 622
50 12 25
14 13 832
15 13 276
16 13 566
13 17 82
13 18 186
13 19 556
20 13 770
13 21 375
13 22 437
23 13 835
13 24 936
13 25 642
26 13 562
27 13 251
13 28 627
13 29 220
13 30 444
31 13 704
32 13 476
33 13 33
13 34 550
13 35 162
36 13 980
13 37 783
13 38 884
39 13 360
40 13 39
41 13 626
13 42 991
13 43 487
44 13 207
13 45 778
13 46 552
47 13 11
13 48 265
49 13 393
50 13 982
14 15 485
16 14 442
17 14 729
18 14 588
14 19 848
14 20 440
21 14 929
14 22 404
14 23 750
26 14 612
27 14 359
14 28 756
29 14 16
14 30 141
14 31 53
14 32 662
14 33 244
14 34 875
35 14 829
14 36 160
14 37 898
38 14 401
39 14 856
14 40 263
14 41 380
42 14 56
14 43 200
44 14 65
14 45 310
46 14 917
47 14 830
14 48 560
14 49 320
14 50 608
15 16 859
15 17 768
15 18 208
15 19 409
20 15 670
21 15 94
22 15 601
15 23 139
24 15 664
25 15 368
15 26 407
15 27 40
28 15 565
29 15 14
15 30 385
31 15 32
32 15 740
33 15 351
34 15 318
35 15 361
36 15 485
37 15 740
15 38 308
15 39 886
40 15 432
41 15 296
15 42 240
43 15 130
15 44 286
45 15 40
15 46 468
47 15 616
48 15 573
15 49 506
15 50 428
16 17 581
18 16 24
16 19 350
20 16 549
21 16 654
16 22 191
23 16 521
16 24 988
25 16 585
26 16 497
16 27 646
16 28 46
29 16 171
16 30 931
16 31 212
16 32 245
16 33 974
34 16 463
35 16 303
36 16 261
16 37 694
38 16 961
16 39 232
16 40 568
41 16 572
16 43 569
16 44 542
45 16 902
46 16 111
47 16 74
48 16 526
49 16 146
16 50 679
18 17 448
19 17 81
17 20 438
17 21 68
17 22 467
23 17 923
24 17 938
25 17 779
17 26 71
27 17 686
17 28 182
29 17 253
17 30 321
17 31 824
17 32 275
33 17 286
17 34 247
35 17 181
36 17 602
17 37 40
17 38 262
17 39 703
40 17 5
41 17 56
42 17 504
17 43 750
44 17 242
17 45 644
17 46 483
17 47 379
48 17 674
49 17 183
17 50 735
19 18 956
18 20 611
21 18 755
18 22 13
23 18 775
24 18 641
18 25 795
18 26 275
18 27 885
18 28 250
18 29 781
18 30 699
18 31 193
18 32 880
33 18 644
18 34 89
35 18 301
36 18 298
37 18 275
18 38 216
39 18 678
18 40 582
18 41 704
42 18 719
18 43 76
18 44 467
45 18 404
46 18 720
18 47 889
48 18 674
18 49 564
18 50 835
19 20 813
19 21 622
22 19 793
23 19 487
19 24 45
19 25 645
19 26 924
27 19 687
19 28 683
29 19 208
19 30 22
31 19 385
32 19 877
19 33 794
19 34 171
19 35 7
36 19 111
19 37 421
38 19 817
39 19 428
40 19 975
19 41 960
19 42 787
19 43 249
44 19 502
19 45 258
19 46 86
19 47 434
19 48 403
49 19 753
50 19 207
21 20 908
22 20 739
20 23 276
24 20 235
25 20 767
26 20 127
20 27 810
28 20 723
29 20 733
20 30 218
20 31 99
20 32 983
20 33 617
34 20 463
20 35 661
36 20 480
20 37 41
20 38 248
20 39 124
20 40 19
20 41 394
42 20 967
43 20 761
44 20 965
45 20 265
46 20 834
20 48 168
49 20 454
20 50 61
22 21 564
23 21 7
21 24 121
21 25 83
26 21 700
21 27 159
28 21 309
29 21 908
30 21 415
21 31 828
32 21 564
21 33 92
34 21 199
35 21 877
21 36 866
37 21 531
38 21 369
39 21 264
40 21 464
21 41 629
42 21 613
43 21 456
44 21 793
45 21 488
46 21 662
47 21 465
21 48 28
21 49 856
21 50 870
22 23 581
24 22 372
25 22 868
22 26 351
27 22 932
28 22 829
29 22 329
30 22 51
22 31 66
22 32 498
33 22 402
22 34 571
35 22 737
22 36 478
22 37 175
22 38 675
39 22 434
22 40 570
41 22 137
22 42 784
22 43 734
22 44 332
45 22 756
46 22 198
47 22 930
22 48 77
49 22 855
50 22 253
24 23 596
25 23 534
23 26 430
23 27 229
28 23 253
23 29 516
30 23 69
23 32 155
33 23 492
34 23 73
23 35 118
23 36 507
37 23 674
38 23 19
39 23 442
40 23 916
23 41 846
23 42 305
43 23 618
44 23 657
45 23 386
46 23 187
23 47 557
48 23 353
23 49 613
23 50 977
25 24 23
26 24 895
24 27 23
24 28 368
24 29 226
24 30 339
24 31 25
32 24 828
24 33 514
34 24 408
35 24 233
24 36 639
37 24 639
38 24 540
39 24 120
24 40 981
24 41 350
24 42 190
43 24 141
44 24 188
45 24 544
46 24 141
24 47 873
48 24 913
24 49 805
24 50 989
26 25 618
27 25 530
25 28 673
29 25 506
30 25 937
31 25 934
25 32 66
33 25 658
25 34 384
25 35 627
36 25 76
25 37 551
25 38 88
39 25 686
25 40 135
25 41 632
25 42 356
44 25 28
25 45 864
25 46 870
25 47 106
49 25 580
50 25 676
27 26 362
28 26 946
29 26 422
26 30 384
26 32 421
26 33 444
26 34 87
35 26 801
26 36 553
37 26 885
38 26 1000
26 39 822
40 26 260
41 26 37
26 42 320
43 26 137
26 44 648
45 26 747
46 26 309
47 26 453
26 49 896
50 26 501
28 27 327
27 29 347
30 27 336
31 27 507
32 27 289
33 27 700
34 27 351
27 35 252
27 36 612
27 37 701
38 27 324
27 39 493
40 27 648
41 27 344
43 27 196
44 27 778
45 27 684
27 46 686
27 47 142
48 27 790
49 27 826
27 50 807
29 28 326
28 30 264
31 28 561
28 32 226
28 33 292
28 34 755
35 28 204
36 28 315
37 28 986
28 38 750
39 28 728
40 28 818
41 28 561
28 42 29
28 43 681
28 44 390
28 45 47
46 28 908
47 28 453
28 48 714
28 49 345
28 50 960
29 30 117
31 29 947
29 32 718
29 33 122
34 29 482
35 29 18
29 36 898
29 37 131
38 29 233
29 39 936
29 40 525
29 41 238
42 29 33
29 43 72
44 29 771
29 45 925
46 29 10
47 29 692
48 29 270
49 29 524
50 29 104
31 30 145
30 33 627
34 30 171
35 30 571
30 36 375
30 37 39
38 30 150
30 39 126
30 40 465
41 30 802
42 30 870
30 43 747
44 30 645
45 30 472
30 46 14
30 47 892
48 30 301
30 49 1
50 30 368
32 31 624
31 33 688
34 31 444
35 31 356
31 36 715
31 37 430
31 38 875
31 39 892
40 31 600
31 41 531
42 31 283
43 31 434
31 44 911
31 45 44
46 31 909
47 31 834
31 48 153
49 31 546
31 50 710
32 33 869
32 34 425
35 32 643
36 32 302
32 37 271
38 32 422
32 39 323
32 40 346
32 41 230
32 42 193
43 32 870
44 32 35
45 32 337
46 32 576
32 47 839
48 32 487
49 32 764
32 50 709
33 34 562
33 35 644
36 33 614
37 33 986
33 38 472
39 33 43
40 33 290
33 41 677
42 33 40
33 43 214
33 44 602
45 33 962
33 46 129
33 47 851
33 48 711
49 33 1
50 33 273
34 35 457
34 36 60
34 37 174
34 38 124
34 39 584
40 34 155
41 34 923
42 34 324
34 43 274
44 34 980
45 34 69
34 46 35
47 34 351
48 34 829
34 49 17
50 34 347
36 35 339
37 35 266
35 38 290
39 35 79
40 35 153
35 41 485
35 42 780
35 43 915
44 35 437
45 35 288
46 35 354
35 47 127
48 35 418
35 50 787
36 37 106
38 36 746
36 39 229
40 36 153
41 36 687
36 42 122
36 43 862
44 36 51
45 36 463
36 46 810
47 36 95
36 48 63
36 49 792
50 36 185
37 38 230
39 37 857
37 41 954
42 37 162
37 43 55
37 44 249
37 45 251
37 46 294
47 37 571
48 37 614
37 49 476
37 50 120
39 38 736
40 38 284
38 41 423
42 38 435
38 43 942
38 44 679
46 38 192
47 38 78
48 38 705
49 38 924
38 50 155
39 40 146
41 39 39
42 39 296
43 39 290
39 44 800
39 45 423
39 46 951
47 39 792
39 48 96
49 39 374
50 39 640
41 40 799
40 42 237
43 40 931
40 44 78
45 40 586
40 46 609
40 47 746
40 48 688
40 49 43
40 50 915
42 41 493
43 41 971
41 44 912
45 41 253
46 41 761
41 47 553
48 41 961
41 49 765
50 41 653
42 43 679
42 44 417
42 46 515
42 47 253
42 48 936
49 42 816
42 50 584
44 43 75
43 45 648
46 43 824
47 43 605
48 43 189
49 43 380
43 50 279
44 45 687
44 46 653
44 47 241
48 44 841
49 44 185
44 50 656
45 46 537
47 45 576
48 45 207
45 49 396
46 47 571
48 46 98
49 46 31
46 50 368
48 47 890
47 49 399
50 47 994
48 49 953
48 50 219
50 49 820

END
