INSTANCE_NAME b06.dat
NB_VERTICES 50
NB_ARCS 102
NB_REQUESTS 0
NB_BLOCKAGES 25
NB_A' 2348

VERTICES
1 0 0
2 0 0
3 0 0
4 0 0
5 0 0
6 0 0
7 0 0
8 0 0
9 0 0
10 0 0
11 0 0
12 0 0
13 0 0
14 0 0
15 0 0
16 0 0
17 0 0
18 0 0
19 0 0
20 0 0
21 0 0
22 0 0
23 0 0
24 0 0
25 0 0
26 0 0
27 0 0
28 0 0
29 0 0
30 0 0
31 0 0
32 0 0
33 0 0
34 0 0
35 0 0
36 0 0
37 0 0
38 0 0
39 0 0
40 0 0
41 0 0
42 0 0
43 0 0
44 0 0
45 0 0
46 0 0
47 0 0
48 0 0
49 0 0
50 0 0

ARCS
1 11 8
11 18 7
18 41 5
41 22 6
22 2 6
2 4 8
4 7 9
7 13 3
13 6 1
6 23 6
23 35 6
35 15 7
15 17 10
17 9 5
9 4 7
4 28 9
28 1 8
1 32 8
32 8 8
8 4 7
4 36 4
36 2 10
2 10 10
10 42 8
42 24 3
24 3 4
3 30 5
30 47 4
47 22 9
22 12 7
12 3 6
3 48 6
48 14 7
14 27 4
27 22 10
22 29 1
29 1 6
1 44 9
44 32 1
32 38 2
38 10 10
10 33 9
33 29 5
29 11 10
29 37 10
37 13 6
13 8 4
8 7 3
7 19 9
19 24 1
24 36 6
36 16 2
16 14 1
14 41 2
41 26 8
26 33 2
33 6 3
6 28 6
28 45 7
45 8 9
8 44 6
44 35 3
35 40 1
40 12 2
12 49 1
49 9 9
9 6 2
6 27 5
27 21 2
21 38 1
38 37 1
37 45 10
45 18 5
27 49 5
49 16 6
16 48 5
48 39 5
39 12 3
49 43 1
43 30 2
40 13 7
44 19 7
44 25 4
25 3 4
25 4 10
4 50 1
50 29 4
50 46 6
46 42 8
42 2 9
2 31 3
31 20 3
20 5 4
5 34 10
34 33 10
33 15 5
33 20 8
33 41 7
41 10 7
41 44 9
33 42 6
42 31 1

REQUESTS

BLOCKAGES
28 45
13 8
8 44
7 13
25 4
29 11
16 48
1 44
6 27
36 16
10 42
33 15
38 10
4 28
33 20
27 22
3 30
44 19
45 18
22 2
44 35
22 29
32 8
42 24
41 10

A'
1 2 896
3 1 362
4 1 601
5 1 893
1 6 13
1 7 838
1 8 21
1 9 226
1 10 194
11 1 665
1 12 816
13 1 295
1 14 87
1 15 99
1 16 921
1 17 281
1 18 974
19 1 54
20 1 603
1 21 584
22 1 773
1 23 894
1 24 951
1 25 507
1 26 260
1 27 701
1 29 347
1 30 806
1 31 488
32 1 854
33 1 278
34 1 621
1 35 426
36 1 874
1 37 778
1 38 496
39 1 734
40 1 502
41 1 500
42 1 816
43 1 698
44 1 390
1 45 279
1 46 626
1 47 545
48 1 765
1 49 852
50 1 94
3 2 931
4 2 1000
2 5 159
2 6 611
2 7 192
2 8 448
9 2 108
10 2 65
11 2 504
12 2 849
2 13 2
2 14 603
2 15 656
16 2 719
17 2 103
2 18 784
19 2 835
20 2 445
21 2 334
2 23 526
2 24 35
2 25 625
26 2 633
2 27 504
28 2 630
29 2 792
30 2 591
31 2 462
2 32 759
33 2 764
34 2 104
35 2 109
2 36 945
37 2 276
38 2 40
39 2 868
2 40 720
2 41 74
2 42 273
43 2 494
2 44 917
45 2 412
46 2 325
2 47 520
2 48 194
2 49 358
50 2 136
3 4 590
3 5 270
6 3 430
7 3 17
8 3 86
9 3 140
10 3 792
11 3 439
3 12 18
13 3 570
3 14 565
15 3 655
16 3 330
3 17 72
18 3 848
19 3 856
20 3 286
21 3 654
22 3 785
3 23 363
3 24 758
3 25 380
3 26 618
3 27 187
3 28 524
3 29 417
30 3 354
31 3 876
32 3 270
33 3 721
34 3 153
3 35 257
3 36 52
3 37 856
3 38 932
3 39 57
40 3 424
3 41 590
42 3 957
3 43 28
3 44 884
3 45 272
46 3 866
47 3 920
48 3 446
3 49 307
3 50 920
4 5 740
6 4 177
7 4 159
4 8 165
10 4 588
11 4 386
4 12 663
4 13 360
14 4 45
15 4 766
16 4 373
4 17 904
18 4 709
4 19 518
20 4 815
21 4 398
22 4 961
4 23 647
24 4 508
4 25 865
26 4 272
4 27 779
28 4 763
4 29 780
30 4 292
31 4 792
4 32 513
33 4 875
34 4 942
4 35 231
36 4 528
4 37 893
4 38 324
39 4 556
40 4 456
4 41 630
42 4 22
4 43 13
4 44 545
4 45 943
4 46 41
4 47 852
48 4 780
4 49 477
50 4 821
5 6 829
5 7 687
8 5 835
5 9 964
10 5 193
11 5 514
5 12 498
13 5 581
5 14 671
15 5 5
16 5 312
17 5 698
18 5 301
19 5 240
5 20 902
5 21 837
22 5 759
23 5 155
5 24 237
5 25 40
26 5 241
27 5 954
5 28 88
5 29 599
5 30 658
31 5 722
32 5 704
33 5 484
34 5 951
35 5 133
36 5 839
37 5 935
38 5 548
39 5 894
5 40 911
41 5 916
42 5 838
43 5 240
44 5 402
5 45 34
46 5 144
47 5 83
48 5 877
5 49 555
50 5 993
7 6 31
8 6 360
10 6 907
6 11 25
6 12 20
14 6 170
6 15 825
16 6 774
6 17 950
18 6 340
19 6 265
6 20 644
21 6 340
6 22 320
23 6 236
6 24 866
25 6 667
6 26 853
27 6 20
28 6 795
29 6 850
6 30 530
6 31 76
6 32 955
6 34 646
35 6 79
6 36 168
37 6 759
38 6 890
6 39 953
6 40 307
41 6 610
6 42 104
43 6 674
44 6 531
6 45 551
6 46 235
6 47 273
6 48 883
49 6 352
6 50 173
7 8 947
9 7 1000
10 7 57
7 11 498
12 7 833
13 7 260
7 14 810
15 7 178
16 7 63
7 17 540
18 7 553
19 7 541
20 7 16
21 7 825
22 7 302
23 7 500
24 7 337
25 7 305
7 26 92
27 7 754
7 28 310
29 7 717
30 7 79
7 31 953
7 32 953
7 33 106
34 7 618
7 35 681
36 7 420
37 7 703
7 38 206
7 39 674
7 40 52
7 41 639
7 42 484
43 7 771
7 44 109
7 45 264
7 46 85
47 7 33
7 48 60
7 49 894
50 7 784
9 8 13
10 8 783
11 8 628
8 12 268
8 14 672
15 8 224
16 8 818
8 17 289
18 8 781
8 19 579
8 20 565
21 8 352
8 22 206
23 8 847
24 8 624
25 8 951
26 8 908
8 27 510
28 8 637
29 8 184
8 30 497
8 31 826
8 32 79
33 8 629
34 8 298
35 8 178
8 36 353
37 8 167
8 38 722
8 39 848
40 8 138
41 8 227
42 8 816
43 8 644
44 8 251
8 46 747
8 47 289
8 48 17
49 8 40
50 8 405
9 10 405
9 11 950
12 9 785
9 13 358
9 14 59
15 9 287
16 9 281
9 17 24
18 9 327
9 19 619
20 9 291
21 9 443
22 9 481
23 9 38
9 24 685
9 25 470
26 9 763
27 9 78
28 9 982
29 9 48
30 9 841
31 9 249
9 32 722
33 9 842
9 34 452
35 9 904
9 36 881
9 37 24
38 9 508
39 9 585
40 9 206
9 41 985
42 9 824
9 43 219
9 44 553
45 9 550
46 9 305
9 47 218
9 48 422
9 49 425
50 9 224
10 11 318
10 12 730
10 13 817
14 10 106
15 10 781
10 16 806
10 17 632
18 10 883
10 19 490
20 10 468
21 10 828
10 22 837
23 10 501
10 24 808
25 10 835
26 10 957
10 27 487
10 28 845
29 10 922
30 10 407
31 10 262
10 32 172
33 10 544
10 34 446
10 35 489
10 36 72
10 37 389
10 38 64
10 39 870
10 40 166
10 41 254
42 10 855
10 43 159
10 44 746
45 10 2
10 46 839
47 10 715
10 48 211
49 10 415
10 50 996
12 11 921
13 11 274
11 14 679
11 15 551
11 16 561
11 17 603
18 11 542
19 11 258
11 20 860
21 11 484
22 11 507
11 23 179
24 11 683
25 11 535
11 26 45
11 27 704
28 11 301
11 29 978
30 11 667
11 31 878
32 11 300
11 33 744
34 11 992
35 11 244
11 36 356
11 37 416
11 38 401
39 11 786
11 40 335
41 11 885
42 11 202
11 43 48
11 44 269
45 11 832
46 11 609
47 11 865
11 48 892
49 11 100
11 50 961
13 12 439
12 14 422
12 15 529
16 12 152
17 12 610
18 12 987
12 19 217
12 20 785
12 21 42
12 22 345
23 12 340
24 12 934
25 12 212
26 12 165
27 12 412
28 12 5
12 29 793
30 12 408
31 12 601
32 12 339
12 33 397
34 12 759
12 35 865
36 12 581
12 37 948
38 12 130
12 39 229
12 41 440
12 42 712
12 43 3
12 44 755
45 12 332
46 12 964
47 12 485
12 48 695
49 12 623
12 50 156
13 14 236
13 15 520
16 13 998
17 13 622
18 13 25
19 13 832
20 13 276
21 13 566
13 22 82
13 23 186
13 24 556
25 13 770
13 26 375
13 27 437
28 13 835
13 29 936
13 30 642
31 13 562
32 13 251
13 33 627
13 34 220
13 35 444
36 13 704
13 38 785
39 13 662
13 40 588
13 41 319
13 42 888
43 13 416
13 44 969
13 45 171
46 13 1
13 47 952
48 13 228
49 13 969
50 13 706
14 15 650
14 16 481
17 14 380
18 14 395
19 14 815
14 20 554
21 14 961
14 22 619
23 14 677
14 24 88
14 25 978
14 26 825
27 14 782
14 28 416
14 29 611
30 14 879
14 31 377
32 14 622
14 33 975
14 34 148
35 14 350
36 14 626
14 37 846
14 38 390
39 14 831
40 14 74
41 14 268
14 42 89
43 14 653
14 44 502
45 14 680
14 46 227
14 47 738
14 48 163
49 14 568
14 50 205
16 15 715
17 15 578
15 18 426
15 19 434
15 20 148
21 15 768
15 22 756
15 23 168
24 15 415
15 25 23
15 26 49
27 15 502
28 15 801
15 29 203
15 30 974
31 15 636
15 32 589
34 15 14
15 35 385
36 15 32
37 15 740
38 15 351
39 15 318
40 15 361
41 15 485
42 15 740
15 43 308
15 44 886
45 15 432
46 15 296
15 47 240
48 15 130
15 49 286
50 15 40
16 17 468
18 16 616
19 16 573
16 20 506
16 21 428
16 22 581
23 16 24
16 24 350
25 16 549
26 16 654
16 27 191
28 16 521
16 29 988
30 16 585
31 16 497
16 32 646
16 33 46
34 16 171
16 35 931
16 36 212
16 37 245
16 38 974
39 16 463
40 16 303
41 16 261
16 42 694
43 16 961
16 44 232
16 45 568
46 16 572
47 16 144
48 16 380
16 49 181
16 50 511
18 17 929
17 19 821
17 20 217
17 21 146
22 17 821
17 23 393
24 17 108
17 25 884
17 26 4
27 17 15
28 17 635
17 29 691
30 17 506
31 17 672
17 32 324
17 33 149
34 17 608
35 17 130
17 36 466
37 17 855
17 38 722
39 17 719
40 17 685
17 41 248
17 42 68
17 43 314
44 17 551
45 17 833
17 46 427
17 47 94
17 48 37
17 49 354
17 50 914
19 18 820
20 18 109
18 21 17
22 18 920
23 18 363
18 24 336
25 18 347
26 18 224
27 18 809
28 18 17
29 18 182
30 18 496
31 18 896
32 18 868
18 33 880
34 18 84
35 18 512
36 18 372
18 37 375
18 38 614
39 18 951
40 18 699
41 18 407
42 18 310
18 43 49
18 44 856
18 45 472
18 46 857
47 18 588
18 48 968
49 18 857
18 50 166
19 20 948
21 19 599
19 22 532
19 23 762
24 19 216
25 19 484
19 26 87
27 19 837
28 19 822
29 19 68
30 19 748
19 31 363
32 19 1000
33 19 505
19 34 438
19 35 927
36 19 911
37 19 410
19 38 440
39 19 628
40 19 983
41 19 628
42 19 255
43 19 907
19 44 861
45 19 72
19 46 250
47 19 998
48 19 469
19 49 808
19 50 524
20 21 994
20 22 962
23 20 579
24 20 573
25 20 759
20 26 669
27 20 328
20 28 555
29 20 703
30 20 561
20 32 810
34 20 411
35 20 224
20 36 990
37 20 304
38 20 884
39 20 737
40 20 370
41 20 21
20 42 568
43 20 218
20 44 316
20 45 834
46 20 890
20 47 497
48 20 203
49 20 689
50 20 493
22 21 183
21 23 715
21 24 168
25 21 454
21 26 61
21 28 81
29 21 484
30 21 576
31 21 789
21 32 916
33 21 941
34 21 655
21 35 863
36 21 948
21 37 259
38 21 362
21 39 279
40 21 611
41 21 4
21 42 289
43 21 781
44 21 537
21 45 841
21 46 346
47 21 163
48 21 139
21 49 273
50 21 363
22 23 207
22 24 667
25 22 226
22 26 908
22 27 578
22 28 732
29 22 735
22 30 463
22 31 740
32 22 131
22 33 815
34 22 913
35 22 793
36 22 784
22 37 196
22 38 553
22 39 160
40 22 219
22 42 478
22 43 175
22 44 675
45 22 434
22 46 570
48 22 920
22 49 68
22 50 964
23 24 415
23 25 735
23 26 173
23 27 696
28 23 683
29 23 647
30 23 943
23 31 731
23 32 770
23 33 208
34 23 215
35 23 150
23 36 741
37 23 651
23 38 155
23 39 492
40 23 73
23 41 118
23 42 507
43 23 674
44 23 19
45 23 442
46 23 916
23 47 846
23 48 305
49 23 618
50 23 657
25 24 386
26 24 187
24 27 557
28 24 353
24 29 613
24 30 977
31 24 23
32 24 895
24 33 23
24 34 368
24 35 226
36 24 339
24 37 25
38 24 828
24 39 514
40 24 408
41 24 233
24 42 639
43 24 639
44 24 540
45 24 120
24 46 981
24 47 350
24 48 190
49 24 141
50 24 188
25 26 544
27 25 141
25 28 873
29 25 913
25 30 805
25 31 989
32 25 618
33 25 530
25 34 673
35 25 506
36 25 937
37 25 934
25 38 66
39 25 658
25 40 384
25 41 627
42 25 76
25 43 551
25 44 88
45 25 686
25 46 135
25 47 632
25 48 356
49 25 359
25 50 582
26 27 820
26 28 54
26 29 155
30 26 580
31 26 676
32 26 362
33 26 946
34 26 422
26 35 384
36 26 958
37 26 456
26 38 446
39 26 195
40 26 952
42 26 885
43 26 1000
26 44 822
45 26 260
46 26 37
26 47 320
48 26 137
26 49 648
50 26 747
28 27 309
29 27 453
30 27 62
27 31 527
32 27 443
33 27 452
34 27 507
27 35 115
36 27 441
37 27 963
27 38 933
39 27 476
27 40 702
27 41 578
42 27 185
27 43 844
44 27 931
27 45 573
27 46 543
47 27 196
48 27 778
49 27 684
27 50 686
28 29 142
28 30 790
31 28 826
28 32 807
33 28 326
28 34 264
35 28 561
28 36 226
28 37 292
28 38 755
39 28 204
40 28 315
41 28 986
28 42 750
43 28 728
44 28 818
45 28 561
28 46 29
28 47 681
28 48 390
28 49 47
50 28 908
30 29 453
29 31 714
29 32 345
29 33 960
29 34 117
35 29 947
29 36 718
37 29 122
38 29 482
39 29 18
29 40 898
29 41 131
42 29 233
29 43 936
29 44 525
29 45 238
46 29 33
29 47 72
48 29 771
29 49 925
30 31 223
30 32 727
30 33 813
30 34 751
30 35 541
36 30 353
30 37 627
38 30 171
39 30 571
30 40 375
30 41 39
42 30 150
30 43 126
30 44 465
45 30 802
46 30 870
47 30 747
48 30 645
49 30 472
30 50 14
31 32 892
33 31 301
31 34 1
35 31 368
36 31 624
31 37 688
38 31 444
39 31 356
31 40 715
31 41 430
31 42 875
31 43 892
44 31 600
31 45 531
46 31 283
47 31 434
31 48 911
31 49 44
50 31 909
33 32 834
32 34 153
35 32 546
32 36 710
32 37 869
38 32 425
39 32 643
40 32 302
32 41 271
42 32 422
32 43 323
32 44 346
32 45 230
32 46 193
47 32 870
48 32 35
49 32 337
50 32 576
33 34 839
35 33 487
36 33 764
33 37 709
33 38 562
33 39 644
40 33 614
41 33 986
42 33 472
43 33 43
44 33 290
33 45 677
46 33 40
33 47 214
33 48 602
49 33 962
33 50 129
34 35 851
34 36 711
37 34 1
38 34 273
34 39 457
34 40 60
34 41 174
34 42 124
34 43 584
44 34 155
45 34 923
46 34 324
34 47 274
48 34 980
49 34 69
34 50 35
36 35 351
37 35 829
35 38 17
39 35 347
40 35 339
41 35 266
35 42 290
43 35 79
45 35 234
46 35 76
35 47 160
48 35 53
49 35 895
35 50 857
36 37 674
38 36 57
36 39 955
36 40 787
36 41 106
42 36 746
36 43 229
44 36 153
45 36 687
36 46 122
36 47 862
48 36 51
36 49 463
36 50 810
39 37 666
40 37 768
37 41 119
42 37 98
37 43 971
44 37 687
45 37 954
46 37 162
37 47 55
37 48 249
37 49 251
37 50 294
39 38 571
40 38 614
38 41 476
38 42 120
43 38 736
44 38 284
38 45 423
46 38 435
38 47 942
38 48 679
49 38 24
38 50 457
39 40 321
41 39 862
39 42 224
43 39 74
39 44 821
45 39 171
39 46 713
39 47 788
39 48 528
49 39 6
50 39 155
40 41 696
40 42 265
40 43 343
40 44 917
45 40 70
46 40 855
47 40 512
40 48 437
40 49 224
50 40 624
41 42 256
41 43 388
44 41 488
45 41 465
46 41 217
47 41 636
41 48 419
49 41 637
50 41 892
43 42 911
44 42 142
45 42 243
42 47 679
42 48 417
49 42 566
50 42 894
44 43 902
43 45 92
43 46 752
43 47 385
48 43 572
43 49 493
43 50 285
45 44 67
46 44 515
44 47 682
48 44 622
49 44 472
50 44 276
46 45 291
47 45 755
48 45 446
45 49 472
50 45 823
46 47 473
48 46 650
46 49 855
46 50 571
48 47 98
49 47 31
47 50 368
49 48 890
48 50 399
50 49 994

END
