INSTANCE_NAME b07.dat
NB_VERTICES 75
NB_ARCS 120
NB_REQUESTS 0
NB_BLOCKAGES 30
NB_A' 5430

VERTICES
1 0 0
2 0 0
3 0 0
4 0 0
5 0 0
6 0 0
7 0 0
8 0 0
9 0 0
10 0 0
11 0 0
12 0 0
13 0 0
14 0 0
15 0 0
16 0 0
17 0 0
18 0 0
19 0 0
20 0 0
21 0 0
22 0 0
23 0 0
24 0 0
25 0 0
26 0 0
27 0 0
28 0 0
29 0 0
30 0 0
31 0 0
32 0 0
33 0 0
34 0 0
35 0 0
36 0 0
37 0 0
38 0 0
39 0 0
40 0 0
41 0 0
42 0 0
43 0 0
44 0 0
45 0 0
46 0 0
47 0 0
48 0 0
49 0 0
50 0 0
51 0 0
52 0 0
53 0 0
54 0 0
55 0 0
56 0 0
57 0 0
58 0 0
59 0 0
60 0 0
61 0 0
62 0 0
63 0 0
64 0 0
65 0 0
66 0 0
67 0 0
68 0 0
69 0 0
70 0 0
71 0 0
72 0 0
73 0 0
74 0 0
75 0 0

ARCS
14 48 2
48 28 7
28 6 6
6 56 9
56 42 10
42 12 2
12 13 1
13 70 8
70 9 4
9 23 5
23 41 7
41 30 8
30 29 1
29 21 4
21 41 7
41 1 9
1 45 6
45 18 2
18 74 7
74 32 9
32 34 3
34 22 5
22 48 7
32 61 9
61 60 1
60 38 10
38 7 6
7 17 6
17 65 5
65 38 2
38 54 8
54 43 5
43 4 8
4 59 3
59 11 9
11 38 7
38 47 5
47 27 5
27 3 10
3 40 10
40 27 3
27 36 10
36 44 4
44 10 1
10 47 2
47 41 10
41 63 5
63 28 9
28 44 9
44 26 3
26 72 6
72 9 1
26 35 9
35 60 8
60 18 5
18 24 8
24 63 10
63 57 10
57 44 2
44 43 8
43 51 9
51 8 4
8 25 10
25 19 7
19 7 9
7 69 1
69 20 7
20 15 1
15 2 3
2 39 6
39 8 1
8 66 3
66 54 6
54 31 5
31 60 5
60 67 10
67 20 3
20 56 6
56 75 2
75 38 9
38 14 4
38 58 4
58 57 9
58 5 10
5 68 8
68 44 2
44 46 2
46 49 10
49 1 10
1 55 9
55 43 6
43 71 2
71 70 4
71 68 8
46 52 2
52 16 9
16 53 10
53 42 3
42 30 2
30 62 2
62 37 3
37 61 9
37 74 4
74 42 1
42 65 6
65 16 3
65 33 2
33 7 10
65 44 4
65 50 1
50 73 1
73 17 10
50 36 2
36 13 9
65 59 1
59 21 5
62 64 7
64 19 7
67 39 6
15 51 7

REQUESTS

BLOCKAGES
36 13
20 56
44 46
39 8
58 57
60 67
68 44
18 74
44 26
47 27
71 70
17 65
27 36
21 41
74 42
60 38
65 59
62 37
60 18
42 30
65 16
42 65
38 54
54 43
65 38
41 1
51 8
32 61
48 28
41 63

A'
1 2 159
1 3 611
1 4 192
1 5 448
6 1 108
7 1 65
8 1 504
9 1 849
1 10 2
1 11 603
1 12 656
13 1 719
14 1 103
1 15 784
16 1 835
17 1 445
18 1 334
19 1 588
1 20 518
21 1 568
22 1 649
23 1 430
1 24 439
1 25 989
1 26 807
27 1 689
1 28 310
29 1 321
1 30 275
1 31 149
32 1 590
33 1 453
1 34 351
1 35 153
1 36 426
1 37 492
1 38 704
39 1 929
1 40 254
42 1 412
43 1 325
1 44 520
45 1 194
1 46 358
47 1 136
1 48 590
1 49 270
50 1 430
51 1 17
52 1 86
53 1 140
54 1 792
55 1 439
1 56 18
57 1 570
1 58 565
59 1 655
60 1 330
1 61 72
62 1 848
63 1 856
64 1 286
65 1 654
66 1 785
1 67 363
1 68 758
1 69 380
1 70 618
1 71 187
1 72 524
1 73 417
1 74 354
75 1 876
3 2 270
4 2 721
5 2 153
2 6 257
2 7 52
2 8 856
2 9 932
2 10 57
11 2 424
2 12 590
13 2 957
2 14 28
2 15 884
2 16 272
17 2 866
18 2 920
19 2 446
2 20 307
2 21 920
2 22 740
23 2 177
24 2 159
2 25 165
26 2 797
2 27 707
2 28 980
29 2 162
2 30 495
31 2 155
2 32 633
33 2 264
2 34 211
35 2 896
2 36 659
37 2 433
2 38 137
39 2 992
40 2 69
2 41 566
42 2 447
2 43 250
44 2 286
45 2 138
2 46 159
2 47 897
2 48 664
49 2 695
50 2 573
2 51 744
52 2 756
2 53 980
54 2 488
2 55 891
2 56 831
2 57 420
2 58 727
2 59 408
60 2 784
61 2 144
62 2 836
63 2 86
2 64 905
2 65 78
66 2 722
67 2 708
68 2 348
69 2 73
70 2 362
2 71 743
72 2 419
2 73 822
2 74 535
75 2 862
4 3 125
5 3 613
3 6 397
3 7 163
8 3 829
3 9 778
3 10 412
11 3 83
12 3 875
13 3 946
14 3 470
3 15 781
16 3 553
3 17 738
3 18 534
19 3 758
3 20 955
3 21 321
3 22 771
3 23 4
24 3 75
25 3 853
26 3 321
28 3 548
29 3 894
3 30 911
31 3 916
32 3 838
33 3 240
34 3 402
3 35 34
36 3 144
37 3 83
38 3 877
3 39 555
40 3 993
41 3 31
42 3 360
43 3 779
44 3 758
45 3 42
3 46 309
47 3 170
3 48 825
49 3 774
3 50 950
51 3 340
52 3 265
3 53 644
54 3 340
3 55 320
3 56 236
3 57 866
58 3 667
3 59 853
3 60 20
3 61 795
62 3 850
3 63 530
3 64 76
3 65 955
66 3 462
3 67 173
68 3 68
3 69 219
70 3 365
3 71 442
72 3 592
73 3 899
3 74 302
3 75 385
4 5 349
6 4 706
7 4 846
8 4 576
9 4 890
10 4 649
4 11 528
12 4 782
13 4 341
4 14 705
15 4 242
4 16 9
17 4 156
4 18 442
4 19 715
4 20 483
21 4 708
4 22 613
23 4 126
24 4 177
4 25 423
26 4 719
4 27 997
4 28 601
29 4 851
30 4 394
4 31 155
4 32 276
4 33 365
34 4 119
35 4 894
36 4 142
37 4 492
4 38 505
4 39 646
40 4 985
4 41 857
42 4 74
4 43 202
4 44 894
4 45 330
46 4 496
4 47 745
48 4 146
49 4 840
4 50 540
51 4 569
52 4 38
4 53 138
4 54 29
4 55 927
56 4 555
57 4 67
4 58 340
59 4 653
4 60 672
61 4 224
62 4 818
4 63 289
64 4 781
4 65 579
4 66 565
67 4 352
4 68 206
69 4 847
70 4 624
71 4 951
72 4 908
4 73 510
74 4 637
75 4 184
5 6 497
5 7 826
5 8 79
9 5 629
10 5 298
11 5 178
5 12 353
13 5 167
5 14 722
5 15 848
16 5 138
17 5 227
18 5 816
19 5 644
5 20 251
21 5 112
22 5 586
23 5 412
24 5 107
5 25 875
26 5 598
27 5 618
5 28 637
29 5 212
5 30 150
31 5 55
32 5 857
33 5 684
5 34 369
35 5 828
36 5 505
37 5 717
38 5 931
39 5 459
5 40 872
41 5 794
5 42 441
43 5 771
5 44 899
5 45 787
5 46 41
47 5 687
48 5 474
5 49 625
5 50 400
5 51 813
5 52 94
53 5 698
5 54 361
5 55 413
56 5 545
5 57 54
59 5 824
5 60 219
5 61 553
62 5 550
63 5 305
5 64 218
5 65 422
5 66 425
67 5 224
68 5 318
5 69 730
5 70 817
71 5 106
72 5 781
5 73 806
5 74 632
75 5 883
6 7 490
8 6 468
9 6 828
6 10 837
11 6 501
6 12 808
13 6 835
14 6 957
6 15 487
6 16 845
17 6 922
18 6 407
19 6 262
6 20 172
21 6 544
6 22 446
6 23 489
6 24 72
6 25 389
6 26 64
6 27 870
6 28 166
6 29 254
6 30 855
6 31 159
6 32 746
33 6 2
6 34 839
35 6 715
6 36 211
37 6 415
6 38 996
39 6 921
40 6 274
6 41 679
6 42 551
6 43 561
6 44 603
6 45 542
46 6 258
6 47 860
48 6 484
49 6 507
6 50 179
51 6 683
52 6 535
6 53 45
6 54 704
55 6 301
56 6 978
57 6 667
6 58 878
59 6 300
6 60 744
61 6 992
62 6 244
6 63 356
6 64 416
6 65 401
66 6 786
6 67 335
68 6 885
69 6 202
6 70 48
6 71 269
72 6 832
73 6 609
74 6 865
6 75 892
8 7 100
7 9 961
10 7 439
7 11 422
7 12 529
13 7 152
14 7 610
15 7 987
7 16 217
17 7 785
7 18 42
7 19 345
20 7 340
21 7 934
22 7 212
23 7 165
24 7 412
25 7 5
7 26 793
27 7 408
28 7 601
29 7 339
7 30 397
31 7 759
7 32 865
34 7 906
7 35 925
7 36 640
37 7 63
7 38 440
7 39 712
7 40 3
7 41 755
42 7 332
43 7 964
44 7 485
7 45 695
7 46 623
7 47 156
7 48 236
7 49 520
50 7 998
51 7 622
52 7 25
53 7 832
54 7 276
55 7 566
7 56 82
7 57 186
7 58 556
59 7 770
7 60 375
7 61 437
62 7 835
7 63 936
7 64 642
65 7 562
66 7 251
7 67 627
7 68 220
69 7 444
70 7 704
71 7 476
72 7 33
7 73 550
7 74 162
75 7 980
8 9 783
8 10 884
11 8 360
12 8 39
13 8 626
8 14 991
8 15 487
16 8 207
8 17 778
8 18 552
19 8 11
8 20 265
21 8 393
22 8 982
8 23 485
24 8 442
25 8 729
26 8 588
8 27 848
8 28 440
29 8 929
8 30 404
8 31 750
32 8 473
33 8 612
34 8 359
8 35 756
36 8 16
8 37 141
8 38 53
8 39 662
8 40 244
8 41 875
42 8 829
8 43 160
8 44 898
45 8 401
46 8 856
8 47 263
8 48 380
49 8 56
8 50 200
52 8 568
8 53 205
54 8 715
8 55 578
8 56 426
8 57 434
8 58 148
59 8 768
8 60 756
8 61 168
62 8 415
8 63 23
8 64 49
65 8 502
66 8 801
8 67 203
8 68 974
69 8 636
8 70 589
71 8 599
8 72 884
73 8 621
8 74 243
8 75 151
10 9 947
9 11 111
12 9 339
13 9 807
9 14 86
9 15 878
9 16 971
9 17 605
9 18 190
9 19 335
9 20 804
9 21 495
9 22 22
23 9 423
9 24 207
25 9 318
9 26 242
9 27 218
28 9 265
9 29 320
9 30 683
31 9 587
9 32 332
33 9 301
34 9 782
9 35 3
36 9 625
37 9 624
9 38 964
9 39 613
40 9 970
41 9 28
9 42 710
43 9 144
9 44 621
45 9 323
46 9 363
47 9 308
9 48 451
49 9 566
9 50 948
9 51 169
9 52 417
9 53 569
9 54 542
55 9 902
56 9 111
57 9 74
58 9 526
59 9 146
9 60 679
61 9 448
62 9 81
9 63 438
9 64 68
9 65 467
66 9 923
67 9 938
68 9 779
9 69 71
9 70 686
9 71 182
73 9 608
74 9 130
9 75 466
11 10 855
10 12 722
13 10 719
14 10 685
10 15 248
10 16 68
10 17 314
18 10 551
19 10 833
10 20 427
10 21 94
10 22 37
10 23 354
10 24 914
25 10 820
26 10 109
10 27 17
28 10 920
29 10 363
10 30 336
31 10 347
32 10 224
33 10 809
34 10 17
35 10 182
36 10 496
37 10 896
38 10 868
10 39 880
40 10 84
41 10 512
42 10 372
10 43 375
10 44 614
45 10 951
46 10 699
47 10 407
48 10 310
10 49 49
10 50 856
10 51 472
10 52 857
53 10 588
10 54 968
55 10 857
10 56 166
10 57 948
58 10 599
10 59 532
10 60 762
61 10 216
62 10 484
10 63 87
64 10 837
65 10 822
66 10 68
67 10 748
10 68 363
69 10 1000
70 10 505
10 71 438
10 72 927
73 10 911
74 10 410
10 75 440
12 11 628
13 11 983
14 11 628
15 11 255
16 11 907
11 17 861
18 11 72
11 19 250
20 11 998
21 11 469
11 22 808
11 23 524
11 24 994
11 25 962
26 11 579
27 11 573
28 11 759
11 29 669
30 11 328
11 31 555
32 11 703
33 11 561
34 11 726
11 35 913
36 11 411
37 11 224
38 11 990
39 11 304
40 11 884
41 11 737
42 11 370
43 11 21
11 44 568
45 11 218
11 46 316
11 47 834
48 11 890
11 49 497
50 11 203
51 11 689
52 11 493
53 11 183
11 54 715
11 55 168
56 11 454
11 57 61
58 11 564
60 11 484
61 11 576
62 11 789
11 63 916
64 11 941
65 11 655
11 66 863
67 11 948
11 68 259
11 69 362
11 70 279
71 11 611
72 11 4
11 73 289
74 11 781
75 11 537
13 12 841
12 14 346
15 12 163
16 12 139
12 17 273
18 12 363
12 19 207
12 20 667
21 12 226
12 22 908
12 23 578
12 24 732
25 12 735
12 26 463
12 27 740
28 12 131
12 29 815
30 12 913
31 12 793
32 12 784
12 33 196
12 34 553
12 35 160
36 12 219
37 12 598
12 38 592
39 12 348
40 12 107
12 41 46
12 42 301
43 12 920
12 44 68
12 45 964
12 46 415
12 47 735
12 48 173
12 49 696
50 12 683
51 12 647
52 12 943
12 53 731
12 54 770
12 55 208
56 12 215
57 12 150
12 58 741
59 12 651
12 60 155
12 61 492
62 12 73
12 63 118
12 64 507
65 12 674
66 12 19
67 12 442
68 12 916
12 69 846
12 70 305
71 12 618
72 12 657
73 12 386
74 12 187
12 75 557
14 13 353
13 15 613
13 16 977
17 13 23
18 13 895
13 19 23
13 20 368
13 21 226
13 22 339
13 23 25
24 13 828
13 25 514
26 13 408
27 13 233
13 28 639
29 13 639
30 13 540
31 13 120
13 32 981
13 33 350
13 34 190
35 13 141
13 37 718
13 38 879
39 13 920
40 13 969
41 13 738
42 13 672
43 13 389
13 44 979
13 45 256
46 13 69
13 47 793
48 13 839
13 49 286
13 50 475
13 51 558
13 52 846
53 13 279
13 54 768
55 13 948
13 56 463
13 57 244
58 13 26
13 59 752
13 60 513
61 13 28
13 62 864
13 63 870
13 64 106
65 13 119
13 66 165
13 67 315
13 68 303
13 69 437
70 13 496
13 71 861
13 72 421
13 73 444
13 74 87
75 13 801
14 15 553
16 14 885
17 14 1000
14 18 822
19 14 260
20 14 37
14 21 320
22 14 137
14 23 648
24 14 747
25 14 309
26 14 453
27 14 62
14 28 527
29 14 443
30 14 452
31 14 507
14 32 115
33 14 441
34 14 963
14 35 933
36 14 476
14 37 702
14 38 578
39 14 185
14 40 844
41 14 931
14 42 573
14 43 543
44 14 196
45 14 778
46 14 684
14 47 686
48 14 142
14 49 790
50 14 826
14 51 807
52 14 326
14 53 264
54 14 561
14 55 226
14 56 292
14 57 755
58 14 204
59 14 315
60 14 986
14 61 750
62 14 728
63 14 818
64 14 561
14 65 29
14 66 681
14 67 390
14 68 47
69 14 908
70 14 453
14 71 714
14 72 345
14 73 960
14 74 117
75 14 947
15 16 718
15 17 122
18 15 482
19 15 18
15 20 898
15 21 131
22 15 233
15 23 936
15 24 525
15 25 238
26 15 33
15 27 72
28 15 771
15 29 925
30 15 10
31 15 692
32 15 270
33 15 524
34 15 104
35 15 145
36 15 938
37 15 283
38 15 499
39 15 802
40 15 118
41 15 703
15 42 342
15 43 526
44 15 509
15 45 703
15 46 24
47 15 597
48 15 559
15 49 396
15 50 364
51 15 367
52 15 518
53 15 823
15 54 571
15 55 742
15 56 663
15 57 837
15 58 922
59 15 820
15 60 516
61 15 652
15 62 621
15 63 536
64 15 71
65 15 545
15 66 174
67 15 86
15 68 911
69 15 411
15 70 884
71 15 521
15 72 948
15 73 254
74 15 776
75 15 651
17 16 299
16 18 886
19 16 901
16 20 802
21 16 56
16 22 108
16 23 608
24 16 625
16 25 453
26 16 703
27 16 539
16 28 234
29 16 637
30 16 707
16 31 912
32 16 758
16 33 362
16 34 833
16 35 65
16 36 936
16 37 331
38 16 701
16 39 588
40 16 159
16 41 64
16 42 728
16 43 141
16 44 792
45 16 448
46 16 244
47 16 559
48 16 273
49 16 644
50 16 886
16 51 442
16 52 532
53 16 568
16 54 413
55 16 261
56 16 547
16 57 488
16 58 277
16 59 235
60 16 108
61 16 919
62 16 745
63 16 704
64 16 101
66 16 339
67 16 266
16 68 290
69 16 79
70 16 153
16 71 485
16 72 780
16 73 915
74 16 437
75 16 288
18 17 354
17 19 127
20 17 418
21 17 760
22 17 408
17 23 611
17 24 864
25 17 257
26 17 617
27 17 378
17 28 920
17 29 549
30 17 22
31 17 456
17 32 709
33 17 666
34 17 768
17 35 119
36 17 98
17 37 971
38 17 687
17 39 954
40 17 162
17 41 55
17 42 249
17 43 251
17 44 294
45 17 571
46 17 614
17 47 476
17 48 120
49 17 736
50 17 284
17 51 423
52 17 435
17 53 942
17 54 679
55 17 24
17 56 457
17 57 321
58 17 862
17 59 224
60 17 74
17 61 821
62 17 171
17 63 713
17 64 788
65 17 528
66 17 6
67 17 155
17 68 696
17 69 265
17 70 343
17 71 917
72 17 70
74 17 931
17 75 78
19 18 586
18 20 609
18 21 746
18 22 688
18 23 43
24 18 915
25 18 493
26 18 971
18 27 912
28 18 253
29 18 761
18 30 553
31 18 961
18 32 765
33 18 653
18 34 679
18 35 417
36 18 566
37 18 894
38 18 902
18 39 92
18 40 752
18 41 385
42 18 572
18 43 493
18 44 285
46 18 189
47 18 380
18 48 279
18 49 687
18 50 653
18 51 241
52 18 841
53 18 185
18 54 656
18 55 537
56 18 576
57 18 207
18 58 396
59 18 494
61 18 98
62 18 31
18 63 368
64 18 890
18 65 399
66 18 994
18 67 953
18 68 219
69 18 820
18 70 714
18 71 552
72 18 219
18 73 95
74 18 771
75 18 361
20 19 791
19 21 330
19 22 421
23 19 886
19 24 38
19 25 374
26 19 661
27 19 19
28 19 737
19 29 246
30 19 833
19 31 987
32 19 525
33 19 622
19 34 734
19 35 340
19 36 143
37 19 697
38 19 718
19 39 576
40 19 569
19 41 490
19 42 980
19 43 164
19 44 49
19 45 166
19 46 911
19 47 636
48 19 937
19 49 434
19 50 943
19 51 545
19 52 146
19 53 1000
54 19 527
19 55 970
19 56 877
57 19 29
19 58 670
19 59 923
19 60 953
61 19 303
62 19 296
63 19 650
19 64 900
65 19 605
19 66 560
19 67 927
19 68 743
69 19 920
70 19 502
71 19 68
19 72 51
19 73 585
19 74 992
75 19 142
20 21 299
20 22 511
23 20 86
20 24 530
25 20 946
26 20 827
20 27 284
28 20 563
20 29 383
20 30 350
20 31 75
20 32 965
33 20 865
34 20 549
20 35 760
20 36 504
20 37 485
20 38 356
39 20 525
20 40 907
20 41 20
42 20 679
43 20 542
44 20 384
20 45 427
46 20 160
47 20 150
20 48 977
49 20 377
50 20 574
20 51 918
52 20 897
53 20 794
54 20 677
20 55 138
56 20 140
57 20 20
20 58 163
59 20 763
20 60 836
61 20 278
62 20 689
20 63 823
64 20 146
65 20 246
66 20 686
20 68 582
70 20 834
71 20 963
72 20 880
20 73 831
74 20 623
75 20 163
22 21 242
21 23 925
21 24 697
25 21 651
26 21 982
21 27 717
28 21 570
21 29 741
30 21 983
21 31 714
32 21 602
21 33 843
34 21 481
21 35 83
36 21 722
37 21 192
21 38 595
21 39 835
40 21 81
41 21 809
21 42 984
43 21 992
44 21 278
21 45 974
21 46 741
47 21 132
48 21 66
49 21 527
21 50 352
21 51 352
52 21 854
53 21 36
21 54 11
21 55 738
56 21 58
21 57 504
58 21 774
21 60 51
21 61 919
62 21 319
63 21 794
64 21 374
21 65 539
66 21 471
21 67 974
21 68 354
69 21 579
70 21 879
71 21 243
72 21 858
21 73 176
74 21 914
21 75 196
22 23 599
22 24 978
25 22 126
22 26 281
27 22 243
22 28 121
22 29 319
22 30 609
22 31 314
32 22 177
22 33 691
22 35 901
22 36 391
37 22 823
22 38 698
39 22 11
40 22 116
41 22 640
42 22 912
22 43 834
44 22 610
45 22 753
46 22 211
47 22 721
48 22 953
22 49 792
50 22 832
22 51 280
22 52 842
53 22 634
54 22 241
22 55 757
22 56 626
22 57 299
58 22 885
22 59 971
22 60 734
22 61 252
22 62 500
22 63 44
22 64 292
65 22 526
66 22 526
67 22 344
68 22 259
69 22 961
70 22 676
71 22 559
22 72 112
73 22 190
22 74 692
75 22 545
24 23 884
25 23 720
26 23 472
27 23 538
28 23 950
29 23 885
30 23 219
31 23 546
23 32 909
23 33 680
34 23 223
23 35 238
23 36 798
37 23 34
38 23 939
23 39 265
23 40 726
41 23 908
23 42 451
43 23 312
23 44 859
45 23 874
23 46 481
47 23 259
48 23 277
23 49 325
50 23 880
23 51 536
52 23 693
53 23 518
54 23 851
23 55 453
23 56 470
23 57 477
23 58 157
59 23 671
60 23 41
23 61 796
62 23 667
23 63 261
64 23 344
23 65 145
66 23 851
23 67 251
68 23 953
23 69 526
70 23 254
23 71 82
72 23 689
73 23 346
74 23 51
23 75 564
25 24 911
26 24 963
27 24 765
28 24 871
24 29 512
30 24 34
31 24 47
24 32 609
33 24 756
24 34 153
35 24 463
24 36 787
24 37 496
24 38 700
24 39 499
40 24 340
41 24 974
24 42 338
24 43 877
24 44 549
24 45 575
24 46 454
47 24 217
48 24 971
24 49 196
50 24 684
51 24 60
24 52 162
24 53 953
54 24 453
55 24 476
56 24 564
57 24 798
58 24 538
24 59 812
24 60 766
24 61 19
62 24 358
63 24 633
24 64 911
65 24 154
24 66 191
24 67 768
24 68 121
24 69 916
70 24 523
71 24 69
24 72 543
73 24 338
24 74 892
75 24 517
26 25 887
27 25 580
25 28 474
25 29 276
25 30 744
31 25 681
25 32 994
25 33 989
25 34 520
35 25 391
25 36 999
37 25 831
25 38 677
25 39 621
40 25 20
25 41 577
25 42 728
25 43 854
44 25 72
45 25 936
46 25 261
47 25 453
48 25 416
49 25 72
50 25 49
25 51 680
25 52 273
25 53 589
54 25 381
55 25 869
56 25 402
25 57 10
25 58 305
59 25 330
25 60 343
25 61 895
25 62 586
63 25 562
64 25 139
65 25 640
25 66 799
67 25 235
68 25 181
69 25 371
70 25 735
25 71 665
72 25 741
73 25 266
74 25 889
75 25 125
26 27 564
28 26 539
29 26 365
26 30 502
31 26 436
32 26 42
26 33 811
26 34 656
35 26 802
36 26 608
37 26 970
26 38 25
26 39 298
26 40 106
41 26 236
26 42 770
26 43 600
26 44 652
26 45 111
46 26 171
26 47 997
26 48 132
26 49 192
50 26 502
51 26 517
52 26 881
26 53 733
54 26 547
26 55 546
56 26 568
26 57 586
58 26 285
26 59 700
26 60 853
26 61 793
62 26 60
63 26 939
64 26 300
26 65 681
26 66 474
26 67 614
68 26 387
26 69 611
26 70 80
71 26 290
72 26 290
73 26 40
26 74 116
75 26 213
28 27 253
29 27 695
27 30 498
31 27 206
32 27 114
27 33 302
27 34 787
27 35 294
36 27 965
27 37 459
27 38 412
27 39 747
27 41 138
27 42 794
27 43 839
27 44 480
45 27 808
46 27 44
27 48 841
27 49 938
27 50 493
27 51 761
27 52 249
27 53 394
54 27 825
55 27 510
56 27 858
27 57 60
58 27 333
27 59 25
27 60 471
27 61 605
27 62 615
63 27 313
64 27 303
27 65 301
66 27 678
67 27 285
27 68 490
27 69 985
70 27 834
27 71 237
72 27 33
73 27 878
74 27 288
27 75 162
28 29 825
30 28 723
28 31 163
28 32 598
33 28 989
28 34 612
28 35 311
28 36 944
28 37 925
28 38 466
28 39 125
40 28 505
28 41 703
28 42 226
28 43 987
44 28 99
28 45 154
28 46 955
28 47 561
28 48 485
49 28 802
28 50 919
28 51 695
28 52 263
53 28 141
54 28 80
55 28 783
28 56 126
57 28 317
28 58 178
28 59 91
28 60 819
28 61 449
62 28 263
28 64 99
28 65 477
28 66 180
28 67 240
68 28 203
28 69 533
70 28 642
71 28 417
72 28 627
73 28 246
28 74 782
75 28 420
31 29 15
29 32 195
33 29 218
29 34 728
35 29 699
36 29 658
29 37 865
29 38 192
29 39 582
29 40 419
41 29 594
29 42 61
29 43 593
29 44 979
45 29 513
29 46 915
47 29 245
48 29 507
29 49 330
29 50 941
29 51 211
29 52 18
53 29 1000
54 29 204
55 29 387
56 29 367
29 57 322
58 29 178
29 59 520
29 60 110
29 61 895
29 62 910
63 29 484
64 29 953
65 29 2
66 29 193
29 67 194
29 68 990
69 29 770
29 70 478
29 71 168
29 72 136
73 29 623
74 29 402
29 75 172
31 30 526
32 30 238
33 30 909
34 30 203
35 30 885
36 30 457
37 30 120
38 30 990
30 39 547
30 40 655
30 41 915
30 42 220
30 43 310
30 44 66
45 30 687
30 46 925
30 47 8
30 48 351
30 49 234
50 30 129
30 51 461
52 30 251
53 30 587
30 54 746
30 55 999
30 56 509
30 57 573
30 58 315
30 59 921
60 30 296
30 61 970
62 30 171
63 30 85
64 30 244
30 65 426
30 66 139
30 67 309
68 30 522
69 30 981
70 30 380
71 30 18
72 30 244
30 73 320
74 30 823
75 30 291
31 32 200
31 33 41
31 34 940
35 31 595
36 31 146
31 37 555
38 31 609
39 31 25
40 31 461
41 31 101
42 31 336
43 31 433
44 31 60
31 45 489
46 31 344
47 31 704
48 31 742
49 31 617
50 31 573
51 31 216
52 31 934
31 53 355
31 54 336
55 31 376
31 56 736
57 31 988
58 31 947
31 59 1
60 31 524
31 61 240
62 31 972
31 63 466
31 64 392
31 65 98
31 66 996
67 31 34
68 31 138
31 69 822
70 31 119
31 71 621
31 72 378
31 73 276
31 74 380
31 75 681
33 32 469
34 32 825
35 32 216
32 36 858
37 32 723
38 32 922
32 39 324
32 40 998
41 32 695
32 42 286
43 32 721
32 44 666
32 45 513
46 32 421
32 47 921
48 32 498
49 32 373
50 32 533
32 51 612
32 52 898
53 32 401
32 54 404
32 55 479
32 56 536
57 32 573
58 32 338
59 32 726
60 32 390
61 32 648
32 62 834
32 63 262
32 64 660
65 32 6
66 32 278
67 32 934
32 68 655
32 69 699
70 32 761
71 32 812
72 32 53
32 73 469
32 74 28
75 32 745
34 33 137
33 35 930
33 36 663
37 33 653
33 38 529
33 39 866
40 33 979
33 41 686
42 33 837
33 43 43
33 44 264
33 45 246
33 46 941
33 47 58
33 48 260
33 49 736
33 50 249
51 33 718
52 33 560
33 53 936
33 54 732
33 55 598
33 56 305
57 33 694
58 33 666
59 33 442
60 33 294
61 33 949
62 33 753
33 63 554
33 64 511
33 65 760
66 33 658
67 33 21
68 33 198
33 69 9
70 33 109
33 71 990
72 33 889
33 73 258
33 74 124
75 33 187
35 34 90
36 34 3
34 37 492
38 34 205
34 39 902
34 40 760
41 34 440
34 42 480
34 43 87
34 44 566
34 45 445
34 46 312
47 34 591
48 34 239
34 49 972
50 34 482
51 34 263
52 34 902
34 53 97
34 54 755
34 55 422
34 56 260
57 34 997
58 34 850
59 34 930
34 60 982
61 34 675
34 62 707
63 34 214
64 34 330
65 34 425
66 34 245
67 34 999
34 68 440
69 34 956
34 70 444
71 34 411
34 72 941
73 34 146
74 34 194
34 75 558
36 35 450
35 37 468
35 38 848
35 39 157
40 35 218
41 35 691
42 35 620
35 43 664
44 35 136
45 35 957
35 46 699
47 35 339
35 48 478
35 49 430
50 35 911
51 35 197
35 52 570
53 35 220
54 35 50
35 55 297
56 35 660
57 35 81
58 35 28
59 35 42
60 35 67
35 61 799
35 62 68
63 35 405
64 35 620
35 65 919
66 35 524
35 67 242
68 35 484
69 35 213
70 35 892
71 35 151
35 72 847
35 73 182
74 35 680
75 35 742
36 37 572
36 38 863
36 39 28
40 36 888
41 36 804
42 36 529
43 36 274
44 36 123
45 36 935
46 36 993
47 36 195
48 36 730
36 49 78
36 51 757
36 52 713
53 36 409
36 54 717
36 55 631
36 56 640
57 36 491
36 58 158
36 59 423
36 60 292
61 36 214
62 36 523
36 63 173
64 36 121
36 65 95
36 66 537
67 36 221
68 36 409
69 36 204
36 70 733
36 71 165
36 72 463
73 36 169
36 74 824
75 36 251
37 38 473
37 39 446
40 37 856
37 41 715
37 42 888
43 37 711
37 44 716
45 37 377
37 46 264
37 47 953
37 48 766
49 37 719
37 50 124
51 37 199
52 37 181
53 37 766
54 37 264
55 37 351
56 37 181
57 37 799
37 58 226
59 37 843
60 37 792
61 37 416
63 37 369
37 64 916
65 37 120
66 37 312
37 67 693
68 37 538
69 37 728
37 70 756
71 37 244
72 37 471
37 73 25
74 37 885
75 37 84
39 38 28
40 38 593
38 41 157
42 38 187
38 43 149
38 44 918
45 38 15
38 46 423
47 38 454
38 48 797
49 38 792
38 50 787
38 51 348
52 38 503
38 53 400
54 38 761
55 38 593
56 38 565
57 38 17
58 38 172
59 38 409
61 38 775
38 62 103
63 38 503
64 38 827
38 66 867
38 67 10
38 68 12
38 69 149
70 38 802
71 38 190
38 72 613
38 73 494
74 38 856
39 40 264
41 39 826
42 39 506
43 39 421
39 44 885
45 39 71
39 46 113
39 47 641
39 48 283
49 39 179
39 50 658
51 39 235
39 52 52
39 53 249
39 54 843
39 55 881
56 39 722
57 39 201
39 58 987
59 39 587
60 39 867
61 39 502
39 62 280
63 39 9
64 39 351
65 39 960
39 66 626
39 67 115
68 39 181
39 69 412
70 39 333
71 39 185
39 72 351
73 39 985
74 39 5
39 75 911
40 41 284
40 42 555
40 43 258
44 40 830
40 45 102
46 40 320
47 40 334
40 48 459
40 49 501
40 50 592
51 40 514
52 40 943
40 53 513
54 40 904
40 55 202
40 56 93
40 57 578
58 40 753
59 40 561
40 60 147
40 61 74
40 62 92
63 40 603
40 64 272
40 65 420
66 40 640
67 40 991
40 68 853
40 69 213
40 70 725
40 71 922
72 40 251
73 40 167
74 40 389
75 40 288
42 41 741
43 41 352
41 44 119
45 41 382
41 46 410
48 41 401
49 41 595
50 41 641
41 51 547
52 41 526
41 53 22
41 54 915
41 55 564
56 41 612
57 41 909
58 41 383
59 41 850
41 60 740
41 61 299
62 41 565
63 41 85
41 64 944
41 65 652
41 66 833
41 67 332
68 41 213
69 41 756
70 41 928
41 71 748
41 72 314
41 73 38
41 74 628
75 41 965
43 42 43
42 44 200
45 42 418
42 46 276
47 42 19
48 42 297
42 49 828
42 50 914
51 42 685
52 42 871
42 53 692
42 54 855
55 42 977
42 56 52
57 42 131
58 42 675
59 42 632
42 60 483
61 42 862
62 42 114
42 63 37
42 64 83
65 42 389
42 66 609
67 42 17
68 42 389
42 69 801
70 42 65
71 42 487
42 72 85
73 42 836
42 74 493
75 42 985
43 45 846
46 43 333
43 47 826
43 48 160
43 49 482
43 50 2
51 43 876
43 52 295
53 43 984
56 43 375
57 43 549
58 43 654
43 59 187
60 43 645
43 61 692
43 62 302
43 63 919
64 43 117
65 43 520
43 66 938
67 43 856
68 43 57
43 69 99
43 70 391
71 43 856
72 43 620
73 43 460
74 43 64
43 75 97
44 45 511
46 44 550
47 44 515
44 48 291
49 44 250
50 44 581
51 44 35
44 52 55
53 44 290
44 54 483
44 55 307
44 56 796
44 57 94
58 44 902
44 59 253
60 44 217
61 44 490
44 62 927
63 44 938
44 64 987
44 66 919
44 67 766
44 69 209
44 70 989
71 44 379
72 44 732
44 73 572
44 74 133
44 75 335
46 45 176
47 45 499
48 45 21
45 49 21
45 50 347
45 51 200
45 52 278
53 45 195
45 54 465
55 45 35
56 45 797
57 45 452
58 45 291
59 45 706
60 45 200
45 61 159
62 45 942
63 45 40
45 64 434
45 65 623
45 66 771
67 45 561
68 45 155
45 69 736
70 45 862
71 45 128
72 45 887
73 45 539
74 45 953
45 75 303
47 46 635
48 46 879
49 46 118
46 50 242
51 46 682
52 46 387
46 53 742
54 46 852
55 46 406
46 56 867
46 57 62
46 58 982
46 59 924
46 60 181
61 46 115
62 46 733
63 46 296
64 46 28
65 46 881
66 46 667
46 67 837
68 46 13
46 69 704
70 46 826
71 46 156
72 46 80
73 46 390
74 46 220
46 75 932
47 48 894
47 49 883
47 50 146
47 51 236
47 52 294
47 53 794
47 54 677
47 55 365
47 56 912
47 57 906
58 47 528
59 47 133
47 60 981
61 47 372
47 62 188
47 63 600
64 47 701
47 65 706
66 47 363
67 47 724
47 68 409
69 47 967
70 47 851
71 47 126
47 72 102
73 47 850
47 74 795
75 47 941
49 48 857
48 50 327
48 51 615
48 52 124
48 53 111
54 48 866
55 48 473
56 48 832
57 48 809
48 58 318
59 48 833
60 48 772
48 61 826
48 62 563
48 63 308
64 48 747
48 65 167
66 48 559
67 48 702
48 68 800
48 69 214
70 48 340
48 71 957
72 48 919
48 73 320
48 74 128
48 75 30
49 50 438
51 49 225
49 52 827
49 53 207
54 49 47
55 49 701
56 49 505
49 57 990
58 49 565
59 49 25
49 60 592
49 61 426
49 62 451
63 49 97
49 64 601
65 49 829
49 66 333
67 49 389
68 49 936
69 49 787
49 70 967
71 49 290
49 72 240
73 49 480
49 74 833
49 75 59
51 50 837
50 52 934
53 50 933
54 50 217
55 50 861
56 50 570
57 50 450
50 58 56
59 50 905
50 60 71
61 50 681
50 62 398
50 63 991
64 50 76
66 50 486
67 50 921
50 68 533
50 69 254
70 50 128
50 71 775
50 72 707
73 50 973
50 74 726
50 75 920
51 52 132
53 51 600
54 51 892
55 51 833
56 51 946
51 57 205
51 58 254
59 51 753
51 60 36
51 61 52
62 51 143
51 63 687
64 51 497
65 51 216
51 66 72
51 67 141
68 51 334
51 69 398
70 51 611
51 71 697
51 72 237
73 51 339
74 51 378
75 51 628
53 52 448
52 54 928
52 55 857
52 56 142
57 52 976
52 58 927
52 59 549
60 52 954
52 61 511
62 52 458
63 52 933
64 52 380
65 52 55
66 52 11
52 67 809
68 52 197
69 52 670
52 70 550
52 71 441
52 72 231
52 73 753
74 52 167
75 52 279
54 53 886
55 53 823
56 53 261
57 53 849
58 53 628
53 59 711
53 60 687
61 53 980
62 53 127
63 53 710
64 53 527
53 65 720
66 53 918
53 67 617
53 68 476
69 53 556
70 53 36
71 53 55
53 72 485
53 73 640
53 74 159
53 75 454
55 54 221
56 54 784
57 54 82
58 54 727
54 59 995
54 60 68
54 61 973
54 62 699
54 63 282
64 54 160
65 54 337
67 54 173
54 68 308
69 54 332
54 70 90
54 71 582
54 72 663
54 73 955
54 74 711
54 75 502
55 56 333
57 55 833
55 58 815
55 59 2
60 55 144
55 61 757
55 62 338
55 63 531
55 64 918
55 65 359
66 55 93
55 67 232
55 68 923
69 55 263
70 55 452
55 71 493
72 55 880
73 55 504
55 74 956
75 55 467
57 56 527
58 56 160
56 59 856
56 60 565
61 56 255
62 56 483
56 63 566
64 56 103
65 56 253
66 56 825
56 67 480
68 56 192
69 56 993
56 70 404
71 56 904
56 72 751
56 73 445
74 56 350
75 56 304
57 58 777
59 57 189
60 57 258
57 61 325
57 62 594
57 64 771
65 57 907
66 57 528
67 57 784
68 57 20
57 69 183
57 70 186
57 71 686
57 72 313
73 57 104
74 57 465
57 75 767
58 59 975
58 60 400
58 61 466
62 58 465
58 63 313
64 58 674
58 65 339
66 58 119
58 67 892
68 58 599
58 69 616
58 70 229
71 58 973
58 72 859
73 58 49
74 58 512
75 58 144
59 60 708
61 59 592
59 62 196
59 63 894
59 64 447
59 65 678
66 59 942
59 67 217
59 68 999
69 59 176
70 59 113
59 71 911
72 59 936
73 59 595
59 74 982
59 75 63
62 60 6
63 60 246
64 60 810
65 60 59
60 66 145
67 60 335
60 68 840
60 69 64
60 70 753
60 71 136
60 72 200
60 73 540
74 60 52
75 60 492
61 62 753
61 63 192
61 64 800
65 61 370
61 66 256
61 67 355
61 68 403
69 61 465
70 61 266
61 71 618
72 61 817
61 73 622
74 61 211
75 61 231
63 62 851
64 62 756
65 62 957
66 62 64
67 62 735
68 62 718
62 69 213
62 70 741
71 62 112
72 62 561
73 62 732
74 62 747
75 62 636
64 63 621
63 65 529
66 63 812
63 67 924
68 63 686
63 69 865
63 70 988
63 71 534
72 63 293
63 73 776
63 74 65
75 63 238
65 64 616
64 66 507
64 67 574
64 68 82
64 69 44
70 64 44
71 64 694
72 64 774
73 64 550
64 74 480
64 75 941
65 66 594
65 67 463
65 68 267
69 65 960
65 70 504
71 65 529
65 72 641
65 73 856
65 74 647
75 65 388
66 67 105
68 66 360
66 69 164
66 70 868
71 66 799
66 72 8
66 73 41
74 66 113
75 66 349
68 67 515
67 69 351
70 67 214
71 67 497
72 67 65
73 67 671
67 74 537
75 67 237
68 69 5
68 70 157
68 71 394
72 68 31
68 73 699
68 74 224
75 68 82
69 70 587
69 71 776
69 72 343
73 69 280
74 69 113
69 75 685
70 72 221
73 70 88
74 70 913
75 70 625
71 72 880
71 73 167
74 71 630
71 75 208
72 73 23
72 74 83
75 72 259
73 74 313
75 73 3
75 74 63

END
