INSTANCE_NAME b08.dat
NB_VERTICES 75
NB_ARCS 123
NB_REQUESTS 0
NB_BLOCKAGES 30
NB_A' 5427

VERTICES
1 0 0
2 0 0
3 0 0
4 0 0
5 0 0
6 0 0
7 0 0
8 0 0
9 0 0
10 0 0
11 0 0
12 0 0
13 0 0
14 0 0
15 0 0
16 0 0
17 0 0
18 0 0
19 0 0
20 0 0
21 0 0
22 0 0
23 0 0
24 0 0
25 0 0
26 0 0
27 0 0
28 0 0
29 0 0
30 0 0
31 0 0
32 0 0
33 0 0
34 0 0
35 0 0
36 0 0
37 0 0
38 0 0
39 0 0
40 0 0
41 0 0
42 0 0
43 0 0
44 0 0
45 0 0
46 0 0
47 0 0
48 0 0
49 0 0
50 0 0
51 0 0
52 0 0
53 0 0
54 0 0
55 0 0
56 0 0
57 0 0
58 0 0
59 0 0
60 0 0
61 0 0
62 0 0
63 0 0
64 0 0
65 0 0
66 0 0
67 0 0
68 0 0
69 0 0
70 0 0
71 0 0
72 0 0
73 0 0
74 0 0
75 0 0

ARCS
1 20 1
20 39 4
39 26 3
26 37 3
37 31 1
31 3 9
3 36 9
36 11 4
11 43 7
43 27 6
27 8 3
8 7 7
7 13 1
13 16 6
16 54 3
54 31 3
31 5 9
5 64 3
64 1 8
1 19 9
19 65 10
65 57 8
57 27 7
27 34 4
34 20 7
27 48 5
48 45 2
45 41 8
41 21 5
21 22 9
22 56 9
56 6 6
6 40 8
40 46 3
46 35 1
35 27 2
35 33 4
33 23 3
23 58 6
58 39 1
58 56 10
56 74 2
74 63 9
63 31 8
31 75 9
75 61 3
61 38 10
38 33 5
33 29 2
29 69 2
69 9 4
9 17 2
17 8 7
8 10 2
10 47 2
47 54 9
54 2 9
2 40 8
54 15 10
15 53 7
53 69 4
69 30 9
30 52 9
52 11 8
11 57 10
57 31 9
52 63 10
63 12 5
12 32 8
32 65 5
65 38 2
38 59 9
59 24 7
24 36 10
24 17 10
17 73 3
73 8 1
8 67 1
67 68 2
68 33 10
68 44 4
44 13 4
13 51 6
51 14 5
14 68 8
51 35 2
35 50 3
50 13 1
50 25 3
25 38 4
50 28 2
28 66 8
66 45 9
45 60 2
60 62 7
62 30 8
30 72 4
72 1 10
30 50 5
50 73 7
73 6 5
6 71 1
71 49 9
49 45 8
71 55 2
55 64 3
71 54 5
71 62 8
6 43 4
6 46 9
46 4 7
4 42 4
42 46 6
46 18 8
18 8 3
46 21 4
21 23 1
73 70 8
70 26 9
66 12 9
44 15 7
59 37 3
47 41 5

REQUESTS

BLOCKAGES
17 73
54 31
63 12
13 51
52 11
62 30
73 8
44 15
68 33
11 43
35 33
50 73
23 58
41 21
56 6
38 59
1 20
6 46
64 1
46 35
24 17
27 8
63 31
47 54
50 13
65 38
40 46
57 31
46 21
65 57

A'
2 1 504
3 1 849
1 4 2
1 5 603
1 6 656
7 1 719
8 1 103
1 9 784
10 1 835
11 1 445
12 1 334
13 1 588
1 14 518
15 1 568
16 1 649
17 1 430
1 18 439
19 1 989
20 1 807
21 1 689
1 22 310
23 1 321
1 24 275
1 25 149
26 1 590
27 1 453
1 28 351
1 29 153
1 30 426
1 31 492
1 32 704
33 1 929
1 34 254
35 1 285
1 36 859
37 1 874
1 38 84
1 39 636
1 40 649
1 41 818
1 42 80
1 43 865
1 44 309
45 1 297
1 46 737
1 47 159
1 48 765
49 1 286
1 50 355
1 51 430
52 1 895
53 1 437
1 54 200
1 55 39
1 56 207
1 57 437
1 58 125
1 59 67
60 1 670
61 1 870
1 62 854
1 63 550
1 64 818
65 1 636
1 66 108
67 1 440
1 68 71
1 69 683
1 70 947
71 1 469
1 73 257
1 74 52
1 75 856
2 3 932
2 4 57
5 2 424
2 6 590
7 2 957
2 8 28
2 9 884
2 10 272
11 2 866
12 2 920
13 2 446
2 14 307
2 15 920
2 16 740
17 2 177
18 2 159
2 19 165
20 2 797
2 21 707
2 22 980
23 2 162
2 24 495
25 2 155
2 26 633
27 2 264
2 28 211
29 2 896
2 30 659
31 2 433
2 32 137
33 2 992
34 2 69
2 35 566
36 2 447
2 37 250
38 2 286
39 2 138
40 2 159
2 41 897
2 42 664
43 2 695
44 2 573
2 45 744
46 2 756
2 47 980
48 2 488
2 49 891
2 50 831
2 51 420
2 52 727
2 53 408
2 55 545
2 56 943
2 57 41
2 58 852
59 2 780
2 60 477
2 61 821
2 62 829
2 63 687
64 2 835
2 65 964
66 2 193
67 2 514
2 68 498
69 2 581
2 70 671
71 2 5
72 2 312
73 2 698
74 2 301
75 2 240
3 4 902
3 5 837
6 3 759
7 3 155
3 8 237
3 9 40
10 3 241
11 3 954
3 12 88
3 13 599
3 14 658
15 3 722
16 3 704
17 3 484
3 18 951
19 3 133
20 3 839
21 3 935
22 3 548
23 3 894
3 24 911
25 3 916
26 3 838
27 3 240
28 3 402
3 29 34
30 3 144
32 3 199
33 3 566
34 3 827
35 3 687
36 3 831
3 37 317
38 3 907
3 39 25
3 40 20
41 3 957
3 42 498
43 3 761
3 44 578
3 45 159
3 46 445
47 3 422
3 48 141
3 49 198
3 50 684
3 51 350
3 52 947
53 3 996
54 3 776
3 55 894
56 3 681
3 57 316
3 58 26
3 59 304
60 3 377
3 61 646
62 3 79
3 63 168
64 3 759
65 3 890
3 66 953
3 67 307
68 3 610
3 69 104
70 3 674
71 3 531
3 72 551
3 73 235
3 74 273
3 75 883
5 4 352
4 6 173
4 7 947
8 4 1000
9 4 57
4 10 498
11 4 833
4 12 260
4 13 810
14 4 178
15 4 63
4 16 540
17 4 553
4 18 541
19 4 16
20 4 825
21 4 302
22 4 500
23 4 337
24 4 305
4 25 92
26 4 754
4 27 310
28 4 717
29 4 79
4 30 953
4 31 953
4 32 106
33 4 618
4 34 681
35 4 420
36 4 703
4 37 206
4 38 674
4 39 52
4 40 639
4 41 484
42 4 771
4 43 109
4 44 264
4 45 85
47 4 38
4 48 138
4 49 29
4 50 927
51 4 555
52 4 67
4 53 340
4 54 653
4 55 672
56 4 224
57 4 818
4 58 289
59 4 781
4 60 579
4 61 565
62 4 352
4 63 206
64 4 847
65 4 624
66 4 951
67 4 908
4 68 510
69 4 637
70 4 184
4 71 497
4 72 826
4 73 79
74 4 629
75 4 298
6 5 178
5 7 353
8 5 167
5 9 722
5 10 848
11 5 138
12 5 227
13 5 816
14 5 644
5 15 251
16 5 112
17 5 586
18 5 412
19 5 107
5 20 875
21 5 598
22 5 618
5 23 637
24 5 212
5 25 150
26 5 55
27 5 857
28 5 684
5 29 369
30 5 828
32 5 291
33 5 443
34 5 481
35 5 38
5 36 685
5 37 470
38 5 763
39 5 78
40 5 982
41 5 48
42 5 841
43 5 249
5 44 722
45 5 842
5 46 452
47 5 904
5 48 881
5 49 24
50 5 508
51 5 585
52 5 206
5 53 985
54 5 824
5 55 219
5 56 553
57 5 550
58 5 305
5 59 218
5 60 422
5 61 425
62 5 224
5 63 318
64 5 730
5 65 817
66 5 106
67 5 781
5 68 806
5 69 632
70 5 883
5 71 490
72 5 468
73 5 828
5 74 837
75 5 501
6 7 808
8 6 835
9 6 957
6 10 487
6 11 845
12 6 922
13 6 407
14 6 262
6 15 172
16 6 544
6 17 446
6 18 489
6 19 72
6 20 389
6 21 64
6 22 870
6 23 166
6 24 254
6 25 855
6 26 159
6 27 746
28 6 2
6 29 839
30 6 715
6 31 211
32 6 415
6 33 996
34 6 921
35 6 274
6 36 679
6 37 551
6 38 561
6 39 603
40 6 542
41 6 258
6 42 860
43 6 484
44 6 507
6 45 179
46 6 683
47 6 535
6 48 45
6 49 704
50 6 301
6 51 978
52 6 667
6 53 878
54 6 300
6 55 744
6 57 1
6 58 204
6 59 728
6 60 862
61 6 595
6 62 436
63 6 321
64 6 731
6 65 940
6 66 502
67 6 377
6 68 935
69 6 61
70 6 908
71 6 609
6 72 236
74 6 439
6 75 422
7 8 529
9 7 152
10 7 610
11 7 987
7 12 217
13 7 785
7 14 42
7 15 345
16 7 340
17 7 934
18 7 212
19 7 165
20 7 412
21 7 5
7 22 793
23 7 408
24 7 601
25 7 339
7 26 397
27 7 759
7 28 865
29 7 581
7 30 948
31 7 130
7 32 229
33 7 196
7 34 592
7 35 750
36 7 188
37 7 205
7 38 533
7 39 5
40 7 874
41 7 398
42 7 20
7 43 588
7 44 698
7 45 493
7 46 797
7 47 637
48 7 685
7 49 465
7 50 543
7 51 630
7 52 672
7 53 414
7 54 149
7 55 40
56 7 464
57 7 997
58 7 592
7 59 70
7 60 455
7 61 639
62 7 184
63 7 628
7 64 810
7 65 847
7 66 9
7 67 785
68 7 662
7 69 588
7 70 319
7 71 888
72 7 416
7 73 969
7 74 171
75 7 1
8 9 952
10 8 228
11 8 969
12 8 706
8 13 650
8 14 481
15 8 380
16 8 395
8 19 554
20 8 961
8 21 619
22 8 677
8 23 88
8 24 978
8 25 825
26 8 782
8 27 416
8 28 611
29 8 879
8 30 377
31 8 622
8 32 975
8 33 148
34 8 350
35 8 626
8 36 846
8 37 390
38 8 831
39 8 74
8 40 268
8 41 89
42 8 653
8 43 502
44 8 680
8 45 227
8 46 738
8 47 163
48 8 568
8 49 205
50 8 715
8 51 578
8 52 426
8 53 434
8 54 148
55 8 768
8 56 756
8 57 168
58 8 415
8 59 23
8 60 49
61 8 502
62 8 801
8 63 203
8 64 974
65 8 636
8 66 589
67 8 599
8 68 884
69 8 621
8 70 243
8 71 151
72 8 947
8 73 111
74 8 339
75 8 807
9 10 86
9 11 878
9 12 971
9 13 605
9 14 190
9 15 335
9 16 804
17 9 495
9 18 22
9 19 423
9 20 207
21 9 318
9 22 242
9 23 218
24 9 265
9 25 320
9 26 683
27 9 587
9 28 332
29 9 301
30 9 782
9 31 3
32 9 625
33 9 624
9 34 964
9 35 613
36 9 970
37 9 28
9 38 710
39 9 144
9 40 621
41 9 323
42 9 363
43 9 308
9 44 451
45 9 566
9 46 948
9 47 169
9 48 417
9 49 569
9 50 542
51 9 902
52 9 111
53 9 74
54 9 526
55 9 146
9 56 679
57 9 448
58 9 81
9 59 438
9 60 68
9 61 467
62 9 923
63 9 938
64 9 779
9 65 71
9 66 686
9 67 182
68 9 253
9 69 321
9 70 824
9 71 275
72 9 286
9 73 247
74 9 181
75 9 602
10 11 40
10 12 262
10 13 703
14 10 5
15 10 56
16 10 504
10 17 750
18 10 242
10 19 644
10 20 483
10 21 379
22 10 674
23 10 183
10 24 735
25 10 956
10 26 611
27 10 755
10 28 13
29 10 775
30 10 641
10 31 795
10 32 275
10 33 885
10 34 250
10 35 781
10 36 699
10 37 193
10 38 880
39 10 644
10 40 89
41 10 301
42 10 298
43 10 275
10 44 216
45 10 678
10 46 582
47 10 704
48 10 719
10 49 76
10 50 467
51 10 404
10 52 720
10 53 889
54 10 674
10 55 564
10 56 835
10 57 813
10 58 622
59 10 793
60 10 487
10 61 45
10 62 645
10 63 924
64 10 687
10 65 683
66 10 208
10 67 22
68 10 385
69 10 877
10 70 794
10 71 171
10 72 7
73 10 111
10 74 421
75 10 817
12 11 428
13 11 975
11 14 960
11 15 787
11 16 249
17 11 502
11 18 258
11 19 86
11 20 434
11 21 403
22 11 753
23 11 207
24 11 908
25 11 739
11 26 276
27 11 235
28 11 767
29 11 127
11 30 810
31 11 723
32 11 733
11 33 218
11 34 99
11 35 983
11 36 617
37 11 463
11 38 661
39 11 480
11 40 41
11 41 248
11 42 124
43 11 19
11 44 394
45 11 967
46 11 761
47 11 965
48 11 265
49 11 834
50 11 838
11 51 599
11 52 904
53 11 175
11 54 81
55 11 484
56 11 576
57 11 789
11 58 916
59 11 941
60 11 655
11 61 863
62 11 948
11 63 259
11 64 362
11 65 279
66 11 611
67 11 4
11 68 289
69 11 781
70 11 537
11 71 841
11 72 346
73 11 163
74 11 139
11 75 273
13 12 363
12 14 207
12 15 667
16 12 226
12 17 908
12 18 578
12 19 732
20 12 735
12 21 463
12 22 740
23 12 131
12 24 815
25 12 913
26 12 793
27 12 784
12 28 196
12 29 553
12 30 160
31 12 219
32 12 598
12 33 592
34 12 348
35 12 107
12 36 46
12 37 301
38 12 920
12 39 68
12 40 964
12 41 415
12 42 735
12 43 173
12 44 696
45 12 683
46 12 647
47 12 943
12 48 731
12 49 770
12 50 208
51 12 215
52 12 150
12 53 741
54 12 651
12 55 155
12 56 492
57 12 73
12 58 118
12 59 507
60 12 674
61 12 19
62 12 442
12 64 524
12 65 38
67 12 618
68 12 657
69 12 386
70 12 187
12 71 557
72 12 353
12 73 613
12 74 977
75 12 23
14 13 895
13 15 23
16 13 368
13 17 226
13 18 339
13 19 25
20 13 828
13 21 514
22 13 408
23 13 233
13 24 639
25 13 639
26 13 540
27 13 120
13 28 981
13 29 350
13 30 190
31 13 141
32 13 188
13 33 544
34 13 141
13 35 873
36 13 913
13 37 805
13 38 989
39 13 618
40 13 530
13 41 673
42 13 506
43 13 937
13 45 286
13 46 475
13 47 558
13 48 846
49 13 279
13 50 768
51 13 948
13 52 463
13 53 244
54 13 26
13 55 752
13 56 513
57 13 28
13 58 864
13 59 870
13 60 106
61 13 119
13 62 165
13 63 315
13 64 303
13 65 437
13 66 496
13 67 861
13 68 421
13 69 444
13 70 87
71 13 801
13 72 553
73 13 885
74 13 1000
13 75 822
15 14 260
16 14 37
14 17 320
18 14 137
14 19 648
20 14 747
21 14 309
22 14 453
23 14 62
14 24 527
25 14 443
26 14 452
27 14 507
14 28 115
29 14 441
30 14 963
14 31 933
32 14 476
14 33 702
14 34 578
35 14 185
14 36 844
37 14 931
14 38 573
14 39 543
40 14 196
41 14 778
42 14 684
14 43 686
14 44 142
14 45 790
46 14 826
14 47 807
48 14 326
14 49 264
50 14 561
14 51 226
14 52 292
14 53 755
54 14 204
55 14 315
56 14 986
14 57 750
58 14 728
59 14 818
60 14 561
14 61 29
14 62 681
14 63 390
14 64 47
65 14 908
66 14 453
14 67 714
68 14 345
14 69 960
14 70 117
71 14 947
14 72 718
14 73 122
74 14 482
75 14 18
15 16 898
15 17 131
18 15 233
15 19 936
15 20 525
15 21 238
22 15 33
15 23 72
24 15 771
15 25 925
26 15 10
27 15 692
28 15 270
29 15 524
30 15 104
31 15 145
32 15 938
33 15 283
34 15 499
35 15 802
36 15 118
37 15 703
15 38 342
15 39 526
40 15 509
15 41 703
15 42 24
43 15 597
45 15 472
15 46 14
15 47 892
48 15 301
15 49 1
50 15 368
51 15 624
15 52 688
53 15 444
15 55 922
56 15 820
15 57 516
58 15 652
15 59 621
15 60 536
61 15 71
62 15 545
15 63 174
64 15 86
15 65 911
66 15 411
15 67 884
68 15 521
15 69 948
15 70 254
71 15 776
72 15 651
73 15 299
15 74 886
75 15 901
16 17 802
18 16 56
16 19 108
16 20 608
21 16 625
16 22 453
23 16 703
24 16 539
16 25 234
26 16 637
27 16 707
16 28 912
29 16 758
16 30 362
16 31 833
16 32 65
16 33 936
16 34 331
35 16 701
16 36 588
37 16 159
16 38 64
16 39 728
16 40 141
16 41 792
42 16 448
43 16 244
44 16 559
45 16 273
46 16 644
47 16 886
16 48 442
16 49 532
16 50 568
16 51 413
52 16 261
53 16 547
54 16 488
16 55 277
16 56 235
57 16 108
58 16 919
59 16 745
60 16 704
61 16 101
62 16 825
63 16 407
16 64 512
16 65 389
66 16 873
67 16 234
68 16 76
16 69 160
70 16 53
71 16 895
16 72 857
16 73 674
74 16 57
16 75 955
17 18 787
17 19 106
20 17 746
17 21 229
22 17 153
23 17 687
17 24 122
17 25 862
26 17 51
17 27 463
17 28 810
29 17 95
17 30 63
17 31 792
32 17 185
17 33 230
34 17 857
35 17 934
17 36 551
17 37 562
38 17 130
39 17 432
40 17 168
17 41 151
42 17 667
17 43 26
17 44 674
17 45 141
17 46 887
17 47 206
48 17 733
49 17 394
17 50 474
51 17 895
17 52 192
53 17 78
54 17 705
17 55 924
17 56 155
17 57 146
58 17 39
59 17 296
60 17 290
17 61 800
17 62 423
17 63 951
64 17 792
17 65 96
66 17 374
67 17 640
68 17 799
17 69 237
70 17 931
17 71 78
72 17 586
73 17 609
17 74 746
17 75 688
18 19 43
18 20 915
21 18 493
22 18 971
18 23 912
24 18 253
25 18 761
18 26 553
27 18 961
18 28 765
29 18 653
18 30 679
18 31 417
32 18 566
33 18 894
34 18 902
18 35 92
18 36 752
18 37 385
38 18 572
18 39 493
18 40 285
41 18 67
42 18 515
18 43 682
44 18 622
45 18 472
18 47 241
48 18 841
49 18 185
18 50 656
18 51 537
52 18 576
53 18 207
18 54 396
55 18 494
56 18 491
18 57 637
58 18 612
18 59 713
18 60 342
61 18 713
18 62 26
63 18 636
64 18 707
18 65 16
18 66 644
18 67 537
68 18 376
69 18 868
70 18 949
71 18 341
72 18 810
18 73 822
74 18 697
18 75 662
19 20 636
19 21 383
22 19 679
23 19 231
24 19 190
19 25 451
26 19 150
27 19 403
28 19 433
19 29 648
19 30 334
19 31 524
32 19 669
33 19 563
19 34 934
19 35 107
36 19 302
19 37 582
19 38 860
19 39 716
40 19 410
19 41 234
42 19 504
19 43 435
44 19 258
19 45 670
46 19 126
47 19 86
19 48 594
19 49 863
50 19 576
19 51 448
52 19 811
53 19 856
19 54 544
55 19 70
56 19 441
57 19 863
19 58 291
19 59 584
19 60 435
61 19 842
19 62 150
63 19 706
64 19 927
65 19 621
19 66 241
19 67 730
68 19 448
69 19 72
19 70 859
19 71 296
72 19 444
73 19 595
19 74 160
19 75 985
20 21 135
22 20 858
20 23 105
24 20 378
25 20 834
20 26 236
27 20 418
28 20 477
29 20 901
30 20 208
20 31 690
20 32 410
33 20 14
20 34 923
35 20 886
36 20 822
20 37 85
38 20 655
39 20 593
20 40 924
41 20 733
20 42 501
20 43 124
44 20 367
45 20 877
20 46 136
20 47 429
48 20 755
20 49 253
50 20 318
20 51 935
20 52 509
20 53 170
54 20 913
55 20 546
20 56 189
20 57 347
58 20 780
59 20 17
20 60 199
20 61 71
20 62 163
20 63 582
64 20 293
20 65 945
66 20 323
20 67 454
68 20 251
69 20 345
70 20 385
20 71 998
72 20 872
73 20 965
74 20 519
20 75 148
22 21 227
23 21 402
24 21 69
25 21 658
21 26 169
21 27 28
28 21 833
29 21 26
30 21 455
21 31 245
21 32 964
33 21 116
34 21 291
35 21 837
36 21 414
21 37 525
21 38 553
21 39 732
21 40 612
42 21 132
43 21 66
44 21 527
21 45 352
21 46 352
47 21 854
48 21 36
21 49 11
21 50 738
51 21 58
21 52 504
53 21 774
54 21 946
55 21 578
56 21 663
57 21 309
21 58 13
21 59 120
60 21 271
61 21 148
21 62 544
21 63 869
64 21 153
65 21 801
66 21 321
21 67 140
21 68 251
21 69 22
21 70 964
71 21 466
21 72 917
21 73 124
74 21 499
75 21 172
23 22 66
24 22 446
25 22 24
22 26 539
27 22 544
28 22 419
22 29 901
22 30 391
31 22 823
22 32 698
33 22 11
34 22 116
35 22 640
36 22 912
22 37 834
38 22 610
39 22 753
40 22 211
41 22 721
42 22 953
22 43 792
44 22 832
22 45 280
22 46 842
47 22 634
48 22 241
22 49 757
22 50 626
22 51 299
52 22 885
22 53 971
22 54 734
22 55 252
56 22 500
22 57 44
22 58 292
59 22 526
60 22 526
61 22 344
62 22 259
63 22 961
64 22 676
65 22 559
22 66 112
67 22 190
22 68 692
69 22 545
70 22 884
71 22 720
72 22 472
73 22 538
74 22 950
75 22 885
24 23 219
25 23 546
23 26 909
23 27 680
28 23 223
23 29 238
23 30 798
31 23 34
32 23 939
23 33 265
23 34 726
23 35 908
23 36 451
37 23 312
23 38 859
39 23 874
23 40 481
41 23 259
42 23 277
23 43 325
44 23 880
23 45 536
46 23 693
47 23 518
48 23 851
23 49 453
23 50 470
23 51 477
23 52 157
53 23 671
54 23 41
23 55 796
56 23 667
23 57 261
58 23 344
23 59 145
60 23 851
23 61 251
62 23 953
23 63 526
64 23 254
23 65 82
66 23 689
67 23 346
68 23 51
23 69 564
70 23 911
71 23 963
72 23 765
73 23 871
23 74 512
75 23 34
25 24 47
24 26 609
27 24 756
24 28 153
29 24 463
24 30 787
24 31 496
24 32 700
24 33 499
34 24 340
35 24 974
36 24 338
24 37 877
24 38 549
24 39 575
24 40 454
41 24 217
42 24 971
24 43 196
44 24 684
45 24 60
24 46 162
24 47 953
48 24 453
49 24 476
50 24 564
51 24 798
52 24 538
24 53 812
24 54 766
24 55 19
56 24 358
57 24 633
24 58 911
24 60 946
61 24 214
24 62 704
63 24 720
24 64 925
65 24 743
66 24 438
67 24 867
24 68 80
24 69 149
70 24 9
71 24 887
24 72 596
24 73 564
24 74 736
24 75 781
26 25 286
25 27 448
28 25 466
25 29 257
30 25 394
31 25 459
32 25 542
33 25 520
34 25 569
25 35 490
36 25 258
25 37 508
38 25 201
25 39 481
25 40 815
41 25 617
42 25 607
25 43 793
25 44 287
45 25 462
25 46 48
47 25 862
48 25 949
49 25 561
51 25 402
25 52 10
25 53 305
54 25 330
25 55 343
25 56 895
25 57 586
58 25 562
59 25 139
60 25 640
25 61 799
62 25 235
63 25 181
64 25 371
65 25 735
25 66 665
67 25 741
68 25 266
69 25 889
70 25 125
25 71 564
72 25 539
73 25 365
25 74 502
75 25 436
27 26 42
26 28 811
26 29 656
30 26 802
31 26 608
32 26 970
26 33 25
26 34 298
26 35 106
36 26 236
37 26 770
26 38 600
26 39 652
26 40 111
41 26 171
26 42 997
26 43 132
26 44 192
45 26 502
46 26 517
47 26 881
26 48 733
49 26 547
26 50 546
51 26 568
26 52 586
53 26 285
26 54 700
26 55 853
26 56 793
57 26 60
58 26 939
59 26 300
26 60 681
26 61 474
26 62 614
63 26 387
26 64 611
26 65 80
66 26 290
67 26 290
68 26 40
26 69 116
71 26 969
72 26 5
73 26 312
26 74 633
26 75 797
27 28 238
27 29 588
30 27 268
27 31 174
32 27 256
33 27 396
34 27 100
36 27 678
27 37 626
27 38 228
39 27 114
27 40 195
27 41 143
27 42 441
27 43 841
27 44 938
27 45 493
27 46 761
27 47 249
48 27 394
49 27 825
50 27 510
51 27 858
27 52 60
53 27 333
27 54 25
27 55 471
27 56 605
27 57 615
58 27 313
59 27 303
27 60 301
61 27 678
62 27 285
27 63 490
27 64 985
65 27 834
27 66 237
67 27 33
68 27 878
69 27 288
27 70 162
27 71 825
72 27 723
27 73 163
27 74 598
75 27 989
28 29 612
28 30 311
28 31 944
28 32 925
28 33 466
28 34 125
35 28 505
28 36 703
28 37 226
28 38 987
28 39 99
28 40 154
28 41 955
28 42 561
28 43 485
44 28 802
28 45 919
28 46 695
28 47 263
48 28 141
49 28 80
51 28 584
28 52 837
53 28 352
28 54 656
55 28 276
56 28 596
57 28 773
58 28 9
28 59 99
28 60 477
28 61 180
28 62 240
63 28 203
28 64 533
65 28 642
66 28 417
67 28 627
68 28 246
28 69 782
70 28 420
71 28 71
72 28 858
73 28 629
28 74 870
28 75 479
30 29 625
29 31 638
32 29 50
29 33 426
29 34 826
35 29 83
29 36 348
37 29 198
38 29 742
39 29 845
40 29 388
41 29 527
42 29 109
43 29 462
29 44 586
45 29 28
46 29 950
29 47 427
29 48 209
29 49 933
50 29 623
51 29 980
29 52 779
29 53 914
29 54 508
29 55 32
56 29 24
29 57 491
29 58 417
59 29 165
29 60 245
61 29 564
29 62 210
29 63 545
29 64 194
29 65 156
29 66 844
29 67 489
68 29 665
69 29 494
29 70 863
29 71 419
29 72 787
73 29 721
74 29 861
75 29 557
31 30 429
30 32 3
30 33 462
34 30 760
35 30 24
36 30 822
30 37 50
30 38 842
30 39 63
40 30 238
41 30 212
30 42 162
43 30 916
30 44 905
45 30 470
46 30 585
47 30 933
48 30 240
30 49 134
50 30 400
51 30 914
52 30 728
53 30 234
54 30 381
30 55 608
30 56 572
57 30 977
58 30 521
30 59 318
30 60 372
61 30 238
63 30 522
64 30 981
65 30 380
66 30 18
67 30 244
30 68 320
70 30 241
71 30 470
72 30 612
73 30 722
30 74 477
75 30 183
31 32 372
33 31 285
34 31 215
35 31 483
36 31 5
38 31 336
39 31 433
40 31 60
31 41 489
42 31 344
43 31 704
44 31 742
45 31 617
46 31 573
47 31 216
48 31 934
31 49 355
31 50 336
51 31 376
31 52 736
53 31 988
55 31 772
56 31 6
31 57 842
31 58 219
31 59 296
31 60 66
31 61 434
31 62 964
31 63 665
31 64 929
31 65 388
31 66 473
67 31 550
68 31 854
31 69 608
31 70 324
31 71 628
72 31 255
73 31 921
74 31 793
75 31 290
32 33 959
34 32 307
32 35 718
32 36 956
32 37 461
38 32 820
32 39 813
40 32 906
32 41 98
42 32 293
43 32 244
44 32 101
32 45 741
46 32 323
47 32 940
32 48 742
32 49 687
50 32 172
32 51 724
52 32 402
32 53 173
54 32 821
32 55 293
32 56 355
32 57 591
32 58 162
32 59 920
32 60 684
32 61 987
32 62 193
32 63 969
32 64 528
65 32 686
66 32 59
67 32 529
32 68 297
69 32 736
70 32 390
32 71 195
72 32 769
73 32 744
32 74 970
75 32 543
34 33 674
33 36 866
37 33 979
33 38 686
39 33 837
33 40 43
33 41 264
33 42 246
33 43 941
33 44 58
33 45 260
33 46 736
33 47 249
48 33 718
49 33 560
33 50 936
33 51 732
33 52 598
33 53 305
54 33 694
55 33 666
56 33 442
57 33 294
58 33 949
59 33 753
33 60 554
33 61 511
33 62 760
63 33 658
64 33 21
65 33 198
33 66 9
67 33 109
33 68 990
69 33 889
33 70 258
33 71 124
72 33 187
73 33 90
74 33 3
33 75 492
35 34 205
34 36 902
34 37 760
38 34 440
34 39 480
34 40 87
34 41 566
34 42 445
34 43 312
44 34 591
45 34 239
34 46 972
47 34 482
48 34 263
49 34 902
34 50 97
34 51 755
34 52 422
34 53 260
54 34 997
55 34 850
56 34 930
34 57 982
58 34 675
34 59 707
60 34 214
61 34 330
62 34 425
63 34 245
64 34 999
34 65 440
66 34 956
34 67 444
68 34 411
34 69 941
70 34 146
71 34 194
34 72 558
73 34 450
34 74 468
34 75 848
35 36 157
37 35 218
38 35 691
39 35 620
35 40 664
41 35 136
42 35 957
35 43 699
44 35 339
35 45 478
35 46 430
47 35 911
48 35 197
35 49 570
50 35 220
35 52 728
53 35 267
35 54 987
55 35 631
35 56 97
35 57 516
58 35 998
59 35 766
35 60 137
61 35 897
35 62 186
63 35 531
35 64 468
35 65 445
35 66 813
67 35 533
35 68 861
69 35 552
70 35 584
35 71 227
35 72 575
35 73 746
35 74 540
75 35 992
36 37 267
36 38 647
36 39 807
40 36 327
36 41 771
42 36 109
43 36 335
44 36 827
45 36 143
36 46 394
36 47 911
36 48 757
36 49 713
50 36 409
36 51 717
36 52 631
36 53 640
54 36 491
36 55 158
36 56 423
36 57 292
58 36 214
59 36 523
36 60 173
61 36 121
36 62 95
36 63 537
64 36 221
65 36 409
66 36 204
36 67 733
36 68 165
36 69 463
70 36 169
36 71 824
72 36 251
36 73 473
36 74 446
75 36 856
37 38 715
37 39 888
40 37 711
37 41 716
42 37 377
37 43 264
37 44 953
37 45 766
46 37 719
37 47 124
48 37 199
49 37 181
50 37 766
51 37 264
52 37 351
53 37 181
54 37 799
37 55 226
56 37 843
57 37 792
58 37 416
60 37 369
37 61 916
62 37 120
63 37 312
37 64 693
65 37 538
66 37 728
37 67 756
68 37 244
69 37 471
37 70 25
37 71 885
72 37 84
73 37 28
74 37 593
37 75 157
39 38 187
38 40 149
38 41 918
42 38 15
38 43 423
38 44 454
38 45 797
46 38 792
38 47 787
38 48 348
49 38 503
38 50 400
51 38 761
52 38 593
53 38 565
54 38 17
55 38 172
56 38 409
57 38 329
58 38 50
59 38 679
60 38 605
62 38 396
63 38 850
38 64 566
38 65 864
66 38 411
38 67 909
38 68 746
69 38 754
38 70 981
38 71 17
38 72 264
73 38 826
74 38 506
75 38 421
39 40 885
41 39 71
39 42 113
39 43 641
39 44 283
45 39 179
39 46 658
47 39 235
39 48 52
39 49 249
39 50 843
39 51 881
52 39 722
53 39 201
39 54 987
55 39 587
56 39 867
57 39 502
39 58 280
59 39 9
60 39 351
61 39 960
39 62 626
39 63 115
64 39 181
39 65 412
66 39 333
67 39 185
39 68 351
69 39 985
70 39 5
39 71 911
39 72 284
39 73 555
39 74 258
75 39 830
40 41 102
42 40 320
43 40 334
40 44 459
40 45 501
46 40 592
47 40 514
48 40 943
40 49 513
50 40 904
40 51 202
40 52 93
40 53 578
54 40 753
55 40 561
40 56 147
40 57 74
40 58 92
59 40 603
40 60 272
40 61 420
62 40 640
63 40 991
40 64 853
40 65 213
40 66 725
40 67 922
68 40 251
69 40 167
70 40 389
71 40 288
72 40 741
73 40 352
40 74 119
75 40 382
41 42 410
43 41 605
44 41 789
46 41 641
41 47 547
48 41 526
41 49 22
41 50 915
41 51 564
52 41 612
53 41 909
54 41 383
55 41 850
41 56 740
41 57 299
58 41 565
59 41 85
41 60 944
41 61 652
41 62 833
41 63 332
64 41 213
65 41 756
66 41 928
41 67 748
41 68 314
41 69 38
41 70 628
71 41 965
72 41 43
41 73 200
74 41 418
41 75 276
43 42 19
44 42 297
42 45 828
46 42 914
47 42 685
48 42 871
42 49 692
42 50 855
51 42 977
42 52 52
53 42 131
54 42 675
55 42 632
42 56 483
57 42 862
58 42 114
42 59 37
42 60 83
61 42 389
42 62 609
63 42 17
64 42 389
42 65 801
66 42 65
67 42 487
42 68 85
69 42 836
42 70 493
71 42 985
72 42 220
42 73 437
74 42 78
42 75 742
43 44 42
43 45 508
43 46 907
43 47 184
48 43 935
43 49 889
50 43 465
51 43 819
52 43 343
43 53 308
54 43 473
55 43 866
43 56 842
43 57 24
58 43 127
59 43 431
43 60 950
43 61 873
43 62 165
63 43 502
64 43 392
65 43 802
43 66 765
43 67 405
43 68 625
43 69 646
70 43 708
71 43 140
43 72 165
73 43 820
74 43 631
43 75 811
45 44 539
46 44 788
47 44 91
44 48 154
49 44 680
50 44 690
44 51 926
44 52 255
44 53 158
54 44 351
55 44 763
44 56 118
57 44 5
44 58 570
59 44 539
44 60 919
44 61 766
62 44 484
63 44 348
64 44 43
65 44 295
44 66 526
44 67 826
44 69 335
70 44 176
71 44 499
72 44 21
44 73 21
44 74 347
44 75 200
45 46 278
47 45 195
45 48 465
50 45 805
51 45 765
45 52 529
53 45 375
45 54 423
45 55 40
56 45 375
45 57 657
45 58 314
45 59 412
60 45 132
61 45 175
62 45 401
63 45 108
45 64 971
45 65 123
45 66 11
67 45 579
68 45 529
69 45 244
70 45 153
71 45 461
72 45 928
45 73 918
45 74 903
45 75 216
47 46 452
46 48 299
46 49 897
46 50 940
51 46 620
46 52 994
46 53 300
46 54 520
55 46 229
56 46 483
57 46 749
46 58 611
46 59 765
60 46 269
61 46 562
62 46 53
63 46 578
46 64 865
46 65 109
46 66 45
46 67 569
46 68 61
46 69 314
46 70 400
46 71 46
72 46 626
46 73 178
46 74 174
46 75 116
47 48 960
49 47 982
50 47 690
47 51 68
47 52 737
47 53 413
54 47 960
55 47 523
47 56 200
47 57 304
47 58 81
59 47 834
47 60 199
61 47 941
47 62 656
63 47 869
64 47 85
65 47 683
47 66 762
47 67 383
47 68 630
69 47 983
70 47 775
71 47 312
72 47 44
73 47 278
47 74 668
75 47 181
48 49 825
50 48 941
48 51 881
52 48 150
48 53 659
54 48 443
48 55 934
48 56 974
57 48 972
48 58 855
59 48 164
60 48 425
61 48 133
48 62 34
48 63 164
48 64 17
48 65 38
66 48 171
67 48 118
48 68 236
48 69 152
48 70 900
48 71 855
72 48 352
73 48 532
74 48 925
75 48 373
50 49 605
51 49 402
49 52 657
53 49 203
54 49 904
49 55 982
49 56 510
57 49 97
58 49 578
59 49 127
60 49 38
61 49 53
62 49 511
49 63 595
64 49 334
65 49 487
49 66 824
49 67 279
49 68 804
69 49 504
70 49 425
49 72 934
73 49 933
74 49 217
75 49 861
51 50 570
52 50 450
50 53 56
54 50 905
50 55 71
56 50 681
50 57 398
50 58 991
59 50 76
60 50 733
50 61 247
62 50 322
63 50 560
50 64 915
50 65 786
66 50 172
67 50 319
68 50 16
50 69 710
50 70 568
50 71 495
50 72 843
73 50 519
74 50 121
50 75 656
52 51 432
51 53 125
54 51 786
51 55 6
51 56 163
57 51 178
58 51 201
59 51 11
51 60 222
51 61 488
62 51 555
51 63 740
51 64 225
65 51 230
66 51 556
67 51 901
68 51 491
51 69 91
51 70 413
51 71 680
51 72 942
73 51 966
51 74 705
51 75 710
53 52 400
54 52 419
52 55 882
56 52 351
52 57 473
58 52 155
52 59 521
60 52 719
61 52 432
62 52 991
63 52 257
52 64 476
52 65 526
66 52 692
67 52 768
68 52 509
69 52 653
70 52 121
52 71 789
72 52 343
73 52 755
74 52 993
52 75 256
54 53 990
55 53 519
53 56 235
57 53 649
53 58 29
59 53 150
53 60 109
53 61 824
62 53 436
53 63 247
53 64 361
53 65 731
66 53 648
67 53 904
53 68 464
69 53 702
53 70 197
71 53 433
53 72 699
53 73 493
74 53 960
75 53 798
54 55 264
56 54 36
57 54 800
54 58 607
54 59 669
60 54 567
61 54 173
54 62 308
63 54 332
54 64 90
54 65 582
54 66 663
54 67 955
54 68 711
54 69 502
54 70 333
72 54 368
73 54 632
54 74 421
54 75 670
56 55 710
55 57 282
58 55 998
55 59 214
60 55 359
61 55 292
55 62 756
63 55 539
64 55 985
55 65 764
66 55 137
55 67 325
55 68 694
55 69 857
70 55 99
72 55 160
55 73 856
55 74 565
75 55 255
57 56 483
56 58 566
59 56 103
60 56 253
61 56 825
56 62 480
63 56 192
64 56 993
56 65 404
66 56 904
56 67 751
56 68 445
69 56 350
56 70 304
56 71 777
72 56 189
73 56 258
74 56 325
56 75 594
58 57 428
59 57 985
60 57 439
57 61 617
57 62 927
57 63 84
64 57 890
57 65 964
57 66 800
67 57 337
57 68 579
69 57 366
70 57 724
71 57 520
57 72 686
57 73 329
74 57 236
75 57 371
58 59 192
60 58 457
61 58 358
58 62 301
63 58 78
58 64 284
65 58 929
66 58 332
67 58 437
68 58 625
58 69 23
58 70 264
58 71 961
58 72 524
58 73 256
58 74 870
75 58 232
59 60 565
59 61 570
62 59 540
63 59 833
59 64 227
65 59 500
66 59 971
59 67 959
68 59 800
59 69 90
70 59 41
71 59 6
72 59 246
73 59 810
74 59 59
59 75 145
60 61 335
62 60 840
60 63 64
60 64 753
60 65 136
60 66 200
60 67 540
68 60 52
69 60 492
60 70 753
60 71 192
60 72 800
73 60 370
60 74 256
60 75 355
61 62 403
63 61 465
64 61 266
61 65 618
66 61 817
61 67 622
68 61 211
69 61 231
70 61 851
61 71 756
72 61 957
73 61 64
74 61 735
62 63 990
64 62 72
65 62 967
62 66 205
67 62 377
62 68 531
69 62 901
62 70 369
62 72 529
73 62 812
62 74 924
75 62 686
63 64 865
63 65 988
63 66 534
67 63 293
63 68 776
63 69 65
70 63 238
71 63 616
63 72 507
63 73 574
63 74 82
63 75 44
65 64 44
66 64 694
67 64 774
68 64 550
64 69 480
64 70 941
64 71 594
64 72 463
64 73 267
74 64 960
64 75 504
66 65 529
65 67 641
65 68 856
65 69 647
70 65 388
65 71 105
72 65 360
65 73 164
65 74 868
75 65 799
66 67 8
66 68 41
69 66 113
70 66 349
71 66 515
66 72 351
73 66 214
74 66 497
75 66 65
68 67 671
67 69 537
70 67 237
67 71 5
67 72 157
67 73 394
74 67 31
67 75 699
68 69 224
70 68 82
68 71 587
68 72 776
68 73 343
74 68 280
75 68 113
69 70 685
71 69 500
72 69 909
69 73 469
74 69 487
75 69 136
70 71 932
72 70 633
70 73 590
70 74 144
75 70 132
72 71 971
73 71 372
74 71 951
75 71 855
73 72 699
74 72 197
72 75 112
74 73 637
73 75 18
75 74 204

END
