INSTANCE_NAME b10.dat
NB_VERTICES 75
NB_ARCS 156
NB_REQUESTS 0
NB_BLOCKAGES 39
NB_A' 5394

VERTICES
1 0 0
2 0 0
3 0 0
4 0 0
5 0 0
6 0 0
7 0 0
8 0 0
9 0 0
10 0 0
11 0 0
12 0 0
13 0 0
14 0 0
15 0 0
16 0 0
17 0 0
18 0 0
19 0 0
20 0 0
21 0 0
22 0 0
23 0 0
24 0 0
25 0 0
26 0 0
27 0 0
28 0 0
29 0 0
30 0 0
31 0 0
32 0 0
33 0 0
34 0 0
35 0 0
36 0 0
37 0 0
38 0 0
39 0 0
40 0 0
41 0 0
42 0 0
43 0 0
44 0 0
45 0 0
46 0 0
47 0 0
48 0 0
49 0 0
50 0 0
51 0 0
52 0 0
53 0 0
54 0 0
55 0 0
56 0 0
57 0 0
58 0 0
59 0 0
60 0 0
61 0 0
62 0 0
63 0 0
64 0 0
65 0 0
66 0 0
67 0 0
68 0 0
69 0 0
70 0 0
71 0 0
72 0 0
73 0 0
74 0 0
75 0 0

ARCS
2 8 9
8 40 2
40 12 8
12 15 4
15 37 3
37 31 8
31 9 6
9 41 8
41 32 5
32 14 6
14 21 4
21 60 7
60 25 4
25 39 9
39 10 1
10 35 9
35 45 10
45 23 3
23 8 6
8 17 8
17 12 5
12 39 4
39 29 7
29 23 5
23 27 9
27 1 3
1 7 8
7 61 2
61 26 4
26 2 7
2 24 6
24 62 6
62 22 4
22 40 2
40 71 4
71 7 4
7 66 1
66 18 1
18 5 2
5 51 5
51 1 8
1 56 4
56 11 8
11 30 5
30 29 3
29 64 7
64 46 10
46 23 3
23 48 9
48 2 4
2 58 3
58 49 3
49 48 10
48 34 5
34 9 8
9 38 7
38 33 4
33 14 9
14 49 8
33 45 10
45 34 7
34 16 7
16 51 8
51 44 5
44 27 4
27 24 3
24 65 6
65 35 9
35 59 6
59 45 3
45 36 4
36 34 6
34 46 4
46 3 8
3 75 9
75 27 1
75 61 9
75 67 2
67 34 4
34 42 1
42 18 8
18 6 8
6 70 4
70 12 1
12 68 7
68 47 6
47 75 8
75 7 5
75 33 9
75 57 7
57 63 2
63 22 6
22 72 4
72 67 6
67 29 8
67 32 8
32 43 10
43 9 3
9 46 5
46 28 5
28 73 10
73 23 5
23 26 5
26 4 10
4 60 5
60 42 8
42 53 2
53 35 7
35 73 3
73 11 2
73 12 9
73 18 7
18 13 4
13 36 7
36 26 8
26 73 6
73 22 4
73 38 5
73 44 7
73 53 4
53 55 2
55 46 4
46 31 3
31 64 8
64 57 8
64 60 1
60 71 1
71 45 6
71 19 6
19 39 10
71 20 9
20 50 7
50 17 8
50 43 7
50 71 7
20 69 7
69 5 3
69 24 5
69 41 5
60 72 9
64 16 10
16 59 2
59 66 1
66 54 4
54 48 6
48 65 8
65 56 7
56 52 6
52 59 9
55 58 7
58 23 4
32 62 3
30 10 7
10 37 9
30 74 10
74 1 4

REQUESTS

BLOCKAGES
56 11
75 33
75 27
23 26
50 43
26 73
29 64
67 29
73 44
18 5
7 66
73 38
48 34
12 39
53 35
49 48
71 20
67 34
1 56
39 10
64 46
46 23
37 31
2 24
34 42
55 46
23 48
41 32
27 1
48 2
75 61
59 45
73 23
35 73
29 23
75 7
60 42
71 7
75 57

A'
2 1 884
3 1 840
4 1 808
5 1 168
1 6 643
7 1 575
8 1 298
1 9 615
10 1 422
1 11 146
12 1 120
13 1 144
1 14 172
15 1 75
1 16 347
1 17 806
1 18 488
1 19 854
20 1 278
21 1 621
1 22 426
23 1 874
1 24 778
1 25 496
26 1 734
1 28 205
1 29 645
1 30 23
1 31 890
1 32 44
33 1 548
1 34 118
35 1 479
36 1 822
1 37 385
1 38 277
39 1 319
1 40 60
41 1 848
42 1 244
1 43 112
1 44 691
1 45 263
46 1 805
1 47 455
48 1 134
1 49 826
50 1 898
1 51 719
52 1 507
53 1 164
1 54 385
55 1 135
56 1 993
1 57 55
1 58 526
1 59 35
1 60 625
61 1 633
1 62 504
63 1 630
64 1 792
65 1 591
66 1 462
1 67 759
68 1 764
69 1 104
70 1 109
1 71 945
72 1 276
73 1 40
1 75 426
2 3 492
2 4 704
5 2 929
2 6 254
7 2 285
8 2 859
9 2 874
2 10 84
2 11 636
2 12 649
2 13 818
2 14 80
2 15 865
2 16 309
17 2 297
2 18 737
2 19 159
2 20 765
21 2 286
2 22 355
2 23 430
24 2 895
25 2 437
2 26 200
2 27 39
2 28 207
2 29 437
2 30 125
2 31 67
32 2 670
33 2 870
2 34 854
2 35 550
2 36 818
37 2 636
2 38 108
39 2 440
2 40 71
2 41 683
2 42 947
43 2 469
44 2 576
45 2 790
2 46 910
2 47 188
2 48 570
49 2 689
2 50 788
2 51 41
52 2 776
2 53 832
2 54 796
2 55 237
2 56 147
2 57 487
58 2 992
59 2 598
2 60 916
2 61 971
62 2 595
63 2 108
64 2 567
65 2 588
66 2 386
2 67 663
2 68 360
69 2 45
70 2 766
71 2 373
2 72 904
73 2 709
2 74 518
75 2 815
4 3 398
5 3 961
3 6 647
7 3 508
3 8 865
9 3 272
3 10 779
3 11 763
3 12 780
13 3 292
14 3 792
3 15 513
16 3 875
17 3 942
3 18 231
3 19 528
3 20 893
3 21 324
22 3 556
23 3 456
3 24 630
25 3 22
3 26 13
3 27 545
3 28 943
3 29 41
3 30 852
31 3 780
3 32 477
3 33 821
3 34 829
3 35 687
36 3 835
3 37 964
38 3 193
39 3 514
3 40 498
41 3 581
3 42 671
43 3 5
44 3 312
45 3 698
47 3 829
3 48 778
3 49 412
50 3 83
51 3 875
52 3 946
53 3 470
3 54 781
55 3 553
3 56 738
3 57 534
58 3 758
3 59 955
3 60 321
3 61 771
3 62 4
63 3 75
64 3 853
65 3 321
66 3 949
3 67 441
3 68 784
69 3 285
3 70 151
3 71 869
3 72 277
3 73 190
3 74 411
75 3 107
5 4 199
6 4 566
7 4 827
8 4 687
9 4 831
4 10 317
11 4 907
4 12 25
4 13 20
14 4 957
4 15 498
16 4 761
4 17 578
4 18 159
4 19 445
20 4 422
4 21 141
4 22 198
4 23 684
4 24 350
4 25 947
4 27 853
4 28 20
4 29 795
30 4 850
4 31 530
4 32 76
4 33 955
34 4 462
4 35 173
36 4 68
4 37 219
38 4 365
4 39 442
40 4 592
41 4 899
4 42 302
4 43 385
4 44 349
45 4 706
46 4 846
47 4 576
48 4 890
49 4 649
4 50 528
51 4 782
52 4 341
4 53 705
54 4 242
4 55 9
56 4 156
4 57 442
4 58 715
4 59 483
60 4 708
4 61 613
62 4 126
63 4 177
4 64 423
65 4 719
4 66 997
4 67 601
68 4 851
69 4 394
4 70 155
4 71 276
4 72 365
73 4 119
74 4 894
75 4 142
6 5 492
5 7 505
5 8 646
9 5 985
5 10 857
11 5 74
5 12 202
5 13 894
5 14 330
15 5 496
5 16 745
17 5 146
5 19 264
5 20 85
21 5 33
5 22 60
5 23 894
24 5 784
25 5 13
26 5 783
27 5 628
5 28 268
29 5 586
5 30 983
5 31 519
5 32 320
33 5 963
34 5 480
35 5 320
36 5 147
5 37 954
5 38 489
39 5 587
5 40 773
41 5 531
5 42 18
5 43 247
44 5 163
5 45 308
46 5 760
5 47 314
48 5 467
49 5 859
5 50 207
51 5 862
52 5 881
53 5 910
5 54 14
5 55 345
5 56 799
57 5 45
5 58 737
5 59 804
60 5 827
5 61 747
5 62 289
5 63 17
64 5 40
65 5 405
5 66 405
5 67 950
68 5 785
5 69 358
5 70 59
71 5 287
72 5 281
5 73 24
74 5 327
5 75 619
7 6 291
8 6 443
9 6 481
10 6 38
6 11 685
6 12 470
13 6 763
14 6 78
15 6 982
16 6 48
17 6 841
19 6 474
6 20 625
6 21 400
6 22 813
6 23 94
24 6 698
6 25 361
6 26 413
27 6 545
6 28 54
29 6 969
6 30 414
31 6 158
32 6 267
6 33 393
34 6 798
6 35 26
6 36 60
37 6 225
6 38 680
6 39 456
6 40 342
41 6 237
6 42 401
43 6 312
6 44 118
6 45 981
46 6 850
6 47 435
6 48 39
6 49 124
50 6 397
51 6 258
6 52 925
53 6 31
54 6 152
55 6 686
56 6 655
6 57 951
58 6 55
6 59 564
6 60 245
6 61 54
6 62 34
63 6 266
6 64 668
65 6 260
6 66 890
6 67 872
6 68 704
6 69 474
70 6 92
71 6 52
6 72 433
6 73 152
74 6 615
75 6 10
8 7 611
9 7 656
7 10 255
11 7 419
7 12 662
13 7 338
14 7 900
15 7 68
16 7 166
7 17 809
7 18 52
7 19 3
7 20 213
21 7 322
22 7 573
23 7 389
24 7 450
25 7 530
7 26 317
27 7 978
7 28 979
29 7 880
7 30 579
7 31 832
7 32 841
7 33 1
7 34 204
7 35 728
7 36 862
37 7 595
7 38 436
39 7 321
40 7 731
7 41 940
7 42 502
43 7 377
7 44 935
45 7 61
46 7 908
7 47 609
7 48 236
49 7 343
50 7 316
7 51 206
52 7 175
7 53 315
7 54 487
55 7 846
56 7 188
57 7 616
7 58 54
59 7 873
7 60 953
61 7 557
7 62 177
63 7 311
7 64 477
65 7 202
66 7 427
7 67 673
68 7 911
69 7 562
70 7 325
7 72 865
73 7 581
7 74 948
8 9 640
10 8 63
8 11 440
8 12 712
8 13 3
8 14 755
15 8 332
16 8 964
17 8 485
8 18 695
8 19 623
8 20 156
8 21 236
8 22 520
8 24 797
8 25 637
26 8 685
8 27 465
8 28 543
8 29 630
8 30 672
8 31 414
8 32 149
8 33 40
34 8 464
35 8 997
36 8 592
8 37 70
8 38 455
8 39 639
40 8 184
41 8 628
8 42 810
8 43 847
8 44 9
8 45 785
46 8 662
8 47 588
8 48 319
8 49 888
50 8 416
8 51 969
8 52 171
53 8 1
8 54 952
55 8 228
56 8 969
57 8 706
8 58 650
8 59 481
60 8 380
61 8 395
62 8 815
8 63 554
64 8 961
8 65 619
66 8 677
8 67 88
8 68 978
8 69 825
70 8 782
8 71 416
8 72 611
73 8 879
8 74 377
75 8 622
9 10 975
9 11 148
12 9 350
13 9 626
9 14 846
9 15 390
16 9 831
17 9 74
9 18 268
9 19 89
20 9 653
9 21 502
22 9 680
9 23 227
9 24 738
9 25 163
26 9 568
9 27 205
28 9 715
9 29 578
9 30 426
9 31 434
9 32 148
33 9 768
9 34 756
9 35 168
36 9 415
9 37 23
38 9 49
39 9 502
40 9 801
41 9 203
9 42 974
9 44 40
45 9 565
46 9 14
9 47 385
48 9 32
49 9 740
50 9 351
51 9 318
52 9 361
53 9 485
54 9 740
9 55 308
9 56 886
57 9 432
58 9 296
9 59 240
60 9 130
9 61 286
62 9 40
9 63 468
64 9 616
65 9 573
9 66 506
9 67 428
9 68 581
69 9 24
9 70 350
71 9 549
72 9 654
9 73 191
74 9 521
9 75 988
11 10 585
12 10 497
10 13 646
10 14 46
15 10 171
10 16 931
10 17 212
10 18 245
10 19 974
20 10 463
21 10 303
22 10 261
10 23 694
24 10 961
10 25 232
10 26 568
27 10 572
28 10 144
29 10 380
10 30 181
10 31 511
32 10 929
10 33 821
10 34 217
35 10 146
36 10 821
37 10 393
38 10 108
10 39 884
10 40 4
41 10 15
42 10 635
10 43 691
44 10 506
45 10 672
10 46 324
10 47 149
48 10 608
49 10 130
10 50 466
51 10 855
10 52 722
53 10 719
54 10 685
10 55 248
10 56 68
10 57 314
58 10 551
59 10 833
10 60 427
10 61 94
10 62 37
10 63 354
10 64 914
65 10 820
66 10 109
10 67 17
68 10 920
69 10 363
10 70 336
71 10 347
72 10 224
73 10 809
74 10 17
75 10 182
12 11 496
13 11 896
14 11 868
11 15 880
16 11 84
17 11 512
18 11 372
11 19 375
11 20 614
21 11 951
22 11 699
11 23 407
24 11 310
11 25 49
11 26 856
11 27 472
11 28 857
29 11 588
30 11 968
31 11 857
11 32 166
11 33 948
34 11 599
11 35 532
11 36 762
37 11 216
38 11 484
11 39 87
40 11 837
41 11 822
42 11 68
43 11 748
11 44 363
45 11 1000
46 11 505
11 47 438
11 48 927
49 11 911
50 11 410
11 51 440
52 11 628
53 11 983
54 11 628
55 11 255
57 11 428
58 11 975
11 59 960
11 60 787
11 61 249
62 11 502
11 63 258
11 64 86
11 65 434
11 66 403
67 11 753
68 11 207
69 11 908
70 11 739
11 71 276
72 11 235
74 11 561
75 11 726
12 13 913
14 12 411
15 12 224
12 16 990
12 18 983
12 19 617
20 12 463
12 21 661
22 12 480
12 23 41
12 24 248
12 25 124
12 26 19
12 27 394
28 12 967
29 12 761
30 12 965
31 12 265
32 12 834
33 12 838
12 34 599
12 35 904
36 12 175
12 37 81
38 12 484
39 12 576
41 12 700
12 42 159
43 12 309
44 12 908
45 12 415
12 46 828
47 12 564
12 48 92
49 12 199
50 12 877
12 51 866
52 12 531
53 12 369
54 12 264
55 12 464
12 56 629
57 12 613
58 12 456
59 12 793
60 12 488
61 12 662
62 12 465
12 63 28
12 64 856
12 65 870
12 66 581
67 12 372
68 12 868
12 69 351
12 71 815
72 12 913
74 12 51
12 75 66
13 14 498
15 13 402
13 16 571
17 13 737
13 18 478
13 19 175
13 20 675
21 13 434
13 22 570
23 13 137
13 24 784
13 25 734
13 26 332
27 13 756
28 13 198
29 13 930
13 30 77
31 13 855
32 13 253
33 13 596
34 13 534
13 35 430
36 13 229
37 13 253
13 38 516
39 13 69
40 13 808
41 13 966
13 42 569
43 13 226
13 44 246
45 13 813
13 46 189
47 13 321
13 48 961
13 49 524
13 50 38
51 13 53
13 52 519
53 13 767
13 54 397
55 13 388
56 13 693
57 13 400
58 13 426
59 13 731
60 13 483
61 13 696
62 13 266
13 63 816
13 64 636
65 13 424
66 13 995
13 67 642
13 68 485
13 69 251
70 13 946
71 13 141
72 13 343
13 73 251
13 74 516
75 13 142
14 15 876
14 16 373
17 14 909
14 18 718
14 19 879
20 14 920
21 14 969
22 14 738
23 14 672
24 14 389
14 25 979
14 26 256
27 14 69
14 28 793
29 14 839
14 30 286
14 31 475
14 32 558
14 33 846
34 14 279
14 35 768
36 14 948
14 37 463
14 38 244
39 14 26
14 40 752
14 41 513
42 14 28
14 43 864
14 44 870
14 45 106
46 14 119
14 47 165
14 48 315
49 14 303
14 50 437
14 51 496
14 52 861
14 53 421
14 54 444
14 55 87
56 14 801
14 57 553
58 14 885
59 14 1000
14 60 822
61 14 260
62 14 37
14 63 320
64 14 137
14 65 648
66 14 747
67 14 309
68 14 453
69 14 62
14 70 527
71 14 443
72 14 452
73 14 507
14 74 115
75 14 441
16 15 963
15 17 933
18 15 476
15 19 702
15 20 578
21 15 185
15 22 844
23 15 931
15 24 573
15 25 543
26 15 196
27 15 778
28 15 684
15 29 686
15 30 142
15 31 790
32 15 826
15 33 807
34 15 326
15 35 264
36 15 561
37 15 226
15 38 292
15 39 755
40 15 204
41 15 315
42 15 986
15 43 750
44 15 728
45 15 818
46 15 561
15 47 29
15 48 681
15 49 390
15 50 47
51 15 908
52 15 453
15 53 714
15 54 345
15 55 960
15 56 117
57 15 947
15 58 718
15 59 122
60 15 482
61 15 18
15 62 898
15 63 131
64 15 233
15 65 936
15 66 525
15 67 238
68 15 33
15 69 72
70 15 771
15 71 925
72 15 10
73 15 692
74 15 270
75 15 524
17 16 104
18 16 145
19 16 938
20 16 283
21 16 499
22 16 802
23 16 118
24 16 703
16 25 342
16 26 526
27 16 509
16 28 703
16 29 24
30 16 597
31 16 559
16 32 396
16 33 364
16 34 367
35 16 518
36 16 823
16 37 571
16 38 742
16 39 663
16 40 837
16 41 922
42 16 820
16 43 516
44 16 652
16 45 621
16 46 536
47 16 71
48 16 545
16 49 174
50 16 86
51 16 911
52 16 411
16 53 884
54 16 521
16 55 948
16 56 254
57 16 776
58 16 651
59 16 299
16 60 886
61 16 901
16 62 802
63 16 56
16 64 108
16 65 608
66 16 625
16 67 453
68 16 703
69 16 539
16 70 234
71 16 637
72 16 707
16 73 912
74 16 758
16 75 362
17 18 833
17 19 65
17 20 936
17 21 331
22 17 701
17 23 588
24 17 159
17 25 64
17 26 728
17 27 141
17 28 792
29 17 448
30 17 244
31 17 559
32 17 273
33 17 644
34 17 886
17 35 442
17 36 532
17 37 568
17 38 413
39 17 261
40 17 547
17 41 488
17 42 277
17 43 235
44 17 108
45 17 919
46 17 745
47 17 704
48 17 101
49 17 825
51 17 266
17 52 290
53 17 79
54 17 153
17 55 485
17 56 780
17 57 915
58 17 437
59 17 288
60 17 354
17 61 127
62 17 418
63 17 760
64 17 408
17 65 611
17 66 864
67 17 257
68 17 617
69 17 378
17 70 920
17 71 549
72 17 22
73 17 456
17 74 709
75 17 666
19 18 768
18 20 119
21 18 98
18 22 971
23 18 687
18 24 954
25 18 162
18 26 55
18 27 249
18 28 251
18 29 294
30 18 571
31 18 614
18 32 476
18 33 120
34 18 736
35 18 284
18 36 423
37 18 435
18 38 942
18 39 679
40 18 24
18 41 457
18 42 321
43 18 862
18 44 224
45 18 74
18 46 821
47 18 171
18 48 713
18 49 788
18 50 528
51 18 6
52 18 155
18 53 696
18 54 265
18 55 343
18 56 917
57 18 70
58 18 855
59 18 512
18 60 437
18 61 224
62 18 624
18 63 256
18 64 388
65 18 488
67 18 493
68 18 971
18 69 912
70 18 253
71 18 761
18 72 553
74 18 142
75 18 243
20 19 842
21 19 590
22 19 287
19 23 515
19 24 253
19 25 936
19 26 816
19 27 584
28 19 75
19 29 648
30 19 824
31 19 605
32 19 189
33 19 380
19 34 279
19 35 687
19 36 653
19 37 241
38 19 841
39 19 185
19 40 656
19 41 537
42 19 576
43 19 207
19 44 396
45 19 494
46 19 491
19 47 637
48 19 612
19 49 713
19 50 342
51 19 713
19 52 26
53 19 636
54 19 707
19 55 16
19 56 644
19 57 537
58 19 376
59 19 868
60 19 949
61 19 341
62 19 810
19 63 822
64 19 697
19 65 662
19 66 636
19 67 383
68 19 679
69 19 231
70 19 190
19 71 451
72 19 150
73 19 403
74 19 433
19 75 648
20 21 334
20 22 524
23 20 669
24 20 563
20 25 934
20 26 107
27 20 302
20 28 582
20 29 860
20 30 716
31 20 410
20 32 234
33 20 504
20 34 435
35 20 258
20 36 670
37 20 126
38 20 86
20 39 594
20 40 863
41 20 576
20 42 448
43 20 811
44 20 856
20 45 544
46 20 70
47 20 441
48 20 863
20 49 291
50 20 584
20 51 435
52 20 842
20 53 150
54 20 706
55 20 927
20 56 621
20 57 241
20 58 730
59 20 448
60 20 72
20 61 859
20 62 296
63 20 444
64 20 595
20 65 160
20 66 985
20 67 135
68 20 858
69 20 105
70 20 378
20 72 350
20 73 75
20 74 965
75 20 865
22 21 549
21 23 760
21 24 504
21 25 485
21 26 356
27 21 525
21 28 907
21 29 20
30 21 679
31 21 542
32 21 384
21 33 427
34 21 160
35 21 150
21 36 977
37 21 377
38 21 574
21 39 918
40 21 897
41 21 794
42 21 677
21 43 138
44 21 140
45 21 20
21 46 163
47 21 763
21 48 836
49 21 278
50 21 689
21 51 823
52 21 146
53 21 246
54 21 686
55 21 500
21 56 917
57 21 834
58 21 963
59 21 880
60 21 831
61 21 623
62 21 163
63 21 242
21 64 925
21 65 697
66 21 651
67 21 982
21 68 717
69 21 570
21 70 741
71 21 983
21 72 714
73 21 602
21 74 843
75 21 481
22 23 83
24 22 722
25 22 192
22 26 595
22 27 835
28 22 81
29 22 809
22 30 984
31 22 992
32 22 278
22 33 974
22 34 741
35 22 132
36 22 66
37 22 527
22 38 352
22 39 352
40 22 854
41 22 36
22 42 11
22 43 738
44 22 58
22 45 504
46 22 774
47 22 946
48 22 578
49 22 663
50 22 309
22 51 13
22 52 120
53 22 271
54 22 148
22 55 544
22 56 869
57 22 153
58 22 801
59 22 321
22 60 140
22 61 251
22 62 22
22 63 964
64 22 466
22 65 917
22 66 124
67 22 499
68 22 172
69 22 66
70 22 446
71 22 24
72 22 539
22 74 691
75 22 864
24 23 558
25 23 151
26 23 412
27 23 139
28 23 515
23 29 279
23 30 591
23 31 490
23 32 83
23 33 251
34 23 407
35 23 777
36 23 749
37 23 616
23 38 371
23 39 692
23 40 222
23 41 103
23 42 891
43 23 996
44 23 708
23 45 396
47 23 885
48 23 971
23 49 734
23 50 252
23 51 500
23 52 44
23 53 292
54 23 526
55 23 526
56 23 344
57 23 259
59 23 851
23 60 717
61 23 302
23 62 209
23 63 348
23 64 161
65 23 425
23 66 797
23 67 735
23 68 763
23 69 763
23 70 63
71 23 475
72 23 581
23 73 830
74 23 506
23 75 585
25 24 590
24 26 686
24 27 427
24 28 489
29 24 578
30 24 822
24 31 336
24 32 550
33 24 445
24 34 400
35 24 549
24 36 430
37 24 771
38 24 741
39 24 290
40 24 851
24 41 914
24 42 677
43 24 921
24 44 631
45 24 134
46 24 928
24 47 360
48 24 920
49 24 141
50 24 367
51 24 544
24 52 521
53 24 54
54 24 943
24 55 938
56 24 575
57 24 680
58 24 543
59 24 120
24 60 155
24 61 978
62 24 75
63 24 911
24 64 197
65 24 16
24 66 443
67 24 359
68 24 577
70 24 871
24 71 512
72 24 34
73 24 47
24 74 609
75 24 756
25 26 153
27 25 463
25 28 787
25 29 496
25 30 700
25 31 499
32 25 340
33 25 974
25 34 338
25 35 877
25 36 549
25 37 575
25 38 454
39 25 217
40 25 971
25 41 196
42 25 684
43 25 60
25 44 162
25 45 953
46 25 453
47 25 476
48 25 564
49 25 798
50 25 538
25 51 812
25 52 766
25 53 19
54 25 358
55 25 633
25 56 911
57 25 154
25 58 191
25 59 768
25 60 121
25 61 916
62 25 523
63 25 69
25 64 543
65 25 338
25 66 892
67 25 517
68 25 887
69 25 580
25 70 474
25 71 276
25 72 744
73 25 681
25 74 994
25 75 989
26 27 520
28 26 391
26 29 999
30 26 831
26 31 677
26 32 621
33 26 20
26 34 577
26 35 728
26 36 854
37 26 72
38 26 936
39 26 261
40 26 453
41 26 416
42 26 72
43 26 49
26 44 680
26 45 273
26 46 589
47 26 381
48 26 869
49 26 402
26 50 10
26 51 305
52 26 330
26 53 343
26 54 895
26 55 586
56 26 562
57 26 139
58 26 640
26 59 799
60 26 235
62 26 823
63 26 913
64 26 592
65 26 137
66 26 675
26 67 397
68 26 947
69 26 584
26 70 19
71 26 501
72 26 452
73 26 855
26 74 493
26 75 234
28 27 628
27 29 343
27 30 379
27 31 537
27 32 272
33 27 710
27 34 290
27 35 187
27 36 582
27 37 152
27 38 660
27 39 316
40 27 505
41 27 898
42 27 564
27 43 160
27 44 139
27 45 993
46 27 461
47 27 838
48 27 905
49 27 382
27 50 5
27 51 782
27 52 689
53 27 538
27 54 288
55 27 162
56 27 375
27 57 141
58 27 543
27 59 130
60 27 154
27 61 550
27 62 355
63 27 698
64 27 286
27 65 157
27 66 999
27 67 227
27 68 574
27 69 91
70 27 969
71 27 5
72 27 312
27 73 633
27 74 797
27 75 238
28 29 588
30 28 268
28 31 174
32 28 256
33 28 396
28 34 100
35 28 701
28 36 138
28 37 794
28 38 839
28 39 480
40 28 808
41 28 44
42 28 700
43 28 906
28 44 494
45 28 724
28 47 249
28 48 394
49 28 825
50 28 510
51 28 858
28 52 60
53 28 333
28 54 25
28 55 471
28 56 605
28 57 615
58 28 313
59 28 303
28 60 301
61 28 678
62 28 285
28 63 490
28 64 985
65 28 834
28 66 237
67 28 33
68 28 878
69 28 288
28 70 162
28 71 825
72 28 723
73 28 163
28 74 598
75 28 989
29 30 612
29 31 311
29 32 944
29 33 925
29 34 466
29 35 125
36 29 505
29 37 703
29 38 226
29 39 987
29 40 99
29 41 154
29 42 955
29 43 561
29 44 485
45 29 802
29 46 919
29 47 695
29 48 263
49 29 141
50 29 80
51 29 783
29 52 126
53 29 317
29 54 178
29 55 91
29 56 819
29 57 449
58 29 263
59 29 676
60 29 262
61 29 546
29 62 940
29 63 41
64 29 210
65 29 283
29 66 501
68 29 627
69 29 246
29 70 782
71 29 420
72 29 71
73 29 858
74 29 629
29 75 870
30 31 479
32 30 625
30 33 638
34 30 50
30 35 426
30 36 826
37 30 83
30 38 348
39 30 198
40 30 742
41 30 845
42 30 388
43 30 527
44 30 109
45 30 462
30 46 586
47 30 28
48 30 950
30 49 427
30 50 209
30 51 933
52 30 623
53 30 980
30 54 779
30 55 914
30 56 508
30 57 32
58 30 24
30 59 491
30 60 417
61 30 165
30 62 245
63 30 564
30 64 210
30 65 545
30 66 194
30 67 156
30 68 844
30 69 489
70 30 665
30 71 494
30 72 863
30 73 419
74 30 787
75 30 721
32 31 861
33 31 557
34 31 429
31 35 3
31 36 462
31 38 655
31 39 915
31 40 220
31 41 310
31 42 66
43 31 687
31 44 925
31 45 8
31 46 351
31 47 234
48 31 129
31 49 461
50 31 251
51 31 587
31 52 746
31 53 999
31 54 509
31 55 573
31 56 315
31 57 921
58 31 296
31 59 970
31 60 171
61 31 85
62 31 244
31 63 426
64 31 139
31 65 309
66 31 522
67 31 981
68 31 380
69 31 18
70 31 244
31 71 320
72 31 823
73 31 291
31 74 200
31 75 41
32 33 940
34 32 595
35 32 146
32 36 555
37 32 609
38 32 25
39 32 461
40 32 101
32 42 119
43 32 579
32 44 752
45 32 883
32 46 131
32 47 895
32 48 97
49 32 33
50 32 563
32 51 719
32 52 122
53 32 894
32 54 379
32 55 796
32 56 477
32 57 71
58 32 772
59 32 6
32 60 842
32 61 219
62 32 296
32 63 66
32 64 434
32 65 964
32 66 665
32 67 929
32 68 388
32 69 473
70 32 550
71 32 854
32 72 608
32 73 324
32 74 628
75 32 255
34 33 921
35 33 793
33 36 290
33 37 959
39 33 922
33 40 324
33 41 998
42 33 695
33 43 286
44 33 721
45 33 666
33 46 513
47 33 421
33 48 921
49 33 498
50 33 373
51 33 533
33 52 612
33 53 898
54 33 401
33 55 404
33 56 479
33 57 536
58 33 573
59 33 338
60 33 726
61 33 390
62 33 648
33 63 834
33 64 262
33 65 660
66 33 6
67 33 278
68 33 934
33 69 655
33 70 699
71 33 761
72 33 812
73 33 53
33 74 469
33 75 28
35 34 745
37 34 744
34 38 970
39 34 543
40 34 674
41 34 10
42 34 159
43 34 152
34 44 633
46 34 43
34 47 264
34 48 246
34 49 941
34 50 58
34 51 260
34 52 736
34 53 249
54 34 718
55 34 560
34 56 936
34 57 732
34 58 598
34 59 305
60 34 694
61 34 666
62 34 442
63 34 294
64 34 949
65 34 753
34 66 554
34 67 511
34 68 760
69 34 658
70 34 21
71 34 198
34 72 9
73 34 109
34 74 990
75 34 889
35 36 258
35 37 124
38 35 187
39 35 90
40 35 3
35 41 492
42 35 205
35 43 902
35 44 760
45 35 440
35 46 480
35 47 87
35 48 566
35 49 445
35 50 312
51 35 591
52 35 239
35 53 972
54 35 482
55 35 263
56 35 902
35 57 97
35 58 755
59 35 422
35 60 260
61 35 997
62 35 850
63 35 930
35 64 982
66 35 294
67 35 265
35 68 297
35 69 185
70 35 163
71 35 687
72 35 498
73 35 95
35 74 546
35 75 729
37 36 56
38 36 759
36 39 791
36 40 76
36 41 175
36 42 232
36 43 508
36 44 682
46 36 218
47 36 691
48 36 620
36 49 664
50 36 136
51 36 957
36 52 699
53 36 339
36 54 478
36 55 430
56 36 911
57 36 197
36 58 570
59 36 220
60 36 50
36 61 297
62 36 660
63 36 81
64 36 28
65 36 42
36 66 67
36 67 799
36 68 68
69 36 405
70 36 620
36 71 919
72 36 524
36 73 242
74 36 484
75 36 213
38 37 892
39 37 151
37 40 847
37 41 182
42 37 680
43 37 742
37 44 572
37 45 863
37 46 28
47 37 888
48 37 804
49 37 529
50 37 274
51 37 123
52 37 935
53 37 993
54 37 195
55 37 730
37 56 78
57 37 620
58 37 838
59 37 855
60 37 604
61 37 752
62 37 336
37 63 277
64 37 798
37 65 170
66 37 280
37 67 531
37 68 979
69 37 392
70 37 17
71 37 918
72 37 384
73 37 203
74 37 601
75 37 981
38 39 478
40 38 834
41 38 372
42 38 655
43 38 620
38 44 943
45 38 468
46 38 464
38 47 347
38 48 618
49 38 328
38 50 161
51 38 776
38 52 931
53 38 124
38 54 580
55 38 996
38 56 117
57 38 228
38 58 239
59 38 299
60 38 449
38 61 653
38 62 211
63 38 471
64 38 65
65 38 68
38 66 861
67 38 941
38 68 571
38 69 407
70 38 369
38 71 916
72 38 120
38 74 358
75 38 611
39 40 493
39 41 542
39 42 291
39 43 227
44 39 308
45 39 890
46 39 237
39 47 177
39 48 655
49 39 786
50 39 313
51 39 72
52 39 658
39 53 813
54 39 610
55 39 904
39 56 502
57 39 209
39 58 40
59 39 614
39 60 163
61 39 584
39 62 939
63 39 779
64 39 353
65 39 749
66 39 751
39 67 517
68 39 89
69 39 775
39 70 103
71 39 503
72 39 827
73 39 396
74 39 850
39 75 566
40 41 864
42 40 411
40 43 909
40 44 746
45 40 754
40 46 981
40 47 17
40 48 264
49 40 826
50 40 506
51 40 421
40 52 885
53 40 71
40 54 113
40 55 641
40 56 283
57 40 179
40 58 658
59 40 235
40 60 52
40 61 249
40 62 843
40 63 881
64 40 722
65 40 201
40 66 987
67 40 587
68 40 867
69 40 502
40 70 280
71 40 9
72 40 351
73 40 960
40 74 626
40 75 115
42 41 181
41 43 412
44 41 333
45 41 185
41 46 351
47 41 985
48 41 5
41 49 911
41 50 284
41 51 555
41 52 258
53 41 830
41 54 102
55 41 320
56 41 334
41 57 459
41 58 501
41 59 592
60 41 514
61 41 943
41 62 513
63 41 904
41 64 202
41 65 93
41 66 578
67 41 753
68 41 561
41 69 147
41 70 74
41 71 92
72 41 603
41 73 272
41 74 420
75 41 640
43 42 991
42 44 853
42 45 213
42 46 725
42 47 922
48 42 251
49 42 167
50 42 389
51 42 288
52 42 741
53 42 352
42 54 119
55 42 382
42 56 410
57 42 605
58 42 789
59 42 335
42 61 547
62 42 526
42 63 22
42 64 915
42 65 564
66 42 612
67 42 909
68 42 383
69 42 850
42 70 740
42 71 299
72 42 565
73 42 85
42 74 944
42 75 652
43 44 833
43 45 332
46 43 213
47 43 756
48 43 928
43 49 748
43 50 314
43 51 38
43 52 628
53 43 965
54 43 43
43 55 200
56 43 418
43 57 276
58 43 19
59 43 297
43 60 828
43 61 914
62 43 685
63 43 871
43 64 692
43 65 855
66 43 977
43 67 52
68 43 131
69 43 675
70 43 632
43 71 483
72 43 862
73 43 114
43 74 37
43 75 83
45 44 389
44 46 609
47 44 17
48 44 389
44 49 801
50 44 65
52 44 468
53 44 969
44 54 760
55 44 467
56 44 327
44 57 846
58 44 333
44 59 826
44 60 160
44 61 482
44 62 2
63 44 876
44 64 295
65 44 984
66 44 351
67 44 375
68 44 549
69 44 654
44 70 187
71 44 645
44 72 692
44 73 302
44 74 919
75 44 117
46 45 520
45 47 938
48 45 856
49 45 57
45 50 99
45 51 391
45 52 856
53 45 620
54 45 460
55 45 64
45 56 97
45 57 511
45 58 550
60 45 820
61 45 631
45 62 811
63 45 539
64 45 788
65 45 91
45 66 154
67 45 680
68 45 690
45 69 926
45 70 255
45 71 158
72 45 351
73 45 763
45 74 118
75 45 5
46 47 570
48 46 539
46 49 919
46 50 766
51 46 484
52 46 348
53 46 43
54 46 295
46 55 526
46 56 826
57 46 474
58 46 385
46 59 903
60 46 665
61 46 778
62 46 310
63 46 360
46 64 430
46 65 981
66 46 336
67 46 755
68 46 805
69 46 765
46 70 529
71 46 375
46 72 423
46 73 40
74 46 375
46 75 657
47 48 314
47 49 412
50 47 132
51 47 175
52 47 401
53 47 108
47 54 971
47 55 123
47 56 11
57 47 579
58 47 529
59 47 244
60 47 153
61 47 461
62 47 928
47 63 918
47 64 903
47 65 216
66 47 452
47 67 299
47 68 897
47 69 940
70 47 620
47 71 994
47 72 300
47 73 520
74 47 229
75 47 483
50 48 296
51 48 28
52 48 881
53 48 667
48 54 837
55 48 13
48 56 704
57 48 826
58 48 156
59 48 80
60 48 390
61 48 220
48 62 932
48 63 894
48 64 883
65 48 146
48 66 236
48 67 294
48 68 794
48 69 677
48 70 365
48 71 912
48 72 906
73 48 528
74 48 133
48 75 981
50 49 372
49 51 188
49 52 600
53 49 701
49 54 706
55 49 363
56 49 724
49 57 409
59 49 85
60 49 683
49 61 762
49 62 383
49 63 630
64 49 983
65 49 775
66 49 312
67 49 44
68 49 278
49 69 668
70 49 181
49 71 825
72 49 941
49 73 881
74 49 150
49 75 659
51 50 443
50 52 934
50 53 974
54 50 972
50 55 855
56 50 164
57 50 425
58 50 133
50 59 34
50 60 164
50 61 17
50 62 38
63 50 171
64 50 118
50 65 236
50 66 152
50 67 900
50 68 855
69 50 352
70 50 532
71 50 925
72 50 373
73 50 605
74 50 402
50 75 657
52 51 203
53 51 904
51 54 982
51 55 510
56 51 97
57 51 578
58 51 127
59 51 38
60 51 53
61 51 511
51 62 595
63 51 334
64 51 487
51 65 824
51 66 279
51 67 804
68 51 504
69 51 425
70 51 836
51 71 639
72 51 383
73 51 533
74 51 45
51 75 193
52 53 958
52 54 737
55 52 842
57 52 681
52 58 398
59 52 991
60 52 76
61 52 733
52 62 247
63 52 322
64 52 560
52 65 915
52 66 786
67 52 172
68 52 319
69 52 16
52 70 710
52 71 568
52 72 495
52 73 843
52 74 519
75 52 121
53 54 656
55 53 432
53 56 125
57 53 786
53 58 6
53 59 163
60 53 178
61 53 201
62 53 11
53 63 222
53 64 488
65 53 555
53 66 740
53 67 225
68 53 230
69 53 556
70 53 901
71 53 491
53 72 91
53 73 413
53 74 680
53 75 942
55 54 966
54 56 705
54 57 710
58 54 400
59 54 419
54 60 882
61 54 351
54 62 473
63 54 155
54 64 521
65 54 719
54 67 809
68 54 197
69 54 670
54 70 550
54 71 441
54 72 231
54 73 753
74 54 167
75 54 279
56 55 886
57 55 823
58 55 261
59 55 849
60 55 628
55 61 711
55 62 687
63 55 980
64 55 127
65 55 710
66 55 527
55 67 720
68 55 918
55 69 617
55 70 476
71 55 556
72 55 36
73 55 55
55 74 485
55 75 640
56 57 159
56 58 454
59 56 221
60 56 784
61 56 82
62 56 727
56 63 995
56 64 68
56 65 973
56 66 699
56 67 282
68 56 160
69 56 337
70 56 669
71 56 822
56 72 637
56 73 10
56 74 528
56 75 522
58 57 632
59 57 156
60 57 914
57 61 508
62 57 765
63 57 368
57 65 2
66 57 144
57 67 757
57 68 338
57 69 531
57 70 918
57 71 359
72 57 93
57 73 232
57 74 923
59 58 985
58 60 764
61 58 137
58 62 325
58 63 694
58 64 857
65 58 99
66 58 575
58 67 216
58 68 42
69 58 125
70 58 923
71 58 348
58 72 715
73 58 841
74 58 365
75 58 56
59 60 669
59 61 359
62 59 48
59 63 301
59 64 870
65 59 782
66 59 263
59 67 652
59 68 914
69 59 911
70 59 259
59 71 754
72 59 712
59 73 577
59 74 771
75 59 907
61 60 528
62 60 784
63 60 20
60 64 183
60 65 186
60 66 686
60 67 313
68 60 104
69 60 465
60 70 767
71 60 975
72 60 400
60 73 466
74 60 465
60 75 313
62 61 674
61 63 339
64 61 119
61 65 892
66 61 599
61 67 616
61 68 229
69 61 973
61 70 859
71 61 49
72 61 512
73 61 144
61 74 708
62 63 524
62 64 256
62 65 870
66 62 232
62 67 565
62 68 570
69 62 540
70 62 833
62 71 227
72 62 500
73 62 971
62 74 959
75 62 800
63 64 90
65 63 41
66 63 6
67 63 246
68 63 810
69 63 59
63 70 145
63 71 335
63 72 840
63 73 64
63 74 753
63 75 136
64 65 200
64 66 540
67 64 52
68 64 492
64 69 753
64 70 192
64 71 800
72 64 370
64 73 256
64 74 355
64 75 403
66 65 465
67 65 266
65 68 618
69 65 817
65 70 622
71 65 211
72 65 231
73 65 851
65 74 756
75 65 957
67 66 64
68 66 735
69 66 718
66 70 213
66 71 741
72 66 112
73 66 561
74 66 732
75 66 747
68 67 636
69 67 621
67 70 529
71 67 812
67 72 924
73 67 686
67 74 865
67 75 988
68 69 534
70 68 293
68 71 776
68 72 65
73 68 238
74 68 616
68 75 507
69 70 574
69 71 82
69 72 44
73 69 44
74 69 694
75 69 774
71 70 550
70 72 480
70 73 941
70 74 594
70 75 463
71 72 267
73 71 960
71 74 504
75 71 529
72 73 641
72 74 856
72 75 647
74 73 388
73 75 105
75 74 360

END
