INSTANCE_NAME b11.dat
NB_VERTICES 75
NB_ARCS 154
NB_REQUESTS 0
NB_BLOCKAGES 38
NB_A' 5396

VERTICES
1 0 0
2 0 0
3 0 0
4 0 0
5 0 0
6 0 0
7 0 0
8 0 0
9 0 0
10 0 0
11 0 0
12 0 0
13 0 0
14 0 0
15 0 0
16 0 0
17 0 0
18 0 0
19 0 0
20 0 0
21 0 0
22 0 0
23 0 0
24 0 0
25 0 0
26 0 0
27 0 0
28 0 0
29 0 0
30 0 0
31 0 0
32 0 0
33 0 0
34 0 0
35 0 0
36 0 0
37 0 0
38 0 0
39 0 0
40 0 0
41 0 0
42 0 0
43 0 0
44 0 0
45 0 0
46 0 0
47 0 0
48 0 0
49 0 0
50 0 0
51 0 0
52 0 0
53 0 0
54 0 0
55 0 0
56 0 0
57 0 0
58 0 0
59 0 0
60 0 0
61 0 0
62 0 0
63 0 0
64 0 0
65 0 0
66 0 0
67 0 0
68 0 0
69 0 0
70 0 0
71 0 0
72 0 0
73 0 0
74 0 0
75 0 0

ARCS
12 18 9
18 52 8
52 23 1
23 8 6
8 32 1
32 45 5
45 17 4
17 2 2
2 19 6
19 26 7
26 16 7
16 13 5
13 39 2
39 37 5
37 23 7
23 36 1
36 20 7
20 40 10
40 16 6
16 22 10
22 17 1
17 5 2
5 2 6
2 29 5
29 26 1
26 66 9
66 10 1
10 15 6
15 37 3
37 9 7
9 8 1
8 54 9
54 28 2
28 44 7
44 11 7
11 3 2
3 31 3
31 30 5
30 6 5
6 13 1
13 52 8
52 32 6
32 75 8
75 59 9
59 29 10
29 73 8
73 35 5
35 38 4
38 23 4
23 66 6
66 55 2
55 2 4
2 27 7
27 30 4
30 8 9
8 67 8
67 10 3
10 22 8
22 24 3
24 25 3
25 54 7
24 40 3
40 51 5
51 53 4
53 38 4
38 45 3
45 21 3
21 7 3
7 49 5
49 65 5
65 30 3
30 20 2
20 46 2
46 55 3
55 37 2
37 73 7
73 67 4
67 1 9
1 57 2
57 5 9
5 60 3
60 47 9
47 17 5
17 33 6
33 12 10
12 42 9
42 19 5
42 11 6
11 63 3
63 39 3
39 48 8
48 22 6
22 34 4
34 56 10
56 28 3
28 61 8
61 42 3
42 58 7
58 3 4
58 43 2
43 59 5
59 39 4
59 24 2
24 57 7
24 55 3
55 44 7
44 65 2
65 64 1
64 51 2
51 52 5
52 62 2
62 48 10
62 44 3
52 67 1
67 7 5
67 69 2
69 16 3
69 36 7
36 33 9
33 72 8
72 61 6
72 1 9
36 34 10
36 4 9
4 66 8
51 56 2
64 75 2
75 14 2
14 60 7
60 71 1
71 31 3
31 41 3
41 30 6
30 47 8
47 21 5
47 9 10
47 53 7
53 2 7
47 70 5
70 43 5
43 71 7
71 17 4
71 40 5
47 68 2
68 59 2
75 27 2
65 74 2
74 38 9
74 50 6
50 46 4
46 73 7
73 28 9
73 42 6
73 65 6

REQUESTS

BLOCKAGES
44 65
33 12
57 5
52 67
61 42
48 22
59 29
53 2
43 71
44 11
69 36
67 7
17 33
5 60
66 55
51 52
52 23
16 13
13 52
67 10
52 32
8 54
38 45
46 55
53 38
26 16
8 67
37 23
39 37
20 40
31 30
60 47
59 24
42 11
24 55
3 31
17 2
30 8

A'
2 1 884
3 1 840
4 1 808
5 1 168
1 6 643
1 7 575
8 1 298
1 9 615
10 1 422
1 11 146
12 1 120
13 1 144
1 14 172
15 1 75
1 16 347
1 17 806
1 18 488
1 19 854
20 1 278
21 1 621
1 22 426
23 1 874
1 24 778
1 25 496
26 1 734
27 1 502
28 1 500
29 1 816
30 1 698
1 31 390
1 32 279
1 33 626
1 34 545
35 1 765
1 36 852
37 1 94
38 1 931
39 1 1000
1 40 159
1 41 611
1 42 192
1 43 448
44 1 108
45 1 65
46 1 504
47 1 849
1 48 2
1 49 603
1 50 656
51 1 719
52 1 103
1 53 784
54 1 835
55 1 445
56 1 334
57 1 588
1 58 518
59 1 568
60 1 649
61 1 430
1 62 439
1 63 989
1 64 807
65 1 689
1 66 310
68 1 764
69 1 104
70 1 109
1 71 945
1 73 351
1 74 153
1 75 426
2 3 492
2 4 704
6 2 494
2 7 917
8 2 412
9 2 325
2 10 520
2 11 194
2 12 358
13 2 136
2 14 590
2 15 270
16 2 430
18 2 297
19 2 737
2 20 159
2 21 765
22 2 286
2 23 355
2 24 430
25 2 895
26 2 437
27 2 200
2 28 39
29 2 207
2 30 437
2 31 125
2 32 67
33 2 670
34 2 870
2 35 854
2 36 550
2 37 818
38 2 636
2 39 108
40 2 440
2 41 71
2 42 683
2 43 947
44 2 469
45 2 576
46 2 790
2 47 910
2 48 188
2 49 570
50 2 689
2 51 788
2 52 41
2 54 28
2 55 884
2 56 272
57 2 866
58 2 920
59 2 446
2 60 307
2 61 920
2 62 740
63 2 177
64 2 159
2 65 165
66 2 797
2 67 707
2 68 980
69 2 162
2 70 495
71 2 155
2 72 633
73 2 264
2 74 211
75 2 896
3 4 659
5 3 433
3 6 137
7 3 992
8 3 69
3 9 566
10 3 447
3 11 250
12 3 286
13 3 138
3 14 159
3 15 897
3 16 664
17 3 695
18 3 573
3 19 744
20 3 756
3 21 980
22 3 488
3 23 891
3 24 831
3 25 420
3 26 727
3 27 408
28 3 784
29 3 144
30 3 836
31 3 86
3 32 905
3 33 78
34 3 722
35 3 708
36 3 348
37 3 73
38 3 362
3 39 743
40 3 419
3 41 822
3 42 535
43 3 862
44 3 125
45 3 613
3 46 397
3 47 163
48 3 829
3 49 778
3 50 412
51 3 83
52 3 875
53 3 946
54 3 470
3 55 781
56 3 553
3 57 738
3 58 534
59 3 758
3 60 955
3 61 321
3 62 771
3 63 4
64 3 75
65 3 853
66 3 321
67 3 949
3 68 441
3 69 784
70 3 285
3 71 151
3 72 869
3 73 277
3 74 190
3 75 411
4 5 107
6 4 199
7 4 566
8 4 827
9 4 687
10 4 831
4 11 317
12 4 907
4 13 25
4 14 20
15 4 957
4 16 498
17 4 761
4 18 578
4 19 159
4 20 445
21 4 422
4 22 141
4 23 198
4 24 684
4 25 350
4 26 947
27 4 996
28 4 776
4 29 894
30 4 681
4 31 316
4 32 26
4 33 304
34 4 377
4 35 646
37 4 68
4 38 219
39 4 365
4 40 442
41 4 592
42 4 899
4 43 302
4 44 385
4 45 349
46 4 706
47 4 846
48 4 576
49 4 890
50 4 649
4 51 528
52 4 782
53 4 341
4 54 705
55 4 242
4 56 9
57 4 156
4 58 442
4 59 715
4 60 483
61 4 708
4 62 613
63 4 126
64 4 177
4 65 423
66 4 719
4 67 997
4 68 601
69 4 851
70 4 394
4 71 155
4 72 276
4 73 365
74 4 119
75 4 894
6 5 142
7 5 492
5 8 505
5 9 646
10 5 985
5 11 857
12 5 74
5 13 202
5 14 894
5 15 330
16 5 496
5 17 745
18 5 146
19 5 840
5 20 540
21 5 569
22 5 38
5 23 138
5 24 29
5 25 927
26 5 555
27 5 67
5 28 340
5 29 653
5 30 672
31 5 224
32 5 818
5 33 289
34 5 781
5 35 579
5 36 565
37 5 352
5 38 206
39 5 847
40 5 624
41 5 951
42 5 908
5 43 510
44 5 637
45 5 184
5 46 497
5 47 826
5 48 79
49 5 629
50 5 298
51 5 178
5 52 353
53 5 167
5 54 722
5 55 848
56 5 138
58 5 45
5 59 737
60 5 804
61 5 827
5 62 747
5 63 289
5 64 17
65 5 40
66 5 405
5 67 405
5 68 950
69 5 785
5 70 358
5 71 59
72 5 287
73 5 281
5 74 24
75 5 327
6 7 619
8 6 291
9 6 443
10 6 481
11 6 38
6 12 685
13 6 470
14 6 763
15 6 78
16 6 982
17 6 48
18 6 841
19 6 249
6 20 722
21 6 842
6 22 452
23 6 904
6 24 881
6 25 24
26 6 508
27 6 585
28 6 206
6 29 985
6 31 414
32 6 158
33 6 267
6 34 393
35 6 798
6 36 26
6 37 60
38 6 225
6 39 680
6 40 456
6 41 342
42 6 237
6 43 401
44 6 312
6 45 118
6 46 981
47 6 850
6 48 435
6 49 39
6 50 124
51 6 397
52 6 258
6 53 925
54 6 31
55 6 152
56 6 686
57 6 655
6 58 951
59 6 55
6 60 564
6 61 245
6 62 54
6 63 34
64 6 266
6 65 668
66 6 260
6 67 890
6 68 872
6 69 704
6 70 474
71 6 92
72 6 52
6 73 433
6 74 152
75 6 615
8 7 10
9 7 611
10 7 656
7 11 255
12 7 419
7 13 662
14 7 338
15 7 900
16 7 68
17 7 166
7 18 809
7 19 52
7 20 3
7 21 213
22 7 322
23 7 573
24 7 389
25 7 450
26 7 530
7 27 317
28 7 978
7 29 979
30 7 880
7 31 579
7 32 832
7 33 841
7 34 1
7 35 204
7 36 728
7 37 862
38 7 595
7 39 436
40 7 321
41 7 731
7 42 940
7 43 502
44 7 377
7 45 935
46 7 61
47 7 908
7 48 609
49 7 236
50 7 343
51 7 316
7 52 206
53 7 175
7 54 315
7 55 487
56 7 846
57 7 188
58 7 616
7 59 54
60 7 873
7 61 953
7 62 557
7 63 177
64 7 311
7 65 477
66 7 202
68 7 408
69 7 601
70 7 339
7 71 397
72 7 759
7 73 865
74 7 581
7 75 948
8 10 640
11 8 63
8 12 440
8 13 712
8 14 3
8 15 755
16 8 332
17 8 964
18 8 485
8 19 695
8 20 623
8 21 156
8 22 236
8 23 520
24 8 998
25 8 622
26 8 25
27 8 832
28 8 276
29 8 566
8 30 82
8 31 186
32 8 556
33 8 770
8 34 375
8 35 437
36 8 835
8 37 936
8 38 642
39 8 562
40 8 251
8 41 627
8 42 220
8 43 444
44 8 704
45 8 476
46 8 33
8 47 550
8 48 162
49 8 980
8 50 783
8 51 884
52 8 360
53 8 39
54 8 626
8 55 991
8 56 487
57 8 207
8 58 778
8 59 552
60 8 11
8 61 265
62 8 393
63 8 982
8 64 485
65 8 442
66 8 729
67 8 588
8 68 848
8 69 440
70 8 929
8 71 404
8 72 750
73 8 473
74 8 612
75 8 359
9 10 756
11 9 16
9 12 141
9 13 53
9 14 662
9 15 244
9 16 875
17 9 829
9 18 160
9 19 898
20 9 401
21 9 856
9 22 263
9 23 380
24 9 56
9 25 200
26 9 65
9 27 310
28 9 917
29 9 830
9 30 560
9 31 320
9 32 608
9 33 859
9 34 768
9 35 208
9 36 409
9 38 23
9 39 49
40 9 502
41 9 801
9 42 203
9 43 974
44 9 636
9 45 589
46 9 599
9 47 884
48 9 621
9 49 243
9 50 151
51 9 947
9 52 111
53 9 339
54 9 807
9 55 86
9 56 878
9 57 971
9 58 605
9 59 190
9 60 335
9 61 804
9 62 495
9 63 22
9 64 423
9 65 207
66 9 318
9 67 242
9 68 218
69 9 265
9 70 320
9 71 683
72 9 587
9 73 332
74 9 301
75 9 782
10 11 3
12 10 625
13 10 624
10 14 964
15 10 613
16 10 970
17 10 28
10 18 710
19 10 144
10 20 621
21 10 323
22 10 363
23 10 308
10 24 451
25 10 566
10 26 948
10 27 169
10 28 417
10 29 569
10 30 542
31 10 902
32 10 111
33 10 74
34 10 526
35 10 146
10 36 679
37 10 448
38 10 81
10 39 438
10 40 68
10 41 467
42 10 923
43 10 938
44 10 779
10 45 71
10 46 686
10 47 182
48 10 253
10 49 321
10 50 824
10 51 275
52 10 286
10 53 247
54 10 181
55 10 602
10 56 40
10 57 262
10 58 703
59 10 5
60 10 56
61 10 504
10 62 750
63 10 242
10 64 644
10 65 483
10 66 379
10 68 17
69 10 920
70 10 363
10 71 336
72 10 347
73 10 224
74 10 809
75 10 17
12 11 182
13 11 496
14 11 896
15 11 868
11 16 880
17 11 84
18 11 512
19 11 372
11 20 375
11 21 614
22 11 951
23 11 699
11 24 407
25 11 310
11 26 49
11 27 856
11 28 472
11 29 857
30 11 588
11 31 968
32 11 857
11 33 166
11 34 948
35 11 599
11 36 532
11 37 762
38 11 216
39 11 484
11 40 87
41 11 837
11 43 45
11 44 645
11 45 924
46 11 687
11 47 683
48 11 208
11 49 22
50 11 385
51 11 877
11 52 794
11 53 171
11 54 7
55 11 111
11 56 421
57 11 817
58 11 428
59 11 975
11 60 960
11 61 787
11 62 249
63 11 502
11 64 258
11 65 86
11 66 434
11 67 403
68 11 753
69 11 207
70 11 908
71 11 739
11 72 276
73 11 235
74 11 767
75 11 127
12 13 810
14 12 723
15 12 733
12 16 218
12 17 99
18 12 983
12 19 617
20 12 463
12 21 661
22 12 480
12 23 41
12 24 248
12 25 124
12 26 19
12 27 394
28 12 967
29 12 761
30 12 965
31 12 265
32 12 834
12 34 168
35 12 454
12 36 61
37 12 564
38 12 7
12 39 121
12 40 83
41 12 700
42 12 159
43 12 309
44 12 908
45 12 415
12 46 828
47 12 564
12 48 92
49 12 199
50 12 877
12 51 866
52 12 531
53 12 369
54 12 264
55 12 464
12 56 629
57 12 613
58 12 456
59 12 793
60 12 488
61 12 662
62 12 465
12 63 28
12 64 856
12 65 870
12 66 581
67 12 372
68 12 868
12 69 351
70 12 932
71 12 829
72 12 329
73 12 51
12 74 66
12 75 498
14 13 402
13 15 571
17 13 598
13 18 592
19 13 348
20 13 107
13 21 46
13 22 301
23 13 920
13 24 68
13 25 964
13 26 415
13 27 735
13 28 173
13 29 696
30 13 683
31 13 647
32 13 943
13 33 731
13 34 770
13 35 208
36 13 215
37 13 150
13 38 741
39 13 651
13 40 155
13 41 492
42 13 73
13 43 118
13 44 507
45 13 674
46 13 19
47 13 442
48 13 916
13 49 846
13 50 305
51 13 618
52 13 657
53 13 386
54 13 187
13 55 557
56 13 353
13 57 613
13 58 977
59 13 23
60 13 895
13 61 23
13 62 368
13 63 226
13 64 339
13 65 25
66 13 828
13 67 514
68 13 408
69 13 233
13 70 639
71 13 639
72 13 540
73 13 120
13 74 981
13 75 350
14 15 190
16 14 141
17 14 188
14 18 544
19 14 141
14 20 873
21 14 913
14 22 805
14 23 989
24 14 618
25 14 530
14 26 673
27 14 506
28 14 937
29 14 934
14 30 66
31 14 658
14 32 384
14 33 627
34 14 76
14 35 551
14 36 88
37 14 686
14 38 135
14 39 632
14 40 356
41 14 359
14 42 582
14 43 820
14 44 54
14 45 155
46 14 580
47 14 676
48 14 362
49 14 946
50 14 422
14 51 384
52 14 958
53 14 456
14 54 446
55 14 195
56 14 952
57 14 829
58 14 769
14 59 754
60 14 105
14 61 293
62 14 424
14 63 351
64 14 974
14 65 573
66 14 143
67 14 607
68 14 729
14 69 896
70 14 501
71 14 327
14 72 347
73 14 336
74 14 507
16 15 963
15 17 933
18 15 476
15 19 702
15 20 578
21 15 185
15 22 844
23 15 931
15 24 573
15 25 543
26 15 196
27 15 778
28 15 684
15 29 686
15 30 142
15 31 790
32 15 826
15 33 807
34 15 326
15 35 264
36 15 561
37 15 226
15 38 292
15 39 755
40 15 204
41 15 315
42 15 986
15 43 750
44 15 728
45 15 818
46 15 561
15 47 29
15 48 681
15 49 390
15 50 47
51 15 908
52 15 453
15 53 714
15 54 345
15 55 960
15 56 117
57 15 947
15 58 718
15 59 122
60 15 482
61 15 18
15 62 898
15 63 131
64 15 233
15 65 936
15 66 525
15 67 238
68 15 33
15 69 72
70 15 771
15 71 925
72 15 10
73 15 692
74 15 270
75 15 524
17 16 104
18 16 145
19 16 938
20 16 283
21 16 499
22 16 802
23 16 118
24 16 703
16 25 342
16 26 526
27 16 509
16 28 703
16 29 24
30 16 597
31 16 559
16 32 396
16 33 364
16 34 367
35 16 518
36 16 823
16 37 571
16 38 742
16 39 663
16 40 837
16 41 922
42 16 820
16 43 516
44 16 652
16 45 621
16 46 536
47 16 71
48 16 545
16 49 174
50 16 86
16 51 911
52 16 411
16 53 884
54 16 521
16 55 948
16 56 254
57 16 776
58 16 651
59 16 299
16 60 886
61 16 901
16 62 802
63 16 56
16 64 108
16 65 608
66 16 625
16 67 453
68 16 703
70 16 576
16 71 839
72 16 487
73 16 764
16 74 709
16 75 562
17 18 644
19 17 614
20 17 986
17 21 472
23 17 701
17 24 588
25 17 159
17 26 64
17 27 728
17 28 141
17 29 792
30 17 448
31 17 244
32 17 559
33 17 273
34 17 644
35 17 886
17 36 442
17 37 532
17 38 568
17 39 413
40 17 261
41 17 547
17 42 488
17 43 277
17 44 235
17 46 35
48 17 745
49 17 704
50 17 101
51 17 825
52 17 407
17 53 512
17 54 389
55 17 873
56 17 234
57 17 76
17 58 160
59 17 53
60 17 895
17 61 857
17 62 674
63 17 57
17 64 955
17 65 787
17 66 106
67 17 746
17 68 229
69 17 153
70 17 687
17 71 122
17 72 862
73 17 51
17 74 463
17 75 810
19 18 95
18 20 63
18 21 792
22 18 185
18 23 230
24 18 857
25 18 934
18 26 551
18 27 562
28 18 130
29 18 432
30 18 168
18 31 151
32 18 667
18 33 26
18 34 674
18 35 141
18 36 887
18 37 206
38 18 733
39 18 394
18 40 474
41 18 895
18 42 192
43 18 78
44 18 705
18 45 924
18 46 155
18 47 146
48 18 39
49 18 296
50 18 290
18 51 800
52 18 423
18 53 951
54 18 792
18 55 96
56 18 374
57 18 640
58 18 799
18 59 237
60 18 931
18 61 78
62 18 586
18 63 609
18 64 746
18 65 688
18 66 43
18 67 915
68 18 493
69 18 971
18 70 912
71 18 253
72 18 761
18 73 553
74 18 961
18 75 765
20 19 653
19 21 679
19 22 417
23 19 566
24 19 894
25 19 902
26 19 92
19 27 752
19 28 385
29 19 572
19 30 493
19 31 285
32 19 67
33 19 515
19 34 682
35 19 622
36 19 472
37 19 276
38 19 291
39 19 755
40 19 446
19 41 472
43 19 576
44 19 207
19 45 396
46 19 494
47 19 491
19 48 637
49 19 612
19 50 713
19 51 342
52 19 713
19 53 26
54 19 636
55 19 707
19 56 16
19 57 644
19 58 537
59 19 376
60 19 868
61 19 949
62 19 341
63 19 810
19 64 822
65 19 697
19 66 662
19 67 636
19 68 383
69 19 679
70 19 231
71 19 190
19 72 451
73 19 150
74 19 403
75 19 433
20 21 648
20 22 334
20 23 524
24 20 669
25 20 563
20 26 934
20 27 107
28 20 302
20 29 582
20 30 860
20 31 716
32 20 410
20 33 234
34 20 504
20 35 435
20 37 434
20 38 943
20 39 545
40 20 146
20 41 1000
42 20 527
20 43 970
20 44 877
45 20 29
46 20 670
20 47 923
20 48 953
49 20 303
50 20 296
51 20 650
20 52 900
53 20 605
20 54 560
20 55 927
20 56 743
57 20 920
58 20 502
59 20 68
20 60 51
20 61 585
20 62 992
63 20 142
20 64 299
20 65 511
66 20 86
20 67 530
68 20 946
69 20 827
20 70 284
71 20 563
20 72 383
20 73 350
20 74 75
20 75 965
22 21 865
23 21 549
21 24 760
21 25 504
21 26 485
21 27 356
28 21 525
21 29 907
21 30 20
31 21 679
32 21 542
33 21 384
21 34 427
35 21 160
36 21 150
21 37 977
38 21 377
39 21 574
21 40 918
41 21 897
42 21 794
43 21 677
21 44 138
21 46 509
21 47 170
48 21 913
49 21 546
21 50 189
21 51 347
52 21 780
53 21 17
21 54 199
21 55 71
21 56 163
21 57 582
58 21 293
21 59 945
60 21 323
21 61 454
62 21 251
63 21 345
64 21 385
21 65 998
66 21 872
67 21 965
68 21 519
21 69 148
70 21 227
21 71 402
72 21 69
73 21 658
21 74 169
21 75 28
23 22 833
24 22 26
25 22 455
22 26 245
22 27 964
28 22 116
29 22 291
30 22 837
31 22 414
22 32 525
22 33 553
34 22 732
22 35 612
36 22 39
22 37 695
22 38 975
39 22 898
22 40 610
22 41 73
22 42 543
22 43 448
44 22 870
22 45 91
22 46 898
22 47 41
22 48 495
22 49 51
22 50 919
51 22 319
52 22 794
53 22 374
22 54 539
55 22 471
22 56 974
22 57 354
58 22 579
59 22 879
60 22 243
61 22 858
22 62 176
63 22 914
22 64 196
22 65 599
22 66 978
67 22 126
22 68 281
69 22 243
22 70 121
22 71 319
22 72 609
22 73 314
74 22 177
22 75 691
24 23 864
25 23 558
26 23 151
27 23 412
23 28 139
29 23 515
23 30 279
23 31 591
23 32 490
23 33 83
23 34 251
35 23 407
36 23 777
39 23 616
23 40 371
23 41 692
23 42 222
23 43 103
23 44 891
45 23 996
46 23 708
23 47 396
48 23 537
49 23 484
50 23 846
23 51 724
23 52 944
23 53 324
23 54 804
23 55 835
23 56 123
23 57 805
23 58 719
59 23 329
60 23 851
23 61 717
62 23 302
23 63 209
23 64 348
23 65 161
66 23 425
23 67 797
23 68 735
23 69 763
23 70 763
23 71 63
72 23 475
73 23 581
23 74 830
75 23 506
25 24 585
26 24 590
24 27 686
24 28 427
24 29 489
30 24 578
31 24 822
24 32 336
24 33 550
34 24 445
24 35 400
36 24 549
24 37 430
38 24 771
39 24 741
40 24 290
41 24 851
24 42 914
24 43 677
44 24 921
24 45 631
46 24 134
47 24 928
24 48 360
49 24 920
50 24 141
51 24 367
52 24 544
24 53 521
54 24 54
55 24 943
24 56 938
57 24 575
58 24 680
60 24 953
24 61 526
62 24 254
24 63 82
64 24 689
65 24 346
66 24 51
24 67 564
68 24 911
69 24 963
70 24 765
71 24 871
24 72 512
73 24 34
74 24 47
24 75 609
26 25 756
25 27 153
28 25 463
25 29 787
25 30 496
25 31 700
25 32 499
33 25 340
34 25 974
25 35 338
25 36 877
25 37 549
25 38 575
25 39 454
40 25 217
41 25 971
25 42 196
43 25 684
44 25 60
25 45 162
25 46 953
47 25 453
48 25 476
49 25 564
50 25 798
51 25 538
25 52 812
25 53 766
54 25 19
55 25 358
56 25 633
25 57 911
58 25 154
25 59 191
25 60 768
25 61 121
25 62 916
63 25 523
64 25 69
25 65 543
66 25 338
25 67 892
68 25 517
69 25 887
70 25 580
25 71 474
25 72 276
25 73 744
74 25 681
25 75 994
26 27 989
26 28 520
30 26 394
31 26 459
32 26 542
33 26 520
34 26 569
26 35 490
36 26 258
26 37 508
26 38 201
26 39 481
26 40 815
41 26 617
42 26 607
26 43 793
26 44 287
45 26 462
26 46 48
47 26 862
48 26 949
49 26 561
50 26 401
26 51 798
26 52 130
53 26 863
26 54 728
55 26 618
56 26 956
26 57 347
26 58 1
59 26 985
26 60 188
61 26 319
62 26 71
63 26 823
64 26 913
65 26 592
66 26 137
67 26 675
26 68 397
69 26 947
70 26 584
26 71 19
72 26 501
73 26 452
26 74 855
26 75 493
27 28 234
29 27 628
30 27 343
27 31 379
27 32 537
27 33 272
34 27 710
27 35 290
27 36 187
27 37 582
27 38 152
27 39 660
27 40 316
41 27 505
42 27 898
43 27 564
27 44 160
27 45 139
27 46 993
47 27 461
48 27 838
49 27 905
50 27 382
27 51 5
27 52 782
27 53 689
54 27 538
27 55 288
56 27 162
57 27 375
27 58 141
59 27 543
27 60 130
61 27 154
27 62 550
27 63 355
64 27 698
65 27 286
27 66 157
27 67 999
27 68 227
27 69 574
27 70 91
71 27 969
72 27 5
73 27 312
27 74 633
27 75 797
28 29 238
28 30 588
31 28 268
28 32 174
33 28 256
34 28 396
28 35 100
36 28 701
28 37 138
28 38 794
28 39 839
28 40 480
41 28 808
42 28 44
43 28 700
44 28 906
28 45 494
46 28 724
47 28 138
48 28 78
28 49 59
50 28 805
28 51 923
28 52 188
28 53 835
28 55 25
28 56 471
28 57 605
28 58 615
59 28 313
60 28 303
61 28 301
62 28 678
63 28 285
28 64 490
28 65 985
66 28 834
28 67 237
68 28 33
69 28 878
70 28 288
28 71 162
28 72 825
74 28 792
75 28 388
29 30 465
31 29 898
29 32 666
33 29 248
29 34 800
35 29 280
29 36 110
37 29 55
38 29 510
39 29 734
29 40 990
41 29 388
42 29 164
29 43 822
44 29 668
45 29 552
46 29 901
29 47 448
48 29 112
49 29 862
50 29 971
51 29 729
29 52 617
53 29 584
29 54 837
55 29 352
29 56 656
57 29 276
58 29 596
60 29 263
61 29 676
62 29 262
63 29 546
29 64 940
29 65 41
66 29 210
67 29 283
29 68 501
69 29 577
70 29 605
29 71 330
29 72 901
73 29 57
74 29 15
29 75 195
30 32 870
30 33 479
34 30 625
30 35 638
36 30 50
30 37 426
30 38 826
39 30 83
30 40 348
30 42 593
30 43 979
44 30 513
30 45 915
46 30 245
47 30 507
30 48 330
30 49 941
30 50 211
30 51 18
52 30 1000
53 30 204
54 30 387
55 30 367
30 56 322
57 30 178
30 58 520
30 59 110
30 60 895
30 61 910
62 30 484
63 30 953
64 30 2
66 30 564
30 67 210
30 68 545
30 69 194
30 70 156
30 71 844
30 72 489
73 30 665
30 74 494
30 75 863
31 32 419
31 33 787
34 31 721
35 31 861
36 31 557
37 31 429
31 38 3
31 39 462
40 31 760
41 31 24
42 31 822
31 43 50
31 44 842
31 45 63
46 31 238
47 31 212
31 48 162
49 31 916
31 50 905
51 31 470
52 31 585
53 31 933
54 31 240
31 55 134
56 31 400
57 31 914
58 31 728
59 31 234
60 31 381
31 61 608
31 62 572
63 31 977
64 31 521
31 65 318
31 66 372
67 31 238
68 31 389
31 69 895
70 31 267
31 71 979
31 72 241
31 73 590
31 74 559
75 31 241
33 32 470
32 34 612
35 32 722
32 36 477
37 32 183
32 38 372
39 32 285
40 32 215
41 32 483
42 32 5
43 32 841
32 44 119
45 32 579
32 46 752
47 32 883
32 48 131
32 49 895
32 50 97
51 32 33
53 32 216
54 32 934
32 55 355
32 56 336
57 32 376
32 58 736
59 32 988
60 32 947
32 61 1
32 62 524
32 63 240
64 32 972
32 65 466
32 66 392
32 67 98
32 68 996
69 32 34
70 32 138
32 71 822
72 32 119
32 73 621
32 74 378
75 32 276
33 34 380
33 35 681
37 33 921
38 33 793
33 39 290
33 40 959
41 33 307
33 42 718
33 43 956
33 44 461
45 33 820
33 46 813
47 33 906
33 48 98
49 33 293
50 33 244
51 33 101
33 52 741
53 33 323
54 33 940
33 55 742
33 56 687
57 33 172
33 58 724
59 33 402
33 60 173
61 33 821
33 62 293
33 63 355
33 64 591
33 65 162
33 66 920
33 67 684
33 68 987
33 69 193
33 70 969
33 71 528
72 33 686
73 33 59
74 33 529
33 75 297
35 34 736
34 37 28
38 34 745
39 34 137
34 40 930
34 41 663
42 34 653
34 43 529
34 44 866
45 34 979
34 46 686
47 34 837
34 48 43
34 49 264
34 50 246
34 51 941
34 52 58
34 53 260
34 54 736
34 55 249
56 34 718
57 34 560
34 58 936
34 59 732
34 60 598
34 61 305
62 34 694
63 34 666
64 34 442
65 34 294
66 34 949
67 34 753
34 68 554
34 69 511
34 70 760
71 34 658
72 34 21
73 34 198
34 74 9
75 34 109
35 36 990
37 35 889
38 35 258
35 39 124
40 35 187
41 35 90
42 35 3
35 43 492
44 35 205
35 45 902
35 46 760
47 35 440
35 48 480
35 49 87
35 50 566
35 51 445
35 52 312
53 35 591
54 35 239
35 55 972
56 35 482
57 35 263
58 35 902
35 59 97
35 60 755
35 61 422
35 62 260
63 35 997
64 35 850
65 35 930
35 66 982
67 35 675
35 68 707
69 35 214
70 35 330
71 35 425
72 35 245
74 35 498
35 75 95
36 37 546
36 38 729
39 36 56
40 36 759
36 41 791
36 42 76
36 43 175
36 44 232
36 45 508
36 46 682
47 36 529
36 48 933
49 36 815
36 50 690
36 51 411
36 52 971
53 36 932
54 36 719
55 36 640
36 56 484
36 57 23
58 36 339
59 36 360
36 60 17
36 61 769
36 62 728
63 36 267
36 64 987
65 36 631
36 66 97
36 67 516
68 36 998
36 70 68
71 36 405
72 36 620
36 73 919
74 36 524
36 75 242
38 37 484
40 37 533
37 41 861
42 37 552
43 37 584
37 44 227
37 45 575
37 46 746
37 47 540
48 37 992
37 49 267
37 50 647
37 51 807
52 37 327
37 53 771
54 37 109
56 37 993
57 37 195
58 37 730
37 59 78
60 37 620
61 37 838
62 37 855
63 37 604
64 37 752
65 37 336
37 66 277
67 37 798
37 68 170
69 37 280
37 70 531
37 71 979
72 37 392
73 37 17
74 37 918
75 37 384
39 38 203
40 38 601
41 38 981
38 42 478
43 38 834
44 38 372
45 38 655
46 38 620
38 47 943
48 38 468
49 38 464
38 50 347
38 51 618
52 38 328
38 53 161
54 38 776
38 55 931
56 38 124
38 57 580
58 38 996
38 59 117
60 38 228
38 61 239
62 38 299
63 38 449
38 64 653
38 65 211
66 38 471
67 38 65
68 38 68
38 69 861
70 38 941
38 71 571
38 72 407
73 38 369
38 74 916
75 38 120
40 39 312
39 41 693
42 39 538
43 39 728
39 44 756
45 39 244
46 39 471
39 47 25
48 39 885
49 39 84
50 39 28
51 39 593
39 52 157
53 39 187
39 54 149
39 55 918
56 39 15
39 57 423
39 58 454
39 59 797
60 39 792
39 61 787
39 62 348
64 39 584
39 65 939
66 39 779
67 39 353
68 39 749
69 39 751
39 70 517
71 39 89
72 39 775
39 73 103
74 39 503
75 39 827
41 40 396
42 40 850
40 43 566
40 44 864
45 40 411
40 46 909
40 47 746
48 40 754
40 49 981
40 50 17
51 40 264
52 40 826
53 40 506
54 40 421
40 55 885
56 40 71
40 57 113
40 58 641
40 59 283
60 40 179
40 61 658
62 40 235
40 63 52
40 64 249
40 65 843
40 66 881
67 40 722
68 40 201
40 69 987
70 40 587
72 40 9
40 73 980
40 74 495
75 40 915
42 41 187
41 43 360
41 44 194
45 41 29
46 41 716
41 47 375
48 41 293
49 41 406
50 41 385
51 41 689
52 41 924
53 41 224
41 54 412
55 41 916
41 56 563
41 57 960
41 58 789
41 59 79
41 60 786
61 41 866
62 41 870
41 63 185
41 64 777
65 41 216
66 41 927
41 67 870
41 68 166
69 41 838
41 70 647
71 41 187
72 41 934
73 41 662
41 74 466
41 75 407
43 42 550
42 44 456
42 45 863
42 46 285
47 42 934
48 42 856
49 42 756
50 42 414
42 51 169
52 42 851
53 42 355
54 42 79
42 55 535
56 42 361
42 57 832
58 42 955
42 59 390
42 60 153
62 42 789
63 42 335
64 42 802
65 42 749
42 66 312
42 67 46
68 42 224
42 69 269
42 70 643
71 42 147
72 42 621
42 73 566
42 74 804
75 42 481
44 43 803
45 43 318
43 46 32
43 47 584
48 43 550
43 49 711
50 43 705
43 51 479
43 52 672
43 53 892
43 54 8
43 55 48
43 56 239
57 43 719
59 43 200
60 43 418
43 61 276
62 43 19
63 43 297
43 64 828
43 65 914
66 43 685
67 43 871
43 68 692
43 69 855
71 43 892
43 72 957
73 43 17
74 43 525
43 75 874
45 44 401
44 46 759
44 47 880
48 44 410
49 44 217
50 44 996
51 44 425
52 44 831
53 44 60
54 44 243
56 44 487
44 57 85
58 44 836
44 59 493
60 44 985
61 44 220
44 62 437
63 44 78
44 64 742
65 44 42
44 66 508
44 67 907
44 68 184
69 44 935
44 70 889
71 44 465
72 44 819
73 44 343
44 74 308
75 44 473
46 45 866
45 47 842
45 48 24
49 45 127
50 45 431
45 51 950
45 52 873
45 53 165
54 45 502
55 45 392
56 45 802
45 57 765
45 58 405
45 59 625
45 60 646
61 45 708
62 45 140
45 63 165
64 45 820
65 45 631
45 66 811
67 45 539
68 45 788
69 45 91
45 70 154
71 45 680
72 45 690
45 73 926
45 74 255
45 75 158
47 46 351
48 46 763
46 49 118
51 46 938
46 52 987
53 46 732
54 46 430
55 46 59
46 56 209
46 57 989
58 46 379
59 46 732
46 60 572
46 61 133
46 62 335
63 46 176
64 46 499
65 46 21
46 66 21
46 67 347
46 68 200
46 69 278
70 46 195
46 71 465
72 46 35
73 46 797
74 46 452
75 46 291
48 47 706
49 47 200
47 50 159
51 47 942
52 47 40
53 47 434
47 54 623
47 55 771
56 47 561
57 47 155
47 58 736
59 47 862
47 61 11
62 47 579
63 47 529
64 47 244
65 47 153
66 47 461
67 47 928
68 47 918
47 69 903
70 47 216
71 47 452
47 72 299
47 73 897
47 74 940
75 47 620
48 49 994
48 50 300
48 51 520
52 48 229
53 48 483
54 48 749
48 55 611
48 56 765
57 48 269
58 48 562
59 48 53
60 48 578
48 61 865
48 62 109
48 63 45
48 64 569
48 65 61
48 66 314
48 67 400
48 68 46
69 48 626
48 70 178
48 71 174
48 72 116
48 73 960
74 48 982
75 48 690
49 50 68
49 51 737
49 52 413
53 49 960
54 49 523
49 55 200
49 56 304
49 57 81
58 49 834
49 59 199
60 49 941
49 61 656
62 49 869
63 49 85
64 49 683
65 49 762
49 66 383
49 67 630
68 49 983
69 49 775
70 49 312
71 49 44
72 49 278
49 73 668
74 49 181
49 75 825
51 50 941
50 52 881
53 50 150
50 54 659
55 50 443
50 56 934
50 57 974
58 50 972
50 59 855
60 50 164
61 50 425
62 50 133
50 63 34
50 64 164
50 65 17
50 66 38
67 50 171
68 50 118
50 69 236
50 70 152
50 71 900
50 72 855
73 50 352
50 75 207
52 51 47
53 51 701
54 51 505
51 55 990
56 51 565
57 51 25
51 58 592
51 59 426
51 60 451
61 51 97
51 62 601
63 51 829
51 64 333
65 51 389
66 51 936
67 51 787
51 68 967
69 51 290
51 70 240
71 51 480
51 72 833
51 73 59
74 51 837
51 75 934
53 52 933
54 52 217
55 52 861
56 52 570
57 52 450
52 58 56
59 52 905
52 60 71
61 52 681
62 52 398
52 63 991
64 52 76
65 52 733
52 66 247
67 52 322
68 52 560
52 69 915
52 70 786
71 52 172
72 52 319
73 52 16
52 74 710
52 75 568
53 54 495
53 55 843
53 56 519
57 53 121
53 58 656
59 53 432
53 60 125
61 53 786
53 62 6
53 63 163
64 53 178
65 53 201
66 53 11
53 67 222
53 68 488
69 53 555
53 70 740
53 71 225
72 53 230
73 53 556
74 53 901
75 53 491
54 55 91
54 56 413
54 57 680
54 58 942
59 54 966
54 60 705
54 61 710
62 54 400
63 54 419
54 64 882
65 54 351
54 66 473
67 54 155
54 68 521
69 54 719
70 54 432
71 54 991
72 54 257
54 73 476
54 74 526
75 54 692
56 55 768
57 55 509
58 55 653
59 55 121
55 60 789
61 55 343
62 55 755
63 55 993
55 64 256
65 55 990
67 55 980
68 55 127
69 55 710
70 55 527
55 71 720
72 55 918
55 73 617
55 74 476
75 55 556
57 56 36
58 56 55
56 59 485
56 60 640
56 61 159
56 62 454
63 56 221
64 56 784
65 56 82
66 56 727
56 67 995
56 68 68
56 69 973
56 70 699
56 71 282
72 56 160
73 56 337
74 56 669
75 56 822
57 58 637
57 59 10
57 60 528
57 61 522
62 57 632
63 57 156
64 57 914
57 65 508
66 57 765
67 57 368
68 57 632
57 69 421
57 70 670
71 57 710
57 72 282
73 57 998
57 74 214
75 57 359
59 58 292
58 60 756
61 58 539
62 58 985
58 63 764
64 58 137
58 65 325
58 66 694
58 67 857
68 58 99
69 58 575
58 70 216
58 71 42
72 58 125
73 58 923
74 58 348
58 75 715
60 59 841
61 59 365
62 59 56
59 63 669
59 64 359
65 59 48
59 66 301
59 67 870
59 69 445
70 59 350
59 71 304
59 72 777
73 59 189
74 59 258
59 75 325
60 61 594
62 60 428
63 60 985
64 60 439
60 65 617
60 66 927
60 67 84
68 60 890
60 69 964
60 70 800
71 60 337
60 72 579
73 60 366
74 60 724
75 60 520
61 62 686
61 63 329
64 61 236
65 61 371
61 66 192
67 61 457
68 61 358
61 69 301
70 61 78
61 71 284
73 61 973
61 74 859
75 61 49
63 62 512
64 62 144
62 65 708
66 62 592
62 67 196
62 68 894
62 69 447
62 70 678
71 62 942
62 72 217
62 73 999
74 62 176
75 62 113
63 64 911
65 63 936
66 63 595
63 67 982
63 68 63
69 63 51
63 70 565
63 71 261
63 72 467
73 63 394
74 63 624
75 63 714
64 65 226
64 66 24
67 64 290
64 68 252
64 69 106
64 70 511
64 71 339
64 72 142
73 64 884
64 74 110
75 64 789
65 66 610
65 67 428
68 65 400
69 65 689
70 65 595
65 71 528
65 72 19
74 65 622
75 65 211
67 66 231
68 66 851
66 69 756
70 66 957
71 66 64
72 66 735
73 66 718
66 74 213
66 75 741
68 67 112
69 67 561
70 67 732
71 67 747
72 67 636
74 67 198
75 67 851
68 69 732
68 70 567
68 71 880
72 68 750
68 73 952
68 74 705
75 68 98
69 70 34
71 69 239
69 72 977
69 73 322
74 69 714
69 75 494
70 71 194
70 72 963
70 73 855
70 74 319
70 75 731
71 72 638
71 73 538
74 71 14
71 75 234
73 72 722
74 72 527
72 75 856
73 74 927
75 73 362
75 74 102

END
