INSTANCE_NAME b13.dat
NB_VERTICES 100
NB_ARCS 163
NB_REQUESTS 0
NB_BLOCKAGES 40
NB_A' 9737

VERTICES
1 0 0
2 0 0
3 0 0
4 0 0
5 0 0
6 0 0
7 0 0
8 0 0
9 0 0
10 0 0
11 0 0
12 0 0
13 0 0
14 0 0
15 0 0
16 0 0
17 0 0
18 0 0
19 0 0
20 0 0
21 0 0
22 0 0
23 0 0
24 0 0
25 0 0
26 0 0
27 0 0
28 0 0
29 0 0
30 0 0
31 0 0
32 0 0
33 0 0
34 0 0
35 0 0
36 0 0
37 0 0
38 0 0
39 0 0
40 0 0
41 0 0
42 0 0
43 0 0
44 0 0
45 0 0
46 0 0
47 0 0
48 0 0
49 0 0
50 0 0
51 0 0
52 0 0
53 0 0
54 0 0
55 0 0
56 0 0
57 0 0
58 0 0
59 0 0
60 0 0
61 0 0
62 0 0
63 0 0
64 0 0
65 0 0
66 0 0
67 0 0
68 0 0
69 0 0
70 0 0
71 0 0
72 0 0
73 0 0
74 0 0
75 0 0
76 0 0
77 0 0
78 0 0
79 0 0
80 0 0
81 0 0
82 0 0
83 0 0
84 0 0
85 0 0
86 0 0
87 0 0
88 0 0
89 0 0
90 0 0
91 0 0
92 0 0
93 0 0
94 0 0
95 0 0
96 0 0
97 0 0
98 0 0
99 0 0
100 0 0

ARCS
3 38 8
38 85 5
85 19 10
19 5 7
5 4 5
4 46 8
46 20 4
20 95 1
95 50 5
50 37 1
37 87 10
87 27 5
27 8 2
8 7 3
7 6 4
6 58 10
58 11 1
11 9 9
9 69 6
69 62 3
62 3 6
3 32 6
32 24 4
24 93 8
93 15 8
15 33 8
33 90 2
90 10 1
10 34 10
34 73 10
73 80 6
80 70 5
70 19 3
19 23 1
23 42 3
42 8 1
8 81 2
81 95 4
95 75 8
75 49 9
49 64 10
64 14 5
14 16 10
16 91 6
91 5 6
5 84 10
84 2 10
2 83 6
83 63 4
63 11 4
11 41 9
41 22 6
22 67 1
67 65 4
65 4 3
65 43 4
43 13 4
13 35 1
35 48 10
48 53 2
53 13 3
13 86 4
86 60 8
60 45 8
45 49 2
49 63 4
63 91 10
91 31 1
31 29 8
29 54 7
54 71 8
71 72 2
72 68 7
68 61 2
61 10 5
10 70 9
70 13 6
70 58 6
68 15 8
68 82 6
82 62 7
62 1 9
1 98 4
98 44 9
44 19 1
19 74 3
74 12 4
12 59 8
59 30 6
30 25 10
25 7 8
7 36 6
36 55 6
55 100 10
100 90 6
90 5 4
55 60 4
60 98 5
98 40 1
40 77 6
77 29 8
29 59 9
59 40 3
40 26 1
26 46 10
46 78 3
78 79 7
79 19 7
19 99 4
99 88 5
88 9 1
88 43 4
99 75 3
79 60 8
79 87 1
87 57 10
57 35 3
35 39 5
39 53 1
53 30 1
57 91 5
57 28 10
28 76 1
76 2 8
28 92 8
92 79 9
92 38 10
38 22 10
87 94 10
94 52 9
52 84 5
84 32 9
32 66 6
66 67 1
67 56 8
56 21 8
21 44 1
44 17 10
17 84 5
84 47 4
47 26 10
84 72 1
72 93 9
72 96 8
96 68 10
68 23 4
84 73 9
73 21 2
84 89 6
89 65 8
65 51 6
51 64 10
64 59 10
64 85 8
85 50 6
85 6 9
85 54 6
84 94 9
94 1 6
74 18 4
18 14 1
11 97 2
97 16 5

REQUESTS

BLOCKAGES
59 40
75 49
22 67
29 59
44 19
92 38
14 16
87 94
53 13
57 35
40 26
53 30
64 59
65 4
38 85
70 13
70 58
99 88
84 94
49 64
10 70
87 57
85 50
93 15
73 21
5 84
62 3
98 44
62 1
67 65
29 54
43 13
19 74
64 85
90 5
19 23
84 72
55 60
63 91
63 11

A'
1 2 917
3 1 412
4 1 325
1 5 520
1 6 194
1 7 358
8 1 136
1 9 590
1 10 270
11 1 430
12 1 17
13 1 86
14 1 140
15 1 792
16 1 439
1 17 18
18 1 570
1 19 565
20 1 655
21 1 330
1 22 72
23 1 848
24 1 856
25 1 286
26 1 654
27 1 785
1 28 363
1 29 758
1 30 380
1 31 618
1 32 187
1 33 524
1 34 417
1 35 354
36 1 876
37 1 270
38 1 721
39 1 153
1 40 257
1 41 52
1 42 856
1 43 932
1 44 57
45 1 424
1 46 590
47 1 957
1 48 28
1 49 884
1 50 272
51 1 866
52 1 920
53 1 446
1 54 307
1 55 920
1 56 740
57 1 177
58 1 159
1 59 165
60 1 797
1 61 707
1 62 980
63 1 162
1 64 495
65 1 155
1 66 633
67 1 264
1 68 211
69 1 896
1 70 659
71 1 433
1 72 137
73 1 992
74 1 69
1 75 566
76 1 447
1 77 250
78 1 286
79 1 138
1 80 159
1 81 897
1 82 664
83 1 695
84 1 573
1 85 744
86 1 756
1 87 980
88 1 488
1 89 891
1 90 831
1 91 420
1 92 727
1 93 408
1 95 545
1 96 943
1 97 41
98 1 852
99 1 780
1 100 477
2 3 821
2 4 829
2 5 687
6 2 835
2 7 964
8 2 193
9 2 514
2 10 498
11 2 581
2 12 671
13 2 5
14 2 312
15 2 698
16 2 301
17 2 240
2 18 902
2 19 837
20 2 759
21 2 155
2 22 237
2 23 40
24 2 241
25 2 954
2 26 88
2 27 599
2 28 658
29 2 722
30 2 704
31 2 484
2 32 951
33 2 133
34 2 839
35 2 935
36 2 548
37 2 894
2 38 911
39 2 916
40 2 838
41 2 240
42 2 402
2 43 34
44 2 144
45 2 83
46 2 877
2 47 555
48 2 993
49 2 31
50 2 360
51 2 779
52 2 758
53 2 42
2 54 309
55 2 170
2 56 825
57 2 774
2 58 950
59 2 340
60 2 265
2 61 644
62 2 340
2 63 320
2 64 236
2 65 866
66 2 667
2 67 853
2 68 20
2 69 795
70 2 850
2 71 530
2 72 76
2 73 955
74 2 462
2 75 173
2 77 168
78 2 759
79 2 890
2 80 953
2 81 307
82 2 610
83 2 104
2 85 349
86 2 706
87 2 846
88 2 576
89 2 890
90 2 649
2 91 528
92 2 782
93 2 341
2 94 705
95 2 242
2 96 9
97 2 156
2 98 442
2 99 715
2 100 483
4 3 708
3 5 613
6 3 126
7 3 177
3 8 423
9 3 719
3 10 997
3 11 601
12 3 851
13 3 394
3 14 155
3 15 276
3 16 365
17 3 119
18 3 894
19 3 142
20 3 492
3 21 505
3 22 646
23 3 985
3 24 857
25 3 74
3 26 202
3 27 894
3 28 330
29 3 496
3 30 745
31 3 146
32 3 840
3 33 540
34 3 569
35 3 38
3 36 138
3 37 29
38 3 927
39 3 555
40 3 67
3 41 340
3 42 653
3 43 672
44 3 224
45 3 818
3 46 289
47 3 781
3 48 579
3 49 565
50 3 352
3 51 206
52 3 847
53 3 624
54 3 951
55 3 908
3 56 510
57 3 637
58 3 184
3 59 497
3 60 826
3 61 79
63 3 859
3 64 207
3 65 862
66 3 881
67 3 910
3 68 14
3 69 345
3 70 799
71 3 45
3 72 737
3 73 804
74 3 827
3 75 747
3 76 289
3 77 17
78 3 40
79 3 405
3 80 405
3 81 950
82 3 785
3 83 358
3 84 59
85 3 287
86 3 281
3 87 24
88 3 327
3 89 619
90 3 291
91 3 443
92 3 481
93 3 38
3 94 685
3 95 470
96 3 763
97 3 78
98 3 982
99 3 48
100 3 841
6 4 474
4 7 625
4 8 400
4 9 813
4 10 94
11 4 698
4 12 361
4 13 413
14 4 545
4 15 54
16 4 969
4 17 414
18 4 158
19 4 267
4 20 393
21 4 798
4 22 26
4 23 60
24 4 225
4 25 680
4 26 456
4 27 342
28 4 237
4 29 401
30 4 312
4 31 118
4 32 981
33 4 850
4 34 435
4 35 39
4 36 124
37 4 397
38 4 258
4 39 925
40 4 31
41 4 152
42 4 686
43 4 655
4 44 951
45 4 55
46 4 564
4 47 245
4 48 54
4 49 34
50 4 266
4 51 668
52 4 260
4 53 890
4 54 872
4 55 704
4 56 474
57 4 92
58 4 52
4 59 433
4 60 152
61 4 615
62 4 10
63 4 611
64 4 656
4 65 255
66 4 419
4 67 662
68 4 338
69 4 900
70 4 68
71 4 166
4 72 809
4 73 52
4 74 3
4 75 213
76 4 322
77 4 573
78 4 389
79 4 450
80 4 530
4 81 317
82 4 978
4 83 979
84 4 880
4 85 579
4 86 832
4 87 841
4 88 1
4 89 204
4 90 728
4 91 862
92 4 595
4 93 436
94 4 321
95 4 731
4 96 940
4 97 502
98 4 377
4 99 935
100 4 61
6 5 908
5 7 609
5 8 236
9 5 343
10 5 316
5 11 206
12 5 175
5 13 315
5 14 487
15 5 846
16 5 188
17 5 616
5 18 54
20 5 340
21 5 934
22 5 212
23 5 165
24 5 412
25 5 5
5 26 793
27 5 408
28 5 601
29 5 339
5 30 397
31 5 759
5 32 865
33 5 581
5 34 948
35 5 130
5 36 229
37 5 196
5 38 592
5 39 750
40 5 188
41 5 205
5 42 533
5 43 5
44 5 874
45 5 398
46 5 20
5 47 588
5 48 698
5 49 493
5 50 797
5 51 637
52 5 685
5 53 465
5 54 543
5 55 630
5 56 672
5 57 414
5 58 149
5 59 40
60 5 464
61 5 997
62 5 592
5 63 70
5 64 455
5 65 639
66 5 184
67 5 628
5 68 810
5 69 847
5 70 9
5 71 785
72 5 662
5 73 588
5 74 319
5 75 888
76 5 416
5 77 969
5 78 171
79 5 1
5 80 952
81 5 228
82 5 969
83 5 706
84 5 650
5 85 481
86 5 380
87 5 395
88 5 815
5 89 554
5 92 619
93 5 677
5 94 88
5 95 978
5 96 825
97 5 782
5 98 416
5 99 611
100 5 879
6 7 377
8 6 622
6 9 975
6 10 148
11 6 350
12 6 626
6 13 846
6 14 390
15 6 831
16 6 74
6 17 268
6 18 89
19 6 653
6 20 502
21 6 680
6 22 227
6 23 738
6 24 163
25 6 568
6 26 205
27 6 715
6 28 578
6 29 426
6 30 434
6 31 148
32 6 768
6 33 756
6 34 168
35 6 415
6 36 23
6 37 49
38 6 502
39 6 801
6 40 203
6 41 974
42 6 636
6 43 589
44 6 599
6 45 884
46 6 621
6 47 243
6 48 151
49 6 947
6 50 111
51 6 339
52 6 807
6 53 86
6 54 878
6 55 971
6 56 605
6 57 190
58 6 335
6 59 804
6 60 495
6 61 22
6 62 423
6 63 207
64 6 318
6 65 242
6 66 218
67 6 265
6 68 320
6 69 683
70 6 587
6 71 332
72 6 301
73 6 782
6 74 3
75 6 625
76 6 624
6 77 964
6 78 613
79 6 970
80 6 28
6 81 710
82 6 144
6 83 621
84 6 323
86 6 261
6 87 694
88 6 961
6 89 232
6 90 568
91 6 572
92 6 144
93 6 380
6 94 181
6 95 511
96 6 929
6 97 821
6 98 217
6 99 146
100 6 821
7 8 393
9 7 108
7 10 884
7 11 4
12 7 15
13 7 635
7 14 691
15 7 506
16 7 672
7 17 324
7 18 149
19 7 608
20 7 130
7 21 466
22 7 855
7 23 722
24 7 719
26 7 602
7 27 40
7 28 262
7 29 703
30 7 5
31 7 56
32 7 504
7 33 750
34 7 242
7 35 644
36 7 483
7 37 379
38 7 674
39 7 183
7 40 735
41 7 956
7 42 611
43 7 755
7 44 13
45 7 775
46 7 641
7 47 795
7 48 275
7 49 885
7 50 250
7 51 781
7 52 699
7 53 193
7 54 880
55 7 644
7 56 89
57 7 301
58 7 298
59 7 275
7 60 216
61 7 678
7 62 582
7 63 704
64 7 719
7 65 76
7 66 467
67 7 404
7 68 720
7 69 889
70 7 674
7 71 564
7 72 835
7 73 813
7 74 622
75 7 793
76 7 487
7 77 45
7 78 645
7 79 924
80 7 687
7 81 683
82 7 208
7 83 22
84 7 385
85 7 877
7 86 794
7 87 171
7 88 7
89 7 111
7 90 421
91 7 817
92 7 428
93 7 975
7 94 960
7 95 787
7 96 249
97 7 502
7 98 258
7 99 86
7 100 434
8 9 403
10 8 753
11 8 207
12 8 908
13 8 739
8 14 276
15 8 235
16 8 767
17 8 127
8 18 810
19 8 723
20 8 733
8 21 218
8 22 99
8 23 983
8 24 617
25 8 463
8 26 661
8 28 568
29 8 218
8 30 316
8 31 834
32 8 890
8 33 497
34 8 203
35 8 689
36 8 493
37 8 183
8 38 715
8 39 168
40 8 454
8 41 61
8 43 81
44 8 484
45 8 576
46 8 789
8 47 916
48 8 941
49 8 655
8 50 863
51 8 948
8 52 259
8 53 362
8 54 279
55 8 611
56 8 4
8 57 289
58 8 781
59 8 537
8 60 841
8 61 346
62 8 163
63 8 139
8 64 273
65 8 363
8 66 207
8 67 667
68 8 226
8 69 908
8 70 578
8 71 732
72 8 735
8 73 463
8 74 740
75 8 131
8 76 815
77 8 913
78 8 793
79 8 784
8 80 196
81 8 553
8 82 160
83 8 219
84 8 598
8 85 592
86 8 348
87 8 107
8 88 46
8 89 301
90 8 920
8 91 68
8 92 964
8 93 415
8 94 735
8 95 173
8 96 696
97 8 683
98 8 647
99 8 943
8 100 731
9 10 770
9 11 208
12 9 215
13 9 150
9 14 741
15 9 651
9 16 155
9 17 492
18 9 73
9 19 118
9 20 507
21 9 674
22 9 19
23 9 442
24 9 916
9 25 846
9 26 305
27 9 618
28 9 657
29 9 386
30 9 187
9 31 557
32 9 353
9 33 613
9 34 977
35 9 23
36 9 895
9 37 23
9 38 368
9 39 226
9 40 339
9 41 25
42 9 828
9 43 514
44 9 408
45 9 233
9 46 639
47 9 639
48 9 540
49 9 120
9 50 981
9 51 350
9 52 190
53 9 141
54 9 188
9 55 544
56 9 141
9 57 873
58 9 913
9 59 805
9 60 989
61 9 618
62 9 530
9 63 673
64 9 506
65 9 937
66 9 934
9 67 66
68 9 658
69 9 384
9 70 627
71 9 76
9 72 551
9 73 88
74 9 686
9 75 135
9 76 632
9 77 356
78 9 359
9 79 582
9 80 820
9 81 54
9 82 155
83 9 580
84 9 676
85 9 362
86 9 946
87 9 422
9 88 384
89 9 958
90 9 456
9 91 446
92 9 195
93 9 952
94 9 829
95 9 769
9 96 754
9 97 105
9 98 293
99 9 424
9 100 351
11 10 974
10 12 573
13 10 143
14 10 607
15 10 729
10 16 896
17 10 501
18 10 327
10 19 347
20 10 336
21 10 507
22 10 289
23 10 700
24 10 351
10 25 252
10 26 612
10 27 701
28 10 324
10 29 493
30 10 648
31 10 344
32 10 99
10 33 337
34 10 999
10 35 636
10 36 150
10 37 126
10 38 457
10 39 722
40 10 301
10 41 860
10 42 903
43 10 448
10 44 756
10 45 508
46 10 865
10 47 297
48 10 399
10 49 92
10 50 669
10 51 435
10 52 221
53 10 608
54 10 738
55 10 836
10 56 6
57 10 653
10 58 959
59 10 486
10 60 744
10 62 960
10 63 117
64 10 947
10 65 718
10 66 122
67 10 482
68 10 18
10 69 898
70 10 131
71 10 233
10 72 936
10 73 525
10 74 238
75 10 33
10 76 72
77 10 771
10 78 925
79 10 10
80 10 692
81 10 270
82 10 524
83 10 104
84 10 145
85 10 938
86 10 283
87 10 499
88 10 802
89 10 118
91 10 150
10 92 126
10 93 465
94 10 802
95 10 870
10 96 747
97 10 645
98 10 472
10 99 14
10 100 892
12 11 301
11 13 1
14 11 368
15 11 624
11 16 688
17 11 444
18 11 356
11 19 715
11 20 430
11 21 875
11 22 892
23 11 600
11 24 531
25 11 283
26 11 434
11 27 911
11 28 44
29 11 909
30 11 834
11 31 153
32 11 546
11 33 710
11 34 869
11 35 425
36 11 643
37 11 302
11 38 271
39 11 422
11 40 323
41 11 346
11 42 230
11 43 193
44 11 870
45 11 35
46 11 337
47 11 576
11 48 839
49 11 487
50 11 764
11 51 709
11 52 562
11 53 644
54 11 614
55 11 986
11 56 472
57 11 43
11 59 588
60 11 159
11 61 64
11 62 728
11 63 141
11 64 792
65 11 448
66 11 244
67 11 559
68 11 273
69 11 644
70 11 886
11 71 442
11 72 532
11 73 568
11 74 413
75 11 261
76 11 547
11 77 488
11 78 277
11 79 235
80 11 108
81 11 919
82 11 745
83 11 704
84 11 101
85 11 825
86 11 407
11 87 512
11 88 389
89 11 873
90 11 234
91 11 76
11 92 160
93 11 53
94 11 895
11 95 857
11 96 674
97 11 57
11 98 955
11 99 787
11 100 106
13 12 746
12 14 229
15 12 153
16 12 687
12 17 122
12 18 862
19 12 51
12 20 463
12 21 810
22 12 95
12 23 63
12 24 792
25 12 185
12 26 230
27 12 857
28 12 934
12 29 551
12 30 562
31 12 130
32 12 432
33 12 168
12 34 151
35 12 667
12 36 26
12 37 674
12 38 141
12 39 887
12 40 206
41 12 733
42 12 394
12 43 474
44 12 895
12 45 192
46 12 78
47 12 705
12 48 924
12 49 155
12 50 146
51 12 39
52 12 296
53 12 290
12 54 800
12 55 423
12 56 951
57 12 792
12 58 96
59 12 374
60 12 640
61 12 799
12 62 237
63 12 931
12 64 78
65 12 586
12 66 609
12 67 746
12 68 688
12 69 43
12 70 915
71 12 493
72 12 971
12 73 912
75 12 637
76 12 892
77 12 911
78 12 142
79 12 243
80 12 842
81 12 590
82 12 287
12 83 515
12 84 253
12 85 936
12 86 816
12 87 584
88 12 75
12 89 648
90 12 824
91 12 605
92 12 189
93 12 380
12 94 279
12 95 687
12 96 653
12 97 241
98 12 841
99 12 185
12 100 656
13 14 537
15 13 576
16 13 207
13 17 396
18 13 494
19 13 491
13 20 637
21 13 612
13 22 713
13 23 342
24 13 713
13 25 26
26 13 636
27 13 707
13 28 16
13 29 644
13 30 537
31 13 376
32 13 868
33 13 949
34 13 341
35 13 810
13 36 822
37 13 697
13 38 662
13 39 636
13 40 383
41 13 679
42 13 231
13 44 246
45 13 833
13 46 987
47 13 525
48 13 622
13 49 734
13 50 340
13 51 143
52 13 697
13 54 934
13 55 107
56 13 302
13 57 582
13 58 860
13 59 716
60 13 410
13 61 234
62 13 504
13 63 435
64 13 258
13 65 670
66 13 126
67 13 86
13 68 594
13 69 863
13 71 970
13 72 877
73 13 29
13 74 670
13 75 923
13 76 953
77 13 303
78 13 296
79 13 650
13 80 900
81 13 605
13 82 560
13 83 927
13 84 743
85 13 920
86 13 502
87 13 68
13 88 51
13 89 585
13 90 992
91 13 142
13 92 299
13 93 511
94 13 86
13 95 530
96 13 946
97 13 827
13 98 284
99 13 563
13 100 383
14 15 350
16 14 75
14 17 965
19 14 901
20 14 208
14 21 690
14 22 410
23 14 14
14 24 923
25 14 886
26 14 822
14 27 85
28 14 655
14 29 593
14 30 924
31 14 733
14 32 501
14 33 124
34 14 367
35 14 877
14 36 136
14 37 429
38 14 755
14 39 253
40 14 318
14 41 935
14 42 509
14 43 170
44 14 913
45 14 546
14 46 189
14 47 347
48 14 780
49 14 17
14 50 199
14 51 71
14 52 163
14 53 582
54 14 293
14 55 945
56 14 323
14 57 454
58 14 251
59 14 345
60 14 385
14 61 998
62 14 872
63 14 965
65 14 982
14 66 717
67 14 570
14 68 741
69 14 983
14 70 714
71 14 602
14 72 843
73 14 481
14 74 83
75 14 722
76 14 192
14 77 595
14 78 835
79 14 81
80 14 809
14 81 984
82 14 992
83 14 278
14 84 974
14 85 741
86 14 132
87 14 66
88 14 527
14 89 352
14 90 352
91 14 854
92 14 36
14 93 11
14 94 738
95 14 58
14 96 504
97 14 774
98 14 946
99 14 578
100 14 663
16 15 309
15 17 13
15 18 120
19 15 271
20 15 148
15 21 544
15 22 869
23 15 153
24 15 801
25 15 321
15 26 140
15 27 251
15 28 22
15 29 964
30 15 466
15 31 917
15 32 124
33 15 499
34 15 172
35 15 66
36 15 446
37 15 24
15 38 539
39 15 544
40 15 419
15 41 901
15 42 391
43 15 823
15 44 698
45 15 11
46 15 116
47 15 640
48 15 912
15 49 834
50 15 610
51 15 753
52 15 211
53 15 721
54 15 953
15 55 792
56 15 832
15 57 280
15 58 842
59 15 634
60 15 241
15 61 757
15 62 626
15 63 299
64 15 885
15 65 971
15 66 734
15 67 252
15 68 500
15 69 44
15 70 292
71 15 526
72 15 526
73 15 344
74 15 259
75 15 961
76 15 676
77 15 559
15 78 112
79 15 190
15 80 692
81 15 545
82 15 884
83 15 720
84 15 472
85 15 538
86 15 950
87 15 885
88 15 219
89 15 546
15 90 909
15 91 680
92 15 223
15 93 238
15 94 798
95 15 34
96 15 939
15 97 265
15 98 726
15 99 908
15 100 451
17 16 312
16 18 859
19 16 874
16 20 481
21 16 259
22 16 277
16 23 325
24 16 880
16 25 536
26 16 693
27 16 518
28 16 851
16 29 453
16 30 470
16 31 477
16 32 157
33 16 671
34 16 41
16 35 796
36 16 667
16 37 261
38 16 344
16 39 145
40 16 851
16 41 251
42 16 953
16 43 526
44 16 254
16 45 82
46 16 689
47 16 346
48 16 51
16 49 564
50 16 911
51 16 963
52 16 765
53 16 871
16 54 512
55 16 34
56 16 47
16 57 609
58 16 756
16 59 153
60 16 463
16 61 787
16 62 496
16 63 700
16 64 499
65 16 340
66 16 974
16 67 338
16 68 877
16 69 549
16 70 575
16 71 454
72 16 217
73 16 971
16 74 196
75 16 684
76 16 60
16 77 162
16 78 953
79 16 453
80 16 476
81 16 564
82 16 798
83 16 538
16 84 812
16 85 766
16 86 19
87 16 358
88 16 633
16 89 911
90 16 154
91 16 191
16 92 768
16 93 121
16 94 916
95 16 523
96 16 69
16 97 543
98 16 338
16 99 892
100 16 517
18 17 887
19 17 580
17 20 474
17 21 276
17 22 744
23 17 681
17 24 994
17 25 989
17 26 520
27 17 391
17 28 999
29 17 831
17 30 677
17 31 621
32 17 20
17 33 577
17 34 728
17 35 854
36 17 72
37 17 936
38 17 261
39 17 453
40 17 416
41 17 72
42 17 49
17 43 680
17 44 273
17 45 589
46 17 381
47 17 869
48 17 402
17 49 10
17 50 305
51 17 330
17 52 343
17 53 895
17 54 586
55 17 562
56 17 139
57 17 640
17 58 799
59 17 235
60 17 181
61 17 371
62 17 735
17 63 665
64 17 741
65 17 266
66 17 889
67 17 125
17 68 564
69 17 539
70 17 365
17 71 502
72 17 436
73 17 42
17 74 811
17 75 656
76 17 802
77 17 608
78 17 970
17 79 25
17 80 298
17 81 106
82 17 236
17 83 770
84 17 600
17 85 652
17 86 111
87 17 171
17 88 997
17 89 132
17 90 192
91 17 502
92 17 517
93 17 881
17 94 733
95 17 547
17 96 546
97 17 568
17 98 586
99 17 285
17 100 700
18 19 853
18 20 793
21 18 60
22 18 939
23 18 300
18 24 681
18 25 474
18 26 614
27 18 387
18 28 611
18 29 80
30 18 290
31 18 290
32 18 40
18 33 116
34 18 213
35 18 253
36 18 695
18 37 498
38 18 206
39 18 114
18 40 302
18 41 787
18 42 294
18 43 965
18 44 459
18 45 412
18 46 747
47 18 678
18 48 626
18 49 228
50 18 114
18 51 195
18 52 143
18 53 441
18 54 841
18 55 938
18 56 493
18 57 761
18 58 249
18 59 394
60 18 825
61 18 510
62 18 858
18 63 60
64 18 333
18 65 25
18 66 471
18 67 605
18 68 615
69 18 313
70 18 303
18 71 301
72 18 678
73 18 285
18 74 490
18 75 985
76 18 834
18 77 237
78 18 33
79 18 878
80 18 288
18 81 162
18 82 825
83 18 723
18 84 163
18 85 598
86 18 989
18 87 612
18 88 311
18 89 944
18 90 925
18 91 466
18 92 125
93 18 505
18 94 703
18 95 226
18 96 987
18 97 99
18 98 154
18 99 955
18 100 561
19 20 485
21 19 802
19 22 919
23 19 695
19 24 263
25 19 141
26 19 80
27 19 783
19 28 126
29 19 317
19 30 178
19 31 91
19 32 819
19 33 449
34 19 263
35 19 676
36 19 262
37 19 546
19 38 940
19 39 41
40 19 210
41 19 283
19 42 501
43 19 577
45 19 246
19 46 782
47 19 420
48 19 71
49 19 858
50 19 629
19 51 870
19 52 479
53 19 625
19 54 638
55 19 50
19 56 426
19 57 826
58 19 83
19 59 348
60 19 198
61 19 742
62 19 845
63 19 388
64 19 527
65 19 109
66 19 462
19 67 586
68 19 28
69 19 950
19 70 427
19 71 209
19 72 933
73 19 623
74 19 980
19 75 779
19 76 914
19 77 508
19 78 32
19 80 910
81 19 484
82 19 953
83 19 2
84 19 193
19 85 194
19 86 990
87 19 770
19 88 478
19 89 168
19 90 136
91 19 623
92 19 402
19 93 172
94 19 526
95 19 238
96 19 909
97 19 203
98 19 885
99 19 457
100 19 120
21 20 990
20 22 547
20 23 655
20 24 915
20 25 220
20 26 310
20 27 66
28 20 687
20 29 925
20 30 8
20 31 351
20 32 234
33 20 129
20 34 461
35 20 251
36 20 587
20 37 746
20 38 999
20 39 509
20 40 573
20 41 315
20 42 921
43 20 296
20 44 970
20 45 171
47 20 521
20 48 318
20 49 372
50 20 238
51 20 389
20 52 895
53 20 267
20 54 979
20 55 241
20 56 590
20 57 559
58 20 241
59 20 470
20 60 612
61 20 722
20 62 477
63 20 183
20 64 372
65 20 285
66 20 215
67 20 483
68 20 5
69 20 841
20 70 119
71 20 579
20 72 752
73 20 883
20 74 131
20 75 895
20 76 97
77 20 33
78 20 563
20 79 719
20 80 122
81 20 894
20 82 379
20 83 796
20 84 477
20 85 71
86 20 772
87 20 6
20 88 842
20 89 219
20 90 296
20 91 66
20 92 434
20 93 964
20 94 665
95 20 929
20 96 388
20 97 473
98 20 550
99 20 854
20 100 608
21 22 324
21 23 628
24 21 255
25 21 921
26 21 793
21 27 290
21 28 959
29 21 307
21 30 718
21 31 956
21 32 461
33 21 820
21 34 813
35 21 906
21 36 98
37 21 293
38 21 244
39 21 101
21 40 741
41 21 323
42 21 940
21 43 742
44 21 687
45 21 172
21 46 724
47 21 402
21 48 173
49 21 821
21 50 293
21 51 355
21 52 591
21 53 162
21 54 920
21 55 684
21 56 987
21 57 193
21 58 969
21 59 528
60 21 686
61 21 59
62 21 529
21 63 297
64 21 736
65 21 390
21 66 195
67 21 769
68 21 744
21 69 970
70 21 543
71 21 674
72 21 10
21 73 159
74 21 152
21 75 633
76 21 384
77 21 598
21 78 206
21 79 316
80 21 714
21 81 968
21 82 154
21 83 396
84 21 17
21 85 911
21 86 370
21 87 440
21 88 802
21 89 710
90 21 283
21 91 493
21 92 89
21 93 281
21 94 687
95 21 587
96 21 6
21 97 12
98 21 642
21 99 759
21 100 477
23 22 569
22 24 956
25 22 929
26 22 606
22 27 765
28 22 684
22 29 906
22 30 51
31 22 417
22 32 135
33 22 842
22 34 909
35 22 2
22 36 964
22 37 911
22 38 132
22 39 638
40 22 488
22 41 548
42 22 556
22 43 333
44 22 569
45 22 714
22 46 777
22 47 61
48 22 837
22 49 754
50 22 458
51 22 998
22 52 866
22 53 861
54 22 91
22 55 435
22 56 768
22 57 375
58 22 294
59 22 265
22 60 297
22 61 185
62 22 163
63 22 687
64 22 498
22 65 95
22 66 546
67 22 729
68 22 56
69 22 759
22 70 791
22 71 76
22 72 175
22 73 232
22 74 508
22 75 682
76 22 529
22 77 933
78 22 815
22 79 690
22 80 411
22 81 971
82 22 932
83 22 719
84 22 640
22 85 484
22 86 23
87 22 339
88 22 360
22 89 17
22 90 769
22 91 728
92 22 267
22 93 987
94 22 631
22 95 97
22 96 516
97 22 998
98 22 766
22 99 137
100 22 897
23 24 186
25 23 531
23 26 468
23 27 445
23 28 813
29 23 533
23 30 861
31 23 552
32 23 584
23 33 227
23 34 575
23 35 746
23 36 540
37 23 992
23 38 267
23 39 647
23 40 807
41 23 327
42 23 771
43 23 109
44 23 335
45 23 827
46 23 143
23 47 394
23 48 911
23 49 757
23 50 713
51 23 409
23 52 717
23 53 631
23 54 640
55 23 491
23 56 158
23 57 423
23 58 292
59 23 214
60 23 523
23 61 173
62 23 121
23 63 95
23 64 537
65 23 221
66 23 409
67 23 204
23 68 733
23 69 165
23 70 463
71 23 169
23 72 824
73 23 251
23 74 473
23 75 446
76 23 856
23 77 715
23 78 888
79 23 711
23 80 716
81 23 377
23 82 264
23 83 953
23 84 766
85 23 719
23 86 124
87 23 199
88 23 181
89 23 766
90 23 264
91 23 351
92 23 181
93 23 799
23 94 226
95 23 843
96 23 792
97 23 416
98 23 151
99 23 402
23 100 837
24 25 495
24 26 358
27 24 611
24 28 493
24 29 542
24 30 291
24 31 227
24 33 25
24 34 885
35 24 84
36 24 28
37 24 593
24 38 157
39 24 187
24 40 149
24 41 918
42 24 15
24 43 423
24 44 454
24 45 797
46 24 792
24 47 787
24 48 348
49 24 503
24 50 400
51 24 761
52 24 593
53 24 565
54 24 17
55 24 172
56 24 409
57 24 329
58 24 50
59 24 679
60 24 605
61 24 63
24 62 867
24 63 10
24 64 12
24 65 149
66 24 802
67 24 190
24 68 613
24 69 494
70 24 856
71 24 498
24 72 105
24 73 391
24 74 929
75 24 8
76 24 247
77 24 280
78 24 272
79 24 678
80 24 857
81 24 694
24 82 439
83 24 756
24 84 988
85 24 32
86 24 618
87 24 459
24 88 707
89 24 580
90 24 621
91 24 871
92 24 9
93 24 980
24 94 495
95 24 915
96 24 187
24 97 360
24 98 194
99 24 29
100 24 716
25 26 375
27 25 293
28 25 406
29 25 385
31 25 5
25 32 911
25 33 284
25 34 555
25 35 258
36 25 830
25 37 102
38 25 320
39 25 334
25 40 459
25 41 501
25 42 592
43 25 514
44 25 943
25 45 513
46 25 904
25 47 202
25 48 93
25 49 578
50 25 753
51 25 561
25 52 147
25 53 74
25 54 92
55 25 603
25 56 272
25 57 420
58 25 640
59 25 991
25 60 853
25 61 213
25 62 725
25 63 922
64 25 251
65 25 167
66 25 389
67 25 288
68 25 741
69 25 352
25 70 119
71 25 382
25 72 410
73 25 605
74 25 789
75 25 335
76 25 802
77 25 749
25 78 312
25 79 46
80 25 224
25 81 269
25 82 643
83 25 147
84 25 621
25 85 566
25 86 804
87 25 481
88 25 803
89 25 318
25 90 32
25 91 584
92 25 550
25 93 711
94 25 705
25 95 479
25 96 672
25 97 892
25 98 8
25 99 48
25 100 239
27 26 719
28 26 264
26 29 959
26 30 636
26 31 361
32 26 927
33 26 852
26 34 980
26 35 393
36 26 21
37 26 964
26 38 970
39 26 5
26 41 52
42 26 131
43 26 675
44 26 632
26 45 483
46 26 862
26 48 880
49 26 410
50 26 217
51 26 996
52 26 425
53 26 831
54 26 60
55 26 243
56 26 129
57 26 468
58 26 969
26 59 760
60 26 467
61 26 327
26 62 846
63 26 333
26 64 826
26 65 160
26 66 482
26 67 2
68 26 876
26 69 295
70 26 984
71 26 351
72 26 375
73 26 549
74 26 654
26 75 187
76 26 645
26 77 692
26 78 302
26 79 919
80 26 117
81 26 520
26 82 938
83 26 856
84 26 57
26 85 99
26 86 391
26 87 856
88 26 620
89 26 460
90 26 64
26 91 97
26 92 511
26 93 550
94 26 515
26 95 291
96 26 250
97 26 581
98 26 35
26 99 55
100 26 290
27 28 483
27 29 307
27 30 796
27 31 94
32 27 902
27 33 253
34 27 217
35 27 490
27 36 927
37 27 938
27 38 987
39 27 732
40 27 430
27 41 59
27 42 209
27 43 989
44 27 379
45 27 732
27 46 572
27 47 133
27 48 335
49 27 176
50 27 499
51 27 21
27 52 21
27 53 347
27 54 200
27 55 278
56 27 195
27 57 465
58 27 35
59 27 797
60 27 452
61 27 291
62 27 706
63 27 200
27 64 159
65 27 942
66 27 40
27 67 434
27 68 623
27 69 771
70 27 561
71 27 155
27 72 736
73 27 862
74 27 128
75 27 887
76 27 539
77 27 953
27 78 303
79 27 635
80 27 879
27 81 118
27 82 242
83 27 682
27 84 387
27 85 742
86 27 852
27 88 940
89 27 620
27 90 994
27 91 300
27 92 520
93 27 229
94 27 483
95 27 749
27 96 611
27 97 765
98 27 269
99 27 562
100 27 53
29 28 578
28 30 865
28 31 109
28 32 45
28 33 569
28 34 61
28 35 314
28 36 400
28 37 46
38 28 626
28 39 178
28 40 174
28 41 116
28 42 960
43 28 982
44 28 690
28 45 68
28 46 737
28 47 413
48 28 960
49 28 523
28 50 200
28 51 304
28 52 81
53 28 834
28 54 199
55 28 941
28 56 656
58 28 967
59 28 851
60 28 126
28 61 102
62 28 850
28 63 795
64 28 941
65 28 857
28 66 327
28 67 615
28 68 124
28 69 111
70 28 866
71 28 473
72 28 832
73 28 809
28 74 318
75 28 833
76 28 772
28 77 826
28 78 563
28 79 308
80 28 747
28 81 167
82 28 559
83 28 702
28 84 800
28 85 214
86 28 340
28 87 957
88 28 919
28 89 320
28 90 128
28 91 30
92 28 438
93 28 225
28 94 827
28 95 207
96 28 47
97 28 701
98 28 505
28 99 990
100 28 565
30 29 25
29 31 592
29 32 426
29 33 451
34 29 97
29 35 601
36 29 829
29 37 333
38 29 389
39 29 936
40 29 787
29 41 967
42 29 290
29 43 240
44 29 480
29 45 833
29 46 59
47 29 837
29 48 934
49 29 933
50 29 217
51 29 861
52 29 570
53 29 450
54 29 56
55 29 905
29 56 71
57 29 681
29 58 398
59 29 991
60 29 76
61 29 733
29 62 247
63 29 322
64 29 560
29 65 915
29 66 786
67 29 172
68 29 319
69 29 16
29 70 710
29 71 568
29 72 495
29 73 843
29 74 519
75 29 121
29 76 656
29 78 254
79 29 753
29 80 36
29 81 52
82 29 143
29 83 687
84 29 497
85 29 216
29 86 72
29 87 141
88 29 334
29 89 398
90 29 611
29 91 697
29 92 237
93 29 339
94 29 378
95 29 628
96 29 448
29 97 928
29 98 857
29 99 142
100 29 976
30 31 927
30 32 549
33 30 954
30 34 511
35 30 458
36 30 933
37 30 380
38 30 55
39 30 11
30 40 809
41 30 197
42 30 670
30 43 550
30 44 441
30 45 231
30 46 753
47 30 167
48 30 279
49 30 886
50 30 823
51 30 261
52 30 849
30 54 256
55 30 990
56 30 519
30 57 235
58 30 649
30 59 29
60 30 150
30 61 109
30 62 824
63 30 436
30 64 247
30 65 361
30 66 731
67 30 648
68 30 904
30 69 464
70 30 702
30 71 197
72 30 433
30 73 699
30 74 493
75 30 960
76 30 798
30 77 264
78 30 36
79 30 800
30 80 607
30 81 669
82 30 567
83 30 173
30 84 308
85 30 332
30 86 90
30 87 582
30 88 663
30 89 955
30 90 711
30 91 502
30 92 333
93 30 833
30 94 815
30 95 2
96 30 144
30 97 757
30 98 338
30 99 531
30 100 918
31 32 359
33 31 93
31 34 232
31 35 923
36 31 263
37 31 452
31 38 493
39 31 880
40 31 504
31 41 956
42 31 467
43 31 527
44 31 160
31 45 856
31 46 565
47 31 255
48 31 483
31 49 566
50 31 103
51 31 253
52 31 825
31 53 480
54 31 192
55 31 993
31 56 404
57 31 904
31 58 751
31 59 445
60 31 350
31 61 304
31 62 777
63 31 189
64 31 258
31 65 325
31 66 594
67 31 428
68 31 985
69 31 439
31 70 617
31 71 927
31 72 84
73 31 890
31 74 964
31 75 800
76 31 337
31 77 579
78 31 366
79 31 724
80 31 520
31 81 686
31 82 329
83 31 236
84 31 371
31 85 192
86 31 457
87 31 358
31 88 301
89 31 78
31 90 284
92 31 973
31 93 859
94 31 49
95 31 512
96 31 144
31 97 708
98 31 592
31 99 196
31 100 894
32 33 447
32 34 678
35 32 942
32 36 217
32 37 999
38 32 176
39 32 113
32 40 911
41 32 936
42 32 595
32 43 982
32 44 63
45 32 51
32 46 565
32 47 261
32 48 467
49 32 394
50 32 624
51 32 714
32 52 226
32 53 24
54 32 290
32 55 252
32 56 106
32 57 511
32 58 339
32 59 142
60 32 884
32 61 110
32 62 789
32 63 610
32 64 428
65 32 400
66 32 689
67 32 595
32 68 528
32 69 19
70 32 106
32 71 369
72 32 161
73 32 263
74 32 74
32 75 955
76 32 947
32 77 757
78 32 433
32 79 990
80 32 72
81 32 967
32 82 205
83 32 377
32 84 531
85 32 901
32 86 369
87 32 198
88 32 851
32 89 732
32 90 567
32 91 880
92 32 750
32 93 952
32 94 705
95 32 98
32 96 34
97 32 239
32 98 977
32 99 322
100 32 714
33 34 494
33 35 194
33 36 963
33 37 855
33 38 319
33 39 731
33 40 638
33 41 538
42 33 14
33 43 234
44 33 722
45 33 527
33 46 856
33 47 927
48 33 362
49 33 102
33 50 74
51 33 899
33 52 42
53 33 433
33 54 878
33 55 910
33 56 643
57 33 808
33 58 392
59 33 471
60 33 659
61 33 425
62 33 852
63 33 395
33 64 991
65 33 421
66 33 143
67 33 804
68 33 775
69 33 896
70 33 400
71 33 872
33 72 955
73 33 754
74 33 424
33 75 163
33 76 924
77 33 948
33 78 290
79 33 341
33 80 191
81 33 696
82 33 783
33 83 221
84 33 88
85 33 913
86 33 625
33 87 880
33 88 167
89 33 630
90 33 208
33 91 23
33 92 83
93 33 259
33 94 313
95 33 3
96 33 63
97 33 539
98 33 550
33 99 105
100 33 580
34 35 475
34 36 153
34 37 135
38 34 691
34 39 612
34 40 612
41 34 381
34 42 605
43 34 65
44 34 941
45 34 123
46 34 117
47 34 551
34 48 124
34 49 654
50 34 25
34 51 259
52 34 186
53 34 200
34 54 861
55 34 125
34 56 797
34 57 517
58 34 848
59 34 21
60 34 351
61 34 495
34 62 508
34 63 837
64 34 701
65 34 38
66 34 970
34 67 253
68 34 392
34 69 382
34 70 967
71 34 427
72 34 364
73 34 516
74 34 227
34 75 351
34 76 383
34 77 397
34 78 891
79 34 224
80 34 75
81 34 19
82 34 260
83 34 903
34 84 427
85 34 255
86 34 143
34 87 859
34 88 328
34 89 716
90 34 614
91 34 484
34 92 264
34 93 237
34 94 464
34 95 448
96 34 777
34 97 935
34 98 440
99 34 687
34 100 825
35 36 962
37 35 679
38 35 472
39 35 898
35 40 912
41 35 958
42 35 858
43 35 626
35 44 726
35 45 610
46 35 980
35 47 342
48 35 421
49 35 454
35 50 999
51 35 105
35 52 245
53 35 484
54 35 788
35 55 256
35 56 596
35 58 454
59 35 72
60 35 510
61 35 860
35 62 140
63 35 727
64 35 666
65 35 210
66 35 857
35 67 933
68 35 85
69 35 4
70 35 854
71 35 760
72 35 333
35 73 351
35 74 108
35 75 388
76 35 286
35 77 354
78 35 492
35 79 533
80 35 938
35 81 337
82 35 582
83 35 667
35 84 983
35 85 522
86 35 759
87 35 93
88 35 604
89 35 580
90 35 920
91 35 31
92 35 566
35 93 981
35 94 167
95 35 918
35 96 607
97 35 602
35 98 523
35 99 909
35 100 290
36 37 46
36 38 710
36 39 842
40 36 285
41 36 727
36 42 91
43 36 761
44 36 492
45 36 66
36 46 606
47 36 465
36 48 589
49 36 455
36 50 686
51 36 969
52 36 144
36 53 374
54 36 503
55 36 869
56 36 987
57 36 695
36 58 351
59 36 86
36 60 195
61 36 203
36 62 485
63 36 67
36 64 85
65 36 537
66 36 883
67 36 745
36 68 870
69 36 230
36 70 685
36 71 863
36 72 44
73 36 453
36 74 11
36 75 939
76 36 392
77 36 61
36 78 160
79 36 301
36 80 648
81 36 14
36 82 693
83 36 260
36 84 581
85 36 286
86 36 291
36 87 992
36 88 56
36 89 80
36 90 685
36 91 326
36 92 511
36 93 656
36 94 513
36 95 265
36 96 497
97 36 745
98 36 741
36 99 103
100 36 845
37 38 289
39 37 239
40 37 468
37 41 76
42 37 63
43 37 917
37 44 540
45 37 126
46 37 800
37 47 503
37 48 501
49 37 694
51 37 434
52 37 641
37 53 797
37 54 747
55 37 322
56 37 750
57 37 454
58 37 381
37 59 917
60 37 106
61 37 598
37 62 494
63 37 154
64 37 439
37 65 603
66 37 43
37 67 635
68 37 494
69 37 767
37 70 713
37 71 618
72 37 407
73 37 463
74 37 989
75 37 259
37 76 425
37 77 745
37 78 794
79 37 826
37 80 754
37 81 619
37 82 816
83 37 831
84 37 36
85 37 252
37 86 36
87 37 562
37 88 291
37 89 933
90 37 106
91 37 76
37 92 399
93 37 799
37 94 423
95 37 128
37 96 404
37 97 324
98 37 998
37 99 231
100 37 454
38 39 133
40 38 702
38 41 283
42 38 774
43 38 975
44 38 757
45 38 465
46 38 223
47 38 51
48 38 239
38 49 172
50 38 275
51 38 213
38 52 352
38 53 9
54 38 277
55 38 646
56 38 538
38 57 675
58 38 846
59 38 246
38 60 403
38 61 461
62 38 324
63 38 973
64 38 40
65 38 909
38 66 991
67 38 937
68 38 268
69 38 499
70 38 789
38 71 227
72 38 423
73 38 341
38 74 253
38 75 870
38 76 647
38 77 632
78 38 192
79 38 237
80 38 101
81 38 248
82 38 617
38 83 137
84 38 833
85 38 133
86 38 131
87 38 651
38 88 611
38 89 821
90 38 281
38 91 222
38 92 723
38 93 602
38 94 162
38 95 200
38 96 334
97 38 56
38 98 335
99 38 890
100 38 884
39 40 491
39 41 732
39 42 919
39 43 837
39 44 557
45 39 133
39 46 748
39 47 983
48 39 825
39 49 890
50 39 757
51 39 823
52 39 229
53 39 61
39 54 379
39 55 492
39 56 309
57 39 363
39 58 917
59 39 967
60 39 667
61 39 954
62 39 10
63 39 819
64 39 432
65 39 211
66 39 987
67 39 57
68 39 894
69 39 37
39 70 764
39 71 493
39 72 102
73 39 299
39 74 757
75 39 842
39 76 68
39 77 542
78 39 84
39 79 263
80 39 420
81 39 759
82 39 858
83 39 973
84 39 635
85 39 726
39 86 888
87 39 470
39 88 777
39 89 7
39 90 385
91 39 957
39 92 996
39 93 232
94 39 209
95 39 649
96 39 967
39 97 739
39 98 574
99 39 278
100 39 72
40 41 606
42 40 574
43 40 300
40 44 547
45 40 883
46 40 211
47 40 86
40 48 392
49 40 988
50 40 163
40 51 933
40 52 395
53 40 9
54 40 85
55 40 529
40 56 642
40 57 819
58 40 913
40 59 268
60 40 480
61 40 741
40 62 45
40 63 247
64 40 846
40 65 389
66 40 574
67 40 194
40 68 695
40 69 936
70 40 840
40 71 287
72 40 950
73 40 399
40 74 926
75 40 672
40 76 521
77 40 447
78 40 589
40 79 353
40 80 631
81 40 146
40 82 765
83 40 524
84 40 893
85 40 238
40 86 275
40 87 565
40 88 332
89 40 789
90 40 333
40 91 14
92 40 223
93 40 122
94 40 506
40 95 300
40 96 919
40 97 692
40 99 215
40 100 380
42 41 731
41 43 651
41 44 380
41 45 289
41 46 366
47 41 379
48 41 911
49 41 751
50 41 408
51 41 228
41 52 917
53 41 504
41 54 406
41 55 201
41 56 679
57 41 997
58 41 396
59 41 718
60 41 873
41 61 172
41 62 255
41 63 119
64 41 837
65 41 887
41 66 486
41 67 829
41 68 476
41 69 115
41 70 870
71 41 853
41 72 599
73 41 13
41 74 848
41 75 472
41 76 440
41 77 661
41 78 545
79 41 858
80 41 1000
41 81 329
82 41 209
83 41 886
41 84 193
41 85 269
41 86 18
41 87 961
88 41 322
89 41 962
90 41 407
41 91 240
41 92 429
93 41 539
94 41 31
41 95 58
41 96 843
41 97 866
98 41 246
99 41 86
41 100 454
43 42 499
42 44 828
42 45 440
46 42 136
47 42 22
42 48 538
49 42 739
42 50 865
51 42 291
42 52 376
42 53 629
42 54 437
55 42 620
42 56 245
42 57 120
58 42 412
42 59 522
60 42 133
61 42 443
62 42 65
42 63 514
64 42 429
65 42 920
66 42 881
42 67 892
68 42 261
69 42 178
70 42 15
42 71 731
72 42 855
42 73 661
42 74 171
42 75 560
42 76 846
42 77 276
78 42 818
79 42 865
42 80 393
42 81 242
42 82 698
42 83 234
42 84 6
85 42 7
42 86 208
87 42 982
42 88 938
89 42 383
42 90 880
42 91 115
42 92 296
42 93 340
94 42 883
42 95 62
96 42 691
97 42 900
42 98 140
99 42 698
100 42 896
43 44 516
45 43 440
43 46 869
47 43 196
48 43 188
49 43 545
50 43 504
43 51 44
52 43 304
43 53 398
54 43 905
55 43 19
43 56 180
57 43 641
58 43 655
43 59 932
60 43 990
61 43 724
43 62 451
63 43 461
64 43 345
66 43 849
43 67 336
68 43 147
43 69 793
70 43 870
71 43 233
72 43 764
73 43 17
74 43 398
43 75 276
43 76 542
77 43 995
78 43 801
79 43 211
80 43 961
81 43 731
82 43 410
83 43 204
43 84 384
43 85 770
86 43 580
87 43 981
89 43 998
90 43 494
91 43 963
92 43 442
93 43 111
94 43 761
95 43 755
43 96 688
43 97 634
43 98 379
43 99 403
100 43 787
44 45 56
46 44 329
44 47 724
44 48 507
49 44 710
44 50 621
44 51 469
52 44 984
53 44 607
54 44 10
55 44 648
56 44 682
57 44 896
58 44 685
59 44 699
60 44 400
44 61 214
62 44 868
63 44 104
44 64 9
65 44 77
66 44 837
67 44 691
44 68 180
69 44 916
70 44 10
71 44 237
72 44 196
44 73 103
44 74 134
75 44 702
44 76 259
77 44 614
44 78 555
79 44 851
80 44 881
81 44 192
82 44 176
44 83 889
84 44 883
44 85 895
44 86 423
87 44 934
44 88 966
89 44 201
44 90 189
44 91 337
92 44 521
44 93 276
94 44 370
44 95 638
44 96 757
97 44 671
44 98 62
99 44 990
44 100 66
45 46 187
45 47 718
48 45 457
49 45 509
50 45 486
51 45 911
45 52 200
53 45 475
54 45 505
45 55 953
45 56 446
57 45 322
45 58 992
45 59 26
61 45 91
45 62 570
63 45 285
45 64 739
65 45 902
45 66 805
45 67 658
45 68 501
45 69 453
45 70 296
45 71 280
45 72 93
45 73 463
45 74 331
45 75 233
76 45 581
45 77 582
45 78 606
45 79 895
45 80 184
45 81 91
45 82 97
45 83 670
45 84 539
45 85 925
86 45 121
45 87 976
45 88 543
45 89 773
90 45 988
45 91 239
45 92 33
45 93 421
45 94 685
95 45 685
45 96 462
45 97 912
45 98 875
99 45 507
45 100 758
47 46 600
46 48 338
49 46 795
46 50 364
46 51 456
52 46 277
46 53 622
54 46 865
46 55 650
56 46 708
46 57 473
58 46 461
46 59 79
46 60 668
61 46 453
62 46 720
46 63 654
64 46 330
65 46 641
66 46 720
46 67 396
46 68 142
69 46 8
46 70 411
71 46 907
46 72 342
73 46 991
74 46 114
75 46 490
76 46 357
46 77 909
78 46 697
46 79 837
46 80 714
81 46 70
82 46 924
83 46 780
84 46 186
85 46 423
46 86 795
87 46 417
88 46 411
89 46 291
46 90 827
46 91 8
46 92 425
46 93 963
94 46 829
95 46 498
96 46 979
97 46 327
98 46 736
99 46 319
100 46 597
48 47 868
47 49 125
47 50 232
51 47 43
47 52 762
53 47 653
54 47 404
55 47 388
56 47 549
57 47 869
47 58 463
47 59 668
60 47 102
61 47 599
47 62 27
47 63 865
47 64 291
65 47 530
47 66 876
47 67 395
68 47 144
69 47 110
47 70 827
71 47 618
72 47 65
47 73 124
74 47 333
75 47 20
47 76 546
47 77 206
47 78 517
47 79 818
80 47 58
81 47 680
82 47 974
47 83 274
47 85 383
47 86 298
87 47 633
47 88 296
89 47 499
47 90 803
47 91 193
92 47 539
93 47 794
47 94 679
95 47 631
47 96 624
97 47 869
98 47 654
99 47 182
100 47 766
48 49 786
48 50 794
51 48 439
52 48 889
53 48 263
54 48 931
55 48 279
56 48 969
48 57 282
48 58 638
59 48 189
48 60 593
61 48 170
62 48 351
63 48 369
64 48 618
48 65 884
66 48 924
48 67 852
48 68 963
48 69 855
70 48 272
71 48 713
72 48 909
73 48 592
48 74 907
48 75 807
76 48 188
48 77 97
78 48 30
79 48 359
80 48 971
48 81 410
48 82 915
83 48 410
48 84 78
48 85 122
86 48 100
87 48 293
48 88 533
48 89 906
90 48 15
48 91 641
92 48 392
48 93 93
94 48 906
95 48 772
48 96 44
97 48 474
48 98 145
99 48 539
48 100 850
50 49 274
51 49 551
52 49 309
53 49 802
49 54 873
55 49 629
56 49 19
49 57 954
58 49 497
49 59 265
49 60 87
49 61 152
49 62 969
63 49 498
64 49 221
65 49 224
49 66 1000
49 67 412
49 68 856
49 69 225
49 70 30
71 49 944
49 72 929
49 73 862
74 49 757
49 75 44
76 49 137
77 49 459
78 49 194
49 79 316
49 80 7
81 49 907
49 82 664
83 49 17
84 49 884
85 49 950
86 49 797
49 87 312
88 49 791
89 49 149
90 49 650
49 91 445
49 92 90
93 49 242
94 49 563
49 95 696
96 49 800
97 49 278
49 98 625
49 99 686
49 100 886
50 51 772
50 52 233
53 50 759
54 50 607
55 50 273
50 56 803
57 50 393
50 58 324
50 59 879
50 60 895
50 61 158
62 50 880
63 50 862
50 64 728
65 50 715
66 50 886
50 67 998
50 68 568
50 69 492
50 70 15
50 71 781
72 50 185
73 50 764
50 74 159
50 75 97
76 50 568
50 77 451
78 50 688
50 79 7
80 50 563
81 50 731
50 82 207
50 83 566
50 84 836
50 86 202
87 50 432
50 88 709
89 50 485
50 90 115
91 50 16
92 50 46
93 50 322
50 94 308
50 96 426
97 50 923
50 98 347
99 50 587
50 100 606
51 52 672
53 51 975
51 54 689
51 55 256
56 51 181
57 51 111
58 51 190
59 51 704
51 60 654
61 51 117
62 51 453
51 63 537
64 51 49
66 51 988
51 67 812
68 51 818
69 51 384
70 51 461
71 51 973
72 51 611
73 51 567
74 51 689
75 51 324
51 76 553
77 51 967
78 51 379
51 79 431
80 51 261
51 81 311
51 82 811
51 83 8
51 84 894
85 51 345
51 86 822
87 51 810
51 88 815
51 89 405
90 51 979
51 91 353
92 51 6
93 51 425
51 94 530
95 51 488
51 96 520
51 97 37
98 51 624
99 51 662
100 51 787
52 53 223
52 54 674
52 55 744
56 52 464
52 57 695
52 58 227
59 52 324
60 52 717
52 61 968
62 52 306
52 63 388
52 64 605
65 52 860
52 66 821
67 52 97
68 52 879
69 52 567
52 70 702
52 71 744
72 52 161
73 52 958
74 52 189
75 52 323
52 76 732
77 52 504
52 78 98
79 52 567
52 80 667
52 81 634
82 52 650
52 83 798
84 52 400
52 85 136
86 52 377
87 52 618
88 52 21
89 52 627
52 90 560
52 91 467
92 52 592
52 93 680
52 95 598
52 96 583
97 52 727
98 52 729
52 99 570
52 100 207
54 53 95
53 55 13
53 56 629
57 53 698
58 53 528
59 53 114
60 53 725
61 53 68
53 62 436
53 63 962
53 64 201
53 65 112
53 66 668
53 67 735
53 68 800
53 69 522
53 70 953
71 53 219
72 53 435
73 53 135
53 74 175
75 53 790
53 76 5
77 53 297
53 78 668
53 79 177
80 53 505
81 53 148
82 53 480
53 83 762
84 53 527
85 53 525
86 53 521
87 53 411
53 88 11
53 89 621
53 90 146
91 53 789
53 92 971
93 53 941
94 53 399
53 95 859
96 53 110
53 97 427
98 53 943
53 99 220
53 100 175
54 55 652
56 54 838
57 54 2
58 54 960
59 54 738
60 54 737
54 61 606
62 54 666
54 63 49
54 64 367
65 54 319
54 66 616
67 54 417
68 54 637
54 69 380
70 54 379
71 54 857
54 72 445
73 54 768
54 74 537
75 54 508
76 54 734
77 54 683
54 78 715
54 79 815
80 54 638
81 54 909
54 82 582
83 54 164
54 84 960
54 86 690
87 54 940
88 54 370
54 89 25
90 54 390
91 54 633
54 92 967
93 54 697
54 94 163
54 95 884
54 96 417
97 54 504
54 98 302
54 99 185
100 54 139
56 55 306
55 57 356
58 55 436
59 55 99
60 55 849
55 61 341
62 55 502
63 55 282
55 64 24
55 65 977
66 55 391
67 55 627
55 68 767
55 69 425
70 55 854
71 55 382
72 55 94
73 55 756
55 74 813
55 75 341
76 55 45
77 55 494
55 78 339
79 55 447
55 80 922
81 55 973
82 55 168
83 55 910
55 84 583
85 55 236
55 86 601
87 55 595
88 55 57
55 89 576
90 55 907
55 91 530
92 55 949
93 55 201
94 55 853
95 55 1
55 96 774
97 55 790
98 55 275
55 99 226
100 55 386
57 56 293
56 58 134
59 56 32
56 60 940
61 56 59
56 62 875
56 63 500
64 56 314
56 65 461
56 66 51
68 56 824
69 56 785
56 70 764
56 71 693
56 72 573
73 56 616
56 74 638
56 75 942
56 76 145
56 77 238
56 78 126
79 56 194
56 80 842
81 56 761
82 56 647
83 56 353
56 84 414
85 56 937
86 56 972
87 56 148
56 88 134
56 89 806
90 56 969
91 56 302
56 92 998
93 56 807
56 94 419
56 95 775
56 96 597
97 56 970
98 56 812
99 56 65
100 56 811
58 57 753
59 57 630
57 60 30
61 57 15
62 57 589
57 63 581
64 57 449
65 57 133
66 57 406
57 67 607
57 68 163
69 57 419
70 57 797
57 71 159
72 57 806
73 57 214
57 74 103
75 57 809
76 57 661
57 77 319
78 57 159
57 79 491
80 57 182
57 81 213
82 57 879
83 57 470
84 57 725
57 85 877
57 86 469
57 88 274
57 89 299
90 57 810
91 57 344
57 92 505
93 57 613
57 94 29
57 95 596
96 57 397
97 57 199
98 57 801
57 99 804
57 100 446
58 59 774
60 58 512
61 58 405
58 62 868
63 58 320
64 58 900
65 58 675
58 66 533
67 58 509
68 58 854
69 58 547
58 70 379
58 71 936
58 72 467
73 58 77
58 74 134
58 75 583
58 76 362
77 58 783
78 58 41
58 79 962
58 80 469
58 81 696
82 58 274
58 83 562
84 58 12
58 85 728
86 58 205
87 58 922
88 58 105
58 89 287
90 58 551
91 58 236
92 58 207
58 93 197
94 58 823
58 95 539
96 58 793
58 97 292
58 98 141
99 58 896
100 58 664
60 59 895
61 59 989
59 62 595
59 63 517
59 65 67
66 59 919
67 59 659
59 68 880
59 69 110
70 59 148
71 59 182
72 59 44
73 59 225
59 74 199
75 59 263
76 59 975
77 59 514
59 78 78
79 59 658
59 80 642
81 59 763
59 82 759
83 59 199
59 84 30
59 85 27
86 59 60
59 87 261
88 59 510
59 89 54
59 90 918
91 59 233
92 59 151
59 93 34
59 94 408
59 95 890
96 59 120
59 97 312
59 98 776
59 99 868
59 100 169
60 61 686
62 60 805
63 60 35
60 64 488
65 60 22
66 60 757
60 67 649
68 60 55
69 60 487
60 70 78
60 71 862
72 60 379
73 60 426
60 74 34
75 60 663
60 76 890
77 60 134
60 78 999
60 80 486
81 60 733
60 82 365
60 83 891
84 60 744
85 60 109
60 87 484
60 88 198
60 89 590
90 60 72
91 60 972
60 92 528
93 60 434
60 94 259
60 95 534
60 96 269
60 97 350
98 60 210
99 60 401
60 100 134
62 61 941
61 63 326
61 64 755
65 61 342
61 66 849
67 61 670
61 68 498
69 61 385
61 70 562
71 61 67
72 61 612
61 73 940
74 61 198
75 61 703
61 76 333
61 77 626
78 61 173
79 61 400
80 61 177
81 61 974
82 61 153
83 61 549
84 61 543
85 61 934
86 61 575
61 87 903
61 88 39
89 61 498
61 90 343
61 91 537
92 61 387
61 93 299
94 61 816
95 61 189
61 96 791
61 97 369
61 98 508
99 61 298
61 100 201
63 62 506
64 62 934
65 62 664
66 62 603
67 62 560
68 62 64
62 70 450
62 71 974
62 72 778
62 73 900
74 62 167
75 62 489
62 76 920
77 62 111
78 62 309
79 62 179
80 62 626
81 62 450
62 82 541
62 83 862
84 62 377
62 85 512
62 86 623
62 87 889
62 88 213
62 89 873
90 62 200
91 62 192
92 62 822
62 93 144
62 94 994
62 95 269
62 96 260
62 97 921
62 98 384
62 99 340
62 100 795
63 64 290
63 65 41
63 66 521
67 63 966
68 63 632
69 63 810
70 63 340
71 63 477
72 63 464
63 73 804
63 74 145
75 63 802
63 76 214
77 63 551
78 63 296
63 79 108
80 63 115
63 81 763
82 63 401
63 83 732
63 84 596
85 63 910
86 63 523
63 87 769
63 88 560
63 89 70
63 90 338
91 63 121
92 63 407
63 93 808
63 94 369
95 63 639
96 63 63
97 63 469
98 63 832
63 99 550
100 63 92
65 64 66
64 66 197
64 67 952
64 68 110
69 64 811
70 64 595
64 71 350
72 64 955
73 64 54
74 64 71
64 75 805
76 64 796
77 64 299
78 64 825
64 79 758
64 80 659
81 64 882
82 64 656
83 64 314
84 64 205
85 64 564
86 64 407
87 64 151
88 64 69
64 89 35
90 64 952
91 64 976
92 64 168
64 93 78
64 94 826
95 64 259
64 96 657
64 97 394
64 98 676
99 64 781
64 100 182
65 66 382
65 68 532
69 65 676
65 70 40
65 71 743
65 72 493
73 65 749
74 65 918
65 75 296
65 76 351
77 65 408
65 78 876
65 79 870
65 80 852
81 65 115
82 65 483
83 65 802
65 84 708
85 65 805
86 65 346
87 65 328
88 65 740
90 65 657
65 91 308
92 65 870
65 93 816
65 94 17
95 65 933
65 96 90
97 65 64
65 98 515
99 65 789
100 65 826
67 66 37
66 68 315
66 69 251
70 66 675
71 66 517
72 66 847
66 73 91
66 74 317
75 66 779
76 66 497
77 66 282
78 66 744
79 66 926
66 80 463
81 66 490
66 82 35
83 66 563
84 66 166
66 85 557
66 86 140
87 66 522
66 88 600
89 66 54
66 90 871
66 91 248
92 66 543
93 66 657
66 94 226
95 66 247
66 96 1
97 66 680
98 66 967
66 99 736
66 100 407
67 68 323
69 67 717
67 70 884
67 71 456
72 67 584
67 73 121
74 67 397
75 67 712
76 67 300
77 67 691
67 78 328
79 67 634
80 67 78
67 81 953
82 67 83
83 67 456
84 67 257
67 85 601
86 67 840
67 87 781
88 67 86
89 67 605
67 90 915
67 91 590
67 92 604
93 67 112
67 94 971
95 67 642
67 96 49
67 97 212
98 67 657
67 99 240
100 67 191
68 69 757
68 70 247
68 71 804
68 72 142
73 68 165
74 68 76
75 68 974
68 76 387
77 68 667
78 68 534
68 79 109
68 80 606
68 81 416
82 68 339
83 68 526
68 84 846
85 68 263
86 68 876
87 68 424
88 68 179
89 68 425
68 90 47
91 68 989
92 68 835
93 68 493
68 94 315
95 68 653
68 96 625
97 68 885
98 68 427
68 99 196
100 68 396
70 69 365
71 69 229
69 72 640
73 69 80
69 74 364
69 75 814
76 69 262
77 69 359
78 69 720
79 69 59
80 69 648
81 69 145
69 82 998
83 69 294
84 69 195
85 69 3
86 69 664
87 69 699
88 69 341
69 89 718
90 69 608
69 91 761
92 69 884
93 69 975
94 69 496
69 95 679
96 69 716
97 69 27
98 69 98
69 99 258
69 100 712
70 71 203
72 70 195
73 70 29
74 70 382
75 70 591
76 70 982
77 70 210
78 70 822
70 79 171
81 70 202
82 70 637
70 83 837
84 70 825
70 85 310
86 70 220
70 87 671
70 88 116
89 70 975
70 90 656
91 70 593
92 70 406
93 70 854
70 94 116
95 70 792
70 96 310
97 70 595
70 98 721
99 70 998
100 70 939
72 71 13
71 73 581
74 71 103
71 75 309
76 71 49
77 71 853
78 71 961
71 79 288
71 80 231
81 71 554
82 71 539
83 71 367
84 71 512
85 71 915
71 86 632
87 71 169
71 88 362
89 71 31
90 71 148
91 71 597
71 92 655
71 93 189
94 71 59
71 95 780
71 96 582
71 97 664
71 98 900
71 99 604
71 100 469
73 72 625
72 74 75
75 72 447
76 72 245
77 72 605
72 78 520
79 72 939
72 80 354
81 72 789
82 72 954
72 83 406
72 84 605
85 72 7
86 72 802
87 72 972
72 88 833
72 89 721
90 72 740
72 91 47
72 92 996
93 72 79
94 72 556
95 72 41
96 72 144
97 72 25
98 72 100
72 99 336
100 72 850
74 73 265
73 75 305
73 76 273
77 73 831
73 78 99
73 79 513
80 73 609
73 81 500
82 73 727
83 73 703
73 85 198
86 73 44
87 73 398
73 88 334
73 89 675
73 90 70
73 91 332
92 73 303
73 93 487
73 94 271
73 95 160
73 96 368
97 73 267
73 98 745
73 99 109
100 73 693
74 75 161
74 76 656
77 74 561
74 78 716
74 79 369
74 80 617
81 74 794
82 74 224
83 74 566
74 84 40
85 74 965
74 86 96
74 87 165
74 88 609
89 74 55
90 74 283
91 74 740
74 92 477
93 74 631
94 74 240
74 95 682
74 96 404
97 74 127
98 74 107
74 99 177
100 74 121
76 75 258
75 77 724
75 78 407
75 79 47
80 75 336
81 75 380
75 82 970
75 83 728
84 75 752
85 75 304
86 75 526
87 75 260
75 88 37
75 89 48
90 75 216
75 91 354
92 75 735
93 75 895
94 75 113
75 96 800
97 75 685
98 75 942
75 99 954
75 100 644
76 77 549
76 78 150
79 76 39
80 76 644
81 76 552
76 82 972
83 76 561
84 76 509
76 85 691
76 86 454
87 76 307
88 76 955
89 76 832
76 90 234
91 76 494
92 76 761
76 93 657
76 94 353
95 76 414
76 96 451
76 97 555
98 76 92
76 99 219
100 76 457
78 77 602
77 79 243
77 80 866
81 77 602
82 77 796
83 77 834
84 77 416
77 85 35
77 86 855
87 77 118
77 88 438
89 77 289
77 90 695
91 77 459
92 77 981
93 77 173
77 94 528
95 77 193
77 96 963
77 97 90
77 98 332
99 77 399
100 77 868
79 78 170
78 80 523
78 81 342
78 82 208
78 83 303
78 84 10
78 85 518
78 86 28
78 87 275
78 88 456
89 78 301
78 90 612
78 91 175
78 92 665
93 78 690
78 94 709
78 95 254
96 78 499
97 78 542
78 98 928
99 78 311
78 100 310
79 80 631
81 79 869
79 82 596
79 83 372
79 84 741
79 85 638
86 79 279
87 79 192
79 88 185
79 89 179
79 90 483
91 79 736
79 92 86
79 93 572
79 94 953
95 79 575
96 79 922
97 79 840
98 79 766
79 99 765
79 100 899
80 81 125
82 80 55
80 83 848
84 80 567
85 80 29
86 80 407
80 87 777
88 80 131
80 89 592
90 80 581
91 80 370
80 92 609
93 80 370
94 80 124
80 95 936
80 96 887
80 97 254
98 80 727
80 99 532
80 100 832
81 82 46
81 83 27
81 84 786
81 85 522
81 86 592
81 87 544
88 81 307
81 89 874
81 90 582
91 81 162
81 92 75
81 93 929
81 94 341
95 81 781
81 96 653
81 97 783
81 98 906
99 81 872
100 81 318
83 82 68
82 84 198
85 82 574
82 86 819
87 82 235
82 88 148
82 89 269
82 90 796
82 91 549
82 92 205
82 93 359
94 82 645
95 82 258
82 96 653
97 82 593
98 82 873
82 99 584
82 100 975
84 83 629
85 83 956
83 86 192
87 83 611
88 83 676
83 89 10
83 90 245
83 91 257
92 83 774
83 93 799
94 83 155
83 95 512
96 83 774
83 97 407
98 83 158
99 83 865
83 100 173
84 85 1
84 86 978
84 87 528
88 84 721
89 84 581
84 90 454
91 84 272
92 84 90
93 84 610
94 84 874
95 84 343
96 84 856
97 84 355
98 84 481
99 84 503
100 84 95
86 85 73
85 87 466
85 88 77
89 85 489
90 85 504
85 91 845
92 85 873
93 85 197
85 94 531
85 95 954
96 85 68
97 85 974
85 98 878
85 99 697
85 100 163
87 86 234
88 86 214
86 89 186
86 90 238
86 91 650
92 86 320
93 86 867
86 94 781
86 95 25
96 86 485
86 97 887
98 86 842
86 99 678
100 86 370
87 88 98
87 89 516
87 90 118
87 91 383
92 87 723
87 93 681
94 87 64
87 95 219
87 96 543
97 87 345
98 87 661
87 99 248
100 87 86
89 88 111
90 88 808
88 91 137
92 88 11
88 93 940
88 94 85
88 95 782
88 96 293
88 97 532
88 98 813
88 99 638
100 88 100
89 90 273
89 91 515
89 92 658
89 93 961
89 94 715
89 95 599
96 89 376
97 89 206
89 98 440
99 89 989
89 100 450
90 91 387
92 90 989
90 93 434
90 94 906
95 90 664
96 90 644
90 97 50
98 90 482
90 99 125
90 100 129
92 91 398
93 91 36
94 91 820
95 91 245
91 96 400
91 97 441
98 91 378
91 99 338
100 91 111
93 92 695
92 94 125
92 95 304
96 92 695
97 92 536
98 92 332
99 92 893
100 92 521
93 94 683
93 95 755
93 96 851
93 97 973
93 98 292
99 93 425
100 93 513
95 94 576
94 96 661
94 97 249
94 98 226
99 94 452
94 100 113
96 95 778
95 97 863
95 98 933
99 95 341
100 95 824
97 96 193
98 96 834
96 99 499
96 100 817
98 97 497
97 99 570
100 97 91
99 98 176
100 98 113
100 99 430

END
