INSTANCE_NAME b14.dat
NB_VERTICES 100
NB_ARCS 165
NB_REQUESTS 0
NB_BLOCKAGES 41
NB_A' 9735

VERTICES
1 0 0
2 0 0
3 0 0
4 0 0
5 0 0
6 0 0
7 0 0
8 0 0
9 0 0
10 0 0
11 0 0
12 0 0
13 0 0
14 0 0
15 0 0
16 0 0
17 0 0
18 0 0
19 0 0
20 0 0
21 0 0
22 0 0
23 0 0
24 0 0
25 0 0
26 0 0
27 0 0
28 0 0
29 0 0
30 0 0
31 0 0
32 0 0
33 0 0
34 0 0
35 0 0
36 0 0
37 0 0
38 0 0
39 0 0
40 0 0
41 0 0
42 0 0
43 0 0
44 0 0
45 0 0
46 0 0
47 0 0
48 0 0
49 0 0
50 0 0
51 0 0
52 0 0
53 0 0
54 0 0
55 0 0
56 0 0
57 0 0
58 0 0
59 0 0
60 0 0
61 0 0
62 0 0
63 0 0
64 0 0
65 0 0
66 0 0
67 0 0
68 0 0
69 0 0
70 0 0
71 0 0
72 0 0
73 0 0
74 0 0
75 0 0
76 0 0
77 0 0
78 0 0
79 0 0
80 0 0
81 0 0
82 0 0
83 0 0
84 0 0
85 0 0
86 0 0
87 0 0
88 0 0
89 0 0
90 0 0
91 0 0
92 0 0
93 0 0
94 0 0
95 0 0
96 0 0
97 0 0
98 0 0
99 0 0
100 0 0

ARCS
6 94 10
94 93 8
93 35 2
35 5 5
5 8 6
8 40 5
40 42 9
42 15 7
15 59 3
59 6 6
6 13 4
13 14 3
14 22 6
22 89 8
89 57 1
57 39 7
39 41 8
41 51 8
51 9 5
9 96 8
96 40 7
96 59 8
59 21 5
21 60 9
60 55 6
55 38 10
38 95 2
95 20 3
20 63 4
63 56 3
56 5 5
5 53 1
53 16 5
16 2 2
2 47 9
47 27 6
27 41 5
47 72 4
72 38 4
38 57 10
57 48 3
48 12 2
12 100 6
100 28 6
28 74 10
74 4 9
4 85 5
85 97 2
97 87 4
87 74 3
74 62 8
62 56 9
56 2 10
2 19 9
19 36 4
36 4 9
36 29 8
29 10 5
10 1 2
1 87 8
87 5 8
5 84 1
84 94 9
94 1 6
1 52 9
52 66 6
66 31 5
31 46 3
46 96 5
96 73 1
73 25 8
25 99 7
99 5 3
99 100 3
100 34 3
34 7 2
7 11 2
11 97 3
97 93 8
93 32 4
32 31 9
31 62 7
62 65 8
65 61 6
61 24 8
24 50 10
50 45 7
45 7 2
7 64 7
64 98 1
98 44 2
44 54 1
54 43 8
43 68 7
68 3 5
3 91 3
91 80 10
80 76 1
76 48 8
76 89 9
89 73 9
73 33 2
33 87 8
87 82 4
82 89 8
89 58 7
58 79 2
79 65 8
65 36 2
58 83 4
83 16 5
58 23 3
23 17 6
17 13 2
13 57 2
57 86 6
86 69 6
69 3 8
86 84 5
17 35 7
23 37 1
37 95 7
95 7 3
95 43 1
95 58 4
89 92 3
92 99 10
80 18 10
18 54 1
54 70 7
70 68 3
68 20 3
68 66 8
66 44 9
66 71 4
71 60 6
71 81 3
81 30 7
30 21 8
21 90 8
90 67 2
67 91 7
91 77 10
77 74 3
74 68 10
68 88 8
88 10 1
88 54 5
54 75 3
75 42 1
42 49 10
49 78 6
78 53 6
53 24 8
53 51 7
78 19 1
78 96 9
96 74 10
68 26 8
26 34 10
34 56 6
26 81 10
81 67 8
62 29 3
47 63 4

REQUESTS

BLOCKAGES
74 62
58 23
88 54
40 42
13 57
3 91
91 80
41 51
66 71
97 93
38 95
99 100
44 54
81 67
53 24
36 4
5 84
65 36
68 66
5 53
76 48
10 1
74 68
34 7
95 7
62 65
63 56
56 5
54 43
94 1
56 2
97 87
96 73
95 20
95 58
78 96
6 94
57 86
78 19
68 26
17 35

A'
2 1 462
1 3 759
4 1 764
5 1 104
6 1 109
1 7 945
8 1 276
9 1 40
1 11 426
1 12 492
1 13 704
14 1 929
1 15 254
16 1 285
1 17 859
18 1 874
1 19 84
1 20 636
1 21 649
1 22 818
1 23 80
1 24 865
1 25 309
26 1 297
1 27 737
1 28 159
1 29 765
30 1 286
1 31 355
1 32 430
33 1 895
34 1 437
1 35 200
1 36 39
1 37 207
1 38 437
1 39 125
1 40 67
41 1 670
42 1 870
1 43 854
1 44 550
1 45 818
46 1 636
1 47 108
48 1 440
1 49 71
1 50 683
1 51 947
52 1 469
53 1 576
54 1 790
1 55 910
1 56 188
1 57 570
58 1 689
1 59 788
1 60 41
61 1 776
1 62 832
1 63 796
1 64 237
1 65 147
1 66 487
1 67 992
68 1 598
1 69 916
1 70 971
71 1 595
72 1 108
73 1 567
74 1 588
75 1 386
1 76 663
1 77 360
78 1 45
79 1 766
80 1 373
1 81 904
82 1 709
1 83 518
84 1 815
85 1 398
86 1 961
87 1 647
88 1 508
1 89 865
90 1 272
1 91 779
1 92 763
1 93 780
1 95 897
1 96 664
97 1 695
98 1 573
1 99 744
100 1 756
2 3 980
4 2 488
2 5 891
2 6 831
2 7 420
2 8 727
2 9 408
10 2 784
11 2 144
12 2 836
13 2 86
2 14 905
2 15 78
2 17 821
2 18 829
19 2 687
20 2 835
2 21 964
22 2 193
23 2 514
2 24 498
25 2 581
2 26 671
27 2 5
28 2 312
29 2 698
30 2 301
31 2 240
2 32 902
2 33 837
34 2 759
35 2 155
2 36 237
2 37 40
38 2 241
39 2 954
2 40 88
2 41 599
2 42 658
43 2 722
44 2 704
45 2 484
2 46 951
47 2 133
48 2 839
49 2 935
50 2 548
51 2 894
2 52 911
53 2 916
54 2 838
55 2 240
2 57 190
2 58 411
2 59 107
60 2 199
61 2 566
62 2 827
63 2 687
64 2 831
2 65 317
66 2 907
2 67 25
2 68 20
69 2 957
2 70 498
71 2 761
2 72 578
2 73 159
2 74 445
75 2 422
2 76 141
2 77 198
2 78 684
2 79 350
2 80 947
81 2 996
82 2 776
2 83 894
84 2 681
2 85 316
2 86 26
2 87 304
88 2 377
2 89 646
90 2 79
2 91 168
92 2 759
93 2 890
2 94 953
2 95 307
96 2 610
2 97 104
98 2 674
99 2 531
2 100 551
3 4 235
3 5 273
3 6 883
7 3 352
3 8 173
3 9 947
10 3 1000
11 3 57
3 12 498
13 3 833
3 14 260
3 15 810
16 3 178
17 3 63
3 18 540
19 3 553
3 20 541
21 3 16
22 3 825
23 3 302
24 3 500
25 3 337
26 3 305
3 27 92
28 3 754
3 29 310
30 3 717
31 3 79
3 32 953
3 33 953
3 34 106
35 3 618
3 36 681
37 3 420
38 3 703
3 39 206
3 40 674
3 41 52
3 42 639
3 43 484
44 3 771
3 45 109
3 46 264
3 47 85
48 3 33
3 49 60
3 50 894
51 3 784
52 3 13
53 3 783
54 3 628
3 55 268
56 3 586
3 57 983
3 58 519
3 59 320
60 3 963
61 3 480
62 3 320
63 3 147
3 64 954
3 65 489
66 3 587
3 67 773
3 70 18
3 71 247
72 3 163
3 73 308
74 3 760
3 75 314
76 3 467
77 3 859
3 78 207
3 79 862
80 3 881
81 3 910
3 82 14
3 83 345
3 84 799
85 3 45
3 86 737
3 87 804
88 3 827
3 89 747
3 90 289
91 3 17
92 3 40
93 3 405
3 94 405
3 95 950
96 3 785
3 97 358
3 98 59
99 3 287
100 3 281
4 5 24
6 4 327
4 7 619
8 4 291
9 4 443
10 4 481
11 4 38
4 12 685
4 13 470
14 4 763
15 4 78
16 4 982
17 4 48
18 4 841
19 4 249
4 20 722
21 4 842
4 22 452
23 4 904
4 24 881
4 25 24
26 4 508
27 4 585
28 4 206
4 29 985
30 4 824
4 31 219
4 32 553
33 4 550
34 4 305
4 35 218
4 36 422
4 37 425
38 4 224
4 39 318
4 40 730
4 41 817
42 4 106
43 4 781
4 44 806
4 45 632
46 4 883
4 47 490
48 4 468
49 4 828
4 50 837
51 4 501
4 52 808
53 4 835
54 4 957
4 55 487
4 56 845
57 4 922
58 4 407
59 4 262
4 60 172
61 4 544
4 62 446
4 63 489
4 64 72
4 65 389
4 66 64
4 67 870
4 68 166
4 69 254
4 70 855
4 71 159
4 72 746
73 4 2
4 74 839
75 4 715
4 76 211
77 4 415
4 78 996
79 4 921
80 4 274
4 81 679
4 82 551
4 83 561
4 84 603
85 4 542
86 4 258
4 87 860
88 4 484
89 4 507
4 90 179
91 4 683
92 4 535
4 93 45
4 94 704
95 4 301
4 96 978
97 4 667
4 98 878
99 4 300
4 100 744
6 5 992
7 5 244
8 5 356
5 9 416
5 10 401
11 5 786
5 12 335
13 5 885
14 5 202
5 15 48
5 16 269
17 5 832
18 5 609
19 5 865
5 20 892
21 5 100
5 22 961
23 5 439
5 24 422
5 25 529
26 5 152
27 5 610
28 5 987
5 29 217
5 30 785
5 31 42
5 32 345
33 5 340
34 5 934
5 36 177
37 5 311
5 38 477
39 5 202
40 5 427
5 41 673
42 5 911
43 5 562
44 5 325
45 5 966
46 5 543
47 5 906
5 48 925
5 49 640
50 5 63
5 51 440
5 52 712
53 5 3
5 54 755
55 5 332
5 57 5
58 5 874
59 5 398
60 5 20
5 61 588
5 62 698
5 63 493
5 64 797
5 65 637
66 5 685
5 67 465
5 68 543
5 69 630
5 70 672
5 71 414
5 72 149
5 73 40
74 5 464
75 5 997
76 5 592
5 77 70
5 78 455
5 79 639
80 5 184
81 5 628
5 82 810
5 83 847
84 5 9
5 85 785
86 5 662
5 87 588
5 88 319
5 89 888
90 5 416
5 91 969
5 92 171
93 5 1
5 94 952
95 5 228
96 5 969
97 5 706
5 98 650
5 99 481
100 5 380
7 6 395
8 6 815
6 9 554
10 6 961
6 11 619
12 6 677
13 6 88
6 14 978
6 15 825
16 6 782
6 17 416
6 18 611
19 6 879
6 20 377
21 6 622
6 22 975
6 23 148
24 6 350
25 6 626
6 26 846
6 27 390
28 6 831
29 6 74
6 30 268
6 31 89
32 6 653
6 33 502
34 6 680
6 35 227
6 36 738
6 37 163
38 6 568
6 39 205
40 6 715
6 41 578
6 42 426
6 43 434
6 44 148
45 6 768
6 46 756
6 47 168
48 6 415
6 49 23
6 50 49
51 6 502
52 6 801
6 53 203
6 54 974
55 6 636
6 56 589
57 6 599
6 58 884
60 6 32
61 6 740
62 6 351
63 6 318
64 6 361
65 6 485
66 6 740
6 67 308
6 68 886
69 6 432
70 6 296
6 71 240
72 6 130
6 73 286
74 6 40
6 75 468
76 6 616
77 6 573
6 78 506
6 79 428
6 80 581
81 6 24
6 82 350
83 6 549
84 6 654
6 85 191
86 6 521
6 87 988
88 6 585
89 6 497
6 90 646
6 91 46
92 6 171
6 93 931
94 6 212
6 95 245
6 96 974
97 6 463
98 6 303
99 6 261
6 100 694
8 7 961
7 9 232
7 10 568
11 7 572
12 7 144
13 7 380
7 14 181
7 15 511
16 7 929
7 17 821
7 18 217
7 19 146
20 7 821
7 21 393
22 7 108
7 23 884
7 24 4
25 7 15
26 7 635
7 27 691
28 7 506
29 7 672
7 30 324
7 31 149
32 7 608
33 7 130
7 34 466
35 7 855
7 36 722
37 7 719
38 7 685
7 39 248
7 40 68
7 41 314
42 7 551
43 7 833
7 44 427
7 45 94
7 46 37
7 47 354
7 48 914
49 7 820
50 7 109
7 51 17
52 7 920
53 7 363
7 54 336
55 7 347
56 7 224
57 7 809
58 7 17
59 7 182
60 7 496
61 7 896
62 7 868
7 63 880
64 7 84
65 7 512
66 7 372
7 67 375
7 68 614
69 7 951
70 7 699
7 71 407
72 7 310
7 73 49
7 74 856
7 75 472
7 76 857
77 7 588
7 78 968
79 7 857
7 80 166
7 81 948
82 7 599
7 83 532
7 84 762
85 7 216
86 7 484
7 87 87
88 7 837
89 7 822
90 7 68
91 7 748
7 92 363
93 7 1000
94 7 505
7 95 438
7 96 927
97 7 911
98 7 410
7 99 440
100 7 628
9 8 983
10 8 628
11 8 255
12 8 907
8 13 861
14 8 72
8 15 250
16 8 998
17 8 469
8 18 808
8 19 524
8 20 994
8 21 962
22 8 579
23 8 573
24 8 759
8 25 669
26 8 328
8 27 555
28 8 703
29 8 561
30 8 726
8 31 913
32 8 411
33 8 224
8 34 990
35 8 304
36 8 884
37 8 737
38 8 370
39 8 21
40 8 568
41 8 218
8 42 316
8 43 834
44 8 890
8 45 497
46 8 203
47 8 689
48 8 493
49 8 183
8 50 715
8 51 168
52 8 454
8 53 61
54 8 564
55 8 7
8 56 121
8 57 83
58 8 700
8 59 159
60 8 309
61 8 908
62 8 415
8 63 828
64 8 564
8 65 92
66 8 199
67 8 877
8 68 866
69 8 531
70 8 369
71 8 264
72 8 464
8 73 629
74 8 613
75 8 456
76 8 793
77 8 488
78 8 662
79 8 465
8 80 28
8 81 856
8 82 870
8 83 581
84 8 372
85 8 868
8 86 351
87 8 932
88 8 829
89 8 329
90 8 51
8 91 66
8 92 498
93 8 402
8 94 571
95 8 737
8 96 478
8 97 175
8 98 675
99 8 434
8 100 570
10 9 137
9 11 784
9 12 734
9 13 332
14 9 756
15 9 198
16 9 930
9 17 77
18 9 855
19 9 253
20 9 596
21 9 534
9 22 430
9 23 229
24 9 253
9 25 516
26 9 69
27 9 808
28 9 966
9 29 569
30 9 226
9 31 246
32 9 813
9 33 189
34 9 321
9 35 961
9 36 524
9 37 38
38 9 53
9 39 519
40 9 767
9 41 397
42 9 388
43 9 693
44 9 400
45 9 426
46 9 731
47 9 483
48 9 696
49 9 266
9 50 816
9 51 636
52 9 424
53 9 995
9 54 642
9 55 485
9 56 251
57 9 946
58 9 141
59 9 343
9 60 251
9 61 516
62 9 142
9 63 876
9 64 373
65 9 909
9 66 718
9 67 879
68 9 920
69 9 969
70 9 738
71 9 672
72 9 389
9 73 979
9 74 256
75 9 69
9 76 793
77 9 839
9 78 286
9 79 475
9 80 558
9 81 846
82 9 279
9 83 768
84 9 948
9 85 463
9 86 244
87 9 26
9 88 752
9 89 513
90 9 28
9 91 864
9 92 870
9 93 106
94 9 119
9 95 165
96 9 315
9 97 303
9 98 437
9 99 496
9 100 861
10 11 421
10 12 444
10 13 87
14 10 801
10 15 553
16 10 885
17 10 1000
10 18 822
19 10 260
20 10 37
10 21 320
22 10 137
10 23 648
24 10 747
25 10 309
26 10 453
27 10 62
10 28 527
30 10 327
10 31 347
32 10 336
33 10 507
34 10 289
35 10 700
36 10 351
10 37 252
10 38 612
10 39 701
40 10 324
10 41 493
42 10 648
43 10 344
44 10 99
10 45 337
10 46 999
10 47 636
10 48 150
10 49 126
10 50 457
10 51 722
52 10 301
10 53 860
10 54 903
55 10 448
10 56 756
10 57 508
58 10 865
10 59 297
60 10 399
10 61 92
10 62 669
10 63 435
10 64 221
65 10 608
66 10 738
67 10 836
10 68 6
69 10 653
10 70 959
71 10 486
10 72 744
73 10 468
10 74 548
75 10 275
76 10 102
10 77 696
10 78 445
10 79 291
10 80 42
10 81 46
82 10 931
83 10 872
10 84 280
85 10 196
10 86 329
87 10 304
10 88 377
89 10 384
90 10 239
10 91 223
10 92 727
10 93 813
10 94 751
10 95 541
96 10 353
10 97 627
98 10 171
99 10 571
10 100 375
11 12 39
13 11 150
11 14 126
11 15 465
16 11 802
17 11 870
11 18 747
19 11 645
20 11 472
11 21 14
11 22 892
23 11 301
11 24 1
25 11 368
26 11 624
11 27 688
28 11 444
29 11 356
11 30 715
11 31 430
11 32 875
11 33 892
34 11 600
11 35 531
36 11 283
37 11 434
11 38 911
11 39 44
40 11 909
41 11 834
11 42 153
43 11 546
11 44 710
11 45 869
11 46 425
47 11 643
48 11 302
11 49 271
50 11 422
11 51 323
11 52 346
11 53 230
11 54 193
55 11 870
56 11 35
57 11 337
58 11 576
11 59 839
60 11 487
61 11 764
11 62 709
11 63 562
11 64 644
65 11 614
66 11 986
11 67 472
68 11 43
69 11 290
11 70 677
71 11 40
11 72 214
11 73 602
74 11 962
11 75 129
11 76 851
11 77 711
78 11 1
79 11 273
11 80 457
11 81 60
11 82 174
11 83 124
11 84 584
85 11 155
86 11 923
87 11 324
11 88 274
89 11 980
90 11 69
11 91 35
92 11 351
93 11 829
11 94 17
95 11 347
96 11 339
97 11 266
11 98 290
99 11 79
100 11 153
12 13 485
12 14 780
12 15 915
16 12 437
17 12 288
18 12 354
12 19 127
20 12 418
21 12 760
22 12 408
12 23 611
12 24 864
25 12 257
26 12 617
27 12 378
12 28 920
12 29 549
30 12 22
31 12 456
12 32 709
33 12 666
34 12 768
12 35 119
36 12 98
12 37 971
38 12 687
12 39 954
40 12 162
12 41 55
12 42 249
12 43 251
12 44 294
45 12 571
46 12 614
12 47 476
12 48 120
49 12 736
50 12 284
12 51 423
52 12 435
12 53 942
12 54 679
55 12 24
12 56 457
12 57 321
58 12 862
12 59 224
60 12 74
12 61 821
62 12 171
12 63 713
12 64 788
12 65 528
66 12 6
67 12 155
12 68 696
12 69 265
12 70 343
12 71 917
72 12 70
73 12 855
74 12 512
12 75 437
12 76 224
77 12 624
12 78 256
12 79 388
80 12 488
81 12 465
82 12 217
83 12 636
12 84 419
85 12 637
86 12 892
87 12 911
88 12 142
89 12 243
90 12 842
91 12 590
92 12 287
12 93 515
12 94 253
12 95 936
12 96 816
12 97 584
98 12 75
12 99 648
100 12 824
14 13 605
15 13 189
16 13 380
13 17 279
13 18 687
13 19 653
13 20 241
21 13 841
22 13 185
13 23 656
13 24 537
25 13 576
26 13 207
13 27 396
28 13 494
29 13 491
13 30 637
31 13 612
13 32 713
13 33 342
34 13 713
13 35 26
36 13 636
37 13 707
13 38 16
13 39 644
13 40 537
41 13 376
42 13 868
43 13 949
44 13 341
45 13 810
13 46 822
47 13 697
13 48 662
13 49 636
13 50 383
51 13 679
52 13 231
53 13 190
13 54 451
55 13 150
56 13 403
57 13 433
13 58 648
13 59 334
13 60 524
61 13 669
62 13 563
13 63 934
13 64 107
65 13 302
13 66 582
13 67 860
13 68 716
69 13 410
13 70 234
71 13 504
13 72 435
73 13 258
13 74 670
75 13 126
76 13 86
13 77 594
13 78 863
79 13 576
13 80 448
81 13 811
82 13 856
13 83 544
84 13 70
85 13 441
86 13 863
13 87 291
13 88 584
13 89 435
90 13 842
13 91 150
92 13 706
93 13 927
13 94 621
13 95 241
13 96 730
97 13 448
98 13 72
13 99 859
13 100 296
15 14 444
16 14 595
14 17 160
14 18 985
14 19 135
20 14 858
14 21 105
22 14 378
23 14 834
14 24 236
25 14 418
26 14 477
27 14 901
28 14 208
14 29 690
14 30 410
31 14 14
14 32 923
33 14 886
34 14 822
14 35 85
36 14 655
14 37 593
14 38 924
39 14 733
14 40 501
14 41 124
42 14 367
43 14 877
14 44 136
14 45 429
46 14 755
14 47 253
48 14 318
14 49 935
14 50 509
14 51 170
52 14 913
53 14 546
14 54 189
14 55 347
56 14 780
57 14 17
14 58 199
14 59 71
14 60 163
14 61 582
62 14 293
14 63 945
64 14 323
14 65 454
66 14 251
67 14 345
68 14 385
14 69 998
70 14 872
71 14 965
72 14 519
14 73 148
74 14 227
14 75 402
76 14 69
77 14 658
14 78 169
14 79 28
80 14 833
81 14 26
82 14 455
14 83 245
14 84 964
85 14 116
86 14 291
87 14 837
88 14 414
14 89 525
14 90 553
14 91 732
14 92 612
93 14 39
14 94 695
14 95 975
96 14 898
14 97 610
14 98 73
14 99 543
14 100 448
16 15 870
15 17 91
15 18 898
15 19 41
15 20 495
15 21 51
15 22 919
23 15 319
24 15 794
25 15 374
15 26 539
27 15 471
15 28 974
15 29 354
30 15 579
31 15 879
32 15 243
33 15 858
15 34 176
35 15 914
15 36 196
15 37 599
15 38 978
39 15 126
15 40 281
41 15 243
15 42 121
15 43 319
15 44 609
15 45 314
46 15 177
15 47 691
48 15 864
49 15 558
50 15 151
51 15 412
15 52 139
53 15 515
15 54 279
15 55 591
15 56 490
15 57 83
15 58 251
59 15 407
60 15 777
61 15 749
62 15 616
15 63 371
15 64 692
15 65 222
15 66 103
15 67 891
68 15 996
69 15 708
15 70 396
71 15 537
72 15 484
73 15 846
15 74 724
15 75 944
15 76 324
15 77 804
15 78 835
15 79 123
15 80 805
15 81 719
82 15 329
83 15 851
15 84 717
85 15 302
15 86 209
15 87 348
15 88 161
89 15 425
15 90 797
15 91 735
15 92 763
15 93 763
15 94 63
95 15 475
96 15 581
15 97 830
98 15 506
15 99 585
100 15 590
16 17 686
16 18 427
16 19 489
20 16 578
21 16 822
16 22 336
16 23 550
24 16 445
16 25 400
26 16 549
16 27 430
28 16 771
29 16 741
30 16 290
31 16 851
16 32 914
16 33 677
34 16 921
16 35 631
36 16 134
37 16 928
16 38 360
39 16 920
40 16 141
41 16 367
42 16 544
16 43 521
44 16 54
45 16 943
16 46 938
47 16 575
48 16 680
49 16 543
50 16 120
16 51 155
16 52 978
16 53 75
54 16 911
16 55 197
56 16 16
16 57 443
58 16 359
59 16 577
60 16 575
61 16 460
16 62 15
16 63 715
64 16 636
65 16 999
16 66 134
67 16 361
68 16 586
69 16 152
16 70 132
16 71 898
72 16 263
16 73 761
16 74 302
16 75 738
76 16 560
77 16 740
78 16 582
16 79 621
80 16 63
81 16 324
16 82 475
16 83 659
16 84 470
16 85 556
86 16 861
87 16 803
16 88 145
16 89 801
16 90 901
16 91 26
16 92 86
16 93 386
94 16 571
16 95 587
96 16 680
97 16 181
16 98 946
99 16 214
16 100 704
18 17 720
17 19 925
20 17 743
21 17 438
22 17 867
17 23 80
17 24 149
25 17 9
26 17 887
17 27 596
17 28 564
17 29 736
17 30 781
31 17 286
17 32 448
33 17 466
17 34 257
35 17 394
36 17 459
37 17 542
38 17 520
39 17 569
17 40 490
41 17 258
17 42 508
17 43 201
17 44 481
17 45 815
46 17 617
47 17 607
17 48 793
17 49 287
50 17 462
17 51 48
52 17 862
53 17 949
54 17 561
55 17 401
17 56 798
17 57 130
58 17 863
17 59 728
60 17 618
61 17 956
17 62 347
17 63 1
64 17 985
17 65 188
66 17 319
67 17 71
68 17 823
69 17 913
70 17 592
71 17 137
72 17 675
17 73 397
74 17 947
75 17 584
17 76 19
77 17 501
78 17 452
17 79 855
17 80 493
17 81 234
82 17 628
17 83 343
17 84 379
17 85 537
17 86 272
87 17 710
17 88 290
17 89 187
17 90 582
17 91 152
17 92 660
17 93 316
94 17 505
95 17 898
96 17 564
17 97 160
17 98 139
17 99 993
100 17 461
19 18 838
20 18 905
21 18 382
18 22 5
18 23 782
18 24 689
25 18 538
18 26 288
27 18 162
28 18 375
18 29 141
30 18 543
18 31 130
32 18 154
18 33 550
18 34 355
35 18 698
36 18 286
18 37 157
18 38 999
18 39 227
18 40 574
18 41 91
42 18 969
43 18 5
44 18 312
18 45 633
18 46 797
18 47 238
18 48 588
49 18 268
18 50 174
51 18 256
52 18 396
18 53 100
54 18 701
18 55 138
18 56 794
18 57 839
18 58 480
59 18 808
60 18 44
61 18 700
62 18 906
18 63 494
64 18 724
65 18 138
66 18 78
18 67 59
68 18 805
18 69 923
18 70 188
18 71 835
72 18 640
73 18 446
74 18 572
75 18 614
76 18 397
77 18 807
78 18 602
79 18 795
18 80 61
81 18 926
18 82 678
83 18 315
18 84 846
85 18 43
86 18 649
18 87 365
18 88 254
18 89 758
90 18 767
91 18 792
92 18 388
18 93 465
94 18 898
18 95 666
96 18 248
18 97 800
98 18 280
18 99 110
100 18 55
20 19 510
21 19 734
19 22 990
23 19 388
24 19 164
19 25 822
26 19 668
27 19 552
28 19 901
19 29 448
30 19 112
31 19 862
32 19 971
33 19 729
19 34 617
35 19 584
36 19 837
37 19 352
19 38 656
39 19 276
40 19 596
41 19 773
42 19 9
19 43 99
19 44 477
19 45 180
19 46 240
47 19 203
19 48 533
49 19 642
50 19 417
51 19 627
52 19 246
19 53 782
54 19 420
55 19 71
56 19 858
57 19 629
19 58 870
19 59 479
60 19 625
19 61 638
62 19 50
19 63 426
19 64 826
65 19 83
19 66 348
67 19 198
68 19 742
69 19 845
70 19 388
71 19 527
72 19 109
73 19 462
19 74 586
75 19 28
76 19 950
19 77 427
19 78 209
19 79 933
80 19 623
81 19 980
19 82 779
19 83 914
19 84 508
19 85 32
86 19 24
19 87 491
19 88 417
89 19 165
19 90 245
91 19 564
19 92 210
19 93 545
19 94 194
19 95 156
19 96 844
19 97 489
98 19 665
19 99 494
19 100 863
20 21 419
20 22 787
23 20 721
24 20 861
25 20 557
26 20 429
20 27 3
20 28 462
29 20 760
30 20 24
31 20 822
20 32 50
20 33 842
20 34 63
35 20 238
36 20 212
20 37 162
38 20 916
20 39 905
40 20 470
41 20 585
42 20 933
43 20 240
20 44 134
45 20 400
46 20 914
47 20 728
48 20 234
49 20 381
20 50 608
20 51 572
52 20 977
53 20 521
20 54 318
20 55 372
56 20 238
57 20 389
20 58 895
59 20 267
20 60 979
20 61 241
20 62 590
63 20 559
64 20 241
65 20 470
20 66 612
67 20 722
20 68 477
69 20 183
20 70 372
71 20 285
72 20 215
73 20 483
74 20 5
75 20 841
20 76 119
77 20 579
20 78 752
79 20 883
20 80 131
20 81 895
20 82 97
83 20 33
84 20 563
20 85 719
20 86 122
87 20 894
20 88 379
20 89 796
20 90 477
20 91 71
92 20 772
93 20 6
20 94 842
20 95 219
20 96 296
20 97 66
20 98 434
20 99 964
20 100 665
21 22 929
21 23 388
21 24 473
25 21 550
26 21 854
21 27 608
21 28 324
21 29 628
31 21 469
32 21 825
33 21 216
21 34 858
35 21 723
36 21 922
21 37 324
21 38 998
39 21 695
21 40 286
41 21 721
21 42 666
21 43 513
44 21 421
21 45 921
46 21 498
47 21 373
48 21 533
21 49 612
21 50 898
51 21 401
21 52 404
21 53 479
21 54 536
55 21 573
56 21 338
57 21 726
58 21 390
60 21 162
21 61 920
21 62 684
21 63 987
21 64 193
21 65 969
21 66 528
67 21 686
68 21 59
69 21 529
21 70 297
71 21 736
72 21 390
21 73 195
74 21 769
75 21 744
21 76 970
77 21 543
78 21 674
79 21 10
21 80 159
81 21 152
21 82 633
83 21 384
84 21 598
21 85 206
21 86 316
87 21 714
21 88 968
21 89 154
90 21 396
91 21 17
21 92 911
21 93 370
21 94 440
21 95 802
21 96 710
97 21 283
21 98 493
21 99 89
21 100 281
22 23 687
24 22 587
25 22 6
22 26 12
27 22 642
22 28 759
22 29 477
30 22 569
22 31 956
32 22 929
33 22 606
22 34 765
35 22 684
22 36 906
22 37 51
38 22 417
22 39 135
40 22 842
22 41 909
42 22 2
22 43 964
22 44 911
22 45 132
22 46 638
47 22 488
22 48 548
49 22 556
22 50 333
51 22 569
52 22 714
22 53 777
22 54 61
55 22 837
22 56 754
57 22 458
58 22 998
22 59 866
22 60 861
61 22 91
22 62 435
22 63 768
22 64 375
65 22 294
66 22 265
22 67 297
22 68 185
69 22 163
70 22 687
71 22 498
22 72 95
22 73 546
22 74 729
75 22 56
76 22 759
22 77 791
22 78 76
22 79 175
22 80 232
22 81 508
22 82 682
83 22 529
22 84 933
85 22 815
22 86 690
22 87 411
22 88 971
89 22 932
90 22 719
91 22 640
22 92 484
22 93 23
94 22 339
95 22 360
22 96 17
22 97 769
22 98 728
99 22 267
22 100 987
24 23 631
23 25 97
23 26 516
27 23 998
28 23 766
23 29 137
30 23 897
23 31 186
32 23 531
23 33 468
23 34 445
23 35 813
36 23 533
37 23 861
38 23 552
39 23 584
23 40 227
23 41 575
23 42 746
23 43 540
44 23 992
23 45 267
23 46 647
23 47 807
48 23 327
23 49 771
50 23 109
51 23 335
52 23 827
53 23 143
23 54 394
23 55 911
23 56 757
23 57 713
59 23 604
60 23 752
61 23 336
23 62 277
63 23 798
23 64 170
65 23 280
23 66 531
23 67 979
68 23 392
69 23 17
70 23 918
71 23 384
72 23 203
73 23 601
74 23 981
23 75 478
76 23 834
77 23 372
78 23 655
79 23 620
23 80 943
81 23 468
82 23 464
23 83 347
23 84 618
85 23 328
23 86 161
87 23 776
23 88 931
89 23 124
23 90 580
91 23 996
23 92 117
93 23 228
23 94 239
95 23 299
96 23 449
23 97 653
23 98 211
99 23 471
100 23 65
25 24 68
24 26 861
27 24 941
24 28 571
24 29 407
30 24 369
24 31 916
32 24 120
33 24 312
24 34 693
35 24 538
36 24 728
24 37 756
38 24 244
39 24 471
24 40 25
24 41 885
42 24 84
43 24 28
44 24 593
24 45 157
46 24 187
24 47 149
24 48 918
49 24 15
50 24 423
24 51 454
24 52 797
24 54 40
55 24 614
24 56 163
57 24 584
24 58 939
59 24 779
60 24 353
62 24 17
63 24 172
64 24 409
65 24 329
66 24 50
67 24 679
68 24 605
69 24 63
24 70 867
24 71 10
24 72 12
24 73 149
74 24 802
75 24 190
24 76 613
24 77 494
78 24 856
79 24 498
24 80 105
24 81 391
24 82 929
83 24 8
84 24 247
85 24 280
86 24 272
87 24 678
88 24 857
89 24 694
24 90 439
91 24 756
24 92 988
93 24 32
94 24 618
95 24 459
24 96 707
97 24 580
98 24 621
99 24 871
100 24 9
25 26 980
25 27 495
28 25 915
29 25 187
25 30 360
25 31 194
32 25 29
33 25 716
25 34 375
35 25 293
36 25 406
37 25 385
38 25 689
39 25 924
40 25 224
25 41 412
42 25 916
25 43 563
25 44 960
25 45 789
25 46 79
25 47 786
48 25 866
49 25 870
25 50 185
25 51 777
52 25 216
53 25 927
25 54 870
25 55 166
56 25 838
25 57 647
58 25 187
59 25 934
60 25 662
25 61 466
25 62 407
63 25 550
25 64 456
25 65 863
25 66 285
67 25 934
68 25 856
69 25 756
70 25 414
25 71 169
72 25 851
74 25 389
75 25 288
76 25 741
77 25 352
25 78 119
79 25 382
25 80 410
81 25 605
82 25 789
83 25 335
84 25 802
85 25 749
25 86 312
25 87 46
88 25 224
25 89 269
25 90 643
91 25 147
92 25 621
25 93 566
25 94 804
95 25 481
96 25 803
97 25 318
25 98 32
99 25 584
100 25 550
26 27 711
28 26 705
26 29 479
26 30 672
26 31 892
26 32 8
26 33 48
34 26 239
35 26 719
36 26 264
26 37 959
26 38 636
26 39 361
40 26 927
41 26 852
26 42 980
26 43 393
44 26 21
45 26 964
26 46 970
47 26 5
48 26 892
26 49 957
50 26 17
51 26 525
26 52 874
53 26 401
26 54 759
26 55 880
56 26 410
57 26 217
58 26 996
59 26 425
60 26 831
61 26 60
62 26 243
63 26 129
64 26 468
65 26 969
26 66 760
67 26 467
69 26 220
26 70 437
71 26 78
26 72 742
26 73 42
26 74 508
26 75 907
26 76 184
77 26 935
26 78 889
79 26 465
80 26 819
81 26 343
26 82 308
83 26 473
84 26 866
26 85 842
26 86 24
87 26 127
88 26 431
26 89 950
26 90 873
26 91 165
92 26 502
93 26 392
94 26 802
26 95 765
26 96 405
26 97 625
26 98 646
99 26 708
100 26 140
27 28 165
29 27 820
30 27 631
27 31 811
32 27 539
33 27 788
34 27 91
27 35 154
36 27 680
37 27 690
27 38 926
27 39 255
27 40 158
41 27 351
42 27 763
27 43 118
44 27 5
27 45 570
46 27 539
27 47 919
27 48 766
49 27 484
50 27 348
51 27 43
52 27 295
27 53 526
27 54 826
55 27 474
56 27 385
27 57 903
58 27 665
59 27 778
60 27 310
61 27 360
27 62 430
27 63 981
64 27 336
65 27 755
66 27 805
67 27 765
27 68 529
69 27 375
27 70 423
27 71 40
72 27 375
27 73 657
27 74 314
27 75 412
76 27 132
77 27 175
78 27 401
79 27 108
27 80 971
27 81 123
27 82 11
83 27 579
84 27 529
85 27 244
86 27 153
87 27 461
88 27 928
27 89 918
27 90 903
27 91 216
92 27 452
27 93 299
27 94 897
27 95 940
96 27 620
27 97 994
27 98 300
27 99 520
100 27 229
29 28 483
30 28 749
28 31 611
28 32 765
33 28 269
34 28 562
35 28 53
36 28 578
28 37 865
28 38 109
28 39 45
28 40 569
28 41 61
28 42 314
28 43 400
28 44 46
45 28 626
28 46 178
28 47 174
28 48 116
28 49 960
50 28 982
51 28 690
28 52 68
28 53 737
28 54 413
55 28 960
56 28 523
28 57 200
28 58 304
28 59 81
60 28 834
28 61 199
62 28 941
28 63 656
64 28 869
65 28 85
66 28 683
28 67 762
28 68 383
28 69 630
70 28 983
71 28 775
72 28 312
73 28 44
74 28 278
28 75 668
76 28 181
28 77 825
78 28 941
28 79 881
80 28 150
28 81 659
82 28 443
28 83 934
28 84 974
85 28 972
28 86 855
87 28 164
88 28 425
89 28 133
28 90 34
28 91 164
28 92 17
28 93 38
94 28 171
95 28 118
28 96 236
28 97 152
28 98 900
28 99 855
29 30 827
29 31 207
32 29 47
33 29 701
34 29 505
29 35 990
37 29 203
38 29 904
29 39 982
29 40 510
41 29 97
42 29 578
43 29 127
44 29 38
45 29 53
46 29 511
29 47 595
48 29 334
49 29 487
29 50 824
29 51 279
29 52 804
53 29 504
54 29 425
55 29 836
29 56 639
57 29 383
58 29 533
59 29 45
29 60 193
29 61 958
29 62 737
63 29 842
64 29 223
65 29 360
29 66 920
67 29 877
29 68 823
69 29 486
70 29 921
29 71 533
29 72 254
73 29 128
29 74 775
29 75 707
76 29 973
29 77 726
29 78 920
29 79 132
80 29 600
81 29 892
82 29 833
83 29 946
29 84 205
29 85 254
86 29 753
29 87 36
29 88 52
89 29 143
29 90 687
91 29 497
92 29 216
29 93 72
29 94 141
95 29 334
29 96 398
97 29 611
29 98 697
29 99 237
100 29 339
31 30 378
32 30 628
33 30 448
30 34 928
30 35 857
30 36 142
37 30 976
30 38 927
30 39 549
40 30 954
30 41 511
42 30 458
43 30 933
44 30 380
45 30 55
46 30 11
30 47 809
48 30 197
49 30 670
30 50 550
30 51 441
30 52 231
30 53 753
54 30 167
55 30 279
56 30 886
57 30 823
58 30 261
59 30 849
60 30 628
30 61 711
30 62 687
63 30 980
64 30 127
65 30 710
66 30 527
30 67 720
68 30 918
30 69 617
30 70 476
71 30 556
72 30 36
73 30 55
30 74 485
30 75 640
30 76 159
30 77 454
78 30 221
79 30 784
80 30 82
82 30 960
83 30 798
30 84 264
85 30 36
86 30 800
30 87 607
30 88 669
89 30 567
90 30 173
30 91 308
92 30 332
30 93 90
30 94 582
30 95 663
30 96 955
30 97 711
30 98 502
30 99 333
100 30 833
31 32 815
31 33 2
34 31 144
31 35 757
31 36 338
31 37 531
31 38 918
31 39 359
40 31 93
31 41 232
31 42 923
43 31 263
44 31 452
31 45 493
46 31 880
47 31 504
31 48 956
49 31 467
50 31 527
51 31 160
31 52 856
31 53 565
54 31 255
55 31 483
31 56 566
57 31 103
58 31 253
59 31 825
31 60 480
61 31 192
62 31 993
31 63 404
64 31 904
31 65 751
31 66 445
67 31 350
31 68 304
31 69 777
70 31 189
71 31 258
31 72 325
31 73 594
74 31 428
75 31 985
76 31 439
31 77 617
31 78 927
31 79 84
80 31 890
31 81 964
31 82 800
83 31 337
31 84 579
85 31 366
86 31 724
87 31 520
31 88 686
31 89 329
90 31 236
91 31 371
31 92 192
93 31 457
94 31 358
31 95 301
96 31 78
31 97 284
98 31 929
99 31 332
100 31 437
33 32 625
32 34 23
32 35 264
32 36 961
32 37 524
32 38 256
32 39 870
40 32 232
32 41 565
32 42 570
43 32 540
44 32 833
32 45 227
46 32 500
47 32 971
32 48 959
49 32 800
32 50 90
51 32 41
52 32 6
53 32 246
54 32 810
55 32 59
32 56 145
32 57 335
32 58 840
32 59 64
32 60 753
32 61 136
32 62 200
32 63 540
64 32 52
65 32 492
32 66 753
32 67 192
32 68 800
69 32 370
32 70 256
32 71 355
32 72 403
73 32 465
74 32 266
32 75 618
76 32 817
32 77 622
78 32 211
79 32 231
80 32 851
32 81 756
82 32 957
83 32 64
84 32 735
85 32 718
32 86 213
32 87 741
88 32 112
89 32 561
90 32 732
91 32 747
92 32 636
94 32 198
95 32 851
32 96 732
32 97 567
32 98 880
99 32 750
32 100 952
33 34 705
35 33 98
33 36 34
37 33 239
33 38 977
33 39 322
40 33 714
33 41 494
33 42 194
33 43 963
33 44 855
33 45 319
33 46 731
33 47 638
33 48 538
49 33 14
33 50 234
51 33 722
52 33 527
33 53 856
33 54 927
55 33 362
56 33 102
33 57 74
58 33 899
33 59 42
60 33 433
33 61 878
33 62 910
33 63 643
64 33 808
33 65 392
66 33 471
67 33 659
68 33 425
69 33 852
70 33 395
33 71 991
72 33 421
74 33 671
33 75 537
76 33 237
33 77 5
33 78 157
33 79 394
80 33 31
33 81 699
33 82 224
83 33 82
33 84 587
33 85 776
33 86 343
87 33 280
88 33 113
33 89 685
90 33 500
91 33 909
33 92 469
93 33 487
94 33 136
33 95 932
96 33 633
33 97 590
33 98 144
99 33 132
100 33 971
35 34 372
36 34 951
37 34 855
38 34 699
39 34 197
34 40 112
41 34 637
34 42 18
43 34 204
44 34 706
45 34 671
46 34 116
34 47 898
34 48 635
49 34 694
50 34 991
51 34 269
52 34 67
53 34 355
54 34 13
55 34 18
56 34 656
34 57 703
58 34 480
59 34 529
34 60 745
34 61 876
62 34 811
63 34 824
64 34 506
65 34 401
34 66 933
67 34 789
68 34 495
69 34 468
34 70 46
71 34 983
72 34 491
34 73 725
34 74 296
75 34 507
34 76 804
34 77 604
78 34 507
79 34 763
34 80 295
34 81 211
82 34 888
83 34 578
84 34 846
85 34 242
86 34 233
34 87 943
88 34 613
89 34 397
34 90 623
91 34 652
92 34 285
93 34 745
94 34 34
95 34 506
34 96 726
34 97 555
34 98 419
34 99 996
34 100 880
36 35 506
35 37 812
35 38 539
39 35 466
40 35 36
35 41 189
42 35 218
43 35 294
35 44 967
45 35 173
35 46 6
35 47 188
35 48 511
35 49 395
35 50 221
35 51 446
35 52 90
35 53 525
35 54 386
35 55 266
56 35 781
35 57 460
58 35 279
59 35 312
60 35 783
35 61 717
35 62 734
35 63 52
35 64 213
35 65 454
66 35 72
67 35 510
68 35 860
35 69 140
70 35 727
71 35 666
72 35 210
73 35 857
35 74 933
75 35 85
76 35 4
77 35 854
78 35 760
79 35 333
35 80 351
35 81 108
35 82 388
83 35 286
35 84 354
85 35 492
35 86 533
87 35 938
35 88 337
89 35 582
90 35 667
35 91 983
35 92 522
94 35 281
95 35 443
35 96 795
35 97 711
35 98 319
99 35 205
35 100 736
37 36 58
38 36 513
36 39 456
40 36 255
36 41 540
42 36 268
43 36 858
36 44 430
36 45 48
36 46 138
36 47 665
48 36 773
49 36 204
50 36 757
51 36 657
36 52 741
36 53 658
36 54 983
55 36 564
56 36 67
57 36 112
36 58 363
59 36 975
36 60 14
36 61 853
62 36 215
63 36 139
64 36 595
36 66 351
67 36 86
36 68 195
69 36 203
36 70 485
71 36 67
36 72 85
73 36 537
74 36 883
75 36 745
36 76 870
77 36 230
36 78 685
36 79 863
36 80 44
81 36 453
36 82 11
36 83 939
84 36 392
85 36 61
36 86 160
87 36 301
36 88 648
89 36 14
36 90 693
91 36 260
36 92 581
93 36 286
94 36 291
36 95 992
36 96 56
36 97 80
36 98 685
36 99 326
36 100 511
37 38 656
37 39 513
37 40 265
37 41 497
42 37 745
43 37 741
37 44 103
45 37 845
37 46 289
47 37 239
48 37 468
37 49 76
50 37 63
51 37 917
37 52 540
53 37 126
54 37 800
37 55 503
37 56 501
57 37 694
58 37 539
37 59 601
60 37 106
61 37 732
62 37 931
37 63 27
37 64 967
37 65 649
66 37 566
67 37 121
37 68 695
37 69 652
37 70 587
37 71 557
72 37 152
73 37 35
74 37 388
75 37 35
37 76 431
77 37 592
78 37 88
37 79 815
80 37 71
81 37 787
82 37 731
83 37 94
84 37 856
85 37 918
37 86 251
37 87 232
37 88 428
89 37 796
37 90 253
91 37 661
37 92 949
37 93 748
37 94 221
95 37 794
96 37 376
97 37 631
37 98 191
37 99 882
100 37 821
39 38 544
40 38 625
38 41 176
38 42 746
38 43 219
38 44 154
45 38 385
38 46 482
47 38 489
38 48 46
49 38 345
38 50 567
51 38 231
52 38 51
53 38 507
54 38 263
56 38 239
57 38 172
58 38 275
59 38 213
38 60 352
38 61 9
62 38 277
63 38 646
64 38 538
38 65 675
66 38 846
67 38 246
38 68 403
38 69 461
70 38 324
71 38 973
38 73 145
74 38 314
75 38 473
76 38 695
38 77 297
78 38 897
79 38 144
80 38 679
81 38 253
82 38 268
83 38 938
38 84 656
85 38 682
38 86 323
38 87 957
88 38 583
89 38 145
38 90 443
91 38 536
92 38 237
93 38 988
94 38 973
95 38 359
96 38 554
97 38 344
98 38 215
99 38 42
38 100 280
40 39 854
41 39 266
39 42 190
39 43 262
39 44 799
39 45 302
46 39 545
39 47 519
39 48 22
49 39 14
39 50 142
51 39 342
52 39 740
53 39 469
54 39 778
39 55 208
56 39 701
39 58 890
59 39 757
60 39 823
61 39 229
62 39 61
39 63 379
39 64 492
39 65 309
66 39 363
39 67 917
68 39 967
69 39 667
70 39 954
71 39 10
72 39 819
73 39 432
74 39 211
75 39 987
76 39 57
77 39 894
78 39 37
39 79 764
39 80 493
39 81 102
82 39 299
39 83 757
84 39 842
39 85 68
39 86 542
87 39 84
39 88 263
89 39 420
90 39 759
91 39 858
92 39 973
93 39 635
94 39 726
39 95 888
96 39 470
39 97 777
39 98 7
39 99 385
100 39 957
40 41 996
42 40 232
43 40 209
44 40 649
45 40 967
40 46 739
40 47 574
48 40 278
49 40 72
40 50 606
51 40 574
52 40 300
40 53 547
54 40 883
55 40 211
56 40 86
40 57 392
58 40 988
59 40 163
40 60 933
40 61 395
62 40 9
63 40 85
64 40 529
40 65 642
40 66 819
67 40 913
40 68 268
69 40 480
70 40 741
40 71 45
40 72 247
73 40 846
40 74 389
75 40 574
76 40 194
40 77 695
40 78 936
79 40 840
40 80 287
81 40 950
82 40 399
40 83 926
84 40 672
40 85 521
40 86 447
87 40 589
40 88 353
40 89 631
90 40 146
40 91 765
92 40 524
93 40 893
94 40 238
40 95 275
40 96 565
40 97 332
98 40 789
99 40 333
40 100 14
42 41 223
43 41 122
44 41 506
41 45 300
41 46 919
41 47 692
48 41 488
49 41 494
41 50 25
51 41 464
52 41 958
41 53 226
54 41 46
41 55 545
56 41 177
57 41 935
58 41 371
41 59 265
41 60 234
61 41 363
41 62 714
41 63 186
64 41 620
65 41 933
66 41 761
41 67 647
41 68 127
69 41 358
41 70 590
71 41 902
72 41 165
73 41 869
74 41 596
41 75 114
76 41 402
41 77 332
78 41 234
41 79 667
80 41 900
81 41 849
82 41 346
41 83 82
41 84 720
41 85 644
86 41 694
87 41 779
41 88 733
41 89 744
90 41 485
91 41 509
41 92 36
93 41 352
94 41 62
41 95 474
96 41 617
41 97 325
41 98 169
99 41 786
41 100 846
43 42 253
44 42 325
45 42 748
42 46 30
47 42 738
42 48 51
49 42 751
42 50 438
42 51 355
52 42 472
42 53 812
42 54 501
42 55 753
42 56 542
42 57 613
58 42 966
59 42 277
60 42 248
42 61 700
62 42 570
63 42 495
42 64 682
65 42 58
42 66 51
42 67 970
42 68 591
69 42 313
70 42 621
71 42 816
42 72 603
73 42 253
42 74 645
42 76 892
77 42 261
78 42 178
79 42 15
42 80 731
81 42 855
42 82 661
42 83 171
42 84 560
42 85 846
42 86 276
87 42 818
88 42 865
42 89 393
42 90 242
42 91 698
42 92 234
42 93 6
94 42 7
42 95 208
96 42 982
42 97 938
98 42 383
42 99 880
42 100 115
43 44 296
43 45 340
46 43 883
43 47 62
48 43 691
49 43 900
43 50 140
51 43 698
52 43 896
43 53 516
43 55 850
56 43 377
43 57 251
43 58 75
59 43 303
43 60 840
43 61 843
43 62 278
43 63 365
64 43 441
65 43 156
43 66 159
67 43 229
68 43 536
43 69 523
43 70 723
43 71 858
72 43 919
73 43 639
74 43 5
75 43 849
43 76 336
77 43 147
43 78 793
79 43 870
80 43 233
81 43 764
82 43 17
83 43 398
43 84 276
43 85 542
86 43 995
87 43 801
88 43 211
89 43 961
90 43 731
91 43 410
92 43 204
43 93 384
43 94 770
43 96 3
97 43 343
98 43 998
99 43 494
100 43 963
45 44 442
46 44 111
47 44 761
48 44 755
44 49 688
44 50 634
44 51 379
44 52 403
53 44 787
54 44 56
55 44 329
44 56 724
44 57 507
58 44 710
44 59 621
44 60 469
61 44 984
62 44 607
63 44 10
64 44 648
65 44 682
44 67 61
68 44 651
69 44 471
44 70 106
44 71 729
44 72 937
44 73 374
74 44 813
75 44 629
76 44 897
77 44 820
44 78 649
44 79 189
44 80 915
81 44 691
44 82 484
83 44 232
44 84 153
44 85 534
86 44 267
44 87 126
88 44 69
89 44 563
90 44 279
44 91 69
44 92 234
93 44 707
94 44 156
95 44 892
96 44 483
44 97 970
44 98 37
99 44 452
100 44 902
46 45 799
47 45 302
45 48 75
45 49 126
45 50 250
51 45 829
52 45 284
45 53 559
45 54 296
45 55 236
56 45 488
45 57 121
58 45 35
59 45 657
45 60 49
61 45 822
45 62 431
63 45 475
64 45 844
65 45 494
45 66 709
45 67 116
45 68 736
45 69 333
70 45 91
45 71 570
72 45 285
45 73 739
74 45 902
45 75 805
45 76 658
45 77 501
45 78 453
45 79 296
45 80 280
45 81 93
45 82 463
45 83 331
45 84 233
85 45 581
45 86 582
45 87 606
45 88 895
45 89 184
45 90 91
45 91 97
45 92 670
45 93 539
45 94 925
95 45 121
45 96 976
45 97 543
45 98 773
99 45 988
45 100 239
46 47 33
46 48 421
46 49 685
50 46 685
46 51 462
46 52 912
46 53 875
54 46 507
46 55 758
56 46 600
46 57 338
58 46 795
46 59 364
46 60 456
61 46 277
46 62 622
63 46 865
46 64 650
65 46 708
46 66 473
67 46 461
46 68 79
46 69 668
70 46 453
71 46 720
46 72 654
73 46 330
74 46 641
75 46 720
46 76 396
46 77 142
78 46 8
46 79 411
80 46 907
46 81 342
82 46 991
83 46 114
84 46 490
85 46 357
46 86 909
46 87 697
46 88 837
46 89 714
90 46 70
91 46 924
92 46 780
93 46 186
94 46 423
46 95 795
96 46 417
97 46 411
98 46 291
46 99 827
46 100 8
47 48 425
47 49 963
50 47 829
51 47 498
52 47 979
53 47 327
54 47 736
55 47 319
56 47 597
57 47 868
47 58 125
47 59 232
60 47 43
47 61 762
62 47 653
63 47 404
64 47 388
65 47 549
66 47 869
47 67 463
47 68 668
69 47 102
70 47 599
47 71 27
72 47 865
47 73 291
74 47 530
47 75 876
47 76 395
77 47 144
78 47 110
47 79 827
80 47 618
81 47 65
47 82 124
83 47 333
84 47 20
47 85 546
47 86 206
47 87 517
47 88 818
89 47 58
90 47 680
91 47 974
47 92 274
93 47 472
94 47 16
47 95 879
96 47 24
47 97 119
98 47 174
99 47 642
100 47 589
49 48 163
48 50 462
51 48 215
52 48 838
48 53 681
54 48 909
48 55 295
48 56 771
48 57 564
48 58 416
48 59 419
60 48 89
61 48 290
62 48 691
63 48 807
64 48 469
65 48 424
48 66 1000
48 67 913
68 48 262
69 48 57
48 70 247
71 48 703
72 48 469
48 73 154
48 74 411
48 75 674
48 76 812
77 48 466
78 48 893
48 79 485
80 48 241
81 48 995
48 82 546
83 48 780
84 48 851
48 85 328
86 48 891
48 87 817
88 48 647
89 48 242
48 90 246
91 48 613
48 92 230
48 93 616
48 94 701
48 95 187
96 48 8
97 48 884
48 98 791
99 48 64
100 48 203
49 50 90
51 49 773
49 52 803
49 53 228
49 54 533
49 55 310
56 49 235
57 49 574
49 58 13
49 59 301
60 49 567
61 49 83
49 62 566
63 49 817
64 49 513
65 49 372
49 66 463
67 49 860
68 49 620
69 49 660
49 70 912
71 49 648
49 72 860
73 49 699
49 74 494
49 75 774
49 76 660
49 77 214
78 49 80
49 79 205
49 80 400
81 49 898
49 82 425
83 49 126
49 84 195
85 49 547
86 49 457
49 87 308
49 88 414
89 49 891
90 49 6
49 91 319
92 49 871
49 93 593
49 94 913
95 49 894
49 96 725
97 49 173
98 49 899
49 99 544
100 49 786
50 51 255
50 52 283
53 50 910
50 54 921
50 55 955
50 56 816
57 50 294
50 58 508
50 59 988
50 60 682
61 50 83
62 50 23
63 50 259
64 50 256
65 50 69
66 50 244
50 67 986
68 50 238
69 50 926
50 70 47
50 71 435
50 72 856
50 73 899
74 50 965
50 75 486
50 76 118
50 77 756
50 78 174
79 50 116
80 50 169
81 50 173
50 82 860
83 50 642
84 50 405
50 85 254
86 50 799
50 87 312
88 50 767
89 50 721
90 50 448
91 50 80
50 92 126
50 93 409
50 94 202
95 50 432
50 96 709
97 50 485
50 98 115
99 50 16
100 50 46
52 51 322
51 53 308
54 51 202
51 55 547
56 51 508
57 51 481
58 51 912
51 59 422
51 60 257
61 51 196
62 51 696
51 63 645
64 51 175
65 51 659
51 66 981
51 67 810
51 68 251
69 51 639
70 51 542
71 51 375
72 51 883
73 51 988
51 74 812
75 51 818
76 51 384
77 51 461
78 51 973
79 51 611
80 51 567
81 51 689
82 51 324
51 83 553
84 51 967
85 51 379
51 86 431
87 51 261
51 88 311
51 89 811
51 90 8
51 91 894
92 51 345
51 93 822
94 51 810
51 95 815
51 96 405
97 51 979
51 98 353
99 51 6
100 51 425
52 53 530
54 52 488
52 55 520
52 56 37
57 52 624
58 52 662
59 52 787
52 60 223
52 61 674
52 62 744
63 52 464
52 64 695
52 65 227
66 52 324
67 52 717
52 68 968
69 52 306
52 70 388
52 71 605
72 52 860
52 73 821
74 52 97
75 52 879
76 52 567
52 77 702
52 78 744
79 52 161
80 52 958
81 52 189
82 52 323
52 83 732
84 52 504
52 85 98
86 52 567
52 87 667
52 88 634
89 52 650
52 90 798
52 91 400
52 92 136
93 52 377
94 52 618
95 52 21
96 52 627
52 97 560
52 98 467
99 52 592
52 100 680
54 53 564
53 55 94
56 53 727
57 53 773
58 53 456
53 59 608
60 53 285
61 53 660
62 53 326
63 53 901
53 64 555
53 65 907
53 66 477
67 53 405
53 68 46
53 69 108
53 70 386
71 53 896
53 72 280
53 73 840
74 53 238
53 75 294
53 76 894
77 53 535
79 53 435
80 53 135
53 81 175
82 53 790
53 83 5
84 53 297
53 85 668
53 86 177
87 53 505
88 53 148
89 53 480
53 90 762
91 53 527
92 53 525
93 53 521
94 53 411
53 95 11
53 96 621
53 97 146
98 53 789
53 99 971
100 53 941
55 54 399
54 56 859
57 54 110
54 58 427
59 54 943
54 60 220
54 61 175
54 62 652
63 54 838
64 54 2
65 54 960
66 54 738
67 54 737
54 68 606
69 54 666
70 54 49
54 71 367
72 54 319
54 73 616
74 54 417
75 54 637
54 76 380
77 54 379
78 54 857
54 79 445
80 54 768
54 81 537
82 54 508
83 54 734
84 54 683
54 85 715
54 86 815
87 54 638
89 54 606
54 90 325
54 91 570
54 92 543
54 93 690
94 54 940
95 54 370
54 96 25
97 54 390
98 54 633
54 99 967
100 54 697
55 56 163
55 57 884
55 58 417
59 55 504
55 60 302
55 61 185
62 55 139
63 55 306
55 64 356
65 55 436
66 55 99
55 67 849
55 68 341
69 55 502
70 55 282
55 71 24
55 72 977
73 55 391
74 55 627
55 75 767
55 76 425
77 55 854
78 55 382
79 55 94
80 55 756
55 81 813
55 82 341
83 55 45
84 55 494
55 85 339
86 55 447
55 87 922
88 55 973
89 55 168
90 55 910
55 91 583
92 55 236
55 93 601
94 55 595
95 55 57
55 96 576
97 55 907
55 98 530
99 55 949
100 55 201
57 56 853
58 56 1
56 59 774
60 56 790
61 56 275
56 62 226
56 64 813
65 56 986
56 66 239
56 67 190
56 68 959
69 56 198
70 56 940
56 71 823
56 72 52
73 56 518
74 56 813
75 56 824
76 56 785
56 77 764
56 78 693
56 79 573
80 56 616
56 81 638
56 82 942
56 83 145
56 84 238
56 85 126
86 56 194
56 87 842
88 56 761
89 56 647
90 56 353
56 91 414
92 56 937
93 56 972
94 56 148
56 95 134
56 96 806
97 56 969
98 56 302
56 99 998
100 56 807
57 58 419
57 59 775
57 60 597
61 57 970
62 57 812
63 57 65
64 57 811
65 57 753
66 57 630
57 67 30
68 57 15
69 57 589
57 70 581
71 57 449
72 57 133
73 57 406
57 74 607
57 75 163
76 57 419
77 57 797
57 78 159
79 57 806
80 57 214
57 81 103
82 57 809
83 57 661
57 84 319
85 57 159
86 57 491
87 57 182
57 88 213
90 57 171
57 91 393
92 57 888
93 57 522
94 57 387
57 95 274
57 96 299
97 57 810
98 57 344
57 99 505
100 57 613
58 59 29
58 60 596
61 58 397
62 58 199
63 58 801
58 64 804
58 65 446
58 66 774
67 58 512
68 58 405
58 69 868
70 58 320
71 58 900
72 58 675
58 73 533
74 58 509
75 58 854
76 58 547
58 77 379
58 78 936
79 58 467
80 58 77
58 81 134
58 82 583
83 58 362
84 58 783
85 58 41
58 86 962
58 87 469
58 88 696
58 90 556
58 91 479
58 92 108
58 93 391
94 58 15
58 95 23
96 58 350
97 58 239
98 58 221
58 99 265
100 58 18
60 59 247
61 59 158
62 59 291
63 59 586
59 64 418
65 59 205
59 66 153
59 67 975
68 59 221
69 59 168
70 59 94
71 59 233
59 72 67
73 59 919
74 59 659
59 75 880
59 76 110
77 59 148
78 59 182
79 59 44
80 59 225
59 81 199
82 59 263
83 59 975
84 59 514
59 85 78
86 59 658
59 87 642
88 59 763
59 89 759
90 59 199
59 91 30
59 92 27
93 59 60
59 94 261
95 59 510
59 96 54
59 97 918
98 59 233
99 59 151
59 100 34
60 61 408
60 62 890
63 60 120
60 64 312
60 65 776
60 66 868
60 67 169
60 68 686
69 60 805
70 60 35
60 71 488
72 60 22
73 60 757
60 74 649
75 60 55
76 60 487
60 77 78
60 78 862
79 60 379
80 60 426
60 81 34
82 60 663
60 83 890
84 60 134
60 85 999
86 60 360
60 87 609
88 60 890
89 60 690
90 60 623
60 91 573
92 60 205
60 93 484
60 94 198
60 95 590
96 60 72
97 60 972
60 98 528
99 60 434
60 100 259
61 62 534
61 63 269
61 64 350
61 66 391
67 61 832
61 68 325
69 61 338
61 70 776
71 61 875
61 72 696
73 61 413
61 74 172
61 75 549
76 61 284
61 77 643
78 61 447
61 79 688
61 80 961
61 81 149
82 61 950
83 61 836
61 84 273
85 61 951
61 86 279
87 61 741
61 88 377
89 61 995
90 61 651
91 61 933
61 92 457
93 61 352
94 61 186
95 61 843
61 96 588
97 61 200
98 61 675
99 61 514
100 61 911
62 63 51
64 62 992
65 62 514
66 62 296
62 67 269
62 68 50
69 62 583
62 70 127
62 71 409
62 72 973
73 62 513
62 74 297
62 75 449
62 76 450
62 77 974
62 78 778
62 79 900
80 62 167
81 62 489
62 82 920
83 62 111
84 62 309
85 62 179
86 62 626
87 62 450
62 88 541
62 89 862
90 62 377
62 91 512
62 92 623
62 93 889
62 94 213
62 95 873
96 62 200
97 62 192
98 62 822
62 99 144
62 100 994
63 64 269
63 65 260
63 66 921
63 67 384
63 68 340
63 69 795
63 70 290
63 71 41
63 72 521
73 63 966
74 63 632
75 63 810
76 63 340
77 63 477
78 63 464
63 79 804
63 80 145
81 63 802
63 82 214
83 63 551
84 63 296
63 85 108
86 63 115
63 87 763
88 63 401
63 89 732
63 90 596
91 63 910
92 63 523
63 93 769
63 94 560
63 95 70
63 96 338
97 63 121
98 63 407
63 99 808
63 100 369
65 64 639
66 64 63
67 64 469
68 64 832
64 69 550
70 64 92
71 64 66
64 72 197
64 73 952
64 74 110
75 64 811
76 64 595
64 77 350
78 64 955
79 64 54
80 64 71
64 81 805
82 64 796
83 64 299
84 64 825
64 85 758
64 86 659
87 64 882
88 64 656
89 64 314
90 64 205
64 91 564
92 64 407
93 64 151
94 64 69
64 95 35
96 64 952
97 64 976
98 64 168
64 99 78
64 100 826
66 65 259
65 67 657
65 68 394
65 69 676
70 65 781
65 71 182
65 72 382
73 65 256
65 74 653
65 75 440
65 76 518
77 65 582
78 65 841
80 65 918
65 81 296
65 82 351
83 65 408
65 84 876
65 85 870
65 86 852
87 65 115
88 65 483
89 65 802
65 90 708
91 65 805
92 65 346
93 65 328
94 65 740
95 65 661
96 65 168
65 97 409
65 98 790
65 99 64
100 65 239
67 66 950
66 68 33
66 69 636
70 66 119
71 66 881
66 72 969
73 66 572
74 66 936
75 66 857
76 66 327
77 66 331
78 66 176
79 66 716
80 66 259
81 66 333
82 66 711
66 83 939
66 84 345
66 85 610
86 66 67
66 87 640
88 66 879
89 66 349
66 90 814
91 66 840
66 92 425
66 93 986
66 94 613
66 95 916
96 66 832
66 97 719
98 66 529
99 66 286
66 100 935
68 67 40
69 67 737
67 70 35
71 67 242
67 72 132
73 67 292
74 67 899
75 67 844
67 76 316
67 77 289
67 78 678
79 67 831
80 67 663
67 81 405
67 82 289
83 67 546
67 84 691
67 85 359
67 86 952
87 67 813
88 67 359
67 89 405
91 67 601
92 67 840
67 93 781
94 67 86
95 67 605
67 96 915
67 97 590
67 98 604
99 67 112
67 100 971
69 68 642
68 70 49
68 71 212
72 68 657
68 73 240
75 68 840
76 68 382
77 68 890
68 78 332
68 79 761
80 68 409
68 81 107
68 82 32
83 68 437
84 68 709
68 85 660
86 68 934
68 87 672
88 68 262
89 68 655
68 90 882
68 91 635
92 68 93
68 93 419
68 94 17
95 68 941
96 68 606
97 68 399
98 68 785
99 68 655
100 68 720
70 69 953
71 69 272
72 69 421
73 69 963
74 69 762
69 75 273
69 76 811
77 69 271
78 69 788
69 79 759
69 80 64
69 81 478
69 82 705
69 83 1
84 69 755
69 85 25
87 69 648
88 69 145
69 89 998
90 69 294
91 69 195
92 69 3
93 69 664
94 69 699
95 69 341
69 96 718
97 69 608
69 98 761
99 69 884
100 69 975
71 70 496
70 72 679
73 70 716
74 70 27
75 70 98
70 76 258
70 77 712
70 78 203
79 70 195
80 70 29
81 70 382
82 70 591
83 70 982
84 70 210
85 70 822
70 86 171
87 70 569
70 88 811
89 70 376
90 70 701
91 70 156
70 92 469
70 93 922
94 70 946
70 95 923
96 70 2
70 97 73
98 70 645
70 99 295
70 100 622
71 72 389
71 73 784
71 74 993
75 71 298
76 71 431
71 77 545
78 71 308
79 71 158
80 71 35
81 71 696
82 71 429
83 71 965
84 71 993
85 71 258
71 86 166
87 71 755
71 88 23
89 71 215
90 71 485
71 91 87
92 71 862
71 93 205
94 71 996
71 95 101
96 71 817
71 97 339
98 71 196
99 71 802
100 71 615
73 72 476
72 74 642
72 75 686
72 76 120
72 77 30
72 78 764
79 72 871
80 72 452
81 72 145
82 72 789
83 72 829
84 72 392
72 85 553
86 72 174
72 87 127
88 72 765
72 89 920
72 90 536
91 72 421
92 72 857
72 93 963
72 94 270
95 72 596
96 72 259
72 97 168
98 72 336
72 99 3
100 72 867
73 74 17
75 73 261
73 76 181
77 73 449
73 78 430
73 79 57
73 80 343
81 73 652
82 73 236
83 73 489
84 73 994
85 73 922
86 73 146
87 73 860
73 88 687
90 73 703
91 73 668
73 92 299
73 93 999
73 94 474
73 95 806
73 97 70
73 98 332
99 73 303
73 100 487
74 75 271
74 76 160
74 77 368
78 74 267
74 79 745
74 80 109
81 74 693
74 82 161
74 83 656
84 74 561
74 85 716
74 86 369
74 87 617
88 74 794
89 74 224
90 74 566
74 91 40
92 74 965
74 93 96
74 94 165
74 95 609
97 74 653
98 74 567
74 99 290
100 74 301
76 75 545
75 77 352
75 78 208
75 79 475
80 75 979
81 75 44
82 75 499
83 75 141
75 84 216
75 85 422
86 75 684
87 75 813
75 88 681
75 89 76
75 90 856
75 91 953
75 92 319
75 93 433
75 94 707
75 95 4
96 75 366
75 97 213
75 98 520
75 99 473
100 75 429
77 76 493
78 76 293
76 79 800
81 76 227
76 82 892
76 83 246
76 84 624
85 76 428
76 86 607
87 76 505
76 88 757
89 76 856
76 90 423
91 76 445
92 76 990
93 76 2
76 94 983
95 76 253
96 76 343
76 97 248
76 98 137
76 99 229
100 76 394
78 77 910
79 77 695
77 80 348
81 77 318
82 77 775
77 83 116
84 77 601
85 77 909
77 86 262
87 77 260
77 88 197
77 89 697
77 90 187
77 91 641
77 92 594
93 77 72
94 77 739
77 95 620
77 96 921
97 77 992
98 77 381
99 77 913
100 77 267
79 78 582
78 80 415
81 78 394
82 78 794
78 83 758
78 84 923
85 78 747
78 86 785
78 87 722
88 78 288
78 89 960
78 90 630
91 78 254
78 92 762
78 93 342
78 94 690
95 78 908
96 78 467
97 78 418
78 98 390
99 78 944
100 78 925
79 80 532
81 79 860
79 82 583
83 79 947
79 84 58
79 85 197
86 79 290
79 87 828
88 79 689
89 79 906
79 90 324
79 91 896
92 79 336
79 93 267
94 79 302
79 95 320
96 79 900
97 79 790
98 79 29
79 99 376
79 100 664
80 81 396
82 80 881
83 80 935
80 84 443
80 85 517
80 86 564
87 80 858
88 80 402
89 80 529
90 80 316
80 91 239
92 80 379
93 80 401
94 80 116
95 80 845
96 80 700
80 97 435
98 80 167
80 99 854
100 80 561
81 82 727
81 83 134
81 84 374
85 81 60
81 86 941
87 81 454
81 88 646
81 89 560
81 90 590
91 81 822
81 92 158
81 93 378
81 94 454
81 95 313
96 81 504
81 97 28
81 98 349
81 99 518
100 81 48
83 82 328
84 82 8
85 82 872
86 82 964
82 88 906
89 82 872
90 82 318
91 82 68
82 92 198
93 82 574
82 94 819
95 82 235
82 96 148
82 97 269
82 98 796
82 99 549
82 100 205
83 84 359
85 83 645
86 83 258
83 87 653
88 83 593
89 83 873
83 90 584
83 91 975
92 83 629
93 83 956
83 94 192
95 83 611
96 83 676
83 97 10
83 98 245
83 99 257
100 83 774
84 85 799
87 84 452
84 88 747
84 89 384
90 84 709
84 91 381
92 84 786
93 84 172
94 84 716
84 95 612
84 96 653
97 84 537
98 84 966
84 99 837
84 100 579
85 86 71
85 87 245
85 88 121
89 85 647
85 90 749
91 85 365
92 85 571
93 85 5
94 85 503
95 85 72
85 96 600
97 85 187
98 85 657
85 99 294
100 85 775
87 86 287
88 86 482
89 86 70
86 90 225
86 91 161
86 92 774
86 93 806
94 86 380
95 86 143
86 96 235
86 97 700
86 98 642
86 99 26
86 100 741
87 88 495
89 87 192
90 87 416
91 87 663
92 87 330
93 87 553
87 94 212
87 95 719
87 96 374
87 97 532
87 98 332
87 99 82
100 87 303
89 88 972
90 88 373
88 91 1000
92 88 930
93 88 999
94 88 567
95 88 182
88 96 547
88 97 89
98 88 763
88 99 480
100 88 257
90 89 4
89 91 480
92 89 322
89 93 160
94 89 462
89 95 356
96 89 102
89 97 355
89 98 334
99 89 760
100 89 520
90 91 952
92 90 120
93 90 768
94 90 203
90 95 961
90 96 316
90 97 291
98 90 574
90 99 282
100 90 333
92 91 200
91 93 978
91 94 533
91 95 179
91 96 530
91 97 653
91 98 10
99 91 196
100 91 723
92 93 505
92 94 603
92 95 475
96 92 808
92 97 694
98 92 787
99 92 782
92 100 811
95 93 695
93 96 125
93 97 304
98 93 695
99 93 536
100 93 332
95 94 893
96 94 521
94 97 683
94 98 755
94 99 851
94 100 973
95 96 292
97 95 425
98 95 513
99 95 576
95 100 661
96 97 249
96 98 226
99 96 452
96 100 113
98 97 778
97 99 863
97 100 933
99 98 341
100 98 824
100 99 193

END
