INSTANCE_NAME b15.dat
NB_VERTICES 100
NB_ARCS 159
NB_REQUESTS 0
NB_BLOCKAGES 39
NB_A' 9741

VERTICES
1 0 0
2 0 0
3 0 0
4 0 0
5 0 0
6 0 0
7 0 0
8 0 0
9 0 0
10 0 0
11 0 0
12 0 0
13 0 0
14 0 0
15 0 0
16 0 0
17 0 0
18 0 0
19 0 0
20 0 0
21 0 0
22 0 0
23 0 0
24 0 0
25 0 0
26 0 0
27 0 0
28 0 0
29 0 0
30 0 0
31 0 0
32 0 0
33 0 0
34 0 0
35 0 0
36 0 0
37 0 0
38 0 0
39 0 0
40 0 0
41 0 0
42 0 0
43 0 0
44 0 0
45 0 0
46 0 0
47 0 0
48 0 0
49 0 0
50 0 0
51 0 0
52 0 0
53 0 0
54 0 0
55 0 0
56 0 0
57 0 0
58 0 0
59 0 0
60 0 0
61 0 0
62 0 0
63 0 0
64 0 0
65 0 0
66 0 0
67 0 0
68 0 0
69 0 0
70 0 0
71 0 0
72 0 0
73 0 0
74 0 0
75 0 0
76 0 0
77 0 0
78 0 0
79 0 0
80 0 0
81 0 0
82 0 0
83 0 0
84 0 0
85 0 0
86 0 0
87 0 0
88 0 0
89 0 0
90 0 0
91 0 0
92 0 0
93 0 0
94 0 0
95 0 0
96 0 0
97 0 0
98 0 0
99 0 0
100 0 0

ARCS
2 4 7
4 66 8
66 27 5
27 1 9
1 35 4
35 10 6
10 62 3
62 54 4
54 52 4
52 63 8
63 88 1
88 44 5
44 41 9
41 9 4
9 37 1
37 61 5
61 54 9
54 29 6
29 59 7
59 7 6
7 60 8
60 19 7
19 6 5
6 40 5
40 91 5
91 28 8
28 41 3
41 51 6
51 29 8
41 95 4
95 56 5
56 36 2
36 21 7
21 26 3
26 25 7
25 5 9
5 1 6
25 92 1
92 98 6
98 70 8
70 89 5
89 97 2
97 26 3
26 47 3
47 58 1
58 95 10
95 71 4
71 65 6
65 56 10
56 38 8
38 16 2
16 69 5
69 36 4
36 22 9
22 31 7
31 64 2
64 4 7
4 79 5
79 49 6
49 23 1
23 12 7
12 45 5
45 62 10
62 86 7
86 44 4
44 55 1
55 18 6
18 33 1
33 2 8
2 43 5
43 59 3
59 77 5
77 44 6
44 73 5
73 2 7
2 48 6
48 17 5
17 98 10
98 3 8
3 26 10
26 94 3
94 74 1
74 49 4
49 42 2
42 50 9
50 65 7
65 8 10
8 39 3
39 11 5
11 72 3
72 31 9
31 84 10
84 56 3
56 46 8
46 88 1
88 73 9
73 52 1
52 90 6
90 82 1
82 56 4
82 15 6
15 99 10
99 85 1
85 67 3
67 64 5
64 8 3
64 24 10
24 38 10
38 14 4
14 20 7
20 91 3
91 67 1
67 19 9
19 13 9
13 100 1
100 34 6
34 68 10
68 67 8
68 25 5
68 80 9
80 76 10
76 35 5
35 23 7
35 78 7
78 21 8
21 93 8
93 64 9
64 41 2
41 85 5
93 75 8
75 66 7
66 13 4
76 83 10
83 95 7
95 16 4
68 99 8
19 57 1
57 58 3
57 18 10
20 63 4
38 87 4
87 9 3
9 53 7
53 30 1
30 82 6
53 73 6
87 81 6
81 48 1
90 7 7
90 50 6
88 11 8
11 60 5
39 96 7
96 70 1
96 55 5
65 40 6
65 97 8
94 32 9
32 98 10

REQUESTS

BLOCKAGES
40 91
41 95
56 38
52 90
58 95
26 25
90 82
4 66
64 41
2 48
64 4
64 8
1 35
68 99
65 97
67 19
44 73
50 65
96 70
54 29
76 35
26 94
49 23
60 19
19 57
20 91
21 26
68 67
65 56
63 88
54 52
66 13
41 85
93 64
56 36
53 73
41 9
68 25
73 2

A'
1 2 649
1 3 818
1 4 80
1 5 865
1 6 309
7 1 297
1 8 737
1 9 159
1 10 765
11 1 286
1 12 355
1 13 430
14 1 895
15 1 437
1 16 200
1 17 39
1 18 207
1 19 437
1 20 125
1 21 67
22 1 670
23 1 870
1 24 854
1 25 550
1 26 818
1 28 524
1 29 417
1 30 354
31 1 876
32 1 270
33 1 721
34 1 153
35 1 257
1 36 52
1 37 856
1 38 932
1 39 57
40 1 424
1 41 590
42 1 957
1 43 28
1 44 884
1 45 272
46 1 866
47 1 920
48 1 446
1 49 307
1 50 920
1 51 740
52 1 177
53 1 159
1 54 165
55 1 797
1 56 707
1 57 980
58 1 162
1 59 495
60 1 155
1 61 633
62 1 264
1 63 211
64 1 896
1 65 659
66 1 433
1 67 137
68 1 992
69 1 69
1 70 566
71 1 447
1 72 250
73 1 286
74 1 138
1 75 159
1 76 897
1 77 664
78 1 695
79 1 573
1 80 744
81 1 756
1 82 980
83 1 488
1 84 891
1 85 831
1 86 420
1 87 727
1 88 408
89 1 784
90 1 144
91 1 836
92 1 86
1 93 905
1 94 78
95 1 722
96 1 708
97 1 348
98 1 73
99 1 362
1 100 743
3 2 419
4 2 822
2 5 535
6 2 862
7 2 125
8 2 613
2 9 397
2 10 163
11 2 829
2 12 778
2 13 412
14 2 83
15 2 875
16 2 946
17 2 470
2 18 781
19 2 553
2 20 738
2 21 534
22 2 758
2 23 955
2 24 321
2 25 771
2 26 4
27 2 75
28 2 853
29 2 321
30 2 949
2 31 441
2 32 784
34 2 916
35 2 838
36 2 240
37 2 402
2 38 34
39 2 144
40 2 83
41 2 877
2 42 555
43 2 993
44 2 31
45 2 360
46 2 779
47 2 758
48 2 42
2 49 309
50 2 170
2 51 825
52 2 774
2 53 950
54 2 340
55 2 265
2 56 644
57 2 340
2 58 320
2 59 236
2 60 866
61 2 667
2 62 853
2 63 20
2 64 795
65 2 850
2 66 530
2 67 76
2 68 955
69 2 462
2 70 173
71 2 68
2 72 219
74 2 890
2 75 953
2 76 307
77 2 610
2 78 104
79 2 674
80 2 531
2 81 551
2 82 235
2 83 273
2 84 883
85 2 352
2 86 173
2 87 947
88 2 1000
89 2 57
2 90 498
91 2 833
2 92 260
2 93 810
94 2 178
95 2 63
2 96 540
97 2 553
2 98 541
99 2 16
100 2 825
4 3 302
5 3 500
6 3 337
7 3 305
3 8 92
9 3 754
3 10 310
11 3 717
12 3 79
3 13 953
3 14 953
3 15 106
16 3 618
3 17 681
18 3 420
19 3 703
3 20 206
3 21 674
3 22 52
3 23 639
3 24 484
25 3 771
26 3 109
3 27 264
3 28 85
29 3 33
3 30 60
3 31 894
32 3 784
33 3 13
34 3 783
35 3 628
3 36 268
37 3 586
3 38 983
3 39 519
3 40 320
41 3 963
42 3 480
43 3 320
44 3 147
3 45 954
3 46 489
47 3 587
3 48 773
49 3 531
3 50 18
3 51 247
52 3 163
3 53 308
54 3 760
3 55 314
56 3 467
57 3 859
3 58 207
3 59 862
60 3 881
61 3 910
3 62 14
3 63 345
3 64 799
65 3 45
3 66 737
3 67 804
68 3 827
3 69 747
3 70 289
3 71 17
72 3 40
73 3 405
3 74 405
3 75 950
76 3 785
3 77 358
3 78 59
79 3 287
80 3 281
3 81 24
82 3 327
3 83 619
84 3 291
85 3 443
86 3 481
87 3 38
3 88 685
3 89 470
90 3 763
91 3 78
92 3 982
93 3 48
94 3 841
95 3 249
3 96 722
97 3 842
3 98 452
99 3 904
3 100 881
4 5 24
6 4 508
7 4 585
8 4 206
4 9 985
10 4 824
4 11 219
4 12 553
13 4 550
14 4 305
4 15 218
4 16 422
4 17 425
18 4 224
4 19 318
4 20 730
4 21 817
22 4 106
23 4 781
4 24 806
4 25 632
26 4 883
4 27 490
28 4 468
29 4 828
4 30 837
31 4 501
4 32 808
33 4 835
34 4 957
4 35 487
4 36 845
37 4 922
38 4 407
39 4 262
4 40 172
41 4 544
4 42 446
4 43 489
4 44 72
4 45 389
4 46 64
4 47 870
4 48 166
4 49 254
4 50 855
4 51 159
4 52 746
53 4 2
4 54 839
55 4 715
4 56 211
57 4 415
4 58 996
59 4 921
60 4 274
4 61 679
4 62 551
4 63 561
4 64 603
4 65 542
66 4 258
4 67 860
68 4 484
69 4 507
4 70 179
71 4 683
72 4 535
4 73 45
4 74 704
75 4 301
4 76 978
77 4 667
4 78 878
79 4 300
4 80 744
81 4 992
82 4 244
4 83 356
4 84 416
4 85 401
86 4 786
4 87 335
88 4 885
89 4 202
4 90 48
4 91 269
92 4 832
93 4 609
94 4 865
4 95 892
96 4 100
4 97 961
98 4 439
4 99 422
4 100 529
6 5 152
7 5 610
8 5 987
5 9 217
5 10 785
5 11 42
5 12 345
13 5 340
14 5 934
15 5 212
16 5 165
17 5 412
18 5 5
5 19 793
20 5 408
21 5 601
22 5 339
5 23 397
24 5 759
5 25 865
26 5 581
5 27 948
28 5 130
5 29 229
30 5 196
5 31 592
5 32 750
33 5 188
34 5 205
5 35 533
5 36 5
37 5 874
38 5 398
39 5 20
5 40 588
5 41 698
5 42 493
5 43 797
5 44 637
45 5 685
5 46 465
5 47 543
5 48 630
5 49 672
5 50 414
5 51 149
5 52 40
53 5 464
54 5 997
55 5 592
5 56 70
5 57 455
5 58 639
59 5 184
60 5 628
5 61 810
5 62 847
5 63 9
5 64 785
65 5 662
5 66 588
5 67 319
5 68 888
69 5 416
5 70 969
5 71 171
72 5 1
5 73 952
74 5 228
75 5 969
76 5 706
5 77 650
5 78 481
79 5 380
80 5 395
81 5 815
5 82 554
83 5 961
5 84 619
85 5 677
5 86 88
5 87 978
5 88 825
89 5 782
5 90 416
5 91 611
92 5 879
5 93 377
94 5 622
5 95 975
5 96 148
97 5 350
98 5 626
5 99 846
5 100 390
7 6 831
8 6 74
6 9 268
6 10 89
11 6 653
6 12 502
13 6 680
6 14 227
6 15 738
6 16 163
17 6 568
6 18 205
20 6 830
6 21 560
6 22 320
6 23 608
6 24 859
6 25 768
6 26 208
6 27 409
28 6 670
29 6 94
30 6 601
6 31 139
32 6 664
33 6 368
6 34 407
6 35 40
36 6 565
37 6 14
6 38 385
39 6 32
40 6 740
41 6 351
42 6 318
43 6 361
44 6 485
45 6 740
6 46 308
6 47 886
48 6 432
49 6 296
6 50 240
51 6 130
6 52 286
53 6 40
6 54 468
55 6 616
56 6 573
6 57 506
6 58 428
6 59 581
60 6 24
6 61 350
62 6 549
63 6 654
6 64 191
65 6 521
6 66 988
67 6 585
68 6 497
6 69 646
6 70 46
71 6 171
6 72 931
6 73 212
6 74 245
6 75 974
76 6 463
77 6 303
78 6 261
6 79 694
80 6 961
6 81 232
6 82 568
83 6 572
84 6 144
85 6 380
6 86 181
6 87 511
88 6 929
6 89 821
6 90 217
6 91 146
92 6 821
6 93 393
94 6 108
6 95 884
6 96 4
97 6 15
98 6 635
6 99 691
100 6 506
8 7 672
7 9 324
7 10 149
11 7 608
12 7 130
7 13 466
14 7 855
7 15 722
16 7 719
17 7 685
7 18 248
7 19 68
7 20 314
21 7 551
22 7 833
7 23 427
7 24 94
7 25 37
7 26 354
7 27 914
28 7 820
29 7 109
7 30 17
31 7 920
32 7 363
7 33 336
34 7 347
35 7 224
36 7 809
37 7 17
38 7 182
39 7 496
40 7 896
41 7 868
7 42 880
43 7 84
44 7 512
45 7 372
7 46 375
7 47 614
48 7 951
49 7 699
7 50 407
51 7 310
7 52 49
7 53 856
7 54 472
7 55 857
56 7 588
7 57 968
58 7 857
7 59 166
60 7 948
61 7 599
7 62 532
7 63 762
64 7 216
65 7 484
7 66 87
67 7 837
68 7 822
69 7 68
70 7 748
7 71 363
72 7 1000
73 7 505
7 74 438
7 75 927
76 7 911
77 7 410
7 78 440
79 7 628
80 7 983
81 7 628
82 7 255
83 7 907
7 84 861
85 7 72
7 86 250
87 7 998
88 7 469
7 89 808
7 90 524
7 91 994
7 92 962
93 7 579
94 7 573
95 7 759
7 96 669
97 7 328
7 98 555
99 7 703
100 7 561
9 8 726
8 10 913
11 8 411
12 8 224
8 13 990
14 8 304
15 8 884
16 8 737
17 8 370
18 8 21
8 19 568
20 8 218
8 21 316
8 22 834
23 8 890
8 24 497
25 8 203
26 8 689
27 8 493
28 8 183
8 29 715
8 30 168
31 8 454
8 32 61
33 8 564
34 8 7
8 35 121
8 36 83
37 8 700
8 38 159
39 8 309
40 8 908
41 8 415
8 42 828
43 8 564
8 44 92
45 8 199
46 8 877
8 47 866
48 8 531
49 8 369
50 8 264
51 8 464
8 52 629
53 8 613
54 8 456
55 8 793
56 8 488
57 8 662
58 8 465
8 59 28
8 60 856
8 61 870
8 62 581
63 8 372
8 65 740
66 8 131
8 67 815
68 8 913
69 8 793
70 8 784
8 71 196
8 72 553
8 73 160
74 8 219
75 8 598
8 76 592
77 8 348
78 8 107
8 79 46
8 80 301
81 8 920
8 82 68
8 83 964
8 84 415
8 85 735
8 86 173
8 87 696
88 8 683
89 8 647
90 8 943
8 91 731
8 92 770
8 93 208
94 8 215
95 8 150
8 96 741
97 8 651
8 98 155
8 99 492
100 8 73
9 10 118
9 11 507
12 9 674
13 9 19
14 9 442
15 9 916
9 16 846
9 17 305
18 9 618
19 9 657
20 9 386
21 9 187
9 22 557
23 9 353
9 24 613
9 25 977
26 9 23
27 9 895
9 28 23
9 29 368
9 30 226
9 31 339
9 32 25
33 9 828
9 34 514
35 9 408
36 9 233
37 9 639
38 9 639
39 9 540
40 9 120
9 41 981
9 42 350
9 43 190
44 9 141
45 9 188
9 46 544
47 9 141
9 48 873
49 9 913
9 50 805
9 51 989
52 9 618
53 9 530
9 54 673
55 9 506
56 9 937
57 9 934
9 58 66
59 9 658
9 60 384
9 61 627
62 9 76
9 63 551
9 64 88
65 9 686
9 66 135
9 67 632
9 68 356
69 9 359
9 70 582
9 71 820
9 72 54
9 73 155
74 9 580
75 9 676
76 9 362
77 9 946
78 9 422
9 79 384
80 9 958
81 9 456
9 82 446
83 9 195
84 9 952
85 9 829
86 9 769
9 87 754
9 88 105
9 89 293
90 9 424
9 91 351
92 9 974
9 93 573
94 9 143
95 9 607
96 9 729
9 97 896
98 9 501
99 9 327
9 100 347
11 10 336
12 10 507
13 10 289
14 10 700
15 10 351
10 16 252
10 17 612
10 18 701
19 10 324
10 20 493
21 10 648
22 10 344
23 10 99
10 24 337
10 25 999
10 26 636
10 27 150
10 28 126
10 29 457
10 30 722
31 10 301
10 32 860
10 33 903
34 10 448
10 35 756
10 36 508
37 10 865
10 38 297
39 10 399
10 40 92
10 41 669
10 42 435
10 43 221
44 10 608
45 10 738
46 10 836
10 47 6
48 10 653
10 49 959
50 10 486
10 51 744
52 10 468
10 53 548
54 10 275
55 10 102
10 56 696
10 57 445
10 58 291
10 59 42
10 60 46
61 10 931
62 10 872
10 63 280
64 10 196
10 65 329
66 10 304
10 67 377
68 10 384
69 10 239
10 70 223
10 71 727
10 72 813
10 73 751
10 74 541
75 10 353
10 76 627
77 10 171
78 10 571
10 79 375
10 80 39
81 10 150
10 82 126
10 83 465
84 10 802
85 10 870
10 86 747
87 10 645
88 10 472
10 89 14
10 90 892
91 10 301
10 92 1
93 10 368
94 10 624
10 95 688
96 10 444
97 10 356
10 98 715
10 99 430
10 100 875
11 12 892
13 11 600
11 14 531
15 11 283
16 11 434
11 17 911
11 18 44
19 11 909
20 11 834
11 21 153
22 11 546
11 23 710
11 24 869
11 25 425
26 11 643
27 11 302
11 28 271
29 11 422
11 30 323
11 31 346
11 32 230
11 33 193
34 11 870
35 11 35
36 11 337
37 11 576
11 38 839
40 11 707
11 41 912
42 11 758
11 43 362
11 44 833
11 45 65
11 46 936
11 47 331
48 11 701
11 49 588
50 11 159
11 51 64
11 52 728
11 53 141
11 54 792
55 11 448
56 11 244
57 11 559
58 11 273
59 11 644
60 11 886
11 61 442
11 62 532
11 63 568
11 64 413
65 11 261
66 11 547
11 67 488
11 68 277
11 69 235
70 11 108
71 11 919
72 11 745
73 11 704
74 11 101
75 11 825
76 11 407
11 77 512
11 78 389
79 11 873
80 11 234
81 11 76
11 82 160
83 11 53
84 11 895
11 85 857
11 86 674
87 11 57
11 88 955
11 89 787
11 90 106
91 11 746
11 92 229
93 11 153
94 11 687
11 95 122
11 96 862
97 11 51
11 98 463
11 99 810
100 11 95
12 13 63
12 14 792
15 12 185
12 16 230
17 12 857
18 12 934
12 19 551
12 20 562
21 12 130
22 12 432
12 24 294
25 12 571
26 12 614
12 27 476
12 28 120
29 12 736
30 12 284
12 31 423
32 12 435
12 33 942
12 34 679
35 12 24
12 36 457
12 37 321
38 12 862
12 39 224
40 12 74
12 41 821
42 12 171
12 43 713
12 44 788
45 12 528
46 12 6
47 12 155
12 48 696
12 49 265
12 50 343
12 51 917
52 12 70
53 12 855
54 12 512
12 55 437
12 56 224
57 12 624
12 58 256
12 59 388
60 12 488
61 12 465
62 12 217
63 12 636
12 64 419
65 12 637
66 12 892
67 12 911
68 12 142
69 12 243
70 12 842
71 12 590
72 12 287
12 73 515
12 74 253
12 75 936
12 76 816
12 77 584
78 12 75
12 79 648
80 12 824
81 12 605
82 12 189
83 12 380
12 84 279
12 85 687
12 86 653
12 87 241
88 12 841
89 12 185
12 90 656
12 91 537
92 12 576
93 12 207
12 94 396
95 12 494
96 12 491
12 97 637
98 12 612
12 99 713
12 100 342
14 13 713
13 15 26
16 13 636
17 13 707
13 18 16
13 19 644
13 20 537
21 13 376
22 13 868
23 13 949
24 13 341
25 13 810
13 26 822
27 13 697
13 28 662
13 29 636
13 30 383
31 13 679
32 13 231
33 13 190
13 34 451
35 13 150
36 13 403
37 13 433
13 38 648
13 39 334
13 40 524
41 13 669
42 13 563
13 43 934
13 44 107
45 13 302
13 46 582
13 47 860
13 48 716
49 13 410
13 50 234
51 13 504
13 52 435
53 13 258
13 54 670
55 13 126
56 13 86
13 57 594
13 58 863
59 13 576
13 60 448
61 13 811
62 13 856
13 63 544
64 13 70
65 13 441
67 13 296
68 13 650
13 69 900
70 13 605
13 71 560
13 72 927
13 73 743
74 13 920
75 13 502
76 13 68
13 77 51
13 78 585
13 79 992
80 13 142
13 81 299
13 82 511
83 13 86
13 84 530
85 13 946
86 13 827
13 87 284
88 13 563
13 89 383
13 90 350
13 91 75
13 92 965
93 13 865
94 13 549
13 95 760
13 96 504
13 97 485
13 98 356
99 13 525
100 13 907
14 15 20
16 14 679
17 14 542
18 14 384
14 19 427
20 14 160
21 14 150
14 22 977
23 14 377
24 14 574
14 25 918
26 14 897
27 14 794
28 14 677
14 29 138
30 14 140
31 14 20
14 32 163
33 14 763
14 34 836
35 14 278
36 14 689
14 37 823
14 39 199
14 40 71
14 41 163
14 42 582
43 14 293
14 44 945
45 14 323
14 46 454
47 14 251
48 14 345
49 14 385
14 50 998
51 14 872
52 14 965
53 14 519
14 54 148
55 14 227
14 56 402
57 14 69
58 14 658
14 59 169
14 60 28
61 14 833
62 14 26
63 14 455
14 64 245
14 65 964
66 14 116
67 14 291
68 14 837
69 14 414
14 70 525
14 71 553
14 72 732
14 73 612
74 14 39
14 75 695
14 76 975
77 14 898
14 78 610
14 79 73
14 80 543
14 81 448
82 14 870
14 83 91
14 84 898
14 85 41
14 86 495
14 87 51
14 88 919
89 14 319
90 14 794
91 14 374
14 92 539
93 14 471
14 94 974
14 95 354
96 14 579
97 14 879
98 14 243
99 14 858
14 100 176
16 15 914
15 17 196
15 18 599
15 19 978
20 15 126
15 21 281
22 15 243
15 23 121
15 24 319
15 25 609
15 26 314
27 15 177
15 28 691
29 15 864
30 15 558
31 15 151
32 15 412
15 33 139
34 15 515
15 35 279
15 36 591
15 37 490
15 38 83
15 39 251
40 15 407
41 15 777
42 15 749
43 15 616
15 44 371
15 45 692
15 46 222
15 47 103
15 48 891
49 15 996
50 15 708
15 51 396
52 15 537
53 15 484
54 15 846
15 55 724
15 56 944
15 57 324
15 58 804
15 59 835
15 60 123
15 61 805
15 62 719
63 15 329
64 15 851
15 65 717
66 15 302
15 67 209
15 68 348
15 69 161
70 15 425
15 71 797
15 72 735
15 73 763
15 74 763
15 75 63
76 15 475
77 15 581
15 78 830
79 15 506
15 80 585
81 15 590
15 82 686
15 83 427
15 84 489
85 15 578
86 15 822
15 87 336
15 88 550
89 15 445
15 90 400
91 15 549
15 92 430
93 15 771
94 15 741
95 15 290
96 15 851
15 97 914
15 98 677
99 15 921
15 100 631
17 16 134
18 16 928
16 19 360
20 16 920
21 16 141
22 16 367
23 16 544
16 24 521
25 16 54
26 16 943
16 27 938
28 16 575
29 16 680
30 16 543
31 16 120
16 32 155
16 33 978
16 34 75
35 16 911
16 36 197
37 16 16
16 38 443
39 16 359
40 16 577
41 16 575
42 16 460
16 43 15
16 44 715
45 16 636
46 16 999
16 47 134
48 16 361
49 16 586
50 16 152
16 51 132
16 52 898
53 16 263
16 54 761
16 55 302
16 56 738
57 16 560
58 16 740
59 16 582
16 60 621
61 16 63
62 16 324
16 63 475
16 64 659
16 65 470
16 66 556
67 16 861
68 16 803
69 16 145
16 70 801
16 71 901
16 72 26
16 73 86
16 74 386
75 16 571
16 76 587
77 16 680
78 16 181
16 79 946
80 16 214
16 81 704
82 16 720
16 83 925
84 16 743
85 16 438
86 16 867
16 87 80
16 88 149
89 16 9
90 16 887
16 91 596
16 92 564
16 93 736
16 94 781
16 96 994
16 97 989
16 98 520
99 16 391
16 100 999
18 17 831
17 19 677
17 20 621
21 17 20
17 22 577
17 23 728
17 24 854
25 17 72
26 17 936
27 17 261
28 17 453
29 17 416
30 17 72
31 17 49
17 32 680
17 33 273
17 34 589
35 17 381
36 17 869
37 17 402
17 38 10
17 39 305
40 17 330
17 41 343
17 42 895
17 43 586
44 17 562
45 17 139
46 17 640
17 47 799
49 17 71
50 17 823
51 17 913
52 17 592
53 17 137
54 17 675
17 55 397
56 17 947
57 17 584
17 58 19
59 17 501
60 17 452
17 61 855
17 62 493
17 63 234
64 17 628
17 65 343
17 66 379
17 67 537
17 68 272
69 17 710
17 70 290
17 71 187
17 72 582
17 73 152
17 74 660
17 75 316
76 17 505
77 17 898
78 17 564
17 79 160
17 80 139
17 81 993
82 17 461
83 17 838
84 17 905
85 17 382
17 86 5
17 87 782
17 88 689
89 17 538
17 90 288
91 17 162
92 17 375
17 93 141
94 17 543
17 95 130
96 17 154
17 97 550
98 17 355
99 17 698
100 17 286
18 19 157
18 20 999
18 21 227
18 22 574
18 23 91
24 18 969
25 18 5
26 18 312
18 27 633
18 28 797
18 29 238
18 30 588
31 18 268
18 32 174
33 18 256
34 18 396
18 35 100
36 18 701
18 37 138
18 38 794
18 39 839
18 40 480
41 18 808
42 18 44
43 18 700
44 18 906
18 45 494
46 18 724
47 18 138
48 18 78
18 49 59
50 18 805
18 51 923
18 52 188
18 53 835
54 18 640
18 56 471
18 57 605
18 58 615
59 18 313
60 18 303
18 61 301
62 18 678
63 18 285
18 64 490
18 65 985
66 18 834
18 67 237
68 18 33
69 18 878
70 18 288
18 71 162
18 72 825
73 18 723
18 74 163
18 75 598
76 18 989
18 77 612
18 78 311
18 79 944
18 80 925
18 81 466
18 82 125
83 18 505
18 84 703
18 85 226
18 86 987
18 87 99
18 88 154
18 89 955
18 90 561
18 91 485
92 18 802
18 93 919
18 94 695
18 95 263
96 18 141
97 18 80
98 18 783
18 99 126
100 18 317
19 20 178
19 21 91
19 22 819
19 23 449
24 19 263
25 19 676
26 19 262
27 19 546
19 28 940
19 29 41
30 19 210
31 19 283
19 32 501
33 19 577
34 19 605
19 35 330
19 36 901
19 37 57
38 19 15
19 39 195
40 19 218
19 41 728
42 19 699
43 19 658
19 44 865
19 45 192
19 46 582
19 47 419
48 19 594
19 49 61
19 50 593
19 51 979
52 19 513
19 53 915
54 19 245
55 19 507
19 56 330
57 19 941
19 58 211
19 59 18
19 61 209
19 62 933
63 19 623
64 19 980
19 65 779
19 66 914
19 67 508
19 68 32
69 19 24
19 70 491
19 71 417
72 19 165
19 73 245
74 19 564
19 75 210
19 76 545
19 77 194
19 78 156
19 79 844
19 80 489
81 19 665
19 82 494
19 83 863
19 84 419
19 85 787
86 19 721
87 19 861
88 19 557
89 19 429
19 90 3
19 91 462
92 19 760
93 19 24
94 19 822
19 95 50
19 96 842
19 97 63
98 19 238
99 19 212
19 100 162
21 20 916
20 22 905
23 20 470
24 20 585
25 20 933
26 20 240
20 27 134
28 20 400
29 20 914
30 20 728
31 20 234
32 20 381
20 33 608
20 34 572
35 20 977
36 20 521
20 37 318
20 38 372
39 20 238
40 20 389
20 41 895
42 20 267
20 43 979
20 44 241
20 45 590
20 46 559
47 20 241
48 20 470
20 49 612
50 20 722
20 51 477
52 20 183
20 53 372
54 20 285
55 20 215
56 20 483
57 20 5
58 20 841
20 59 119
60 20 579
20 61 752
62 20 883
63 20 131
20 64 895
20 65 97
66 20 33
67 20 563
20 68 719
20 69 122
70 20 894
20 71 379
20 72 796
20 73 477
20 74 71
75 20 772
76 20 6
20 77 842
20 78 219
20 79 296
20 80 66
20 81 434
20 82 964
20 83 665
20 84 929
20 85 388
20 86 473
87 20 550
88 20 854
20 89 608
20 90 324
91 20 628
92 20 255
93 20 921
94 20 793
20 95 290
20 96 959
97 20 307
20 98 718
20 99 956
20 100 461
22 21 820
21 23 813
24 21 906
21 25 98
26 21 293
27 21 244
28 21 101
21 29 741
30 21 323
31 21 940
21 32 742
21 33 687
34 21 172
21 35 724
21 37 536
38 21 573
39 21 338
40 21 726
41 21 390
42 21 648
21 43 834
21 44 262
21 45 660
46 21 6
47 21 278
48 21 934
21 49 655
21 50 699
51 21 761
52 21 812
53 21 53
21 54 469
21 55 28
56 21 745
57 21 137
21 58 930
21 59 663
60 21 653
21 61 529
21 62 866
63 21 979
21 64 686
65 21 837
21 66 43
21 67 264
21 68 246
21 69 941
21 70 58
21 71 260
21 72 736
21 73 249
74 21 718
75 21 560
21 76 936
21 77 732
21 78 598
21 79 305
80 21 694
81 21 666
82 21 442
83 21 294
84 21 949
85 21 753
21 86 554
21 87 511
21 88 760
89 21 658
90 21 21
91 21 198
21 92 9
93 21 109
21 94 990
95 21 889
21 96 258
21 97 124
98 21 187
99 21 90
100 21 3
22 23 492
24 22 205
22 25 902
22 26 760
27 22 440
22 28 480
22 29 87
22 30 566
31 22 445
22 32 312
33 22 591
34 22 239
22 35 972
22 37 61
38 22 837
22 39 754
40 22 458
41 22 998
22 42 866
22 43 861
44 22 91
22 45 435
22 46 768
22 47 375
48 22 294
49 22 265
22 50 297
22 51 185
52 22 163
53 22 687
54 22 498
22 55 95
22 56 546
22 57 729
58 22 56
59 22 759
22 60 791
22 61 76
22 62 175
22 63 232
22 64 508
22 65 682
66 22 529
22 67 933
68 22 815
22 69 690
22 70 411
22 71 971
72 22 932
73 22 719
74 22 640
22 75 484
22 76 23
77 22 339
78 22 360
22 79 17
22 80 769
22 81 728
82 22 267
22 83 987
84 22 631
22 85 97
22 86 516
87 22 998
88 22 766
22 89 137
90 22 897
22 91 186
92 22 531
22 93 468
22 94 445
22 95 813
96 22 533
22 97 861
98 22 552
99 22 584
22 100 227
23 24 575
23 25 746
23 26 540
27 23 992
23 28 267
23 29 647
23 30 807
31 23 327
23 32 771
33 23 109
34 23 335
36 23 195
37 23 730
23 38 78
39 23 620
40 23 838
41 23 855
42 23 604
43 23 752
44 23 336
23 45 277
46 23 798
23 47 170
48 23 280
23 49 531
23 50 979
51 23 392
52 23 17
53 23 918
54 23 384
55 23 203
56 23 601
57 23 981
23 58 478
59 23 834
60 23 372
61 23 655
62 23 620
23 63 943
64 23 468
65 23 464
23 66 347
23 67 618
68 23 328
23 69 161
70 23 776
23 71 931
72 23 124
23 73 580
74 23 996
23 75 117
76 23 228
23 77 239
78 23 299
79 23 449
23 80 653
23 81 211
82 23 471
83 23 65
84 23 68
23 85 861
86 23 941
23 87 571
23 88 407
89 23 369
23 90 916
91 23 120
92 23 312
23 93 693
94 23 538
95 23 728
23 96 756
97 23 244
98 23 471
23 99 25
23 100 885
25 24 84
26 24 28
27 24 593
24 28 157
29 24 187
24 30 149
24 31 918
32 24 15
24 33 423
24 34 454
24 35 797
36 24 792
24 37 787
38 24 348
39 24 503
24 40 400
41 24 761
42 24 593
43 24 565
44 24 17
45 24 172
46 24 409
47 24 329
48 24 50
49 24 679
50 24 605
51 24 63
24 52 867
24 53 10
24 54 12
24 55 149
56 24 802
57 24 190
24 58 613
24 59 494
60 24 856
61 24 498
24 62 105
24 63 391
24 64 929
65 24 8
66 24 247
67 24 280
68 24 272
69 24 678
70 24 857
71 24 694
24 72 439
73 24 756
24 74 988
75 24 32
76 24 618
77 24 459
24 78 707
79 24 580
80 24 621
81 24 871
82 24 9
24 83 980
24 84 495
85 24 915
86 24 187
24 87 360
24 88 194
89 24 29
90 24 716
24 91 375
92 24 293
93 24 406
94 24 385
95 24 689
96 24 924
97 24 224
24 98 412
99 24 916
24 100 563
25 26 960
25 27 789
25 28 79
25 29 786
30 25 866
31 25 870
25 32 185
25 33 777
34 25 216
35 25 927
25 36 870
25 37 166
38 25 838
25 39 647
40 25 187
41 25 934
42 25 662
25 43 466
25 44 407
45 25 550
25 46 456
25 47 863
25 48 285
49 25 934
50 25 856
51 25 756
52 25 414
25 53 169
54 25 851
55 25 355
56 25 79
25 57 535
58 25 361
25 59 832
60 25 955
25 61 390
25 62 153
63 25 401
64 25 595
65 25 641
25 66 547
67 25 526
25 68 22
25 69 915
25 70 564
71 25 612
72 25 909
73 25 383
74 25 850
25 75 740
25 76 299
77 25 565
78 25 85
25 79 944
25 80 652
25 81 833
25 82 332
83 25 213
84 25 756
85 25 928
25 86 748
25 87 314
25 88 38
25 89 628
90 25 965
91 25 43
92 25 200
93 25 418
25 94 276
95 25 19
96 25 297
25 97 828
25 98 914
99 25 685
100 25 871
26 27 692
26 28 855
29 26 977
26 30 52
31 26 131
32 26 675
33 26 632
26 34 483
35 26 862
36 26 114
26 37 37
26 38 83
39 26 389
26 40 609
41 26 17
42 26 389
26 43 801
44 26 65
45 26 487
26 46 85
47 26 836
26 48 493
49 26 985
50 26 220
26 51 437
52 26 78
26 53 742
26 54 42
26 55 508
26 56 907
26 57 184
58 26 935
26 59 889
60 26 465
61 26 819
62 26 343
26 63 308
64 26 473
65 26 866
26 66 842
26 67 24
68 26 127
69 26 431
26 70 950
26 71 873
26 72 165
73 26 502
74 26 392
75 26 802
26 76 765
26 77 405
26 78 625
26 79 646
80 26 708
81 26 140
26 82 165
83 26 820
84 26 631
26 85 811
86 26 539
87 26 788
88 26 91
26 89 154
90 26 680
91 26 690
26 92 926
26 93 255
94 26 158
95 26 351
96 26 763
26 97 118
98 26 5
26 99 570
100 26 539
27 28 919
27 29 766
30 27 484
31 27 348
32 27 43
33 27 295
27 34 526
27 35 826
36 27 474
37 27 385
27 38 903
39 27 665
40 27 778
41 27 310
42 27 360
27 43 430
27 44 981
45 27 336
46 27 755
47 27 805
48 27 765
27 49 529
50 27 375
27 51 423
27 52 40
53 27 375
27 54 657
27 55 314
27 56 412
57 27 132
58 27 175
59 27 401
60 27 108
27 61 971
27 62 123
27 63 11
64 27 579
65 27 529
27 67 303
68 27 635
69 27 879
27 70 118
27 71 242
72 27 682
27 73 387
27 74 742
75 27 852
76 27 406
27 77 867
27 78 62
27 79 982
27 80 924
27 81 181
82 27 115
83 27 733
84 27 296
85 27 28
86 27 881
87 27 667
27 88 837
89 27 13
27 90 704
91 27 826
92 27 156
93 27 80
94 27 390
95 27 220
27 96 932
27 97 894
27 98 883
27 99 146
27 100 236
28 29 294
28 30 794
28 31 677
28 32 365
28 33 912
28 34 906
35 28 528
36 28 133
28 37 981
38 28 372
28 39 188
28 40 600
41 28 701
28 42 706
43 28 363
44 28 724
28 45 409
46 28 967
47 28 851
48 28 126
28 49 102
50 28 850
28 51 795
52 28 941
53 28 857
28 54 327
28 55 615
28 56 124
28 57 111
58 28 866
59 28 473
60 28 832
61 28 809
28 62 318
63 28 833
64 28 772
28 65 826
28 66 563
28 67 308
68 28 747
28 69 167
70 28 559
71 28 702
28 72 800
28 73 214
74 28 340
28 75 957
76 28 919
28 77 320
28 78 128
28 79 30
28 80 438
81 28 225
28 82 827
28 83 207
84 28 47
85 28 701
86 28 505
28 87 990
88 28 565
89 28 25
28 90 592
28 91 426
28 92 451
93 28 97
28 94 601
95 28 829
28 96 333
97 28 389
98 28 936
99 28 787
28 100 967
30 29 290
29 31 240
32 29 480
29 33 833
29 34 59
35 29 837
29 36 934
37 29 933
38 29 217
39 29 861
40 29 570
41 29 450
29 42 56
43 29 905
29 44 71
45 29 681
29 46 398
29 47 991
48 29 76
49 29 733
29 50 247
29 52 533
29 53 254
29 55 786
56 29 172
57 29 319
58 29 16
59 29 710
29 60 568
29 61 495
29 62 843
29 63 519
64 29 121
29 65 656
66 29 432
29 67 125
68 29 786
29 69 6
29 70 163
71 29 178
72 29 201
73 29 11
29 74 222
29 75 488
76 29 555
29 77 740
29 78 225
79 29 230
80 29 556
81 29 901
82 29 491
29 83 91
29 84 413
29 85 680
29 86 942
87 29 966
29 88 705
29 89 710
90 29 400
91 29 419
29 92 882
93 29 351
29 94 473
95 29 155
29 96 521
97 29 719
98 29 432
99 29 991
100 29 257
30 31 476
30 32 526
33 30 692
34 30 768
35 30 509
36 30 653
37 30 121
30 38 789
39 30 343
40 30 755
41 30 993
30 42 256
43 30 990
44 30 519
30 45 235
46 30 649
30 47 29
48 30 150
30 49 109
30 50 824
51 30 436
30 52 247
30 53 361
30 54 731
55 30 648
56 30 904
30 57 464
58 30 702
30 59 197
60 30 433
30 61 699
30 62 493
63 30 960
64 30 798
30 65 264
66 30 36
67 30 800
30 68 607
30 69 669
70 30 567
71 30 173
30 72 308
73 30 332
30 74 90
30 75 582
30 76 663
30 77 955
30 78 711
30 79 502
30 80 333
81 30 833
82 30 815
30 83 2
84 30 144
30 85 757
30 86 338
30 87 531
30 88 918
30 89 359
90 30 93
30 91 232
30 92 923
93 30 263
94 30 452
30 95 493
96 30 880
97 30 504
30 98 956
99 30 467
100 30 527
32 31 160
31 33 856
31 34 565
35 31 255
36 31 483
31 37 566
38 31 103
39 31 253
40 31 825
31 41 480
42 31 192
43 31 993
31 44 404
45 31 904
31 46 751
31 47 445
48 31 350
31 49 304
31 50 777
51 31 189
52 31 258
31 53 325
31 54 594
55 31 428
56 31 985
57 31 439
31 58 617
31 59 927
31 60 84
61 31 890
31 62 964
31 63 800
64 31 337
31 65 579
66 31 366
67 31 724
68 31 520
31 69 686
31 70 329
71 31 236
73 31 674
31 74 339
75 31 119
31 76 892
77 31 599
31 78 616
31 79 229
80 31 973
31 81 859
82 31 49
83 31 512
84 31 144
31 85 708
86 31 592
31 87 196
31 88 894
31 89 447
31 90 678
91 31 942
31 92 217
31 93 999
94 31 176
95 31 113
31 96 911
97 31 936
98 31 595
31 99 982
31 100 63
33 32 51
32 34 565
32 35 261
32 36 467
37 32 394
38 32 624
39 32 714
32 40 226
32 41 24
42 32 290
32 43 252
32 44 106
32 45 511
32 46 339
32 47 142
48 32 884
32 49 110
32 50 789
32 51 610
32 52 428
53 32 400
54 32 689
55 32 595
32 56 528
32 57 19
58 32 106
32 59 369
60 32 161
61 32 263
62 32 74
32 63 955
64 32 947
32 65 757
66 32 433
32 67 990
68 32 72
69 32 967
32 70 205
71 32 377
32 72 531
73 32 901
32 74 369
75 32 198
76 32 851
32 77 732
32 78 567
32 79 880
80 32 750
32 81 952
32 82 705
83 32 98
32 84 34
85 32 239
32 86 977
32 87 322
88 32 714
32 89 494
32 90 194
32 91 963
32 92 855
32 93 319
32 94 731
32 95 638
32 96 538
97 32 14
98 32 234
99 32 722
100 32 527
33 34 856
33 35 927
36 33 362
37 33 102
33 38 74
39 33 899
33 40 42
41 33 433
33 42 878
33 43 910
33 44 643
45 33 808
33 46 392
47 33 471
48 33 659
49 33 425
50 33 852
51 33 395
33 52 991
53 33 421
54 33 143
55 33 804
56 33 775
57 33 896
58 33 400
59 33 872
33 60 955
61 33 754
62 33 424
33 63 163
33 64 924
65 33 948
33 66 290
67 33 341
33 68 191
69 33 696
70 33 783
33 71 221
72 33 88
73 33 913
74 33 625
33 75 880
33 76 167
77 33 630
33 78 208
33 79 23
33 80 83
81 33 259
33 82 313
83 33 3
84 33 63
85 33 539
86 33 550
33 87 105
88 33 580
33 89 475
33 90 153
33 91 135
92 33 691
33 93 612
33 94 612
95 33 381
33 96 605
97 33 65
98 33 941
99 33 123
100 33 117
35 34 551
34 36 124
34 37 654
38 34 25
34 39 259
40 34 186
41 34 200
34 42 861
43 34 125
34 44 797
34 45 517
46 34 848
47 34 21
48 34 351
49 34 495
34 50 508
34 51 837
52 34 701
53 34 38
54 34 970
34 55 253
56 34 392
34 57 382
34 58 967
59 34 427
60 34 364
61 34 516
62 34 227
34 63 351
34 64 383
34 65 397
34 66 891
67 34 224
68 34 75
69 34 19
70 34 260
71 34 903
34 72 427
73 34 255
74 34 143
34 75 859
34 76 328
34 77 716
78 34 614
79 34 484
34 80 264
34 81 237
34 82 464
34 83 448
84 34 777
34 85 935
34 86 440
87 34 687
34 88 825
34 89 962
90 34 679
91 34 472
34 92 898
34 93 912
94 34 958
95 34 858
96 34 626
34 97 726
34 98 610
99 34 980
34 100 342
35 36 421
37 35 454
35 38 999
39 35 105
35 40 245
41 35 484
42 35 788
35 43 256
35 44 596
45 35 446
35 46 785
35 47 899
35 48 161
35 49 386
35 50 245
51 35 757
35 52 507
35 53 477
54 35 840
55 35 169
56 35 715
35 57 153
35 58 737
35 59 905
60 35 324
61 35 138
35 62 774
35 63 969
35 64 248
35 65 777
35 66 432
67 35 509
35 68 742
69 35 147
35 70 269
71 35 18
72 35 670
35 73 189
74 35 281
75 35 443
35 76 795
35 77 711
78 35 319
79 35 205
35 80 736
81 35 58
82 35 513
35 83 456
84 35 255
35 85 540
86 35 268
87 35 858
35 88 430
35 89 48
35 90 138
35 91 665
92 35 773
93 35 204
94 35 757
95 35 657
35 96 741
35 97 658
35 98 983
99 35 564
100 35 67
37 36 112
36 38 363
39 36 975
36 40 14
36 41 853
42 36 215
43 36 139
44 36 595
45 36 430
46 36 455
36 47 194
48 36 151
49 36 152
50 36 667
51 36 74
52 36 521
53 36 771
54 36 505
55 36 26
36 56 471
36 57 372
58 36 98
59 36 24
36 60 557
61 36 394
62 36 890
63 36 557
36 64 141
65 36 228
36 66 127
67 36 244
36 68 189
36 69 882
70 36 111
36 71 562
72 36 841
36 73 617
74 36 500
36 75 334
36 76 796
36 77 418
78 36 18
36 79 428
80 36 386
36 81 670
82 36 308
83 36 512
84 36 631
85 36 189
86 36 4
87 36 321
88 36 740
89 36 135
90 36 281
36 91 646
36 92 547
93 36 113
94 36 740
36 95 779
36 96 195
36 97 990
98 36 64
99 36 999
36 100 245
38 37 434
39 37 641
37 40 797
37 41 747
42 37 322
43 37 750
44 37 454
45 37 381
37 46 917
47 37 106
48 37 598
37 49 494
50 37 154
51 37 439
37 52 603
53 37 43
37 54 635
55 37 494
56 37 767
37 57 713
37 58 618
59 37 407
60 37 463
61 37 989
62 37 259
37 63 425
37 64 745
37 65 794
66 37 826
37 67 754
37 68 619
37 69 816
70 37 831
71 37 36
72 37 252
37 73 36
74 37 562
37 75 291
37 76 933
77 37 106
78 37 76
37 79 399
80 37 799
37 81 423
82 37 128
37 83 404
37 84 324
85 37 998
37 86 231
87 37 454
37 88 133
89 37 702
37 90 283
91 37 774
92 37 975
93 37 757
94 37 465
95 37 223
96 37 51
97 37 239
37 98 172
99 37 275
100 37 213
38 39 352
38 40 9
41 38 277
42 38 646
43 38 538
38 44 675
45 38 846
46 38 246
38 47 403
38 48 461
49 38 324
50 38 973
51 38 40
52 38 909
38 53 991
54 38 937
55 38 268
57 38 897
58 38 144
59 38 679
60 38 253
61 38 268
62 38 938
38 63 656
64 38 682
38 65 323
38 66 957
67 38 583
68 38 145
38 69 443
70 38 536
71 38 237
72 38 988
73 38 973
74 38 359
75 38 554
76 38 344
77 38 215
78 38 42
38 79 280
80 38 854
38 81 266
38 82 190
38 83 262
38 84 799
38 85 302
86 38 545
87 38 519
38 88 22
89 38 14
38 90 142
91 38 342
92 38 740
93 38 469
94 38 778
38 95 208
96 38 701
97 38 144
38 98 25
99 38 575
100 38 165
40 39 509
41 39 470
42 39 944
39 43 870
44 39 223
45 39 228
46 39 199
47 39 825
48 39 451
39 49 767
39 50 937
51 39 835
39 52 61
53 39 541
54 39 385
55 39 215
39 56 469
57 39 272
39 58 528
59 39 72
39 60 207
61 39 18
62 39 617
39 63 424
39 64 796
39 65 77
39 66 360
67 39 867
39 68 473
69 39 407
39 70 815
71 39 103
72 39 9
39 73 398
39 74 219
39 75 990
76 39 768
77 39 534
78 39 201
79 39 804
39 80 850
39 81 431
82 39 495
83 39 981
84 39 408
85 39 176
39 86 63
39 87 209
39 88 4
39 89 311
39 90 427
39 91 350
92 39 659
93 39 283
94 39 191
39 95 558
96 39 669
39 97 953
98 39 636
99 39 482
100 39 671
41 40 969
42 40 287
43 40 508
40 44 134
45 40 567
46 40 470
40 47 459
40 48 503
49 40 690
50 40 178
51 40 437
40 52 586
53 40 361
40 54 673
40 55 968
56 40 202
40 57 779
40 58 464
59 40 833
40 60 105
61 40 214
40 62 19
40 63 406
64 40 412
66 40 589
40 67 353
40 68 631
69 40 146
40 70 765
71 40 524
72 40 893
73 40 238
40 74 275
40 75 565
40 76 332
77 40 789
78 40 333
40 79 14
80 40 223
81 40 122
82 40 506
40 83 300
40 84 919
40 85 692
86 40 488
87 40 494
40 88 25
89 40 464
90 40 958
91 40 226
92 40 46
40 93 545
94 40 177
95 40 935
96 40 371
40 97 265
40 98 234
99 40 363
40 100 714
41 42 186
43 41 620
45 41 997
46 41 396
47 41 718
48 41 873
41 49 172
41 50 255
51 41 119
52 41 837
53 41 887
41 54 486
41 55 829
41 56 476
41 57 115
41 58 870
59 41 853
41 60 599
61 41 13
41 62 848
41 63 472
41 64 440
41 65 661
41 66 545
67 41 858
68 41 1000
41 69 329
70 41 209
71 41 886
41 72 193
41 73 269
41 74 18
41 75 961
76 41 322
77 41 962
78 41 407
41 79 240
41 80 429
81 41 539
82 41 31
41 83 58
41 84 843
85 41 866
86 41 246
87 41 86
41 88 454
89 41 499
41 90 828
41 91 440
92 41 136
93 41 22
41 94 538
95 41 739
41 96 865
97 41 291
41 98 376
41 99 629
41 100 437
43 42 620
42 44 245
42 45 120
46 42 412
42 47 522
48 42 133
50 42 621
51 42 816
42 52 603
53 42 253
42 54 645
55 42 562
42 56 609
57 42 521
42 58 697
59 42 798
60 42 611
61 42 202
62 42 618
63 42 534
42 64 656
42 65 2
42 66 263
42 67 141
68 42 598
69 42 136
42 70 626
42 71 486
42 72 958
42 73 411
74 42 372
42 75 737
42 76 414
42 77 995
78 42 460
42 79 942
80 42 78
42 81 742
42 82 465
83 42 556
42 84 275
85 42 655
42 86 388
42 87 485
42 88 145
42 89 704
42 90 103
42 91 850
92 42 377
42 93 251
42 94 75
95 42 303
42 96 840
42 97 843
42 98 278
42 99 365
100 42 441
44 43 156
43 45 159
46 43 229
47 43 536
43 48 523
43 49 723
43 50 858
51 43 919
52 43 639
53 43 5
54 43 849
43 55 336
56 43 147
43 57 793
58 43 870
59 43 233
60 43 764
61 43 17
62 43 398
43 63 276
43 64 542
65 43 995
66 43 801
67 43 211
68 43 961
69 43 731
70 43 410
71 43 204
43 72 384
43 73 770
74 43 580
75 43 981
76 43 97
43 77 687
43 78 549
79 43 117
43 80 961
81 43 193
82 43 727
83 43 552
43 84 970
43 85 848
86 43 52
87 43 287
88 43 750
43 89 391
90 43 410
43 91 24
92 43 721
43 93 352
94 43 672
95 43 63
43 96 931
97 43 97
43 98 361
43 99 49
43 100 281
44 45 61
46 44 651
47 44 471
44 48 106
44 49 729
44 50 937
44 51 374
52 44 813
53 44 629
54 44 897
55 44 820
44 56 649
44 57 189
44 58 915
59 44 691
44 60 484
61 44 232
44 62 153
44 63 534
64 44 267
44 65 126
66 44 69
67 44 563
68 44 279
44 69 69
44 70 234
71 44 707
72 44 156
73 44 892
74 44 483
44 75 970
44 76 37
44 78 189
44 79 337
80 44 521
44 81 276
82 44 370
44 83 638
44 84 757
85 44 671
44 86 62
87 44 990
44 88 66
44 89 187
44 90 718
91 44 457
92 44 509
93 44 486
94 44 911
44 95 200
96 44 475
97 44 505
44 98 953
44 99 446
100 44 322
45 46 992
45 47 26
48 45 31
49 45 568
45 50 931
51 45 42
52 45 319
45 53 396
54 45 302
45 55 978
56 45 440
57 45 976
45 58 648
45 59 790
60 45 988
61 45 208
62 45 550
63 45 663
64 45 676
45 65 502
45 66 866
67 45 344
45 68 796
69 45 340
70 45 100
45 71 598
72 45 474
73 45 835
74 45 204
45 75 566
76 45 438
77 45 225
45 78 358
79 45 920
80 45 820
81 45 990
82 45 315
83 45 220
45 84 776
45 85 558
86 45 933
87 45 766
45 88 783
45 89 230
45 90 927
91 45 880
45 92 920
45 93 351
94 45 694
45 95 661
96 45 42
45 97 901
45 98 334
99 45 169
100 45 384
47 46 688
46 48 937
49 46 425
46 50 404
46 51 409
46 52 801
53 46 693
46 54 96
46 55 996
46 56 17
46 57 6
58 46 657
59 46 470
46 60 379
61 46 803
46 62 421
46 63 133
64 46 294
65 46 428
66 46 914
67 46 26
46 68 477
46 69 433
46 70 817
46 71 417
46 72 787
73 46 596
74 46 681
75 46 137
76 46 407
77 46 876
78 46 132
46 79 184
80 46 916
81 46 121
82 46 151
46 83 895
84 46 919
85 46 903
46 86 459
87 46 273
88 46 93
46 89 744
90 46 636
46 91 535
92 46 522
46 93 869
94 46 121
46 95 429
46 96 719
97 46 569
98 46 398
99 46 848
46 100 141
47 48 755
49 47 420
50 47 548
51 47 894
52 47 989
47 53 522
47 54 924
55 47 637
47 56 47
47 57 548
58 47 497
47 59 727
60 47 486
47 61 527
62 47 791
47 63 434
47 64 970
47 65 572
66 47 70
47 67 159
47 68 699
47 69 285
47 70 74
47 71 117
47 72 383
47 73 298
74 47 633
47 75 296
76 47 499
47 77 803
47 78 193
79 47 539
80 47 794
47 81 679
82 47 631
47 83 624
84 47 869
85 47 654
86 47 182
87 47 766
47 88 786
47 89 794
90 47 439
91 47 889
47 92 263
93 47 931
94 47 279
95 47 969
47 96 282
47 97 638
98 47 189
47 99 593
100 47 170
49 48 351
50 48 369
51 48 618
48 52 884
53 48 924
48 54 852
48 55 963
48 56 855
57 48 272
58 48 713
59 48 909
60 48 592
48 61 907
48 62 807
63 48 188
48 64 97
65 48 30
66 48 359
67 48 971
48 68 410
48 69 915
70 48 410
48 71 78
48 72 122
73 48 100
74 48 293
48 75 533
48 76 906
77 48 15
48 78 641
79 48 392
48 80 93
48 82 803
48 83 228
48 84 533
48 85 310
86 48 235
87 48 574
48 88 13
48 89 301
90 48 567
91 48 83
48 92 566
93 48 817
94 48 513
95 48 372
48 96 463
97 48 860
98 48 620
99 48 660
48 100 912
50 49 648
49 51 860
52 49 699
49 53 494
49 54 774
49 55 660
49 56 214
57 49 80
49 58 205
49 59 400
60 49 898
49 61 425
62 49 126
49 63 195
64 49 547
65 49 457
49 66 308
49 67 414
68 49 891
69 49 6
49 70 319
71 49 871
49 72 593
49 73 913
49 75 312
76 49 791
77 49 149
78 49 650
49 79 445
49 80 90
81 49 242
82 49 563
49 83 696
84 49 800
85 49 278
49 86 625
49 87 686
49 88 886
49 89 772
49 90 233
91 49 759
92 49 607
93 49 273
49 94 803
95 49 393
49 96 324
49 97 879
49 98 895
49 99 158
100 49 880
51 50 862
50 52 728
53 50 715
54 50 886
50 55 998
50 56 568
50 57 492
50 58 15
50 59 781
60 50 185
61 50 764
50 62 159
50 63 97
64 50 568
65 50 451
66 50 688
50 67 7
68 50 563
69 50 731
50 70 207
50 71 566
50 72 836
73 50 300
50 74 525
50 75 722
76 50 957
77 50 568
78 50 127
50 79 871
50 80 269
50 81 196
50 82 985
50 83 426
84 50 923
50 85 347
86 50 587
50 87 606
50 88 672
89 50 975
50 90 689
50 91 256
92 50 181
93 50 111
94 50 190
95 50 704
50 96 654
97 50 117
98 50 453
50 99 537
100 50 49
52 51 207
51 53 146
51 54 409
51 55 421
51 56 365
57 51 79
58 51 457
59 51 147
60 51 269
61 51 899
51 62 498
63 51 575
64 51 543
65 51 860
66 51 105
67 51 314
68 51 248
69 51 474
51 70 980
51 71 391
72 51 354
51 73 317
51 74 784
75 51 728
76 51 503
77 51 80
78 51 883
51 79 319
80 51 384
51 81 207
51 82 790
51 83 798
84 51 683
51 85 45
51 86 517
87 51 6
88 51 960
51 89 384
51 90 841
51 91 148
92 51 442
93 51 47
51 94 585
95 51 100
51 96 247
51 97 456
51 98 178
99 51 425
51 100 228
53 52 873
55 52 879
56 52 567
52 57 702
52 58 744
59 52 161
60 52 958
61 52 189
62 52 323
63 52 732
64 52 504
52 65 98
66 52 567
52 67 667
52 68 634
69 52 650
52 70 798
52 71 400
52 72 136
74 52 231
52 75 537
76 52 927
77 52 210
52 78 950
79 52 291
52 80 322
52 81 689
52 82 598
52 83 583
84 52 727
85 52 729
52 86 570
52 87 207
88 52 95
52 89 13
90 52 629
91 52 698
92 52 528
93 52 114
94 52 725
95 52 68
52 96 436
52 97 962
52 98 201
52 99 112
52 100 668
53 54 735
53 55 800
53 56 522
53 57 953
58 53 219
59 53 435
60 53 135
53 61 175
62 53 790
53 63 5
64 53 297
53 65 668
53 66 177
67 53 505
68 53 148
69 53 480
53 70 762
71 53 527
72 53 525
73 53 521
74 53 411
53 75 11
53 76 621
53 77 146
78 53 789
53 79 971
80 53 941
81 53 399
53 82 859
83 53 110
53 84 427
85 53 943
53 86 220
53 87 175
53 88 652
89 53 838
90 53 2
91 53 960
92 53 738
93 53 737
53 94 606
95 53 666
53 96 49
53 97 367
98 53 319
53 99 616
100 53 417
55 54 637
54 56 380
57 54 379
58 54 857
54 59 445
60 54 768
54 61 537
54 63 273
54 64 465
65 54 752
66 54 732
67 54 81
54 68 485
69 54 606
54 70 325
54 71 570
54 72 543
54 73 690
74 54 940
75 54 370
54 76 25
77 54 390
78 54 633
54 79 967
80 54 697
54 81 163
54 82 884
54 83 417
84 54 504
54 85 302
54 86 185
87 54 139
88 54 306
54 89 356
90 54 436
91 54 99
54 92 849
54 93 341
94 54 502
95 54 282
54 96 24
54 97 977
98 54 391
99 54 627
54 100 767
55 56 425
57 55 854
58 55 382
59 55 94
60 55 756
55 61 813
55 62 341
63 55 45
64 55 494
55 65 339
66 55 447
55 67 922
68 55 973
69 55 168
70 55 910
55 71 583
72 55 236
55 73 601
74 55 595
75 55 57
55 76 576
77 55 907
55 78 530
79 55 949
80 55 201
81 55 853
82 55 1
55 83 774
84 55 790
85 55 275
55 86 226
87 55 386
88 55 293
55 89 134
90 55 32
55 91 940
92 55 59
55 93 875
55 94 500
95 55 314
55 96 461
55 97 51
98 55 643
55 99 137
100 55 116
56 57 836
58 56 972
59 56 505
56 60 910
56 61 854
56 62 180
63 56 900
56 64 342
56 65 177
56 66 300
56 67 245
68 56 359
69 56 925
70 56 470
56 71 137
72 56 177
56 73 629
56 74 544
56 75 764
56 76 123
77 56 747
56 78 114
56 79 891
80 56 476
81 56 1000
56 83 597
56 85 243
56 86 323
87 56 225
88 56 1
89 56 135
56 90 900
56 91 115
92 56 835
93 56 984
94 56 243
96 56 133
97 56 406
56 98 607
56 99 163
100 56 419
58 57 797
57 59 159
60 57 806
61 57 214
57 62 103
63 57 809
64 57 661
57 65 319
66 57 159
57 67 491
68 57 182
57 69 213
70 57 879
71 57 470
72 57 725
57 73 877
57 74 469
75 57 86
57 76 356
77 57 183
57 78 845
57 79 294
80 57 519
81 57 754
82 57 864
57 83 987
84 57 923
85 57 335
86 57 370
57 87 546
57 88 44
57 89 319
57 90 161
91 57 138
57 92 55
57 93 29
57 94 663
95 57 404
96 57 639
97 57 561
57 98 457
99 57 250
100 57 98
58 59 532
60 58 91
61 58 264
58 62 202
63 58 646
58 64 987
65 58 581
66 58 454
58 67 940
68 58 636
58 69 1
58 70 556
58 71 479
58 72 108
58 73 391
74 58 15
58 75 23
76 58 350
77 58 239
78 58 221
58 79 265
80 58 18
81 58 247
82 58 158
83 58 291
84 58 586
58 85 418
86 58 205
58 87 153
58 88 975
89 58 221
90 58 168
91 58 94
92 58 233
58 93 67
94 58 919
95 58 659
58 96 880
58 97 110
98 58 148
99 58 182
100 58 44
60 59 225
59 61 199
62 59 263
63 59 975
64 59 514
59 65 78
66 59 658
59 67 642
68 59 763
59 69 759
70 59 199
59 71 30
59 72 27
73 59 60
59 74 261
75 59 510
59 76 54
77 59 918
78 59 233
79 59 151
59 80 34
59 81 408
59 82 890
83 59 120
59 84 312
59 85 776
59 86 868
59 87 169
59 88 686
89 59 805
90 59 35
59 91 488
92 59 22
93 59 757
59 94 649
95 59 55
96 59 487
59 97 78
59 98 862
99 59 379
100 59 426
60 61 34
62 60 663
60 63 890
64 60 134
60 65 999
66 60 360
60 67 609
68 60 890
69 60 690
70 60 623
60 71 573
72 60 205
60 73 484
60 74 198
60 75 590
76 60 72
77 60 972
60 78 528
79 60 434
60 80 259
60 81 534
60 82 269
60 83 350
84 60 210
85 60 401
60 86 134
87 60 941
60 88 326
60 89 755
90 60 342
60 91 849
92 60 670
60 93 498
94 60 385
60 95 562
96 60 67
97 60 612
60 98 940
99 60 198
100 60 703
61 62 333
61 63 626
64 61 173
65 61 400
66 61 177
67 61 974
68 61 153
69 61 549
70 61 543
71 61 934
72 61 575
61 73 903
61 74 39
75 61 498
61 76 343
61 77 537
78 61 387
61 79 299
80 61 816
81 61 189
61 82 791
61 83 369
61 84 508
85 61 298
61 86 201
87 61 506
88 61 934
89 61 664
90 61 603
91 61 560
92 61 64
93 61 324
61 94 962
61 95 360
61 96 24
61 97 121
98 61 413
99 61 462
61 100 757
63 62 321
64 62 693
65 62 787
62 66 587
62 67 950
68 62 314
62 69 189
70 62 310
62 71 178
72 62 838
73 62 752
74 62 788
75 62 379
62 76 713
62 77 471
62 78 302
62 79 482
62 80 322
81 62 972
62 82 718
83 62 800
62 84 134
62 85 760
86 62 204
62 87 418
88 62 178
89 62 253
62 90 745
62 91 517
62 92 175
62 93 983
94 62 483
62 95 822
62 96 732
97 62 63
62 98 66
62 99 185
100 62 905
63 64 346
63 65 585
66 63 148
67 63 635
68 63 80
63 69 384
63 70 541
63 71 287
72 63 386
73 63 986
63 74 924
63 75 704
63 76 223
77 63 903
78 63 672
63 79 54
80 63 915
81 63 483
82 63 753
83 63 815
63 84 200
63 85 779
63 86 459
63 87 614
88 63 834
63 89 756
63 90 21
91 63 447
92 63 932
63 93 1
94 63 157
63 95 323
96 63 44
97 63 485
63 98 625
99 63 627
100 63 200
64 65 916
66 64 823
64 67 207
64 68 833
64 69 765
70 64 124
64 71 799
72 64 913
73 64 713
74 64 556
75 64 491
64 76 191
64 77 99
64 78 626
64 79 992
64 80 835
81 64 836
82 64 492
64 83 664
64 84 707
85 64 232
64 86 344
64 87 589
64 88 532
89 64 676
64 90 40
64 91 743
64 92 493
94 64 471
64 95 740
64 96 752
97 64 483
64 98 842
64 99 72
64 100 582
65 66 101
67 65 195
68 65 703
65 69 366
65 70 829
72 65 346
73 65 328
74 65 740
75 65 661
76 65 168
65 77 409
65 78 790
65 79 64
80 65 239
81 65 950
65 82 33
65 83 636
84 65 119
85 65 881
65 86 969
87 65 572
88 65 936
89 65 857
90 65 327
91 65 331
92 65 176
93 65 716
94 65 259
95 65 333
96 65 711
97 65 939
65 98 345
65 99 610
100 65 67
66 67 640
68 66 879
69 66 349
66 70 814
71 66 840
66 72 425
66 73 986
66 74 613
66 75 916
76 66 832
66 77 719
78 66 529
79 66 286
66 80 935
81 66 40
82 66 737
66 83 35
84 66 242
66 85 132
86 66 292
87 66 899
88 66 844
66 89 316
66 90 289
66 91 678
92 66 831
93 66 663
66 94 405
66 95 289
96 66 546
66 97 691
66 98 359
66 99 952
100 66 813
69 67 456
70 67 257
67 71 601
72 67 840
67 73 781
74 67 86
75 67 605
67 76 915
67 77 590
67 78 604
79 67 112
67 80 971
81 67 642
67 82 49
67 83 212
84 67 657
67 85 240
86 67 191
67 87 757
67 88 247
67 89 804
67 90 142
92 67 409
67 93 107
67 94 32
95 67 437
96 67 709
67 97 660
98 67 934
67 99 672
67 100 262
69 68 655
68 70 882
68 71 635
72 68 93
68 73 419
68 74 17
75 68 941
76 68 606
77 68 399
78 68 785
79 68 655
80 68 720
81 68 953
82 68 272
83 68 421
84 68 963
85 68 762
68 86 273
68 87 811
88 68 271
89 68 788
68 90 759
68 91 64
68 92 478
68 93 705
68 94 1
95 68 755
68 96 25
97 68 725
68 98 683
99 68 532
68 100 923
69 70 193
71 69 41
72 69 559
69 73 583
74 69 303
75 69 130
69 76 705
69 77 884
78 69 869
69 79 119
80 69 955
69 81 34
82 69 143
69 83 175
84 69 65
69 85 320
69 86 292
69 87 612
88 69 375
89 69 253
90 69 535
69 91 99
92 69 989
69 93 351
69 94 865
69 95 184
96 69 317
97 69 202
98 69 637
69 99 837
100 69 825
70 71 310
72 70 220
70 73 671
70 74 116
75 70 975
70 76 656
77 70 593
78 70 406
79 70 854
70 80 116
81 70 792
70 82 310
83 70 595
70 84 721
85 70 998
86 70 939
70 87 13
70 88 581
89 70 103
70 90 309
91 70 49
92 70 853
93 70 961
70 94 288
70 95 231
70 97 23
99 70 367
100 70 512
72 71 915
71 73 632
74 71 169
71 75 362
76 71 31
77 71 148
78 71 597
71 79 655
71 80 189
81 71 59
71 82 780
71 83 582
71 84 664
71 85 900
71 86 604
71 87 469
88 71 625
71 89 75
90 71 447
91 71 245
92 71 605
71 93 520
94 71 939
71 95 354
96 71 789
97 71 954
71 98 406
71 99 605
100 71 7
73 72 802
74 72 972
72 75 833
72 76 721
77 72 740
72 78 47
72 79 996
80 72 79
81 72 556
82 72 41
83 72 144
84 72 25
85 72 100
72 86 336
87 72 850
88 72 265
72 89 305
72 90 273
91 72 831
72 92 99
72 93 513
72 94 609
72 95 500
96 72 727
97 72 703
98 72 668
72 99 299
72 100 999
73 74 474
73 75 806
76 73 676
73 77 678
73 78 305
79 73 172
80 73 296
81 73 760
73 82 768
73 83 19
84 73 54
85 73 26
86 73 863
87 73 658
73 89 656
90 73 561
73 91 716
73 92 369
73 93 617
94 73 794
95 73 224
96 73 566
73 97 40
98 73 965
73 99 96
73 100 165
74 75 609
76 74 55
77 74 283
78 74 740
74 79 477
80 74 631
81 74 240
74 82 682
74 83 404
84 74 127
85 74 107
74 86 177
87 74 121
88 74 258
74 89 724
74 90 407
74 91 47
92 74 336
93 74 380
74 94 970
74 95 728
96 74 752
97 74 304
98 74 526
99 74 260
74 100 37
75 76 48
77 75 216
75 78 354
79 75 735
80 75 895
81 75 113
82 75 306
75 83 973
84 75 227
75 85 892
75 86 246
75 87 624
88 75 428
75 89 607
90 75 505
75 91 757
75 92 856
75 93 423
94 75 445
95 75 990
96 75 2
75 97 983
98 75 253
99 75 343
75 100 248
76 77 137
76 78 229
79 76 394
76 81 353
82 76 414
83 76 451
76 84 555
85 76 92
76 86 219
87 76 457
88 76 602
76 89 243
76 90 866
91 76 602
92 76 796
93 76 834
94 76 416
76 95 35
76 96 855
97 76 118
76 98 438
99 76 289
76 100 695
78 77 459
79 77 981
80 77 173
77 81 528
82 77 193
77 83 963
77 84 90
77 85 332
86 77 399
87 77 868
88 77 170
77 89 523
77 90 342
77 91 208
77 92 303
77 93 10
77 94 518
77 95 28
77 96 275
77 97 456
98 77 301
77 99 612
77 100 175
78 79 665
80 78 690
78 81 709
78 82 254
83 78 499
84 78 542
78 85 928
86 78 311
78 87 310
78 88 631
89 78 869
78 90 596
78 91 372
78 92 741
78 93 638
94 78 279
78 95 192
78 96 185
78 97 179
78 98 483
99 78 736
78 100 86
79 80 572
79 81 953
82 79 575
83 79 922
84 79 840
85 79 766
79 86 765
79 87 899
79 88 125
89 79 55
79 90 848
91 79 567
92 79 29
93 79 407
79 94 777
95 79 131
79 96 592
97 79 581
98 79 370
79 99 609
100 79 370
81 80 124
80 82 936
80 83 887
80 84 254
85 80 727
80 86 532
80 87 832
80 88 46
80 89 27
80 90 786
80 91 522
80 92 592
80 93 544
94 80 307
80 95 874
80 96 582
97 80 162
80 98 75
80 99 929
80 100 341
81 82 781
81 83 653
81 84 783
81 85 906
86 81 872
81 88 745
81 89 262
81 90 963
81 91 856
92 81 799
93 81 400
81 94 396
95 81 222
81 96 198
97 81 488
98 81 682
99 81 209
100 81 493
82 83 550
84 82 129
85 82 323
86 82 660
82 87 422
88 82 157
89 82 793
82 90 864
82 91 455
92 82 461
82 93 758
82 94 576
95 82 566
96 82 955
82 97 254
98 82 31
99 82 452
82 100 747
83 84 384
85 83 709
83 86 381
87 83 786
88 83 172
89 83 716
83 90 612
83 91 653
92 83 537
93 83 966
83 94 837
95 83 579
83 96 71
83 97 245
83 98 121
99 83 647
83 100 749
85 84 365
86 84 571
87 84 5
88 84 503
89 84 72
84 90 600
91 84 187
92 84 657
84 93 294
94 84 775
95 84 287
96 84 482
97 84 70
84 98 225
84 99 161
84 100 774
85 86 806
87 85 380
88 85 143
85 89 235
85 90 700
85 91 642
85 92 26
85 93 741
85 94 495
95 85 192
96 85 416
97 85 663
98 85 330
100 85 842
86 87 678
88 86 370
86 89 98
86 90 516
86 91 118
86 92 383
93 86 723
86 94 681
95 86 64
86 96 219
86 97 543
98 86 345
99 86 661
86 100 248
88 87 86
89 87 111
90 87 808
87 91 137
92 87 11
87 93 940
87 94 85
87 95 782
87 96 293
87 97 532
87 98 813
87 99 638
100 87 100
88 89 273
88 90 515
88 91 658
88 92 961
88 93 715
88 94 599
95 88 376
96 88 206
88 97 440
98 88 989
88 99 450
88 100 387
90 89 989
89 91 434
89 92 906
93 89 664
94 89 644
89 95 50
96 89 482
97 89 125
89 98 129
99 89 398
100 89 36
91 90 820
92 90 245
90 93 400
90 94 441
95 90 378
90 96 338
97 90 111
98 90 695
90 99 125
90 100 304
92 91 695
93 91 536
94 91 332
95 91 893
96 91 521
91 97 683
91 98 755
91 99 851
91 100 973
92 93 292
94 92 425
95 92 513
96 92 576
92 97 661
98 92 249
92 99 226
100 92 452
93 94 113
95 93 778
93 96 863
93 97 933
98 93 341
99 93 824
100 93 193
95 94 834
94 96 499
94 97 817
98 94 497
94 99 570
100 94 91
96 95 176
97 95 113
98 95 430
95 99 409
100 95 583
97 96 208
98 96 519
96 99 906
100 96 738
97 98 491
97 99 285
100 97 533
99 98 351
100 98 844
100 99 241

END
