INSTANCE_NAME b16.dat
NB_VERTICES 100
NB_ARCS 206
NB_REQUESTS 0
NB_BLOCKAGES 51
NB_A' 9694

VERTICES
1 0 0
2 0 0
3 0 0
4 0 0
5 0 0
6 0 0
7 0 0
8 0 0
9 0 0
10 0 0
11 0 0
12 0 0
13 0 0
14 0 0
15 0 0
16 0 0
17 0 0
18 0 0
19 0 0
20 0 0
21 0 0
22 0 0
23 0 0
24 0 0
25 0 0
26 0 0
27 0 0
28 0 0
29 0 0
30 0 0
31 0 0
32 0 0
33 0 0
34 0 0
35 0 0
36 0 0
37 0 0
38 0 0
39 0 0
40 0 0
41 0 0
42 0 0
43 0 0
44 0 0
45 0 0
46 0 0
47 0 0
48 0 0
49 0 0
50 0 0
51 0 0
52 0 0
53 0 0
54 0 0
55 0 0
56 0 0
57 0 0
58 0 0
59 0 0
60 0 0
61 0 0
62 0 0
63 0 0
64 0 0
65 0 0
66 0 0
67 0 0
68 0 0
69 0 0
70 0 0
71 0 0
72 0 0
73 0 0
74 0 0
75 0 0
76 0 0
77 0 0
78 0 0
79 0 0
80 0 0
81 0 0
82 0 0
83 0 0
84 0 0
85 0 0
86 0 0
87 0 0
88 0 0
89 0 0
90 0 0
91 0 0
92 0 0
93 0 0
94 0 0
95 0 0
96 0 0
97 0 0
98 0 0
99 0 0
100 0 0

ARCS
9 36 5
36 3 8
3 2 7
2 21 2
21 13 6
13 47 5
47 23 6
23 33 10
33 22 6
22 45 5
45 46 9
46 24 1
24 7 5
7 12 8
12 64 1
64 6 1
6 4 5
4 32 10
32 42 1
42 36 9
36 46 1
46 16 10
16 67 6
67 80 10
80 90 1
90 24 3
24 92 8
92 3 6
3 43 9
43 5 9
5 14 8
14 26 5
26 35 3
35 31 6
31 8 1
8 60 4
60 21 2
21 62 8
62 19 5
19 18 4
18 7 5
7 44 10
44 23 5
23 95 2
95 43 8
43 10 10
10 17 8
17 12 10
43 32 2
32 48 7
48 29 1
29 20 9
20 85 2
85 11 8
11 92 7
92 29 3
29 56 8
56 6 5
6 41 2
41 76 10
76 92 9
92 91 7
91 72 8
72 3 7
3 99 1
99 71 3
71 50 4
50 32 9
32 97 3
97 92 5
97 34 1
34 30 2
30 18 5
18 15 5
15 11 7
15 66 1
66 27 7
27 64 6
64 57 4
57 31 8
31 15 10
31 70 6
70 59 3
59 33 10
33 73 10
73 37 10
37 78 8
78 36 1
78 26 3
26 88 10
88 40 6
40 28 10
28 6 1
28 58 5
58 48 1
48 53 10
53 2 8
2 55 7
55 18 1
18 51 6
51 43 2
43 87 2
87 31 6
31 77 6
77 53 4
53 16 6
53 25 5
25 72 1
72 52 7
52 79 1
79 19 7
19 8 2
8 87 10
87 9 9
9 61 10
61 60 8
60 29 7
29 63 10
63 43 3
43 98 10
98 24 2
24 89 6
89 19 8
19 40 6
40 77 10
77 58 5
58 62 4
62 14 9
62 39 9
39 7 9
7 75 6
75 99 2
99 86 9
86 44 6
44 60 6
60 47 8
47 26 2
47 83 10
83 45 3
45 65 2
65 50 1
50 54 3
54 51 5
51 29 8
51 61 8
61 48 2
54 5 1
54 82 5
82 87 1
87 25 3
87 69 4
69 2 10
69 55 8
55 91 9
91 37 5
91 39 1
39 72 1
69 88 10
88 8 3
88 22 10
88 57 8
57 62 9
62 100 2
100 88 1
88 74 4
74 9 5
74 38 2
38 90 4
90 89 1
90 27 10
27 79 7
79 32 2
79 73 10
73 68 7
68 81 6
81 30 8
73 97 4
97 62 8
62 49 3
49 84 1
84 77 4
84 7 5
84 85 6
85 93 1
93 78 4
78 87 10
93 1 2
1 40 5
40 83 10
83 99 3
99 53 1
53 28 10
53 94 8
94 20 10
94 71 8
84 88 3
97 59 2
90 50 7
50 96 10
96 46 3
96 66 9
90 56 1
56 21 10
38 95 3
95 54 9
86 98 4

REQUESTS

BLOCKAGES
33 22
50 32
84 88
53 28
72 3
39 7
51 43
59 33
9 61
21 62
28 6
45 46
46 24
47 26
69 88
73 97
99 86
56 21
87 69
15 66
61 60
23 95
31 8
92 3
40 83
3 2
90 27
78 87
88 8
31 15
26 88
7 44
8 87
5 14
18 7
91 37
29 56
99 53
32 97
64 57
83 99
88 74
46 16
58 48
85 93
50 54
40 77
84 85
2 21
39 72
2 55

A'
2 1 120
3 1 144
1 4 172
5 1 75
1 6 347
1 7 806
1 8 488
1 9 854
10 1 278
11 1 621
1 12 426
13 1 874
1 14 778
1 15 496
16 1 734
17 1 502
18 1 500
19 1 816
20 1 698
1 21 390
1 22 279
1 23 626
1 24 545
25 1 765
1 26 852
27 1 94
28 1 931
29 1 1000
1 30 159
1 31 611
1 32 192
1 33 448
34 1 108
35 1 65
36 1 504
37 1 849
1 38 2
1 39 603
40 1 656
41 1 719
42 1 103
1 43 784
44 1 835
45 1 445
46 1 334
47 1 588
1 48 518
49 1 568
50 1 649
51 1 430
1 52 439
1 53 989
1 54 807
55 1 689
1 56 310
57 1 321
1 58 275
1 59 149
60 1 590
61 1 453
1 62 351
1 63 153
1 64 426
1 65 492
1 66 704
67 1 929
1 68 254
69 1 285
1 70 859
71 1 874
1 72 84
1 73 636
1 74 649
1 75 818
1 76 80
1 77 865
1 78 309
79 1 297
1 80 737
1 81 159
1 82 765
83 1 286
1 84 355
1 85 430
86 1 895
87 1 437
1 88 200
1 89 39
1 90 207
1 91 437
1 92 125
1 93 67
94 1 670
95 1 870
1 96 854
1 97 550
1 98 818
99 1 636
1 100 108
2 4 354
5 2 876
6 2 270
7 2 721
8 2 153
2 9 257
2 10 52
2 11 856
2 12 932
2 13 57
14 2 424
2 15 590
16 2 957
2 17 28
2 18 884
2 19 272
20 2 866
21 2 920
22 2 446
2 23 307
2 24 920
2 25 740
26 2 177
27 2 159
2 28 165
29 2 797
2 30 707
2 31 980
32 2 162
2 33 495
34 2 155
2 35 633
36 2 264
2 37 211
38 2 896
2 39 659
40 2 433
2 41 137
42 2 992
43 2 69
2 44 566
45 2 447
2 46 250
47 2 286
48 2 138
2 49 159
2 50 897
2 51 664
52 2 695
54 2 942
55 2 231
2 56 528
2 57 893
2 58 324
59 2 556
60 2 456
2 61 630
62 2 22
2 63 13
2 64 545
2 65 943
2 66 41
2 67 852
68 2 780
2 69 477
2 70 821
2 71 829
2 72 687
73 2 835
2 74 964
75 2 193
76 2 514
2 77 498
78 2 581
2 79 671
80 2 5
81 2 312
82 2 698
83 2 301
84 2 240
2 85 902
2 86 837
87 2 759
88 2 155
2 89 237
2 90 40
91 2 241
92 2 954
2 93 88
2 94 599
2 95 658
96 2 722
97 2 704
98 2 484
2 99 951
100 2 133
4 3 839
5 3 935
6 3 548
7 3 894
3 8 911
9 3 916
10 3 838
11 3 240
12 3 402
3 13 34
14 3 144
15 3 83
16 3 877
3 17 555
18 3 993
19 3 31
20 3 360
21 3 779
22 3 758
23 3 42
3 24 309
25 3 170
3 26 825
27 3 774
3 28 950
29 3 340
30 3 265
3 31 644
32 3 340
3 33 320
3 34 236
3 35 866
37 3 996
38 3 776
3 39 894
40 3 681
3 41 316
3 42 26
43 3 304
44 3 377
3 45 646
46 3 79
3 47 168
48 3 759
49 3 890
3 50 953
3 51 307
52 3 610
3 53 104
54 3 674
55 3 531
3 56 551
3 57 235
3 58 273
3 59 883
60 3 352
3 61 173
3 62 947
63 3 1000
64 3 57
3 65 498
66 3 833
3 67 260
3 68 810
69 3 178
70 3 63
3 71 540
73 3 126
74 3 177
3 75 423
76 3 719
3 77 997
3 78 601
79 3 851
80 3 394
3 81 155
3 82 276
3 83 365
84 3 119
85 3 894
86 3 142
87 3 492
3 88 505
3 89 646
90 3 985
3 91 857
3 93 206
3 94 674
3 95 52
3 96 639
3 97 484
98 3 771
99 3 109
3 100 264
4 5 85
7 4 38
4 8 138
4 9 29
4 10 927
11 4 555
12 4 67
4 13 340
4 14 653
4 15 672
16 4 224
17 4 818
4 18 289
19 4 781
4 20 579
4 21 565
22 4 352
4 23 206
24 4 847
25 4 624
26 4 951
27 4 908
4 28 510
29 4 637
30 4 184
4 31 497
32 4 826
4 33 79
34 4 629
35 4 298
36 4 178
4 37 353
38 4 167
4 39 722
4 40 848
41 4 138
42 4 227
43 4 816
44 4 644
4 45 251
46 4 112
47 4 586
48 4 412
49 4 107
4 50 875
51 4 598
52 4 618
4 53 637
54 4 212
4 55 150
56 4 55
57 4 857
58 4 684
4 59 369
60 4 828
61 4 505
62 4 717
63 4 931
64 4 459
4 65 872
66 4 794
4 67 441
68 4 771
4 69 899
4 70 787
4 71 41
72 4 687
73 4 474
4 74 625
4 75 400
4 76 813
4 77 94
78 4 698
4 79 361
4 80 413
81 4 545
4 82 54
83 4 969
4 84 414
85 4 158
86 4 267
4 87 393
88 4 798
4 89 26
4 90 60
91 4 225
4 92 680
4 93 456
4 94 342
95 4 237
4 96 401
97 4 312
4 98 118
4 99 981
100 4 850
5 6 435
5 7 39
5 8 124
9 5 397
10 5 258
5 11 925
12 5 31
13 5 152
14 5 686
15 5 655
5 16 951
17 5 55
5 18 564
5 19 245
5 20 54
5 21 34
22 5 266
5 23 668
24 5 260
5 25 890
5 26 872
5 27 704
5 28 474
29 5 92
30 5 52
5 31 433
5 32 152
33 5 615
34 5 10
35 5 611
36 5 656
5 37 255
38 5 419
5 39 662
40 5 338
41 5 900
42 5 68
5 44 542
45 5 258
5 46 860
47 5 484
48 5 507
5 49 179
50 5 683
51 5 535
5 52 45
5 53 704
55 5 978
5 56 979
57 5 880
5 58 579
5 59 832
5 60 841
5 61 1
5 62 204
5 63 728
5 64 862
65 5 595
5 66 436
67 5 321
68 5 731
5 69 940
5 70 502
71 5 377
5 72 935
73 5 61
74 5 908
5 75 609
5 76 236
77 5 343
78 5 316
5 79 206
80 5 175
5 81 315
5 82 487
83 5 846
84 5 188
85 5 616
5 86 54
87 5 873
5 88 953
5 89 557
5 90 177
91 5 311
5 92 477
93 5 202
94 5 427
5 95 673
96 5 911
97 5 562
98 5 325
99 5 966
100 5 543
7 6 906
6 8 925
6 9 640
10 6 63
6 11 440
6 12 712
6 13 3
6 14 755
15 6 332
16 6 964
17 6 485
6 18 695
6 19 623
6 20 156
6 21 236
6 22 520
23 6 998
24 6 622
25 6 25
26 6 832
27 6 276
6 29 630
6 30 672
6 31 414
6 32 149
6 33 40
34 6 464
35 6 997
36 6 592
6 37 70
6 38 455
6 39 639
40 6 184
41 6 628
6 42 810
6 43 847
6 44 9
6 45 785
46 6 662
6 47 588
6 48 319
6 49 888
50 6 416
6 51 969
6 52 171
53 6 1
6 54 952
55 6 228
57 6 207
6 58 778
6 59 552
60 6 11
6 61 265
62 6 393
63 6 982
6 64 485
65 6 442
66 6 729
67 6 588
6 68 848
6 69 440
70 6 929
6 71 404
6 72 750
73 6 473
74 6 612
75 6 359
6 76 756
77 6 16
6 78 141
6 79 53
6 80 662
6 81 244
6 82 875
83 6 829
6 84 160
6 85 898
86 6 401
87 6 856
6 88 263
6 89 380
90 6 56
6 91 200
92 6 65
6 93 310
94 6 917
95 6 830
6 96 560
6 97 320
6 98 608
6 99 859
6 100 768
7 8 208
7 9 409
10 7 670
11 7 94
12 7 601
7 13 139
14 7 664
15 7 368
7 16 407
7 17 40
19 7 599
7 20 884
21 7 621
7 22 243
7 23 151
25 7 318
26 7 361
27 7 485
28 7 740
7 29 308
7 30 886
31 7 432
32 7 296
7 33 240
34 7 130
7 35 286
36 7 40
7 37 468
38 7 616
40 7 318
7 41 242
7 42 218
43 7 265
44 7 320
7 45 683
46 7 587
7 47 332
48 7 301
49 7 782
7 50 3
51 7 625
52 7 624
7 53 964
7 54 613
55 7 970
56 7 28
7 57 710
58 7 144
7 59 621
60 7 323
61 7 363
62 7 308
7 63 451
64 7 566
7 65 948
7 66 169
7 67 417
7 68 569
7 69 542
70 7 902
71 7 111
72 7 74
73 7 526
74 7 146
75 7 679
76 7 448
77 7 81
7 78 438
7 79 68
7 80 467
81 7 923
82 7 938
83 7 779
7 84 71
7 85 686
7 86 182
87 7 253
7 88 321
7 89 824
7 90 275
91 7 286
7 92 247
93 7 181
94 7 602
7 95 40
7 96 262
7 97 703
98 7 5
99 7 56
100 7 504
8 9 750
10 8 242
8 11 644
8 12 483
8 13 379
14 8 674
15 8 183
8 16 735
17 8 956
8 18 611
20 8 224
21 8 809
22 8 17
23 8 182
24 8 496
25 8 896
26 8 868
8 27 880
28 8 84
29 8 512
30 8 372
8 31 375
8 32 614
33 8 951
34 8 699
8 35 407
36 8 310
8 37 49
8 38 856
8 39 472
8 40 857
41 8 588
8 42 968
43 8 857
8 44 166
8 45 948
46 8 599
8 47 532
8 48 762
49 8 216
50 8 484
8 51 87
52 8 837
53 8 822
54 8 68
55 8 748
8 56 363
57 8 1000
58 8 505
8 59 438
60 8 927
61 8 911
62 8 410
8 63 440
64 8 628
65 8 983
66 8 628
67 8 255
68 8 907
8 69 861
70 8 72
8 71 250
72 8 998
73 8 469
8 74 808
8 75 524
8 76 994
8 77 962
78 8 579
79 8 573
80 8 759
8 81 669
82 8 328
8 83 555
84 8 703
85 8 561
86 8 726
87 8 913
89 8 733
8 90 218
8 91 99
8 92 983
8 93 617
94 8 463
8 95 661
96 8 480
8 97 41
8 98 248
8 99 124
8 100 19
9 10 394
11 9 967
12 9 761
13 9 965
14 9 265
15 9 834
16 9 838
9 17 599
9 18 904
19 9 175
9 20 81
21 9 484
22 9 576
23 9 789
9 24 916
25 9 941
26 9 655
9 27 863
28 9 948
9 29 259
9 30 362
9 31 279
32 9 611
33 9 4
9 34 289
35 9 781
36 9 537
9 37 841
9 38 346
39 9 163
40 9 139
9 41 273
42 9 363
9 43 207
9 44 667
45 9 226
9 46 908
9 47 578
9 48 732
49 9 735
9 50 463
9 51 740
52 9 131
9 53 815
54 9 913
55 9 793
56 9 784
9 57 196
9 58 553
9 59 160
60 9 219
61 9 598
9 62 592
63 9 348
64 9 107
9 65 46
9 66 301
67 9 920
9 68 68
9 69 964
9 70 415
9 71 735
9 72 173
9 73 696
75 9 855
76 9 253
77 9 596
78 9 534
9 79 430
9 80 229
81 9 253
9 82 516
83 9 69
84 9 808
85 9 966
9 86 569
9 88 118
9 89 507
90 9 674
91 9 19
92 9 442
93 9 916
9 94 846
9 95 305
96 9 618
97 9 657
98 9 386
99 9 187
9 100 557
11 10 353
10 12 613
10 13 977
14 10 23
15 10 895
10 16 23
17 10 368
10 18 226
10 19 339
10 20 25
21 10 828
10 22 514
23 10 408
24 10 233
10 25 639
26 10 639
27 10 540
28 10 120
10 29 981
10 30 350
10 31 190
32 10 141
33 10 188
10 34 544
35 10 141
10 36 873
37 10 913
10 38 805
10 39 989
40 10 618
41 10 530
10 42 673
10 44 793
45 10 839
10 46 286
10 47 475
10 48 558
10 49 846
50 10 279
10 51 768
52 10 948
10 53 463
10 54 244
55 10 26
10 56 752
10 57 513
58 10 28
10 59 864
10 60 870
10 61 106
62 10 119
10 63 165
10 64 315
10 65 303
10 66 437
10 67 496
10 68 861
10 69 421
10 70 444
10 71 87
72 10 801
10 73 553
74 10 885
75 10 1000
10 76 822
77 10 260
78 10 37
10 79 320
80 10 137
10 81 648
82 10 747
83 10 309
84 10 453
85 10 62
10 86 527
87 10 443
88 10 452
89 10 507
10 90 115
91 10 441
92 10 963
10 93 933
94 10 476
10 95 702
10 96 578
97 10 185
10 98 844
99 10 931
10 100 573
11 12 543
13 11 196
14 11 778
11 16 636
11 17 150
11 18 126
11 19 457
11 20 722
21 11 301
11 22 860
11 23 903
24 11 448
11 25 756
11 26 508
27 11 865
11 28 297
29 11 399
11 30 92
11 31 669
11 32 435
11 33 221
34 11 608
35 11 738
36 11 836
11 37 6
38 11 653
11 39 959
40 11 486
11 41 744
42 11 468
11 43 548
44 11 275
45 11 102
11 46 696
11 47 445
11 48 291
11 49 42
11 50 46
51 11 931
52 11 872
11 53 280
54 11 196
11 55 329
56 11 304
11 57 377
58 11 384
59 11 239
11 60 223
11 61 727
11 62 813
11 63 751
11 64 541
65 11 353
11 66 627
67 11 171
68 11 571
11 69 375
11 70 39
71 11 150
11 72 126
11 73 465
74 11 802
75 11 870
11 76 747
77 11 645
78 11 472
11 79 14
11 80 892
81 11 301
11 82 1
83 11 368
84 11 624
11 85 688
86 11 444
87 11 356
11 88 715
11 89 430
11 90 875
11 91 892
92 11 600
11 93 531
94 11 283
95 11 434
11 96 911
11 97 44
98 11 909
99 11 834
11 100 153
13 12 546
12 14 710
12 15 869
12 16 425
18 12 299
12 19 886
20 12 901
12 21 802
22 12 56
12 23 108
12 24 608
25 12 625
12 26 453
27 12 703
28 12 539
12 29 234
30 12 637
31 12 707
12 32 912
33 12 758
12 34 362
12 35 833
12 36 65
12 37 936
12 38 331
39 12 701
12 40 588
41 12 159
12 42 64
12 43 728
12 44 141
12 45 792
46 12 448
47 12 244
48 12 559
49 12 273
50 12 644
51 12 886
12 52 442
12 53 532
12 54 568
12 55 413
56 12 261
57 12 547
12 58 488
12 59 277
12 60 235
61 12 108
62 12 919
63 12 745
64 12 704
65 12 101
66 12 825
67 12 407
12 68 512
12 69 389
70 12 873
71 12 234
72 12 76
12 73 160
74 12 53
75 12 895
12 76 857
12 77 674
78 12 57
12 79 955
12 80 787
12 81 106
82 12 746
12 83 229
84 12 153
85 12 687
12 86 122
12 87 862
88 12 51
12 89 463
12 90 810
91 12 95
12 92 63
12 93 792
94 12 185
12 95 230
96 12 857
97 12 934
12 98 551
12 99 562
100 12 130
14 13 432
15 13 168
13 16 151
17 13 667
13 18 26
13 19 674
13 20 141
13 21 887
13 22 206
23 13 733
24 13 394
13 25 474
26 13 895
13 27 192
28 13 78
29 13 705
13 30 924
13 31 155
13 32 146
33 13 39
34 13 296
35 13 290
13 36 800
13 37 423
13 38 951
39 13 792
13 40 96
41 13 374
42 13 640
43 13 799
13 44 237
45 13 931
13 46 78
47 13 586
13 48 609
13 49 746
13 50 688
13 51 43
13 52 915
53 13 493
54 13 971
13 55 912
56 13 253
57 13 761
13 58 553
59 13 961
13 60 765
61 13 653
13 62 679
13 63 417
64 13 566
65 13 894
66 13 902
13 67 92
13 68 752
13 69 385
70 13 572
13 71 493
13 72 285
73 13 67
74 13 515
13 75 682
76 13 622
77 13 472
78 13 276
79 13 291
80 13 755
81 13 446
13 82 472
83 13 823
13 84 473
85 13 650
13 86 855
13 87 571
88 13 98
89 13 31
13 90 368
91 13 890
13 92 399
93 13 994
13 94 953
13 95 219
96 13 820
13 97 714
13 98 552
99 13 219
13 100 95
14 15 771
16 14 361
17 14 791
14 18 330
14 19 421
20 14 886
14 21 38
14 22 374
23 14 661
24 14 19
25 14 737
26 14 246
27 14 833
14 28 987
29 14 525
30 14 622
14 31 734
14 32 340
14 33 143
34 14 697
35 14 718
14 36 576
37 14 569
14 38 490
14 39 980
14 40 164
14 41 49
14 42 166
14 43 911
14 44 636
45 14 937
14 46 434
14 47 943
14 48 545
14 49 146
14 50 1000
51 14 527
14 52 970
14 53 877
54 14 29
14 55 670
14 56 923
14 57 953
58 14 303
59 14 296
60 14 650
14 61 900
63 14 842
14 64 150
65 14 706
66 14 927
14 67 621
14 68 241
14 69 730
70 14 448
71 14 72
14 72 859
14 73 296
74 14 444
75 14 595
14 76 160
14 77 985
14 78 135
79 14 858
14 80 105
81 14 378
82 14 834
14 83 236
84 14 418
85 14 477
86 14 901
87 14 208
14 88 690
14 89 410
90 14 14
14 91 923
92 14 886
93 14 822
14 94 85
95 14 655
14 96 593
14 97 924
98 14 733
14 99 501
14 100 124
16 15 367
17 15 877
15 18 136
15 19 429
20 15 755
15 21 253
22 15 318
15 23 935
15 24 509
15 25 170
26 15 913
27 15 546
15 28 189
15 29 347
30 15 780
32 15 146
33 15 246
34 15 686
35 15 500
15 36 917
37 15 834
38 15 963
39 15 880
15 40 831
41 15 623
42 15 163
43 15 242
15 44 925
15 45 697
46 15 651
47 15 982
15 48 717
49 15 570
15 50 741
51 15 983
15 52 714
53 15 602
15 54 843
55 15 481
15 56 83
57 15 722
58 15 192
15 59 595
15 60 835
61 15 81
62 15 809
15 63 984
64 15 992
65 15 278
66 15 974
15 67 741
68 15 132
69 15 66
70 15 527
15 71 352
15 72 352
73 15 854
74 15 36
15 75 11
15 76 738
77 15 58
15 78 504
79 15 774
80 15 946
81 15 578
82 15 663
83 15 309
15 84 13
15 85 120
86 15 271
87 15 148
15 88 544
15 89 869
90 15 153
91 15 801
92 15 321
15 93 140
15 94 251
15 95 22
15 96 964
97 15 466
15 98 917
15 99 124
100 15 499
17 16 172
18 16 66
19 16 446
20 16 24
16 21 539
22 16 544
23 16 419
16 24 901
16 25 391
26 16 823
16 27 698
28 16 11
29 16 116
30 16 640
31 16 912
16 32 834
33 16 610
34 16 753
35 16 211
36 16 721
37 16 953
16 38 792
39 16 832
16 40 280
16 41 842
42 16 634
43 16 241
16 44 757
16 45 626
16 46 299
47 16 885
16 48 971
16 49 734
16 50 252
16 51 500
16 52 44
16 53 292
54 16 526
55 16 526
56 16 344
57 16 259
58 16 961
59 16 676
60 16 559
16 61 112
62 16 190
16 63 692
64 16 545
65 16 884
66 16 720
67 16 472
68 16 538
69 16 950
70 16 885
71 16 219
72 16 546
16 73 909
16 74 680
75 16 223
16 76 238
16 77 798
78 16 34
79 16 939
16 80 265
16 81 726
16 82 908
16 83 451
84 16 312
16 85 859
86 16 874
16 87 481
88 16 259
89 16 277
16 90 325
91 16 880
16 92 536
93 16 693
94 16 518
95 16 851
16 96 453
16 97 470
16 98 477
16 99 157
100 16 671
18 17 41
17 19 796
20 17 667
17 21 261
22 17 344
17 23 145
24 17 851
17 25 251
26 17 953
17 27 526
28 17 254
17 29 82
30 17 689
31 17 346
32 17 51
17 33 564
34 17 911
35 17 963
36 17 765
37 17 871
17 38 512
39 17 34
40 17 47
17 41 609
42 17 756
17 43 153
44 17 463
17 45 787
17 46 496
17 47 700
17 48 499
49 17 340
50 17 974
17 51 338
17 52 877
17 53 549
17 54 575
17 55 454
56 17 217
57 17 971
17 58 196
59 17 684
60 17 60
17 61 162
17 62 953
63 17 453
64 17 476
65 17 564
66 17 798
67 17 538
17 68 812
17 69 766
17 70 19
71 17 358
72 17 633
17 73 911
74 17 154
17 75 191
17 76 768
17 77 121
17 78 916
79 17 523
80 17 69
17 81 543
82 17 338
17 83 892
84 17 517
85 17 887
86 17 580
17 87 474
17 88 276
17 89 744
90 17 681
17 91 994
17 92 989
17 93 520
94 17 391
17 95 999
96 17 831
17 97 677
17 98 621
99 17 20
17 100 577
18 19 728
18 20 854
21 18 72
22 18 936
23 18 261
24 18 453
25 18 416
26 18 72
27 18 49
18 28 680
18 29 273
18 30 589
31 18 381
32 18 869
33 18 402
18 34 10
18 35 305
36 18 330
18 37 343
18 38 895
18 39 586
40 18 562
41 18 139
42 18 640
18 43 799
44 18 235
45 18 181
46 18 371
47 18 735
18 48 665
49 18 741
50 18 266
51 18 889
52 18 125
18 53 564
54 18 539
56 18 452
18 57 855
18 58 493
18 59 234
60 18 628
18 61 343
18 62 379
18 63 537
18 64 272
65 18 710
18 66 290
18 67 187
18 68 582
18 69 152
18 70 660
18 71 316
72 18 505
73 18 898
74 18 564
18 75 160
18 76 139
18 77 993
78 18 461
79 18 838
80 18 905
81 18 382
18 82 5
18 83 782
18 84 689
85 18 538
18 86 288
87 18 162
88 18 375
18 89 141
90 18 543
18 91 130
92 18 154
18 93 550
18 94 355
95 18 698
96 18 286
18 97 157
18 98 999
18 99 227
18 100 574
19 20 91
21 19 969
22 19 5
23 19 312
19 24 633
19 25 797
19 26 238
19 27 588
28 19 268
19 29 174
30 19 256
31 19 396
19 32 100
33 19 701
19 34 138
19 35 794
19 36 839
19 37 480
38 19 808
39 19 44
40 19 700
41 19 906
19 42 494
43 19 724
44 19 138
45 19 78
19 46 59
47 19 805
19 48 923
19 49 188
19 50 835
51 19 640
52 19 446
53 19 572
54 19 614
55 19 397
56 19 807
57 19 602
58 19 795
19 59 61
60 19 926
19 61 678
63 19 834
19 64 237
65 19 33
66 19 878
67 19 288
19 68 162
19 69 825
70 19 723
19 71 163
19 72 598
73 19 989
19 74 612
19 75 311
19 76 944
19 77 925
19 78 466
19 79 125
80 19 505
19 81 703
19 82 226
19 83 987
19 84 99
19 85 154
19 86 955
19 87 561
19 88 485
19 90 448
91 19 112
92 19 862
93 19 971
94 19 729
19 95 617
96 19 584
19 97 837
98 19 352
19 99 656
100 19 276
21 20 596
22 20 773
23 20 9
20 24 99
20 25 477
20 26 180
20 27 240
28 20 203
20 29 533
30 20 642
31 20 417
32 20 627
33 20 246
20 34 782
35 20 420
36 20 71
37 20 858
38 20 629
20 39 870
20 40 479
41 20 625
20 42 638
43 20 50
20 44 426
20 45 826
46 20 83
20 47 348
48 20 198
49 20 742
50 20 845
51 20 388
52 20 527
53 20 109
54 20 462
20 55 586
56 20 28
57 20 950
20 58 427
20 59 209
20 60 933
61 20 623
62 20 980
20 63 779
20 64 914
20 65 508
20 66 32
67 20 24
20 68 491
20 69 417
70 20 165
20 71 245
72 20 564
20 73 210
20 74 545
20 75 194
20 76 156
20 77 844
20 78 489
79 20 665
20 80 494
20 81 863
20 82 419
20 83 787
84 20 721
85 20 861
86 20 557
87 20 429
20 88 3
20 89 462
90 20 760
91 20 24
92 20 822
20 93 50
20 94 842
20 95 63
96 20 238
97 20 212
20 98 162
99 20 916
20 100 905
22 21 470
23 21 585
24 21 933
25 21 240
21 26 134
27 21 400
28 21 914
29 21 728
30 21 234
31 21 381
21 32 608
21 33 572
34 21 977
35 21 521
21 36 318
21 37 372
38 21 238
39 21 389
21 40 895
41 21 267
21 42 979
21 43 241
21 44 590
21 45 559
46 21 241
47 21 470
21 48 612
49 21 722
21 50 477
51 21 183
21 52 372
53 21 285
54 21 215
55 21 483
57 21 101
58 21 336
59 21 433
21 61 752
62 21 883
21 63 131
21 64 895
21 65 97
66 21 33
67 21 563
21 68 719
21 69 122
70 21 894
21 71 379
21 72 796
21 73 477
21 74 71
75 21 772
76 21 6
21 77 842
21 78 219
21 79 296
21 80 66
21 81 434
21 82 964
21 83 665
21 84 929
21 85 388
21 86 473
87 21 550
88 21 854
21 89 608
21 90 324
21 91 628
92 21 255
93 21 921
94 21 793
21 95 290
21 96 959
97 21 307
21 98 718
21 99 956
21 100 461
23 22 820
22 24 813
25 22 906
22 26 98
27 22 293
28 22 244
29 22 101
22 30 741
31 22 323
32 22 940
22 33 742
22 34 687
35 22 172
22 36 724
37 22 402
22 38 173
39 22 821
22 40 293
22 41 355
22 42 591
22 43 162
22 44 920
45 22 684
22 46 987
22 47 193
22 48 969
22 49 528
50 22 686
51 22 59
52 22 529
22 53 297
54 22 736
55 22 390
22 56 195
57 22 769
58 22 744
22 59 970
60 22 543
61 22 674
62 22 10
22 63 159
64 22 152
22 65 633
66 22 384
67 22 598
22 68 206
22 69 316
70 22 714
22 71 968
22 72 154
22 73 396
74 22 17
22 75 911
22 76 370
22 77 440
22 78 802
22 79 710
80 22 283
22 81 493
22 82 89
22 83 281
22 84 687
85 22 587
86 22 6
22 87 12
22 89 760
90 22 658
91 22 21
92 22 198
22 93 9
94 22 109
22 95 990
96 22 889
22 97 258
22 98 124
99 22 187
100 22 90
24 23 3
23 25 492
26 23 205
23 27 902
23 28 760
29 23 440
23 30 480
23 31 87
23 32 566
33 23 445
23 34 312
35 23 591
36 23 239
23 37 972
38 23 482
39 23 263
40 23 902
23 41 97
23 42 755
23 43 422
23 44 260
45 23 997
46 23 850
23 48 768
23 49 375
50 23 294
51 23 265
23 52 297
23 53 185
54 23 163
55 23 687
56 23 498
23 57 95
23 58 546
23 59 729
60 23 56
61 23 759
23 62 791
23 63 76
23 64 175
23 65 232
23 66 508
23 67 682
68 23 529
23 69 933
70 23 815
23 71 690
23 72 411
23 73 971
74 23 932
75 23 719
76 23 640
23 77 484
23 78 23
79 23 339
80 23 360
23 81 17
23 82 769
23 83 728
84 23 267
23 85 987
86 23 631
23 87 97
23 88 516
89 23 998
90 23 766
23 91 137
92 23 897
23 93 186
94 23 531
95 23 468
23 96 445
23 97 813
98 23 533
23 99 861
100 23 552
25 24 584
24 26 227
24 27 575
24 28 746
24 29 540
30 24 992
24 31 267
24 32 647
24 33 807
34 24 327
24 35 771
36 24 109
37 24 335
38 24 827
39 24 143
24 40 394
24 41 911
24 42 757
24 43 713
44 24 409
24 45 717
24 46 631
24 47 640
48 24 491
24 49 158
24 50 423
24 51 292
52 24 214
53 24 523
24 54 173
55 24 121
24 56 95
24 57 537
58 24 221
59 24 409
60 24 204
24 61 733
24 62 165
24 63 463
64 24 169
24 65 824
66 24 251
24 67 473
24 68 446
69 24 856
24 70 715
24 71 888
72 24 711
24 73 716
74 24 377
24 75 264
24 76 953
24 77 766
78 24 719
24 79 124
80 24 199
81 24 181
82 24 766
83 24 264
84 24 351
85 24 181
86 24 799
24 87 226
88 24 843
89 24 792
24 91 407
92 24 369
24 93 916
94 24 120
95 24 312
24 96 693
97 24 538
24 99 542
24 100 291
25 26 227
27 25 308
28 25 890
29 25 237
25 30 177
25 31 655
32 25 786
33 25 313
34 25 72
35 25 658
25 36 813
37 25 610
38 25 904
25 39 502
40 25 209
25 41 40
42 25 614
25 43 163
44 25 584
25 45 939
46 25 779
47 25 353
48 25 749
49 25 751
25 50 517
51 25 89
52 25 775
25 53 103
54 25 503
55 25 827
56 25 396
57 25 850
25 58 566
25 59 864
60 25 411
25 61 909
25 62 746
63 25 754
25 64 981
25 65 17
25 66 264
67 25 826
68 25 506
69 25 421
25 70 885
71 25 71
72 25 113
25 73 641
25 74 283
75 25 179
25 76 658
77 25 235
25 78 52
25 79 249
25 80 843
25 81 881
82 25 722
83 25 201
25 84 987
85 25 587
86 25 867
25 88 980
25 89 495
90 25 915
91 25 187
25 92 360
25 93 194
94 25 29
95 25 716
25 96 375
97 25 293
98 25 406
99 25 385
100 25 689
27 26 924
28 26 224
26 29 412
30 26 916
26 31 563
26 32 960
26 33 789
26 34 79
35 26 786
36 26 866
37 26 870
26 38 185
26 39 777
40 26 216
41 26 927
26 42 870
26 43 166
44 26 838
26 45 647
46 26 187
26 48 147
26 49 74
26 50 92
51 26 603
26 52 272
26 53 420
54 26 640
55 26 991
26 56 853
26 57 213
26 58 725
26 59 922
60 26 251
61 26 167
62 26 389
63 26 288
64 26 741
65 26 352
26 66 119
67 26 382
26 68 410
69 26 605
70 26 789
71 26 335
72 26 802
73 26 749
26 74 312
26 75 46
76 26 224
26 77 269
26 78 643
79 26 147
80 26 621
26 81 566
26 82 804
83 26 481
84 26 803
85 26 318
26 86 32
26 87 584
88 26 550
26 89 711
90 26 705
26 91 479
26 92 672
26 93 892
26 94 8
26 95 48
26 96 239
97 26 719
98 26 264
26 99 959
26 100 636
27 28 361
29 27 927
30 27 852
27 31 980
27 32 393
33 27 21
34 27 964
27 35 970
36 27 5
37 27 892
27 38 957
39 27 17
40 27 525
27 41 874
42 27 401
27 43 759
27 44 880
45 27 410
46 27 217
47 27 996
48 27 425
49 27 831
50 27 60
51 27 243
52 27 129
53 27 468
54 27 969
27 55 760
56 27 467
57 27 327
27 58 846
59 27 333
27 60 826
27 61 160
27 62 482
27 63 2
64 27 876
27 65 295
27 67 889
68 27 465
69 27 819
70 27 343
27 71 308
72 27 473
73 27 866
27 74 842
27 75 24
76 27 127
77 27 431
27 78 950
79 27 873
27 80 165
81 27 502
82 27 392
83 27 802
27 84 765
27 85 405
27 86 625
27 87 646
88 27 708
89 27 140
27 90 165
91 27 820
92 27 631
27 93 811
94 27 539
95 27 788
96 27 91
27 97 154
98 27 680
99 27 690
27 100 926
28 29 255
28 30 158
31 28 351
32 28 763
28 33 118
34 28 5
28 35 570
36 28 539
28 37 919
28 38 766
39 28 484
28 41 989
42 28 379
43 28 732
28 44 572
28 45 133
28 46 335
47 28 176
48 28 499
49 28 21
28 50 21
28 51 347
28 52 200
28 53 278
54 28 195
28 55 465
56 28 35
57 28 797
58 28 452
59 28 291
60 28 706
61 28 200
28 62 159
63 28 942
64 28 40
28 65 434
28 66 623
28 67 771
68 28 561
69 28 155
28 70 736
71 28 862
72 28 128
73 28 887
74 28 539
75 28 953
28 76 303
77 28 635
78 28 879
28 79 118
28 80 242
81 28 682
28 82 387
28 83 742
84 28 852
85 28 406
28 86 867
28 87 62
28 88 982
28 89 924
28 90 181
91 28 115
92 28 733
93 28 296
94 28 28
95 28 881
96 28 667
28 97 837
98 28 13
28 99 704
100 28 826
30 29 156
31 29 80
32 29 390
33 29 220
29 34 932
29 35 894
29 36 883
29 37 146
29 38 236
29 39 294
29 40 794
29 41 677
29 42 365
29 43 912
29 44 906
45 29 528
46 29 133
29 47 981
29 49 200
29 50 304
29 51 81
52 29 834
29 53 199
54 29 941
29 55 656
56 29 869
57 29 85
58 29 683
29 59 762
29 60 383
29 61 630
62 29 983
63 29 775
64 29 312
65 29 44
66 29 278
29 67 668
68 29 181
29 69 825
70 29 941
29 71 881
72 29 150
29 73 659
74 29 443
29 75 934
29 76 974
77 29 972
29 78 855
79 29 164
80 29 425
81 29 133
29 82 34
29 83 164
29 84 17
29 85 38
86 29 171
87 29 118
29 88 236
29 89 152
29 90 900
29 91 855
29 93 827
29 94 207
95 29 47
96 29 701
97 29 505
29 98 990
99 29 565
100 29 25
30 31 592
30 32 426
30 33 451
35 30 578
36 30 127
37 30 38
38 30 53
39 30 511
30 40 595
41 30 334
42 30 487
30 43 824
30 44 279
30 45 804
46 30 504
47 30 425
48 30 836
30 49 639
50 30 383
51 30 533
52 30 45
30 53 193
30 54 958
30 55 737
56 30 842
57 30 223
58 30 360
30 59 920
60 30 877
30 61 823
62 30 486
63 30 921
30 64 533
30 65 254
66 30 128
30 67 775
30 68 707
69 30 973
30 70 726
30 71 920
30 72 132
73 30 600
74 30 892
75 30 833
76 30 946
30 77 205
30 78 254
79 30 753
30 80 36
30 81 52
82 30 143
30 83 687
84 30 497
85 30 216
30 86 72
30 87 141
88 30 334
30 89 398
90 30 611
30 91 697
30 92 237
93 30 339
94 30 378
95 30 628
96 30 448
30 97 928
30 98 857
30 99 142
100 30 976
31 32 927
31 33 549
34 31 954
31 35 511
36 31 458
37 31 933
38 31 380
39 31 55
40 31 11
31 41 809
42 31 197
43 31 670
31 44 550
31 45 441
31 46 231
31 47 753
48 31 167
49 31 279
50 31 886
51 31 823
52 31 261
53 31 849
54 31 628
31 55 711
31 56 687
31 58 235
59 31 649
31 60 29
61 31 150
31 62 109
31 63 824
64 31 436
31 65 247
31 66 361
31 67 731
68 31 648
69 31 904
70 31 464
71 31 702
31 72 197
73 31 433
31 74 699
31 75 493
76 31 960
77 31 798
31 78 264
79 31 36
80 31 800
31 81 607
31 82 669
83 31 567
84 31 173
31 85 308
86 31 332
31 87 90
31 88 582
31 89 663
31 90 955
31 91 711
31 92 502
31 93 333
94 31 833
31 95 815
31 96 2
97 31 144
31 98 757
31 99 338
31 100 531
32 33 918
32 34 359
35 32 93
32 36 232
32 37 923
38 32 263
39 32 452
32 40 493
41 32 880
42 32 504
32 43 956
44 32 467
45 32 527
46 32 160
32 47 856
48 32 565
49 32 255
51 32 348
32 52 715
53 32 841
54 32 365
55 32 56
32 56 669
32 57 359
58 32 48
32 59 301
32 60 870
61 32 782
62 32 263
32 63 652
32 64 914
65 32 911
66 32 259
32 67 754
68 32 712
32 69 577
32 70 771
71 32 907
72 32 528
73 32 784
74 32 20
32 75 183
32 76 186
32 77 686
32 78 313
32 80 579
81 32 366
82 32 724
83 32 520
32 84 686
32 85 329
86 32 236
87 32 371
32 88 192
89 32 457
90 32 358
32 91 301
92 32 78
32 93 284
94 32 929
95 32 332
96 32 437
97 32 625
32 98 23
32 99 264
32 100 961
33 34 524
33 35 256
33 36 870
37 33 232
33 38 565
33 39 570
40 33 540
41 33 833
33 42 227
43 33 500
44 33 971
33 45 959
46 33 800
33 47 90
48 33 41
49 33 6
50 33 246
51 33 810
52 33 59
33 53 145
33 54 335
33 55 840
33 56 64
33 57 753
33 58 136
33 59 200
33 60 540
61 33 52
62 33 492
33 63 753
33 64 192
33 65 800
66 33 370
33 67 256
33 68 355
33 69 403
70 33 465
71 33 266
33 72 618
73 33 817
33 74 622
75 33 211
76 33 231
77 33 851
33 78 756
79 33 957
80 33 64
81 33 735
82 33 718
33 83 213
33 84 741
85 33 112
86 33 561
87 33 732
88 33 747
89 33 636
90 33 621
33 91 529
92 33 812
33 93 924
94 33 686
33 95 865
33 96 988
33 97 534
98 33 293
33 99 776
33 100 65
35 34 238
36 34 616
34 37 507
34 38 574
34 39 82
34 40 44
41 34 44
42 34 694
43 34 774
44 34 550
34 45 480
34 46 941
34 47 594
34 48 463
34 49 267
50 34 960
34 51 504
52 34 529
34 53 641
34 54 856
34 55 647
56 34 388
34 57 105
58 34 360
34 59 164
34 60 868
61 34 799
34 62 8
34 63 41
64 34 113
65 34 349
66 34 515
34 67 351
68 34 214
69 34 497
70 34 65
71 34 671
34 72 537
73 34 237
34 74 5
34 75 157
34 76 394
77 34 31
34 78 699
34 79 224
80 34 82
34 81 587
34 82 776
34 83 343
84 34 280
85 34 113
34 86 685
87 34 500
88 34 909
34 89 469
90 34 487
91 34 136
34 92 932
93 34 633
34 94 590
34 95 144
96 34 132
98 34 259
34 99 313
100 34 3
36 35 63
37 35 539
38 35 550
35 39 105
40 35 580
35 41 475
35 42 153
35 43 135
44 35 691
35 45 612
35 46 612
47 35 381
35 48 605
49 35 65
50 35 941
51 35 123
52 35 117
53 35 551
35 54 124
35 55 654
56 35 25
35 57 259
58 35 186
59 35 200
35 60 861
61 35 125
35 62 797
35 63 517
64 35 848
65 35 21
66 35 351
67 35 495
35 68 508
35 69 837
70 35 701
71 35 38
72 35 970
35 73 253
74 35 392
35 75 382
35 76 967
77 35 427
78 35 364
79 35 516
80 35 227
35 81 351
35 82 383
35 83 397
35 84 891
85 35 224
86 35 75
87 35 19
88 35 260
89 35 903
35 90 427
91 35 255
92 35 143
35 93 859
35 94 328
35 95 716
96 35 614
97 35 484
35 98 264
35 99 237
35 100 464
36 37 448
38 36 777
36 39 935
36 40 440
41 36 687
36 42 825
36 43 962
44 36 679
45 36 472
46 36 898
36 47 912
48 36 958
49 36 858
50 36 626
36 51 726
36 52 610
53 36 980
36 54 342
36 55 421
56 36 454
36 57 999
58 36 105
36 59 245
60 36 484
61 36 788
36 62 256
36 63 596
64 36 446
36 65 785
36 66 899
36 67 161
36 68 386
36 69 245
70 36 757
36 71 507
36 72 477
73 36 840
74 36 169
75 36 715
36 76 153
36 77 737
36 78 905
79 36 324
80 36 138
36 81 774
36 82 969
36 83 248
36 84 777
36 85 432
86 36 509
36 87 742
88 36 147
36 89 269
90 36 18
91 36 670
36 92 189
93 36 281
94 36 443
36 95 795
36 96 711
36 97 319
98 36 205
36 99 736
100 36 58
38 37 513
37 39 456
40 37 255
37 41 540
42 37 268
43 37 858
37 44 430
37 45 48
37 46 138
37 47 665
48 37 773
49 37 204
50 37 757
51 37 657
37 52 741
37 53 658
37 54 983
55 37 564
56 37 67
57 37 112
37 58 363
59 37 975
37 60 14
37 61 853
62 37 215
63 37 139
64 37 595
65 37 430
66 37 455
37 67 194
68 37 151
69 37 152
70 37 667
71 37 74
72 37 521
74 37 883
75 37 745
37 76 870
77 37 230
78 37 685
37 79 863
37 80 44
81 37 453
37 82 11
37 83 939
84 37 392
85 37 61
37 86 160
87 37 301
37 88 648
89 37 14
37 90 693
37 92 562
93 37 841
37 94 617
95 37 500
37 96 334
37 97 796
37 98 418
99 37 18
37 100 428
39 38 386
38 40 670
41 38 308
42 38 512
43 38 631
44 38 189
45 38 4
46 38 321
47 38 740
48 38 135
49 38 281
38 50 646
38 51 547
52 38 113
53 38 740
38 54 779
38 55 195
38 56 990
57 38 64
58 38 999
38 59 245
60 38 434
61 38 641
38 62 797
38 63 747
64 38 322
65 38 750
66 38 454
67 38 381
38 68 917
69 38 106
70 38 598
38 71 494
72 38 154
73 38 439
38 74 603
75 38 43
38 76 635
77 38 494
78 38 767
38 79 713
38 80 618
81 38 407
82 38 463
83 38 989
84 38 259
38 85 425
38 86 745
38 87 794
88 38 826
38 89 754
90 38 619
38 91 816
92 38 831
93 38 36
94 38 252
95 38 36
96 38 562
38 97 291
38 98 933
99 38 106
100 38 76
39 40 399
41 39 799
39 42 423
43 39 128
39 44 404
39 45 324
46 39 998
39 47 231
48 39 454
39 49 133
50 39 702
39 51 283
52 39 774
53 39 975
54 39 757
55 39 465
56 39 223
57 39 51
58 39 239
39 59 172
60 39 275
61 39 213
39 62 352
39 63 9
64 39 277
65 39 646
66 39 538
39 67 675
68 39 846
69 39 246
39 70 403
39 71 461
72 39 324
73 39 973
74 39 40
75 39 909
39 76 991
77 39 937
78 39 268
79 39 499
80 39 789
39 81 227
82 39 423
83 39 341
39 84 253
39 85 870
39 86 647
39 87 632
88 39 192
89 39 237
90 39 101
39 92 443
93 39 536
94 39 237
95 39 988
96 39 973
97 39 359
98 39 554
99 39 344
100 39 215
41 40 42
40 42 280
43 40 854
40 44 266
40 45 190
40 46 262
40 47 799
40 48 302
49 40 545
40 50 519
40 51 22
52 40 14
40 53 142
54 40 342
55 40 740
56 40 469
57 40 778
40 58 208
59 40 701
60 40 144
40 61 25
62 40 575
63 40 165
64 40 509
65 40 470
66 40 944
40 67 870
68 40 223
69 40 228
70 40 199
71 40 825
72 40 451
40 73 767
40 74 937
75 40 835
40 76 61
77 40 541
78 40 385
79 40 215
40 80 469
81 40 272
40 82 528
83 40 72
40 84 207
85 40 18
86 40 617
40 87 424
40 88 796
40 89 77
40 90 360
91 40 867
40 92 473
93 40 407
40 94 815
95 40 103
96 40 9
40 97 398
40 98 219
40 99 990
100 40 768
42 41 534
43 41 201
44 41 804
41 45 850
41 46 431
47 41 495
48 41 981
49 41 408
50 41 176
41 51 63
41 52 209
41 53 4
41 54 311
41 55 427
41 56 350
57 41 659
58 41 283
59 41 191
41 60 558
41 61 669
41 62 953
63 41 636
64 41 482
65 41 671
66 41 969
67 41 287
68 41 508
41 69 134
70 41 567
71 41 470
41 72 459
41 73 503
74 41 690
75 41 178
76 41 437
41 77 586
78 41 361
41 79 673
41 80 968
81 41 202
41 82 779
41 83 464
84 41 833
41 85 105
86 41 214
41 87 19
41 88 406
89 41 412
90 41 917
91 41 694
92 41 786
93 41 93
41 94 204
95 41 691
41 96 459
97 41 459
41 98 732
99 41 876
100 41 576
42 43 315
44 42 257
45 42 812
42 46 205
47 42 461
42 48 163
42 49 826
42 50 136
51 42 798
42 52 683
42 53 215
42 54 380
55 42 731
42 56 651
42 57 380
42 58 289
42 59 366
60 42 379
61 42 911
62 42 751
63 42 408
64 42 228
42 65 917
66 42 504
42 67 406
42 68 201
42 69 679
70 42 997
71 42 396
72 42 718
73 42 873
42 74 172
42 75 255
42 76 119
77 42 837
78 42 887
42 79 486
42 80 829
42 81 476
42 82 115
42 83 870
84 42 853
42 85 599
86 42 13
42 87 848
42 88 472
42 89 440
42 90 661
42 91 545
92 42 858
93 42 1000
42 94 329
95 42 209
96 42 886
42 97 193
42 98 269
42 99 18
42 100 961
44 43 322
45 43 962
46 43 407
43 47 240
43 48 429
49 43 539
50 43 31
43 51 58
43 52 843
43 53 866
54 43 246
55 43 86
43 56 454
57 43 499
43 58 828
43 59 440
60 43 136
61 43 22
43 62 538
64 43 966
65 43 277
66 43 248
43 67 700
68 43 570
69 43 495
43 70 682
71 43 58
43 72 51
43 73 970
43 74 591
75 43 313
76 43 621
77 43 816
43 78 603
79 43 253
43 80 645
81 43 562
43 82 609
83 43 521
43 84 697
85 43 798
86 43 611
87 43 202
88 43 618
89 43 534
43 90 656
43 91 2
43 92 263
43 93 141
94 43 598
43 96 242
43 97 698
98 43 234
43 99 6
100 43 7
44 45 208
46 44 982
44 47 938
48 44 383
44 49 880
44 50 115
44 51 296
44 52 340
53 44 883
44 54 62
55 44 691
56 44 900
44 57 140
58 44 698
59 44 896
60 44 516
61 44 440
44 62 869
63 44 196
64 44 188
65 44 545
66 44 504
44 67 44
68 44 304
44 69 398
70 44 905
71 44 19
44 72 180
73 44 641
74 44 655
44 75 932
76 44 990
77 44 724
44 78 451
79 44 461
80 44 345
81 44 293
82 44 844
44 83 43
84 44 966
85 44 863
44 86 233
87 44 25
44 88 743
89 44 993
44 90 552
44 91 272
44 92 999
93 44 751
94 44 265
95 44 439
96 44 215
97 44 161
44 98 419
44 99 556
44 100 996
46 45 605
45 47 3
48 45 343
49 45 998
50 45 494
51 45 963
52 45 442
53 45 111
54 45 761
55 45 755
45 56 688
45 57 634
45 58 379
45 59 403
60 45 787
45 61 56
62 45 329
45 63 724
45 64 507
65 45 710
45 66 621
45 67 469
68 45 984
69 45 607
70 45 10
71 45 648
72 45 682
73 45 896
74 45 685
75 45 699
76 45 400
45 77 214
78 45 868
79 45 104
45 80 9
81 45 77
82 45 837
84 45 820
45 85 649
45 86 189
45 87 915
88 45 691
45 89 484
90 45 232
45 91 153
45 92 534
93 45 267
45 94 126
95 45 69
96 45 563
97 45 279
45 98 69
45 99 234
100 45 707
47 46 156
48 46 892
49 46 483
46 50 970
46 51 37
52 46 452
53 46 902
54 46 799
55 46 302
46 56 75
46 57 126
46 58 250
59 46 829
60 46 284
46 61 559
46 62 296
46 63 236
64 46 488
46 65 121
66 46 35
67 46 657
46 68 49
69 46 822
46 70 431
71 46 475
72 46 844
73 46 494
46 74 709
46 75 116
46 76 736
46 77 333
78 46 91
46 79 570
80 46 285
46 81 739
82 46 902
46 83 805
46 84 658
46 85 501
46 86 453
46 87 296
46 88 280
46 89 93
46 90 463
46 91 331
46 92 233
93 46 581
46 94 582
46 95 606
46 96 895
46 97 184
46 98 91
46 99 97
46 100 670
47 48 539
47 49 925
50 47 121
47 51 976
47 52 543
47 53 773
54 47 988
47 55 239
47 56 33
47 57 421
47 58 685
59 47 685
47 60 462
47 61 912
47 62 875
63 47 507
47 64 758
65 47 600
47 66 338
67 47 795
47 68 364
47 69 456
70 47 277
47 71 622
72 47 865
47 73 650
74 47 708
47 75 473
76 47 461
47 77 79
47 78 668
79 47 453
80 47 720
47 81 654
82 47 330
83 47 641
84 47 720
47 85 396
47 86 142
87 47 8
47 88 411
89 47 907
47 90 342
91 47 991
92 47 114
93 47 490
94 47 357
47 95 909
47 96 697
47 97 837
47 98 714
99 47 70
100 47 924
49 48 780
50 48 186
51 48 423
48 52 795
53 48 417
54 48 411
55 48 291
48 56 827
48 57 8
48 58 425
48 59 963
60 48 829
48 62 895
63 48 919
64 48 903
48 65 459
66 48 273
67 48 93
48 68 744
69 48 636
48 70 535
71 48 522
48 72 869
73 48 121
48 74 429
48 75 719
76 48 569
77 48 398
78 48 848
48 79 141
48 80 755
81 48 420
82 48 548
83 48 894
84 48 989
48 85 522
48 86 924
87 48 637
48 88 47
48 89 548
90 48 497
48 91 727
92 48 486
48 93 527
94 48 791
48 95 434
48 96 970
48 97 572
98 48 70
48 99 159
48 100 699
49 50 285
49 51 74
49 52 117
49 53 383
49 54 298
55 49 633
49 56 296
57 49 499
49 58 803
49 59 193
60 49 539
61 49 794
49 62 679
63 49 631
49 64 624
65 49 869
66 49 654
67 49 182
68 49 766
49 69 786
49 70 794
71 49 439
72 49 889
49 73 263
74 49 931
75 49 279
76 49 969
49 77 282
49 78 638
79 49 189
49 80 593
81 49 170
82 49 351
83 49 369
84 49 618
49 85 884
86 49 924
49 87 852
49 88 963
49 89 855
90 49 272
91 49 713
92 49 909
93 49 592
49 94 907
49 95 807
96 49 188
49 97 97
98 49 30
99 49 359
100 49 971
50 51 410
50 52 915
53 50 410
54 50 78
50 55 122
56 50 100
57 50 293
50 58 533
50 59 906
60 50 15
50 61 641
62 50 392
50 63 93
64 50 906
50 66 228
50 67 533
50 68 310
69 50 235
70 50 574
50 71 13
50 72 301
73 50 567
74 50 83
50 75 566
76 50 817
77 50 513
78 50 372
50 79 463
80 50 860
81 50 620
82 50 660
50 83 912
84 50 648
50 85 860
86 50 699
50 87 494
50 88 774
50 89 660
50 90 214
91 50 80
50 92 205
50 93 400
94 50 898
50 95 425
96 50 126
50 97 195
98 50 547
99 50 457
50 100 308
51 52 414
53 51 891
51 55 664
56 51 17
57 51 884
58 51 950
59 51 797
51 60 312
61 51 791
62 51 149
63 51 650
51 64 445
51 65 90
66 51 242
67 51 563
51 68 696
69 51 800
70 51 278
51 71 625
51 72 686
51 73 886
51 74 772
51 75 233
76 51 759
77 51 607
78 51 273
51 79 803
80 51 393
51 81 324
51 82 879
51 83 895
51 84 158
85 51 880
86 51 862
51 87 728
88 51 715
89 51 886
51 90 998
51 91 568
51 92 492
51 93 15
51 94 781
95 51 185
96 51 764
51 97 159
51 98 97
99 51 568
51 100 451
53 52 688
52 54 7
55 52 563
56 52 731
52 57 207
52 58 566
52 59 836
60 52 300
52 61 525
52 62 722
63 52 957
64 52 568
65 52 127
52 66 871
52 67 269
52 68 196
52 69 985
52 70 426
71 52 923
52 72 347
73 52 587
52 74 606
52 75 672
76 52 975
52 77 689
52 78 256
79 52 181
80 52 111
81 52 190
82 52 704
52 83 654
84 52 117
85 52 453
52 86 537
87 52 49
88 52 207
52 89 146
52 90 409
52 91 421
52 92 365
93 52 79
94 52 457
95 52 147
96 52 269
97 52 899
52 98 498
99 52 575
100 52 543
54 53 860
55 53 105
56 53 314
57 53 248
58 53 474
53 59 980
53 60 391
61 53 354
53 62 317
53 63 784
64 53 728
65 53 503
66 53 80
67 53 883
53 68 319
69 53 384
53 70 207
53 71 790
53 72 798
73 53 683
53 74 45
53 75 517
76 53 6
53 78 674
53 79 744
80 53 464
53 81 695
53 82 227
83 53 324
84 53 717
53 85 968
86 53 306
53 87 388
53 88 605
89 53 860
53 90 821
91 53 97
92 53 879
93 53 567
94 53 702
53 95 744
96 53 161
97 53 958
98 53 189
100 53 906
54 55 291
54 56 390
54 57 243
58 54 54
59 54 778
54 60 839
54 61 730
54 62 880
54 63 716
54 64 453
65 54 231
54 66 537
67 54 927
68 54 210
54 69 950
70 54 291
54 71 322
54 72 689
54 73 598
54 74 583
75 54 727
76 54 729
54 77 570
54 78 207
79 54 95
54 80 13
54 81 629
82 54 698
83 54 528
84 54 114
85 54 725
86 54 68
54 87 436
54 88 962
54 89 201
54 90 112
54 91 668
54 92 735
54 93 800
54 94 522
54 95 953
96 54 219
97 54 435
98 54 135
54 99 175
100 54 790
55 56 5
57 55 297
55 58 668
55 59 177
60 55 505
61 55 148
62 55 480
55 63 762
64 55 527
65 55 525
66 55 521
67 55 411
55 68 11
55 69 621
55 70 146
71 55 789
55 72 971
73 55 941
74 55 399
55 75 859
76 55 110
55 77 427
78 55 943
55 79 220
55 80 175
55 81 652
82 55 838
83 55 2
84 55 960
85 55 738
86 55 737
55 87 606
88 55 666
55 89 49
55 90 367
91 55 319
55 92 616
93 55 417
94 55 637
55 95 380
96 55 379
97 55 857
55 98 445
99 55 768
55 100 537
57 56 508
58 56 734
59 56 683
56 60 715
56 61 815
62 56 638
63 56 909
56 64 582
65 56 164
56 66 960
67 56 732
56 68 925
56 69 257
56 70 502
71 56 773
56 72 881
73 56 662
74 56 449
75 56 718
76 56 428
56 77 596
78 56 369
56 79 22
56 80 180
81 56 223
82 56 79
56 83 180
56 84 597
56 85 725
86 56 460
87 56 840
88 56 833
56 89 307
56 90 550
56 91 796
92 56 259
93 56 393
94 56 246
95 56 280
96 56 951
56 97 915
56 98 159
56 99 737
56 100 530
58 57 206
59 57 661
60 57 681
57 61 898
62 57 127
63 57 714
57 64 423
65 57 665
57 66 951
57 67 934
68 57 335
57 69 436
70 57 969
71 57 695
72 57 702
57 73 869
74 57 916
57 75 303
76 57 375
77 57 287
78 57 999
79 57 126
57 80 325
57 81 941
82 57 52
57 83 857
57 84 813
85 57 986
57 86 239
57 87 190
57 88 959
89 57 198
90 57 940
57 91 823
57 92 52
93 57 518
94 57 813
95 57 824
96 57 785
57 97 764
57 98 693
57 99 573
100 57 616
58 59 638
58 60 942
58 61 145
62 58 238
58 63 126
64 58 194
58 65 842
66 58 761
67 58 647
68 58 353
58 69 414
70 58 937
71 58 972
72 58 148
58 73 134
58 74 806
75 58 969
76 58 302
58 77 998
78 58 807
58 79 419
58 80 775
58 81 597
82 58 970
83 58 812
84 58 65
85 58 811
86 58 753
87 58 630
58 88 30
89 58 15
90 58 589
58 91 581
92 58 449
93 58 133
94 58 406
58 95 607
58 96 163
97 58 419
98 58 797
58 99 159
100 58 806
60 59 214
59 61 103
62 59 809
63 59 661
59 64 319
65 59 159
59 66 491
67 59 182
59 68 213
69 59 879
59 71 393
72 59 888
73 59 522
74 59 387
59 75 274
59 76 299
77 59 810
78 59 344
59 79 505
80 59 613
59 81 29
59 82 596
83 59 397
84 59 199
85 59 801
59 86 804
59 87 446
59 88 774
89 59 512
90 59 405
59 91 868
92 59 320
93 59 900
94 59 675
59 95 533
96 59 509
59 98 457
99 59 250
100 59 98
60 61 532
62 60 91
63 60 264
60 64 202
65 60 646
60 66 987
67 60 581
68 60 454
60 69 940
70 60 636
60 71 1
60 72 556
60 73 479
60 74 108
60 75 391
76 60 15
60 77 23
78 60 350
79 60 239
80 60 221
60 81 265
82 60 18
83 60 247
84 60 158
85 60 291
86 60 586
60 87 418
88 60 205
60 89 153
60 90 975
91 60 221
92 60 168
93 60 94
94 60 233
60 95 67
96 60 919
97 60 659
60 98 880
60 99 110
100 60 148
62 61 182
63 61 44
64 61 225
61 65 199
66 61 263
67 61 975
68 61 514
61 69 78
70 61 658
61 71 642
72 61 763
61 73 759
74 61 199
61 75 30
61 76 27
77 61 60
61 78 261
79 61 510
61 80 54
61 81 918
82 61 233
83 61 151
61 84 34
61 85 408
61 86 890
87 61 120
61 88 312
61 89 776
61 90 868
61 91 169
61 92 686
93 61 805
94 61 35
61 95 488
96 61 22
97 61 757
61 98 649
99 61 55
100 61 487
62 63 78
62 64 862
65 62 379
66 62 426
62 67 34
68 62 663
62 69 890
70 62 134
62 71 999
72 62 360
62 73 609
74 62 890
75 62 690
76 62 623
62 77 573
78 62 205
62 79 484
62 80 198
62 81 590
82 62 72
83 62 972
62 84 528
85 62 434
62 86 259
62 87 534
62 88 269
62 89 350
90 62 210
91 62 401
62 92 134
93 62 941
62 94 326
62 95 755
96 62 342
62 97 849
98 62 670
62 99 498
100 62 385
63 64 562
65 63 67
66 63 612
63 67 940
68 63 198
69 63 703
63 70 333
63 71 626
72 63 173
73 63 400
74 63 177
75 63 974
76 63 153
77 63 549
78 63 543
79 63 934
80 63 575
63 81 903
63 82 39
83 63 498
63 84 343
63 85 537
86 63 387
63 87 299
88 63 816
89 63 189
63 90 791
63 91 369
63 92 508
93 63 298
63 94 201
95 63 506
96 63 934
97 63 664
98 63 603
99 63 560
100 63 64
65 64 324
64 66 962
64 67 360
64 68 24
64 69 121
70 64 413
71 64 462
64 72 757
73 64 321
74 64 693
75 64 787
64 76 587
64 77 950
78 64 314
64 79 189
80 64 310
64 81 178
82 64 838
83 64 752
84 64 788
85 64 379
64 86 713
64 87 471
64 88 302
64 89 482
64 90 322
91 64 972
64 92 718
93 64 800
64 94 134
64 95 760
96 64 204
64 97 418
98 64 178
99 64 253
64 100 745
65 66 517
65 67 175
65 68 983
69 65 483
65 70 822
65 71 732
72 65 63
65 73 66
65 74 185
75 65 905
65 76 346
65 77 585
78 65 148
79 65 635
80 65 80
65 81 384
65 82 541
65 83 287
84 65 386
85 65 986
65 86 924
65 87 704
65 88 223
89 65 903
90 65 672
65 91 54
92 65 915
93 65 483
94 65 753
95 65 815
65 96 200
65 97 779
65 98 459
65 99 614
100 65 834
66 67 756
66 68 21
69 66 447
70 66 932
66 71 1
72 66 157
66 73 323
74 66 44
75 66 485
66 76 625
77 66 627
78 66 200
66 79 916
80 66 823
66 81 207
66 82 833
66 83 765
84 66 124
66 85 799
86 66 913
87 66 713
88 66 556
89 66 491
66 90 191
66 91 99
66 92 626
66 93 992
66 94 835
95 66 836
66 97 394
66 98 676
99 66 781
66 100 182
67 68 382
69 67 256
67 70 653
67 71 440
67 72 518
73 67 582
74 67 841
75 67 471
67 76 740
67 77 752
78 67 483
67 79 842
80 67 72
67 81 582
67 82 101
83 67 195
84 67 703
67 85 366
67 86 829
87 67 747
67 88 547
67 89 191
67 90 77
91 67 657
67 92 308
93 67 870
67 94 816
67 95 17
96 67 933
67 97 90
98 67 64
67 99 515
100 67 789
69 68 826
70 68 37
68 71 315
68 72 251
74 68 327
75 68 331
76 68 176
77 68 716
78 68 259
79 68 333
80 68 711
81 68 939
68 82 345
68 83 610
84 68 67
68 85 640
86 68 879
87 68 349
68 88 814
89 68 840
68 90 425
68 91 986
68 92 613
68 93 916
94 68 832
68 95 719
96 68 529
97 68 286
68 98 935
99 68 40
100 68 737
69 70 35
71 69 242
69 72 132
73 69 292
74 69 899
75 69 844
69 76 316
69 77 289
69 78 678
79 69 831
80 69 663
69 81 405
69 82 289
83 69 546
69 84 691
69 85 359
69 86 952
88 69 83
89 69 456
90 69 257
69 91 601
92 69 840
69 93 781
94 69 86
95 69 605
69 96 915
69 97 590
69 98 604
99 69 112
69 100 971
71 70 642
70 72 49
70 73 212
74 70 657
70 75 240
76 70 191
70 77 757
70 78 247
70 79 804
70 80 142
81 70 165
82 70 76
83 70 974
70 84 387
85 70 667
86 70 534
70 87 109
70 88 606
70 89 416
70 90 339
91 70 526
70 92 846
93 70 263
94 70 876
95 70 424
96 70 179
97 70 425
70 98 47
99 70 989
100 70 835
72 71 493
71 73 315
74 71 653
71 75 625
76 71 885
77 71 427
71 78 196
79 71 396
80 71 365
81 71 229
71 82 640
83 71 80
71 84 364
71 85 814
86 71 262
87 71 359
88 71 720
89 71 59
90 71 648
91 71 145
71 92 998
93 71 294
95 71 41
96 71 559
71 97 583
98 71 303
71 100 718
73 72 608
72 74 761
75 72 884
76 72 975
77 72 496
72 78 679
79 72 716
80 72 27
81 72 98
72 82 258
72 83 712
72 84 203
85 72 195
86 72 29
87 72 382
88 72 591
89 72 982
90 72 210
72 92 184
93 72 317
94 72 202
95 72 637
72 96 837
97 72 825
72 98 310
99 72 220
72 100 671
73 74 116
75 73 975
73 76 656
77 73 593
78 73 406
73 80 622
73 81 389
73 82 784
73 83 993
84 73 298
85 73 431
73 86 545
87 73 308
88 73 158
89 73 35
90 73 696
91 73 429
92 73 965
93 73 993
94 73 258
73 95 166
96 73 755
97 73 23
98 73 215
99 73 485
73 100 87
75 74 862
74 76 205
77 74 996
74 78 101
79 74 817
74 80 339
81 74 196
82 74 802
83 74 615
84 74 476
74 85 642
74 86 686
74 87 120
74 88 30
74 89 764
90 74 871
91 74 452
92 74 145
93 74 789
94 74 829
95 74 392
74 96 553
97 74 174
74 98 127
99 74 765
74 100 920
75 76 536
77 75 421
78 75 857
75 79 963
75 80 270
81 75 596
82 75 259
75 83 168
84 75 336
75 85 3
86 75 867
75 87 17
88 75 261
75 89 181
90 75 449
75 91 430
75 92 57
75 93 343
94 75 652
95 75 236
96 75 489
97 75 994
98 75 922
99 75 146
100 75 860
76 77 687
78 76 407
79 76 767
76 80 198
81 76 44
82 76 398
76 83 334
76 84 675
76 85 70
76 86 332
87 76 303
76 88 487
76 89 271
76 90 160
76 91 368
92 76 267
76 93 745
76 94 109
95 76 693
76 96 161
76 97 656
98 76 561
76 99 716
76 100 369
77 78 617
79 77 794
80 77 224
81 77 566
77 82 40
83 77 965
77 84 96
77 85 165
77 86 609
87 77 55
88 77 283
89 77 740
77 90 477
91 77 631
92 77 240
77 93 682
77 94 404
95 77 127
96 77 107
77 97 177
98 77 121
99 77 258
77 100 724
78 79 407
78 80 47
81 78 336
82 78 380
78 83 970
78 84 728
85 78 752
86 78 304
87 78 526
88 78 260
78 89 37
78 90 48
91 78 216
78 92 354
94 78 429
95 78 493
96 78 293
78 97 800
98 78 685
99 78 942
78 100 954
79 80 644
79 81 549
79 82 150
83 79 39
84 79 644
85 79 552
79 86 972
87 79 561
88 79 509
79 89 691
79 90 454
91 79 307
92 79 955
93 79 832
79 94 234
95 79 494
96 79 761
79 97 657
79 98 353
99 79 414
79 100 451
80 81 555
82 80 92
80 83 219
84 80 457
85 80 602
80 86 243
80 87 866
88 80 602
89 80 796
90 80 834
91 80 416
80 92 35
80 93 855
94 80 118
80 95 438
96 80 289
80 97 695
98 80 459
99 80 981
100 80 173
81 82 528
83 81 193
81 84 963
81 85 90
81 86 332
87 81 399
88 81 868
89 81 170
81 90 523
81 91 342
81 92 208
81 93 303
81 94 10
81 95 518
81 96 28
81 97 275
81 98 456
99 81 301
81 100 612
82 83 175
82 84 665
85 82 690
82 86 709
87 82 254
88 82 499
89 82 542
82 90 928
91 82 311
82 92 310
82 93 631
94 82 869
82 95 596
82 96 372
82 97 741
82 98 638
99 82 279
82 100 192
83 84 185
83 85 179
83 86 483
87 83 736
83 88 86
83 89 572
83 90 953
91 83 575
92 83 922
93 83 840
94 83 766
83 95 765
83 96 899
83 97 125
98 83 55
99 83 848
100 83 567
85 84 29
86 84 407
84 87 777
88 84 131
84 89 592
90 84 581
91 84 370
84 92 609
93 84 370
94 84 124
84 95 936
84 96 887
84 97 254
98 84 727
84 99 532
84 100 832
85 86 46
85 87 27
85 88 786
85 89 522
85 90 592
85 91 544
92 85 307
93 85 874
85 94 582
95 85 162
85 96 75
85 97 929
85 98 341
85 99 781
85 100 653
86 87 783
86 88 906
89 86 872
90 86 318
91 86 68
86 92 198
93 86 574
86 94 819
95 86 235
86 96 148
86 97 269
98 86 796
86 99 549
86 100 205
87 88 359
89 87 645
90 87 258
87 91 653
92 87 593
93 87 873
87 94 584
87 95 975
96 87 629
97 87 956
87 98 192
99 87 611
100 87 676
88 89 10
88 90 245
88 91 257
92 88 774
88 93 799
94 88 155
88 95 512
96 88 774
88 97 407
98 88 158
99 88 865
88 100 173
89 90 1
89 91 978
89 92 528
93 89 721
94 89 581
89 95 454
96 89 272
97 89 90
98 89 610
99 89 874
100 89 343
91 90 856
92 90 355
93 90 481
94 90 503
95 90 95
96 90 73
90 97 466
90 98 77
99 90 489
100 90 504
91 92 845
93 91 873
94 91 197
91 95 531
91 96 954
97 91 68
98 91 974
91 99 878
91 100 697
92 93 163
94 92 234
95 92 214
92 96 186
92 97 238
92 98 650
99 92 320
100 92 867
93 94 781
93 95 25
96 93 485
93 97 887
98 93 842
93 99 678
100 93 370
94 95 98
94 96 516
94 97 118
94 98 383
99 94 723
94 100 681
96 95 64
95 97 219
95 98 543
99 95 345
100 95 661
96 97 248
98 96 86
99 96 111
100 96 808
97 98 137
99 97 11
97 100 940
98 99 85
98 100 782
99 100 293

END
