INSTANCE_NAME b17.dat
NB_VERTICES 100
NB_ARCS 208
NB_REQUESTS 0
NB_BLOCKAGES 52
NB_A' 9692

VERTICES
1 0 0
2 0 0
3 0 0
4 0 0
5 0 0
6 0 0
7 0 0
8 0 0
9 0 0
10 0 0
11 0 0
12 0 0
13 0 0
14 0 0
15 0 0
16 0 0
17 0 0
18 0 0
19 0 0
20 0 0
21 0 0
22 0 0
23 0 0
24 0 0
25 0 0
26 0 0
27 0 0
28 0 0
29 0 0
30 0 0
31 0 0
32 0 0
33 0 0
34 0 0
35 0 0
36 0 0
37 0 0
38 0 0
39 0 0
40 0 0
41 0 0
42 0 0
43 0 0
44 0 0
45 0 0
46 0 0
47 0 0
48 0 0
49 0 0
50 0 0
51 0 0
52 0 0
53 0 0
54 0 0
55 0 0
56 0 0
57 0 0
58 0 0
59 0 0
60 0 0
61 0 0
62 0 0
63 0 0
64 0 0
65 0 0
66 0 0
67 0 0
68 0 0
69 0 0
70 0 0
71 0 0
72 0 0
73 0 0
74 0 0
75 0 0
76 0 0
77 0 0
78 0 0
79 0 0
80 0 0
81 0 0
82 0 0
83 0 0
84 0 0
85 0 0
86 0 0
87 0 0
88 0 0
89 0 0
90 0 0
91 0 0
92 0 0
93 0 0
94 0 0
95 0 0
96 0 0
97 0 0
98 0 0
99 0 0
100 0 0

ARCS
5 60 7
60 52 8
52 28 5
28 4 3
4 1 1
1 23 2
23 29 2
29 17 8
17 36 1
36 2 1
2 53 8
53 33 1
33 27 5
27 13 4
13 42 3
42 47 1
47 44 10
44 16 9
16 69 2
69 18 10
18 36 4
36 95 9
95 68 8
68 27 3
27 48 1
48 41 10
41 1 2
1 66 10
66 51 1
51 24 8
24 19 6
19 7 6
7 4 2
4 38 8
38 34 3
34 7 9
7 6 6
6 15 3
15 31 9
31 19 10
19 11 7
11 49 8
49 73 10
73 20 3
20 22 6
22 59 6
59 10 5
10 1 1
1 87 1
87 22 1
22 40 7
40 10 5
10 82 8
82 72 7
72 11 7
11 52 1
52 33 8
33 39 2
39 8 1
8 79 3
79 7 10
7 21 4
21 31 9
31 70 3
70 66 7
66 63 6
63 7 6
7 25 3
25 3 2
3 74 6
74 66 4
66 72 3
72 16 9
16 71 2
71 52 3
52 88 6
88 74 1
74 79 3
79 59 6
59 9 5
9 28 9
28 95 5
95 69 1
69 32 7
32 65 3
65 38 9
38 45 9
45 8 8
8 24 6
24 98 8
98 38 2
98 56 7
56 26 3
26 92 3
92 7 5
7 67 7
67 90 6
90 41 7
90 72 1
72 22 1
22 80 1
80 17 2
17 55 1
55 35 6
35 15 4
15 40 9
40 91 10
91 72 9
72 86 3
86 65 5
65 29 6
29 77 4
77 85 5
85 23 6
23 94 3
94 26 2
94 43 5
43 42 10
42 75 7
75 95 10
95 78 7
78 82 6
78 84 2
84 16 4
16 56 5
56 43 1
56 35 10
35 81 5
81 88 3
88 13 5
13 58 3
58 27 7
27 57 6
57 12 5
12 14 8
14 54 5
54 32 2
54 69 3
69 55 2
69 23 10
69 63 5
69 89 8
89 30 5
30 46 1
46 9 2
9 25 7
25 93 7
93 54 1
54 60 1
9 84 7
84 56 3
56 58 4
58 76 3
76 4 9
4 100 8
100 12 5
12 50 8
50 95 2
95 6 7
100 49 3
49 92 1
92 46 8
46 71 2
46 79 7
79 73 1
73 61 10
61 65 10
65 84 2
84 80 6
80 30 1
30 64 1
64 39 1
39 4 9
30 83 3
83 74 6
74 92 6
92 8 10
92 24 5
92 27 10
92 86 7
86 84 1
86 30 9
30 62 6
62 7 9
62 36 6
62 52 9
52 97 2
97 67 6
97 96 2
96 100 2
97 1 9
52 89 10
30 70 9
70 11 8
80 34 1
61 53 7
49 99 10
99 10 6
99 37 3
37 31 3
56 68 9
68 51 1
68 85 10
57 98 6
98 90 4
98 3 7
17 19 9
59 5 9

REQUESTS

BLOCKAGES
84 16
70 66
80 17
51 24
19 11
88 74
56 35
22 59
9 25
57 98
39 4
36 95
78 84
54 32
13 42
16 56
30 62
67 90
40 10
70 11
30 46
46 9
54 60
34 7
4 1
17 55
25 3
72 16
9 28
74 92
62 36
29 17
10 82
71 52
23 94
61 53
63 7
26 92
15 31
16 69
49 73
98 90
95 68
33 27
72 22
52 97
65 38
79 73
56 43
49 92
68 27
80 30

A'
1 2 426
3 1 874
1 4 778
1 5 496
6 1 734
7 1 502
8 1 500
9 1 816
1 11 890
1 12 44
13 1 548
1 14 118
15 1 479
16 1 822
1 17 385
1 18 277
19 1 319
1 20 60
21 1 848
22 1 244
23 1 112
1 24 691
1 25 263
26 1 805
1 27 455
28 1 134
1 29 826
30 1 898
1 31 719
32 1 507
33 1 164
1 34 385
35 1 135
36 1 993
1 37 55
1 38 526
1 39 35
1 40 625
42 1 430
1 43 439
1 44 989
1 45 807
46 1 689
1 47 310
48 1 321
1 49 275
1 50 149
51 1 590
52 1 453
1 53 351
1 54 153
1 55 426
1 56 492
1 57 704
58 1 929
1 59 254
60 1 285
1 61 859
62 1 874
1 63 84
1 64 636
1 65 649
66 1 818
1 67 80
1 68 865
1 69 309
70 1 297
1 71 737
1 72 159
1 73 765
74 1 286
1 75 355
1 76 430
77 1 895
78 1 437
1 79 200
1 80 39
1 81 207
1 82 437
1 83 125
1 84 67
85 1 670
86 1 870
87 1 854
1 88 550
1 89 818
90 1 636
1 91 108
92 1 440
1 93 71
1 94 683
1 95 947
96 1 469
1 98 257
1 99 52
1 100 856
2 3 932
2 4 57
5 2 424
2 6 590
7 2 957
2 8 28
2 9 884
2 10 272
11 2 866
12 2 920
13 2 446
2 14 307
2 15 920
2 16 740
17 2 177
18 2 159
2 19 165
20 2 797
2 21 707
2 22 980
23 2 162
2 24 495
25 2 155
2 26 633
27 2 264
2 28 211
29 2 896
2 30 659
31 2 433
2 32 137
33 2 992
34 2 69
2 35 566
37 2 272
2 38 779
2 39 763
2 40 780
41 2 292
42 2 792
2 43 513
44 2 875
45 2 942
2 46 231
2 47 528
2 48 893
2 49 324
50 2 556
51 2 456
2 52 630
53 2 22
2 54 13
2 55 545
2 56 943
2 57 41
2 58 852
59 2 780
2 60 477
2 61 821
2 62 829
2 63 687
64 2 835
2 65 964
66 2 193
67 2 514
2 68 498
69 2 581
2 70 671
71 2 5
72 2 312
73 2 698
74 2 301
75 2 240
2 76 902
2 77 837
78 2 759
79 2 155
2 80 237
2 81 40
82 2 241
83 2 954
2 84 88
2 85 599
2 86 658
87 2 722
88 2 704
89 2 484
2 90 951
91 2 133
92 2 839
93 2 935
94 2 548
95 2 894
2 96 911
97 2 916
98 2 838
99 2 240
100 2 402
3 4 34
5 3 144
6 3 83
7 3 877
3 8 555
9 3 993
10 3 31
11 3 360
12 3 779
13 3 758
14 3 42
3 15 309
16 3 170
3 17 825
18 3 774
3 19 950
20 3 340
21 3 265
3 22 644
23 3 340
3 24 320
3 25 236
3 26 866
27 3 667
3 28 853
3 29 20
3 30 795
31 3 850
3 32 530
3 33 76
3 34 955
35 3 462
3 36 173
37 3 68
3 38 219
39 3 365
3 40 442
41 3 592
42 3 899
3 43 302
3 44 385
3 45 349
46 3 706
47 3 846
48 3 576
49 3 890
50 3 649
3 51 528
52 3 782
53 3 341
3 54 705
55 3 242
3 56 9
57 3 156
3 58 442
3 59 715
3 60 483
61 3 708
3 62 613
63 3 126
64 3 177
3 65 423
66 3 719
3 67 997
3 68 601
69 3 851
70 3 394
3 71 155
3 72 276
3 73 365
74 3 119
75 3 894
76 3 142
77 3 492
3 78 505
3 79 646
80 3 985
3 81 857
82 3 74
3 83 202
3 84 894
3 85 330
86 3 496
3 87 745
88 3 146
89 3 840
3 90 540
91 3 569
92 3 38
3 93 138
3 94 29
3 95 927
96 3 555
97 3 67
3 98 340
3 99 653
3 100 672
5 4 224
6 4 818
4 7 289
8 4 781
4 9 579
4 10 565
11 4 352
4 12 206
13 4 847
14 4 624
15 4 951
16 4 908
4 17 510
18 4 637
19 4 184
4 20 497
4 21 826
4 22 79
23 4 629
24 4 298
25 4 178
4 26 353
27 4 167
4 28 722
4 29 848
30 4 138
31 4 227
32 4 816
33 4 644
4 34 251
35 4 112
36 4 586
37 4 412
38 4 107
4 39 875
40 4 598
41 4 618
4 42 637
43 4 212
4 44 150
45 4 55
46 4 857
47 4 684
4 48 369
49 4 828
50 4 505
51 4 717
52 4 931
53 4 459
4 54 872
55 4 794
4 56 441
57 4 771
4 58 899
4 59 787
4 60 41
61 4 687
62 4 474
4 63 625
4 64 400
4 65 813
4 66 94
67 4 698
4 68 361
4 69 413
70 4 545
4 71 54
72 4 969
4 73 414
74 4 158
75 4 267
4 76 393
77 4 798
4 78 26
4 79 60
80 4 225
4 81 680
4 82 456
4 83 342
84 4 237
4 85 401
86 4 312
4 87 118
4 88 981
89 4 850
4 90 435
4 91 39
4 92 124
93 4 397
94 4 258
4 95 925
96 4 31
97 4 152
98 4 686
99 4 655
100 4 951
6 5 55
5 7 564
5 8 245
5 9 54
5 10 34
11 5 266
5 12 668
13 5 260
5 14 890
5 15 872
5 16 704
5 17 474
18 5 92
19 5 52
5 20 433
5 21 152
22 5 615
23 5 10
24 5 611
25 5 656
5 26 255
27 5 419
5 28 662
29 5 338
30 5 900
31 5 68
32 5 166
5 33 809
5 34 52
5 35 3
5 36 213
37 5 322
38 5 573
39 5 389
40 5 450
41 5 530
5 42 317
43 5 978
5 44 979
45 5 880
5 46 579
5 47 832
5 48 841
5 49 1
5 50 204
5 51 728
5 52 862
53 5 595
5 54 436
55 5 321
56 5 731
5 57 940
5 58 502
60 5 832
61 5 609
62 5 865
5 63 892
64 5 100
5 65 961
66 5 439
5 67 422
5 68 529
69 5 152
70 5 610
71 5 987
5 72 217
5 73 785
5 74 42
5 75 345
76 5 340
77 5 934
78 5 212
79 5 165
80 5 412
81 5 5
5 82 793
83 5 408
84 5 601
85 5 339
5 86 397
87 5 759
5 88 865
89 5 581
5 90 948
91 5 130
5 92 229
93 5 196
5 94 592
5 95 750
96 5 188
97 5 205
5 98 533
5 99 5
100 5 874
6 8 623
6 9 156
6 10 236
6 11 520
12 6 998
13 6 622
14 6 25
15 6 832
16 6 276
17 6 566
6 18 82
6 19 186
6 20 556
21 6 770
6 22 375
6 23 437
24 6 835
6 25 936
6 26 642
27 6 562
28 6 251
6 29 627
6 30 220
6 31 444
32 6 704
33 6 476
34 6 33
6 35 550
6 36 162
37 6 980
6 38 783
6 39 884
40 6 360
41 6 39
42 6 626
6 43 991
6 44 487
45 6 207
6 46 778
6 47 552
48 6 11
6 49 265
50 6 393
51 6 982
6 52 485
53 6 442
54 6 729
55 6 588
6 56 848
6 57 440
58 6 929
6 59 404
6 60 750
61 6 473
62 6 612
63 6 359
6 64 756
65 6 16
6 66 141
6 67 53
6 68 662
6 69 244
6 70 875
71 6 829
6 72 160
6 73 898
74 6 401
75 6 856
6 76 263
6 77 380
78 6 56
6 79 200
80 6 65
6 81 310
82 6 917
83 6 830
6 84 560
6 85 320
6 86 608
6 87 859
6 88 768
6 89 208
6 90 409
91 6 670
92 6 94
93 6 601
6 94 139
6 96 203
6 97 974
98 6 636
6 99 589
100 6 599
7 8 884
9 7 621
7 10 243
7 11 151
12 7 947
7 13 111
14 7 339
15 7 807
7 16 86
7 17 878
7 18 971
7 19 605
7 20 190
21 7 335
7 22 804
7 23 495
7 24 22
25 7 423
7 26 207
27 7 318
7 28 242
7 29 218
30 7 265
7 31 320
7 32 683
33 7 587
7 34 332
35 7 301
36 7 782
7 37 3
38 7 625
39 7 624
7 40 964
7 41 613
42 7 970
43 7 28
7 44 710
45 7 144
7 46 621
47 7 323
48 7 363
49 7 308
7 50 451
51 7 566
7 52 948
7 53 169
7 54 417
7 55 569
7 56 542
57 7 902
58 7 111
59 7 74
60 7 526
61 7 146
7 62 679
7 64 393
65 7 108
7 66 884
67 7 4
68 7 15
69 7 635
7 70 691
71 7 506
72 7 672
7 73 324
7 74 149
75 7 608
76 7 130
7 77 466
78 7 855
7 79 722
80 7 719
81 7 685
7 82 248
7 83 68
7 84 314
85 7 551
86 7 833
7 87 427
7 88 94
7 89 37
7 90 354
7 91 914
7 93 379
94 7 674
95 7 183
7 96 735
97 7 956
7 98 611
99 7 755
7 100 13
9 8 775
10 8 641
8 11 795
8 12 275
8 13 885
8 14 250
8 15 781
8 16 699
8 17 193
8 18 880
19 8 644
8 20 89
21 8 301
22 8 298
23 8 275
24 8 216
25 8 678
8 26 582
8 27 704
28 8 719
8 29 76
8 30 467
31 8 404
8 32 720
8 33 889
34 8 674
8 35 564
8 36 835
8 37 813
8 38 622
40 8 837
41 8 822
42 8 68
43 8 748
8 44 363
8 46 683
47 8 208
8 48 22
49 8 385
50 8 877
8 51 794
8 52 171
8 53 7
54 8 111
8 55 421
56 8 817
57 8 428
58 8 975
8 59 960
8 60 787
8 61 249
62 8 502
8 63 258
8 64 86
8 65 434
8 66 403
67 8 753
68 8 207
69 8 908
70 8 739
8 71 276
72 8 235
73 8 767
74 8 127
8 75 810
76 8 723
77 8 733
8 78 218
79 8 99
8 80 983
8 81 617
82 8 463
8 83 661
84 8 480
8 85 41
8 86 248
8 87 124
8 88 19
8 89 394
90 8 967
91 8 761
93 8 493
94 8 183
8 95 715
8 96 168
97 8 454
8 98 61
99 8 564
100 8 7
9 10 121
9 11 83
12 9 700
9 13 159
14 9 309
15 9 908
16 9 415
9 17 828
18 9 564
9 19 92
20 9 199
21 9 877
9 22 866
23 9 531
24 9 369
25 9 264
26 9 464
9 27 629
28 9 613
29 9 456
30 9 793
31 9 488
32 9 662
33 9 465
9 34 28
9 35 856
9 36 870
9 37 581
38 9 372
39 9 868
9 40 351
41 9 932
42 9 829
43 9 329
44 9 51
9 45 66
9 46 498
47 9 402
9 48 571
49 9 737
9 50 478
9 51 175
9 52 675
53 9 434
9 54 570
55 9 137
9 56 784
9 57 734
9 58 332
9 60 735
9 61 173
9 62 696
63 9 683
64 9 647
65 9 943
9 66 731
9 67 770
9 68 208
69 9 215
70 9 150
9 71 741
72 9 651
9 73 155
9 74 492
75 9 73
9 76 118
9 77 507
78 9 674
79 9 19
80 9 442
81 9 916
9 82 846
9 83 305
84 9 618
85 9 657
86 9 386
87 9 187
9 88 557
89 9 353
9 90 613
9 91 977
92 9 23
93 9 895
9 94 23
9 95 368
9 96 226
9 97 339
9 98 25
99 9 828
9 100 514
11 10 408
12 10 233
10 13 639
14 10 639
15 10 540
16 10 120
10 17 981
10 18 350
10 19 190
20 10 141
21 10 188
10 22 544
23 10 141
10 24 873
25 10 913
10 26 805
10 27 989
28 10 618
29 10 530
10 30 673
31 10 506
32 10 937
33 10 934
10 34 66
35 10 658
10 36 384
10 37 627
38 10 76
10 39 551
10 40 88
41 10 686
10 42 135
10 43 632
10 44 356
45 10 359
10 46 582
10 47 820
10 48 54
10 49 155
50 10 580
51 10 676
52 10 362
53 10 946
54 10 422
10 55 384
56 10 958
57 10 456
10 58 446
60 10 801
10 61 553
62 10 885
63 10 1000
10 64 822
65 10 260
66 10 37
10 67 320
68 10 137
10 69 648
70 10 747
71 10 309
72 10 453
73 10 62
10 74 527
75 10 443
76 10 452
77 10 507
10 78 115
79 10 441
80 10 963
10 81 933
82 10 476
10 83 702
10 84 578
85 10 185
10 86 844
87 10 931
10 88 573
10 89 543
90 10 196
91 10 778
92 10 684
10 93 686
10 94 142
10 95 790
96 10 826
10 97 807
98 10 326
10 99 264
100 10 561
11 12 226
11 13 292
11 14 755
15 11 204
16 11 315
17 11 986
11 18 750
11 20 435
11 21 221
22 11 608
23 11 738
24 11 836
11 25 6
26 11 653
11 27 959
28 11 486
11 29 744
30 11 468
11 31 548
32 11 275
33 11 102
11 34 696
11 35 445
11 36 291
11 37 42
11 38 46
39 11 931
40 11 872
11 41 280
42 11 196
11 43 329
44 11 304
11 45 377
46 11 384
47 11 239
11 48 223
49 11 727
11 50 813
11 51 751
52 11 541
53 11 353
11 54 627
55 11 171
56 11 571
11 57 375
11 58 39
59 11 150
11 60 126
11 61 465
62 11 802
63 11 870
11 64 747
65 11 645
66 11 472
11 67 14
11 68 892
69 11 301
11 70 1
71 11 368
11 73 742
11 74 663
11 75 837
11 76 922
77 11 820
11 78 516
79 11 652
11 80 621
11 81 536
82 11 71
83 11 545
11 84 174
85 11 86
11 86 911
87 11 411
11 88 884
89 11 521
11 90 948
11 91 254
92 11 776
93 11 651
94 11 299
11 95 886
96 11 901
11 97 802
98 11 56
11 99 108
11 100 608
13 12 625
14 12 453
15 12 703
16 12 539
12 17 234
18 12 637
19 12 707
12 20 912
21 12 758
12 22 362
12 23 833
12 24 65
12 25 936
12 26 331
27 12 701
12 28 588
29 12 159
12 30 64
12 31 728
12 32 141
12 33 792
34 12 448
35 12 244
36 12 559
37 12 273
38 12 644
39 12 886
12 40 442
12 41 532
12 42 568
12 43 413
44 12 261
45 12 547
12 46 488
12 47 277
12 48 235
49 12 108
50 12 919
51 12 745
52 12 704
53 12 101
54 12 825
55 12 407
12 56 512
12 57 389
58 12 873
59 12 234
60 12 76
12 61 160
62 12 53
63 12 895
12 64 857
12 65 674
66 12 57
12 67 955
12 68 787
12 69 106
70 12 746
12 71 229
72 12 153
73 12 687
12 74 122
12 75 862
76 12 51
12 77 463
12 78 810
79 12 95
12 80 63
12 81 792
82 12 185
12 83 230
84 12 857
85 12 934
12 86 551
12 87 562
88 12 130
89 12 432
90 12 168
12 91 151
92 12 667
12 93 26
12 94 674
12 95 141
12 96 887
12 97 206
98 12 733
99 12 394
12 100 474
14 13 895
13 15 192
16 13 78
17 13 705
13 18 924
13 19 155
13 20 146
21 13 39
22 13 296
23 13 290
13 24 800
13 25 423
13 26 951
13 28 696
13 29 265
13 30 343
13 31 917
32 13 70
33 13 855
34 13 512
13 35 437
13 36 224
37 13 624
13 38 256
13 39 388
40 13 488
41 13 465
42 13 217
43 13 636
13 44 419
45 13 637
46 13 892
47 13 911
48 13 142
49 13 243
50 13 842
51 13 590
52 13 287
13 53 515
13 54 253
13 55 936
13 56 816
13 57 584
58 13 75
13 59 648
60 13 824
61 13 605
62 13 189
63 13 380
13 64 279
13 65 687
13 66 653
13 67 241
68 13 841
69 13 185
13 70 656
13 71 537
72 13 576
73 13 207
13 74 396
75 13 494
76 13 491
13 77 637
78 13 612
13 79 713
13 80 342
81 13 713
13 82 26
83 13 636
84 13 707
13 85 16
13 86 644
13 87 537
13 89 95
13 90 771
91 13 361
92 13 791
13 93 330
13 94 421
95 13 886
13 96 38
13 97 374
98 13 661
99 13 19
100 13 737
14 15 246
16 14 833
14 17 987
18 14 525
19 14 622
14 20 734
14 21 340
14 22 143
23 14 697
24 14 718
14 25 576
26 14 569
14 27 490
14 28 980
14 29 164
14 30 49
14 31 166
14 32 911
14 33 636
34 14 937
14 35 434
14 36 943
14 37 545
14 38 146
14 39 1000
40 14 527
14 41 970
14 42 877
43 14 29
14 44 670
14 45 923
14 46 953
47 14 303
48 14 296
49 14 650
14 50 900
51 14 605
14 52 560
14 53 927
54 14 743
55 14 920
56 14 502
57 14 68
14 58 51
14 59 585
14 60 992
61 14 142
14 62 299
14 63 511
64 14 86
14 65 530
66 14 946
67 14 827
14 68 284
69 14 563
14 70 383
14 71 350
14 72 75
14 73 965
74 14 865
75 14 549
14 76 760
14 77 504
14 78 485
14 79 356
80 14 525
14 81 907
14 82 20
83 14 679
84 14 542
85 14 384
14 86 427
87 14 160
88 14 150
14 89 977
90 14 377
91 14 574
14 92 918
93 14 897
94 14 794
95 14 677
14 96 138
97 14 140
98 14 20
14 99 163
100 14 763
15 16 836
17 15 278
18 15 689
15 19 823
20 15 146
21 15 246
22 15 686
23 15 500
15 24 917
25 15 834
26 15 963
27 15 880
15 28 831
29 15 623
30 15 163
31 15 242
15 32 925
15 33 697
34 15 651
15 36 148
37 15 227
15 38 402
39 15 69
40 15 658
15 41 169
15 42 28
43 15 833
44 15 26
45 15 455
15 46 245
15 47 964
48 15 116
49 15 291
50 15 837
51 15 414
15 52 525
15 53 553
15 54 732
15 55 612
56 15 39
15 57 695
15 58 975
59 15 898
15 60 610
15 61 73
15 62 543
15 63 448
64 15 870
15 65 91
15 66 898
15 67 41
15 68 495
15 69 51
15 70 919
71 15 319
72 15 794
73 15 374
15 74 539
75 15 471
15 76 974
15 77 354
78 15 579
79 15 879
80 15 243
81 15 858
15 82 176
83 15 914
15 84 196
15 85 599
15 86 978
87 15 126
15 88 281
89 15 243
15 90 121
15 91 319
15 92 609
15 93 314
94 15 177
15 95 691
96 15 864
97 15 558
98 15 151
99 15 412
15 100 139
17 16 515
16 18 279
16 19 591
16 20 490
16 21 83
16 22 251
23 16 407
24 16 777
25 16 749
26 16 616
16 27 371
16 28 692
16 29 222
16 30 103
16 31 891
32 16 996
33 16 708
16 34 396
35 16 537
36 16 484
37 16 846
16 38 724
16 39 944
16 40 324
16 41 804
16 42 835
16 43 123
16 44 805
16 45 719
46 16 329
47 16 851
16 48 717
49 16 302
16 50 209
16 51 348
16 52 161
53 16 425
16 54 797
16 55 735
56 16 763
16 57 763
16 58 63
59 16 475
60 16 581
16 61 830
62 16 506
16 63 585
64 16 590
16 65 686
16 66 427
16 67 489
68 16 578
69 16 822
16 70 336
71 16 550
73 16 312
16 74 859
75 16 874
16 76 481
77 16 259
78 16 277
16 79 325
80 16 880
16 81 536
82 16 693
83 16 518
85 16 134
86 16 928
16 87 360
88 16 920
89 16 141
90 16 367
91 16 544
16 92 521
93 16 54
94 16 943
16 95 938
96 16 575
97 16 680
98 16 543
99 16 120
16 100 155
17 18 978
19 17 75
20 17 911
17 21 197
22 17 16
17 23 443
24 17 359
25 17 577
26 17 575
27 17 460
17 28 15
17 29 715
30 17 636
31 17 999
17 32 134
33 17 361
34 17 586
35 17 152
36 17 132
17 37 898
38 17 263
17 39 761
17 40 302
17 41 738
42 17 560
43 17 740
44 17 582
17 45 621
46 17 63
47 17 324
17 48 475
17 49 659
17 50 470
17 51 556
52 17 861
53 17 803
17 54 145
55 17 801
17 56 901
17 57 26
17 58 86
17 59 386
60 17 571
17 61 587
62 17 680
63 17 181
17 64 946
65 17 214
17 66 704
67 17 720
17 68 925
69 17 743
70 17 438
71 17 867
17 72 80
17 73 149
74 17 9
75 17 887
17 76 596
17 77 564
17 78 736
17 79 781
17 81 994
17 82 989
17 83 520
84 17 391
17 85 999
86 17 831
17 87 677
17 88 621
89 17 20
17 90 577
17 91 728
17 92 854
93 17 72
94 17 936
95 17 261
96 17 453
97 17 416
98 17 72
99 17 49
17 100 680
18 19 273
18 20 589
21 18 381
22 18 869
23 18 402
18 24 10
18 25 305
26 18 330
18 27 343
18 28 895
18 29 586
30 18 562
31 18 139
32 18 640
18 33 799
34 18 235
35 18 181
36 18 371
37 18 735
18 38 665
39 18 741
40 18 266
41 18 889
42 18 125
18 43 564
44 18 539
45 18 365
18 46 502
47 18 436
48 18 42
18 49 811
18 50 656
51 18 802
52 18 608
53 18 970
18 54 25
18 55 298
18 56 106
57 18 236
18 58 770
18 59 600
18 60 652
18 61 111
62 18 171
18 63 997
18 64 132
18 65 192
66 18 502
67 18 517
68 18 881
18 69 733
70 18 547
18 71 546
72 18 568
18 73 586
74 18 285
18 75 700
18 76 853
18 77 793
78 18 60
79 18 939
80 18 300
18 81 681
18 82 474
18 83 614
84 18 387
18 85 611
18 86 80
87 18 290
88 18 290
89 18 40
18 90 116
91 18 213
92 18 253
93 18 695
18 94 498
95 18 206
96 18 114
18 97 302
18 98 787
18 99 294
18 100 965
19 20 459
19 21 412
19 22 747
23 19 678
19 24 626
19 25 228
26 19 114
19 27 195
19 28 143
19 29 441
19 30 841
19 31 938
19 32 493
19 33 761
19 34 249
19 35 394
36 19 825
37 19 510
38 19 858
19 39 60
40 19 333
19 41 25
19 42 471
19 43 605
19 44 615
45 19 313
46 19 303
19 47 301
48 19 678
49 19 285
19 50 490
19 51 985
52 19 834
19 53 237
54 19 33
55 19 878
56 19 288
19 57 162
19 58 825
59 19 723
19 60 163
19 61 598
62 19 989
19 63 612
19 64 311
19 65 944
19 66 925
19 67 466
19 68 125
69 19 505
19 70 703
19 71 226
19 72 987
19 73 99
19 74 154
19 75 955
19 76 561
19 77 485
78 19 802
19 79 919
19 80 695
19 81 263
82 19 141
83 19 80
84 19 783
19 85 126
86 19 317
19 87 178
19 88 91
19 89 819
19 90 449
91 19 263
92 19 676
93 19 262
94 19 546
19 95 940
19 96 41
97 19 210
98 19 283
19 99 501
100 19 577
21 20 605
22 20 330
20 23 901
20 24 57
25 20 15
20 26 195
27 20 218
20 28 728
29 20 699
30 20 658
20 31 865
20 32 192
20 33 582
20 34 419
35 20 594
20 36 61
20 37 593
20 38 979
39 20 513
20 40 915
41 20 245
42 20 507
20 43 330
20 44 941
20 45 211
20 46 18
47 20 1000
48 20 204
49 20 387
50 20 367
20 51 322
52 20 178
20 53 520
20 54 110
20 55 895
20 56 910
57 20 484
58 20 953
59 20 2
60 20 193
20 61 194
20 62 990
63 20 770
20 64 478
20 65 168
20 66 136
67 20 623
68 20 402
20 69 172
70 20 526
71 20 238
72 20 909
74 20 861
75 20 557
76 20 429
20 77 3
20 78 462
79 20 760
80 20 24
81 20 822
20 82 50
20 83 842
20 84 63
85 20 238
86 20 212
20 87 162
88 20 916
20 89 905
90 20 470
91 20 585
92 20 933
93 20 240
20 94 134
95 20 400
96 20 914
97 20 728
98 20 234
99 20 381
20 100 608
21 22 572
23 21 977
24 21 521
21 25 318
21 26 372
27 21 238
28 21 389
21 29 895
30 21 267
31 21 979
21 32 241
21 33 590
21 34 559
35 21 241
36 21 470
21 37 612
38 21 722
21 39 477
40 21 183
21 41 372
42 21 285
43 21 215
44 21 483
45 21 5
46 21 841
21 47 119
48 21 579
21 49 752
50 21 883
21 51 131
21 52 895
21 53 97
54 21 33
55 21 563
21 56 719
21 57 122
58 21 894
21 59 379
21 60 796
21 61 477
21 62 71
63 21 772
64 21 6
21 65 842
21 66 219
21 67 296
21 68 66
21 69 434
21 70 964
21 71 665
21 72 929
21 73 388
21 74 473
75 21 550
76 21 854
21 77 608
21 78 324
21 79 628
80 21 255
81 21 921
82 21 793
21 83 290
21 84 959
85 21 307
21 86 718
21 87 956
21 88 461
89 21 820
21 90 813
91 21 906
21 92 98
93 21 293
94 21 244
95 21 101
21 96 741
97 21 323
98 21 940
21 99 742
21 100 687
23 22 172
22 24 724
25 22 402
22 26 173
27 22 821
22 28 293
22 29 355
22 30 591
22 31 162
22 32 920
22 33 684
22 34 987
22 35 193
22 36 969
22 37 528
38 22 686
39 22 59
40 22 529
22 41 297
42 22 736
43 22 390
22 44 195
45 22 769
46 22 744
22 47 970
48 22 543
49 22 674
50 22 10
22 51 159
52 22 152
22 53 633
54 22 384
55 22 598
22 56 206
22 57 316
58 22 714
59 22 968
22 60 154
22 61 396
62 22 17
22 63 911
22 64 370
22 65 440
22 66 802
22 67 710
68 22 283
22 69 493
22 70 89
22 71 281
22 72 687
73 22 587
74 22 6
22 75 12
76 22 642
22 77 759
22 78 477
79 22 569
80 22 956
81 22 929
82 22 606
22 83 765
84 22 684
22 85 906
22 86 51
88 22 90
89 22 3
22 90 492
91 22 205
22 92 902
22 93 760
94 22 440
22 95 480
22 96 87
22 97 566
22 98 445
22 99 312
100 22 591
24 23 239
23 25 972
26 23 482
27 23 263
28 23 902
29 23 97
23 30 755
23 31 422
23 32 260
33 23 997
34 23 850
35 23 930
23 36 982
37 23 675
23 38 707
39 23 214
40 23 330
41 23 425
42 23 245
43 23 999
23 44 440
45 23 956
23 46 444
47 23 411
23 48 941
49 23 146
50 23 194
23 51 558
52 23 450
23 53 468
23 54 848
23 55 157
56 23 218
57 23 691
58 23 620
23 59 664
60 23 136
61 23 957
23 62 699
63 23 339
23 64 478
23 65 430
66 23 911
67 23 197
23 68 570
23 70 769
23 71 728
72 23 267
23 73 987
74 23 631
23 75 97
23 76 516
77 23 998
78 23 766
23 79 137
80 23 897
23 81 186
82 23 531
23 83 468
23 84 445
23 85 813
86 23 533
23 87 861
88 23 552
89 23 584
23 90 227
23 91 575
23 92 746
23 93 540
94 23 992
23 95 267
23 96 647
23 97 807
98 23 327
23 99 771
100 23 109
25 24 335
26 24 827
27 24 143
24 28 394
24 29 911
24 30 757
24 31 713
32 24 409
24 33 717
24 34 631
24 35 640
36 24 491
24 37 158
24 38 423
24 39 292
40 24 214
41 24 523
24 42 173
43 24 121
24 44 95
24 45 537
46 24 221
47 24 409
48 24 204
24 49 733
24 50 165
24 51 463
52 24 169
24 53 824
54 24 251
24 55 473
24 56 446
57 24 856
24 58 715
24 59 888
60 24 711
24 61 716
62 24 377
24 63 264
24 64 953
24 65 766
66 24 719
24 67 124
68 24 199
69 24 181
70 24 766
71 24 264
72 24 351
73 24 181
74 24 799
24 75 226
76 24 843
77 24 792
78 24 416
79 24 151
80 24 402
24 81 837
24 82 495
24 83 358
84 24 611
24 85 493
24 86 542
24 87 291
24 88 227
89 24 308
90 24 890
91 24 237
24 92 177
24 93 655
94 24 786
95 24 313
96 24 72
97 24 658
98 24 813
99 24 610
100 24 904
25 26 502
27 25 209
25 28 40
29 25 614
25 30 163
31 25 584
25 32 939
33 25 779
34 25 353
35 25 749
36 25 751
25 37 517
38 25 89
39 25 775
25 40 103
41 25 503
42 25 827
43 25 396
44 25 850
25 45 566
25 46 864
47 25 411
25 48 909
25 49 746
50 25 754
25 51 981
25 52 17
25 53 264
54 25 826
55 25 506
56 25 421
25 57 885
58 25 71
25 59 113
25 60 641
25 61 283
62 25 179
25 63 658
64 25 235
25 65 52
25 66 249
25 67 843
25 68 881
69 25 722
70 25 201
25 71 987
72 25 587
73 25 867
74 25 502
25 75 280
76 25 9
77 25 351
78 25 960
25 79 626
25 80 115
81 25 181
25 82 412
83 25 333
84 25 185
25 85 351
86 25 985
87 25 5
25 88 911
25 89 284
25 90 555
25 91 258
92 25 830
93 25 102
94 25 320
95 25 334
25 96 459
25 97 501
25 98 592
99 25 514
100 25 943
26 27 513
28 26 904
26 29 202
26 30 93
26 31 578
32 26 753
33 26 561
26 34 147
26 35 74
26 36 92
37 26 603
26 38 272
26 39 420
40 26 640
41 26 991
26 42 853
26 43 213
26 44 725
26 45 922
46 26 251
47 26 167
48 26 389
49 26 288
50 26 741
51 26 352
26 52 119
53 26 382
26 54 410
55 26 605
57 26 595
58 26 641
26 59 547
60 26 526
26 61 22
26 62 915
26 63 564
64 26 612
65 26 909
66 26 383
67 26 850
26 68 740
26 69 299
70 26 565
71 26 85
26 72 944
26 73 652
26 74 833
26 75 332
76 26 213
77 26 756
78 26 928
26 79 748
26 80 314
26 81 38
26 82 628
83 26 965
84 26 43
26 85 200
86 26 418
26 87 276
88 26 19
89 26 297
26 90 828
26 91 914
92 26 685
93 26 871
26 94 692
26 95 855
96 26 977
26 97 52
98 26 131
99 26 675
100 26 632
27 28 483
29 27 862
30 27 114
27 31 37
27 32 83
34 27 996
35 27 425
36 27 831
37 27 60
38 27 243
39 27 129
40 27 468
41 27 969
27 42 760
43 27 467
44 27 327
27 45 846
46 27 333
27 47 826
48 27 160
27 49 482
27 50 2
51 27 876
27 52 295
53 27 984
54 27 351
55 27 375
56 27 549
57 27 654
27 58 187
59 27 645
27 60 692
27 61 302
27 62 919
63 27 117
64 27 520
27 65 938
66 27 856
67 27 57
27 68 99
27 69 391
27 70 856
71 27 620
72 27 460
73 27 64
27 74 97
27 75 511
27 76 550
77 27 515
27 78 291
79 27 250
80 27 581
81 27 35
27 82 55
83 27 290
27 84 483
27 85 307
27 86 796
27 87 94
88 27 902
27 89 253
90 27 217
91 27 490
27 92 927
93 27 938
27 94 987
95 27 732
96 27 430
27 97 59
27 98 209
27 99 989
100 27 379
29 28 732
28 30 572
28 31 133
28 32 335
33 28 176
34 28 499
35 28 21
28 36 21
28 37 347
28 38 200
28 39 278
40 28 195
28 41 465
42 28 35
43 28 797
44 28 452
45 28 291
46 28 706
47 28 200
28 48 159
49 28 942
50 28 40
28 51 434
28 52 623
28 53 771
54 28 561
55 28 155
28 56 736
57 28 862
58 28 128
59 28 887
60 28 539
61 28 953
28 62 303
63 28 635
64 28 879
28 65 118
28 66 242
67 28 682
28 68 387
28 69 742
70 28 852
71 28 406
28 72 867
28 73 62
28 74 982
28 75 924
28 76 181
77 28 115
78 28 733
79 28 296
80 28 28
81 28 881
82 28 667
28 83 837
84 28 13
28 85 704
86 28 826
87 28 156
88 28 80
89 28 390
90 28 220
28 91 932
28 92 894
28 93 883
28 94 146
95 28 236
28 96 294
28 97 794
28 98 677
28 99 365
28 100 912
29 30 906
31 29 528
32 29 133
29 33 981
34 29 372
29 35 188
29 36 600
37 29 701
29 38 706
39 29 363
40 29 724
29 41 409
42 29 967
43 29 851
44 29 126
29 45 102
46 29 850
29 47 795
48 29 941
49 29 857
29 50 327
29 51 615
29 52 124
29 53 111
54 29 866
55 29 473
56 29 832
57 29 809
29 58 318
59 29 833
60 29 772
29 61 826
29 62 563
29 63 308
64 29 747
29 65 167
66 29 559
67 29 702
29 68 800
29 69 214
70 29 340
29 71 957
72 29 919
29 73 320
29 74 128
29 75 30
29 76 438
77 29 225
29 78 827
29 79 207
80 29 47
81 29 701
82 29 505
29 83 990
84 29 565
85 29 25
29 86 592
29 87 426
29 88 451
89 29 97
29 90 601
91 29 829
29 92 333
93 29 389
94 29 936
95 29 787
29 96 967
97 29 290
29 98 240
99 29 480
29 100 833
30 31 59
32 30 837
30 33 934
34 30 933
35 30 217
36 30 861
37 30 570
38 30 450
30 39 56
40 30 905
30 41 71
42 30 681
30 43 398
30 44 991
45 30 76
46 30 733
30 47 247
48 30 322
49 30 560
30 50 915
30 51 786
52 30 172
53 30 319
54 30 16
30 55 710
30 56 568
30 57 495
30 58 843
30 59 519
60 30 121
30 61 656
62 30 432
30 63 125
64 30 786
30 65 6
30 66 163
67 30 178
68 30 201
69 30 11
70 30 222
30 71 488
72 30 555
30 73 740
30 74 225
75 30 230
76 30 556
77 30 901
78 30 491
30 79 91
30 80 413
30 81 680
30 82 942
83 30 966
30 84 705
30 85 710
30 87 549
88 30 954
30 89 511
90 30 458
91 30 933
92 30 380
93 30 55
94 30 11
30 95 809
96 30 197
97 30 670
30 98 550
30 99 441
30 100 231
31 32 753
33 31 167
34 31 279
35 31 886
36 31 823
38 31 755
39 31 993
31 40 256
41 31 990
42 31 519
31 43 235
44 31 649
31 45 29
46 31 150
31 47 109
31 48 824
49 31 436
31 50 247
31 51 361
31 52 731
53 31 648
54 31 904
31 55 464
56 31 702
31 57 197
58 31 433
31 59 699
31 60 493
61 31 960
62 31 798
31 63 264
64 31 36
65 31 800
31 66 607
31 67 669
68 31 567
69 31 173
70 31 308
71 31 332
31 72 90
31 73 582
31 74 663
31 75 955
31 76 711
31 77 502
31 78 333
79 31 833
31 80 815
31 81 2
82 31 144
31 83 757
31 84 338
31 85 531
31 86 918
31 87 359
88 31 93
31 89 232
31 90 923
91 31 263
92 31 452
31 93 493
94 31 880
95 31 504
31 96 956
97 31 467
98 31 527
99 31 160
31 100 856
32 33 565
34 32 255
35 32 483
32 36 566
37 32 103
38 32 253
39 32 825
32 40 480
41 32 192
42 32 993
32 43 404
44 32 904
32 45 751
32 46 445
47 32 350
32 48 304
32 49 777
50 32 189
51 32 258
32 52 325
32 53 594
32 55 771
56 32 907
57 32 528
58 32 784
59 32 20
32 60 183
32 61 186
32 62 686
32 63 313
64 32 104
65 32 465
32 66 767
32 67 975
32 68 400
32 69 466
70 32 465
32 71 313
72 32 674
32 73 339
74 32 119
32 75 892
76 32 599
32 77 616
32 78 229
79 32 973
32 80 859
81 32 49
82 32 512
83 32 144
32 84 708
85 32 592
32 86 196
32 87 894
32 88 447
32 89 678
90 32 942
32 91 217
32 92 999
93 32 176
94 32 113
32 95 911
96 32 936
97 32 595
32 98 982
32 99 63
100 32 51
33 34 565
33 35 261
33 36 467
37 33 394
38 33 624
39 33 714
33 40 226
33 41 24
42 33 290
33 43 252
33 44 106
33 45 511
33 46 339
33 47 142
48 33 884
33 49 110
33 50 789
33 51 610
33 52 428
33 54 403
55 33 465
56 33 266
33 57 618
58 33 817
33 59 622
60 33 211
61 33 231
62 33 851
33 63 756
64 33 957
65 33 64
66 33 735
67 33 718
33 68 213
33 69 741
70 33 112
71 33 561
72 33 732
73 33 747
74 33 636
75 33 621
33 76 529
77 33 812
33 78 924
79 33 686
33 80 865
33 81 988
33 82 534
83 33 293
33 84 776
33 85 65
86 33 238
87 33 616
33 88 507
33 89 574
33 90 82
33 91 44
92 33 44
93 33 694
94 33 774
95 33 550
33 96 480
33 97 941
33 98 594
33 99 463
33 100 267
35 34 960
34 36 504
37 34 529
34 38 641
34 39 856
34 40 647
41 34 388
34 42 105
43 34 360
34 44 164
34 45 868
46 34 799
34 47 8
34 48 41
49 34 113
50 34 349
51 34 515
34 52 351
53 34 214
54 34 497
55 34 65
56 34 671
34 57 537
58 34 237
34 59 5
34 60 157
34 61 394
62 34 31
34 63 699
34 64 224
65 34 82
34 66 587
34 67 776
34 68 343
69 34 280
70 34 113
34 71 685
72 34 500
73 34 909
34 74 469
75 34 487
76 34 136
34 77 932
78 34 633
34 79 590
34 80 144
81 34 132
82 34 971
83 34 372
84 34 951
85 34 855
86 34 699
87 34 197
34 88 112
89 34 637
34 90 18
91 34 204
92 34 706
93 34 671
94 34 116
34 95 898
34 96 635
97 34 694
98 34 991
99 34 269
100 34 67
36 35 355
37 35 13
38 35 18
35 39 656
35 40 703
41 35 480
42 35 529
35 43 745
35 44 876
45 35 811
46 35 824
47 35 506
48 35 401
35 49 933
50 35 789
51 35 495
52 35 468
35 53 46
54 35 983
35 57 725
35 58 296
59 35 507
35 60 804
35 61 604
62 35 507
63 35 763
35 64 295
35 65 211
66 35 888
67 35 578
68 35 846
69 35 242
70 35 233
35 71 943
72 35 613
73 35 397
35 74 623
75 35 652
76 35 285
77 35 745
78 35 34
79 35 506
35 80 726
81 35 555
35 82 419
35 83 996
35 84 880
85 35 506
35 86 812
35 87 539
88 35 466
89 35 36
35 90 189
91 35 218
92 35 294
35 93 967
94 35 173
35 95 6
35 96 188
35 97 511
35 98 395
35 99 221
35 100 446
36 37 90
36 38 525
36 39 386
36 40 266
41 36 781
36 42 460
43 36 279
44 36 312
45 36 783
36 46 717
36 47 734
36 48 52
36 49 213
36 50 454
51 36 72
52 36 510
53 36 860
36 54 140
55 36 727
56 36 666
57 36 210
58 36 857
36 59 933
60 36 85
61 36 4
36 63 737
36 64 905
65 36 324
66 36 138
36 67 774
36 68 969
36 69 248
36 70 777
36 71 432
72 36 509
36 73 742
74 36 147
36 75 269
76 36 18
77 36 670
36 78 189
79 36 281
80 36 443
36 81 795
36 82 711
36 83 319
84 36 205
36 85 736
86 36 58
87 36 513
36 88 456
89 36 255
36 90 540
91 36 268
92 36 858
36 93 430
36 94 48
95 36 138
36 96 665
97 36 773
98 36 204
99 36 757
100 36 657
37 38 741
37 39 658
37 40 983
41 37 564
42 37 67
43 37 112
37 44 363
45 37 975
37 46 14
37 47 853
48 37 215
49 37 139
50 37 595
51 37 430
52 37 455
37 53 194
54 37 151
55 37 152
56 37 667
57 37 74
58 37 521
59 37 771
60 37 505
61 37 26
37 62 471
37 63 372
64 37 98
65 37 24
37 66 557
67 37 394
68 37 890
69 37 557
37 70 141
71 37 228
37 72 127
73 37 244
37 74 189
37 75 882
76 37 111
37 77 562
78 37 841
37 79 617
80 37 500
37 81 334
37 82 796
37 83 418
84 37 18
37 85 428
86 37 386
37 87 670
88 37 308
89 37 512
90 37 631
91 37 189
92 37 4
93 37 321
94 37 740
95 37 135
96 37 281
37 97 646
37 98 547
100 37 917
38 39 540
40 38 126
41 38 800
38 42 503
38 43 501
44 38 694
45 38 539
38 46 601
47 38 106
48 38 732
49 38 931
38 50 27
38 51 967
38 52 649
53 38 566
54 38 121
38 55 695
38 56 652
38 57 587
38 58 557
59 38 152
60 38 35
61 38 388
62 38 35
38 63 431
64 38 592
38 66 618
67 38 407
68 38 463
69 38 989
70 38 259
38 71 425
38 72 745
38 73 794
74 38 826
38 75 754
38 76 619
38 77 816
78 38 831
79 38 36
80 38 252
38 81 36
82 38 562
38 83 291
38 84 933
85 38 106
86 38 76
38 87 399
88 38 799
38 89 423
90 38 128
38 91 404
38 92 324
93 38 998
38 94 231
95 38 454
38 96 133
97 38 702
38 98 283
99 38 774
100 38 975
40 39 757
41 39 465
42 39 223
43 39 51
44 39 239
39 45 172
46 39 275
47 39 213
39 48 352
39 49 9
50 39 277
51 39 646
52 39 538
39 53 675
54 39 846
55 39 246
39 56 403
39 57 461
58 39 324
59 39 973
60 39 40
61 39 909
39 62 991
63 39 937
39 65 297
66 39 897
67 39 144
68 39 679
69 39 253
70 39 268
71 39 938
39 72 656
73 39 682
39 74 323
39 75 957
76 39 583
77 39 145
39 78 443
79 39 536
80 39 237
81 39 988
82 39 973
83 39 359
84 39 554
85 39 344
86 39 215
87 39 42
39 88 280
89 39 854
39 90 266
39 91 190
39 92 262
39 93 799
39 94 302
95 39 545
39 96 519
39 97 22
98 39 14
39 99 142
100 39 342
41 40 740
42 40 469
43 40 778
40 44 208
45 40 701
46 40 144
40 47 25
48 40 575
49 40 165
50 40 509
51 40 470
52 40 944
40 53 870
54 40 223
55 40 228
56 40 199
57 40 825
58 40 451
40 59 767
40 60 937
61 40 835
40 62 61
63 40 541
64 40 385
65 40 215
40 66 469
67 40 272
40 68 528
69 40 72
40 70 207
71 40 18
72 40 617
40 73 424
40 74 796
40 75 77
40 76 360
77 40 867
40 78 473
79 40 407
40 80 815
81 40 103
82 40 9
40 83 398
40 84 219
40 85 990
86 40 768
87 40 534
88 40 201
89 40 804
40 90 850
91 40 431
92 40 495
93 40 981
94 40 408
95 40 176
40 96 63
40 97 209
40 98 4
40 99 311
40 100 427
41 42 350
43 41 659
44 41 283
45 41 191
41 46 558
41 47 669
41 48 953
49 41 636
50 41 482
51 41 671
52 41 969
53 41 287
54 41 508
41 55 134
56 41 567
57 41 470
41 58 459
41 59 503
60 41 690
61 41 178
62 41 437
41 63 586
64 41 361
41 65 673
41 66 968
67 41 202
41 68 779
41 69 464
70 41 833
41 71 105
72 41 214
41 73 19
41 74 406
75 41 412
76 41 917
77 41 694
78 41 786
79 41 93
41 80 204
81 41 691
41 82 459
83 41 459
41 84 732
85 41 876
86 41 576
41 87 315
88 41 257
89 41 812
41 90 205
91 41 461
41 92 163
41 93 826
41 94 136
95 41 798
41 96 683
41 97 215
41 98 380
99 41 731
41 100 651
42 43 380
42 44 289
42 45 366
46 42 379
47 42 911
48 42 751
49 42 408
50 42 228
42 51 917
52 42 504
42 53 406
42 54 201
42 55 679
56 42 997
57 42 396
58 42 718
59 42 873
42 60 172
42 61 255
42 62 119
63 42 837
64 42 887
42 65 486
42 66 829
42 67 476
42 68 115
42 69 870
70 42 853
42 71 599
72 42 13
42 73 848
42 74 472
75 42 440
42 76 661
42 77 545
78 42 858
79 42 1000
42 80 329
81 42 209
82 42 886
42 83 193
42 84 269
42 85 18
42 86 961
87 42 322
88 42 962
89 42 407
42 90 240
42 91 429
92 42 539
93 42 31
42 94 58
42 95 843
42 96 866
97 42 246
98 42 86
42 99 454
100 42 499
43 44 828
43 45 440
46 43 136
47 43 22
43 48 538
49 43 739
43 50 865
51 43 291
43 52 376
43 53 629
43 54 437
55 43 620
43 56 245
43 57 120
58 43 412
43 59 522
60 43 133
61 43 443
62 43 65
43 63 514
64 43 429
65 43 920
66 43 881
43 67 892
68 43 261
69 43 178
70 43 15
43 71 731
72 43 855
43 73 661
43 74 171
43 75 560
43 76 846
43 77 276
78 43 818
79 43 865
43 80 393
43 81 242
43 82 698
43 83 234
43 84 6
85 43 7
43 86 208
87 43 982
43 88 938
89 43 383
43 90 880
43 91 115
43 92 296
43 93 340
95 43 556
43 96 275
97 43 655
43 98 388
43 99 485
43 100 145
44 45 704
44 46 103
44 47 850
48 44 377
44 49 251
44 50 75
51 44 303
44 52 840
44 53 843
44 54 278
44 55 365
56 44 441
57 44 156
44 58 159
59 44 229
60 44 536
44 61 523
44 62 723
44 63 858
64 44 919
65 44 639
66 44 5
67 44 849
44 68 336
69 44 147
44 70 793
71 44 870
72 44 233
73 44 764
74 44 17
75 44 398
44 76 276
44 77 542
78 44 995
79 44 801
80 44 211
81 44 961
82 44 731
83 44 410
84 44 204
44 85 384
44 86 770
87 44 580
88 44 981
89 44 97
44 90 687
44 91 549
92 44 117
44 93 961
94 44 193
95 44 727
96 44 552
44 97 970
44 98 848
99 44 52
100 44 287
46 45 750
45 47 391
48 45 410
45 49 24
50 45 721
45 51 352
52 45 672
53 45 63
45 54 931
55 45 97
45 56 361
45 57 49
45 58 281
45 59 61
60 45 651
61 45 471
45 62 106
45 63 729
45 64 937
45 65 374
66 45 813
67 45 629
68 45 897
69 45 820
45 70 649
45 71 189
45 72 915
73 45 691
45 74 484
75 45 232
45 76 153
45 77 534
78 45 267
45 79 126
80 45 69
81 45 563
82 45 279
45 83 69
45 84 234
85 45 707
86 45 156
87 45 892
88 45 483
45 89 970
45 90 37
91 45 452
92 45 902
93 45 799
94 45 302
45 95 75
45 96 126
45 97 250
98 45 829
99 45 284
45 100 559
46 47 296
46 48 236
49 46 488
46 50 121
51 46 35
52 46 657
46 53 49
54 46 822
46 55 431
56 46 475
57 46 844
58 46 494
46 59 709
46 60 116
46 61 736
46 62 333
63 46 91
46 64 570
65 46 285
46 66 739
67 46 902
46 68 805
46 69 658
46 70 501
71 46 453
46 72 296
46 73 280
46 74 93
46 75 463
46 76 331
46 77 233
78 46 581
79 46 582
46 80 606
46 81 895
46 82 184
46 83 91
46 84 97
46 85 670
46 86 539
46 87 925
88 46 121
46 89 976
46 90 543
46 91 773
46 93 358
94 46 920
95 46 820
96 46 990
97 46 315
98 46 220
46 99 776
46 100 558
48 47 933
49 47 766
47 50 783
47 51 230
47 52 927
53 47 880
47 54 920
47 55 351
56 47 694
47 57 661
58 47 42
47 59 901
47 60 334
61 47 169
62 47 384
63 47 688
47 64 937
65 47 425
47 66 404
47 67 409
47 68 801
69 47 693
47 70 96
47 71 996
47 72 17
47 73 6
74 47 657
75 47 470
47 76 379
77 47 803
47 78 421
47 79 133
80 47 294
81 47 428
82 47 914
83 47 26
47 84 477
47 85 433
47 86 817
47 87 417
47 88 787
89 47 596
90 47 681
91 47 137
92 47 407
93 47 876
94 47 132
47 95 184
96 47 916
97 47 121
98 47 151
47 99 895
100 47 919
49 48 903
48 50 459
51 48 273
52 48 93
48 53 744
54 48 636
48 55 535
56 48 522
48 57 869
58 48 121
48 59 429
48 60 719
61 48 569
62 48 398
63 48 848
48 64 141
48 65 755
66 48 420
67 48 548
68 48 894
69 48 989
48 70 522
48 71 924
72 48 637
48 73 47
48 74 548
75 48 497
48 76 727
77 48 486
48 78 527
79 48 791
48 80 434
48 81 970
48 82 572
83 48 70
48 84 159
48 85 699
48 86 285
48 87 74
48 88 117
48 89 383
48 90 298
91 48 633
48 92 296
93 48 499
48 94 803
48 95 193
96 48 539
97 48 794
48 98 679
99 48 631
48 100 624
50 49 869
51 49 654
52 49 182
53 49 766
49 54 786
49 55 794
56 49 439
57 49 889
49 58 263
59 49 931
60 49 279
61 49 969
49 62 282
49 63 638
64 49 189
49 65 593
66 49 170
67 49 351
68 49 369
69 49 618
49 70 884
71 49 924
49 72 852
73 49 963
49 74 855
75 49 272
76 49 713
77 49 909
78 49 592
49 79 907
49 80 807
81 49 188
49 82 97
83 49 30
84 49 359
85 49 971
49 86 410
49 87 915
88 49 410
49 89 78
49 90 122
91 49 100
92 49 293
49 93 533
49 94 906
95 49 15
49 96 641
97 49 392
49 98 93
99 49 906
50 51 228
50 52 533
50 53 310
54 50 235
55 50 574
50 56 13
50 57 301
58 50 567
59 50 83
50 60 566
61 50 817
62 50 513
63 50 372
50 64 463
65 50 860
66 50 620
67 50 660
50 68 912
69 50 648
50 70 860
71 50 699
50 72 494
50 73 774
50 74 660
50 75 214
76 50 80
50 77 205
50 78 400
79 50 898
50 80 425
81 50 126
50 82 195
83 50 547
84 50 457
50 85 308
50 86 414
87 50 891
88 50 6
50 89 319
90 50 871
50 91 593
50 92 913
93 50 894
50 94 725
95 50 173
96 50 899
50 97 544
98 50 786
50 99 255
50 100 283
52 51 910
51 53 921
51 54 955
51 55 816
56 51 294
51 57 508
51 58 988
51 59 682
60 51 83
61 51 23
62 51 259
63 51 256
64 51 69
65 51 244
51 66 986
67 51 238
51 69 158
70 51 880
71 51 862
51 72 728
73 51 715
74 51 886
51 75 998
51 76 568
51 77 492
51 78 15
51 79 781
80 51 185
81 51 764
51 82 159
51 83 97
84 51 568
51 85 451
86 51 688
51 87 7
88 51 563
89 51 731
51 90 207
51 91 566
51 92 836
93 51 300
51 94 525
51 95 722
96 51 957
97 51 568
98 51 127
51 99 871
51 100 269
52 53 196
52 54 985
52 55 426
56 52 923
52 57 347
58 52 587
52 59 606
52 60 672
61 52 975
52 62 689
52 63 256
64 52 181
65 52 111
66 52 190
67 52 704
52 68 654
69 52 117
70 52 453
52 71 537
72 52 49
73 52 207
52 74 146
52 75 409
52 76 421
52 77 365
78 52 79
79 52 457
80 52 147
81 52 269
82 52 899
52 83 498
84 52 575
85 52 543
86 52 860
87 52 105
88 52 314
89 52 248
90 52 474
52 91 980
52 92 391
93 52 354
52 94 317
52 95 784
96 52 728
97 52 503
98 52 80
99 52 883
52 100 319
54 53 384
53 55 207
53 56 790
53 57 798
58 53 683
53 59 45
53 60 517
53 62 223
53 63 674
53 64 744
65 53 464
53 66 695
53 67 227
68 53 324
69 53 717
53 70 968
71 53 306
53 72 388
53 73 605
74 53 860
53 75 821
76 53 97
77 53 879
78 53 567
53 79 702
53 80 744
81 53 161
82 53 958
83 53 189
84 53 323
53 85 732
86 53 504
53 87 98
88 53 567
53 89 667
53 90 634
91 53 650
53 92 798
53 93 400
53 94 136
95 53 377
96 53 618
97 53 21
98 53 627
53 99 560
53 100 467
55 54 592
54 56 680
57 54 564
54 58 94
59 54 727
60 54 773
61 54 456
54 62 608
63 54 285
64 54 660
65 54 326
66 54 901
54 67 555
54 68 907
69 54 477
70 54 405
54 71 46
54 72 108
54 73 386
74 54 896
54 75 280
54 76 840
77 54 238
54 78 294
54 79 894
80 54 535
81 54 581
82 54 917
83 54 314
84 54 249
54 85 252
86 54 209
87 54 792
54 88 610
89 54 869
90 54 289
54 91 173
54 92 234
54 93 279
94 54 635
95 54 831
96 54 95
97 54 308
98 54 546
99 54 538
54 100 763
56 55 150
57 55 437
58 55 639
59 55 470
60 55 903
55 61 358
62 55 589
63 55 540
55 64 822
65 55 744
55 66 695
55 67 63
55 68 201
55 69 975
55 70 105
71 55 878
55 72 59
55 73 898
74 55 64
75 55 907
76 55 476
55 77 97
78 55 559
79 55 636
55 80 163
81 55 31
82 55 216
83 55 211
55 84 404
85 55 857
55 86 273
55 87 465
88 55 752
89 55 732
90 55 81
55 91 485
92 55 606
55 93 325
55 94 570
55 95 543
55 96 690
97 55 940
98 55 370
55 99 25
100 55 390
57 56 633
58 56 967
59 56 697
56 60 163
56 61 884
56 62 417
63 56 504
56 64 302
56 65 185
66 56 139
67 56 306
68 56 356
69 56 436
70 56 99
56 71 849
56 72 341
73 56 502
74 56 282
56 75 24
56 76 977
77 56 391
78 56 627
56 79 767
56 80 425
81 56 854
82 56 382
83 56 94
56 85 530
86 56 206
87 56 661
88 56 681
56 89 898
90 56 127
91 56 714
56 92 423
93 56 665
56 94 951
56 95 934
96 56 335
56 97 436
99 56 595
100 56 57
57 58 576
59 57 907
57 60 530
61 57 949
62 57 201
63 57 853
64 57 1
57 65 774
66 57 790
67 57 275
57 68 226
69 57 386
70 57 293
57 71 134
72 57 32
57 73 940
74 57 59
57 75 875
57 76 500
77 57 314
57 78 461
57 79 51
80 57 643
57 81 137
82 57 116
57 83 836
84 57 972
85 57 505
57 86 910
57 87 854
57 88 180
89 57 900
57 90 342
57 91 177
57 92 300
57 93 245
94 57 359
95 57 925
96 57 470
57 97 137
98 57 177
57 99 629
57 100 544
58 59 764
58 60 123
61 58 747
58 62 114
58 63 891
64 58 476
65 58 1000
66 58 260
67 58 887
58 68 243
58 69 323
70 58 225
71 58 1
72 58 135
58 73 900
58 74 115
75 58 835
76 58 984
77 58 243
78 58 931
79 58 255
58 80 904
81 58 180
82 58 555
83 58 485
84 58 230
85 58 213
58 86 969
58 87 558
88 58 195
89 58 133
90 58 176
91 58 249
92 58 252
93 58 959
58 94 976
95 58 939
96 58 171
58 97 393
98 58 888
99 58 522
100 58 387
59 60 274
59 61 299
62 59 810
63 59 344
59 64 505
65 59 613
59 66 29
59 67 596
68 59 397
69 59 199
70 59 801
59 71 804
59 72 446
59 73 774
74 59 512
75 59 405
59 76 868
77 59 320
78 59 900
80 59 404
81 59 639
82 59 561
59 83 457
84 59 250
85 59 98
59 86 532
87 59 91
88 59 264
59 89 202
90 59 646
59 91 987
92 59 581
93 59 454
59 94 940
95 59 636
59 96 1
59 97 556
59 98 479
59 99 108
59 100 391
61 60 15
60 62 23
63 60 350
64 60 239
65 60 221
60 66 265
67 60 18
68 60 247
69 60 158
70 60 291
71 60 586
60 72 418
73 60 205
60 74 153
60 75 975
76 60 221
77 60 168
78 60 94
79 60 233
60 80 67
81 60 919
82 60 659
60 83 880
60 84 110
85 60 148
86 60 182
87 60 44
88 60 225
60 89 199
90 60 263
91 60 975
92 60 514
60 93 78
94 60 658
60 95 642
96 60 763
60 97 759
98 60 199
60 99 30
60 100 27
62 61 60
61 63 261
64 61 510
65 61 54
61 66 918
67 61 233
68 61 151
61 69 34
61 70 408
61 71 890
72 61 120
61 73 312
61 74 776
61 75 868
61 76 169
61 77 686
78 61 805
79 61 35
61 80 488
81 61 22
82 61 757
61 83 649
84 61 55
85 61 487
61 86 78
61 87 862
88 61 379
89 61 426
61 90 34
91 61 663
61 92 890
93 61 134
61 94 999
95 61 360
61 96 609
97 61 890
98 61 690
99 61 623
61 100 573
63 62 205
62 64 484
62 65 198
62 66 590
67 62 72
68 62 972
62 69 528
70 62 434
62 71 259
62 72 534
62 73 269
62 74 350
75 62 210
76 62 401
62 77 134
78 62 941
62 79 326
62 80 755
81 62 342
62 82 849
83 62 670
62 84 498
85 62 385
62 86 562
87 62 67
88 62 612
62 89 940
90 62 198
91 62 703
62 92 333
62 93 626
94 62 173
95 62 400
96 62 177
97 62 974
98 62 153
99 62 549
100 62 543
64 63 934
65 63 575
63 66 903
63 67 39
68 63 498
63 69 343
63 70 537
71 63 387
63 72 299
73 63 816
74 63 189
63 75 791
63 76 369
63 77 508
78 63 298
63 79 201
80 63 506
81 63 934
82 63 664
83 63 603
84 63 560
85 63 64
86 63 324
63 87 962
63 88 360
63 89 24
63 90 121
91 63 413
92 63 462
63 93 757
94 63 321
95 63 693
96 63 787
63 97 587
63 98 950
99 63 314
63 100 189
65 64 310
64 66 178
67 64 838
68 64 752
69 64 788
70 64 379
64 71 713
64 72 471
64 73 302
64 74 482
64 75 322
76 64 972
64 77 718
78 64 800
64 79 134
64 80 760
81 64 204
64 82 418
83 64 178
84 64 253
64 85 745
64 86 517
64 87 175
64 88 983
89 64 483
64 90 822
64 91 732
92 64 63
64 93 66
64 94 185
95 64 905
64 96 346
64 97 585
98 64 148
99 64 635
100 64 80
65 66 384
65 67 541
65 68 287
69 65 386
70 65 986
65 71 924
65 72 704
65 73 223
74 65 903
75 65 672
65 76 54
77 65 915
78 65 483
79 65 753
80 65 815
65 81 200
65 82 779
65 83 459
84 65 614
85 65 834
65 86 756
65 87 21
88 65 447
89 65 932
65 90 1
91 65 157
65 92 323
93 65 44
94 65 485
65 95 625
96 65 627
97 65 200
65 98 916
99 65 823
65 100 207
66 67 833
66 68 765
69 66 124
66 70 799
71 66 913
72 66 713
73 66 556
75 66 952
76 66 976
77 66 168
66 78 78
66 79 826
80 66 259
66 81 657
66 82 394
66 83 676
84 66 781
66 85 182
66 86 382
87 66 256
66 88 653
66 89 440
66 90 518
91 66 582
92 66 841
93 66 471
66 94 740
66 95 752
96 66 483
66 97 842
66 98 72
66 99 582
66 100 101
68 67 195
69 67 703
67 70 366
67 71 829
72 67 747
67 73 547
67 74 191
67 75 77
76 67 657
67 77 308
78 67 870
67 79 816
67 80 17
81 67 933
67 82 90
83 67 64
67 84 515
85 67 789
86 67 826
87 67 37
67 88 315
67 89 251
90 67 675
91 67 517
92 67 847
67 93 91
67 94 317
95 67 779
96 67 497
67 98 939
67 99 345
67 100 610
69 68 67
68 70 640
71 68 879
72 68 349
68 73 814
74 68 840
68 75 425
68 76 986
68 77 613
68 78 916
79 68 832
68 80 719
81 68 529
82 68 286
68 83 935
84 68 40
85 68 737
68 86 35
87 68 242
68 88 132
89 68 292
90 68 899
91 68 844
68 92 316
68 93 289
68 94 678
96 68 397
97 68 712
98 68 300
99 68 691
68 100 328
70 69 634
71 69 78
69 72 953
73 69 83
74 69 456
75 69 257
69 76 601
77 69 840
69 78 781
79 69 86
80 69 605
69 81 915
69 82 590
69 83 604
84 69 112
69 85 971
86 69 642
69 87 49
69 88 212
89 69 657
69 90 240
91 69 191
69 92 757
69 93 247
69 94 804
69 95 142
96 69 165
97 69 76
98 69 974
69 99 387
100 69 667
71 70 534
70 72 109
70 73 606
70 74 416
70 75 339
76 70 526
70 77 846
78 70 263
79 70 876
80 70 424
81 70 179
82 70 425
70 83 47
84 70 989
85 70 835
86 70 493
70 87 315
88 70 653
70 89 625
90 70 885
91 70 427
70 92 196
93 70 396
94 70 365
95 70 229
70 96 640
97 70 80
70 98 364
70 99 814
100 70 262
72 71 359
73 71 720
74 71 59
75 71 648
76 71 145
71 77 998
78 71 294
79 71 195
80 71 3
81 71 664
82 71 699
83 71 341
71 84 718
85 71 608
71 86 761
87 71 884
88 71 975
89 71 496
71 90 679
91 71 716
92 71 27
93 71 98
71 94 258
71 95 712
71 96 203
97 71 195
98 71 29
99 71 382
100 71 591
73 72 982
74 72 210
75 72 822
72 76 171
77 72 569
72 78 811
79 72 376
80 72 701
81 72 156
72 82 469
72 83 922
84 72 946
72 85 923
86 72 2
72 87 73
88 72 645
72 89 295
72 90 622
72 91 389
72 92 784
72 93 993
94 72 298
95 72 431
72 96 545
97 72 308
98 72 158
99 72 35
100 72 696
74 73 429
75 73 965
76 73 993
77 73 258
73 78 166
80 73 554
81 73 539
82 73 367
83 73 512
84 73 915
73 85 632
86 73 169
73 87 362
88 73 31
89 73 148
90 73 597
73 91 655
73 92 189
93 73 59
73 94 780
73 95 582
73 96 664
73 97 900
73 98 604
73 99 469
100 73 625
74 75 75
76 74 447
77 74 245
78 74 605
79 74 520
80 74 939
74 81 354
82 74 789
74 84 920
74 85 536
86 74 421
87 74 857
74 88 963
74 89 270
90 74 596
91 74 259
92 74 168
93 74 336
74 94 3
95 74 867
74 96 17
97 74 261
74 98 181
99 74 449
74 100 430
75 76 57
75 77 343
78 75 652
79 75 236
80 75 489
81 75 994
82 75 922
83 75 146
84 75 860
75 85 687
86 75 407
87 75 767
75 88 198
89 75 44
90 75 398
75 91 334
75 92 675
75 93 70
75 94 332
95 75 303
75 96 487
75 97 271
75 98 160
75 99 368
100 75 267
76 77 745
76 78 109
79 76 693
76 80 161
76 81 656
82 76 561
76 83 716
76 84 369
76 85 617
86 76 794
87 76 224
88 76 566
76 89 40
90 76 965
76 91 96
76 92 165
76 93 609
94 76 55
95 76 283
96 76 740
76 97 477
98 76 631
99 76 240
76 100 682
77 78 404
79 77 127
80 77 107
77 81 177
82 77 121
83 77 258
77 84 724
85 77 407
77 86 47
87 77 336
88 77 380
77 89 970
77 90 728
91 77 752
92 77 304
93 77 526
94 77 260
77 95 37
77 96 48
97 77 216
77 98 354
99 77 735
100 77 895
79 78 113
80 78 306
78 81 973
82 78 227
78 83 892
84 78 246
78 85 624
86 78 428
78 87 607
88 78 505
78 89 757
78 90 856
78 91 423
92 78 445
93 78 990
94 78 2
78 95 983
96 78 253
97 78 343
78 98 248
78 99 137
78 100 229
80 79 394
81 79 910
82 79 695
79 83 348
84 79 318
85 79 775
79 86 116
87 79 601
88 79 909
79 89 262
90 79 260
79 91 197
79 92 697
79 93 187
79 94 641
79 95 594
96 79 72
97 79 739
79 98 620
79 99 921
100 79 992
81 80 381
82 80 913
83 80 267
80 85 528
86 80 193
80 87 963
80 88 90
80 89 332
90 80 399
91 80 868
92 80 170
80 93 523
80 94 342
80 95 208
80 96 303
80 97 10
80 98 518
80 99 28
80 100 275
81 82 456
83 81 301
81 84 612
81 85 175
81 86 665
87 81 690
88 81 709
81 89 254
90 81 499
91 81 542
81 92 928
93 81 311
81 94 310
81 95 631
96 81 869
81 97 596
81 98 372
81 99 741
81 100 638
83 82 279
82 84 192
82 85 185
82 86 179
82 87 483
88 82 736
82 89 86
82 90 572
82 91 953
92 82 575
93 82 922
94 82 840
95 82 766
82 96 765
82 97 899
82 98 125
99 82 55
82 100 848
84 83 567
85 83 29
86 83 407
83 87 777
88 83 131
83 89 592
90 83 581
91 83 370
83 92 609
93 83 370
94 83 124
83 95 936
83 96 887
83 97 254
98 83 727
83 99 532
83 100 832
84 85 46
84 86 27
84 87 786
84 88 522
84 89 592
84 90 544
91 84 307
84 92 874
84 93 582
94 84 162
84 95 75
84 96 929
84 97 341
84 98 781
84 99 653
84 100 783
85 86 906
87 85 872
88 85 318
89 85 68
85 90 198
91 85 574
85 92 819
93 85 235
85 94 148
85 95 269
85 96 796
85 97 549
85 98 205
85 99 359
100 85 645
87 86 258
86 88 653
89 86 593
90 86 873
86 91 584
86 92 975
93 86 629
94 86 956
86 95 192
96 86 611
97 86 676
86 98 10
86 99 245
86 100 257
88 87 774
87 89 799
90 87 155
87 91 512
92 87 774
87 93 407
94 87 158
95 87 865
87 96 173
87 97 1
87 98 978
87 99 528
100 87 721
89 88 581
88 90 454
91 88 272
92 88 90
93 88 610
94 88 874
95 88 343
96 88 856
97 88 355
98 88 481
99 88 503
100 88 95
90 89 73
89 91 466
89 92 77
93 89 489
94 89 504
89 95 845
96 89 873
97 89 197
89 98 531
89 99 954
100 89 68
91 90 974
90 92 878
90 93 697
90 94 163
95 90 234
96 90 214
90 97 186
90 98 238
90 99 650
100 90 320
92 91 867
91 93 781
91 94 25
95 91 485
91 96 887
97 91 842
91 98 678
99 91 370
91 100 98
92 93 516
92 94 118
92 95 383
96 92 723
92 97 681
98 92 64
92 99 219
92 100 543
94 93 345
95 93 661
93 96 248
97 93 86
98 93 111
99 93 808
93 100 137
95 94 11
94 96 940
94 97 85
94 98 782
94 99 293
94 100 532
95 96 813
95 97 638
98 95 100
95 99 273
95 100 515
96 97 658
96 98 961
96 99 715
100 96 599
98 97 376
99 97 206
97 100 440
99 98 989
98 100 450
99 100 387

END
