INSTANCE_NAME b18.dat
NB_VERTICES 100
NB_ARCS 210
NB_REQUESTS 0
NB_BLOCKAGES 52
NB_A' 9690

VERTICES
1 0 0
2 0 0
3 0 0
4 0 0
5 0 0
6 0 0
7 0 0
8 0 0
9 0 0
10 0 0
11 0 0
12 0 0
13 0 0
14 0 0
15 0 0
16 0 0
17 0 0
18 0 0
19 0 0
20 0 0
21 0 0
22 0 0
23 0 0
24 0 0
25 0 0
26 0 0
27 0 0
28 0 0
29 0 0
30 0 0
31 0 0
32 0 0
33 0 0
34 0 0
35 0 0
36 0 0
37 0 0
38 0 0
39 0 0
40 0 0
41 0 0
42 0 0
43 0 0
44 0 0
45 0 0
46 0 0
47 0 0
48 0 0
49 0 0
50 0 0
51 0 0
52 0 0
53 0 0
54 0 0
55 0 0
56 0 0
57 0 0
58 0 0
59 0 0
60 0 0
61 0 0
62 0 0
63 0 0
64 0 0
65 0 0
66 0 0
67 0 0
68 0 0
69 0 0
70 0 0
71 0 0
72 0 0
73 0 0
74 0 0
75 0 0
76 0 0
77 0 0
78 0 0
79 0 0
80 0 0
81 0 0
82 0 0
83 0 0
84 0 0
85 0 0
86 0 0
87 0 0
88 0 0
89 0 0
90 0 0
91 0 0
92 0 0
93 0 0
94 0 0
95 0 0
96 0 0
97 0 0
98 0 0
99 0 0
100 0 0

ARCS
5 29 6
29 54 6
54 37 10
37 31 7
31 19 3
19 18 4
18 4 9
4 14 10
14 46 3
46 54 3
54 57 8
57 12 2
12 23 2
23 39 2
39 11 5
11 20 10
20 71 5
71 65 1
65 6 5
6 69 2
69 14 10
14 51 7
51 98 1
98 5 2
5 34 1
34 56 9
56 81 4
81 4 2
4 63 10
63 93 1
93 36 7
36 35 1
35 7 9
7 33 2
33 3 3
3 32 9
32 53 6
53 70 7
70 10 9
10 2 1
2 72 2
72 62 10
62 55 9
55 15 8
15 95 3
95 83 5
83 39 6
39 66 4
66 26 5
26 14 7
14 84 1
84 30 8
30 16 9
16 64 9
64 22 4
22 74 3
74 68 8
68 64 3
64 88 4
88 83 9
83 13 8
13 57 2
57 18 4
18 37 4
37 28 8
28 17 1
17 3 2
3 80 7
80 2 8
2 73 7
73 33 3
33 21 1
21 35 4
35 84 8
84 77 8
77 70 8
70 31 1
31 23 7
23 76 10
76 59 5
59 19 6
19 8 8
8 88 1
19 47 8
47 89 6
89 19 9
19 87 3
87 65 1
65 34 5
34 93 5
93 57 2
57 32 3
93 72 9
72 43 3
43 42 10
42 27 8
27 6 8
6 93 2
93 92 9
92 44 8
44 36 9
44 41 1
41 10 9
10 82 8
82 44 7
44 73 1
73 70 7
70 5 3
5 61 10
61 21 4
21 68 5
68 11 10
11 85 2
85 42 5
42 4 4
42 90 2
90 65 1
90 20 5
90 92 8
92 14 9
14 94 2
94 3 2
3 43 7
94 41 8
14 70 8
70 38 3
38 29 8
42 99 8
99 75 7
75 31 8
31 80 10
80 17 9
17 48 10
48 62 3
62 78 10
78 23 8
23 96 5
96 47 5
47 71 8
71 73 10
73 79 5
79 55 1
55 27 1
27 30 4
30 40 7
40 1 3
1 87 8
87 45 1
45 37 10
37 52 8
52 79 3
79 67 8
67 12 3
67 17 8
67 22 8
22 89 7
89 85 1
85 66 5
85 100 3
100 49 4
49 50 6
50 75 1
75 58 1
58 72 7
72 49 3
49 91 7
91 7 8
75 24 8
24 22 6
75 27 8
27 80 7
27 97 10
97 13 2
97 55 4
97 67 5
67 96 6
96 44 3
44 75 9
75 71 4
71 99 8
99 1 10
99 23 10
99 33 9
33 77 4
77 5 3
77 40 8
75 97 4
97 53 7
53 86 1
86 95 2
96 46 6
50 81 4
81 30 8
81 82 2
82 2 1
82 100 9
100 78 5
79 69 6
69 56 3
45 60 10
60 18 10
60 76 5
73 98 10
98 25 10
25 59 9
42 68 7
68 16 5
61 9 3
9 35 5
93 84 8

REQUESTS

BLOCKAGES
39 11
96 44
20 71
42 4
6 93
45 37
14 70
60 18
84 30
96 46
29 54
56 81
31 80
1 87
65 6
85 42
79 67
3 43
23 96
53 70
31 19
62 55
70 10
77 40
69 14
42 27
80 2
14 94
70 5
72 49
70 31
44 41
39 66
83 13
67 12
92 14
99 75
33 21
54 57
49 50
19 18
17 3
79 55
34 93
10 2
11 85
64 88
4 14
90 92
55 27
67 22
44 75

A'
2 1 144
1 3 172
4 1 75
1 5 347
1 6 806
1 7 488
1 8 854
9 1 278
10 1 621
1 11 426
12 1 874
1 13 778
1 14 496
15 1 734
16 1 502
17 1 500
18 1 816
19 1 698
1 20 390
1 21 279
1 22 626
1 23 545
24 1 765
1 25 852
26 1 94
27 1 931
28 1 1000
1 29 159
1 30 611
1 31 192
1 32 448
33 1 108
34 1 65
35 1 504
36 1 849
1 37 2
1 38 603
1 39 656
41 1 507
42 1 164
1 43 385
44 1 135
45 1 993
1 46 55
1 47 526
1 48 35
1 49 625
50 1 633
1 51 504
52 1 630
53 1 792
54 1 591
55 1 462
1 56 759
57 1 764
58 1 104
59 1 109
1 60 945
61 1 276
62 1 40
63 1 868
1 64 720
1 65 74
1 66 273
67 1 494
1 68 917
69 1 412
70 1 325
1 71 520
1 72 194
1 73 358
74 1 136
1 75 590
1 76 270
77 1 430
78 1 17
79 1 86
80 1 140
81 1 792
82 1 439
1 83 18
84 1 570
1 85 565
86 1 655
87 1 330
1 88 72
89 1 848
90 1 856
91 1 286
92 1 654
93 1 785
1 94 363
1 95 758
1 96 380
1 97 618
1 98 187
1 99 524
1 100 417
2 3 354
4 2 876
5 2 270
6 2 721
7 2 153
2 8 257
2 9 52
2 10 856
2 11 932
2 12 57
13 2 424
2 14 590
15 2 957
2 16 28
2 17 884
2 18 272
19 2 866
20 2 920
21 2 446
2 22 307
2 23 920
2 24 740
25 2 177
26 2 159
2 27 165
28 2 797
2 29 707
2 30 980
31 2 162
2 32 495
33 2 155
2 34 633
35 2 264
2 36 211
37 2 896
2 38 659
39 2 433
2 40 137
41 2 992
42 2 69
2 43 566
44 2 447
2 45 250
46 2 286
47 2 138
2 48 159
2 49 897
2 50 664
51 2 695
52 2 573
2 53 744
54 2 756
2 55 980
56 2 488
2 57 891
2 58 831
2 59 420
2 60 727
2 61 408
62 2 784
63 2 144
64 2 836
65 2 86
2 66 905
2 67 78
68 2 722
69 2 708
70 2 348
71 2 73
72 2 362
73 2 743
74 2 419
2 75 822
2 76 535
77 2 862
78 2 125
79 2 613
2 80 397
2 81 163
83 2 240
2 84 902
2 85 837
86 2 759
87 2 155
2 88 237
2 89 40
90 2 241
91 2 954
2 92 88
2 93 599
2 94 658
95 2 722
96 2 704
97 2 484
2 98 951
99 2 133
100 2 839
4 3 935
5 3 548
6 3 894
3 7 911
8 3 916
9 3 838
10 3 240
11 3 402
3 12 34
13 3 144
14 3 83
15 3 877
3 16 555
18 3 687
19 3 831
3 20 317
21 3 907
3 22 25
3 23 20
24 3 957
3 25 498
26 3 761
3 27 578
3 28 159
3 29 445
30 3 422
3 31 141
32 3 198
3 33 684
3 34 350
3 35 947
36 3 996
37 3 776
3 38 894
39 3 681
3 40 316
3 41 26
3 42 304
43 3 377
3 44 646
45 3 79
3 46 168
47 3 759
48 3 890
3 49 953
3 50 307
51 3 610
3 52 104
53 3 674
54 3 531
3 55 551
3 56 235
3 57 273
3 58 883
59 3 352
3 60 173
3 61 947
62 3 1000
63 3 57
3 64 498
65 3 833
3 66 260
3 67 810
68 3 178
69 3 63
3 70 540
71 3 553
3 72 541
73 3 16
74 3 825
75 3 302
76 3 500
77 3 337
78 3 305
3 79 92
80 3 754
3 81 310
82 3 717
83 3 79
3 84 953
3 85 953
3 86 106
87 3 618
3 88 681
89 3 420
90 3 703
3 91 206
3 92 674
3 93 52
3 94 639
3 95 484
96 3 771
3 97 109
3 98 264
3 99 85
100 3 33
4 5 60
4 6 894
7 4 784
8 4 13
9 4 783
10 4 628
4 11 268
12 4 586
4 13 983
14 4 519
4 15 320
16 4 963
17 4 480
4 19 565
20 4 352
4 21 206
22 4 847
23 4 624
24 4 951
25 4 908
4 26 510
27 4 637
28 4 184
4 29 497
4 30 826
4 31 79
32 4 629
33 4 298
34 4 178
4 35 353
36 4 167
4 37 722
4 38 848
39 4 138
40 4 227
41 4 816
4 43 804
44 4 827
4 45 747
4 46 289
4 47 17
48 4 40
49 4 405
4 50 405
4 51 950
52 4 785
4 53 358
4 54 59
55 4 287
56 4 281
4 57 24
58 4 327
4 59 619
60 4 291
61 4 443
62 4 481
63 4 38
4 64 685
4 65 470
66 4 763
67 4 78
68 4 982
69 4 48
70 4 841
71 4 249
4 72 722
73 4 842
4 74 452
75 4 904
4 76 881
4 77 24
78 4 508
79 4 585
80 4 206
4 81 985
82 4 824
4 83 219
4 84 553
85 4 550
86 4 305
4 87 218
4 88 422
4 89 425
90 4 224
4 91 318
4 92 730
4 93 817
94 4 106
95 4 781
4 96 806
4 97 632
98 4 883
4 99 490
100 4 468
6 5 828
5 7 837
8 5 501
5 9 808
10 5 835
11 5 957
5 12 487
5 13 845
14 5 922
15 5 407
16 5 262
5 17 172
18 5 544
5 19 446
5 20 489
5 21 72
5 22 389
5 23 64
5 24 870
5 25 166
5 26 254
5 27 855
5 28 159
29 5 746
30 5 2
5 31 839
32 5 715
5 33 211
34 5 415
5 35 996
36 5 921
37 5 274
5 38 679
5 39 551
5 40 561
5 41 603
5 42 542
43 5 258
5 44 860
45 5 484
46 5 507
5 47 179
48 5 683
49 5 535
5 50 45
5 51 704
52 5 301
5 53 978
54 5 667
5 55 878
56 5 300
5 57 744
58 5 992
59 5 244
5 60 356
61 5 416
5 62 401
63 5 786
5 64 335
65 5 885
66 5 202
5 67 48
5 68 269
69 5 832
71 5 61
72 5 908
5 73 609
5 74 236
75 5 343
76 5 316
5 77 206
78 5 175
5 79 315
5 80 487
81 5 846
82 5 188
83 5 616
5 84 54
85 5 873
5 86 953
5 87 557
5 88 177
89 5 311
5 90 477
91 5 202
92 5 427
5 93 673
94 5 911
95 5 562
96 5 325
97 5 966
99 5 581
5 100 948
7 6 130
6 8 229
9 6 196
6 10 592
6 11 750
12 6 188
13 6 205
6 14 533
6 15 5
16 6 874
17 6 398
18 6 20
6 19 588
6 20 698
6 21 493
6 22 797
6 23 637
24 6 685
6 25 465
6 26 543
6 27 630
6 28 672
6 29 414
6 30 149
6 31 40
32 6 464
33 6 997
34 6 592
6 35 70
6 36 455
6 37 639
38 6 184
39 6 628
6 40 810
6 41 847
6 42 9
6 43 785
44 6 662
6 45 588
6 46 319
6 47 888
48 6 416
6 49 969
6 50 171
51 6 1
6 52 952
53 6 228
54 6 969
55 6 706
6 56 650
6 57 481
58 6 380
59 6 395
60 6 815
6 61 554
62 6 961
6 63 619
64 6 677
6 65 88
6 66 978
6 67 825
68 6 782
69 6 416
6 70 611
71 6 879
6 72 377
73 6 622
6 74 975
6 75 148
76 6 350
77 6 626
6 78 846
6 79 390
80 6 831
81 6 74
6 82 268
6 83 89
84 6 653
6 85 502
86 6 680
6 87 227
6 88 738
6 89 163
90 6 568
6 91 205
92 6 715
93 6 578
6 94 426
6 95 434
6 96 148
97 6 768
6 98 756
6 99 168
100 6 415
7 8 23
7 9 49
10 7 502
11 7 801
7 12 203
7 13 974
14 7 636
7 15 589
16 7 599
7 17 884
18 7 621
7 19 243
7 20 151
21 7 947
7 22 111
23 7 339
24 7 807
7 25 86
7 26 878
7 27 971
7 28 605
7 29 190
7 30 335
7 31 804
7 32 495
33 7 22
7 34 423
7 35 207
36 7 318
7 37 242
7 38 218
39 7 265
7 40 320
7 41 683
42 7 587
7 43 332
44 7 301
45 7 782
7 46 3
47 7 625
48 7 624
7 49 964
7 50 613
51 7 970
52 7 28
7 53 710
54 7 144
7 55 621
56 7 323
57 7 363
58 7 308
7 59 451
60 7 566
7 61 948
7 62 169
7 63 417
7 64 569
7 65 542
66 7 902
67 7 111
68 7 74
69 7 526
70 7 146
7 71 679
72 7 448
73 7 81
7 74 438
7 75 68
7 76 467
77 7 923
78 7 938
79 7 779
7 80 71
7 81 686
7 82 182
83 7 253
7 84 321
7 85 824
7 86 275
87 7 286
7 88 247
89 7 181
90 7 602
7 91 40
7 92 262
7 93 703
94 7 5
95 7 56
96 7 504
7 97 750
98 7 242
7 99 644
7 100 483
8 9 379
10 8 674
11 8 183
8 12 735
13 8 956
8 14 611
15 8 755
8 16 13
17 8 775
18 8 641
8 19 795
8 20 275
8 21 885
8 22 250
8 23 781
8 24 699
8 25 193
8 26 880
27 8 644
8 28 89
29 8 301
30 8 298
31 8 275
8 32 216
33 8 678
8 34 582
8 35 704
36 8 719
8 37 76
8 38 467
39 8 404
8 40 720
8 41 889
42 8 674
8 43 564
8 44 835
8 45 813
8 46 622
47 8 793
48 8 487
8 49 45
8 50 645
8 51 924
52 8 687
8 53 683
54 8 208
8 55 22
56 8 385
57 8 877
8 58 794
8 59 171
8 60 7
61 8 111
8 62 421
63 8 817
64 8 428
65 8 975
8 66 960
8 67 787
8 68 249
69 8 502
8 70 258
8 71 86
8 72 434
8 73 403
74 8 753
75 8 207
76 8 908
77 8 739
8 78 276
79 8 235
80 8 767
81 8 127
8 82 810
83 8 723
84 8 733
8 85 218
8 86 99
8 87 983
88 8 617
89 8 463
8 90 661
91 8 480
8 92 41
8 93 248
8 94 124
8 95 19
8 96 394
97 8 967
98 8 761
99 8 965
100 8 265
10 9 834
11 9 838
9 12 599
9 13 904
14 9 175
9 15 81
16 9 484
17 9 576
18 9 789
9 19 916
20 9 941
21 9 655
9 22 863
23 9 948
9 24 259
9 25 362
9 26 279
27 9 611
28 9 4
9 29 289
30 9 781
31 9 537
9 32 841
9 33 346
34 9 163
35 9 139
9 36 273
37 9 363
9 38 207
9 39 667
40 9 226
9 41 908
9 42 578
9 43 732
44 9 735
9 45 463
9 46 740
47 9 131
9 48 815
49 9 913
50 9 793
51 9 784
9 52 196
9 53 553
9 54 160
55 9 219
56 9 598
9 57 592
58 9 348
59 9 107
9 60 46
9 61 301
62 9 920
9 63 68
9 64 964
9 65 415
9 66 735
9 67 173
9 68 696
69 9 683
70 9 647
71 9 943
9 72 731
9 73 770
9 74 208
75 9 215
76 9 150
9 77 741
78 9 651
9 79 155
9 80 492
81 9 73
9 82 118
9 83 507
84 9 674
85 9 19
86 9 442
87 9 916
9 88 846
9 89 305
90 9 618
91 9 657
92 9 386
93 9 187
9 94 557
95 9 353
9 96 613
9 97 977
98 9 23
99 9 895
9 100 23
10 11 368
10 12 226
10 13 339
10 14 25
15 10 828
10 16 514
17 10 408
18 10 233
10 19 639
20 10 639
21 10 540
22 10 120
10 23 981
10 24 350
10 25 190
26 10 141
27 10 188
10 28 544
29 10 141
10 30 873
31 10 913
10 32 805
10 33 989
34 10 618
35 10 530
10 36 673
37 10 506
38 10 937
39 10 934
10 40 66
10 42 558
10 43 846
44 10 279
10 45 768
46 10 948
10 47 463
10 48 244
49 10 26
10 50 752
10 51 513
52 10 28
10 53 864
10 54 870
10 55 106
56 10 119
10 57 165
10 58 315
10 59 303
10 60 437
10 61 496
10 62 861
10 63 421
10 64 444
10 65 87
66 10 801
10 67 553
68 10 885
69 10 1000
10 70 822
71 10 260
72 10 37
10 73 320
74 10 137
10 75 648
76 10 747
77 10 309
78 10 453
79 10 62
10 80 527
81 10 443
82 10 452
83 10 507
10 84 115
85 10 441
86 10 963
10 87 933
88 10 476
10 89 702
10 90 578
91 10 185
10 92 844
93 10 931
10 94 573
10 95 543
96 10 196
97 10 778
98 10 684
10 99 686
10 100 142
11 12 790
13 11 826
11 14 807
15 11 326
11 16 264
17 11 561
11 18 226
11 19 292
20 11 755
21 11 204
22 11 315
23 11 986
11 24 750
25 11 728
26 11 818
27 11 561
11 28 29
11 29 681
11 30 390
11 31 47
32 11 908
33 11 453
11 34 714
11 35 345
11 36 960
11 37 117
38 11 947
11 39 718
11 40 122
41 11 482
42 11 18
11 43 898
11 44 131
45 11 233
11 46 936
11 47 525
11 48 238
49 11 33
11 50 72
51 11 771
11 52 925
53 11 10
54 11 692
55 11 270
56 11 524
57 11 104
58 11 145
59 11 938
60 11 283
61 11 499
62 11 802
63 11 118
64 11 703
11 65 342
11 66 526
67 11 509
11 68 703
11 69 24
70 11 597
71 11 559
11 72 396
11 73 364
11 74 367
75 11 518
76 11 823
11 77 571
11 78 742
11 79 663
11 80 837
11 81 922
82 11 820
11 83 516
84 11 652
85 11 621
11 86 536
87 11 71
88 11 545
11 89 174
90 11 86
11 91 911
92 11 411
11 93 884
94 11 521
11 95 948
11 96 254
97 11 776
98 11 651
99 11 299
11 100 886
13 12 901
12 14 802
15 12 56
12 16 108
12 17 608
18 12 625
12 19 453
20 12 703
21 12 539
12 22 234
23 12 637
24 12 707
12 25 912
26 12 758
12 27 362
12 28 833
12 29 65
12 30 936
12 31 331
32 12 701
12 33 588
34 12 159
12 35 64
12 36 728
12 37 141
12 38 792
39 12 448
40 12 244
41 12 559
42 12 273
43 12 644
44 12 886
12 45 442
12 46 532
12 47 568
12 48 413
49 12 261
50 12 547
12 51 488
12 52 277
12 53 235
54 12 108
55 12 919
56 12 745
12 58 17
59 12 347
60 12 339
61 12 266
12 62 290
63 12 79
64 12 153
12 65 485
12 66 780
12 67 915
68 12 437
69 12 288
70 12 354
12 71 127
72 12 418
73 12 760
74 12 408
12 75 611
12 76 864
77 12 257
78 12 617
79 12 378
12 80 920
12 81 549
82 12 22
83 12 456
12 84 709
85 12 666
86 12 768
12 87 119
88 12 98
12 89 971
90 12 687
12 91 954
92 12 162
12 93 55
12 94 249
12 95 251
12 96 294
97 12 571
98 12 614
12 99 476
12 100 120
14 13 736
15 13 284
13 16 423
17 13 435
13 18 942
13 19 679
20 13 24
13 21 457
13 22 321
23 13 862
13 24 224
25 13 74
13 26 821
27 13 171
13 28 713
13 29 788
13 30 528
31 13 6
32 13 155
13 33 696
13 34 265
13 35 343
13 36 917
37 13 70
38 13 855
39 13 512
13 40 437
13 41 224
42 13 624
13 43 256
13 44 388
45 13 488
46 13 465
47 13 217
48 13 636
13 49 419
50 13 637
51 13 892
52 13 911
53 13 142
54 13 243
55 13 842
56 13 590
57 13 287
13 58 515
13 59 253
13 60 936
13 61 816
13 62 584
63 13 75
13 64 648
65 13 824
66 13 605
67 13 189
68 13 380
13 69 279
13 70 687
13 71 653
13 72 241
73 13 841
74 13 185
13 75 656
13 76 537
77 13 576
78 13 207
13 79 396
80 13 494
81 13 491
13 82 637
13 84 368
85 13 890
13 86 399
87 13 994
13 88 953
13 89 219
90 13 820
13 91 714
13 92 552
93 13 219
13 94 95
13 95 771
96 13 361
98 13 810
13 99 822
100 13 697
14 15 662
14 16 636
14 17 383
18 14 679
19 14 231
20 14 190
14 21 451
22 14 150
23 14 403
24 14 433
14 25 648
14 26 334
14 27 524
28 14 669
29 14 563
14 30 934
14 31 107
32 14 302
14 33 582
14 34 860
14 35 716
36 14 410
14 37 234
38 14 504
14 39 435
40 14 258
14 41 670
42 14 126
43 14 86
14 44 594
14 45 863
46 14 576
14 47 448
48 14 811
49 14 856
14 50 544
51 14 70
52 14 441
53 14 863
14 54 291
14 55 584
14 56 435
57 14 842
14 58 150
59 14 706
60 14 927
14 61 621
14 62 241
14 63 730
64 14 448
65 14 72
14 66 859
14 67 296
68 14 444
70 14 86
14 71 530
72 14 946
73 14 827
14 74 284
75 14 563
14 76 383
14 77 350
14 78 75
14 79 965
80 14 865
81 14 549
14 82 760
14 83 504
84 14 485
14 85 356
86 14 525
14 87 907
14 88 20
89 14 679
90 14 542
91 14 384
14 92 427
93 14 160
94 14 150
14 95 977
96 14 377
97 14 574
14 98 918
99 14 897
100 14 794
16 15 677
15 17 138
18 15 140
19 15 20
15 20 163
21 15 763
15 22 836
23 15 278
24 15 689
15 25 823
26 15 146
27 15 246
28 15 686
29 15 500
15 30 917
31 15 834
32 15 963
33 15 880
15 34 831
35 15 623
36 15 163
37 15 242
15 38 925
15 39 697
40 15 651
41 15 982
15 42 717
43 15 570
15 44 741
45 15 983
15 46 714
47 15 602
15 48 843
49 15 481
15 50 83
51 15 722
52 15 192
15 53 595
15 54 835
56 15 837
57 15 414
15 58 525
15 59 553
15 60 732
15 61 612
62 15 39
15 63 695
15 64 975
65 15 898
15 66 610
15 67 73
15 68 543
15 69 448
70 15 870
15 71 91
15 72 898
15 73 41
15 74 495
15 75 51
15 76 919
77 15 319
78 15 794
79 15 374
15 80 539
81 15 471
15 82 974
15 83 354
84 15 579
85 15 879
86 15 243
87 15 858
15 88 176
89 15 914
15 90 196
15 91 599
15 92 978
93 15 126
15 94 281
95 15 243
15 96 121
15 97 319
15 98 609
15 99 314
100 15 177
16 17 691
18 16 864
19 16 558
20 16 151
21 16 412
16 22 139
23 16 515
16 24 279
16 25 591
16 26 490
16 27 83
16 28 251
29 16 407
31 16 721
32 16 953
16 33 792
34 16 832
16 35 280
16 36 842
37 16 634
38 16 241
16 39 757
16 40 626
16 41 299
42 16 885
16 43 971
16 44 734
16 45 252
16 46 500
16 47 44
16 48 292
49 16 526
50 16 526
51 16 344
52 16 259
53 16 961
54 16 676
55 16 559
16 56 112
57 16 190
16 58 692
59 16 545
60 16 884
61 16 720
62 16 472
63 16 538
64 16 950
65 16 885
66 16 219
67 16 546
16 68 909
16 69 680
70 16 223
16 71 238
16 72 798
73 16 34
74 16 939
16 75 265
16 76 726
16 77 908
16 78 451
79 16 312
16 80 859
81 16 874
16 82 481
83 16 259
84 16 277
16 85 325
86 16 880
16 87 536
88 16 693
89 16 518
90 16 851
16 91 453
16 92 470
16 93 477
16 94 157
95 16 671
96 16 41
16 97 796
98 16 667
16 99 261
100 16 344
17 18 145
19 17 851
17 20 251
21 17 953
17 22 526
23 17 254
17 24 82
25 17 689
26 17 346
27 17 51
17 28 564
29 17 911
30 17 963
31 17 765
32 17 871
17 33 512
34 17 34
35 17 47
17 36 609
37 17 756
17 38 153
39 17 463
17 40 787
17 41 496
17 42 700
17 43 499
44 17 340
45 17 974
17 46 338
17 47 877
48 17 549
17 49 575
17 50 454
51 17 217
52 17 971
17 53 196
54 17 684
55 17 60
17 56 162
17 57 953
58 17 453
59 17 476
60 17 564
61 17 798
62 17 538
17 63 812
17 64 766
17 65 19
66 17 358
68 17 680
69 17 181
17 70 946
71 17 214
17 72 704
73 17 720
17 74 925
75 17 743
76 17 438
77 17 867
17 78 80
17 79 149
81 17 887
82 17 580
17 83 474
17 84 276
17 85 744
86 17 681
17 87 994
17 88 989
17 89 520
90 17 391
17 91 999
92 17 831
17 93 677
17 94 621
95 17 20
17 96 577
17 97 728
17 98 854
99 17 72
100 17 936
20 18 617
21 18 607
18 22 793
18 23 287
24 18 462
18 25 48
26 18 862
27 18 949
28 18 561
29 18 401
18 30 798
18 31 130
32 18 863
18 33 728
34 18 618
35 18 956
18 36 347
37 18 1
38 18 985
18 39 188
40 18 319
41 18 71
42 18 823
43 18 913
44 18 592
45 18 137
46 18 675
18 47 397
48 18 947
49 18 584
18 50 19
51 18 501
52 18 452
18 53 855
18 54 493
18 55 234
56 18 628
18 57 343
18 58 379
18 59 537
18 60 272
61 18 710
18 62 290
18 63 187
18 64 582
18 65 152
18 66 660
18 67 316
68 18 505
69 18 898
70 18 564
18 71 160
18 72 139
18 73 993
74 18 461
75 18 838
76 18 905
77 18 382
18 78 5
18 79 782
18 80 689
81 18 538
18 82 288
83 18 162
84 18 375
18 85 141
86 18 543
18 87 130
88 18 154
18 89 550
18 90 355
91 18 698
92 18 286
18 93 157
18 94 999
18 95 227
18 96 574
18 97 91
98 18 969
99 18 5
100 18 312
19 20 633
19 21 797
19 22 238
19 23 588
24 19 268
19 25 174
26 19 256
27 19 396
19 28 100
29 19 701
19 30 138
19 31 794
19 32 839
19 33 480
34 19 808
35 19 44
36 19 700
37 19 906
19 38 494
39 19 724
40 19 138
41 19 78
19 42 59
43 19 805
19 44 923
19 45 188
19 46 835
47 19 640
48 19 446
49 19 572
50 19 614
51 19 397
52 19 807
53 19 602
54 19 795
19 55 61
56 19 926
19 57 678
58 19 315
19 59 846
60 19 43
61 19 649
19 62 365
19 63 254
19 64 758
65 19 767
66 19 792
67 19 388
19 68 465
69 19 898
19 70 666
71 19 248
19 72 800
73 19 280
19 74 110
75 19 55
76 19 510
77 19 734
19 78 990
79 19 388
80 19 164
19 81 822
82 19 668
83 19 552
84 19 901
19 85 448
86 19 112
87 19 862
88 19 971
90 19 80
91 19 783
19 92 126
93 19 317
19 94 178
19 95 91
19 96 819
19 97 449
98 19 263
99 19 676
100 19 262
21 20 546
20 22 940
20 23 41
24 20 210
25 20 283
20 26 501
27 20 577
28 20 605
20 29 330
20 30 901
20 31 57
32 20 15
20 33 195
34 20 218
20 35 728
36 20 699
37 20 658
20 38 865
20 39 192
20 40 582
20 41 419
42 20 594
20 43 61
20 44 593
20 45 979
46 20 513
20 47 915
48 20 245
49 20 507
20 50 330
20 51 941
20 52 211
20 53 18
54 20 1000
55 20 204
56 20 387
57 20 367
20 58 322
59 20 178
20 60 520
20 61 110
20 62 895
20 63 910
64 20 484
65 20 953
66 20 2
67 20 193
20 68 194
20 69 990
70 20 770
71 20 478
20 72 168
20 73 136
74 20 623
75 20 402
20 76 172
77 20 526
78 20 238
79 20 909
80 20 203
81 20 885
82 20 457
83 20 120
84 20 990
20 85 547
20 86 655
20 87 915
20 88 220
20 89 310
20 90 66
91 20 687
20 92 925
20 93 8
20 94 351
20 95 234
96 20 129
20 97 461
98 20 251
99 20 587
20 100 746
21 22 999
21 23 509
21 24 573
21 25 315
21 26 921
27 21 296
21 28 970
21 29 171
30 21 85
31 21 244
21 32 426
21 33 139
21 34 309
35 21 522
36 21 981
37 21 380
38 21 18
39 21 244
21 40 320
41 21 823
42 21 291
21 43 200
21 44 41
21 45 940
46 21 595
47 21 146
21 48 555
49 21 609
50 21 25
51 21 461
52 21 101
53 21 336
54 21 433
55 21 60
21 56 489
57 21 344
58 21 704
59 21 742
60 21 617
62 21 563
21 63 719
21 64 122
65 21 894
21 66 379
21 67 796
68 21 477
21 69 71
70 21 772
71 21 6
21 72 842
21 73 219
21 74 296
21 75 66
21 76 434
21 77 964
21 78 665
21 79 929
21 80 388
21 81 473
82 21 550
83 21 854
21 84 608
21 85 324
21 86 628
87 21 255
88 21 921
89 21 793
21 90 290
21 91 959
92 21 307
21 93 718
21 94 956
21 95 461
96 21 820
21 97 813
98 21 906
21 99 98
100 21 293
23 22 244
25 22 498
26 22 373
27 22 533
22 28 612
22 29 898
30 22 401
22 31 404
22 32 479
22 33 536
34 22 573
35 22 338
36 22 726
37 22 390
38 22 648
22 39 834
22 40 262
22 41 660
42 22 6
43 22 278
44 22 934
22 45 655
22 46 699
47 22 761
48 22 812
49 22 53
22 50 469
22 51 28
52 22 745
53 22 137
22 54 930
22 55 663
56 22 653
22 57 529
22 58 866
59 22 979
22 60 686
61 22 837
22 62 43
22 63 264
22 64 246
22 65 941
22 66 58
22 67 260
22 68 736
22 69 249
70 22 718
71 22 560
22 72 936
22 73 732
74 22 598
22 75 305
76 22 694
77 22 666
78 22 442
79 22 294
80 22 949
81 22 753
22 82 554
22 83 511
22 84 760
85 22 658
86 22 21
87 22 198
22 88 9
89 22 109
22 90 990
91 22 889
22 92 258
22 93 124
94 22 187
95 22 90
96 22 3
22 97 492
98 22 205
22 99 902
22 100 760
24 23 440
23 25 480
23 26 87
23 27 566
23 28 445
23 29 312
30 23 591
32 23 714
23 33 777
23 34 61
35 23 837
23 36 754
37 23 458
38 23 998
39 23 866
23 40 861
41 23 91
23 42 435
23 43 768
23 44 375
45 23 294
46 23 265
23 47 297
23 48 185
49 23 163
50 23 687
51 23 498
23 52 95
23 53 546
23 54 729
55 23 56
56 23 759
23 57 791
23 58 76
23 59 175
23 60 232
23 61 508
23 62 682
63 23 529
23 64 933
65 23 815
23 66 690
23 67 411
23 68 971
69 23 932
70 23 719
71 23 640
23 72 484
23 73 23
74 23 339
75 23 360
76 23 17
23 77 769
23 78 728
79 23 267
23 80 987
81 23 631
23 82 97
23 83 516
84 23 998
85 23 766
23 86 137
87 23 897
23 88 186
89 23 531
23 90 468
23 91 445
23 92 813
93 23 533
23 94 861
95 23 552
96 23 584
23 97 227
23 98 575
23 99 746
23 100 540
25 24 992
24 26 267
24 27 647
24 28 807
29 24 327
24 30 771
31 24 109
32 24 335
33 24 827
34 24 143
24 35 394
24 36 911
24 37 757
24 38 713
39 24 409
24 40 717
24 41 631
24 42 640
43 24 491
24 44 158
24 45 423
24 46 292
47 24 214
48 24 523
24 49 173
50 24 121
24 51 95
24 52 537
53 24 221
54 24 409
55 24 204
24 56 733
24 57 165
24 58 463
59 24 169
24 60 824
61 24 251
24 62 473
24 63 446
64 24 856
24 65 715
24 66 888
67 24 711
24 68 716
69 24 377
24 70 264
24 71 953
24 72 766
73 24 719
24 74 124
76 24 299
77 24 449
24 78 653
24 79 211
80 24 471
81 24 65
82 24 68
24 83 861
84 24 941
24 85 571
24 86 407
87 24 369
24 88 916
89 24 120
90 24 312
24 91 693
92 24 538
93 24 728
24 94 756
95 24 244
96 24 471
24 97 25
24 98 885
99 24 84
100 24 28
26 25 593
25 27 157
28 25 187
25 29 149
25 30 918
31 25 15
25 32 423
25 33 454
25 34 797
35 25 792
25 36 787
25 37 348
38 25 503
25 39 400
40 25 761
41 25 593
42 25 565
43 25 17
44 25 172
45 25 409
46 25 329
47 25 50
48 25 679
49 25 605
50 25 63
25 51 867
25 52 10
25 53 12
25 54 149
55 25 802
56 25 190
25 57 613
25 58 494
59 25 856
60 25 498
25 61 105
25 62 391
25 63 929
64 25 8
65 25 247
66 25 280
67 25 272
68 25 678
69 25 857
70 25 694
25 71 439
72 25 756
25 73 988
74 25 32
75 25 618
76 25 459
25 77 707
78 25 580
79 25 621
80 25 871
81 25 9
25 82 980
25 83 495
84 25 915
85 25 187
25 86 360
25 87 194
88 25 29
89 25 716
25 90 375
91 25 293
92 25 406
93 25 385
94 25 689
95 25 924
96 25 224
25 97 412
25 99 258
100 25 830
26 27 102
28 26 320
29 26 334
26 30 459
26 31 501
26 32 592
33 26 514
34 26 943
26 35 513
36 26 904
26 37 202
26 38 93
26 39 578
40 26 753
41 26 561
26 42 147
26 43 74
26 44 92
45 26 603
26 46 272
26 47 420
48 26 640
49 26 991
26 50 853
26 51 213
26 52 725
26 53 922
54 26 251
55 26 167
56 26 389
57 26 288
58 26 741
59 26 352
26 60 119
61 26 382
26 62 410
63 26 605
64 26 789
65 26 335
26 67 547
68 26 526
26 69 22
26 70 915
26 71 564
72 26 612
73 26 909
74 26 383
75 26 850
26 76 740
26 77 299
78 26 565
79 26 85
26 80 944
26 81 652
26 82 833
26 83 332
84 26 213
85 26 756
86 26 928
26 87 748
26 88 314
26 89 38
26 90 628
91 26 965
92 26 43
26 93 200
94 26 418
26 95 276
96 26 19
97 26 297
26 98 828
26 99 914
100 26 685
28 27 871
27 29 692
30 27 855
31 27 977
27 32 52
33 27 131
34 27 675
35 27 632
27 36 483
37 27 862
38 27 114
27 39 37
27 40 83
41 27 389
27 42 609
43 27 17
44 27 389
27 45 801
46 27 65
47 27 487
27 48 85
49 27 836
27 50 493
51 27 985
52 27 220
27 53 437
54 27 78
27 55 742
27 56 42
27 57 508
27 58 907
27 59 184
60 27 935
27 61 889
62 27 465
63 27 819
64 27 343
27 65 308
66 27 473
67 27 866
27 68 842
27 69 24
70 27 127
71 27 431
27 72 950
27 73 873
27 74 165
27 76 99
27 77 391
27 78 856
79 27 620
80 27 460
81 27 64
27 82 97
27 83 511
27 84 550
85 27 515
27 86 291
87 27 250
88 27 581
89 27 35
27 90 55
91 27 290
27 92 483
27 93 307
27 94 796
27 95 94
96 27 902
97 27 253
98 27 217
99 27 490
27 100 927
29 28 938
28 30 987
31 28 732
32 28 430
28 33 59
28 34 209
28 35 989
36 28 379
28 38 526
28 39 826
40 28 474
41 28 385
28 42 903
43 28 665
44 28 778
45 28 310
46 28 360
28 47 430
28 48 981
49 28 336
50 28 755
51 28 805
52 28 765
28 53 529
54 28 375
28 55 423
28 56 40
57 28 375
28 58 657
28 59 314
28 60 412
61 28 132
62 28 175
63 28 401
64 28 108
28 65 971
28 66 123
28 67 11
68 28 579
69 28 529
70 28 244
71 28 153
72 28 461
73 28 928
28 74 918
28 75 903
28 76 216
77 28 452
28 78 299
28 79 897
28 80 940
81 28 620
28 82 994
28 83 300
28 84 520
85 28 229
86 28 483
87 28 749
28 88 611
28 89 765
90 28 269
91 28 562
92 28 53
93 28 578
28 94 865
28 95 109
28 96 45
28 97 569
28 98 61
28 99 314
28 100 400
29 30 46
31 29 626
29 32 178
29 33 174
29 34 116
29 35 960
36 29 982
37 29 690
29 38 68
29 39 737
29 40 413
41 29 960
42 29 523
29 43 200
29 44 304
29 45 81
46 29 834
29 47 199
48 29 941
29 49 656
50 29 869
51 29 85
52 29 683
29 53 762
54 29 383
29 55 630
56 29 983
57 29 775
58 29 312
59 29 44
60 29 278
29 61 668
62 29 181
29 63 825
64 29 941
29 65 881
66 29 150
29 67 659
68 29 443
29 69 934
29 70 974
71 29 972
29 72 855
73 29 164
74 29 425
75 29 133
29 76 34
29 77 164
29 78 17
29 79 38
80 29 171
81 29 118
29 82 236
29 83 152
29 84 900
29 85 855
86 29 352
87 29 532
88 29 925
89 29 373
90 29 605
91 29 402
29 92 657
93 29 203
94 29 904
29 95 982
29 96 510
97 29 97
98 29 578
99 29 127
100 29 38
31 30 53
32 30 511
30 33 595
34 30 334
35 30 487
30 36 824
30 37 279
30 38 804
39 30 504
40 30 425
41 30 836
30 42 639
43 30 383
44 30 533
45 30 45
30 46 193
30 47 958
30 48 737
49 30 842
50 30 223
51 30 360
30 52 920
53 30 877
30 54 823
55 30 486
56 30 921
30 57 533
30 58 254
59 30 128
30 60 775
30 61 707
62 30 973
30 63 726
30 64 920
30 65 132
66 30 600
67 30 892
68 30 833
69 30 946
30 70 205
30 71 254
72 30 753
30 73 36
30 74 52
75 30 143
30 76 687
77 30 497
78 30 216
30 79 72
30 80 141
30 82 740
30 83 225
30 85 697
30 86 237
87 30 339
88 30 378
89 30 628
90 30 448
30 91 928
30 92 857
30 93 142
94 30 976
30 95 927
30 96 549
97 30 954
30 98 511
99 30 458
100 30 933
32 31 380
33 31 55
34 31 11
31 35 809
36 31 197
31 38 476
31 39 526
40 31 692
41 31 768
42 31 509
43 31 653
44 31 121
31 45 789
46 31 343
47 31 755
48 31 993
31 49 256
50 31 990
51 31 519
31 52 235
53 31 649
31 54 29
55 31 150
31 56 109
31 57 824
58 31 436
31 59 247
31 60 361
31 61 731
62 31 648
63 31 904
31 64 464
65 31 702
31 66 197
67 31 433
31 68 699
31 69 493
31 71 995
31 72 68
31 73 973
31 74 699
31 75 282
76 31 160
77 31 337
78 31 669
79 31 822
80 31 637
31 81 10
31 82 528
31 83 522
84 31 632
85 31 156
86 31 914
31 87 508
88 31 765
89 31 368
90 31 632
31 91 421
31 92 670
93 31 710
31 94 282
95 31 998
31 96 214
97 31 359
98 31 292
31 99 756
100 31 539
33 32 985
32 34 764
35 32 137
32 36 325
32 37 694
32 38 857
39 32 99
40 32 575
32 41 216
32 42 42
43 32 125
44 32 923
45 32 348
32 46 715
47 32 841
48 32 365
49 32 56
32 50 669
32 51 359
52 32 48
53 32 301
32 54 870
55 32 782
56 32 263
32 57 652
32 58 914
59 32 911
60 32 259
32 61 754
62 32 712
32 63 577
32 64 771
65 32 907
66 32 528
67 32 784
68 32 20
32 69 183
32 70 186
32 71 686
32 72 313
73 32 104
74 32 465
32 75 767
32 76 975
32 77 400
32 78 466
79 32 465
32 80 313
81 32 674
32 82 339
83 32 119
32 84 892
85 32 599
32 86 616
32 87 229
88 32 973
32 89 859
90 32 49
91 32 512
92 32 144
32 93 708
94 32 592
32 95 196
32 96 894
32 97 447
32 98 678
99 32 942
32 100 217
33 34 999
35 33 176
36 33 113
33 37 911
38 33 936
39 33 595
33 40 982
33 41 63
42 33 51
33 43 565
33 44 261
33 45 467
46 33 394
47 33 624
48 33 714
33 49 226
33 50 24
51 33 290
33 52 252
33 53 106
33 54 511
33 55 339
33 56 142
57 33 884
33 58 110
33 59 789
33 60 610
33 61 428
62 33 400
63 33 689
64 33 595
33 65 528
33 66 19
67 33 106
33 68 369
69 33 161
70 33 263
71 33 74
33 72 955
74 33 64
75 33 735
76 33 718
77 33 213
33 78 741
79 33 112
80 33 561
81 33 732
82 33 747
83 33 636
84 33 621
33 85 529
86 33 812
33 87 924
88 33 686
33 89 865
33 90 988
33 91 534
92 33 293
33 93 776
33 94 65
95 33 238
96 33 616
33 97 507
33 98 574
33 99 82
33 100 44
35 34 44
36 34 694
37 34 774
38 34 550
34 39 480
34 40 941
34 41 594
34 42 463
34 43 267
44 34 960
34 45 504
46 34 529
34 47 641
34 48 856
34 49 647
50 34 388
34 51 105
52 34 360
34 53 164
34 54 868
55 34 799
56 34 8
34 57 41
58 34 113
59 34 349
60 34 515
34 61 351
62 34 214
63 34 497
64 34 65
66 34 804
67 34 775
68 34 896
69 34 400
70 34 872
34 71 955
72 34 754
73 34 424
34 74 163
34 75 924
76 34 948
34 77 290
78 34 341
34 79 191
80 34 696
81 34 783
34 82 221
83 34 88
84 34 913
85 34 625
34 86 880
34 87 167
88 34 630
34 89 208
34 90 23
34 91 83
92 34 259
93 34 313
94 34 3
95 34 63
96 34 539
97 34 550
34 98 105
99 34 580
34 100 475
35 36 153
35 37 135
38 35 691
35 39 612
35 40 612
41 35 381
35 42 605
43 35 65
44 35 941
45 35 123
46 35 117
47 35 551
35 48 124
35 49 654
50 35 25
35 51 259
52 35 186
53 35 200
35 54 861
55 35 125
35 56 797
35 57 517
58 35 848
59 35 21
60 35 351
61 35 495
35 62 508
35 63 837
64 35 701
65 35 38
66 35 970
35 67 253
68 35 392
35 69 382
35 70 967
71 35 427
72 35 364
73 35 516
74 35 227
35 75 351
35 76 383
35 77 397
35 78 891
79 35 224
80 35 75
81 35 19
82 35 260
83 35 903
84 35 427
85 35 255
86 35 143
35 87 859
35 88 328
35 89 716
90 35 614
91 35 484
35 92 264
35 93 237
35 94 464
35 95 448
96 35 777
35 97 935
35 98 440
99 35 687
35 100 825
36 37 962
38 36 679
39 36 472
36 40 898
36 41 912
42 36 958
43 36 858
36 45 446
36 46 90
36 47 525
36 48 386
36 49 266
50 36 781
36 51 460
52 36 279
53 36 312
54 36 783
36 55 717
36 56 734
36 57 52
36 58 213
36 59 454
60 36 72
61 36 510
62 36 860
36 63 140
64 36 727
65 36 666
66 36 210
67 36 857
36 68 933
69 36 85
70 36 4
71 36 854
72 36 760
73 36 333
36 74 351
36 75 108
36 76 388
77 36 286
36 78 354
79 36 492
36 80 533
81 36 938
36 82 337
83 36 582
84 36 667
36 85 983
36 86 522
87 36 759
88 36 93
89 36 604
90 36 580
91 36 920
92 36 31
36 94 736
95 36 58
96 36 513
36 97 456
98 36 255
36 99 540
100 36 268
38 37 858
37 39 430
37 40 48
37 41 138
37 42 665
43 37 773
44 37 204
46 37 761
47 37 492
48 37 66
37 49 606
50 37 465
37 51 589
52 37 455
37 53 686
55 37 975
37 56 14
37 57 853
58 37 215
59 37 139
60 37 595
61 37 430
62 37 455
37 63 194
64 37 151
65 37 152
66 37 667
67 37 74
68 37 521
69 37 771
70 37 505
71 37 26
37 72 471
37 73 372
74 37 98
75 37 24
37 76 557
77 37 394
78 37 890
79 37 557
37 80 141
81 37 228
37 82 127
83 37 244
37 84 189
37 85 882
86 37 111
37 87 562
88 37 841
37 89 617
90 37 500
37 91 334
37 92 796
37 93 418
94 37 18
37 95 428
96 37 386
37 97 670
98 37 308
99 37 512
100 37 631
39 38 189
40 38 4
41 38 321
42 38 740
43 38 135
44 38 281
38 45 646
38 46 547
47 38 113
48 38 740
38 49 779
38 50 195
38 51 990
52 38 64
53 38 999
38 54 245
55 38 434
56 38 641
38 57 797
38 58 747
59 38 322
60 38 750
61 38 454
62 38 381
38 63 917
64 38 106
65 38 598
38 66 494
67 38 154
68 38 439
38 69 603
71 38 388
72 38 35
38 73 431
74 38 592
75 38 88
38 76 815
77 38 71
78 38 787
79 38 731
80 38 94
81 38 856
82 38 918
38 83 251
38 84 232
38 85 428
86 38 796
38 87 253
88 38 661
38 89 949
38 90 748
38 91 221
38 92 794
93 38 376
94 38 631
38 95 191
38 96 882
97 38 821
98 38 544
99 38 625
38 100 176
39 40 746
39 41 219
39 42 154
43 39 385
39 44 482
45 39 489
39 46 46
47 39 345
39 48 567
49 39 231
50 39 51
51 39 507
52 39 263
53 39 997
54 39 178
39 55 995
56 39 847
57 39 624
39 58 796
59 39 805
60 39 493
39 61 331
39 62 928
63 39 663
39 64 1
39 65 602
66 39 710
67 39 977
39 68 511
69 39 915
39 70 145
71 39 314
72 39 473
73 39 695
39 74 297
75 39 897
76 39 144
77 39 679
78 39 253
79 39 268
80 39 938
39 81 656
82 39 682
39 83 323
39 84 957
85 39 583
86 39 145
39 87 443
88 39 536
89 39 237
90 39 988
91 39 973
92 39 359
93 39 554
94 39 344
95 39 215
96 39 42
39 97 280
98 39 854
39 99 266
39 100 190
40 41 262
40 42 799
40 43 302
44 40 545
40 45 519
40 46 22
47 40 14
40 48 142
49 40 342
50 40 740
51 40 469
52 40 778
40 53 208
54 40 701
55 40 144
40 56 25
57 40 575
58 40 165
59 40 509
60 40 470
61 40 944
40 62 870
63 40 223
64 40 228
65 40 199
66 40 825
67 40 451
40 68 767
40 69 937
70 40 835
40 71 61
72 40 541
73 40 385
74 40 215
40 75 469
76 40 272
40 77 528
78 40 72
40 79 207
80 40 18
81 40 617
40 82 424
40 83 796
40 84 77
40 85 360
86 40 867
40 87 473
88 40 407
40 89 815
90 40 103
91 40 9
40 92 398
40 93 219
40 94 990
95 40 768
96 40 534
97 40 201
98 40 804
40 99 850
40 100 431
42 41 495
43 41 981
41 45 739
41 46 574
47 41 278
48 41 72
41 49 606
50 41 574
51 41 300
41 52 547
53 41 883
54 41 211
55 41 86
41 56 392
57 41 988
58 41 163
41 59 933
41 60 395
61 41 9
62 41 85
63 41 529
41 64 642
41 65 819
66 41 913
41 67 268
68 41 480
69 41 741
41 70 45
41 71 247
72 41 846
41 73 389
74 41 574
75 41 194
41 76 695
41 77 936
78 41 840
41 79 287
80 41 950
81 41 399
41 82 926
83 41 672
41 84 521
41 85 447
86 41 589
41 87 353
41 88 631
89 41 146
41 90 765
91 41 524
92 41 893
93 41 238
41 94 275
41 95 565
41 96 332
97 41 789
98 41 333
41 99 14
100 41 223
42 44 163
42 45 826
42 46 136
47 42 798
42 48 683
42 49 215
42 50 380
51 42 731
42 52 651
42 53 380
42 54 289
42 55 366
56 42 379
57 42 911
58 42 751
59 42 408
60 42 228
42 61 917
62 42 504
42 63 406
42 64 201
42 65 679
66 42 997
67 42 396
68 42 718
69 42 873
42 70 172
42 71 255
42 72 119
73 42 837
74 42 887
42 75 486
42 76 829
42 77 476
42 78 115
42 79 870
80 42 853
42 81 599
82 42 13
42 83 848
42 84 472
42 85 440
42 86 661
42 87 545
88 42 858
89 42 1000
90 42 329
91 42 209
92 42 886
42 93 193
42 94 269
42 95 18
42 96 961
97 42 322
98 42 962
99 42 407
42 100 240
43 44 429
45 43 539
46 43 31
43 47 58
43 48 843
43 49 866
50 43 246
51 43 86
43 52 454
53 43 499
43 54 828
43 55 440
56 43 136
57 43 22
43 58 538
59 43 739
43 60 865
61 43 291
43 62 376
43 63 629
43 64 437
65 43 620
43 66 245
43 67 120
68 43 412
43 69 522
70 43 133
71 43 443
73 43 816
43 74 603
75 43 253
43 76 645
77 43 562
43 78 609
79 43 521
43 80 697
81 43 798
82 43 611
83 43 202
84 43 618
85 43 534
43 86 656
43 87 2
43 88 263
43 89 141
90 43 598
91 43 136
43 92 626
43 93 486
43 94 958
43 95 411
96 43 372
43 97 737
43 98 414
43 99 995
100 43 460
44 45 942
46 44 78
44 47 742
44 48 465
49 44 556
44 50 275
51 44 655
44 52 388
44 53 485
44 54 145
44 55 704
44 56 103
44 57 850
58 44 377
44 59 251
44 60 75
61 44 303
44 62 840
44 63 843
44 64 278
44 65 365
66 44 441
67 44 156
44 68 159
69 44 229
70 44 536
44 71 523
44 72 723
73 44 858
74 44 919
75 44 639
76 44 5
77 44 849
44 78 336
79 44 147
44 80 793
81 44 870
83 44 25
44 84 743
85 44 993
44 86 552
44 87 272
44 88 999
89 44 751
90 44 265
91 44 439
93 44 731
94 44 410
95 44 204
44 96 384
44 97 770
98 44 580
99 44 981
100 44 97
45 46 687
45 47 549
48 45 117
45 49 961
50 45 193
51 45 727
52 45 552
45 53 970
45 54 848
55 45 52
56 45 287
57 45 750
45 58 391
59 45 410
60 45 24
61 45 721
45 62 352
63 45 672
64 45 63
45 65 931
66 45 97
45 67 361
45 68 49
45 69 281
45 70 61
71 45 651
72 45 471
45 73 106
45 74 729
45 75 937
45 76 374
77 45 813
78 45 629
79 45 897
80 45 820
45 81 649
45 82 189
45 83 915
84 45 691
45 85 484
86 45 232
45 87 153
45 88 534
89 45 267
45 90 126
91 45 69
92 45 563
93 45 279
45 94 69
45 95 234
96 45 707
97 45 156
98 45 892
99 45 483
45 100 970
46 47 37
48 46 452
49 46 902
50 46 799
51 46 302
46 52 75
46 53 126
54 46 250
55 46 829
56 46 284
46 57 559
46 58 296
46 59 236
60 46 488
46 61 121
62 46 35
63 46 657
46 64 49
65 46 822
46 66 431
67 46 475
68 46 844
69 46 494
46 70 709
46 71 116
46 72 736
46 73 333
74 46 91
46 75 570
76 46 285
46 77 739
78 46 902
46 79 805
46 80 658
46 81 501
46 82 453
46 83 296
46 84 280
46 85 93
46 86 463
46 87 331
46 88 233
89 46 581
46 90 582
46 91 606
46 92 895
46 93 184
46 94 91
46 95 97
46 96 670
46 97 539
46 98 925
99 46 121
46 100 976
47 48 543
47 49 773
50 47 988
47 51 239
47 52 33
47 53 421
47 54 685
55 47 685
47 56 462
47 57 912
47 58 875
59 47 507
47 60 758
61 47 600
47 62 338
63 47 795
47 64 364
47 65 456
66 47 277
47 67 622
68 47 865
47 69 650
70 47 708
71 47 473
72 47 461
47 73 79
47 74 668
75 47 453
76 47 720
47 77 654
78 47 330
79 47 641
80 47 720
47 81 396
47 82 142
83 47 8
47 84 411
85 47 907
47 86 342
87 47 991
88 47 114
89 47 490
90 47 357
47 91 909
47 92 697
47 93 837
47 94 714
95 47 70
47 97 817
47 98 417
47 99 787
100 47 596
49 48 681
50 48 137
51 48 407
52 48 876
53 48 132
48 54 184
55 48 916
56 48 121
57 48 151
48 58 895
59 48 919
60 48 903
48 61 459
62 48 273
63 48 93
48 64 744
65 48 636
48 66 535
67 48 522
48 68 869
69 48 121
48 70 429
48 71 719
72 48 569
73 48 398
74 48 848
48 75 141
48 76 755
77 48 420
78 48 548
79 48 894
80 48 989
48 81 522
48 82 924
83 48 637
48 84 47
48 85 548
86 48 497
48 87 727
88 48 486
48 89 527
90 48 791
48 91 434
48 92 970
48 93 572
94 48 70
48 95 159
48 96 699
48 97 285
48 98 74
48 99 117
48 100 383
50 49 298
51 49 633
49 52 296
53 49 499
49 54 803
49 55 193
56 49 539
57 49 794
49 58 679
59 49 631
49 60 624
61 49 869
62 49 654
63 49 182
64 49 766
49 65 786
49 66 794
67 49 439
68 49 889
49 69 263
70 49 931
71 49 279
73 49 424
49 74 1000
49 75 913
76 49 262
77 49 57
49 78 247
79 49 703
80 49 469
49 81 154
49 82 411
49 83 674
49 84 812
85 49 466
86 49 893
49 87 485
88 49 241
89 49 995
49 90 546
91 49 780
92 49 851
49 93 328
94 49 891
49 95 817
96 49 647
97 49 242
49 98 246
99 49 613
49 100 230
50 51 616
50 52 701
50 53 187
54 50 8
55 50 884
50 56 791
57 50 64
58 50 203
50 59 90
60 50 773
50 61 803
50 62 228
50 63 533
50 64 310
65 50 235
66 50 574
50 67 13
50 68 301
69 50 567
70 50 83
50 71 566
72 50 817
73 50 513
74 50 372
75 50 463
76 50 860
77 50 620
78 50 660
50 79 912
80 50 648
81 50 860
82 50 699
50 83 494
50 84 774
50 85 660
50 86 214
87 50 80
50 88 205
50 89 400
90 50 898
50 91 425
92 50 126
50 93 195
94 50 547
95 50 457
50 96 308
50 97 414
98 50 891
99 50 6
50 100 319
52 51 871
51 53 593
51 54 913
55 51 894
51 56 725
57 51 173
58 51 899
51 59 544
60 51 786
51 61 255
51 62 283
63 51 910
51 64 921
51 65 955
51 66 816
67 51 294
51 68 508
51 69 988
51 70 682
71 51 83
72 51 23
73 51 259
74 51 256
75 51 69
76 51 244
51 77 986
78 51 238
79 51 926
51 80 47
51 81 435
51 82 856
51 83 899
84 51 965
51 85 486
51 86 118
51 87 756
51 88 174
89 51 116
90 51 169
91 51 173
51 92 860
93 51 642
94 51 405
51 95 254
96 51 799
51 97 312
98 51 767
99 51 721
100 51 448
53 52 80
52 54 126
52 55 409
52 56 202
57 52 432
52 58 709
59 52 485
52 60 115
61 52 16
62 52 46
63 52 322
52 64 308
65 52 202
52 66 547
67 52 508
68 52 481
69 52 912
52 70 422
52 71 257
72 52 196
73 52 696
52 74 645
75 52 175
76 52 659
52 77 981
52 78 810
79 52 251
80 52 639
81 52 542
82 52 375
83 52 883
84 52 988
52 85 812
86 52 818
87 52 384
88 52 461
89 52 973
90 52 611
91 52 567
92 52 689
93 52 324
52 94 553
95 52 967
96 52 379
52 97 431
98 52 261
52 99 311
52 100 811
53 54 8
53 55 894
56 53 345
53 57 822
58 53 810
53 59 815
53 60 405
61 53 979
53 62 353
63 53 6
64 53 425
53 65 530
66 53 488
53 67 520
53 68 37
69 53 624
70 53 662
71 53 787
53 72 223
53 73 674
53 74 744
75 53 464
53 76 695
53 77 227
78 53 324
79 53 717
53 80 968
81 53 306
53 82 388
53 83 605
84 53 860
53 85 821
86 53 97
87 53 879
88 53 567
53 89 702
53 90 744
91 53 161
92 53 958
93 53 189
94 53 323
53 95 732
96 53 504
53 97 98
98 53 567
53 99 667
53 100 634
55 54 650
54 56 798
57 54 400
54 58 136
59 54 377
60 54 618
61 54 21
62 54 627
54 63 560
54 64 467
65 54 592
54 66 680
67 54 564
54 68 94
69 54 727
70 54 773
71 54 456
54 72 608
73 54 285
74 54 660
75 54 326
76 54 901
54 77 555
54 78 907
54 79 477
80 54 405
54 81 46
54 82 108
54 83 386
84 54 896
54 85 280
54 86 840
87 54 238
54 88 294
54 89 894
90 54 535
91 54 581
92 54 917
93 54 314
94 54 249
54 95 252
96 54 209
97 54 792
54 98 610
99 54 869
100 54 289
55 56 173
55 57 234
55 58 279
59 55 635
60 55 831
61 55 95
55 63 11
55 64 621
55 65 146
66 55 789
55 67 971
68 55 941
69 55 399
55 70 859
71 55 110
55 72 427
73 55 943
55 74 220
55 75 175
55 76 652
77 55 838
78 55 2
55 80 975
55 81 105
82 55 878
55 83 59
55 84 898
85 55 64
86 55 907
87 55 476
55 88 97
89 55 559
90 55 636
55 91 163
92 55 31
93 55 216
94 55 211
55 95 404
96 55 857
55 97 273
55 98 465
99 55 752
100 55 732
57 56 81
56 58 485
59 56 606
56 60 325
56 61 570
56 62 543
56 63 690
64 56 940
65 56 370
56 66 25
67 56 390
68 56 633
56 69 967
70 56 697
56 71 163
56 72 884
56 73 417
74 56 504
56 75 302
56 76 185
77 56 139
78 56 306
56 79 356
80 56 436
81 56 99
56 82 849
56 83 341
84 56 502
85 56 282
56 86 24
56 87 977
88 56 391
89 56 627
56 90 767
56 91 425
92 56 854
93 56 382
94 56 94
95 56 756
56 96 813
56 97 341
98 56 45
99 56 494
56 100 339
58 57 447
57 59 922
60 57 973
61 57 168
62 57 910
57 63 583
64 57 236
57 65 601
66 57 595
67 57 57
57 68 576
69 57 907
57 70 530
71 57 949
72 57 201
73 57 853
74 57 1
57 75 774
76 57 790
77 57 275
57 78 226
79 57 386
80 57 293
57 81 134
82 57 32
57 83 940
84 57 59
57 85 875
57 86 500
87 57 314
57 88 461
57 89 51
90 57 643
57 91 137
92 57 116
57 93 836
94 57 972
95 57 505
57 96 910
57 97 854
57 98 180
99 57 900
57 100 342
58 59 177
58 60 300
58 61 245
62 58 359
63 58 925
64 58 470
58 65 137
66 58 177
58 67 629
58 68 544
58 69 764
58 70 123
71 58 747
72 58 114
58 73 891
74 58 476
58 76 775
58 77 597
78 58 970
79 58 812
80 58 65
81 58 811
82 58 753
83 58 630
58 84 30
85 58 15
86 58 589
58 87 581
88 58 449
89 58 133
90 58 406
58 91 607
58 92 163
93 58 419
94 58 797
58 95 159
96 58 806
97 58 214
58 98 103
99 58 809
100 58 661
59 60 319
61 59 159
59 62 491
63 59 182
59 64 213
65 59 879
66 59 470
67 59 725
59 68 877
59 69 469
70 59 86
59 71 356
72 59 183
59 73 845
59 74 294
75 59 519
59 77 29
59 78 596
79 59 397
80 59 199
81 59 801
59 82 804
59 83 446
59 84 774
85 59 512
86 59 405
59 87 868
88 59 320
89 59 900
90 59 675
59 91 533
92 59 509
93 59 854
94 59 547
59 95 379
59 96 936
59 97 467
98 59 77
59 99 134
59 100 583
60 61 362
62 60 783
63 60 41
60 64 962
60 65 469
60 66 696
67 60 274
60 68 562
69 60 12
60 70 728
71 60 205
72 60 922
73 60 105
60 74 287
75 60 551
76 60 236
77 60 207
60 78 197
79 60 823
60 80 539
81 60 793
60 82 292
60 83 141
84 60 896
85 60 664
86 60 895
87 60 989
60 88 595
60 89 517
90 60 684
91 60 453
92 60 683
93 60 288
60 94 258
60 95 37
60 96 401
60 97 733
60 98 951
99 60 600
100 60 729
62 61 525
63 61 483
61 64 142
61 65 959
61 66 310
61 67 77
68 61 912
69 61 773
70 61 638
61 71 308
72 61 529
61 73 208
74 61 455
61 75 838
61 76 708
61 77 317
78 61 893
79 61 98
61 80 228
61 81 44
61 82 401
61 83 4
61 84 230
61 85 510
61 86 158
87 61 246
61 88 581
89 61 299
90 61 314
61 91 89
61 92 405
93 61 606
94 61 907
95 61 683
96 61 462
61 97 376
61 98 197
99 61 173
61 100 506
62 63 645
64 62 554
62 65 701
62 66 46
67 62 521
62 68 486
69 62 733
62 70 365
62 71 891
62 73 573
74 62 205
62 75 484
62 76 198
62 77 590
78 62 72
79 62 972
62 80 528
81 62 434
62 82 259
62 83 534
62 84 269
62 85 350
86 62 210
87 62 401
62 88 134
89 62 941
62 90 326
62 91 755
92 62 342
62 93 849
94 62 670
62 95 498
96 62 385
62 97 562
98 62 67
99 62 612
62 100 940
64 63 198
65 63 703
63 66 333
63 67 626
68 63 173
69 63 400
70 63 177
71 63 974
72 63 153
73 63 549
74 63 543
75 63 934
76 63 575
63 77 903
63 78 39
79 63 498
63 80 343
63 81 537
82 63 387
63 83 299
84 63 816
85 63 189
63 86 791
63 87 369
63 88 508
89 63 298
63 90 201
91 63 506
92 63 934
93 63 664
94 63 603
95 63 560
96 63 64
97 63 324
63 98 962
63 99 360
63 100 24
64 65 121
66 64 413
67 64 462
64 68 757
69 64 321
70 64 693
71 64 787
64 72 587
64 73 950
74 64 314
64 75 189
76 64 310
64 77 178
78 64 838
79 64 752
80 64 788
81 64 379
64 82 713
64 83 471
64 84 302
64 85 482
64 86 322
87 64 972
88 64 718
89 64 800
64 90 134
64 91 760
92 64 204
64 93 418
94 64 178
95 64 253
64 96 745
64 97 517
64 98 175
64 99 983
100 64 483
65 66 822
65 67 732
68 65 63
65 69 66
65 70 185
72 65 296
65 73 108
74 65 115
65 75 763
76 65 401
65 77 732
65 78 596
79 65 910
80 65 523
65 81 769
65 82 560
65 83 70
65 84 338
85 65 121
86 65 407
65 87 808
65 88 369
89 65 639
91 65 753
92 65 815
65 93 200
65 94 779
65 95 459
65 96 614
97 65 834
65 98 756
65 99 21
100 65 447
67 66 932
66 68 1
69 66 157
66 70 323
71 66 44
72 66 485
66 73 625
74 66 627
75 66 200
66 76 916
77 66 823
66 78 207
66 79 833
66 80 765
81 66 124
66 82 799
83 66 913
84 66 713
66 86 35
87 66 952
88 66 976
89 66 168
66 90 78
66 91 826
92 66 259
66 93 657
66 94 394
66 95 676
96 66 781
66 97 182
66 98 382
99 66 256
66 100 653
67 68 440
67 69 518
70 67 582
71 67 841
72 67 471
67 73 740
67 74 752
75 67 483
67 76 842
67 77 72
67 78 582
67 79 101
80 67 195
81 67 703
67 82 366
67 83 829
84 67 747
67 85 547
67 86 191
67 87 77
88 67 657
67 89 308
90 67 870
67 91 816
67 92 17
93 67 933
67 94 90
95 67 64
96 67 515
98 67 881
67 99 969
100 67 572
69 68 936
70 68 857
71 68 327
72 68 331
73 68 176
68 75 317
76 68 779
77 68 497
78 68 282
79 68 744
80 68 926
68 81 463
82 68 490
68 83 35
84 68 563
85 68 166
68 86 557
68 87 140
88 68 522
68 89 600
90 68 54
68 91 871
68 92 248
93 68 543
94 68 657
68 95 226
96 68 247
68 97 1
98 68 680
99 68 967
68 100 736
69 70 407
69 71 323
72 69 717
69 73 884
69 74 456
75 69 584
69 76 121
77 69 397
78 69 712
69 80 289
81 69 546
69 82 691
69 83 359
69 84 952
85 69 813
86 69 359
69 87 405
88 69 172
89 69 493
69 90 56
91 69 423
69 92 901
93 69 834
94 69 316
69 95 566
69 96 281
69 97 284
98 69 97
69 99 400
100 69 946
70 71 483
72 70 668
70 73 913
74 70 840
75 70 382
76 70 890
70 77 332
70 78 761
79 70 409
70 80 107
70 81 32
82 70 437
83 70 709
70 84 660
85 70 934
70 86 672
70 87 262
88 70 655
70 89 882
70 90 635
91 70 93
70 92 419
70 93 17
94 70 941
95 70 606
96 70 399
97 70 785
98 70 655
99 70 720
100 70 953
72 71 272
73 71 421
74 71 963
71 76 196
77 71 396
78 71 365
79 71 229
71 80 640
81 71 80
71 82 364
71 83 814
84 71 262
85 71 359
86 71 720
87 71 59
88 71 648
89 71 145
71 90 998
91 71 294
92 71 195
93 71 3
94 71 664
95 71 699
96 71 341
71 97 718
98 71 608
99 71 761
100 71 884
73 72 975
74 72 496
72 75 679
76 72 716
77 72 27
78 72 98
72 79 258
72 80 712
72 81 203
82 72 195
83 72 29
84 72 382
85 72 591
86 72 982
87 72 210
88 72 822
72 89 171
90 72 569
72 91 811
92 72 376
94 72 825
72 95 310
96 72 220
72 97 671
72 98 116
99 72 975
72 100 656
74 73 593
75 73 406
76 73 854
73 77 116
78 73 792
79 73 310
80 73 595
73 81 721
82 73 998
83 73 939
73 84 13
73 85 581
86 73 103
73 87 309
88 73 49
89 73 853
90 73 961
73 91 288
73 92 231
93 73 554
94 73 539
95 73 367
96 73 512
97 73 915
98 73 632
99 73 169
73 100 362
75 74 31
76 74 148
77 74 597
74 78 655
74 79 189
80 74 59
74 81 780
74 82 582
74 83 664
74 84 900
74 85 604
74 86 469
87 74 625
74 88 75
89 74 447
90 74 245
91 74 605
74 92 520
93 74 939
74 94 354
95 74 789
96 74 954
74 97 406
74 98 605
99 74 7
100 74 802
76 75 972
75 77 833
75 78 721
79 75 740
75 80 47
75 81 996
82 75 79
83 75 556
84 75 41
85 75 144
86 75 25
87 75 100
75 88 336
89 75 850
90 75 265
75 91 305
75 92 273
93 75 831
75 94 99
75 95 513
75 96 609
97 75 500
98 75 727
100 75 767
76 77 198
78 76 44
79 76 398
76 80 334
76 81 675
76 82 70
76 83 332
84 76 303
76 85 487
76 86 271
76 87 160
76 88 368
89 76 267
76 90 745
76 91 109
92 76 693
76 93 161
76 94 656
95 76 561
76 96 716
76 97 369
76 98 617
99 76 794
100 76 224
78 77 566
77 79 40
80 77 965
77 81 96
77 82 165
77 83 609
85 77 653
86 77 567
77 87 290
88 77 301
89 77 545
77 90 352
77 91 208
77 92 475
93 77 979
94 77 44
95 77 499
96 77 141
77 97 216
77 98 422
99 77 684
100 77 813
78 79 681
78 80 76
78 81 856
78 82 953
78 83 319
78 84 433
78 85 707
78 86 4
87 78 366
78 88 213
78 89 520
78 90 473
91 78 429
92 78 493
93 78 293
78 94 800
95 78 685
96 78 942
78 97 954
78 98 644
78 99 549
78 100 150
80 79 39
81 79 644
82 79 552
79 83 972
84 79 561
85 79 509
79 86 691
79 87 454
88 79 307
89 79 955
90 79 832
79 91 234
92 79 494
93 79 761
79 94 657
79 95 353
96 79 414
79 97 451
79 98 555
99 79 92
79 100 219
81 80 457
82 80 602
80 83 243
80 84 866
85 80 602
86 80 796
87 80 834
88 80 416
80 89 35
80 90 855
91 80 118
80 92 438
93 80 289
80 94 695
95 80 459
96 80 981
97 80 173
80 98 528
99 80 193
80 100 963
82 81 90
81 83 332
84 81 399
85 81 868
86 81 170
81 87 523
81 88 342
81 89 208
81 90 303
81 91 10
81 92 518
81 93 28
81 94 275
81 95 456
96 81 301
81 97 612
81 98 175
81 99 665
100 81 690
82 83 709
82 84 254
85 82 499
86 82 542
82 87 928
88 82 311
82 89 310
82 90 631
91 82 869
82 92 596
82 93 372
82 94 741
82 95 638
96 82 279
82 97 192
82 98 185
82 99 179
100 82 483
84 83 736
83 85 86
83 86 572
83 87 953
89 83 935
83 90 443
83 91 517
83 92 564
93 83 858
94 83 402
96 83 55
83 97 848
98 83 567
99 83 29
100 83 407
84 85 777
86 84 131
84 87 592
88 84 581
89 84 370
84 90 609
91 84 370
92 84 124
84 93 936
84 94 887
84 95 254
96 84 727
84 97 532
84 98 832
84 99 46
84 100 27
85 86 786
85 87 522
85 88 592
85 89 544
90 85 307
85 91 874
85 92 582
93 85 162
85 94 75
85 95 929
85 96 341
85 97 781
85 98 653
85 99 783
100 85 906
87 86 872
88 86 318
89 86 68
86 90 198
91 86 574
86 92 819
93 86 235
86 94 148
95 86 269
86 96 796
86 97 549
86 98 205
86 99 359
100 86 645
88 87 258
87 89 653
90 87 593
91 87 873
87 92 584
87 93 975
94 87 629
95 87 956
87 96 192
97 87 611
98 87 676
87 99 10
87 100 245
88 89 257
90 88 774
88 91 799
92 88 155
88 93 512
94 88 774
88 95 407
96 88 158
97 88 865
88 98 173
88 99 1
88 100 978
89 90 528
91 89 721
92 89 581
89 93 454
94 89 272
95 89 90
96 89 610
97 89 874
98 89 343
99 89 856
100 89 355
91 90 481
92 90 503
93 90 95
94 90 73
90 95 466
90 96 77
97 90 489
98 90 504
90 99 845
100 90 873
92 91 197
91 93 531
91 94 954
95 91 68
96 91 974
91 97 878
91 98 697
91 99 163
100 91 234
92 94 700
92 95 642
92 96 26
92 97 741
92 98 495
99 92 192
100 92 416
94 93 663
95 93 330
96 93 553
93 97 212
93 98 719
93 99 374
93 100 532
94 95 332
94 96 82
97 94 303
98 94 972
99 94 373
94 100 1000
96 95 930
97 95 999
98 95 567
99 95 182
95 100 547
96 97 89
98 96 763
96 99 480
100 96 257
98 97 4
97 99 480
100 97 322
98 99 160
100 98 462
99 100 356

END
