INSTANCE_NAME cc6-2p.dat
NB_VERTICES 64
NB_ARCS 192
NB_REQUESTS 0
NB_BLOCKAGES 115
NB_A' 3840

VERTICES
1 0 0
2 0 0
3 0 0
4 0 0
5 0 0
6 0 0
7 0 0
8 0 0
9 0 0
10 0 0
11 0 0
12 0 0
13 0 0
14 0 0
15 0 0
16 0 0
17 0 0
18 0 0
19 0 0
20 0 0
21 0 0
22 0 0
23 0 0
24 0 0
25 0 0
26 0 0
27 0 0
28 0 0
29 0 0
30 0 0
31 0 0
32 0 0
33 0 0
34 0 0
35 0 0
36 0 0
37 0 0
38 0 0
39 0 0
40 0 0
41 0 0
42 0 0
43 0 0
44 0 0
45 0 0
46 0 0
47 0 0
48 0 0
49 0 0
50 0 0
51 0 0
52 0 0
53 0 0
54 0 0
55 0 0
56 0 0
57 0 0
58 0 0
59 0 0
60 0 0
61 0 0
62 0 0
63 0 0
64 0 0

ARCS
2 1 201
1 3 103
3 4 103
4 2 207
2 6 210
6 5 109
5 1 106
1 9 110
9 10 106
10 2 201
2 18 205
18 17 105
17 1 108
1 33 107
33 34 107
34 2 208
34 36 201
36 4 210
4 8 109
8 6 103
6 14 107
14 10 107
10 12 104
12 4 101
4 20 108
20 18 108
18 22 102
22 6 103
6 38 205
38 34 206
34 42 110
42 10 107
10 26 109
26 18 110
18 50 103
50 34 104
50 49 205
49 17 201
17 19 104
19 3 104
3 7 207
7 5 201
5 13 109
13 9 106
9 11 108
11 3 103
3 35 110
35 33 108
33 37 105
37 5 108
5 21 104
21 17 104
17 25 104
25 9 110
9 41 203
41 33 207
33 49 209
49 51 207
51 19 102
19 20 110
20 24 205
24 8 203
8 7 210
7 15 210
15 11 103
11 12 105
12 16 210
16 8 208
8 40 110
40 36 203
36 35 206
35 39 109
39 7 204
7 23 203
23 19 110
19 27 205
27 11 202
11 43 101
43 35 101
35 51 103
51 52 101
52 20 105
20 28 101
28 12 105
12 44 101
44 36 204
36 52 203
52 50 107
50 54 107
54 22 104
22 21 109
21 23 106
23 24 205
24 22 207
22 30 108
30 14 106
14 13 108
13 15 107
15 16 203
16 14 204
14 46 107
46 38 207
38 37 205
37 39 102
39 40 110
40 38 203
38 54 204
54 53 108
53 21 106
21 29 203
29 13 203
13 45 107
45 37 108
37 53 108
53 49 204
49 57 205
57 25 108
25 26 101
26 28 105
28 27 204
27 25 206
25 29 205
29 30 202
30 26 106
26 58 202
58 42 201
42 41 202
41 43 201
43 44 104
44 42 106
42 46 106
46 45 108
45 41 201
41 57 208
57 58 207
58 50 204
58 60 207
60 28 108
28 32 110
32 16 204
16 48 206
48 40 104
40 56 107
56 24 201
24 32 205
32 30 109
30 62 103
62 46 110
46 48 107
48 44 104
44 60 106
60 52 104
52 56 102
56 54 110
54 62 109
62 58 207
62 61 101
61 29 201
29 31 203
31 15 105
15 47 103
47 39 110
39 55 106
55 23 102
23 31 109
31 27 210
27 59 205
59 43 110
43 47 106
47 45 106
45 61 106
61 53 101
53 55 105
55 51 110
51 59 110
59 57 103
57 61 108
61 63 208
63 31 201
31 32 106
32 64 106
64 48 103
48 47 106
47 63 206
63 55 209
55 56 103
56 64 101
64 60 106
60 59 107
59 63 202
63 64 206
64 62 103

REQUESTS

BLOCKAGES
57 61
51 59
9 10
3 35
60 28
56 64
38 54
35 39
42 41
37 39
14 46
57 58
49 51
13 15
14 13
28 27
16 48
22 6
13 9
49 57
19 20
18 50
63 64
28 32
2 1
27 11
21 29
11 12
55 23
25 9
35 33
45 37
24 8
2 18
24 32
4 2
5 21
62 61
47 63
19 3
23 19
31 15
30 26
54 22
20 18
61 29
27 59
37 5
33 37
23 31
40 38
44 42
41 57
10 26
9 41
22 21
7 23
53 55
15 47
22 30
16 14
26 18
34 42
4 20
55 51
64 62
58 42
4 8
12 44
26 28
12 4
31 27
45 41
6 38
34 2
17 19
59 63
50 49
47 39
16 8
48 40
54 53
46 45
1 33
58 60
43 47
1 3
8 40
63 55
59 43
32 30
43 35
17 1
13 45
31 32
7 15
25 29
64 60
34 36
60 52
20 24
40 56
46 48
39 7
29 30
52 50
51 52
61 53
11 3
33 34
11 43
50 54
53 49
46 38
6 14

A'
1 2 382
1 4 404
1 5 691
1 6 141
1 7 238
1 8 577
1 10 482
1 11 79
1 12 184
1 13 712
1 14 954
1 15 795
1 16 286
1 17 66
1 18 993
1 19 724
1 20 408
1 21 531
1 22 6
1 23 729
1 24 274
1 25 150
1 26 405
1 27 209
1 28 534
1 29 521
1 30 547
1 31 15
1 32 545
1 34 52
1 35 254
1 36 279
1 37 455
1 38 296
1 39 419
1 40 44
1 41 872
1 42 900
1 43 474
1 44 56
1 45 963
1 46 427
1 47 850
1 48 601
1 49 844
1 50 194
1 51 324
1 52 603
1 53 76
1 54 330
1 55 331
1 56 349
1 57 831
1 58 736
1 59 910
1 60 364
1 61 608
1 62 808
1 63 731
1 64 152
2 3 859
2 4 336
2 5 782
2 7 666
2 8 632
2 9 553
2 10 61
2 11 503
2 12 804
2 13 535
2 14 910
2 15 767
2 16 961
2 17 112
2 19 367
2 20 157
2 21 305
2 22 690
2 23 759
2 24 381
2 25 19
2 26 90
2 27 81
2 28 850
2 29 177
2 30 342
2 31 213
2 32 784
2 33 150
2 34 295
2 35 287
2 36 360
2 37 631
2 38 69
2 39 377
2 40 262
2 41 621
2 42 438
2 43 116
2 44 776
2 45 972
2 46 26
2 47 542
2 48 284
2 49 489
2 50 908
2 51 792
2 52 793
2 53 950
2 54 551
2 55 525
2 56 320
2 57 992
2 58 958
2 59 169
2 60 520
2 61 299
2 62 734
2 63 303
2 64 800
3 1 28
3 2 941
3 5 160
3 6 658
3 8 361
3 9 888
3 10 271
3 11 333
3 12 325
3 13 387
3 14 109
3 15 648
3 16 764
3 17 650
3 18 284
3 19 252
3 20 910
3 21 75
3 22 396
3 23 859
3 24 977
3 25 921
3 26 178
3 27 968
3 28 878
3 29 699
3 30 839
3 31 176
3 32 784
3 33 141
3 34 976
3 36 163
3 37 434
3 38 487
3 39 173
3 40 794
3 41 374
3 42 443
3 43 127
3 44 51
3 45 829
3 46 235
3 47 50
3 48 944
3 49 236
3 50 685
3 51 195
3 52 497
3 53 760
3 54 591
3 55 355
3 56 88
3 57 863
3 58 885
3 59 408
3 60 740
3 61 935
3 62 246
3 63 267
3 64 718
4 1 739
4 3 594
4 5 880
4 6 172
4 7 432
4 9 52
4 10 965
4 11 158
4 12 847
4 13 443
4 14 208
4 15 27
4 16 29
4 17 609
4 18 971
4 19 265
4 21 294
4 22 165
4 23 113
4 24 405
4 25 107
4 26 468
4 27 844
4 28 969
4 29 704
4 30 251
4 31 60
4 32 638
4 33 497
4 34 327
4 35 707
4 36 587
4 37 272
4 38 938
4 39 758
4 40 704
4 41 342
4 42 74
4 43 861
4 44 188
4 45 869
4 46 420
4 47 214
4 48 897
4 49 28
4 50 184
4 51 513
4 52 673
4 53 701
4 54 626
4 55 429
4 56 159
4 57 445
4 58 273
4 59 128
4 60 500
4 61 875
4 62 539
4 63 137
4 64 723
5 2 217
5 3 195
5 4 309
5 6 489
5 7 132
5 8 66
5 9 192
5 10 473
5 11 492
5 12 404
5 14 12
5 15 360
5 16 823
5 17 226
5 18 608
5 19 202
5 20 761
5 22 473
5 23 875
5 24 813
5 25 98
5 26 655
5 27 972
5 28 894
5 29 927
5 30 451
5 31 393
5 32 154
5 33 341
5 34 881
5 35 876
5 36 558
5 37 75
5 38 185
5 39 46
5 40 558
5 41 602
5 42 589
5 43 383
5 44 445
5 45 992
5 46 394
5 47 804
5 48 166
5 49 971
5 50 764
5 51 367
5 52 732
5 53 236
5 54 241
5 55 896
5 56 685
5 57 248
5 58 219
5 59 578
5 60 526
5 61 669
5 62 322
5 63 679
5 64 10
6 1 202
6 2 555
6 3 919
6 4 628
6 7 91
6 8 964
6 9 537
6 10 692
6 11 904
6 12 919
6 13 137
6 15 247
6 16 665
6 17 292
6 18 412
6 19 635
6 20 407
6 21 778
6 22 718
6 23 642
6 24 371
6 25 966
6 26 678
6 27 618
6 28 184
6 29 255
6 30 143
6 31 853
6 32 928
6 33 174
6 34 214
6 35 129
6 36 80
6 37 132
6 39 108
6 40 170
6 41 447
6 42 645
6 43 213
6 44 350
6 45 915
6 46 701
6 47 948
6 48 579
6 49 345
6 50 359
6 51 566
6 52 751
6 53 136
6 54 635
6 55 745
6 56 858
6 57 600
6 58 422
6 59 475
6 60 784
6 61 29
6 62 970
6 63 988
6 64 956
7 1 495
7 2 201
7 3 437
7 4 574
7 6 684
7 8 544
7 9 95
7 10 130
7 11 188
7 12 307
7 13 831
7 14 103
7 16 360
7 17 778
7 18 33
7 19 704
7 20 488
7 21 598
7 22 806
7 24 975
7 25 233
7 26 550
7 27 833
7 28 184
7 29 324
7 30 659
7 31 967
7 32 352
7 33 628
7 34 954
7 35 659
7 36 474
7 37 506
7 38 447
7 39 47
7 40 541
7 41 991
7 42 141
7 43 22
7 44 530
7 45 800
7 46 852
7 47 984
7 48 159
7 49 981
7 50 17
7 51 862
7 52 820
7 53 966
7 54 667
7 55 795
7 56 550
7 57 569
7 58 627
7 59 734
7 60 244
7 61 285
7 62 52
7 63 947
7 64 265
8 1 358
8 2 605
8 3 738
8 4 863
8 5 52
8 9 137
8 10 404
8 11 394
8 12 277
8 13 777
8 14 923
8 15 76
8 16 629
8 17 259
8 18 586
8 19 961
8 20 627
8 21 799
8 22 781
8 23 944
8 24 818
8 25 927
8 26 494
8 27 386
8 28 553
8 29 579
8 30 629
8 31 189
8 32 630
8 33 575
8 34 453
8 35 987
8 36 531
8 37 543
8 38 202
8 39 934
8 41 679
8 42 957
8 43 327
8 44 307
8 45 733
8 46 602
8 47 735
8 48 713
8 49 860
8 50 320
8 51 674
8 52 838
8 53 119
8 54 806
8 55 781
8 56 936
8 57 732
8 58 626
8 59 673
8 60 636
8 61 204
8 62 653
8 63 176
8 64 834
9 1 227
9 2 629
9 3 820
9 4 109
9 5 523
9 6 21
9 7 43
9 8 201
9 12 977
9 13 721
9 14 507
9 15 710
9 16 322
9 17 241
9 18 422
9 19 533
9 20 561
9 21 447
9 22 370
9 23 31
9 24 604
9 25 503
9 26 318
9 27 687
9 28 128
9 29 990
9 30 674
9 31 332
9 32 642
9 33 850
9 34 165
9 35 220
9 36 478
9 37 336
9 38 680
9 39 352
9 40 709
9 42 722
9 43 552
9 44 685
9 45 443
9 46 58
9 47 746
9 48 116
9 49 651
9 50 520
9 51 649
9 52 563
9 53 318
9 54 370
9 55 945
9 56 922
9 57 872
9 58 262
9 59 608
9 60 1000
9 61 251
9 62 282
9 63 683
9 64 244
10 1 483
10 3 199
10 4 815
10 5 312
10 6 534
10 7 494
10 8 663
10 9 242
10 11 216
10 13 214
10 14 279
10 15 10
10 16 623
10 17 376
10 18 125
10 19 625
10 20 247
10 21 125
10 22 187
10 23 565
10 24 495
10 25 131
10 27 838
10 28 718
10 29 744
10 30 797
10 31 717
10 32 994
10 33 430
10 34 751
10 35 589
10 36 912
10 37 949
10 38 403
10 39 223
10 40 835
10 41 249
10 42 885
10 43 76
10 44 816
10 45 98
10 46 706
10 47 825
10 48 73
10 49 434
10 50 301
10 51 697
10 52 680
10 53 426
10 54 884
10 55 596
10 56 272
10 57 366
10 58 433
10 59 989
10 60 110
10 61 230
10 62 58
10 63 455
10 64 659
11 1 808
11 2 396
11 4 571
11 5 757
11 6 798
11 7 145
11 8 591
11 9 398
11 10 30
11 13 18
11 14 213
11 15 127
11 16 76
11 17 389
11 18 551
11 19 861
11 20 42
11 21 248
11 22 540
11 23 819
11 24 483
11 25 488
11 26 90
11 27 848
11 28 920
11 29 430
11 30 957
11 31 501
11 32 487
11 33 764
11 34 512
11 35 295
11 36 159
11 37 434
11 38 403
11 39 308
11 40 578
11 41 345
11 42 706
11 44 607
11 45 362
11 46 270
11 47 86
11 48 789
11 49 659
11 50 636
11 51 649
11 52 52
11 53 883
11 54 541
11 55 870
11 56 365
11 57 28
11 58 311
11 59 565
11 60 299
11 61 740
11 62 873
11 63 152
11 64 227
12 1 636
12 2 663
12 3 873
12 5 794
12 6 96
12 7 275
12 8 454
12 9 673
12 10 619
12 11 159
12 13 632
12 14 332
12 15 780
12 17 717
12 18 473
12 19 790
12 20 704
12 21 121
12 22 841
12 23 939
12 24 13
12 25 62
12 26 655
12 27 40
12 28 372
12 29 219
12 30 691
12 31 112
12 32 92
12 33 842
12 34 690
12 35 79
12 36 504
12 37 562
12 38 225
12 39 951
12 40 188
12 41 678
12 42 623
12 43 158
12 45 188
12 46 254
12 47 489
12 48 319
12 49 322
12 50 313
12 51 109
12 52 26
12 53 434
12 54 949
12 55 964
12 56 798
12 57 363
12 58 970
12 59 190
12 60 734
12 61 189
12 62 880
12 63 197
12 64 632
13 1 73
13 2 886
13 3 62
13 4 576
13 5 799
13 6 286
13 7 526
13 8 986
13 10 315
13 11 500
13 12 143
13 14 854
13 16 106
13 17 984
13 18 173
13 19 427
13 20 296
13 21 281
13 22 804
13 23 81
13 24 581
13 25 119
13 26 879
13 27 943
13 28 89
13 29 420
13 30 29
13 31 629
13 32 299
13 33 225
13 34 260
13 35 371
13 36 111
13 37 673
13 38 298
13 39 909
13 40 959
13 41 175
13 42 247
13 43 625
13 44 26
13 46 389
13 47 831
13 48 131
13 49 724
13 50 3
13 51 910
13 52 372
13 53 635
13 54 713
13 55 452
13 56 567
13 57 184
13 58 682
13 59 510
13 60 272
13 61 101
13 62 890
13 63 900
13 64 751
14 1 114
14 2 511
14 3 473
14 4 576
14 5 183
14 6 122
14 7 837
14 8 493
14 9 296
14 11 83
14 12 470
14 15 674
14 16 823
14 17 300
14 18 156
14 19 547
14 20 654
14 21 65
14 22 270
14 23 288
14 24 130
14 25 721
14 26 854
14 27 313
14 28 755
14 29 715
14 30 936
14 31 207
14 32 604
14 33 187
14 34 958
14 35 70
14 36 697
14 37 430
14 38 997
14 39 231
14 40 904
14 41 833
14 42 76
14 43 551
14 44 267
14 45 545
14 47 224
14 48 442
14 49 196
14 50 380
14 51 340
14 52 849
14 53 444
14 54 609
14 55 136
14 56 925
14 57 329
14 58 341
14 59 237
14 60 435
14 61 408
14 62 172
14 63 642
14 64 363
15 1 358
15 2 599
15 3 432
15 4 406
15 5 380
15 6 429
15 7 989
15 8 283
15 9 613
15 10 64
15 12 834
15 13 232
15 14 960
15 17 409
15 18 673
15 19 155
15 20 788
15 21 12
15 22 3
15 23 584
15 24 620
15 25 490
15 26 860
15 27 300
15 28 182
15 29 97
15 30 735
15 31 589
15 32 620
15 33 376
15 34 304
15 35 330
15 36 326
15 37 735
15 38 87
15 39 57
15 40 515
15 41 75
15 42 692
15 43 480
15 44 490
15 45 877
15 46 711
15 48 449
15 49 285
15 50 383
15 51 603
15 52 425
15 53 394
15 54 957
15 55 360
15 56 13
15 57 798
15 58 219
15 59 312
15 60 980
15 61 667
15 62 398
15 63 920
15 64 639
16 1 773
16 2 223
16 3 968
16 4 450
16 5 310
16 6 406
16 7 507
16 9 176
16 10 833
16 11 550
16 12 655
16 13 322
16 15 426
16 17 717
16 18 771
16 19 62
16 20 451
16 21 725
16 22 486
16 23 844
16 24 34
16 25 845
16 26 208
16 27 183
16 28 64
16 29 872
16 30 162
16 31 82
16 32 269
16 33 434
16 34 720
16 35 394
16 36 656
16 37 687
16 38 195
16 39 317
16 40 445
16 41 53
16 42 493
16 43 277
16 44 602
16 45 499
16 46 598
16 47 27
16 49 216
16 50 720
16 51 89
16 52 666
16 53 797
16 54 926
16 55 862
16 56 182
16 57 771
16 58 421
16 59 364
16 60 186
16 61 644
16 62 878
16 63 267
16 64 265
17 2 311
17 3 339
17 4 658
17 5 318
17 6 377
17 7 204
17 8 635
17 9 821
17 10 257
17 11 127
17 12 97
17 13 858
17 14 977
17 15 47
17 16 237
17 18 192
17 20 118
17 21 677
17 22 210
17 23 914
17 24 602
17 26 423
17 27 447
17 28 724
17 29 843
17 30 811
17 31 261
17 32 487
17 33 688
17 34 880
17 35 751
17 36 350
17 37 218
17 38 760
17 39 667
17 40 594
17 41 963
17 42 301
17 43 767
17 44 571
17 45 779
17 46 215
17 47 781
17 48 756
17 49 261
17 50 369
17 51 299
17 52 731
17 53 45
17 54 860
17 55 996
17 56 998
17 57 282
17 58 443
17 59 74
17 60 125
17 61 253
17 62 334
17 63 963
17 64 292
18 1 565
18 2 65
18 3 641
18 4 134
18 5 176
18 6 659
18 7 80
18 8 490
18 9 960
18 10 846
18 11 61
18 12 90
18 13 60
18 14 841
18 15 845
18 16 673
18 19 561
18 20 144
18 21 403
18 23 605
18 24 355
18 25 398
18 26 954
18 27 637
18 28 840
18 29 27
18 30 113
18 31 444
18 32 713
18 33 427
18 34 87
18 35 629
18 36 491
18 37 79
18 38 763
18 39 666
18 40 738
18 41 842
18 42 155
18 43 49
18 44 39
18 45 567
18 46 138
18 47 98
18 48 759
18 49 983
18 51 770
18 52 319
18 53 478
18 54 524
18 55 275
18 56 832
18 57 922
18 58 229
18 59 820
18 60 113
18 61 607
18 62 932
18 63 557
18 64 319
19 1 358
19 2 995
19 4 300
19 5 848
19 6 74
19 7 62
19 8 865
19 9 811
19 10 255
19 11 372
19 12 859
19 13 293
19 14 938
19 15 996
19 16 742
19 17 697
19 18 330
19 21 864
19 22 367
19 23 159
19 24 387
19 25 642
19 26 991
19 28 660
19 29 870
19 30 810
19 31 773
19 32 828
19 33 94
19 34 329
19 35 147
19 36 451
19 37 675
19 38 798
19 39 651
19 40 748
19 41 211
19 42 515
19 43 558
19 44 465
19 45 238
19 46 768
19 47 109
19 48 176
19 49 116
19 50 850
19 51 224
19 52 445
19 53 65
19 54 942
19 55 604
19 56 452
19 57 583
19 58 946
19 59 111
19 60 804
19 61 107
19 62 235
19 63 632
19 64 200
20 1 563
20 2 130
20 3 3
20 4 590
20 5 927
20 6 653
20 7 337
20 8 137
20 9 519
20 10 247
20 11 953
20 12 757
20 13 14
20 14 61
20 15 284
20 16 129
20 17 262
20 19 859
20 21 926
20 22 327
20 23 800
20 25 881
20 26 130
20 27 735
20 29 178
20 30 592
20 31 538
20 32 284
20 33 827
20 34 521
20 35 836
20 36 741
20 37 650
20 38 838
20 39 330
20 40 928
20 41 842
20 42 667
20 43 64
20 44 712
20 45 913
20 46 368
20 47 820
20 48 278
20 49 428
20 50 455
20 51 759
20 52 42
20 53 665
20 54 684
20 55 720
20 56 817
20 57 916
20 58 201
20 59 551
20 60 93
20 61 792
20 62 440
20 63 728
20 64 970
21 1 961
21 2 563
21 3 711
21 4 610
21 5 752
21 6 392
21 7 538
21 8 945
21 9 410
21 10 953
21 11 657
21 12 674
21 13 321
21 14 476
21 15 952
21 16 100
21 18 931
21 19 62
21 20 493
21 22 595
21 24 745
21 25 212
21 26 411
21 27 12
21 28 764
21 30 313
21 31 104
21 32 556
21 33 753
21 34 831
21 35 877
21 36 65
21 37 746
21 38 939
21 39 674
21 40 497
21 41 331
21 42 563
21 43 794
21 44 92
21 45 868
21 46 450
21 47 766
21 48 188
21 49 925
21 50 69
21 51 639
21 52 207
21 53 130
21 54 132
21 55 154
21 56 226
21 57 695
21 58 916
21 59 237
21 60 459
21 61 229
21 62 692
21 63 366
21 64 333
22 1 874
22 2 242
22 3 397
22 4 619
22 5 181
22 7 422
22 8 468
22 9 863
22 10 337
22 11 261
22 12 954
22 13 204
22 14 710
22 15 71
22 16 743
22 17 986
22 18 139
22 19 733
22 20 545
22 23 620
22 24 864
22 25 698
22 26 845
22 27 559
22 28 965
22 29 433
22 31 369
22 32 193
22 33 124
22 34 734
22 35 877
22 36 998
22 37 975
22 38 273
22 39 968
22 40 507
22 41 47
22 42 787
22 43 369
22 44 383
22 45 47
22 46 675
22 47 938
22 48 108
22 49 745
22 50 32
22 51 446
22 52 236
22 53 764
22 54 990
22 55 855
22 56 628
22 57 39
22 58 52
22 59 538
22 60 3
22 61 484
22 62 906
22 63 548
22 64 960
23 1 991
23 2 424
23 3 309
23 4 317
23 5 49
23 6 628
23 7 824
23 8 95
23 9 415
23 10 544
23 11 477
23 12 813
23 13 218
23 14 766
23 15 921
23 16 315
23 17 797
23 18 718
23 20 902
23 21 560
23 22 59
23 25 756
23 26 539
23 27 97
23 28 159
23 29 76
23 30 451
23 32 995
23 33 333
23 34 998
23 35 954
23 36 675
23 37 422
23 38 614
23 39 992
23 40 470
23 41 241
23 42 815
23 43 916
23 44 655
23 45 710
23 46 392
23 47 468
23 48 280
23 49 509
23 50 740
23 51 594
23 52 305
23 53 457
23 54 847
23 55 864
23 56 867
23 57 954
23 58 403
23 59 963
23 60 113
23 61 830
23 62 765
23 63 107
23 64 515
24 1 763
24 2 412
24 3 189
24 4 536
24 5 25
24 6 180
24 7 357
24 9 617
24 10 346
24 11 272
24 12 624
24 13 56
24 14 15
24 15 91
24 16 335
24 17 523
24 18 182
24 19 280
24 20 827
24 21 990
24 23 126
24 25 42
24 26 856
24 27 431
24 28 796
24 29 170
24 30 543
24 31 626
24 33 934
24 34 1
24 35 492
24 36 696
24 37 412
24 38 32
24 39 583
24 40 788
24 41 212
24 42 939
24 43 757
24 44 909
24 45 562
24 46 380
24 47 316
24 48 576
24 49 822
24 50 2
24 51 98
24 52 3
24 53 281
24 54 276
24 55 344
24 56 758
24 57 670
24 58 551
24 59 189
24 60 465
24 61 720
24 62 83
24 63 442
24 64 5
25 1 84
25 2 933
25 3 53
25 4 847
25 5 965
25 6 635
25 7 987
25 8 528
25 10 926
25 11 743
25 12 788
25 13 487
25 14 474
25 15 104
25 16 63
25 17 295
25 18 105
25 19 512
25 20 649
25 21 738
25 22 140
25 23 992
25 24 495
25 27 809
25 28 894
25 30 35
25 31 273
25 32 613
25 33 118
25 34 67
25 35 969
25 36 553
25 37 999
25 38 21
25 39 751
25 40 315
25 41 656
25 42 89
25 43 842
25 44 581
25 45 183
25 46 630
25 47 419
25 48 656
25 49 85
25 50 481
25 51 950
25 52 189
25 53 345
25 54 950
25 55 926
25 56 484
25 57 293
25 58 773
25 59 644
25 60 186
25 61 159
25 62 268
25 63 150
25 64 628
26 1 334
26 2 119
26 3 180
26 4 333
26 5 139
26 6 283
26 7 999
26 8 794
26 9 371
26 10 193
26 11 726
26 12 554
26 13 822
26 14 145
26 15 209
26 16 258
26 17 977
26 19 511
26 20 446
26 21 321
26 22 460
26 23 724
26 24 156
26 25 753
26 27 848
26 29 799
26 30 290
26 31 6
26 32 419
26 33 440
26 34 634
26 35 752
26 36 558
26 37 165
26 38 436
26 39 696
26 40 447
26 41 435
26 42 842
26 43 170
26 44 627
26 45 919
26 46 723
26 47 800
26 48 415
26 49 283
26 50 57
26 51 392
26 52 145
26 53 854
26 54 64
26 55 957
26 56 929
26 57 572
26 59 61
26 60 128
26 61 722
26 62 350
26 63 134
26 64 140
27 1 789
27 2 119
27 3 892
27 4 346
27 5 635
27 6 679
27 7 42
27 8 434
27 9 113
27 10 235
27 12 603
27 13 91
27 14 153
27 15 677
27 16 890
27 17 568
27 18 311
27 19 298
27 20 311
27 21 456
27 22 152
27 23 726
27 24 764
27 26 432
27 28 297
27 29 824
27 30 560
27 31 371
27 32 173
27 33 45
27 34 510
27 35 962
27 36 515
27 37 753
27 38 659
27 39 149
27 40 432
27 41 700
27 42 582
27 43 896
27 44 286
27 45 536
27 46 987
27 47 439
27 48 564
27 49 876
27 50 358
27 51 875
27 52 526
27 53 20
27 54 682
27 55 29
27 56 745
27 57 445
27 58 460
27 60 394
27 61 268
27 62 19
27 63 116
27 64 792
28 1 415
28 2 977
28 3 753
28 4 929
28 5 730
28 6 412
28 7 78
28 8 513
28 9 463
28 10 11
28 11 408
28 13 749
28 14 899
28 15 746
28 16 539
28 17 462
28 18 622
28 19 248
28 20 688
28 21 499
28 22 267
28 23 721
28 24 527
28 25 363
28 26 517
28 29 986
28 30 108
28 31 784
28 33 357
28 34 223
28 35 576
28 36 771
28 37 200
28 38 680
28 39 700
28 40 281
28 41 91
28 42 129
28 43 793
28 44 906
28 45 139
28 46 552
28 47 6
28 48 37
28 49 298
28 50 544
28 51 851
28 52 271
28 53 143
28 54 890
28 55 769
28 56 761
28 57 611
28 58 647
28 59 123
28 60 127
28 61 632
28 62 583
28 63 263
28 64 340
29 1 157
29 2 190
29 3 111
29 4 708
29 5 869
29 6 162
29 7 988
29 8 312
29 9 290
29 10 132
29 11 217
29 12 780
29 14 36
29 15 222
29 16 169
29 17 685
29 18 117
29 19 371
29 20 955
29 21 611
29 22 260
29 23 75
29 24 371
29 25 870
29 26 721
29 27 845
29 28 997
29 32 704
29 33 427
29 34 611
29 35 44
29 36 584
29 37 800
29 38 506
29 39 643
29 40 668
29 41 19
29 42 631
29 43 979
29 44 660
29 45 114
29 46 547
29 47 791
29 48 501
29 49 120
29 50 959
29 51 185
29 52 588
29 53 681
29 54 139
29 55 198
29 56 941
29 57 565
29 58 920
29 59 810
29 60 637
29 61 765
29 62 158
29 63 341
29 64 543
30 1 768
30 2 736
30 3 126
30 4 567
30 5 593
30 6 121
30 7 587
30 8 963
30 9 751
30 10 565
30 11 622
30 12 216
30 13 464
30 15 764
30 16 717
30 17 583
30 18 75
30 19 901
30 20 523
30 21 755
30 22 392
30 23 720
30 24 695
30 25 308
30 27 640
30 28 857
30 29 945
30 31 756
30 32 14
30 33 637
30 34 298
30 35 134
30 36 724
30 37 776
30 38 52
30 39 668
30 40 896
30 41 638
30 42 630
30 43 998
30 44 555
30 45 603
30 46 213
30 47 18
30 48 366
30 49 281
30 50 952
30 51 440
30 52 534
30 53 474
30 54 547
30 55 277
30 56 546
30 57 241
30 58 584
30 59 537
30 60 97
30 61 528
30 63 292
30 64 463
31 1 516
31 2 589
31 3 948
31 4 239
31 5 716
31 6 999
31 7 906
31 8 611
31 9 989
31 10 887
31 11 608
31 12 543
31 13 841
31 14 173
31 16 912
31 17 559
31 18 805
31 19 863
31 20 350
31 21 338
31 22 689
31 23 896
31 24 614
31 25 234
31 26 137
31 28 198
31 29 122
31 30 585
31 33 77
31 34 413
31 35 399
31 36 593
31 37 353
31 38 346
31 39 183
31 40 69
31 41 697
31 42 441
31 43 679
31 44 685
31 45 327
31 46 639
31 47 227
31 48 520
31 49 163
31 50 138
31 51 78
31 52 967
31 53 352
31 54 427
31 55 657
31 56 40
31 57 323
31 58 622
31 59 625
31 60 811
31 61 819
31 62 746
31 63 395
31 64 248
32 1 158
32 2 794
32 3 192
32 4 863
32 5 491
32 6 374
32 7 931
32 8 187
32 9 814
32 10 961
32 11 871
32 12 493
32 13 951
32 14 449
32 15 12
32 17 465
32 18 938
32 19 441
32 20 432
32 21 290
32 22 867
32 23 440
32 24 329
32 25 189
32 26 61
32 27 306
32 28 351
32 29 232
32 31 51
32 33 746
32 34 479
32 35 561
32 36 891
32 37 670
32 38 423
32 39 381
32 40 395
32 41 705
32 42 568
32 43 561
32 44 17
32 45 438
32 46 53
32 47 968
32 48 239
32 49 416
32 50 784
32 51 176
32 52 856
32 53 215
32 54 465
32 55 74
32 56 6
32 57 146
32 58 615
32 59 67
32 60 451
32 61 965
32 62 298
32 63 853
33 1 710
33 2 776
33 3 413
33 4 600
33 5 797
33 6 835
33 7 981
33 8 191
33 9 891
33 10 900
33 11 751
33 12 908
33 13 689
33 14 155
33 15 227
33 16 927
33 17 922
33 18 10
33 19 103
33 20 129
33 21 577
33 22 919
33 23 203
33 24 582
33 25 416
33 26 817
33 27 648
33 28 218
33 29 781
33 30 297
33 31 71
33 32 843
33 35 424
33 36 483
33 38 794
33 39 220
33 40 670
33 41 774
33 42 763
33 43 912
33 44 673
33 45 865
33 46 819
33 47 362
33 48 372
33 50 397
33 51 640
33 52 293
33 53 407
33 54 742
33 55 774
33 56 335
33 57 661
33 58 976
33 59 916
33 60 428
33 61 792
33 62 916
33 63 646
33 64 924
34 1 212
34 3 716
34 4 766
34 5 988
34 6 550
34 7 560
34 8 559
34 9 571
34 10 685
34 11 673
34 12 483
34 13 710
34 14 538
34 15 301
34 16 423
34 17 261
34 18 50
34 19 62
34 20 905
34 21 808
34 22 156
34 23 678
34 24 142
34 25 168
34 26 653
34 27 409
34 28 595
34 29 796
34 30 324
34 31 240
34 32 72
34 33 888
34 35 307
34 37 189
34 38 227
34 39 857
34 40 748
34 41 785
34 43 427
34 44 785
34 45 458
34 46 909
34 47 846
34 48 347
34 49 562
34 50 268
34 51 607
34 52 611
34 53 681
34 54 863
34 55 770
34 56 188
34 57 893
34 58 911
34 59 355
34 60 897
34 61 319
34 62 302
34 63 693
34 64 995
35 1 541
35 2 116
35 3 234
35 4 848
35 5 304
35 6 460
35 7 56
35 8 404
35 9 596
35 10 482
35 11 188
35 12 53
35 13 743
35 14 33
35 15 399
35 16 304
35 17 652
35 18 357
35 19 266
35 20 684
35 21 572
35 22 35
35 23 872
35 24 464
35 25 297
35 26 226
35 27 360
35 28 967
35 29 527
35 30 404
35 31 313
35 32 420
35 34 519
35 36 546
35 37 619
35 38 823
35 40 357
35 41 674
35 42 226
35 43 953
35 44 507
35 45 765
35 46 357
35 47 249
35 48 149
35 49 108
35 50 904
35 52 800
35 53 816
35 54 521
35 55 483
35 56 387
35 57 907
35 58 354
35 59 850
35 60 203
35 61 932
35 62 562
35 63 522
35 64 810
36 1 965
36 2 834
36 3 229
36 5 836
36 6 732
36 7 847
36 8 10
36 9 440
36 10 520
36 11 235
36 12 744
36 13 27
36 14 351
36 15 101
36 16 627
36 17 499
36 18 208
36 19 531
36 20 650
36 21 375
36 22 51
36 23 484
36 24 762
36 25 310
36 26 190
36 27 963
36 28 512
36 29 121
36 30 524
36 31 385
36 32 930
36 33 841
36 34 219
36 37 511
36 38 676
36 39 950
36 40 357
36 41 685
36 42 389
36 43 229
36 44 271
36 45 133
36 46 607
36 47 973
36 48 585
36 49 233
36 50 471
36 51 144
36 53 115
36 54 472
36 55 518
36 56 518
36 57 955
36 58 279
36 59 827
36 60 496
36 61 594
36 62 690
36 63 968
36 64 117
37 1 75
37 2 898
37 3 309
37 4 645
37 6 760
37 7 984
37 8 594
37 9 116
37 10 20
37 11 334
37 12 344
37 13 642
37 14 818
37 15 302
37 16 614
37 17 402
37 18 535
37 19 436
37 20 897
37 21 1
37 22 907
37 23 415
37 24 518
37 25 214
37 26 45
37 27 344
37 28 61
37 29 638
37 30 386
37 31 29
37 32 107
37 33 460
37 34 278
37 35 415
37 36 456
37 38 37
37 40 751
37 41 49
37 42 152
37 43 122
37 44 734
37 45 848
37 46 764
37 47 904
37 48 149
37 49 729
37 50 305
37 51 35
37 52 165
37 54 554
37 55 388
37 56 423
37 57 968
37 58 905
37 59 988
37 60 12
37 61 601
37 62 49
37 63 2
37 64 986
38 1 77
38 2 108
38 3 797
38 4 354
38 5 874
38 6 252
38 7 390
38 8 976
38 9 652
38 10 893
38 11 98
38 12 737
38 13 92
38 14 213
38 15 640
38 16 593
38 17 941
38 18 297
38 19 627
38 20 105
38 21 850
38 22 14
38 23 880
38 24 817
38 25 271
38 26 867
38 27 180
38 28 871
38 29 267
38 30 181
38 31 208
38 32 343
38 33 640
38 35 356
38 36 48
38 39 514
38 40 959
38 41 789
38 42 841
38 43 962
38 44 34
38 45 938
38 46 698
38 47 125
38 48 150
38 49 338
38 50 717
38 51 443
38 52 986
38 53 696
38 55 899
38 56 835
38 57 61
38 58 778
38 59 3
38 60 331
38 61 997
38 62 534
38 63 553
38 64 263
39 1 67
39 2 112
39 3 958
39 4 706
39 5 819
39 6 357
39 8 571
39 9 777
39 10 146
39 11 764
39 12 90
39 13 531
39 14 701
39 15 788
39 16 655
39 17 203
39 18 477
39 19 372
39 20 645
39 21 462
39 22 67
39 23 543
39 24 648
39 25 479
39 26 321
39 27 2
39 28 810
39 29 669
39 30 535
39 31 714
39 32 931
39 33 953
39 34 826
39 35 240
39 36 11
39 37 644
39 38 949
39 41 581
39 42 773
39 43 446
39 44 344
39 45 862
39 46 976
39 47 397
39 48 1
39 49 630
39 50 599
39 51 829
39 52 1
39 53 243
39 54 642
39 56 419
39 57 785
39 58 641
39 59 898
39 60 457
39 61 642
39 62 59
39 63 125
39 64 177
40 1 772
40 2 408
40 3 129
40 4 949
40 5 999
40 6 491
40 7 945
40 8 947
40 9 72
40 10 717
40 11 392
40 12 767
40 13 930
40 14 367
40 15 515
40 16 283
40 17 997
40 18 465
40 19 111
40 20 349
40 21 707
40 22 105
40 23 120
40 24 844
40 25 745
40 26 369
40 27 652
40 28 387
40 29 427
40 30 777
40 31 915
40 32 198
40 33 536
40 34 395
40 35 499
40 37 534
40 39 886
40 41 443
40 42 481
40 43 309
40 44 511
40 45 224
40 46 427
40 47 440
40 48 591
40 49 294
40 50 74
40 51 939
40 52 758
40 53 537
40 54 287
40 55 465
40 57 641
40 58 758
40 59 660
40 60 385
40 61 126
40 62 311
40 63 123
40 64 552
41 1 439
41 2 389
41 3 102
41 4 974
41 5 136
41 6 952
41 7 860
41 8 373
41 9 394
41 10 340
41 11 33
41 12 904
41 13 563
41 14 459
41 15 695
41 16 505
41 17 104
41 18 769
41 19 443
41 20 862
41 21 305
41 22 82
41 23 678
41 24 945
41 25 839
41 26 337
41 27 681
41 28 317
41 29 999
41 30 156
41 31 220
41 32 438
41 34 896
41 35 321
41 36 763
41 37 31
41 38 272
41 39 622
41 40 403
41 42 17
41 44 961
41 45 787
41 46 920
41 47 876
41 48 246
41 49 615
41 50 380
41 51 349
41 52 735
41 53 175
41 54 562
41 55 39
41 56 256
41 58 239
41 59 335
41 60 446
41 61 927
41 62 367
41 63 762
41 64 926
42 1 874
42 2 982
42 3 715
42 4 770
42 5 654
42 6 477
42 7 152
42 8 278
42 9 99
42 11 907
42 12 294
42 13 411
42 14 693
42 15 566
42 16 638
42 17 290
42 18 532
42 19 370
42 20 639
42 21 266
42 22 544
42 23 552
42 24 656
42 25 151
42 26 791
42 27 990
42 28 596
42 29 717
42 30 708
42 31 710
42 32 994
42 33 582
42 34 43
42 35 708
42 36 351
42 37 696
42 38 185
42 39 502
42 40 325
42 43 635
42 44 408
42 45 619
42 47 397
42 48 453
42 49 536
42 50 35
42 51 742
42 52 67
42 53 756
42 54 732
42 55 332
42 56 299
42 57 284
42 58 987
42 59 801
42 60 74
42 61 328
42 62 748
42 63 142
42 64 35
43 1 457
43 2 136
43 3 616
43 4 851
43 5 195
43 6 318
43 7 547
43 8 379
43 9 172
43 10 223
43 11 365
43 12 931
43 13 193
43 14 762
43 15 383
43 16 728
43 17 148
43 18 125
43 19 794
43 20 903
43 21 856
43 22 477
43 23 553
43 24 139
43 25 815
43 26 353
43 27 564
43 28 142
43 29 100
43 30 58
43 31 529
43 32 909
43 33 545
43 34 496
43 36 759
43 37 739
43 38 814
43 39 657
43 40 470
43 41 985
43 42 880
43 45 834
43 46 915
43 48 72
43 49 947
43 50 650
43 51 152
43 52 446
43 53 774
43 54 945
43 55 700
43 56 981
43 57 774
43 58 252
43 59 472
43 60 588
43 61 956
43 62 387
43 63 82
43 64 408
44 1 444
44 2 610
44 3 316
44 4 988
44 5 457
44 6 426
44 7 79
44 8 270
44 9 435
44 10 548
44 11 606
44 12 314
44 13 733
44 14 873
44 15 737
44 16 680
44 17 522
44 18 888
44 19 125
44 20 647
44 21 185
44 22 825
44 23 627
44 24 958
44 25 428
44 26 450
44 27 897
44 28 384
44 29 837
44 30 330
44 31 143
44 32 280
44 33 291
44 34 810
44 35 620
44 37 748
44 38 235
44 39 698
44 40 17
44 41 21
44 43 597
44 45 975
44 46 334
44 47 329
44 48 847
44 49 423
44 50 8
44 51 720
44 52 662
44 53 485
44 54 366
44 55 846
44 56 661
44 57 344
44 58 155
44 59 440
44 61 794
44 62 404
44 63 823
44 64 982
45 1 733
45 2 317
45 3 613
45 4 24
45 5 126
45 6 584
45 7 771
45 8 361
45 9 281
45 10 139
45 11 381
45 12 229
45 13 113
45 14 67
45 15 558
45 16 311
45 17 841
45 18 917
45 19 30
45 20 502
45 21 401
45 22 747
45 23 700
45 24 413
45 25 91
45 26 206
45 27 853
45 28 236
45 29 609
45 30 27
45 31 569
45 32 342
45 33 344
45 34 181
45 35 365
45 36 469
45 38 765
45 39 487
45 40 181
45 42 397
45 43 625
45 44 914
45 46 626
45 47 738
45 48 332
45 49 183
45 50 48
45 51 172
45 52 451
45 53 430
45 54 25
45 55 852
45 56 176
45 57 76
45 58 264
45 59 618
45 60 282
45 62 468
45 63 205
45 64 890
46 1 495
46 2 773
46 3 583
46 4 838
46 5 306
46 6 299
46 7 306
46 8 422
46 9 785
46 10 839
46 11 818
46 12 410
46 13 752
46 14 795
46 15 499
46 16 83
46 17 329
46 18 898
46 19 606
46 20 780
46 21 327
46 22 982
46 23 983
46 24 503
46 25 410
46 26 598
46 27 472
46 28 691
46 29 66
46 30 677
46 31 932
46 32 560
46 33 801
46 34 867
46 35 749
46 36 106
46 37 165
46 39 406
46 40 527
46 41 950
46 42 244
46 43 697
46 44 359
46 47 347
46 49 491
46 50 857
46 51 781
46 52 172
46 53 754
46 54 386
46 55 951
46 56 433
46 57 720
46 58 933
46 59 287
46 60 129
46 61 530
46 62 758
46 63 171
46 64 947
47 1 786
47 2 454
47 3 506
47 4 939
47 5 320
47 6 254
47 7 44
47 8 837
47 9 12
47 10 923
47 11 786
47 12 255
47 13 971
47 14 496
47 15 602
47 16 813
47 17 352
47 18 734
47 19 984
47 20 457
47 21 472
47 22 286
47 23 241
47 24 191
47 25 218
47 26 527
47 27 671
47 28 100
47 29 285
47 30 193
47 31 46
47 32 422
47 33 998
47 34 904
47 35 360
47 36 318
47 37 509
47 38 756
47 40 154
47 41 520
47 42 678
47 43 291
47 44 127
47 46 1000
47 48 786
47 49 80
47 50 812
47 51 489
47 52 813
47 53 796
47 54 945
47 55 284
47 56 81
47 57 186
47 58 826
47 59 651
47 60 64
47 61 848
47 62 102
47 64 700
48 1 40
48 2 499
48 3 122
48 4 38
48 5 754
48 6 481
48 7 707
48 8 263
48 9 588
48 10 212
48 11 134
48 12 617
48 13 502
48 14 612
48 15 616
48 16 287
48 17 691
48 18 428
48 19 775
48 20 856
48 21 575
48 22 71
48 23 491
48 24 7
48 25 608
48 26 669
48 27 657
48 28 672
48 29 516
48 30 110
48 31 371
48 32 908
48 33 961
48 34 844
48 35 297
48 36 714
48 37 677
48 38 3
48 39 328
48 41 264
48 42 566
48 43 814
48 45 881
48 46 67
48 49 425
48 50 496
48 51 705
48 52 468
48 53 275
48 54 831
48 55 675
48 56 849
48 57 253
48 58 165
48 59 856
48 60 213
48 61 833
48 62 864
48 63 884
48 64 701
49 1 326
49 2 606
49 3 608
49 4 286
49 5 802
49 6 904
49 7 351
49 8 478
49 9 258
49 10 679
49 11 741
49 12 823
49 13 492
49 14 973
49 15 241
49 16 268
49 18 821
49 19 297
49 20 735
49 21 95
49 22 127
49 23 409
49 24 296
49 25 731
49 26 926
49 27 151
49 28 943
49 29 110
49 30 366
49 31 178
49 32 810
49 33 43
49 34 136
49 35 769
49 36 328
49 37 937
49 38 672
49 39 679
49 40 414
49 41 281
49 42 709
49 43 506
49 44 103
49 45 552
49 46 479
49 47 343
49 48 819
49 50 651
49 52 991
49 53 554
49 54 745
49 55 117
49 56 314
49 58 40
49 59 200
49 60 239
49 61 542
49 62 142
49 63 349
49 64 260
50 1 320
50 2 510
50 3 302
50 4 455
50 5 279
50 6 630
50 7 391
50 8 302
50 9 660
50 10 156
50 11 583
50 12 720
50 13 13
50 14 685
50 15 271
50 16 843
50 17 380
50 18 441
50 19 493
50 20 370
50 21 346
50 22 238
50 23 839
50 24 660
50 25 629
50 26 38
50 27 250
50 28 523
50 29 179
50 30 950
50 31 782
50 32 850
50 33 460
50 35 83
50 36 304
50 37 90
50 38 64
50 39 46
50 40 391
50 41 75
50 42 553
50 43 973
50 44 794
50 45 566
50 46 10
50 47 416
50 48 408
50 51 389
50 52 857
50 53 253
50 55 110
50 56 202
50 57 842
50 58 300
50 59 213
50 60 470
50 61 337
50 62 463
50 63 344
50 64 868
51 1 764
51 2 125
51 3 717
51 4 575
51 5 560
51 6 373
51 7 664
51 8 975
51 9 770
51 10 55
51 11 50
51 12 675
51 13 379
51 14 195
51 15 240
51 16 388
51 17 963
51 18 999
51 20 776
51 21 819
51 22 251
51 23 238
51 24 372
51 25 92
51 26 537
51 27 585
51 28 914
51 29 226
51 30 399
51 31 257
51 32 93
51 33 162
51 34 734
51 35 161
51 36 737
51 37 293
51 38 885
51 39 752
51 40 267
51 41 7
51 42 158
51 43 668
51 44 681
51 45 537
51 46 215
51 47 272
51 48 924
51 49 177
51 50 622
51 53 52
51 54 995
51 55 225
51 56 289
51 57 718
51 58 316
51 60 177
51 61 302
51 62 581
51 63 402
51 64 52
52 1 190
52 2 494
52 3 214
52 4 923
52 5 7
52 6 302
52 7 567
52 8 243
52 9 405
52 10 833
52 11 249
52 12 563
52 13 853
52 14 281
52 15 99
52 16 67
52 17 904
52 18 22
52 19 243
52 21 526
52 22 73
52 23 589
52 24 102
52 25 713
52 26 306
52 27 769
52 28 890
52 29 960
52 30 350
52 31 291
52 32 11
52 33 539
52 34 137
52 35 576
52 36 813
52 37 495
52 38 229
52 39 379
52 40 737
52 41 634
52 42 563
52 43 338
52 44 196
52 45 415
52 46 970
52 47 646
52 48 833
52 49 874
52 51 667
52 53 427
52 54 751
52 55 92
52 57 15
52 58 852
52 59 804
52 60 673
52 61 972
52 62 693
52 63 984
52 64 321
53 1 336
53 2 994
53 3 211
53 4 472
53 5 922
53 6 23
53 7 966
53 8 502
53 9 753
53 10 54
53 11 135
53 12 316
53 13 743
53 14 682
53 15 82
53 16 713
53 17 327
53 18 915
53 19 938
53 20 346
53 22 341
53 23 40
53 24 789
53 25 708
53 26 243
53 27 592
53 28 380
53 29 214
53 30 637
53 31 715
53 32 535
53 33 324
53 34 60
53 35 97
53 36 795
53 37 981
53 38 472
53 39 112
53 40 483
53 41 224
53 42 517
53 43 969
53 44 891
53 45 260
53 46 3
53 47 973
53 48 972
53 50 681
53 51 887
53 52 909
53 54 26
53 56 579
53 57 300
53 58 166
53 59 286
53 60 542
53 61 758
53 62 17
53 63 755
53 64 746
54 1 731
54 2 641
54 3 69
54 4 791
54 5 738
54 6 215
54 7 123
54 8 561
54 9 678
54 10 605
54 11 784
54 12 546
54 13 926
54 14 675
54 15 805
54 16 928
54 17 999
54 18 128
54 19 608
54 20 885
54 21 388
54 23 986
54 24 815
54 25 687
54 26 151
54 27 101
54 28 228
54 29 260
54 30 469
54 31 983
54 32 357
54 33 552
54 34 623
54 35 777
54 36 694
54 37 712
54 38 991
54 39 816
54 40 272
54 41 20
54 42 773
54 43 408
54 44 566
54 45 698
54 46 82
54 47 722
54 48 625
54 49 80
54 50 850
54 51 584
54 52 316
54 55 237
54 56 569
54 57 130
54 58 276
54 59 72
54 60 582
54 61 503
54 63 331
54 64 403
55 1 485
55 2 688
55 3 954
55 4 460
55 5 464
55 6 647
55 7 171
55 8 807
55 9 462
55 10 443
55 11 178
55 12 586
55 13 202
55 14 743
55 15 283
55 16 283
55 17 817
55 18 259
55 19 714
55 20 666
55 21 843
55 22 381
55 24 254
55 25 763
55 26 862
55 27 529
55 28 834
55 29 444
55 30 384
55 31 517
55 32 846
55 33 220
55 34 204
55 35 151
55 36 679
55 37 19
55 38 797
55 39 202
55 40 825
55 41 610
55 42 996
55 43 355
55 44 196
55 45 197
55 46 449
55 47 830
55 48 831
55 49 265
55 50 89
55 52 544
55 53 282
55 54 283
55 57 276
55 58 536
55 59 397
55 60 137
55 61 416
55 62 583
55 63 932
55 64 151
56 1 99
56 2 129
56 3 371
56 4 654
56 5 279
56 6 401
56 7 672
56 8 427
56 9 602
56 10 849
56 11 37
56 12 597
56 13 203
56 14 584
56 15 145
56 16 651
56 17 413
56 18 975
56 19 916
56 20 853
56 21 870
56 22 197
56 23 487
56 25 145
56 26 84
56 27 236
56 28 634
56 29 852
56 30 818
56 31 917
56 32 354
56 33 268
56 34 46
56 35 724
56 36 921
56 37 676
56 38 125
56 39 592
56 40 103
56 41 78
56 42 792
56 43 491
56 44 27
56 45 994
56 46 426
56 47 171
56 48 997
56 49 190
56 50 146
56 51 264
56 52 395
56 53 367
56 55 812
56 57 881
56 58 864
56 59 248
56 60 468
56 61 497
56 62 99
56 63 285
57 1 413
57 2 452
57 3 904
57 4 810
57 5 528
57 6 824
57 7 486
57 8 4
57 9 768
57 10 940
57 11 81
57 12 559
57 13 430
57 14 107
57 15 905
57 16 207
57 17 630
57 18 253
57 19 396
57 20 127
57 21 516
57 22 790
57 23 493
57 24 327
57 26 23
57 27 708
57 28 574
57 29 490
57 30 204
57 31 24
57 32 127
57 33 969
57 34 828
57 35 30
57 36 778
57 37 355
57 38 206
57 39 615
57 40 710
57 41 973
57 42 554
57 43 790
57 44 883
57 45 335
57 46 249
57 47 139
57 48 541
57 49 230
57 50 391
57 51 937
57 52 356
57 53 258
57 54 726
57 55 200
57 56 937
57 59 748
57 60 908
57 62 510
57 63 590
57 64 463
58 1 886
58 2 716
58 3 431
58 4 713
58 5 97
58 6 561
58 7 419
58 8 302
58 9 175
58 10 128
58 11 626
58 12 81
58 13 269
58 14 861
58 15 415
58 16 869
58 17 351
58 18 956
58 19 98
58 20 94
58 21 892
58 22 805
58 23 351
58 24 969
58 25 357
58 26 287
58 27 717
58 28 264
58 29 149
58 30 658
58 31 726
58 32 386
58 33 725
58 34 509
58 35 450
58 36 821
58 37 421
58 38 868
58 39 475
58 40 947
58 41 347
58 43 452
58 44 27
58 45 967
58 46 664
58 47 442
58 48 188
58 49 15
58 51 397
58 52 285
58 53 460
58 54 288
58 55 442
58 56 162
58 57 256
58 59 798
58 61 801
58 62 324
58 63 61
58 64 301
59 1 333
59 2 138
59 3 686
59 4 57
59 5 998
59 6 135
59 7 230
59 8 770
59 9 354
59 10 56
59 11 717
59 12 52
59 13 507
59 14 743
59 15 18
59 16 523
59 17 184
59 18 205
59 19 889
59 20 580
59 21 842
59 22 348
59 23 219
59 24 635
59 25 861
59 26 827
59 27 432
59 28 661
59 29 502
59 30 844
59 31 961
59 32 835
59 33 333
59 34 646
59 35 243
59 36 683
59 37 132
59 38 472
59 39 452
59 40 485
59 41 527
59 42 168
59 44 536
59 45 386
59 46 911
59 47 906
59 48 260
59 49 94
59 50 462
59 51 148
59 52 26
59 53 655
59 54 847
59 55 596
59 56 289
59 58 707
59 60 422
59 61 72
59 62 368
59 64 276
60 1 915
60 2 680
60 3 110
60 4 600
60 5 326
60 6 352
60 7 282
60 8 457
60 9 176
60 10 733
60 11 294
60 12 54
60 13 901
60 14 829
60 15 791
60 16 163
60 17 86
60 18 50
60 19 608
60 20 548
60 21 549
60 22 985
60 23 554
60 24 395
60 25 581
60 26 843
60 27 454
60 29 354
60 30 266
60 31 173
60 32 629
60 33 181
60 34 852
60 35 738
60 36 132
60 37 177
60 38 442
60 39 413
60 40 986
60 41 969
60 42 497
60 43 631
60 44 374
60 45 749
60 46 811
60 47 165
60 48 911
60 49 897
60 50 566
60 51 519
60 53 796
60 54 467
60 55 503
60 56 349
60 57 213
60 58 435
60 61 543
60 62 666
60 63 789
60 64 809
61 1 838
61 2 417
61 3 341
61 4 690
61 5 507
61 6 472
61 7 218
61 8 300
61 9 236
61 10 555
61 11 268
61 12 732
61 13 185
61 14 993
61 15 481
61 16 996
61 17 157
61 18 743
61 19 892
61 20 75
61 21 613
61 22 39
61 23 541
61 24 116
61 25 739
61 26 753
61 27 902
61 28 282
61 30 771
61 31 690
61 32 442
61 33 608
61 34 107
61 35 134
61 36 649
61 37 965
61 38 957
61 39 867
61 40 264
61 41 192
61 42 773
61 43 883
61 44 275
61 45 958
61 46 875
61 47 107
61 48 953
61 49 384
61 50 202
61 51 196
61 52 458
61 54 814
61 55 234
61 56 350
61 57 281
61 58 972
61 59 102
61 60 183
61 62 605
61 64 224
62 1 872
62 2 46
62 3 832
62 4 330
62 5 531
62 6 832
62 7 294
62 8 487
62 9 50
62 10 557
62 11 30
62 12 823
62 13 439
62 14 305
62 15 780
62 16 666
62 17 763
62 18 84
62 19 49
62 20 964
62 21 279
62 22 858
62 23 778
62 24 864
62 25 207
62 26 58
62 27 835
62 28 660
62 29 240
62 30 440
62 31 884
62 32 464
62 33 837
62 34 67
62 35 793
62 36 368
62 37 898
62 38 87
62 39 206
62 40 300
62 41 995
62 42 236
62 43 122
62 44 786
62 45 892
62 47 253
62 48 451
62 49 654
62 50 336
62 51 851
62 52 970
62 53 966
62 54 708
62 55 747
62 56 829
62 57 266
62 59 156
62 60 663
62 63 925
62 64 748
63 1 454
63 2 160
63 3 563
63 4 643
63 5 226
63 6 355
63 7 362
63 8 476
63 9 793
63 10 567
63 11 775
63 12 788
63 13 154
63 14 248
63 15 573
63 16 45
63 17 500
63 18 23
63 19 51
63 20 835
63 21 225
63 22 20
63 23 800
63 24 932
63 25 118
63 26 980
63 27 549
63 28 273
63 29 994
63 30 473
63 32 372
63 33 800
63 34 985
63 35 934
63 36 442
63 37 562
63 38 641
63 39 155
63 40 37
63 41 433
63 42 73
63 43 163
63 44 220
63 45 227
63 46 410
63 47 144
63 48 271
63 49 261
63 50 518
63 51 321
63 52 447
63 53 742
63 54 692
63 56 246
63 57 25
63 58 809
63 59 577
63 60 573
63 61 434
63 62 571
64 1 398
64 2 805
64 3 370
64 4 382
64 5 91
64 6 163
64 7 943
64 8 731
64 9 317
64 10 332
64 11 515
64 12 741
64 13 494
64 14 735
64 15 967
64 16 256
64 17 230
64 18 590
64 19 516
64 20 748
64 21 262
64 22 963
64 23 489
64 24 954
64 25 560
64 26 514
64 27 762
64 28 489
64 29 86
64 30 195
64 31 59
64 32 835
64 33 352
64 34 428
64 35 216
64 36 442
64 37 590
64 38 159
64 39 524
64 40 258
64 41 490
64 42 38
64 43 998
64 44 335
64 45 124
64 46 317
64 47 942
64 49 706
64 50 258
64 51 810
64 52 453
64 53 519
64 54 124
64 55 941
64 56 824
64 57 35
64 58 806
64 59 938
64 61 523
64 63 244

END
