INSTANCE_NAME hc6u.dat
NB_VERTICES 64
NB_ARCS 192
NB_REQUESTS 0
NB_BLOCKAGES 115
NB_A' 3840

VERTICES
1 0 0
2 0 0
3 0 0
4 0 0
5 0 0
6 0 0
7 0 0
8 0 0
9 0 0
10 0 0
11 0 0
12 0 0
13 0 0
14 0 0
15 0 0
16 0 0
17 0 0
18 0 0
19 0 0
20 0 0
21 0 0
22 0 0
23 0 0
24 0 0
25 0 0
26 0 0
27 0 0
28 0 0
29 0 0
30 0 0
31 0 0
32 0 0
33 0 0
34 0 0
35 0 0
36 0 0
37 0 0
38 0 0
39 0 0
40 0 0
41 0 0
42 0 0
43 0 0
44 0 0
45 0 0
46 0 0
47 0 0
48 0 0
49 0 0
50 0 0
51 0 0
52 0 0
53 0 0
54 0 0
55 0 0
56 0 0
57 0 0
58 0 0
59 0 0
60 0 0
61 0 0
62 0 0
63 0 0
64 0 0

ARCS
1 33 1
33 49 1
49 17 1
17 1 1
1 9 1
9 41 1
41 33 1
33 37 1
37 5 1
5 1 1
1 3 1
3 35 1
35 33 1
33 34 1
34 2 1
2 1 1
2 18 1
18 17 1
17 25 1
25 9 1
9 13 1
13 5 1
5 21 1
21 17 1
17 19 1
19 3 1
3 11 1
11 9 1
9 10 1
10 2 1
2 6 1
6 5 1
5 7 1
7 3 1
3 4 1
4 2 1
4 36 1
36 34 1
34 50 1
50 18 1
18 26 1
26 10 1
10 42 1
42 34 1
34 38 1
38 6 1
6 22 1
22 18 1
18 20 1
20 4 1
4 12 1
12 10 1
10 14 1
14 6 1
6 8 1
8 4 1
8 7 1
7 39 1
39 35 1
35 51 1
51 19 1
19 27 1
27 11 1
11 43 1
43 35 1
35 36 1
36 52 1
52 20 1
20 19 1
19 23 1
23 7 1
7 15 1
15 11 1
11 12 1
12 44 1
44 36 1
36 40 1
40 8 1
8 24 1
24 20 1
20 28 1
28 12 1
12 16 1
16 8 1
16 14 1
14 13 1
13 45 1
45 37 1
37 53 1
53 21 1
21 29 1
29 13 1
13 15 1
15 47 1
47 39 1
39 37 1
37 38 1
38 54 1
54 22 1
22 21 1
21 23 1
23 55 1
55 39 1
39 40 1
40 38 1
38 46 1
46 14 1
14 30 1
30 22 1
22 24 1
24 23 1
23 31 1
31 15 1
15 16 1
16 48 1
48 40 1
40 56 1
56 24 1
24 32 1
32 16 1
32 28 1
28 26 1
26 25 1
25 57 1
57 41 1
41 45 1
45 61 1
61 29 1
29 25 1
25 27 1
27 59 1
59 43 1
43 41 1
41 42 1
42 58 1
58 26 1
26 30 1
30 29 1
29 31 1
31 27 1
27 28 1
28 60 1
60 44 1
44 42 1
42 46 1
46 45 1
45 47 1
47 43 1
43 44 1
44 48 1
48 46 1
46 62 1
62 30 1
30 32 1
32 31 1
31 63 1
63 47 1
47 48 1
48 64 1
64 32 1
64 56 1
56 52 1
52 50 1
50 49 1
49 57 1
57 61 1
61 53 1
53 49 1
49 51 1
51 59 1
59 57 1
57 58 1
58 50 1
50 54 1
54 53 1
53 55 1
55 51 1
51 52 1
52 60 1
60 58 1
58 62 1
62 54 1
54 56 1
56 55 1
55 63 1
63 59 1
59 60 1
60 64 1
64 62 1
62 61 1
61 63 1
63 64 1

REQUESTS

BLOCKAGES
19 3
40 56
46 45
30 29
47 43
15 16
49 51
53 21
3 11
41 45
32 16
24 23
64 32
15 47
14 13
17 25
25 9
27 11
6 5
63 47
6 22
17 19
39 40
62 30
63 59
9 13
7 3
11 43
28 26
48 46
13 15
33 49
23 7
40 8
12 44
29 25
18 20
43 41
34 2
24 32
57 41
51 19
41 33
43 44
18 17
61 63
28 12
30 22
48 40
3 4
27 28
22 18
47 39
45 37
44 42
33 37
36 52
58 50
23 31
21 29
31 15
22 24
26 10
11 9
33 34
55 63
13 45
19 27
34 38
30 32
37 38
46 62
14 6
18 26
42 34
10 2
49 57
6 8
9 10
44 36
64 62
26 25
56 55
51 52
20 28
42 58
37 5
49 17
52 60
31 27
23 55
52 20
60 64
16 14
38 54
12 10
35 36
29 31
8 7
51 59
60 58
54 53
5 1
56 24
38 46
4 36
16 8
54 56
7 39
62 54
39 35
5 21
59 57
53 55
57 61

A'
1 2 553
1 4 411
1 5 842
1 6 119
1 7 8
1 8 668
1 10 222
1 11 845
1 12 72
1 13 69
1 14 875
1 15 609
1 16 80
1 17 698
1 18 218
1 19 810
1 20 266
1 21 792
1 22 957
1 23 547
1 24 610
1 25 929
1 26 597
1 27 660
1 28 230
1 29 456
1 30 780
1 31 429
1 32 610
1 34 53
1 35 991
1 36 514
1 37 464
1 38 185
1 39 984
1 40 471
1 41 852
1 42 205
1 43 667
1 44 275
1 45 625
1 46 541
1 47 235
1 48 56
1 49 590
1 50 804
1 51 218
1 52 856
1 53 596
1 54 174
1 55 402
1 56 557
1 57 455
1 58 350
1 59 217
1 60 684
1 61 805
1 62 996
1 63 112
1 64 414
2 3 49
2 4 454
2 5 279
2 7 864
2 8 990
2 9 262
2 10 686
2 11 193
2 12 818
2 13 352
2 14 468
2 15 442
2 16 244
2 17 702
2 19 850
2 20 834
2 21 858
2 22 67
2 23 689
2 24 453
2 25 592
2 26 442
2 27 361
2 28 46
2 29 144
2 30 577
2 31 81
2 32 948
2 33 925
2 34 544
2 35 714
2 36 325
2 37 350
2 38 992
2 39 188
2 40 339
2 41 254
2 42 873
2 43 532
2 44 71
2 45 576
2 46 351
2 47 865
2 48 819
2 49 404
2 50 714
2 51 652
2 52 261
2 53 780
2 54 692
2 55 65
2 56 723
2 57 486
2 58 426
2 59 769
2 60 629
2 61 2
2 62 201
2 63 928
2 64 278
3 1 745
3 2 641
3 5 602
3 6 94
3 7 633
3 8 141
3 9 784
3 10 886
3 12 13
3 13 667
3 14 308
3 15 940
3 16 17
3 17 172
3 18 111
3 19 421
3 20 885
3 21 762
3 22 33
3 23 16
3 24 806
3 25 98
3 26 739
3 27 643
3 28 523
3 29 859
3 30 623
3 31 876
3 32 411
3 33 550
3 34 506
3 36 155
3 37 191
3 38 107
3 39 600
3 40 823
3 41 248
3 42 384
3 43 60
3 44 612
3 45 50
3 46 719
3 47 904
3 48 419
3 49 243
3 50 14
3 51 191
3 52 479
3 53 775
3 54 223
3 55 495
3 56 932
3 57 320
3 58 585
3 59 574
3 60 194
3 61 795
3 62 548
3 63 422
3 64 205
4 1 98
4 3 927
4 5 712
4 6 640
4 7 33
4 8 311
4 9 814
4 10 632
4 11 46
4 13 873
4 14 596
4 15 448
4 16 943
4 17 499
4 18 866
4 19 185
4 20 512
4 21 56
4 22 664
4 23 638
4 24 278
4 25 510
4 26 570
4 27 950
4 28 446
4 29 495
4 30 143
4 31 592
4 32 395
4 33 564
4 34 148
4 35 492
4 37 842
4 38 859
4 39 131
4 40 227
4 41 170
4 42 944
4 43 858
4 44 567
4 45 168
4 46 805
4 47 14
4 48 462
4 49 303
4 50 879
4 51 647
4 52 814
4 53 286
4 54 662
4 55 804
4 56 916
4 57 523
4 58 373
4 59 865
4 60 968
4 61 219
4 62 359
4 63 911
4 64 613
5 2 275
5 3 58
5 4 456
5 6 116
5 8 917
5 9 586
5 10 694
5 11 438
5 12 881
5 13 552
5 14 4
5 15 48
5 16 708
5 17 370
5 18 510
5 19 11
5 20 600
5 22 508
5 23 176
5 24 886
5 25 521
5 26 979
5 27 153
5 28 43
5 29 703
5 30 17
5 31 10
5 32 922
5 33 727
5 34 272
5 35 886
5 36 353
5 37 329
5 38 342
5 39 469
5 40 245
5 41 279
5 42 162
5 43 34
5 44 160
5 45 65
5 46 38
5 47 559
5 48 125
5 49 759
5 50 420
5 51 135
5 52 358
5 53 279
5 54 310
5 55 243
5 56 799
5 57 289
5 58 747
5 59 841
5 60 343
5 61 115
5 62 202
5 63 264
5 64 842
6 1 473
6 2 502
6 3 194
6 4 802
6 7 843
6 9 14
6 10 398
6 11 121
6 12 528
6 13 432
6 14 632
6 15 944
6 16 821
6 17 191
6 18 68
6 19 579
6 20 962
6 21 202
6 23 288
6 24 241
6 25 864
6 26 883
6 27 39
6 28 504
6 29 629
6 30 880
6 31 846
6 32 744
6 33 433
6 34 462
6 35 585
6 36 906
6 37 963
6 38 130
6 39 59
6 40 805
6 41 144
6 42 456
6 43 277
6 44 23
6 45 239
6 46 909
6 47 966
6 48 411
6 49 451
6 50 34
6 51 341
6 52 412
6 53 587
6 54 629
6 55 4
6 56 802
6 57 511
6 58 43
6 59 305
6 60 139
6 61 274
6 62 503
6 63 234
6 64 706
7 1 964
7 2 818
7 4 963
7 5 926
7 6 300
7 8 21
7 9 82
7 10 443
7 11 829
7 12 710
7 13 817
7 14 419
7 16 970
7 17 782
7 18 830
7 19 772
7 20 167
7 21 522
7 22 536
7 23 106
7 24 502
7 25 539
7 26 907
7 27 364
7 28 581
7 29 564
7 30 503
7 31 206
7 32 66
7 33 736
7 34 912
7 35 381
7 36 906
7 37 226
7 38 658
7 40 205
7 41 247
7 42 91
7 43 999
7 44 427
7 45 800
7 46 815
7 47 845
7 48 770
7 49 948
7 50 26
7 51 541
7 52 115
7 53 548
7 54 76
7 55 572
7 56 401
7 57 967
7 58 478
7 59 765
7 60 899
7 61 393
7 62 619
7 63 105
7 64 810
8 1 706
8 2 368
8 3 190
8 5 611
8 6 593
8 9 199
8 10 167
8 11 191
8 12 289
8 13 517
8 14 617
8 15 89
8 16 683
8 17 462
8 18 210
8 19 631
8 20 839
8 21 102
8 22 97
8 23 738
8 25 530
8 26 668
8 27 139
8 28 496
8 29 497
8 30 903
8 31 394
8 32 890
8 33 521
8 34 850
8 35 51
8 36 226
8 37 217
8 38 241
8 39 189
8 40 162
8 41 791
8 42 707
8 43 352
8 44 80
8 45 576
8 46 969
8 47 520
8 48 258
8 49 782
8 50 729
8 51 888
8 52 620
8 53 182
8 54 336
8 55 358
8 56 711
8 57 355
8 58 496
8 59 558
8 60 852
8 61 750
8 62 952
8 63 93
8 64 622
9 1 801
9 2 143
9 3 199
9 4 370
9 5 735
9 6 739
9 7 531
9 8 526
9 11 446
9 12 882
9 14 605
9 15 21
9 16 202
9 17 476
9 18 630
9 19 335
9 20 556
9 21 518
9 22 955
9 23 737
9 24 205
9 25 664
9 26 800
9 27 560
9 28 511
9 29 357
9 30 411
9 31 260
9 32 660
9 33 855
9 34 881
9 35 813
9 36 349
9 37 79
9 38 182
9 39 84
9 40 170
9 42 64
9 43 961
9 44 615
9 45 297
9 46 917
9 47 987
9 48 851
9 49 392
9 50 616
9 51 185
9 52 947
9 53 485
9 54 139
9 55 35
9 56 42
9 57 154
9 58 834
9 59 601
9 60 664
9 61 543
9 62 363
9 63 923
9 64 202
10 1 217
10 3 155
10 4 366
10 5 565
10 6 586
10 7 547
10 8 1000
10 9 755
10 11 962
10 12 960
10 13 721
10 15 259
10 16 876
10 17 59
10 18 109
10 19 267
10 20 26
10 21 293
10 22 565
10 23 511
10 24 784
10 25 600
10 26 552
10 27 937
10 28 433
10 29 504
10 30 953
10 31 327
10 32 866
10 33 875
10 34 529
10 35 434
10 36 382
10 37 894
10 38 998
10 39 967
10 40 793
10 41 998
10 43 73
10 44 754
10 45 957
10 46 793
10 47 364
10 48 185
10 49 851
10 50 824
10 51 803
10 52 876
10 53 469
10 54 368
10 55 738
10 56 604
10 57 319
10 58 641
10 59 540
10 60 103
10 61 144
10 62 844
10 63 430
10 64 361
11 1 719
11 2 958
11 3 794
11 4 452
11 5 203
11 6 792
11 7 418
11 8 347
11 10 141
11 13 490
11 14 453
11 15 449
11 16 634
11 17 816
11 18 985
11 19 484
11 20 992
11 21 788
11 22 711
11 23 460
11 24 155
11 25 449
11 26 63
11 27 825
11 28 441
11 29 954
11 30 927
11 31 937
11 32 798
11 33 356
11 34 297
11 35 868
11 36 665
11 37 91
11 38 319
11 39 220
11 40 234
11 41 736
11 42 566
11 44 726
11 45 577
11 46 18
11 47 174
11 48 210
11 49 186
11 50 159
11 51 45
11 52 177
11 53 946
11 54 755
11 55 636
11 56 452
11 57 555
11 58 50
11 59 628
11 60 348
11 61 3
11 62 554
11 63 284
11 64 800
12 1 910
12 2 580
12 3 667
12 4 926
12 5 22
12 6 337
12 7 145
12 8 255
12 9 424
12 11 63
12 13 980
12 14 1000
12 15 80
12 17 506
12 18 561
12 19 617
12 20 16
12 21 605
12 22 793
12 23 313
12 24 712
12 25 780
12 26 116
12 27 618
12 28 829
12 29 743
12 30 965
12 31 832
12 32 296
12 33 248
12 34 983
12 35 557
12 36 180
12 37 2
12 38 483
12 39 201
12 40 338
12 41 979
12 42 808
12 43 762
12 45 41
12 46 787
12 47 113
12 48 473
12 49 644
12 50 674
12 51 89
12 52 659
12 53 630
12 54 882
12 55 971
12 56 693
12 57 13
12 58 86
12 59 663
12 60 842
12 61 828
12 62 627
12 63 25
12 64 476
13 1 227
13 2 359
13 3 32
13 4 406
13 6 360
13 7 866
13 8 958
13 9 50
13 10 197
13 11 765
13 12 163
13 14 237
13 16 904
13 17 627
13 18 709
13 19 899
13 20 300
13 21 798
13 22 558
13 23 282
13 24 31
13 25 880
13 26 326
13 27 43
13 28 318
13 29 988
13 30 236
13 31 145
13 32 967
13 33 612
13 34 972
13 35 193
13 36 971
13 37 356
13 38 950
13 39 682
13 40 573
13 41 907
13 42 83
13 43 769
13 44 24
13 46 245
13 47 6
13 48 279
13 49 872
13 50 66
13 51 177
13 52 523
13 53 215
13 54 734
13 55 156
13 56 245
13 57 614
13 58 834
13 59 640
13 60 931
13 61 821
13 62 227
13 63 427
13 64 787
14 1 839
14 2 751
14 3 331
14 4 809
14 5 106
14 7 280
14 8 842
14 9 678
14 10 539
14 11 925
14 12 447
14 15 914
14 16 521
14 17 804
14 18 192
14 19 744
14 20 869
14 21 368
14 22 267
14 23 436
14 24 102
14 25 774
14 26 32
14 27 67
14 28 607
14 29 671
14 31 349
14 32 780
14 33 250
14 34 127
14 35 566
14 36 88
14 37 877
14 38 249
14 39 248
14 40 334
14 41 528
14 42 89
14 43 12
14 44 418
14 45 13
14 46 810
14 47 331
14 48 534
14 49 613
14 50 522
14 51 277
14 52 833
14 53 890
14 54 895
14 55 268
14 56 343
14 57 21
14 58 300
14 59 761
14 60 979
14 61 322
14 62 109
14 63 758
14 64 571
15 1 587
15 2 324
15 3 10
15 4 464
15 5 572
15 6 257
15 7 797
15 8 451
15 9 346
15 10 160
15 12 221
15 13 358
15 14 969
15 17 903
15 18 243
15 19 933
15 20 425
15 21 872
15 22 766
15 23 666
15 24 766
15 25 385
15 26 360
15 27 138
15 28 684
15 29 120
15 30 117
15 31 358
15 32 580
15 33 874
15 34 280
15 35 518
15 36 549
15 37 290
15 38 981
15 39 472
15 40 546
15 41 130
15 42 275
15 43 243
15 44 289
15 45 495
15 46 601
15 48 610
15 49 397
15 50 195
15 51 542
15 52 173
15 53 66
15 54 307
15 55 190
15 56 184
15 57 44
15 58 901
15 59 673
15 60 79
15 61 372
15 62 789
15 63 436
15 64 951
16 1 15
16 2 68
16 3 469
16 4 563
16 5 357
16 6 801
16 7 387
16 9 254
16 10 282
16 11 661
16 12 497
16 13 923
16 15 507
16 17 449
16 18 532
16 19 903
16 20 643
16 21 425
16 22 428
16 23 61
16 24 84
16 25 969
16 26 596
16 27 127
16 28 870
16 29 268
16 30 205
16 31 241
16 32 409
16 33 993
16 34 192
16 35 423
16 36 60
16 37 12
16 38 337
16 39 416
16 40 164
16 41 723
16 42 669
16 43 798
16 44 735
16 45 517
16 46 720
16 47 241
16 49 965
16 50 603
16 51 496
16 52 960
16 53 27
16 54 275
16 55 20
16 56 462
16 57 243
16 58 967
16 59 588
16 60 112
16 61 234
16 62 145
16 63 353
16 64 994
17 2 137
17 3 896
17 4 416
17 5 196
17 6 259
17 7 105
17 8 963
17 9 422
17 10 827
17 11 983
17 12 571
17 13 562
17 14 500
17 15 290
17 16 154
17 18 816
17 20 244
17 21 649
17 22 775
17 23 623
17 24 923
17 26 794
17 27 84
17 28 166
17 29 760
17 30 672
17 31 277
17 32 346
17 33 816
17 34 981
17 35 339
17 36 304
17 37 876
17 38 107
17 39 499
17 40 134
17 41 211
17 42 813
17 43 908
17 44 389
17 45 147
17 46 478
17 47 302
17 48 998
17 49 120
17 50 456
17 51 814
17 52 715
17 53 104
17 54 588
17 55 337
17 56 379
17 57 382
17 58 421
17 59 896
17 60 493
17 61 444
17 62 524
17 63 190
17 64 611
18 1 505
18 2 881
18 3 914
18 4 732
18 5 987
18 6 764
18 7 866
18 8 549
18 9 928
18 10 125
18 11 937
18 12 74
18 13 954
18 14 239
18 15 72
18 16 425
18 19 694
18 21 885
18 22 140
18 23 149
18 24 472
18 25 828
18 27 879
18 28 205
18 29 600
18 30 774
18 31 50
18 32 43
18 33 298
18 34 239
18 35 5
18 36 154
18 37 119
18 38 918
18 39 885
18 40 105
18 41 33
18 42 102
18 43 5
18 44 960
18 45 578
18 46 942
18 47 386
18 48 532
18 49 180
18 50 457
18 51 956
18 52 225
18 53 693
18 54 447
18 55 373
18 56 164
18 57 275
18 58 252
18 59 721
18 60 874
18 61 377
18 62 770
18 63 269
18 64 26
19 1 8
19 2 273
19 4 179
19 5 479
19 6 543
19 7 416
19 8 935
19 9 575
19 10 869
19 11 940
19 12 887
19 13 447
19 14 881
19 15 272
19 16 978
19 17 412
19 18 80
19 20 285
19 21 636
19 22 772
19 24 732
19 25 8
19 26 935
19 28 6
19 29 611
19 30 7
19 31 231
19 32 988
19 33 776
19 34 499
19 35 365
19 36 136
19 37 772
19 38 896
19 39 614
19 40 666
19 41 311
19 42 548
19 43 240
19 44 531
19 45 487
19 46 478
19 47 977
19 48 367
19 49 101
19 50 306
19 51 778
19 52 180
19 53 591
19 54 765
19 55 951
19 56 674
19 57 773
19 58 238
19 59 679
19 60 735
19 61 244
19 62 909
19 63 74
19 64 20
20 1 408
20 2 439
20 3 507
20 5 531
20 6 334
20 7 120
20 8 196
20 9 996
20 10 667
20 11 787
20 12 878
20 13 506
20 14 265
20 15 855
20 16 224
20 17 717
20 18 512
20 21 354
20 22 897
20 23 102
20 24 118
20 25 847
20 26 127
20 27 242
20 29 436
20 30 805
20 31 977
20 32 680
20 33 66
20 34 402
20 35 51
20 36 825
20 37 840
20 38 557
20 39 707
20 40 525
20 41 676
20 42 902
20 43 872
20 44 694
20 45 40
20 46 102
20 47 551
20 48 656
20 49 308
20 50 775
20 51 373
20 52 819
20 53 128
20 54 269
20 55 273
20 56 597
20 57 467
20 58 399
20 59 839
20 60 903
20 61 556
20 62 167
20 63 582
20 64 621
21 1 568
21 2 632
21 3 445
21 4 760
21 5 540
21 6 151
21 7 636
21 8 567
21 9 404
21 10 860
21 11 260
21 12 443
21 13 961
21 14 811
21 15 99
21 16 268
21 18 937
21 19 471
21 20 438
21 22 416
21 24 91
21 25 710
21 26 12
21 27 557
21 28 109
21 30 850
21 31 459
21 32 664
21 33 368
21 34 392
21 35 636
21 36 936
21 37 23
21 38 432
21 39 47
21 40 914
21 41 934
21 42 682
21 43 480
21 44 337
21 45 893
21 46 740
21 47 131
21 48 853
21 49 902
21 50 229
21 51 472
21 52 190
21 53 51
21 54 910
21 55 605
21 56 141
21 57 619
21 58 616
21 59 50
21 60 79
21 61 818
21 62 508
21 63 742
21 64 185
22 1 900
22 2 377
22 3 472
22 4 274
22 5 160
22 6 518
22 7 188
22 8 93
22 9 552
22 10 667
22 11 429
22 12 444
22 13 758
22 14 560
22 15 649
22 16 11
22 17 140
22 19 120
22 20 200
22 23 543
22 25 29
22 26 804
22 27 35
22 28 1000
22 29 772
22 30 84
22 31 78
22 32 941
22 33 592
22 34 172
22 35 125
22 36 843
22 37 900
22 38 949
22 39 116
22 40 60
22 41 466
22 42 303
22 43 152
22 44 369
22 45 322
22 46 933
22 47 813
22 48 79
22 49 844
22 50 461
22 51 442
22 52 335
22 53 580
22 54 641
22 55 877
22 56 961
22 57 797
22 58 912
22 59 312
22 60 920
22 61 347
22 62 741
22 63 860
22 64 938
23 1 264
23 2 336
23 3 780
23 4 164
23 5 284
23 6 248
23 8 575
23 9 102
23 10 902
23 11 78
23 12 470
23 13 223
23 14 10
23 15 282
23 16 654
23 17 205
23 18 742
23 19 95
23 20 540
23 21 674
23 22 87
23 24 768
23 25 986
23 26 883
23 27 31
23 28 297
23 29 154
23 30 378
23 32 37
23 33 13
23 34 667
23 35 301
23 36 349
23 37 799
23 38 816
23 39 632
23 40 46
23 41 742
23 42 85
23 43 947
23 44 819
23 45 555
23 46 522
23 47 181
23 48 836
23 49 175
23 50 737
23 51 930
23 52 621
23 53 276
23 54 955
23 56 707
23 57 396
23 58 940
23 59 942
23 60 426
23 61 588
23 62 95
23 63 155
23 64 624
24 1 108
24 2 822
24 3 276
24 4 808
24 5 972
24 6 443
24 7 439
24 8 17
24 9 184
24 10 524
24 11 315
24 12 355
24 13 430
24 14 836
24 15 887
24 16 265
24 17 362
24 18 623
24 19 546
24 21 982
24 22 899
24 25 500
24 26 689
24 27 646
24 28 791
24 29 630
24 30 423
24 31 378
24 33 76
24 34 578
24 35 354
24 36 183
24 37 751
24 38 981
24 39 990
24 40 722
24 41 424
24 42 781
24 43 90
24 44 959
24 45 656
24 46 756
24 47 665
24 48 437
24 49 592
24 50 551
24 51 53
24 52 305
24 53 174
24 54 599
24 55 287
24 56 424
24 57 450
24 58 327
24 59 69
24 60 241
24 61 308
24 62 491
24 63 618
24 64 383
25 1 420
25 2 971
25 3 918
25 4 170
25 5 952
25 6 259
25 7 243
25 8 727
25 10 391
25 11 332
25 12 37
25 13 398
25 14 440
25 15 702
25 16 834
25 17 31
25 18 252
25 19 887
25 20 687
25 21 425
25 22 485
25 23 973
25 24 200
25 26 934
25 28 299
25 29 268
25 30 526
25 31 606
25 32 111
25 33 144
25 34 341
25 35 530
25 36 466
25 37 258
25 38 52
25 39 769
25 40 516
25 41 294
25 42 495
25 43 259
25 44 978
25 45 884
25 46 656
25 47 417
25 48 585
25 49 490
25 50 799
25 51 836
25 52 376
25 53 485
25 54 613
25 55 212
25 56 458
25 58 812
25 59 497
25 60 108
25 61 432
25 62 23
25 63 66
25 64 894
26 1 166
26 2 406
26 3 423
26 4 983
26 5 15
26 6 474
26 7 752
26 8 882
26 9 120
26 11 598
26 12 140
26 13 97
26 14 481
26 15 796
26 16 513
26 17 65
26 18 637
26 19 311
26 20 253
26 21 12
26 22 795
26 23 217
26 24 223
26 27 604
26 28 380
26 29 71
26 31 64
26 32 811
26 33 93
26 34 129
26 35 56
26 36 610
26 37 886
26 38 479
26 39 593
26 40 900
26 41 304
26 42 696
26 43 133
26 44 423
26 45 293
26 46 273
26 47 871
26 48 126
26 49 420
26 50 383
26 51 542
26 52 56
26 53 45
26 54 146
26 55 419
26 56 192
26 57 362
26 58 993
26 59 147
26 60 742
26 61 63
26 62 210
26 63 904
26 64 156
27 1 338
27 2 960
27 3 765
27 4 575
27 5 790
27 6 709
27 7 474
27 8 93
27 9 404
27 10 607
27 12 868
27 13 49
27 14 231
27 15 738
27 16 526
27 17 650
27 18 473
27 19 67
27 20 57
27 21 517
27 22 213
27 23 475
27 24 60
27 25 574
27 26 467
27 29 207
27 30 667
27 31 529
27 32 416
27 33 923
27 34 684
27 35 106
27 36 882
27 37 801
27 38 680
27 39 23
27 40 509
27 41 506
27 42 467
27 43 265
27 44 464
27 45 334
27 46 313
27 47 694
27 48 424
27 49 838
27 50 695
27 51 248
27 52 256
27 53 751
27 54 764
27 55 468
27 56 577
27 57 824
27 58 394
27 60 43
27 61 382
27 62 412
27 63 923
27 64 797
28 1 334
28 2 959
28 3 902
28 4 567
28 5 759
28 6 582
28 7 589
28 8 619
28 9 87
28 10 56
28 11 883
28 13 902
28 14 741
28 15 547
28 16 595
28 17 516
28 18 736
28 19 641
28 20 763
28 21 992
28 22 743
28 23 879
28 24 459
28 25 319
28 27 54
28 29 204
28 30 713
28 31 435
28 32 616
28 33 987
28 34 231
28 35 301
28 36 945
28 37 485
28 38 868
28 39 55
28 40 66
28 41 456
28 42 26
28 43 504
28 44 863
28 45 260
28 46 757
28 47 604
28 48 807
28 49 351
28 50 119
28 51 542
28 52 343
28 53 234
28 54 533
28 55 85
28 56 112
28 57 344
28 58 755
28 59 165
28 61 899
28 62 819
28 63 599
28 64 514
29 1 805
29 2 829
29 3 167
29 4 102
29 5 313
29 6 34
29 7 156
29 8 730
29 9 841
29 10 181
29 11 585
29 12 56
29 14 793
29 15 341
29 16 11
29 17 599
29 18 43
29 19 129
29 20 140
29 21 737
29 22 362
29 23 25
29 24 821
29 26 825
29 27 720
29 28 927
29 30 989
29 32 618
29 33 745
29 34 587
29 35 484
29 36 902
29 37 768
29 38 650
29 39 3
29 40 432
29 41 35
29 42 510
29 43 162
29 44 227
29 45 43
29 46 98
29 47 282
29 48 835
29 49 791
29 50 292
29 51 433
29 52 185
29 53 773
29 54 924
29 55 922
29 56 486
29 57 300
29 58 94
29 59 311
29 60 19
29 61 21
29 62 299
29 63 637
29 64 117
30 1 886
30 2 472
30 3 18
30 4 653
30 5 121
30 6 20
30 7 84
30 8 507
30 9 530
30 10 597
30 11 733
30 12 572
30 13 47
30 14 367
30 15 406
30 16 189
30 17 658
30 18 190
30 19 373
30 20 782
30 21 113
30 23 294
30 24 268
30 25 413
30 26 388
30 27 930
30 28 783
30 31 760
30 33 228
30 34 771
30 35 876
30 36 465
30 37 242
30 38 246
30 39 469
30 40 362
30 41 265
30 42 905
30 43 220
30 44 146
30 45 853
30 46 305
30 47 69
30 48 251
30 49 671
30 50 474
30 51 439
30 52 680
30 53 15
30 54 812
30 55 462
30 56 128
30 57 457
30 58 81
30 59 892
30 60 196
30 61 10
30 62 26
30 63 307
30 64 589
31 1 797
31 2 183
31 3 406
31 4 38
31 5 428
31 6 226
31 7 752
31 8 44
31 9 130
31 10 971
31 11 542
31 12 335
31 13 275
31 14 610
31 16 585
31 17 945
31 18 436
31 19 376
31 20 625
31 21 450
31 22 187
31 23 438
31 24 929
31 25 995
31 26 518
31 28 172
31 29 191
31 30 879
31 32 198
31 33 497
31 34 467
31 35 994
31 36 31
31 37 224
31 38 31
31 39 810
31 40 450
31 41 782
31 42 206
31 43 931
31 44 105
31 45 747
31 46 617
31 47 379
31 48 356
31 49 202
31 50 676
31 51 143
31 52 929
31 53 652
31 54 593
31 55 115
31 56 89
31 57 873
31 58 461
31 59 958
31 60 45
31 61 3
31 62 836
31 64 242
32 1 500
32 2 654
32 3 587
32 4 882
32 5 230
32 6 617
32 7 44
32 8 679
32 9 751
32 10 249
32 11 961
32 12 855
32 13 995
32 14 578
32 15 585
32 17 702
32 18 131
32 19 260
32 20 845
32 21 59
32 22 263
32 23 789
32 24 525
32 25 351
32 26 13
32 27 985
32 29 660
32 30 57
32 33 988
32 34 847
32 35 650
32 36 839
32 37 853
32 38 588
32 39 72
32 40 82
32 41 205
32 42 115
32 43 112
32 44 307
32 45 363
32 46 72
32 47 161
32 48 709
32 49 649
32 50 745
32 51 763
32 52 131
32 53 357
32 54 959
32 55 189
32 56 619
32 57 99
32 58 65
32 59 322
32 60 111
32 61 402
32 62 981
32 63 520
32 64 389
33 1 828
33 2 169
33 3 579
33 4 32
33 5 757
33 6 650
33 7 113
33 8 313
33 9 117
33 10 224
33 11 619
33 12 831
33 13 295
33 14 131
33 15 540
33 16 296
33 17 227
33 18 654
33 19 778
33 20 935
33 21 612
33 22 967
33 23 554
33 24 710
33 25 383
33 26 227
33 27 820
33 28 784
33 29 207
33 30 339
33 31 524
33 32 386
33 35 860
33 36 102
33 38 417
33 39 968
33 40 104
33 41 881
33 42 632
33 43 220
33 44 104
33 45 602
33 46 50
33 47 751
33 48 732
33 50 941
33 51 46
33 52 310
33 53 594
33 54 175
33 55 245
33 56 557
33 57 493
33 58 150
33 59 266
33 60 876
33 61 376
33 62 438
33 63 659
33 64 934
34 1 128
34 3 183
34 4 672
34 5 987
34 6 636
34 7 440
34 8 306
34 9 91
34 10 321
34 11 937
34 12 662
34 13 776
34 14 538
34 15 712
34 16 526
34 17 621
34 18 4
34 19 923
34 20 931
34 21 950
34 22 98
34 23 527
34 24 506
34 25 590
34 26 676
34 27 124
34 28 465
34 29 403
34 30 913
34 31 476
34 32 336
34 33 40
34 35 10
34 36 359
34 37 379
34 39 997
34 40 799
34 41 684
34 42 88
34 43 471
34 44 621
34 45 749
34 46 246
34 47 510
34 48 812
34 49 772
34 51 131
34 52 168
34 53 46
34 54 413
34 55 117
34 56 143
34 57 291
34 58 974
34 59 85
34 60 318
34 61 449
34 62 549
34 63 720
34 64 361
35 1 376
35 2 407
35 3 753
35 4 737
35 5 766
35 6 131
35 7 734
35 8 916
35 9 166
35 10 821
35 11 386
35 12 138
35 13 921
35 14 631
35 15 648
35 16 733
35 17 754
35 18 130
35 19 900
35 20 800
35 21 894
35 22 368
35 23 942
35 24 184
35 25 341
35 26 26
35 27 501
35 28 142
35 29 927
35 30 572
35 31 854
35 32 654
35 34 978
35 37 606
35 38 391
35 39 95
35 40 88
35 41 124
35 42 10
35 43 606
35 44 944
35 45 747
35 46 743
35 47 864
35 48 378
35 49 742
35 50 948
35 52 131
35 53 871
35 54 847
35 55 282
35 56 116
35 57 566
35 58 224
35 59 299
35 60 907
35 61 601
35 62 151
35 63 400
35 64 879
36 1 74
36 2 253
36 3 533
36 4 404
36 5 211
36 6 923
36 7 498
36 8 650
36 9 398
36 10 860
36 11 255
36 12 693
36 13 606
36 14 998
36 15 908
36 16 335
36 17 739
36 18 856
36 19 466
36 20 962
36 21 54
36 22 747
36 23 77
36 24 620
36 25 322
36 26 728
36 27 878
36 28 275
36 29 230
36 30 277
36 31 505
36 32 304
36 33 881
36 35 37
36 37 707
36 38 443
36 39 311
36 41 556
36 42 445
36 43 708
36 44 767
36 45 699
36 46 400
36 47 373
36 48 48
36 49 660
36 50 59
36 51 139
36 53 515
36 54 524
36 55 452
36 56 568
36 57 623
36 58 528
36 59 539
36 60 296
36 61 607
36 62 416
36 63 922
36 64 837
37 1 44
37 2 427
37 3 492
37 4 277
37 6 815
37 7 550
37 8 719
37 9 126
37 10 457
37 11 163
37 12 185
37 13 224
37 14 214
37 15 937
37 16 948
37 17 261
37 18 596
37 19 6
37 20 751
37 21 110
37 22 882
37 23 202
37 24 29
37 25 856
37 26 82
37 27 920
37 28 503
37 29 688
37 30 335
37 31 425
37 32 876
37 33 731
37 34 203
37 35 719
37 36 7
37 39 17
37 40 620
37 41 77
37 42 494
37 43 77
37 44 592
37 45 31
37 46 652
37 47 805
37 48 967
37 49 951
37 50 417
37 51 562
37 52 308
37 54 520
37 55 23
37 56 189
37 57 721
37 58 403
37 59 396
37 60 154
37 61 322
37 62 251
37 63 194
37 64 9
38 1 27
38 2 421
38 3 91
38 4 229
38 5 140
38 7 97
38 8 597
38 9 111
38 10 525
38 11 91
38 12 187
38 13 468
38 14 121
38 15 190
38 16 624
38 17 439
38 18 140
38 19 41
38 20 352
38 21 448
38 22 912
38 23 374
38 24 988
38 25 984
38 26 128
38 27 384
38 28 138
38 29 802
38 30 634
38 31 683
38 32 810
38 33 660
38 34 103
38 35 900
38 36 240
38 37 594
38 39 348
38 40 836
38 41 705
38 42 224
38 43 278
38 44 891
38 45 692
38 47 750
38 48 81
38 49 315
38 50 188
38 51 572
38 52 707
38 53 539
38 55 19
38 56 618
38 57 264
38 58 7
38 59 954
38 60 392
38 61 742
38 62 91
38 63 193
38 64 727
39 1 773
39 2 354
39 3 386
39 4 227
39 5 605
39 6 977
39 7 821
39 8 304
39 9 812
39 10 525
39 11 879
39 12 442
39 13 767
39 14 570
39 15 191
39 16 199
39 17 237
39 18 379
39 19 771
39 20 943
39 21 269
39 22 789
39 23 913
39 24 533
39 25 147
39 26 866
39 27 276
39 28 888
39 29 956
39 30 820
39 31 614
39 32 80
39 33 525
39 34 351
39 36 306
39 38 129
39 41 327
39 42 478
39 43 784
39 44 491
39 45 2
39 46 662
39 47 932
39 48 769
39 49 584
39 50 474
39 51 319
39 52 820
39 53 204
39 54 89
39 55 762
39 56 473
39 57 878
39 58 674
39 59 357
39 60 376
39 61 891
39 62 632
39 63 264
39 64 846
40 1 803
40 2 877
40 3 277
40 4 327
40 5 580
40 6 935
40 7 807
40 9 906
40 10 412
40 11 590
40 12 748
40 13 766
40 14 603
40 15 31
40 16 886
40 17 186
40 18 505
40 19 204
40 20 5
40 21 708
40 22 293
40 23 119
40 24 532
40 25 522
40 26 144
40 27 240
40 28 897
40 29 35
40 30 871
40 31 160
40 32 232
40 33 25
40 34 389
40 35 509
40 36 351
40 37 320
40 39 795
40 41 157
40 42 577
40 43 206
40 44 98
40 45 325
40 46 323
40 47 53
40 48 355
40 49 208
40 50 238
40 51 211
40 52 412
40 53 595
40 54 271
40 55 704
40 57 65
40 58 154
40 59 577
40 60 208
40 61 394
40 62 473
40 63 242
40 64 616
41 1 985
41 2 474
41 3 641
41 4 725
41 5 334
41 6 343
41 7 44
41 8 480
41 9 852
41 10 620
41 11 37
41 12 949
41 13 296
41 14 360
41 15 353
41 16 3
41 17 567
41 18 591
41 19 213
41 20 330
41 21 537
41 22 835
41 23 33
41 24 601
41 25 989
41 26 961
41 27 160
41 28 382
41 29 786
41 30 402
41 31 997
41 32 770
41 34 227
41 35 989
41 36 846
41 37 912
41 38 332
41 39 241
41 40 391
41 43 183
41 44 212
41 46 427
41 47 131
41 48 508
41 49 138
41 50 836
41 51 862
41 52 57
41 53 778
41 54 426
41 55 386
41 56 314
41 57 261
41 58 771
41 59 266
41 60 249
41 61 731
41 62 425
41 63 982
41 64 516
42 1 826
42 2 978
42 3 637
42 4 404
42 5 967
42 6 482
42 7 315
42 8 650
42 9 74
42 10 57
42 11 832
42 12 286
42 13 836
42 14 314
42 15 145
42 16 973
42 17 149
42 18 6
42 19 29
42 20 926
42 21 431
42 22 415
42 23 239
42 24 43
42 25 537
42 26 856
42 27 291
42 28 267
42 29 281
42 30 624
42 31 783
42 32 458
42 33 954
42 35 419
42 36 862
42 37 920
42 38 253
42 39 528
42 40 921
42 41 326
42 43 937
42 44 752
42 45 963
42 47 772
42 48 65
42 49 107
42 50 96
42 51 214
42 52 112
42 53 477
42 54 139
42 55 895
42 56 243
42 57 730
42 59 937
42 60 779
42 61 585
42 62 580
42 63 45
42 64 217
43 1 203
43 2 179
43 3 675
43 4 156
43 5 950
43 6 888
43 7 427
43 8 202
43 9 767
43 10 347
43 11 879
43 12 703
43 13 98
43 14 842
43 15 826
43 16 515
43 17 948
43 18 274
43 19 728
43 20 412
43 21 750
43 22 218
43 23 658
43 24 992
43 25 947
43 26 594
43 27 122
43 28 884
43 29 525
43 30 166
43 31 100
43 32 80
43 33 697
43 34 774
43 36 235
43 37 646
43 38 13
43 39 14
43 40 199
43 42 780
43 45 712
43 46 429
43 47 482
43 48 162
43 49 270
43 50 660
43 51 676
43 52 570
43 53 933
43 54 403
43 55 333
43 56 682
43 57 972
43 58 990
43 59 25
43 60 919
43 61 935
43 62 498
43 63 154
43 64 460
44 1 15
44 2 253
44 3 539
44 4 711
44 5 379
44 6 125
44 7 708
44 8 391
44 9 138
44 10 906
44 11 170
44 12 850
44 13 335
44 14 4
44 15 11
44 16 956
44 17 15
44 18 38
44 19 525
44 20 947
44 21 792
44 22 857
44 23 980
44 24 763
44 25 198
44 26 356
44 27 33
44 28 133
44 29 853
44 30 186
44 31 592
44 32 867
44 33 439
44 34 482
44 35 930
44 37 169
44 38 606
44 39 637
44 40 559
44 41 96
44 43 543
44 45 81
44 46 945
44 47 229
44 49 84
44 50 307
44 51 536
44 52 98
44 53 344
44 54 61
44 55 396
44 56 487
44 57 269
44 58 727
44 59 249
44 60 467
44 61 82
44 62 282
44 63 599
44 64 286
45 1 819
45 2 542
45 3 152
45 4 609
45 5 23
45 6 81
45 7 777
45 8 628
45 9 70
45 10 336
45 11 75
45 12 964
45 13 768
45 14 19
45 15 192
45 16 851
45 17 677
45 18 79
45 19 300
45 20 372
45 21 139
45 22 47
45 23 858
45 24 760
45 25 773
45 26 459
45 27 226
45 28 206
45 29 92
45 30 176
45 31 491
45 32 910
45 33 717
45 34 994
45 35 519
45 36 91
45 38 427
45 39 647
45 40 70
45 41 496
45 42 334
45 43 145
45 44 811
45 46 101
45 48 515
45 49 354
45 50 303
45 51 192
45 52 432
45 53 954
45 54 915
45 55 571
45 56 1000
45 57 125
45 58 682
45 59 124
45 60 583
45 62 259
45 63 681
45 64 674
46 1 434
46 2 171
46 3 583
46 4 502
46 5 517
46 6 453
46 7 944
46 8 943
46 9 452
46 10 13
46 11 790
46 12 785
46 13 157
46 15 600
46 16 886
46 17 24
46 18 953
46 19 188
46 20 567
46 21 384
46 22 494
46 23 481
46 24 306
46 25 845
46 26 957
46 27 339
46 28 969
46 29 539
46 30 597
46 31 649
46 32 564
46 33 30
46 34 172
46 35 499
46 36 883
46 37 688
46 38 951
46 39 826
46 40 982
46 41 402
46 42 191
46 43 123
46 44 539
46 47 699
46 48 722
46 49 424
46 50 722
46 51 26
46 52 963
46 53 288
46 54 761
46 55 808
46 56 121
46 57 419
46 58 653
46 59 77
46 60 757
46 61 621
46 63 968
46 64 354
47 1 621
47 2 531
47 3 735
47 4 144
47 5 29
47 6 970
47 7 831
47 8 332
47 9 795
47 10 164
47 11 85
47 12 337
47 13 286
47 14 623
47 15 36
47 16 359
47 17 398
47 18 109
47 19 736
47 20 713
47 21 397
47 22 497
47 23 520
47 24 869
47 25 915
47 26 172
47 27 297
47 28 23
47 29 144
47 30 264
47 31 376
47 32 117
47 33 147
47 34 463
47 35 260
47 36 175
47 37 432
47 38 443
47 40 858
47 41 578
47 42 606
47 44 295
47 45 915
47 46 244
47 49 269
47 50 950
47 51 954
47 52 19
47 53 58
47 54 690
47 55 731
47 56 806
47 57 538
47 58 602
47 59 26
47 60 804
47 61 126
47 62 323
47 63 826
47 64 269
48 1 938
48 2 554
48 3 737
48 4 84
48 5 16
48 6 997
48 7 611
48 8 447
48 9 439
48 10 820
48 11 24
48 12 396
48 13 114
48 14 938
48 15 991
48 16 735
48 17 239
48 18 945
48 19 753
48 20 649
48 21 986
48 22 835
48 23 806
48 24 875
48 25 436
48 26 832
48 27 678
48 28 561
48 29 506
48 30 855
48 31 182
48 32 443
48 33 408
48 34 918
48 35 879
48 36 423
48 37 266
48 38 489
48 39 221
48 41 56
48 42 308
48 43 245
48 44 452
48 45 774
48 47 534
48 49 794
48 50 508
48 51 773
48 52 90
48 53 612
48 54 773
48 55 75
48 56 446
48 57 578
48 58 301
48 59 881
48 60 761
48 61 978
48 62 794
48 63 266
49 1 185
49 2 327
49 3 709
49 4 592
49 5 244
49 6 939
49 7 367
49 8 510
49 9 427
49 10 587
49 11 565
49 12 86
49 13 183
49 14 368
49 15 211
49 16 717
49 18 162
49 19 718
49 20 841
49 21 603
49 22 329
49 23 613
49 24 30
49 25 126
49 26 542
49 27 330
49 28 7
49 29 303
49 30 660
49 31 152
49 32 568
49 33 844
49 34 478
49 35 628
49 36 435
49 37 73
49 38 566
49 39 153
49 40 934
49 41 344
49 42 92
49 43 499
49 44 430
49 45 274
49 46 218
49 47 640
49 48 342
49 50 731
49 52 710
49 53 182
49 54 334
49 55 390
49 56 146
49 58 715
49 59 868
49 60 688
49 61 44
49 62 874
49 63 342
49 64 703
50 1 377
50 2 909
50 3 898
50 4 206
50 5 889
50 6 685
50 7 278
50 8 806
50 9 837
50 10 212
50 11 150
50 12 928
50 13 62
50 14 579
50 15 202
50 16 631
50 17 570
50 19 895
50 20 362
50 21 631
50 22 77
50 23 47
50 24 373
50 25 574
50 26 761
50 27 240
50 28 613
50 29 156
50 30 465
50 31 954
50 32 859
50 33 193
50 34 215
50 35 108
50 36 398
50 37 103
50 38 792
50 39 675
50 40 908
50 41 629
50 42 886
50 43 57
50 44 908
50 45 299
50 46 987
50 47 461
50 48 930
50 51 909
50 52 356
50 53 291
50 55 891
50 56 432
50 57 689
50 58 615
50 59 357
50 60 801
50 61 854
50 62 970
50 63 956
50 64 670
51 1 923
51 2 166
51 3 862
51 4 137
51 5 274
51 6 259
51 7 591
51 8 65
51 9 286
51 10 499
51 11 45
51 12 523
51 13 907
51 14 953
51 15 822
51 16 246
51 17 413
51 18 751
51 20 506
51 21 768
51 22 393
51 23 396
51 24 551
51 25 433
51 26 363
51 27 908
51 28 233
51 29 568
51 30 877
51 31 188
51 32 238
51 33 799
51 34 706
51 35 451
51 36 288
51 37 979
51 38 62
51 39 878
51 40 395
51 41 347
51 42 728
51 43 440
51 44 869
51 45 987
51 46 392
51 47 42
51 48 232
51 49 804
51 50 792
51 53 89
51 54 924
51 55 536
51 56 484
51 57 474
51 58 968
51 60 198
51 61 381
51 62 200
51 63 766
51 64 257
52 1 740
52 2 3
52 3 408
52 4 445
52 5 805
52 6 695
52 7 423
52 8 866
52 9 924
52 10 817
52 11 212
52 12 652
52 13 608
52 14 433
52 15 638
52 16 999
52 17 474
52 18 221
52 19 155
52 21 618
52 22 309
52 23 78
52 24 153
52 25 144
52 26 551
52 27 121
52 28 342
52 29 284
52 30 672
52 31 107
52 32 540
52 33 411
52 34 461
52 35 299
52 36 855
52 37 265
52 38 993
52 39 629
52 40 131
52 41 269
52 42 446
52 43 694
52 44 920
52 45 405
52 46 478
52 47 909
52 48 404
52 49 304
52 51 481
52 53 910
52 54 921
52 55 789
52 56 987
52 57 425
52 58 284
52 59 889
52 61 897
52 62 625
52 63 172
52 64 569
53 1 83
53 2 64
53 3 979
53 4 543
53 5 362
53 6 186
53 7 808
53 8 707
53 9 814
53 10 290
53 11 975
53 12 611
53 13 983
53 14 246
53 15 16
53 16 813
53 17 154
53 18 771
53 19 116
53 20 634
53 22 680
53 23 388
53 24 774
53 25 666
53 26 812
53 27 57
53 28 906
53 29 709
53 30 34
53 31 78
53 32 629
53 33 116
53 34 493
53 35 959
53 36 659
53 37 854
53 38 144
53 39 818
53 40 560
53 41 958
53 42 107
53 43 886
53 44 920
53 45 441
53 46 131
53 47 935
53 48 253
53 50 636
53 51 705
53 52 368
53 54 621
53 56 384
53 57 755
53 58 746
53 59 401
53 60 919
53 61 803
53 62 307
53 63 979
53 64 188
54 1 736
54 2 607
54 3 655
54 4 228
54 5 565
54 6 313
54 7 81
54 8 709
54 9 482
54 10 993
54 11 18
54 12 588
54 13 230
54 14 937
54 15 381
54 16 361
54 17 224
54 18 633
54 19 348
54 20 280
54 21 353
54 23 969
54 24 16
54 25 459
54 26 66
54 27 416
54 28 729
54 29 220
54 30 74
54 31 707
54 32 407
54 33 809
54 34 665
54 35 62
54 36 36
54 37 230
54 38 726
54 39 469
54 40 290
54 41 208
54 42 813
54 43 659
54 44 147
54 45 394
54 46 947
54 47 879
54 48 106
54 49 170
54 50 864
54 51 454
54 52 802
54 55 216
54 57 774
54 58 817
54 59 26
54 60 839
54 61 232
54 62 755
54 63 59
54 64 658
55 1 813
55 2 465
55 3 466
55 4 478
55 5 878
55 6 854
55 7 59
55 8 956
55 9 674
55 10 348
55 11 163
55 12 486
55 13 358
55 14 661
55 15 879
55 16 304
55 17 540
55 18 985
55 19 826
55 20 755
55 21 790
55 22 627
55 23 970
55 24 563
55 25 795
55 26 347
55 27 753
55 28 26
55 29 453
55 30 811
55 31 35
55 32 266
55 33 628
55 34 501
55 35 95
55 36 857
55 37 354
55 38 153
55 40 812
55 41 379
55 42 852
55 43 974
55 44 864
55 45 209
55 46 987
55 47 94
55 48 864
55 49 878
55 50 430
55 52 689
55 53 632
55 54 219
55 56 667
55 57 953
55 58 133
55 59 461
55 60 299
55 61 886
55 62 839
55 64 104
56 1 48
56 2 873
56 3 369
56 4 675
56 5 373
56 6 463
56 7 884
56 8 78
56 9 967
56 10 695
56 11 808
56 12 818
56 13 21
56 14 23
56 15 378
56 16 7
56 17 117
56 18 241
56 19 236
56 20 898
56 21 930
56 22 219
56 23 469
56 25 948
56 26 171
56 27 953
56 28 409
56 29 821
56 30 838
56 31 599
56 32 924
56 33 238
56 34 471
56 35 644
56 36 912
56 37 196
56 38 458
56 39 795
56 40 625
56 41 424
56 42 842
56 43 433
56 44 593
56 45 862
56 46 455
56 47 970
56 48 220
56 49 923
56 50 211
56 51 455
56 53 173
56 54 492
56 57 673
56 58 641
56 59 439
56 60 195
56 61 593
56 62 199
56 63 15
56 64 783
57 1 797
57 2 291
57 3 20
57 4 620
57 5 286
57 6 283
57 7 815
57 8 744
57 9 430
57 10 791
57 11 519
57 12 271
57 13 575
57 14 112
57 15 132
57 16 30
57 17 81
57 18 351
57 19 304
57 20 291
57 21 805
57 22 476
57 23 134
57 24 829
57 25 468
57 26 573
57 27 375
57 28 61
57 29 123
57 30 389
57 31 195
57 32 920
57 33 31
57 34 214
57 35 891
57 36 317
57 37 496
57 38 705
57 39 412
57 40 925
57 42 847
57 43 930
57 44 547
57 45 422
57 46 393
57 47 678
57 48 803
57 49 474
57 50 380
57 51 106
57 52 116
57 53 536
57 54 934
57 55 250
57 56 364
57 59 401
57 60 174
57 62 738
57 63 813
57 64 296
58 1 479
58 2 7
58 3 567
58 4 861
58 5 220
58 6 457
58 7 529
58 8 68
58 9 513
58 10 940
58 11 344
58 12 712
58 13 222
58 14 891
58 15 133
58 16 614
58 17 920
58 18 935
58 19 439
58 20 300
58 21 392
58 22 555
58 23 835
58 24 325
58 25 156
58 27 551
58 28 78
58 29 329
58 30 640
58 31 890
58 32 976
58 33 470
58 34 249
58 35 895
58 36 331
58 37 820
58 38 703
58 39 859
58 40 887
58 41 568
58 42 151
58 43 583
58 44 279
58 45 372
58 46 825
58 47 411
58 48 337
58 49 744
58 51 697
58 52 776
58 53 395
58 54 88
58 55 682
58 56 230
58 57 765
58 59 837
58 60 132
58 61 842
58 63 517
58 64 771
59 1 731
59 2 844
59 3 241
59 4 979
59 5 738
59 6 923
59 7 799
59 8 793
59 9 133
59 10 37
59 11 360
59 12 283
59 13 971
59 14 638
59 15 6
59 16 795
59 17 48
59 18 343
59 19 539
59 20 744
59 21 470
59 22 285
59 23 183
59 24 151
59 25 866
59 26 947
59 27 339
59 28 997
59 29 788
59 30 855
59 31 120
59 32 871
59 33 698
59 34 712
59 35 201
59 36 788
59 37 634
59 38 351
59 39 580
59 40 118
59 41 388
59 42 939
59 44 401
59 45 710
59 46 928
59 47 758
59 48 505
59 49 975
59 50 452
59 51 395
59 52 70
59 53 921
59 54 679
59 55 252
59 56 71
59 58 545
59 61 199
59 62 761
59 63 893
59 64 338
60 1 615
60 2 364
60 3 208
60 4 665
60 5 75
60 6 409
60 7 804
60 8 60
60 9 111
60 10 735
60 11 178
60 12 850
60 13 25
60 14 930
60 15 560
60 16 952
60 17 687
60 18 64
60 19 926
60 20 139
60 21 458
60 22 347
60 23 59
60 24 488
60 25 950
60 26 482
60 27 384
60 28 500
60 29 242
60 30 277
60 31 838
60 32 209
60 33 640
60 34 397
60 35 225
60 36 67
60 37 157
60 38 380
60 39 126
60 40 268
60 41 114
60 42 655
60 43 117
60 45 138
60 46 584
60 47 676
60 48 89
60 49 271
60 50 739
60 51 366
60 52 761
60 53 548
60 54 712
60 55 171
60 56 36
60 57 13
60 59 4
60 61 419
60 62 513
60 63 598
61 1 47
61 2 350
61 3 806
61 4 39
61 5 98
61 6 382
61 7 105
61 8 255
61 9 761
61 10 230
61 11 522
61 12 226
61 13 885
61 14 990
61 15 363
61 16 820
61 17 666
61 18 803
61 19 90
61 20 756
61 21 168
61 22 202
61 23 656
61 24 231
61 25 373
61 26 43
61 27 243
61 28 376
61 30 813
61 31 107
61 32 973
61 33 860
61 34 808
61 35 130
61 36 250
61 37 906
61 38 863
61 39 354
61 40 512
61 41 975
61 42 583
61 43 33
61 44 200
61 45 819
61 46 374
61 47 562
61 48 639
61 49 391
61 50 716
61 51 80
61 52 499
61 54 883
61 55 282
61 56 154
61 57 465
61 58 6
61 59 548
61 60 60
61 62 381
61 64 712
62 1 166
62 2 706
62 3 923
62 4 974
62 5 187
62 6 172
62 7 231
62 8 402
62 9 525
62 10 742
62 11 376
62 12 108
62 13 126
62 14 576
62 15 278
62 16 499
62 17 489
62 18 916
62 19 242
62 20 205
62 21 348
62 22 740
62 23 439
62 24 629
62 25 245
62 26 904
62 27 634
62 28 144
62 29 315
62 31 366
62 32 855
62 33 480
62 34 423
62 35 778
62 36 805
62 37 610
62 38 949
62 39 387
62 40 11
62 41 474
62 42 128
62 43 738
62 44 933
62 45 253
62 46 313
62 47 210
62 48 104
62 49 802
62 50 478
62 51 345
62 52 6
62 53 177
62 55 436
62 56 796
62 57 805
62 58 32
62 59 699
62 60 790
62 63 175
62 64 13
63 1 507
63 2 29
63 3 845
63 4 930
63 5 806
63 6 1
63 7 891
63 8 755
63 9 388
63 10 253
63 11 580
63 12 867
63 13 990
63 14 512
63 15 472
63 16 655
63 17 73
63 18 575
63 19 456
63 20 902
63 21 271
63 22 813
63 23 78
63 24 58
63 25 608
63 26 234
63 27 89
63 28 659
63 29 375
63 30 263
63 31 23
63 32 882
63 33 291
63 34 219
63 35 163
63 36 449
63 37 220
63 38 405
63 39 555
63 40 959
63 41 657
63 42 134
63 43 825
63 44 998
63 45 997
63 46 296
63 48 652
63 49 69
63 50 222
63 51 459
63 52 323
63 53 844
63 54 623
63 55 400
63 56 901
63 57 231
63 58 634
63 60 341
63 61 241
63 62 360
64 1 603
64 2 263
64 3 241
64 4 246
64 5 482
64 6 755
64 7 46
64 8 53
64 9 159
64 10 600
64 11 11
64 12 815
64 13 733
64 14 835
64 15 165
64 16 729
64 17 483
64 18 816
64 19 149
64 20 704
64 21 627
64 22 471
64 23 548
64 24 249
64 25 223
64 26 800
64 27 831
64 28 208
64 29 141
64 30 71
64 31 567
64 33 95
64 34 686
64 35 808
64 36 692
64 37 519
64 38 914
64 39 737
64 40 571
64 41 73
64 42 336
64 43 581
64 44 239
64 45 420
64 46 767
64 47 403
64 48 500
64 49 249
64 50 571
64 51 649
64 52 953
64 53 197
64 54 471
64 55 852
64 57 797
64 58 693
64 59 651
64 60 628
64 61 900
64 63 143

END
