INSTANCE_NAME bipe2p.dat
NB_VERTICES 550
NB_ARCS 5013
NB_REQUESTS 0
NB_BLOCKAGES 4010
NB_TERMINALS 50

VERTICES
1 0 0
2 0 0
3 0 0
4 0 0
5 0 0
6 0 0
7 0 0
8 0 0
9 0 0
10 0 0
11 0 0
12 0 0
13 0 0
14 0 0
15 0 0
16 0 0
17 0 0
18 0 0
19 0 0
20 0 0
21 0 0
22 0 0
23 0 0
24 0 0
25 0 0
26 0 0
27 0 0
28 0 0
29 0 0
30 0 0
31 0 0
32 0 0
33 0 0
34 0 0
35 0 0
36 0 0
37 0 0
38 0 0
39 0 0
40 0 0
41 0 0
42 0 0
43 0 0
44 0 0
45 0 0
46 0 0
47 0 0
48 0 0
49 0 0
50 0 0
51 0 0
52 0 0
53 0 0
54 0 0
55 0 0
56 0 0
57 0 0
58 0 0
59 0 0
60 0 0
61 0 0
62 0 0
63 0 0
64 0 0
65 0 0
66 0 0
67 0 0
68 0 0
69 0 0
70 0 0
71 0 0
72 0 0
73 0 0
74 0 0
75 0 0
76 0 0
77 0 0
78 0 0
79 0 0
80 0 0
81 0 0
82 0 0
83 0 0
84 0 0
85 0 0
86 0 0
87 0 0
88 0 0
89 0 0
90 0 0
91 0 0
92 0 0
93 0 0
94 0 0
95 0 0
96 0 0
97 0 0
98 0 0
99 0 0
100 0 0
101 0 0
102 0 0
103 0 0
104 0 0
105 0 0
106 0 0
107 0 0
108 0 0
109 0 0
110 0 0
111 0 0
112 0 0
113 0 0
114 0 0
115 0 0
116 0 0
117 0 0
118 0 0
119 0 0
120 0 0
121 0 0
122 0 0
123 0 0
124 0 0
125 0 0
126 0 0
127 0 0
128 0 0
129 0 0
130 0 0
131 0 0
132 0 0
133 0 0
134 0 0
135 0 0
136 0 0
137 0 0
138 0 0
139 0 0
140 0 0
141 0 0
142 0 0
143 0 0
144 0 0
145 0 0
146 0 0
147 0 0
148 0 0
149 0 0
150 0 0
151 0 0
152 0 0
153 0 0
154 0 0
155 0 0
156 0 0
157 0 0
158 0 0
159 0 0
160 0 0
161 0 0
162 0 0
163 0 0
164 0 0
165 0 0
166 0 0
167 0 0
168 0 0
169 0 0
170 0 0
171 0 0
172 0 0
173 0 0
174 0 0
175 0 0
176 0 0
177 0 0
178 0 0
179 0 0
180 0 0
181 0 0
182 0 0
183 0 0
184 0 0
185 0 0
186 0 0
187 0 0
188 0 0
189 0 0
190 0 0
191 0 0
192 0 0
193 0 0
194 0 0
195 0 0
196 0 0
197 0 0
198 0 0
199 0 0
200 0 0
201 0 0
202 0 0
203 0 0
204 0 0
205 0 0
206 0 0
207 0 0
208 0 0
209 0 0
210 0 0
211 0 0
212 0 0
213 0 0
214 0 0
215 0 0
216 0 0
217 0 0
218 0 0
219 0 0
220 0 0
221 0 0
222 0 0
223 0 0
224 0 0
225 0 0
226 0 0
227 0 0
228 0 0
229 0 0
230 0 0
231 0 0
232 0 0
233 0 0
234 0 0
235 0 0
236 0 0
237 0 0
238 0 0
239 0 0
240 0 0
241 0 0
242 0 0
243 0 0
244 0 0
245 0 0
246 0 0
247 0 0
248 0 0
249 0 0
250 0 0
251 0 0
252 0 0
253 0 0
254 0 0
255 0 0
256 0 0
257 0 0
258 0 0
259 0 0
260 0 0
261 0 0
262 0 0
263 0 0
264 0 0
265 0 0
266 0 0
267 0 0
268 0 0
269 0 0
270 0 0
271 0 0
272 0 0
273 0 0
274 0 0
275 0 0
276 0 0
277 0 0
278 0 0
279 0 0
280 0 0
281 0 0
282 0 0
283 0 0
284 0 0
285 0 0
286 0 0
287 0 0
288 0 0
289 0 0
290 0 0
291 0 0
292 0 0
293 0 0
294 0 0
295 0 0
296 0 0
297 0 0
298 0 0
299 0 0
300 0 0
301 0 0
302 0 0
303 0 0
304 0 0
305 0 0
306 0 0
307 0 0
308 0 0
309 0 0
310 0 0
311 0 0
312 0 0
313 0 0
314 0 0
315 0 0
316 0 0
317 0 0
318 0 0
319 0 0
320 0 0
321 0 0
322 0 0
323 0 0
324 0 0
325 0 0
326 0 0
327 0 0
328 0 0
329 0 0
330 0 0
331 0 0
332 0 0
333 0 0
334 0 0
335 0 0
336 0 0
337 0 0
338 0 0
339 0 0
340 0 0
341 0 0
342 0 0
343 0 0
344 0 0
345 0 0
346 0 0
347 0 0
348 0 0
349 0 0
350 0 0
351 0 0
352 0 0
353 0 0
354 0 0
355 0 0
356 0 0
357 0 0
358 0 0
359 0 0
360 0 0
361 0 0
362 0 0
363 0 0
364 0 0
365 0 0
366 0 0
367 0 0
368 0 0
369 0 0
370 0 0
371 0 0
372 0 0
373 0 0
374 0 0
375 0 0
376 0 0
377 0 0
378 0 0
379 0 0
380 0 0
381 0 0
382 0 0
383 0 0
384 0 0
385 0 0
386 0 0
387 0 0
388 0 0
389 0 0
390 0 0
391 0 0
392 0 0
393 0 0
394 0 0
395 0 0
396 0 0
397 0 0
398 0 0
399 0 0
400 0 0
401 0 0
402 0 0
403 0 0
404 0 0
405 0 0
406 0 0
407 0 0
408 0 0
409 0 0
410 0 0
411 0 0
412 0 0
413 0 0
414 0 0
415 0 0
416 0 0
417 0 0
418 0 0
419 0 0
420 0 0
421 0 0
422 0 0
423 0 0
424 0 0
425 0 0
426 0 0
427 0 0
428 0 0
429 0 0
430 0 0
431 0 0
432 0 0
433 0 0
434 0 0
435 0 0
436 0 0
437 0 0
438 0 0
439 0 0
440 0 0
441 0 0
442 0 0
443 0 0
444 0 0
445 0 0
446 0 0
447 0 0
448 0 0
449 0 0
450 0 0
451 0 0
452 0 0
453 0 0
454 0 0
455 0 0
456 0 0
457 0 0
458 0 0
459 0 0
460 0 0
461 0 0
462 0 0
463 0 0
464 0 0
465 0 0
466 0 0
467 0 0
468 0 0
469 0 0
470 0 0
471 0 0
472 0 0
473 0 0
474 0 0
475 0 0
476 0 0
477 0 0
478 0 0
479 0 0
480 0 0
481 0 0
482 0 0
483 0 0
484 0 0
485 0 0
486 0 0
487 0 0
488 0 0
489 0 0
490 0 0
491 0 0
492 0 0
493 0 0
494 0 0
495 0 0
496 0 0
497 0 0
498 0 0
499 0 0
500 0 0
501 0 0
502 0 0
503 0 0
504 0 0
505 0 0
506 0 0
507 0 0
508 0 0
509 0 0
510 0 0
511 0 0
512 0 0
513 0 0
514 0 0
515 0 0
516 0 0
517 0 0
518 0 0
519 0 0
520 0 0
521 0 0
522 0 0
523 0 0
524 0 0
525 0 0
526 0 0
527 0 0
528 0 0
529 0 0
530 0 0
531 0 0
532 0 0
533 0 0
534 0 0
535 0 0
536 0 0
537 0 0
538 0 0
539 0 0
540 0 0
541 0 0
542 0 0
543 0 0
544 0 0
545 0 0
546 0 0
547 0 0
548 0 0
549 0 0
550 0 0

ARCS
501 3 101
3 502 109
502 10 102
10 504 110
504 9 108
9 503 107
503 5 107
5 506 101
506 12 105
12 503 109
503 6 105
6 514 110
514 2 110
2 505 104
505 7 110
7 508 105
508 1 108
1 509 109
509 2 107
2 507 109
507 3 102
3 510 103
510 4 102
4 501 108
501 13 105
13 504 109
504 26 109
26 511 106
511 1 109
1 512 110
512 9 105
9 505 106
505 10 103
10 507 105
507 11 109
11 510 109
510 12 109
12 512 104
512 11 103
11 514 101
514 3 103
3 513 104
513 1 105
1 515 107
515 4 105
4 509 105
509 18 104
18 502 101
502 25 107
25 505 103
505 13 101
13 510 102
510 16 110
16 501 108
501 15 105
15 505 108
505 14 110
14 503 105
503 27 103
27 507 103
507 15 109
15 512 108
512 14 110
14 513 104
513 2 105
2 508 103
508 8 109
8 517 101
517 5 107
5 511 104
511 16 105
16 505 105
505 18 101
18 514 109
514 4 109
4 513 105
513 7 109
7 515 109
515 5 102
5 514 102
514 16 107
16 508 101
508 23 107
23 505 102
505 20 105
20 507 101
507 17 108
17 506 108
506 19 101
19 507 110
507 21 104
21 511 104
511 19 107
19 512 102
512 21 109
21 516 101
516 2 101
2 518 104
518 1 108
1 525 107
525 3 103
3 519 107
519 6 106
6 516 105
516 7 102
7 520 109
520 13 101
13 515 104
515 18 106
18 516 109
516 12 109
12 517 101
517 6 104
6 522 103
522 3 106
3 523 105
523 2 103
2 521 109
521 4 101
4 518 108
518 10 103
10 526 107
526 1 110
1 527 102
527 2 107
2 531 103
531 1 108
1 532 102
532 7 110
7 521 101
521 5 106
5 522 103
522 11 105
11 517 102
517 13 103
13 523 106
523 4 110
4 528 109
528 5 109
5 523 106
523 6 103
6 527 108
527 8 104
8 519 101
519 9 105
9 523 107
523 7 102
7 528 105
528 6 104
6 529 105
529 7 109
7 533 104
533 1 108
1 534 109
534 2 103
2 535 102
535 4 102
4 531 104
531 3 110
3 526 104
526 5 103
5 525 105
525 15 110
15 523 104
523 16 103
16 513 105
513 19 108
19 514 108
514 26 107
26 512 106
512 31 110
31 501 108
501 30 101
30 504 102
504 29 104
29 503 103
503 34 104
34 501 110
501 32 106
32 506 105
506 22 107
22 515 107
515 20 109
20 509 109
509 28 110
28 506 101
506 30 102
30 507 105
507 23 101
23 510 108
510 20 104
20 518 109
518 19 109
19 517 101
517 17 101
17 521 104
521 11 101
11 519 103
519 14 101
14 521 108
521 18 103
18 522 101
522 12 108
12 531 104
531 9 110
9 524 105
524 8 110
8 528 101
528 10 105
10 527 101
527 16 101
16 519 103
519 25 105
25 511 104
511 24 109
24 507 107
507 31 109
31 508 109
508 30 109
30 509 104
509 33 110
33 505 107
505 38 106
38 504 102
504 34 104
34 508 107
508 44 105
44 504 105
504 43 109
43 506 108
506 38 109
38 511 110
511 29 107
29 510 107
510 24 108
24 520 101
520 22 105
22 516 104
516 23 103
23 515 108
515 26 102
26 513 107
513 25 105
25 518 103
518 22 104
22 526 103
526 13 109
13 524 101
524 14 103
14 522 105
522 20 101
20 526 109
526 19 110
19 532 104
532 8 109
8 529 105
529 9 105
9 535 106
535 7 107
7 542 106
542 2 108
2 536 109
536 5 108
5 534 110
534 6 105
6 537 104
537 13 101
13 530 109
530 14 102
14 529 108
529 10 105
10 532 108
532 12 107
12 535 109
535 15 103
15 532 107
532 23 105
23 518 107
518 29 106
29 517 105
517 35 106
35 511 103
511 34 104
34 521 104
521 24 110
24 524 107
524 17 102
17 529 107
529 11 105
11 531 107
531 17 106
17 530 108
530 18 104
18 528 101
528 20 107
20 529 104
529 21 104
21 523 104
523 25 103
25 520 108
520 27 105
27 513 110
513 30 108
30 515 108
515 27 108
27 521 107
521 26 109
26 519 103
519 29 104
29 525 108
525 21 109
21 526 107
526 23 101
23 530 104
530 22 103
22 528 105
528 24 104
24 525 103
525 25 102
25 528 108
528 26 102
26 525 102
525 31 108
31 520 105
520 35 106
35 512 102
512 40 107
40 503 108
503 36 110
36 501 107
501 37 105
37 502 108
502 41 102
41 503 102
503 37 106
37 509 107
509 42 104
42 503 105
503 46 105
46 504 110
504 48 110
48 501 107
501 45 106
45 519 106
519 32 103
32 510 107
510 28 106
28 521 106
521 36 101
36 522 110
522 34 108
34 524 108
524 28 108
28 523 108
523 31 107
31 532 101
532 25 104
25 535 110
535 19 104
19 542 108
542 3 104
3 538 101
538 6 106
6 539 101
539 10 110
10 536 107
536 8 109
8 534 110
534 20 106
20 539 105
539 11 107
11 540 104
540 3 103
3 541 108
541 2 106
2 545 103
545 1 102
1 543 105
543 4 103
4 533 104
533 14 104
14 537 103
537 15 103
15 539 109
539 12 101
12 538 101
538 8 105
8 540 108
540 6 109
6 550 109
550 1 110
1 544 108
544 10 102
10 538 110
538 9 105
9 540 101
540 10 108
10 542 110
542 4 102
4 546 104
546 1 108
1 547 110
547 4 110
4 550 109
550 3 110
3 546 104
546 8 105
8 542 107
542 5 102
5 543 101
543 7 102
7 547 102
547 16 103
16 536 103
536 17 106
17 537 106
537 21 106
21 527 103
527 24 107
24 533 109
533 21 103
21 543 110
543 18 109
18 538 108
538 23 109
23 534 102
534 24 102
24 537 105
537 22 105
22 535 110
535 23 105
23 540 106
540 12 105
12 545 109
545 8 109
8 548 110
548 2 101
548 13 106
13 540 102
540 15 104
15 544 102
544 11 101
11 545 103
545 15 108
15 546 103
546 9 103
9 541 107
541 14 101
14 549 102
549 22 104
22 539 107
539 16 107
16 544 109
544 21 104
21 545 108
545 19 107
19 548 110
548 18 102
18 540 104
540 17 107
17 541 103
541 31 106
31 535 105
535 36 105
36 529 101
529 28 110
28 526 108
526 26 107
26 527 102
527 35 106
35 513 101
513 33 103
33 510 103
510 37 101
37 515 103
515 40 102
40 506 108
506 41 109
41 507 102
507 42 110
42 506 109
506 48 105
48 512 102
512 46 107
46 507 109
507 43 101
43 514 106
514 32 104
32 518 104
518 37 105
37 528 110
528 28 109
28 532 102
532 33 101
33 514 109
514 35 103
35 516 108
516 40 109
40 511 107
511 39 102
39 517 101
517 42 107
42 514 107
514 41 101
41 510 109
510 44 110
44 509 107
509 46 103
46 510 104
510 56 109
56 503 103
503 55 102
55 504 108
504 54 108
54 507 105
507 49 108
49 501 104
501 57 105
57 502 103
502 49 102
49 508 107
508 51 104
51 505 110
505 59 107
59 501 108
501 60 107
60 510 103
510 61 107
61 501 109
501 64 110
64 504 105
504 57 105
57 506 109
506 52 108
52 502 101
502 61 108
61 511 101
511 51 102
51 515 106
515 41 101
41 525 108
525 32 109
32 528 102
528 29 110
29 526 110
526 34 108
34 531 104
531 37 106
37 530 107
530 27 110
27 533 106
533 32 107
32 534 102
534 36 103
36 537 108
537 28 103
28 536 110
536 33 103
33 529 105
529 29 109
29 537 101
537 33 109
33 539 105
539 24 103
24 544 103
544 22 105
22 545 104
545 20 101
20 542 106
542 9 102
9 550 106
550 12 110
550 14 110
550 15 110
550 16 104
550 19 109
550 21 106
550 22 105
550 25 104
25 540 101
540 31 107
31 538 106
538 27 107
27 542 105
542 17 103
17 546 104
546 11 107
546 13 109
546 18 103
546 27 101
27 544 110
544 26 103
26 547 102
547 17 101
547 23 105
547 24 110
547 32 102
32 548 108
548 20 102
548 25 104
548 26 105
548 27 103
27 545 109
545 29 108
29 543 103
543 28 108
28 539 105
539 34 110
34 538 101
538 37 103
37 546 105
546 30 101
30 524 101
524 39 105
39 519 103
519 43 105
43 515 105
515 48 107
48 513 104
513 40 109
40 520 102
520 42 103
42 525 110
525 39 102
39 526 104
526 35 105
35 536 102
536 40 110
40 530 106
530 39 110
39 528 107
528 30 103
30 543 102
543 36 104
36 540 105
540 39 103
39 535 110
535 43 103
43 521 104
521 48 105
48 522 103
522 50 108
50 507 104
507 52 109
52 508 102
508 53 104
53 513 105
513 44 105
44 518 102
518 38 108
38 527 105
527 46 103
46 524 104
524 43 109
43 532 107
532 40 106
40 539 108
539 43 103
43 542 101
542 31 105
31 545 106
545 33 103
33 542 107
542 41 101
41 533 104
533 44 106
44 519 107
519 47 110
47 516 110
516 49 109
49 513 102
513 52 109
52 518 110
518 51 106
51 523 102
523 47 109
47 525 101
525 44 109
44 520 101
520 45 106
45 526 107
526 46 101
46 525 106
525 49 106
49 514 110
514 53 108
53 516 109
516 58 104
58 503 110
503 59 106
59 507 101
507 58 108
58 511 109
511 59 106
59 514 109
514 54 105
54 512 104
512 50 104
50 515 104
515 56 106
56 509 101
509 57 110
57 518 102
518 53 108
53 517 104
517 59 108
59 515 104
515 62 109
62 505 103
505 65 104
65 501 109
501 66 105
66 505 106
505 67 101
67 502 110
502 65 106
65 506 102
506 66 104
66 508 108
508 63 101
63 503 105
503 74 107
74 502 107
502 69 106
69 505 102
505 82 107
82 502 106
502 71 102
71 506 106
506 72 103
72 501 106
501 73 105
73 504 107
504 63 109
63 514 103
514 64 103
64 516 105
516 59 102
59 518 108
518 54 103
54 513 103
513 60 102
60 511 109
511 66 110
66 512 110
512 58 110
58 518 102
518 55 103
55 519 104
519 57 103
57 529 109
529 42 101
42 531 107
531 38 102
38 528 104
528 44 110
44 524 108
524 50 108
50 520 103
520 49 109
49 523 104
523 50 105
50 525 103
525 54 107
54 523 101
523 61 106
61 519 101
519 65 109
65 508 103
508 67 110
67 504 102
504 77 101
77 508 103
508 72 107
72 502 106
502 79 108
79 504 110
504 87 109
87 501 103
501 76 101
76 506 101
506 78 101
78 508 109
508 83 102
83 502 108
502 87 106
87 506 106
506 93 108
93 501 107
501 88 104
88 502 107
502 91 104
91 503 103
503 81 108
81 514 105
514 66 107
66 513 110
513 67 102
67 512 107
512 69 106
69 510 108
510 73 107
73 515 101
515 63 107
63 520 103
520 61 105
61 524 110
524 51 105
51 529 110
529 54 103
54 531 102
531 45 108
45 532 103
532 46 102
46 528 107
528 52 106
52 536 103
536 45 106
45 533 103
533 50 107
50 526 110
526 56 101
56 524 110
524 84 108
84 505 102
505 83 109
83 507 108
507 62 110
62 525 109
525 55 106
55 528 101
528 53 106
53 521 108
521 68 107
68 516 106
516 66 105
66 520 110
520 65 106
65 517 107
517 70 108
70 512 108
512 71 109
71 515 107
515 70 104
70 513 109
513 82 106
82 511 105
511 77 103
77 510 103
510 76 105
76 517 105
517 78 102
78 520 103
520 68 104
68 523 102
523 66 106
66 529 108
529 55 109
55 532 106
532 48 106
48 535 105
535 47 108
47 530 101
530 57 105
57 532 105
532 50 103
50 545 110
545 34 110
34 550 104
550 32 101
32 549 102
549 27 107
549 28 103
549 30 106
30 544 109
544 29 107
544 35 101
35 546 106
546 36 107
36 544 109
544 40 101
40 543 106
543 39 104
39 541 104
541 38 101
38 534 106
534 47 110
47 537 109
537 38 106
38 545 103
545 36 110
36 548 103
548 30 108
548 35 107
35 549 105
549 39 103
39 547 107
547 33 106
33 550 110
550 37 105
37 548 110
548 41 106
41 540 103
540 44 104
44 544 103
544 47 103
47 542 110
542 49 108
49 534 106
534 51 105
51 537 106
537 45 103
45 540 101
540 46 104
46 539 101
539 63 102
63 527 109
527 53 102
53 533 108
533 61 110
61 526 107
526 58 106
58 525 109
525 60 108
60 518 110
518 64 105
64 525 109
525 67 103
67 514 101
514 74 109
74 520 109
520 70 109
70 519 108
519 79 108
79 511 110
511 85 104
85 508 106
508 87 106
87 509 103
509 83 106
83 510 110
510 80 110
80 507 101
507 86 105
86 511 105
511 89 110
89 503 103
503 88 110
88 505 107
505 89 108
89 507 101
507 92 108
92 502 105
502 93 104
93 513 108
513 84 102
84 509 110
509 91 104
91 526 109
526 67 108
67 531 107
531 60 108
60 522 109
522 65 106
65 518 103
518 76 108
76 526 103
526 80 102
80 517 105
517 81 106
81 515 107
515 72 104
72 516 104
516 75 102
75 514 105
514 86 105
86 515 106
515 92 107
92 516 106
516 77 104
77 520 108
520 80 104
80 530 103
530 62 110
62 533 107
533 68 107
68 525 103
525 71 106
71 521 108
521 69 102
69 527 108
527 61 110
61 532 105
532 54 106
54 543 107
543 41 105
41 541 104
541 55 110
55 538 102
538 48 110
48 536 108
536 53 103
53 538 105
538 51 105
51 542 105
542 52 110
52 538 103
538 56 102
56 532 103
532 58 109
58 529 101
529 64 104
64 528 106
528 70 105
70 523 107
523 72 101
72 525 104
525 77 108
77 534 103
534 61 108
534 68 107
68 530 108
530 63 106
63 531 109
531 74 108
74 529 110
529 69 101
69 530 101
530 73 108
73 521 104
521 75 101
75 523 102
523 84 104
84 520 103
520 88 105
88 514 109
514 89 103
89 508 103
508 95 108
95 501 108
501 98 103
98 508 104
508 97 109
97 506 109
506 99 104
99 505 109
505 113 102
113 502 101
502 102 105
102 503 102
503 95 102
95 504 104
504 96 107
96 503 103
503 100 110
100 504 108
504 116 101
116 501 101
501 106 108
106 506 104
506 109 104
109 501 102
501 112 102
112 503 109
503 103 110
103 511 110
511 99 110
99 513 106
513 89 101
89 510 105
510 90 110
90 512 102
512 82 110
82 517 110
517 90 101
90 514 101
514 94 105
94 509 102
509 105 102
105 502 104
502 107 104
107 503 103
503 105 104
105 520 109
520 89 105
89 530 103
530 75 109
75 527 101
527 70 104
70 534 110
534 76 109
76 531 103
531 75 110
75 533 103
533 72 106
72 527 107
527 71 103
71 522 109
522 73 101
73 527 110
527 81 109
81 518 101
518 85 108
85 523 103
523 88 110
88 525 105
525 78 105
78 528 104
528 82 103
82 519 105
519 107 109
107 508 103
508 101 102
101 510 107
510 94 110
94 513 108
513 98 103
98 514 103
514 96 101
96 510 110
510 102 110
102 515 106
515 94 108
94 517 108
517 92 106
92 531 108
531 79 106
79 516 106
516 83 101
83 522 107
522 81 101
81 530 104
530 78 109
78 529 106
529 71 102
71 537 108
537 49 106
49 546 104
546 42 106
42 545 105
545 45 106
45 546 108
546 43 110
43 550 110
550 38 103
38 547 102
547 45 107
45 549 102
549 42 105
42 550 110
550 47 109
47 547 110
547 48 108
48 549 107
549 47 103
47 548 103
548 50 105
50 549 109
549 52 108
52 543 101
543 58 108
58 545 107
545 51 102
51 547 102
547 52 107
52 544 109
544 60 104
60 532 110
532 67 109
67 543 101
543 60 101
60 535 105
535 56 108
56 536 105
536 82 105
82 538 106
538 57 105
57 540 102
540 55 110
55 546 103
546 62 108
62 535 103
535 65 102
65 538 110
538 75 109
75 540 109
540 56 108
56 547 109
547 53 107
53 542 108
542 59 106
59 541 104
541 68 107
68 532 102
532 69 103
69 541 108
541 74 102
74 539 102
539 85 110
85 529 101
529 73 105
73 543 105
543 62 107
62 542 103
542 63 108
63 537 106
537 64 105
64 543 103
543 66 104
543 68 109
68 535 105
535 76 104
76 538 101
538 78 106
78 537 110
537 79 106
79 525 107
525 84 109
84 526 106
526 86 101
86 516 104
516 100 102
100 511 104
511 101 108
101 512 105
512 97 101
97 507 106
507 104 102
104 510 104
510 108 109
108 502 103
502 111 110
111 510 102
510 110 108
110 507 105
507 117 110
117 510 104
510 115 109
115 511 104
511 104 109
104 513 103
513 101 108
101 530 109
530 84 106
84 540 101
540 71 106
71 545 102
545 54 107
545 59 104
545 60 107
545 62 101
62 544 101
544 64 104
64 548 107
548 62 102
548 69 104
69 542 106
542 74 108
74 543 108
543 70 104
70 545 103
545 72 106
72 546 108
546 70 102
546 75 109
75 549 102
549 55 108
549 56 104
549 57 105
549 58 108
549 64 110
549 65 107
549 73 105
73 544 108
544 74 104
74 549 103
549 79 108
79 529 110
529 87 102
87 518 103
518 90 108
90 532 105
532 80 106
80 533 105
533 87 104
87 527 109
527 88 105
88 534 109
534 79 109
79 538 109
538 91 106
91 531 103
531 94 103
94 523 103
523 99 102
99 535 110
535 83 109
83 528 103
528 86 102
86 522 106
522 96 101
96 526 102
526 103 103
103 515 108
515 100 106
100 517 101
517 102 106
102 516 101
516 104 109
104 522 110
522 97 107
97 520 107
520 102 109
102 518 101
518 98 108
98 521 107
521 106 102
106 515 108
515 110 105
110 516 109
516 116 102
116 515 103
515 112 110
112 508 110
508 108 110
108 513 110
513 109 104
109 523 101
523 107 103
107 518 107
518 103 103
103 525 108
525 93 110
93 528 102
528 106 108
106 520 103
520 108 103
108 514 108
514 111 109
111 511 107
511 112 109
112 509 109
509 113 102
113 518 102
518 110 106
110 517 105
517 114 107
114 503 101
503 121 103
121 505 104
505 114 104
114 508 104
508 118 101
118 507 106
507 119 110
119 501 101
501 130 109
130 504 104
504 124 109
124 503 105
503 125 101
125 502 106
502 119 108
119 511 108
511 117 109
117 512 106
512 112 108
112 519 107
519 111 104
111 518 102
518 121 108
121 508 107
508 127 104
127 503 109
503 128 102
128 507 105
507 127 105
127 509 109
509 118 110
118 519 106
519 119 101
119 512 107
512 115 109
115 517 101
517 125 106
125 504 110
504 129 106
129 515 109
515 121 109
121 512 105
512 123 101
123 505 108
505 124 101
124 510 102
510 122 109
122 518 106
518 125 104
125 511 107
511 124 107
124 513 107
513 114 101
114 520 103
520 112 107
112 545 102
545 79 105
545 80 102
80 537 106
537 81 102
81 534 105
534 85 101
85 532 107
532 83 106
83 545 101
545 91 105
91 534 109
534 90 101
90 533 108
533 95 104
95 531 109
531 111 105
111 521 103
521 113 109
113 520 110
520 116 110
116 521 104
521 122 106
122 524 101
524 86 109
86 532 109
532 87 103
87 549 107
549 91 101
91 541 101
541 81 106
81 544 106
544 76 106
76 542 101
542 77 106
77 544 106
544 80 101
80 542 106
542 84 107
84 546 103
546 77 107
77 548 110
548 78 102
78 546 103
546 81 101
546 90 102
90 540 102
540 98 108
98 525 109
525 107 110
107 527 106
527 108 105
108 529 103
529 93 109
93 530 106
530 104 101
104 524 105
524 106 102
106 536 106
536 85 109
85 541 107
541 82 110
82 543 109
543 80 107
543 89 105
89 532 103
532 97 103
97 537 110
537 88 108
88 541 103
541 86 107
86 542 110
542 85 108
85 544 106
544 90 109
90 541 104
541 93 108
93 542 108
542 89 105
542 91 104
91 544 101
544 92 106
92 534 103
534 100 109
100 529 110
529 98 110
98 533 103
533 96 102
96 538 105
538 94 103
94 539 103
539 92 108
92 535 101
535 101 107
101 539 106
539 96 103
96 542 104
542 97 106
97 538 110
538 95 102
95 536 109
536 92 110
92 547 108
547 68 103
547 69 103
547 71 103
547 72 103
547 76 102
547 78 109
547 83 101
547 85 109
547 86 107
547 90 102
547 95 107
95 537 106
537 105 107
105 522 109
522 116 104
116 525 103
525 110 106
110 527 103
527 111 110
111 530 105
530 109 102
109 528 101
528 110 109
110 542 102
542 99 101
99 536 102
536 103 109
103 532 101
532 104 103
104 534 107
534 102 101
102 541 102
541 95 103
95 548 105
548 84 101
548 92 107
548 97 110
97 550 101
550 63 107
550 67 104
550 73 106
550 74 104
550 75 106
550 77 108
550 82 105
550 87 104
550 88 108
550 91 104
550 101 102
101 540 106
540 100 101
100 533 103
533 117 104
117 520 105
520 124 109
124 531 104
531 119 110
119 524 110
524 115 106
115 525 101
525 118 110
118 527 106
527 122 110
122 532 109
532 115 108
115 528 110
528 113 109
113 529 105
529 105 101
105 534 102
534 125 108
125 520 102
520 129 102
129 523 110
523 121 105
121 519 107
519 127 108
127 511 107
511 132 108
132 507 107
507 133 107
133 510 107
510 123 108
123 516 101
516 133 108
133 514 105
514 120 103
120 506 107
506 138 105
138 508 108
508 132 108
132 509 101
509 126 109
126 510 101
510 140 108
140 502 108
502 136 110
136 501 104
501 131 110
131 513 102
513 138 109
138 511 103
511 135 102
135 509 109
509 128 106
128 517 109
517 131 104
131 514 105
514 135 106
135 516 110
516 134 108
134 505 104
505 137 103
137 507 103
507 136 109
136 511 103
511 141 109
141 502 110
502 143 109
143 507 102
507 141 108
141 508 104
508 134 107
134 509 101
509 140 106
140 508 107
508 139 104
139 513 103
513 146 101
146 507 106
507 149 106
149 508 105
508 151 110
151 501 110
501 152 102
152 503 104
503 148 109
148 516 110
516 138 102
138 522 110
522 117 103
117 529 108
529 118 104
118 532 104
532 117 101
117 538 105
538 104 110
104 542 106
542 101 108
101 541 105
541 99 108
99 539 105
539 105 107
105 535 104
535 113 106
113 537 109
537 118 102
118 536 104
536 107 106
107 540 102
540 103 101
103 543 107
543 93 104
93 549 102
549 94 109
94 546 107
546 96 104
96 544 101
544 106 110
106 541 108
541 107 106
107 548 101
548 98 101
98 549 106
549 103 105
103 545 102
545 102 110
102 542 103
542 116 110
116 528 103
528 123 102
123 522 109
522 120 104
120 526 101
526 125 107
125 521 104
521 131 109
131 518 107
518 126 105
126 525 106
525 128 110
128 523 107
523 127 110
127 535 106
535 120 102
120 533 103
533 124 110
124 540 101
540 108 108
108 541 109
541 109 104
109 540 102
540 115 105
115 543 102
543 100 110
100 548 109
548 105 103
105 550 101
550 110 110
110 548 103
548 106 105
106 547 106
547 99 106
99 546 103
546 108 105
108 547 107
547 115 104
115 549 106
549 109 102
109 543 103
543 113 101
113 539 101
539 119 101
119 537 102
537 120 104
120 539 109
539 121 110
121 531 104
531 123 103
123 524 102
524 129 106
129 525 105
525 131 106
131 537 107
537 129 103
129 533 103
533 126 108
126 531 104
531 132 107
132 515 107
515 139 103
139 516 106
516 145 101
145 512 108
512 142 103
142 506 104
506 151 103
151 519 104
519 130 109
130 518 101
518 134 108
134 523 104
523 132 108
132 522 108
522 136 109
136 520 101
520 137 105
137 514 105
514 143 103
143 518 110
518 139 109
139 531 109
531 134 106
134 528 107
528 132 102
132 526 110
526 130 110
130 529 105
529 140 106
140 515 108
515 149 110
149 511 104
511 156 109
156 503 107
503 153 104
153 501 104
501 164 103
164 503 105
503 158 101
158 509 108
509 144 109
144 512 103
512 153 106
153 505 104
505 147 110
147 510 103
510 146 101
146 518 105
518 145 101
145 514 108
514 153 104
153 507 105
507 150 108
150 513 104
513 147 103
147 517 110
517 142 105
142 524 102
524 140 101
140 519 110
519 133 102
133 525 101
525 135 102
135 521 101
521 141 109
141 522 101
522 144 106
144 520 105
520 143 109
143 526 106
526 133 104
133 527 102
527 137 103
137 519 104
519 146 101
146 521 102
521 148 108
148 517 102
517 157 106
157 504 106
504 152 110
152 506 110
506 156 101
156 507 101
507 171 106
171 505 103
505 155 104
155 509 109
509 154 110
154 504 105
504 173 108
173 501 110
501 166 110
166 505 109
505 157 110
157 508 109
508 165 109
165 502 110
502 160 102
160 506 106
506 163 101
163 513 103
513 155 101
155 514 102
514 157 104
157 521 104
521 152 109
152 523 103
523 147 104
147 520 105
520 150 109
150 526 108
526 142 105
142 534 105
534 128 103
128 535 103
535 122 101
122 538 105
538 114 105
114 530 103
530 135 101
135 531 103
531 136 103
136 525 106
525 144 104
144 529 109
529 146 102
146 526 102
526 145 105
145 524 101
524 147 107
147 526 110
526 148 108
148 524 106
524 149 101
149 519 104
519 153 103
153 528 103
528 136 107
136 539 101
539 126 105
126 535 110
535 137 108
137 534 101
534 130 101
130 539 108
539 127 106
127 541 105
541 111 103
111 536 108
536 116 105
116 540 107
540 120 107
120 542 109
542 118 105
118 544 102
544 109 105
109 546 102
546 112 108
112 548 104
548 121 108
121 543 101
543 117 107
117 550 108
550 114 107
114 541 109
541 123 102
123 532 103
532 139 108
139 535 102
535 138 104
138 536 105
536 135 110
135 540 108
540 122 104
122 542 108
542 123 106
123 547 109
547 122 101
122 544 107
544 119 101
119 545 102
545 114 104
114 546 102
546 124 107
124 543 105
543 120 105
120 544 104
544 129 101
129 540 105
540 126 108
126 538 103
538 138 105
138 541 107
541 142 103
142 538 103
538 143 108
143 528 102
528 141 106
141 543 104
543 127 109
127 548 103
548 129 110
129 547 105
547 130 101
130 544 105
544 131 107
131 539 107
539 132 103
132 537 102
537 133 105
133 542 109
542 126 101
126 549 109
549 128 109
128 540 105
540 131 108
131 545 105
545 125 103
125 550 104
550 133 106
133 545 103
545 128 102
128 543 101
543 134 108
134 533 106
533 150 104
150 534 109
534 145 105
145 525 105
525 148 105
148 536 105
536 144 106
144 531 104
531 151 102
151 525 110
525 154 104
154 512 110
512 156 110
156 518 110
518 155 108
155 523 103
523 149 101
149 526 102
526 155 104
155 533 102
533 154 110
154 520 102
520 162 107
162 502 102
502 185 110
185 501 107
501 170 102
170 508 103
508 174 104
174 506 105
506 166 102
166 516 109
516 169 106
169 506 102
506 167 107
167 505 102
505 162 103
162 519 101
519 158 110
158 514 107
514 167 105
167 509 105
509 161 105
161 503 106
503 177 108
177 505 106
505 173 110
173 509 109
509 164 106
164 511 108
511 175 106
175 501 104
501 179 104
179 506 107
506 168 104
168 510 109
510 159 102
159 513 107
513 165 101
165 509 109
509 169 106
169 514 109
514 168 110
168 512 104
512 170 103
170 510 110
510 160 110
160 517 104
517 158 110
158 521 108
521 154 109
154 527 107
527 168 110
168 520 107
520 163 105
163 518 104
518 174 109
174 519 108
519 165 105
165 525 110
525 159 107
159 528 110
528 157 106
157 522 107
522 158 103
158 529 105
529 147 102
147 530 104
530 145 102
145 539 108
539 137 106
137 540 110
540 139 107
139 537 107
537 140 105
140 535 108
535 147 102
147 547 104
547 134 105
134 550 110
550 139 106
139 539 107
539 148 105
148 537 108
537 143 103
143 541 102
541 144 110
144 546 101
546 137 109
137 547 101
547 136 104
136 544 103
544 135 108
135 545 108
545 130 108
130 549 103
549 142 110
142 543 104
543 138 107
138 548 107
548 141 105
141 544 109
544 142 102
142 547 102
547 143 104
143 544 102
544 150 105
150 536 101
536 146 110
146 543 108
543 151 110
151 532 101
532 156 105
156 536 105
536 159 110
159 532 105
532 163 110
163 521 107
521 162 104
162 522 105
522 161 106
161 510 105
510 178 103
178 505 108
505 180 104
180 509 109
509 171 103
171 506 104
506 181 103
181 503 104
503 183 109
183 504 109
504 175 104
175 513 109
513 167 106
167 523 109
523 162 109
162 538 110
538 156 108
156 544 104
544 151 106
151 535 109
535 149 109
149 530 107
530 152 110
152 524 110
524 157 104
157 538 110
538 161 103
161 524 106
524 164 105
164 521 102
521 170 101
170 524 108
524 172 110
172 509 101
509 183 107
183 517 108
517 176 110
176 507 105
507 177 106
177 512 103
512 173 101
173 527 107
527 170 106
170 530 101
530 158 109
158 545 110
545 141 110
141 546 104
546 146 108
146 547 106
547 144 103
144 550 108
550 140 108
140 540 101
540 149 105
149 546 108
546 150 103
150 540 106
540 151 106
151 549 103
549 150 103
150 545 107
545 160 102
160 526 110
526 166 109
166 522 105
522 169 104
169 523 110
523 164 108
164 529 104
529 167 109
167 536 102
536 165 110
165 528 107
528 178 109
178 514 104
514 172 109
172 513 102
513 171 107
171 529 106
529 177 106
177 519 102
519 175 110
175 525 108
525 161 107
161 530 104
530 160 102
160 534 105
534 154 101
154 535 102
535 163 102
163 531 107
531 172 110
172 523 106
523 168 109
168 530 104
530 166 106
166 525 107
525 176 106
176 513 103
513 182 109
182 507 101
507 192 101
192 501 101
501 184 108
184 506 102
506 194 110
194 501 108
501 188 101
188 502 106
502 191 106
191 512 107
512 182 101
182 510 107
510 179 108
179 511 103
511 186 104
186 508 103
508 187 106
187 505 104
505 188 104
188 508 108
508 200 109
200 504 110
504 185 106
185 509 103
509 186 101
186 512 104
512 189 103
189 501 108
501 193 107
193 505 102
505 200 106
200 506 110
506 209 104
209 502 102
502 196 107
196 501 106
501 195 104
195 507 110
507 212 107
212 503 108
503 201 102
201 501 103
501 210 105
210 502 103
502 206 105
206 512 106
512 192 109
192 514 110
514 184 102
184 515 110
515 178 101
178 517 108
517 182 102
182 520 110
520 178 105
178 523 106
523 190 108
190 509 104
509 188 107
188 517 103
517 185 105
185 518 103
518 176 102
176 526 104
526 181 108
181 520 110
520 179 107
179 515 107
515 190 102
190 513 107
513 186 108
186 535 108
535 164 107
164 538 109
538 171 108
171 535 108
535 168 101
168 534 110
534 155 105
155 540 104
540 152 101
152 548 109
548 148 108
148 547 109
547 154 109
547 156 105
547 157 108
547 159 106
159 534 107
534 172 108
172 535 104
535 169 108
169 537 101
537 153 104
153 541 102
541 159 104
159 544 110
544 153 110
544 155 103
544 160 101
160 541 101
541 162 110
162 539 105
539 170 106
170 543 102
543 167 102
167 545 103
545 163 104
163 537 108
537 179 107
179 535 107
535 173 106
173 538 106
538 177 109
177 524 101
524 181 105
181 521 105
521 184 109
184 525 101
525 183 103
183 530 105
530 175 101
175 527 106
527 181 108
181 528 108
528 182 104
182 522 101
522 189 106
189 509 110
509 199 101
199 504 102
504 203 101
203 503 102
503 205 106
205 505 103
505 204 106
204 504 103
504 208 107
208 512 107
512 199 102
199 519 102
519 190 110
190 516 102
516 180 109
180 530 102
530 177 101
177 531 110
531 180 103
180 532 102
532 165 110
165 548 108
548 161 104
161 544 106
544 174 108
174 539 105
539 173 104
173 542 107
542 145 105
145 550 101
550 152 107
550 159 106
550 160 106
550 167 107
550 169 105
169 541 107
541 163 102
541 175 109
175 536 104
536 172 110
172 542 106
542 174 106
174 543 107
543 176 104
176 534 108
534 180 110
180 535 108
535 178 108
178 545 106
545 166 103
166 532 108
532 191 102
191 513 108
513 194 101
194 510 104
510 197 110
197 513 102
513 195 110
195 518 109
518 198 105
198 513 104
513 204 102
204 510 105
510 211 102
211 502 110
502 207 106
207 508 107
508 202 106
202 511 105
511 201 103
201 514 103
514 187 102
187 517 104
517 191 108
191 519 108
519 196 103
196 520 105
520 197 104
197 522 103
522 190 106
190 528 104
528 185 109
185 531 101
531 196 101
196 525 107
525 189 108
189 514 108
514 198 109
198 516 110
516 203 101
203 509 106
509 205 106
205 512 108
512 203 102
203 514 108
514 205 104
205 513 102
513 211 101
211 506 108
506 213 110
213 501 107
501 214 110
214 505 104
505 209 106
209 503 108
503 223 110
223 506 106
506 215 103
215 502 107
502 218 109
218 504 109
504 210 107
210 511 108
511 207 103
207 509 103
509 212 102
212 519 104
519 198 104
198 517 102
517 205 110
205 532 102
532 193 109
193 525 102
525 194 104
194 533 104
533 187 107
187 524 107
524 191 108
191 528 104
528 195 102
195 527 106
527 182 104
182 539 106
539 183 105
183 541 103
541 179 106
179 543 105
543 183 108
183 542 105
542 188 110
188 521 103
521 198 105
198 524 104
524 208 108
208 515 101
515 202 109
202 525 108
525 198 103
198 530 103
530 181 101
181 536 101
536 192 101
192 526 105
526 189 101
189 538 109
538 194 105
194 534 104
534 188 105
188 540 105
540 176 109
176 546 108
546 161 107
546 162 110
546 164 106
546 166 107
546 178 110
546 184 104
184 529 102
529 190 106
190 533 106
533 193 101
193 526 107
526 197 103
197 527 104
527 187 107
187 535 106
535 192 102
192 527 104
527 199 104
199 526 102
526 200 103
200 518 106
518 217 107
217 501 106
501 216 110
216 508 102
508 220 101
220 505 108
505 227 109
227 502 108
502 219 110
219 504 102
504 221 109
221 508 104
508 223 107
223 509 104
509 221 101
221 511 103
511 213 101
213 510 105
510 214 106
214 512 106
512 221 108
221 521 107
521 204 105
204 516 106
516 208 103
208 520 106
520 201 104
201 519 106
519 200 109
200 522 102
522 201 104
201 531 107
531 199 106
199 538 106
538 195 105
195 537 103
537 187 106
187 539 105
539 186 102
186 543 101
543 189 108
189 548 106
548 169 102
548 199 106
199 542 106
542 194 106
194 536 109
536 202 104
202 527 102
527 206 106
206 521 101
521 209 105
209 523 101
523 200 110
200 532 110
532 215 101
215 516 105
516 216 106
216 514 102
514 241 105
241 502 101
502 222 102
222 510 107
510 228 103
228 502 104
502 225 105
225 501 107
501 226 102
226 509 109
509 229 106
229 503 109
503 235 101
235 506 106
506 220 103
220 519 109
519 214 102
214 513 106
513 218 106
218 507 109
507 217 106
217 523 103
523 204 109
204 534 107
534 196 102
196 544 104
544 180 108
180 540 107
540 192 104
192 543 103
543 191 110
191 529 110
529 193 102
193 535 109
535 211 102
211 515 109
515 216 110
216 517 101
517 219 101
219 525 101
525 203 109
203 522 109
522 206 110
206 530 103
530 184 109
184 545 101
545 171 104
171 549 107
549 158 109
549 165 103
549 168 104
549 172 108
549 174 101
174 545 107
545 185 109
185 547 105
547 181 110
547 188 101
547 197 105
197 529 102
529 211 105
211 521 105
521 214 102
214 530 103
530 197 105
197 534 103
534 211 109
211 533 105
533 206 110
206 540 107
540 194 106
540 197 110
540 204 109
204 536 104
536 207 105
207 530 105
530 212 105
212 529 104
529 227 107
227 507 106
507 232 104
232 501 108
501 240 107
240 502 107
502 232 108
232 506 107
506 236 103
236 502 107
502 238 109
238 506 103
506 239 109
239 502 101
502 243 109
243 505 106
505 239 103
239 520 106
520 223 105
223 523 106
523 208 103
208 522 108
522 221 103
221 528 104
528 209 110
209 525 101
525 210 109
210 528 110
528 215 102
215 524 102
524 230 108
230 508 107
508 241 105
241 504 104
504 225 104
225 517 109
517 230 110
230 520 102
520 224 108
224 521 106
521 222 101
222 512 102
512 231 103
231 511 110
511 233 110
233 509 102
509 240 108
240 523 107
523 224 101
224 525 102
525 223 109
223 528 109
528 216 108
216 538 106
538 205 107
205 545 102
545 202 110
202 543 101
543 216 101
216 546 104
546 186 102
186 544 105
544 183 110
544 192 104
544 195 107
195 539 104
539 201 104
201 541 108
541 182 105
541 190 101
541 191 107
541 193 102
193 546 103
546 195 103
546 196 102
196 549 105
549 175 104
549 176 106
549 177 104
549 179 103
549 180 107
549 184 108
549 185 108
549 186 108
549 201 110
549 207 107
207 538 101
538 209 103
209 527 109
527 208 103
208 545 110
545 217 103
217 527 110
527 219 108
219 532 108
532 217 104
217 528 107
528 224 106
224 527 105
527 226 105
226 523 106
523 234 109
234 510 103
510 252 110
252 506 108
506 244 110
244 508 109
508 248 103
248 501 106
501 246 110
246 505 110
505 248 101
248 506 110
506 253 107
253 502 109
502 245 106
245 504 110
504 229 109
229 519 102
519 225 109
225 525 110
525 227 110
227 515 106
515 234 103
234 517 102
517 233 107
233 529 106
529 228 104
228 513 105
513 236 102
236 503 108
503 253 102
253 505 105
505 249 107
249 511 103
511 235 110
235 528 104
528 226 104
226 526 107
526 213 109
213 530 102
530 220 108
220 534 110
534 224 106
224 538 106
538 212 101
212 533 106
533 219 105
219 540 110
540 214 102
214 536 107
536 227 102
227 541 107
541 206 110
206 542 110
542 207 107
207 544 101
544 199 110
544 202 108
202 546 105
546 210 110
210 531 103
531 203 103
203 539 102
539 213 110
213 535 107
535 215 110
215 541 108
541 213 102
213 542 105
542 212 110
212 546 106
546 213 103
546 215 102
215 542 105
542 225 107
225 537 110
537 209 110
537 210 104
210 549 103
549 208 108
549 224 101
224 544 101
544 206 109
544 218 110
218 532 102
532 222 107
222 522 110
522 248 102
248 518 101
518 234 108
234 525 109
525 228 110
228 532 102
532 226 103
226 539 102
539 229 107
229 521 101
521 237 106
237 518 105
518 241 104
241 521 103
521 238 108
238 513 110
513 247 102
247 521 101
521 242 103
242 504 102
504 236 102
236 525 105
525 239 108
239 528 102
528 234 108
234 530 103
530 233 101
233 534 110
534 229 102
229 532 103
532 235 107
235 529 102
529 241 109
241 532 107
532 238 106
238 520 106
520 231 102
231 524 108
524 252 104
252 507 106
507 250 110
250 501 108
501 259 105
259 502 109
502 280 108
280 501 105
501 260 103
260 503 102
503 254 110
254 517 101
517 244 108
244 511 106
511 256 110
256 518 107
518 244 102
244 516 109
516 246 103
246 515 101
515 250 106
250 504 107
504 251 108
251 505 104
505 257 107
257 512 106
512 243 102
243 509 104
509 250 105
250 514 109
514 245 108
245 523 105
523 238 108
238 526 101
526 222 101
222 533 103
533 231 106
231 526 110
526 237 104
237 527 102
527 242 110
242 519 110
519 256 105
256 521 101
521 246 110
246 523 109
523 250 102
250 522 107
522 251 108
251 508 109
508 253 102
253 507 109
507 259 101
259 512 108
512 251 107
251 518 107
518 249 103
249 520 105
520 244 101
244 530 109
530 240 105
240 528 106
528 251 107
251 542 110
542 226 104
226 547 108
547 198 103
547 207 102
547 220 109
220 535 106
535 231 110
231 537 103
537 218 107
218 543 104
543 219 101
219 550 103
550 170 105
550 171 107
550 173 104
550 174 106
550 187 107
550 189 101
550 193 108
550 196 109
550 200 106
550 205 105
550 210 108
550 211 107
550 212 104
550 240 104
240 542 101
542 227 101
227 544 103
544 228 101
228 537 101
537 233 108
233 541 104
541 222 101
222 543 102
543 220 108
220 545 104
545 218 106
218 548 104
548 202 109
548 203 104
548 204 106
548 225 109
225 543 103
543 228 107
228 547 107
547 232 101
232 531 109
531 217 105
217 538 104
538 214 108
538 229 102
229 545 103
545 221 109
221 531 102
531 230 110
230 534 105
534 232 109
232 539 108
539 230 109
230 536 107
536 235 101
235 531 110
531 237 104
237 533 108
533 235 102
235 537 108
537 242 102
242 526 104
526 252 109
252 520 109
520 255 101
255 504 107
504 264 106
264 505 106
505 268 102
268 506 105
506 263 102
263 509 105
509 262 104
262 508 108
508 260 109
260 514 108
514 257 109
257 515 101
515 269 106
269 508 104
508 281 108
281 502 104
502 284 104
284 505 109
505 270 105
270 506 110
506 265 107
265 507 108
507 273 101
273 517 107
517 253 101
253 512 110
512 255 106
255 524 106
524 256 104
256 523 108
523 261 102
261 516 108
516 270 106
270 510 107
510 276 102
276 509 110
509 267 106
267 504 104
504 271 101
271 509 101
509 275 106
275 507 108
507 281 108
281 521 101
521 259 102
259 513 103
513 264 101
264 517 107
517 266 103
266 522 101
522 252 108
252 528 103
528 254 101
254 522 103
522 253 110
253 527 110
527 245 108
245 525 101
525 246 102
246 532 104
532 244 104
244 544 105
544 231 103
231 539 109
539 237 103
237 535 104
535 247 109
247 527 104
527 255 106
255 529 108
529 257 105
257 533 103
533 236 110
236 544 101
544 239 106
239 533 101
533 243 105
243 531 106
531 238 103
238 546 109
546 223 102
223 541 107
541 243 101
243 534 107
534 245 106
245 531 101
531 249 101
249 525 101
525 250 110
250 540 107
540 257 110
257 536 101
536 242 105
242 538 105
538 241 103
241 543 109
543 239 107
239 546 110
546 230 110
230 542 109
542 243 105
243 549 105
549 232 108
232 546 103
546 234 101
234 549 104
549 236 109
236 547 103
547 233 108
233 548 107
548 237 101
237 546 105
546 254 102
254 533 103
533 261 107
261 524 104
524 265 105
265 521 101
521 263 101
263 511 108
511 269 105
269 527 102
527 258 106
258 503 108
503 272 104
272 505 108
505 282 104
282 501 106
501 274 105
274 515 107
515 270 105
270 522 103
522 258 102
258 518 108
518 259 106
259 520 110
520 273 101
273 521 109
521 268 110
268 513 107
513 280 108
280 510 102
510 277 107
277 501 110
501 286 110
286 504 105
504 282 102
282 507 102
507 290 101
290 501 107
501 288 108
288 503 110
503 283 107
283 508 102
508 284 103
284 509 105
509 303 101
303 504 106
504 288 109
288 521 108
521 274 105
274 526 101
526 273 107
273 524 104
524 266 101
266 523 104
523 279 107
279 506 108
506 278 105
278 517 106
517 268 103
268 518 106
518 275 106
275 522 106
522 264 105
264 528 101
528 265 109
265 522 107
522 267 108
267 519 106
519 262 104
262 525 106
525 263 106
263 527 110
527 276 107
276 537 110
537 245 104
245 549 106
549 240 107
240 545 108
545 249 103
249 532 110
532 247 102
247 538 108
538 260 109
260 535 107
535 248 106
248 537 108
537 249 106
249 549 104
549 269 103
269 528 103
528 266 105
266 529 105
529 264 106
264 533 105
533 262 102
262 531 109
531 261 109
261 532 101
532 266 110
266 534 110
534 271 110
271 519 103
519 280 110
280 512 105
512 279 108
279 525 110
525 268 110
268 529 102
529 272 105
272 511 108
511 277 108
277 514 105
514 294 103
294 502 104
502 295 108
295 503 109
503 291 110
291 501 107
501 292 104
292 506 107
506 285 107
285 511 110
511 283 107
283 515 110
515 280 105
280 534 109
534 275 106
275 530 107
530 252 104
252 548 105
548 251 107
251 545 102
545 254 107
254 535 105
535 258 109
258 530 107
530 274 108
274 532 108
532 283 109
283 519 104
519 291 109
291 508 101
508 301 104
301 501 107
501 306 102
306 502 109
502 300 107
300 531 102
531 263 105
263 537 101
537 254 108
254 536 110
536 255 106
255 539 103
539 242 108
242 550 104
550 247 102
247 543 107
543 258 103
258 540 105
540 259 104
259 548 106
548 255 108
255 541 103
541 267 101
267 524 109
524 270 107
270 525 102
525 272 101
272 517 106
517 286 103
286 505 109
505 296 110
296 507 101
507 294 106
294 515 102
515 285 103
285 512 102
512 292 108
292 513 104
513 282 105
282 522 109
522 277 104
277 526 103
526 291 109
291 510 108
510 290 103
290 523 102
523 282 101
282 528 108
528 273 110
273 539 109
539 246 110
246 547 102
547 247 107
247 544 102
544 256 110
256 542 108
542 248 103
248 539 104
539 264 107
264 546 104
546 266 101
266 542 109
542 260 101
260 537 104
537 261 107
261 540 107
540 269 109
269 531 105
531 267 107
267 545 103
545 258 110
258 547 101
547 256 105
256 550 106
550 261 107
261 542 108
542 262 107
262 536 105
536 265 104
265 537 101
537 262 106
262 545 105
545 265 109
265 538 103
538 269 103
269 537 101
537 271 110
271 540 106
540 273 104
273 549 103
549 270 109
270 547 102
547 257 105
257 544 107
544 272 106
272 531 106
531 275 104
275 538 106
538 274 106
274 540 101
540 280 102
280 535 110
535 287 105
287 515 107
515 292 107
292 518 108
518 293 108
293 503 101
503 299 102
299 507 108
507 303 106
303 510 102
510 293 106
293 504 102
504 295 110
295 511 104
511 289 107
289 506 107
506 293 105
293 525 109
525 278 105
278 522 109
522 306 101
306 508 105
508 304 101
304 507 108
507 305 110
305 511 102
511 302 101
302 504 102
504 307 106
307 505 103
505 323 108
323 501 109
501 318 105
318 502 102
502 301 107
301 506 106
506 313 104
313 504 101
504 317 109
317 507 102
507 310 103
310 503 108
503 311 107
311 502 102
502 309 105
309 508 104
508 314 102
314 515 107
515 304 101
304 518 108
518 302 103
302 510 101
510 311 106
311 511 108
511 319 104
319 501 103
501 326 101
326 516 103
516 286 104
286 523 104
523 288 107
288 527 103
527 279 110
279 529 104
529 278 104
278 530 103
530 290 103
290 524 102
524 281 101
281 533 101
533 282 103
282 540 101
540 284 106
284 525 105
525 295 107
295 526 110
526 298 110
298 513 108
513 317 103
317 509 106
509 312 101
312 507 102
507 322 106
322 511 104
511 320 110
320 512 103
512 296 106
296 514 102
514 298 106
298 525 103
525 305 101
305 512 103
512 297 102
297 527 107
527 284 104
284 528 101
528 283 103
283 547 106
547 260 103
260 543 105
543 268 109
268 539 108
539 276 101
276 538 109
538 277 107
277 536 107
536 279 102
279 545 110
545 278 104
278 531 105
531 297 104
297 536 109
536 289 110
289 516 106
516 299 109
299 517 102
517 287 104
287 520 108
520 296 102
296 521 107
521 307 106
307 518 108
518 312 102
312 531 109
531 298 107
298 530 107
530 294 102
294 527 107
527 287 105
287 528 105
528 295 108
295 529 102
529 307 102
307 534 109
534 285 102
285 538 110
538 287 110
287 537 107
537 281 110
281 539 102
539 278 103
278 541 104
541 275 105
275 543 102
543 272 101
272 548 105
548 263 105
263 542 104
542 271 108
271 546 102
546 267 103
267 548 106
548 274 102
274 542 108
542 276 108
276 543 101
543 281 107
281 548 106
548 279 103
279 549 105
549 283 104
283 548 103
548 289 110
289 523 104
523 332 102
332 506 110
506 336 105
336 502 106
502 324 110
324 503 106
503 331 101
331 504 103
504 325 104
325 509 101
509 315 105
315 508 103
508 316 106
316 515 110
515 308 102
308 516 110
516 311 103
311 517 110
517 313 110
313 510 102
510 315 110
315 524 103
524 286 105
286 532 109
532 306 105
306 514 105
514 310 109
310 521 103
521 309 106
309 520 102
520 299 110
299 528 106
528 301 108
301 526 108
526 308 107
308 530 110
530 315 107
315 527 105
527 301 102
301 531 109
531 306 104
306 533 102
533 294 110
294 542 108
542 277 101
277 546 101
546 276 110
276 550 104
550 271 101
271 547 102
547 284 110
284 550 103
550 289 110
289 524 110
524 305 104
305 520 104
520 302 103
302 534 109
534 298 102
298 533 101
533 300 110
300 541 107
541 286 109
286 539 103
539 290 109
290 542 110
542 285 103
285 540 108
540 302 110
302 547 105
547 285 103
285 546 104
546 288 109
288 542 107
542 287 109
542 292 107
292 549 101
549 288 108
549 299 108
299 542 106
542 297 102
297 538 110
538 291 110
291 535 107
535 293 109
293 538 107
538 303 102
303 512 106
512 323 108
323 508 106
508 331 107
331 513 102
513 319 107
319 516 103
516 316 106
316 524 104
524 320 106
320 518 110
518 318 108
318 522 106
522 323 105
323 510 101
510 321 107
321 514 109
514 325 103
325 525 109
525 311 105
311 526 106
526 319 109
319 527 107
527 309 101
309 528 110
528 303 109
303 540 102
540 314 110
314 519 110
519 304 105
304 528 109
528 310 106
310 535 102
535 295 106
535 316 106
316 528 103
528 315 108
315 548 108
548 290 106
548 291 110
548 294 108
548 298 110
548 299 103
548 308 109
308 534 107
534 304 104
304 536 110
536 319 102
319 537 109
537 312 108
312 532 106
532 313 110
313 521 102
521 317 107
317 520 104
520 314 103
314 539 109
539 297 105
297 543 103
543 293 103
543 296 103
296 545 110
545 300 107
300 544 103
544 297 101
544 307 104
307 539 101
539 316 102
316 538 107
538 312 105
312 533 101
533 322 109
322 520 106
520 321 104
321 516 106
516 347 106
347 504 101
504 327 106
327 505 110
505 329 101
329 502 102
502 333 105
333 504 108
504 329 109
329 509 108
509 327 103
327 511 105
511 336 101
336 517 105
517 321 109
321 529 109
529 309 102
309 547 103
547 300 110
300 546 103
546 289 110
546 301 101
546 308 102
308 542 101
542 305 102
305 534 102
534 312 106
534 320 110
320 526 105
526 331 108
331 520 104
520 324 104
324 527 101
527 327 104
327 513 107
513 330 102
330 510 102
510 334 106
334 512 109
512 329 104
329 525 106
525 334 102
334 524 107
524 330 106
330 517 110
517 332 103
332 508 102
508 333 105
333 518 107
518 326 105
326 520 101
520 335 108
335 503 108
503 338 107
338 502 104
502 356 105
356 501 107
501 345 102
345 510 102
510 346 110
346 514 107
514 335 105
335 518 102
518 339 109
339 504 107
504 352 101
352 503 102
503 353 107
353 507 110
507 328 110
328 519 108
519 337 103
337 505 109
505 342 109
342 507 106
507 343 108
343 505 108
505 344 108
344 506 104
506 339 107
339 521 109
521 330 106
330 522 106
522 347 103
347 510 109
510 353 104
353 509 108
509 343 108
343 508 102
508 338 108
338 520 108
520 349 106
349 505 109
505 364 101
364 503 108
503 359 101
359 506 104
506 340 104
340 523 102
523 335 106
335 521 109
521 337 110
337 512 106
512 342 109
342 514 101
514 341 101
341 529 103
529 318 108
318 537 106
537 336 101
336 525 105
525 337 103
337 513 110
513 343 110
343 511 102
511 344 110
344 528 109
528 324 105
324 532 109
532 338 105
338 533 101
533 339 104
339 538 104
538 324 105
324 534 110
534 326 108
326 529 108
529 325 107
325 539 105
539 326 109
326 546 107
546 311 102
546 318 110
318 544 104
544 317 106
317 530 101
530 322 107
322 531 108
531 313 108
313 541 106
541 304 107
541 310 102
310 543 102
543 305 107
543 307 101
543 319 107
543 328 109
328 527 107
527 343 106
343 514 104
514 350 104
350 521 105
521 352 105
352 516 101
516 349 106
349 506 109
506 357 107
357 502 110
502 358 107
358 501 105
501 365 110
365 505 105
505 366 104
366 508 101
508 348 105
348 507 103
507 351 108
351 508 106
508 349 107
349 523 104
523 343 109
523 345 107
345 513 107
513 368 109
368 502 107
502 383 110
383 505 101
505 368 101
368 507 105
507 360 108
360 503 110
503 362 102
362 504 110
504 354 108
354 515 107
515 362 107
362 506 109
506 370 102
370 503 107
503 372 102
372 509 108
509 356 105
356 512 110
512 355 104
355 510 106
510 361 107
361 504 101
504 357 109
357 518 103
518 348 110
348 526 107
526 333 105
333 529 105
529 328 105
328 534 108
534 331 102
331 528 106
528 334 108
334 531 106
531 332 102
332 538 103
538 327 103
327 542 101
542 334 110
334 540 103
540 333 102
333 534 106
534 335 110
335 529 101
529 330 101
330 547 105
547 308 102
547 310 107
547 320 101
320 544 101
544 328 110
328 546 103
546 322 108
322 547 107
547 323 107
323 536 101
536 341 106
341 530 107
530 350 101
350 529 102
529 337 106
337 534 102
534 336 109
336 531 101
531 344 104
344 534 103
534 349 107
349 526 108
526 345 101
345 517 101
517 342 106
342 532 103
532 356 102
356 521 104
521 365 103
365 507 101
507 375 110
375 505 108
505 371 107
371 510 102
510 374 101
374 512 108
512 365 109
365 520 110
520 358 104
358 527 109
527 348 108
348 533 102
533 341 102
341 538 103
538 346 108
346 537 101
537 340 102
340 525 103
525 347 108
347 535 107
535 340 107
340 540 106
540 335 110
540 339 110
339 543 104
543 338 108
338 542 102
542 344 102
344 536 107
536 347 106
347 547 101
547 325 107
325 545 110
545 313 105
545 314 107
314 548 110
548 318 107
548 321 107
321 549 106
549 300 102
549 302 103
549 306 103
549 314 110
549 315 104
549 316 108
549 324 103
549 332 110
332 546 108
546 325 103
546 331 105
546 338 107
546 340 105
340 545 101
545 342 103
342 547 101
547 328 107
547 329 107
329 539 109
539 344 110
539 369 109
369 512 109
512 367 102
367 532 106
532 357 105
357 529 102
529 345 106
345 519 103
519 359 105
359 514 105
514 351 110
351 524 108
524 370 109
370 509 108
509 364 101
364 514 106
514 360 105
360 522 107
522 352 107
352 518 105
518 359 109
359 520 107
520 375 104
375 506 102
506 376 110
376 501 102
501 388 103
388 502 101
502 399 108
399 501 101
501 401 107
401 506 102
506 379 101
379 504 103
504 373 108
373 514 105
514 374 102
374 515 102
515 363 102
363 511 103
511 381 110
381 505 103
505 380 106
380 514 106
514 389 108
389 523 108
523 372 104
372 516 106
516 353 109
353 541 109
541 317 106
541 323 104
541 329 101
541 334 106
541 355 108
355 528 104
528 349 102
528 361 108
361 517 108
517 387 110
387 504 107
504 390 106
390 508 108
508 378 103
378 522 106
522 364 105
364 530 108
530 351 110
351 529 105
529 358 101
358 531 110
531 351 109
351 546 102
546 341 110
341 547 104
547 350 106
350 536 106
536 348 103
348 540 101
540 346 107
346 542 107
542 352 109
352 549 107
549 337 107
549 341 104
549 363 101
363 518 110
518 380 102
380 524 110
524 379 109
379 509 107
509 377 109
377 520 105
520 381 106
381 519 104
519 361 105
361 526 107
526 363 106
363 533 103
533 345 103
533 358 103
358 543 109
543 350 103
350 538 105
538 354 106
354 516 102
516 373 107
373 530 106
530 355 102
355 537 105
537 354 105
354 540 104
540 357 104
357 537 101
537 356 109
356 527 109
527 361 104
361 541 102
541 369 103
369 519 106
519 366 101
366 521 101
521 384 104
384 510 104
510 382 106
382 508 101
508 387 110
387 507 101
507 376 102
376 513 101
513 371 105
371 531 109
531 366 105
366 540 101
540 359 108
359 538 107
538 360 101
360 533 103
533 367 104
367 538 107
538 363 104
363 544 104
544 333 110
544 346 103
346 548 107
548 322 110
548 327 109
548 330 104
548 332 104
548 340 103
548 348 102
548 365 109
365 537 109
537 377 104
377 535 104
535 368 104
368 528 107
528 374 110
374 531 108
531 381 110
381 522 109
522 386 109
386 506 110
506 397 103
397 505 108
505 402 102
402 502 105
502 400 105
400 511 101
511 392 107
392 512 108
512 384 102
384 515 105
515 397 102
397 531 103
531 391 107
391 504 106
504 393 103
393 517 105
517 395 109
395 503 101
503 402 109
402 520 106
520 382 108
382 509 109
509 403 104
403 507 108
507 383 102
383 520 108
520 386 109
386 525 105
525 362 103
362 527 109
527 370 109
370 533 107
533 373 102
373 534 105
534 371 110
371 545 110
545 355 110
355 547 110
547 360 107
360 546 104
546 354 102
354 542 110
542 362 101
362 543 104
543 369 110
369 536 109
536 390 109
390 514 103
514 395 106
395 504 101
504 410 108
410 512 103
512 385 101
385 513 108
513 382 109
382 516 107
516 375 104
375 523 110
523 382 103
382 535 106
535 379 107
379 533 105
533 376 107
376 529 106
529 378 102
378 527 101
527 372 106
372 542 110
542 377 107
377 538 104
538 373 102
373 540 109
540 364 106
364 532 109
532 403 108
403 508 104
508 395 110
395 520 106
520 396 105
396 510 110
510 391 103
391 513 102
513 415 106
415 509 106
509 412 101
412 501 104
501 413 104
413 519 110
519 392 105
392 524 103
524 396 103
396 529 106
529 389 105
389 540 102
540 367 106
367 544 107
544 353 104
353 550 101
550 292 109
550 296 101
550 303 108
550 309 103
550 320 102
550 321 110
550 326 102
550 336 110
550 339 107
550 342 109
550 346 106
550 347 103
550 366 102
366 547 101
547 367 103
367 549 108
549 371 107
371 547 109
547 372 107
372 545 104
545 368 110
368 530 102
530 392 109
392 526 103
526 381 102
381 534 102
534 376 106
376 545 105
545 389 103
389 541 106
541 379 101
379 540 108
540 374 108
374 543 104
543 377 103
377 539 110
539 370 102
370 550 106
550 369 105
369 546 103
546 378 102
378 533 105
533 380 108
380 540 106
540 383 108
383 523 110
523 401 102
401 508 106
508 408 106
408 507 101
507 394 104
394 516 101
516 405 109
405 502 110
502 417 110
417 505 104
505 406 110
406 503 105
503 420 110
420 505 102
505 418 107
418 504 108
504 419 109
419 512 103
512 387 110
387 518 110
518 385 106
385 535 105
535 390 109
390 522 106
522 388 109
388 518 110
518 404 107
404 520 110
520 412 109
412 510 110
510 405 105
405 518 109
518 408 110
408 517 104
517 398 107
398 507 101
507 423 107
423 510 108
510 409 102
409 533 105
533 384 101
384 540 101
540 391 110
391 529 110
529 413 109
413 527 109
527 375 108
375 528 101
528 394 106
394 526 105
526 406 102
406 522 108
522 393 108
393 525 101
525 383 110
383 544 109
544 378 102
378 547 108
547 384 109
384 546 103
546 380 106
380 544 101
544 391 102
391 545 107
545 397 110
397 533 106
533 386 105
386 541 101
541 385 107
385 537 106
537 394 108
394 530 103
530 393 102
393 539 110
539 400 110
400 514 102
514 399 102
399 511 104
511 398 109
398 527 104
527 387 106
387 547 109
547 393 105
393 541 102
541 409 109
409 538 108
538 388 103
388 534 102
534 390 106
390 549 105
549 389 106
389 543 102
543 414 102
414 501 102
501 428 105
428 507 106
507 446 109
446 504 107
504 422 103
422 505 108
505 441 106
441 512 101
512 412 106
412 540 110
540 392 104
392 536 103
536 395 110
395 540 104
540 394 110
394 546 103
546 385 105
385 548 104
548 388 101
388 546 104
546 386 103
386 550 107
550 396 106
396 535 102
535 407 102
407 517 109
517 417 109
417 508 107
508 429 108
429 511 101
511 415 110
415 519 108
519 407 102
407 522 101
522 405 103
405 523 102
523 414 105
414 520 108
520 416 109
416 509 109
509 422 105
422 518 110
518 419 106
419 524 108
524 399 106
399 525 108
525 414 110
414 529 105
529 425 107
425 504 102
504 434 103
434 510 106
510 411 103
411 514 103
514 417 108
417 532 107
532 406 109
406 533 106
533 403 106
403 515 105
515 424 109
424 509 103
509 428 104
428 515 109
515 426 110
426 512 104
512 430 106
430 518 104
518 421 109
421 503 102
503 427 105
427 513 102
513 444 101
444 506 105
506 462 103
462 509 110
509 437 109
437 504 109
504 440 104
440 502 108
502 449 109
449 503 107
503 447 109
447 507 104
507 449 108
449 511 103
511 431 109
431 518 107
518 443 102
443 511 104
511 432 110
432 508 105
508 433 109
433 510 101
510 425 107
425 516 106
516 411 104
411 530 103
530 405 103
530 421 107
421 519 105
519 429 106
429 525 103
525 416 102
416 536 104
536 413 108
413 533 107
533 407 109
407 544 106
544 396 108
396 548 110
548 398 103
398 531 102
531 408 108
408 540 103
540 400 105
400 521 109
521 404 106
404 524 106
524 410 108
410 526 109
526 445 110
445 504 101
504 452 101
452 510 110
510 436 108
436 512 110
512 458 108
458 501 109
501 439 104
439 508 105
508 435 108
435 515 103
515 434 102
434 517 110
517 435 106
435 516 108
516 423 101
423 524 105
524 430 104
430 522 108
522 427 102
427 532 109
532 418 107
418 514 101
514 432 108
432 539 104
539 404 107
404 544 109
544 399 108
399 537 106
537 400 104
400 542 104
542 411 104
411 541 105
541 412 110
541 418 108
418 525 104
525 424 104
424 520 108
520 426 109
426 521 106
521 433 109
433 516 106
516 428 106
428 523 108
523 431 101
431 529 104
529 436 103
436 532 103
532 421 108
421 540 107
540 401 110
401 537 108
537 415 103
415 545 109
545 401 103
545 403 109
545 407 103
545 413 101
545 420 110
420 539 105
539 410 105
410 540 106
540 402 104
402 544 110
544 406 104
544 426 107
426 528 107
528 419 102
419 543 104
543 417 107
543 443 109
443 520 109
520 440 108
440 525 101
525 425 104
425 548 102
548 402 107
548 409 110
409 547 110
547 398 107
398 534 101
534 397 102
397 549 101
549 410 110
549 416 104
416 542 102
542 420 104
420 547 109
547 416 102
547 422 107
422 538 102
538 418 104
538 424 106
424 547 105
547 432 110
432 542 108
542 421 109
542 444 103
444 518 107
518 445 102
445 508 101
508 446 104
446 510 109
510 459 106
459 508 104
508 447 108
447 514 102
514 438 107
438 515 102
515 437 102
437 517 110
517 441 105
441 514 110
514 442 108
442 501 103
501 466 101
466 505 105
505 454 103
454 519 109
519 441 105
441 531 107
531 423 106
423 536 105
536 430 108
430 534 105
534 439 108
439 509 106
509 451 110
451 507 110
507 458 101
458 521 109
521 434 105
434 522 106
522 433 110
433 527 109
527 440 110
440 532 104
532 428 103
532 438 101
438 525 108
525 434 103
525 454 102
454 531 110
531 446 105
446 546 104
546 408 104
546 411 108
546 441 107
546 445 102
445 511 107
511 456 107
456 518 104
518 448 104
448 513 105
513 460 105
460 512 102
512 464 106
464 520 101
520 448 108
448 516 107
516 442 110
442 515 102
515 453 106
453 502 104
502 457 105
457 509 104
509 468 102
468 503 110
503 463 106
463 506 107
506 465 110
465 503 105
503 467 106
467 501 101
501 475 108
475 520 101
520 456 101
456 522 102
522 457 109
457 514 108
514 452 108
452 517 106
517 457 110
457 538 104
538 427 105
427 544 102
544 437 106
437 529 103
529 442 104
442 527 108
527 448 101
448 547 105
547 435 101
435 524 108
524 455 103
455 518 109
518 449 104
449 519 110
519 474 102
474 503 109
503 481 104
481 507 102
507 471 103
471 530 105
530 439 108
439 538 107
538 429 110
429 528 110
528 442 110
528 443 102
443 521 109
521 482 109
482 505 108
505 472 106
472 506 105
506 477 103
477 505 101
477 511 104
511 474 101
474 518 110
518 462 102
462 526 101
526 450 106
450 523 109
523 477 104
477 529 105
529 453 104
453 536 105
536 431 105
431 538 102
538 437 103
538 453 108
453 547 104
547 436 110
436 533 107
533 454 109
454 534 104
534 459 110
459 538 101
538 466 102
466 533 107
533 461 104
461 515 110
515 473 102
473 508 103
508 472 104
472 522 109
522 458 110
458 525 104
525 460 104
460 531 110
531 463 106
463 510 107
510 473 106
473 514 103
514 467 110
467 527 102
527 492 109
492 503 102
503 494 107
494 520 107
520 492 106
492 535 101
535 452 106
452 545 101
545 444 108
444 539 108
539 414 108
539 443 104
539 462 106
462 549 110
549 420 103
549 422 105
549 425 109
549 426 106
549 431 110
549 432 103
549 438 106
438 541 110
541 461 107
461 528 102
528 463 106
463 545 110
545 447 107
447 532 108
532 455 104
455 526 104
526 468 102
468 513 104
513 491 108
491 507 103
507 476 102
476 522 105
522 470 101
470 517 110
517 480 101
480 515 108
515 478 103
478 508 103
508 498 109
498 501 108
501 479 101
479 504 103
479 507 106
507 487 102
487 514 104
514 482 103
482 511 108
511 479 105
479 547 107
547 483 108
483 501 102
501 486 102
486 514 101
514 488 103
488 510 105
488 512 110
512 484 104
484 519 106
519 497 101
497 515 106
515 485 101
485 511 104
511 493 105
493 507 108
507 500 101
500 503 106
500 549 104
549 446 104
549 451 108
451 516 110
516 483 106
483 521 107
521 484 109
484 533 103
533 477 101
533 483 108
533 497 107
497 520 102
484 546 109
546 471 101
471 531 103
531 469 107
469 528 104
528 464 103
464 529 105
529 455 110
455 549 108
549 456 103
456 535 108
535 464 104
464 543 107
543 444 107
543 445 106
543 451 101
451 536 107
536 450 107
450 530 107
530 469 101
469 535 110
535 470 101
470 532 102
532 460 104
460 543 102
543 461 101
461 544 110
544 438 102
544 447 102
544 450 105
450 540 110
540 429 108
540 436 103
540 466 104
466 550 110
550 404 102
550 409 103
550 415 104
550 433 101
550 435 104
550 439 101
550 465 103
465 525 102
525 474 101
474 524 106
524 468 105
468 549 101
549 459 110
459 545 103
545 485 109
485 521 109
521 490 108
490 523 103
490 532 104
532 475 109
475 524 106
524 487 107
487 530 101
530 472 108
472 548 107
548 419 105
548 424 110
548 427 106
548 478 107
478 539 107
539 486 102
486 516 110
486 517 107
517 496 102
496 514 104
514 493 106
493 515 108
493 518 104
518 480 101
480 532 105
532 481 108
481 526 101
526 475 101
475 530 103
530 489 101
489 506 105
489 525 110
489 535 104
535 476 108
476 528 105
528 491 110
491 534 101
534 465 103
465 544 106
544 476 108
476 542 103
542 470 107
470 543 110
542 495 109
495 512 106
495 514 108
495 521 106
521 496 109
496 524 102
495 541 106
541 469 107
469 540 107
540 487 109
541 473 107
473 529 104
529 498 108
498 502 105
541 478 108
544 494 108
494 535 103
494 546 101
491 537 104
537 423 107
537 430 106
537 440 110
537 467 101
467 550 107
550 489 109
537 471 108
471 549 102
549 490 101
490 545 110
545 488 108
488 531 105
531 499 110
499 513 103
499 547 101
537 480 109
526 485 107
481 548 102
548 482 105
539 492 106

REQUESTS

BLOCKAGES
520 492
166 532
533 339
62 525
143 526
517 114
545 397
549 91
376 545
541 142
525 460
514 467
523 382
15 523
228 513
453 547
171 535
205 532
475 530
373 530
214 512
547 95
521 4
193 505
514 245
356 521
541 74
549 52
403 515
229 521
22 526
204 510
541 191
548 50
365 505
310 521
506 38
365 520
250 522
512 50
102 541
101 512
543 58
511 269
361 517
136 544
72 525
538 303
369 546
223 528
97 520
540 284
529 228
509 403
35 546
513 319
534 85
107 548
340 545
549 30
117 510
515 216
544 47
2 508
542 277
544 391
324 534
124 540
542 285
251 518
549 174
513 67
543 319
512 255
382 508
166 522
532 403
520 448
533 341
518 121
505 270
45 533
519 43
310 535
505 114
361 526
522 144
100 529
451 507
520 244
75 527
180 509
118 519
79 525
87 501
544 333
151 549
547 156
369 512
93 501
456 518
537 467
516 423
507 446
504 208
33 542
213 501
537 262
60 532
391 545
547 308
548 427
539 290
37 548
524 17
505 441
503 205
260 514
522 20
221 511
527 375
505 38
518 302
544 142
23 515
505 282
267 504
535 76
130 539
139 535
533 345
12 531
283 519
541 38
404 520
164 538
222 522
300 546
508 472
511 474
16 505
536 8
368 528
24 524
504 327
267 524
178 514
522 248
541 86
550 160
161 544
533 477
1 532
508 202
525 305
520 386
550 152
506 156
397 533
100 517
536 192
513 343
255 541
530 14
192 527
301 506
545 217
543 113
61 519
539 230
81 544
277 501
383 520
503 254
106 520
502 457
547 159
547 68
531 297
550 174
448 547
501 57
530 109
303 540
293 525
17 537
89 507
258 540
40 520
522 206
246 505
51 505
513 264
547 350
49 546
303 504
163 513
505 227
530 78
507 383
501 130
394 516
343 505
360 533
59 515
539 10
549 288
521 198
425 548
543 338
220 545
267 548
535 47
546 354
44 520
191 519
535 164
533 193
333 518
534 275
544 90
538 260
548 398
543 307
144 520
528 266
512 203
261 540
232 531
521 222
172 513
547 197
506 239
526 197
512 58
513 195
536 450
503 95
535 101
519 119
126 510
529 442
321 549
515 72
511 392
61 501
516 286
533 262
196 549
509 128
112 509
121 508
234 525
63 514
147 510
546 408
542 49
467 501
537 129
540 152
208 520
511 141
520 223
215 542
535 120
515 424
198 524
515 362
372 545
539 201
509 356
271 509
536 255
257 533
155 514
532 313
374 515
97 506
47 548
196 501
123 547
519 158
222 510
201 541
550 347
537 354
505 342
549 207
509 422
535 138
521 5
469 535
132 515
541 369
510 436
77 520
1 525
531 267
171 506
513 19
518 408
547 90
287 528
523 162
524 157
141 543
526 291
543 70
210 531
524 266
539 43
548 27
521 384
501 66
534 285
188 502
487 514
545 160
371 547
517 387
538 143
235 506
515 121
520 197
421 540
99 539
359 514
550 22
514 16
505 418
508 139
528 185
508 134
71 521
532 475
288 542
351 529
239 502
32 534
12 538
439 508
87 549
544 131
516 40
4 509
547 300
508 281
506 220
248 506
525 154
105 534
534 100
91 541
432 508
408 540
517 158
526 406
427 532
531 499
100 548
74 529
505 162
421 503
9 523
505 14
520 129
394 546
230 534
7 508
370 550
524 164
544 396
297 536
547 310
509 126
544 228
533 32
221 521
537 340
177 519
540 359
117 512
105 502
546 42
508 83
513 146
550 489
536 430
531 298
271 540
510 73
476 542
119 512
339 504
510 178
543 417
538 9
413 533
528 141
481 507
550 12
84 520
527 16
427 513
348 507
524 14
273 521
513 194
539 462
431 529
26 519
439 509
546 75
274 515
440 502
210 502
503 372
30 544
361 541
506 215
537 105
517 332
534 397
534 20
144 529
128 543
329 502
238 513
547 360
528 273
540 115
503 125
339 521
514 389
176 534
391 513
3 502
428 507
501 188
526 200
548 409
506 285
532 54
523 238
341 530
58 545
204 534
515 292
120 526
513 382
188 517
545 313
507 281
502 358
549 150
50 545
535 83
534 188
204 516
537 88
508 118
426 521
509 2
496 514
505 296
179 543
489 535
508 395
522 11
513 460
516 299
434 522
33 510
254 535
532 191
542 118
119 545
510 94
509 91
547 284
534 24
524 256
159 532
310 543
294 527
95 531
527 71
44 524
533 206
285 511
539 12
278 541
544 29
207 509
511 29
263 527
522 65
42 506
322 531
72 527
541 175
449 519
391 529
515 26
534 128
505 380
268 539
505 137
117 529
244 516
372 542
276 543
190 533
55 538
549 451
515 270
272 511
502 61
289 524
305 511
512 464
34 524
135 531
317 530
59 507
133 527
544 450
540 259
176 526
9 535
522 433
540 3
538 23
520 70
527 111
41 540
529 193
504 26
501 30
512 384
532 58
94 509
519 111
529 425
293 504
254 533
527 370
531 3
522 352
130 549
523 147
226 539
165 525
525 250
546 11
503 100
546 308
199 519
178 545
356 512
253 512
393 539
506 93
229 519
518 443
511 456
526 213
545 102
189 514
460 531
451 516
302 547
528 113
387 547
126 535
33 505
195 527
513 40
536 82
20 542
538 205
178 517
79 529
534 155
70 519
528 315
48 536
544 22
544 109
530 290
537 245
527 24
111 510
473 529
540 487
386 525
42 514
276 509
507 58
539 246
77 544
321 529
530 57
518 217
300 531
510 277
507 119
518 462
247 521
525 3
540 17
383 544
538 171
526 381
67 531
186 512
224 538
501 401
29 543
152 506
116 515
465 503
182 507
526 345
19 507
434 510
517 6
533 231
550 170
510 290
538 94
537 209
510 110
531 263
131 545
518 385
66 512
461 544
125 511
512 367
200 518
120 539
65 501
522 136
529 54
36 522
509 169
245 523
529 345
550 37
534 51
545 15
531 199
523 66
506 213
517 457
484 519
511 493
533 95
135 540
532 438
508 67
534 154
545 342
197 527
521 274
525 131
510 214
108 541
531 180
512 355
518 404
63 503
68 516
502 25
528 491
52 544
512 231
1 547
525 311
243 505
503 467
516 145
189 509
134 550
82 511
87 527
507 212
542 226
177 512
514 2
373 514
252 548
538 6
527 35
525 71
543 281
527 53
550 439
507 31
536 165
509 42
535 470
405 518
511 135
442 527
26 547
501 170
538 212
523 127
137 540
179 515
550 369
65 518
538 27
259 520
547 329
543 369
192 501
545 125
392 524
530 392
529 328
514 442
535 295
94 513
538 287
519 225
502 243
54 512
529 71
504 419
510 24
528 361
246 515
541 317
547 157
527 61
543 18
43 514
505 239
509 171
546 322
352 549
245 525
26 511
548 299
98 533
507 250
520 108
507 375
457 509
160 541
109 546
209 523
550 189
536 395
514 310
542 352
522 190
501 15
539 344
329 525
25 505
519 107
501 193
213 535
538 78
549 420
240 542
538 214
522 388
549 47
157 521
546 254
508 408
531 469
546 166
536 431
537 336
545 485
508 165
24 525
75 533
539 183
515 27
506 253
534 172
7 520
418 504
207 530
519 497
545 278
515 5
120 542
380 540
521 26
279 529
96 544
382 509
543 39
544 80
533 386
512 342
502 399
353 507
502 218
489 525
381 505
141 508
70 512
389 540
518 126
374 512
507 127
77 548
549 158
512 387
513 60
550 211
248 539
538 156
305 520
50 549
184 515
550 133
299 517
520 299
544 135
515 94
537 143
208 515
96 510
506 263
173 501
514 153
238 506
505 454
527 199
537 187
7 533
549 270
61 526
543 189
527 137
292 513
516 353
30 504
190 528
544 328
548 84
426 512
550 321
441 531
224 521
460 512
506 52
315 548
138 522
321 516
12 503
423 510
548 279
534 336
521 170
270 522
155 533
149 530
75 523
540 429
269 508
14 503
78 520
517 5
67 543
409 538
542 77
277 514
220 534
542 444
142 534
263 509
508 253
384 546
13 523
539 137
549 306
522 258
22 545
523 168
318 537
148 516
417 532
505 368
511 156
348 540
540 280
57 540
528 419
336 531
534 6
506 66
174 519
60 511
501 131
520 88
537 179
527 245
109 540
550 435
515 63
503 253
543 60
515 250
535 163
200 504
258 547
542 188
537 233
543 445
532 80
514 184
88 502
508 87
249 525
24 507
522 73
379 509
50 515
282 540
443 511
37 515
535 287
538 427
468 503
510 228
108 514
109 501
280 512
18 540
201 531
58 529
213 542
512 112
523 208
73 521
36 529
505 82
510 252
461 528
482 511
57 518
102 515
534 224
537 28
509 315
304 536
510 4
547 78
521 113
538 138
545 114
466 550
543 350
151 535
150 534
514 86
449 503
519 359
520 42
28 523
546 18
524 28
5 511
526 56
179 506
524 172
284 505
547 233
526 130
493 518
478 539
524 147
513 371
540 402
550 309
277 546
514 257
538 274
528 464
543 4
544 438
90 540
435 515
514 74
239 520
546 162
547 436
85 523
250 504
413 527
545 29
532 156
514 54
518 10
27 545
263 537
531 344
542 41
209 502
515 202
525 383
521 106
280 534
526 23
131 537
538 363
513 171
509 144
474 524
506 376
516 138
504 282
498 502
160 534
514 187
487 530
25 540
507 136
9 550
548 78
549 27
527 448
301 531
22 539
172 509
479 547
512 192
546 223
279 506
544 353
202 543
528 28
10 536
522 253
550 82
549 179
16 536
529 378
420 539
516 23
515 280
170 508
548 199
121 512
339 543
531 366
260 503
535 215
395 503
212 529
530 393
540 192
226 526
169 537
528 251
10 542
274 542
511 66
503 153
526 475
120 544
112 548
140 535
444 539
546 137
187 517
92 535
515 4
182 510
262 508
510 197
521 337
123 505
114 541
80 533
3 546
204 504
509 312
509 28
376 501
535 169
329 509
516 373
381 522
507 476
251 542
545 59
534 196
535 476
520 178
547 76
542 287
284 525
28 539
529 42
32 506
516 375
394 530
298 533
399 501
548 13
206 542
10 504
525 144
522 267
95 536
546 441
507 449
545 20
509 221
78 537
32 549
529 167
514 157
286 504
225 537
529 118
502 309
317 509
544 119
510 179
224 544
550 396
532 8
119 501
162 539
506 462
547 181
502 143
544 174
546 1
197 529
169 523
116 540
2 521
451 536
548 204
528 110
64 528
507 290
90 541
508 72
73 543
546 213
359 538
532 50
227 502
550 433
548 106
355 547
502 136
515 473
541 310
49 513
542 262
265 537
93 542
512 323
24 537
504 271
317 520
528 224
226 523
438 525
406 533
516 246
522 158
512 97
346 542
532 481
1 544
288 527
211 521
549 28
322 547
18 514
512 69
18 538
377 538
504 57
101 539
505 13
67 502
95 548
385 513
92 534
524 430
428 515
544 155
505 249
428 523
112 503
543 239
142 506
236 547
234 517
56 509
502 119
350 529
132 507
87 518
495 521
535 464
23 530
284 528
227 515
508 101
456 522
530 22
540 400
22 516
372 509
529 21
293 538
530 405
511 233
548 327
525 210
536 144
435 516
345 519
549 224
134 533
3 523
511 235
541 31
55 532
549 94
512 142
527 348
531 261
533 235
430 518
510 160
485 511
520 163
64 548
532 338
48 501
517 59
58 518
505 65
529 7
314 515
88 541
544 106
194 534
410 512
29 517
520 382
530 177
526 450
531 172
91 531
546 196
37 546
535 178
52 536
144 531
337 513
429 511
502 102
527 242
392 526
524 305
241 532
130 518
133 542
442 501
412 540
89 508
370 509
528 10
518 293
532 7
432 542
520 65
507 322
529 330
510 211
313 510
550 212
180 532
511 34
160 526
512 123
364 532
545 171
528 123
5 543
118 544
544 256
88 514
501 345
179 511
548 237
518 110
526 46
501 479
330 517
526 319
52 538
82 543
149 511
522 117
521 352
151 501
234 530
538 354
550 91
17 521
174 545
128 523
536 348
2 536
478 508
52 518
115 525
450 530
107 527
510 37
529 73
37 509
543 293
520 296
545 185
531 134
167 523
103 543
195 537
523 149
522 161
524 208
359 520
101 541
502 300
12 512
39 528
13 510
533 61
514 452
520 143
400 521
545 51
521 482
523 372
226 547
1 512
547 122
240 528
544 317
547 198
522 457
525 414
515 397
506 166
529 87
253 527
187 524
168 520
54 531
359 506
504 43
505 157
544 180
503 55
262 531
524 50
535 122
47 547
110 542
158 521
480 515
206 530
195 518
546 8
38 528
513 330
529 64
354 540
218 507
512 11
516 311
510 411
547 85
25 520
462 526
543 414
22 535
547 247
513 182
490 532
537 21
522 3
525 203
509 105
506 370
235 537
534 376
503 494
538 291
547 24
251 545
549 283
342 547
521 141
504 357
171 549
273 549
241 521
369 536
530 355
549 22
535 452
51 542
215 524
119 524
115 511
545 60
60 510
194 533
546 288
216 538
196 520
532 139
501 184
525 39
378 533
512 365
524 140
527 187
526 189
519 262
525 55
141 522
505 188
193 535
154 527
494 535
523 25
523 288
547 393
550 63
530 322
57 532
214 513
533 68
85 544
75 540
507 52
513 218
48 549
417 508
523 414
463 510
455 549
340 523
518 380
549 422
318 544
548 25
537 22
548 255
264 546
3 526
511 415
532 306
72 501
344 534
178 505
539 237
496 524
516 134
366 540
167 545
109 528
39 535
518 76
503 5
79 504
144 546
527 361
536 103
482 505
541 355
548 340
493 507
516 58
506 477
114 503
306 502
454 534
486 516
316 515
130 504
452 517
533 96
549 426
513 204
530 350
243 531
548 290
240 502
519 304
549 58
66 505
78 528
79 516
140 540
528 70
226 509
545 91
535 137
540 394
181 503
216 546
529 264
530 135
397 549
113 518
243 549
344 536
528 443
265 507
522 50
528 216
155 540
542 3
195 507
538 95
538 388
504 354
550 19
250 501
545 62
360 546
241 504
542 89
532 357
549 332
546 13
318 502
202 511
517 157
521 18
515 190
530 472
512 46
155 509
503 353
541 2
525 337
269 528
162 522
509 262
34 501
133 525
545 141
99 546
539 443
534 298
535 173
541 99
465 525
76 538
515 112
354 542
47 537
527 122
76 517
284 550
507 11
529 318
503 338
381 534
471 531
511 432
45 540
530 220
504 210
547 115
43 542
535 340
104 522
76 531
504 251
542 4
550 187
506 265
547 17
488 512
96 538
219 525
157 522
517 321
515 453
132 537
550 415
541 162
206 521
531 132
396 510
30 543
513 82
261 542
502 383
532 217
28 521
508 446
545 166
501 240
548 2
174 506
298 513
539 105
4 550
546 331
265 521
543 377
516 59
147 520
539 121
509 46
40 539
501 210
5 514
528 53
153 501
12 545
132 509
46 507
517 17
229 503
529 146
506 278
538 37
5 522
547 4
197 534
78 508
537 64
503 420
518 234
362 527
549 103
509 83
288 521
512 430
532 266
510 459
504 63
538 418
481 526
547 16
321 514
445 504
19 514
380 514
545 368
546 124
530 351
505 59
542 97
512 170
1 534
94 523
511 398
534 2
105 520
54 513
27 542
507 273
213 530
514 96
92 547
544 399
86 542
503 103
504 288
526 166
83 507
145 525
542 271
238 520
281 539
509 57
61 524
309 520
91 534
322 511
32 510
127 511
517 268
153 507
529 29
121 505
545 447
70 523
267 545
45 546
393 525
523 31
508 498
41 503
395 520
400 511
530 233
529 28
82 502
228 537
512 329
217 528
512 458
516 203
419 512
332 506
4 531
15 539
537 480
529 325
165 509
509 118
549 109
237 546
167 505
548 332
30 507
187 535
537 210
149 526
525 54
541 385
86 522
516 7
241 502
533 150
12 535
268 518
139 539
30 515
507 343
399 537
222 533
185 518
536 413
504 116
149 508
41 525
90 512
110 527
27 533
509 161
19 512
4 501
520 137
537 120
270 506
276 537
19 542
542 362
516 405
292 549
545 221
516 316
158 529
347 504
125 502
533 21
501 259
242 504
534 335
163 518
328 546
532 25
539 410
545 249
308 542
546 108
11 510
85 541
492 535
511 302
16 544
422 538
205 512
514 168
23 518
230 520
542 377
532 455
538 346
234 510
543 219
528 195
545 33
110 516
534 326
219 540
504 390
384 515
534 145
525 246
501 13
540 10
542 212
548 365
429 528
508 108
544 74
257 512
522 251
90 533
398 534
527 287
376 529
508 387
510 122
64 543
166 525
517 313
528 20
245 531
536 92
534 125
233 541
519 130
520 179
21 516
94 517
519 9
535 379
72 502
173 509
543 443
343 514
525 227
60 518
532 421
505 248
530 197
541 478
542 31
550 25
20 539
305 512
351 546
182 522
501 98
231 526
522 221
509 154
446 510
276 538
548 289
516 483
519 25
535 19
511 319
55 546
441 514
37 530
251 505
273 517
244 511
13 540
105 535
69 541
68 530
304 518
302 510
544 231
16 501
542 194
538 57
509 229
538 194
504 129
534 312
40 530
334 540
529 436
503 105
544 26
542 52
102 503
523 61
239 546
263 542
531 196
323 536
154 512
541 190
538 269
513 98
534 68
136 525
501 306
526 142
367 544
539 400
504 9
207 544
272 505
520 349
536 265
519 196
519 29
93 530
376 513
515 285
315 524
350 521
330 522
272 548
537 254
538 241
545 218
239 528
157 538
548 402
540 55
532 40
549 186
129 540
520 13
536 146
507 23
274 532
38 511
47 542
332 546
547 134
125 550
529 455
70 534
512 243
544 150
447 532
60 522
92 531
245 549
207 508
353 550
548 348
511 256
39 526
2 545
520 416
542 495
234 549
514 172
528 254
529 241
257 536
539 278
540 302
517 191
517 253
501 486
533 282
385 537
309 528
279 545
132 522
42 503
509 140
541 81
524 149
199 542
504 295
514 135
536 40
538 51
541 243
14 513
94 539
529 307
527 2
41 533
74 539
537 15
549 446
513 114
400 542
549 410
520 358
135 521
132 526
28 536
545 355
545 128
315 508
504 440
150 526
510 20
5 506
530 62
508 301
39 517
510 146
101 540
156 507
518 480
538 161
524 320
502 400
268 513
549 180
295 526
416 542
192 543
528 182
62 544
504 225
549 142
147 526
452 545
421 519
140 519
30 524
74 543
209 525
511 201
445 508
546 178
150 540
393 541
248 518
235 529
116 521
544 60
544 199
296 514
101 510
154 535
512 199
142 538
53 533
125 504
38 534
536 17
537 153
546 318
541 409
508 23
542 101
86 511
119 511
82 519
407 544
527 276
548 322
214 530
547 207
335 503
198 516
524 396
422 518
475 520
501 439
541 286
103 525
518 55
135 516
249 549
528 303
504 317
529 93
532 46
516 77
492 503
538 75
532 406
501 292
44 519
503 311
501 3
93 528
16 513
31 508
503 427
205 513
529 453
535 56
53 513
537 49
26 513
71 506
147 547
515 110
513 247
259 512
525 362
238 546
88 525
536 319
517 102
19 532
138 508
526 331
511 336
307 505
518 176
505 67
544 160
505 329
484 533
521 11
526 133
43 550
246 523
99 513
510 28
547 220
513 415
2 505
509 18
505 173
548 161
38 527
550 15
508 95
507 133
225 517
17 506
122 518
533 483
276 550
512 9
15 512
543 176
54 507
544 218
108 513
379 504
533 373
363 533
9 540
371 510
191 529
507 171
231 539
46 539
505 204
531 38
405 502
151 525
113 502
411 530
513 52
540 335
7 547
540 12
527 181
416 536
438 515
142 547
30 509
548 263
510 44
532 428
85 529
541 144
306 508
115 543
547 53
131 539
526 13
271 519
122 544
545 19
235 531
122 542
550 3
545 163
254 536
88 534
148 524
328 527
538 327
550 16
399 525
508 51
506 194
508 241
508 63
549 432
531 9
181 528
43 506
289 523
549 456
524 370
520 324
540 151
508 151
53 542
190 516
541 412
506 379
398 531
212 533
58 511
503 37
512 173
539 85
541 222
162 519
159 513
74 549
501 106
543 120
526 145
526 34
2 507
547 154
549 459
540 364
519 127
503 46
534 211
502 356
335 521
490 545
548 92
526 273
233 534
296 521
510 409
550 173
539 148
12 517
546 311
159 534
537 33
524 191
424 547
136 539
166 516
117 538
511 16
530 160
546 9
537 261
313 504
536 242
388 546
544 64
82 538
49 508
514 395
547 320
311 511
81 518
550 67
341 538
508 333
23 505
543 36
200 532
186 508
365 537
93 513
128 517
520 49
116 525
550 346
523 250
526 80
518 38
172 523
327 511
10 538
388 518
514 341
513 282
510 311
98 549
402 520
502 69
396 529
511 207
398 527
16 508
547 435
527 168
505 18
532 69
520 102
220 519
536 202
547 260
7 515
53 517
51 515
511 77
546 90
513 89
169 514
114 530
537 415
386 550
502 111
164 503
14 549
543 41
546 411
163 531
477 505
530 104
247 538
542 9
535 36
543 296
131 518
79 511
519 14
180 540
549 65
505 113
503 201
72 546
505 371
250 540
516 66
539 404
83 528
518 174
202 546
534 390
549 425
517 395
153 528
530 469
502 196
310 503
379 533
7 542
537 471
43 521
361 504
470 532
506 244
536 289
48 522
411 541
84 509
549 314
115 549
550 110
510 108
243 509
201 519
533 44
540 466
184 506
34 550
264 533
51 537
319 516
458 501
538 437
206 512
502 225
360 503
501 388
542 297
507 15
547 328
506 339
509 412
541 206
129 533
521 214
542 243
170 510
538 360
44 518
371 545
503 121
521 48
543 272
488 531
547 232
203 514
148 537
382 535
528 29
503 27
86 532
501 164
285 512
520 273
531 275
313 521
240 545
141 502
540 391
507 149
161 510
122 532
307 518
247 543
62 535
537 356
501 88
328 534
293 503
512 251
135 509
11 517
548 41
525 347
256 518
242 526
526 1
134 523
534 459
549 39
527 327
533 154
525 67
338 502
503 177
529 55
271 546
87 506
548 18
81 514
388 534
472 548
531 306
541 14
419 543
519 474
527 46
26 527
521 24
15 505
533 50
542 123
419 524
506 163
334 531
402 502
8 542
514 325
535 248
66 529
510 159
141 546
423 536
36 540
75 549
547 384
236 544
530 27
502 245
544 192
435 524
533 407
512 412
34 531
170 530
477 529
535 258
523 4
503 272
111 536
522 277
142 524
503 183
525 474
267 519
528 226
5 534
63 527
290 501
525 223
550 342
3 538
550 77
549 324
304 507
524 84
550 140
270 525
459 508
547 69
146 547
5 523
511 175
531 151
538 8
182 539
524 455
86 516
521 246
525 416
540 367
513 368
255 539
274 540
3 513
495 514
358 531
265 538
545 79
11 545
502 107
511 51
21 511
287 515
173 527
528 234
8 528
540 100
211 515
538 104
40 503
437 504
548 141
476 528
239 533
83 522
539 276
507 500
535 390
425 504
262 545
518 318
540 401
399 511
99 535
297 538
175 527
81 515
384 540
35 549
362 504
538 91
542 74
536 207
547 323
550 196
278 531
549 79
543 7
519 57
275 538
390 522
192 526
84 546
138 541
139 531
54 543
548 318
535 149
511 1
503 148
516 116
534 130
520 124
4 533
544 10
518 54
508 447
550 171
57 506
199 504
539 119
546 161
336 525
547 285
331 520
51 523
258 530
515 178
533 403
32 548
538 312
68 523
27 544
514 89
549 416
511 479
527 372
542 84
42 531
19 517
530 294
216 517
537 81
366 547
529 190
35 511
305 534
203 539
515 20
368 507
542 411
65 538
528 349
291 508
337 534
510 353
521 131
512 385
71 522
9 524
516 104
156 544
540 31
270 547
31 535
199 538
373 540
181 536
532 87
179 535
38 504
546 215
176 513
331 528
504 434
272 531
517 125
357 529
546 77
15 544
534 229
518 29
327 513
36 544
133 510
189 538
527 208
431 538
409 533
1 515
360 522
518 134
195 539
510 315
290 523
429 525
219 504
185 509
518 339
543 117
176 507
520 231
375 528
446 546
546 301
545 80
111 530
346 537
523 343
210 511
506 72
272 517
76 526
522 116
124 503
302 534
543 191
7 521
503 283
147 530
509 327
69 510
510 293
529 337
2 535
547 422
546 276
447 514
541 461
350 536
2 531
25 528
518 145
540 120
211 533
544 183
8 519
517 13
377 539
540 333
515 304
550 21
91 526
539 96
99 536
198 517
8 534
540 204
531 230
230 508
533 1
348 526
227 541
402 544
256 542
525 135
367 532
527 182
517 131
192 514
550 1
289 516
113 520
543 151
540 436
526 298
401 506
193 546
548 308
512 296
510 334
520 396
294 542
358 501
536 85
260 543
43 515
531 45
185 501
541 323
549 184
48 513
510 346
69 542
13 515
389 523
519 337
509 186
514 4
505 406
525 21
532 12
530 421
156 518
255 504
519 146
37 502
237 533
550 404
504 307
140 502
516 270
531 332
23 534
501 466
177 524
533 236
184 529
544 153
458 525
166 505
511 213
510 374
104 513
515 149
39 547
410 526
341 529
338 520
510 76
548 291
36 501
527 343
545 413
106 541
519 280
548 129
523 47
547 99
420 505
281 521
185 531
386 541
538 277
100 504
221 531
523 88
523 234
534 102
511 186
109 523
103 545
175 501
548 202
398 507
158 509
24 520
503 463
526 155
44 504
543 62
257 544
77 508
539 127
525 49
543 258
323 510
8 517
541 334
506 313
161 503
39 519
308 530
528 265
426 528
448 513
502 301
1 527
544 202
390 508
519 198
122 524
348 533
238 526
143 528
215 541
363 511
491 537
528 295
333 504
61 532
128 540
212 519
242 538
522 120
550 200
550 75
525 128
530 315
104 524
549 175
57 529
542 248
545 45
524 129
539 264
542 116
130 544
507 458
406 522
283 548
418 514
7 528
517 287
29 525
549 269
528 5
140 508
549 42
524 252
454 519
148 536
513 236
115 517
504 393
295 503
517 266
194 501
542 470
518 275
530 39
507 423
8 540
120 533
525 272
146 518
289 506
539 229
368 502
160 517
110 517
534 320
521 263
6 537
517 176
525 78
127 535
214 536
540 176
264 517
547 256
550 73
518 19
506 181
256 523
228 547
168 534
545 1
542 126
151 532
299 528
538 209
375 505
285 538
113 539
519 32
505 364
510 80
444 506
436 532
505 20
252 520
346 548
237 535
200 506
514 198
529 10
247 544
517 70
527 8
531 391
146 526
501 32
542 145
550 336
41 541
525 32
466 533
533 72
218 548
222 512
161 524
503 59
58 503
320 512
547 52
505 472
547 72
328 519
387 504
494 520
518 155
129 523
535 65
42 550
49 514
518 1
533 117
542 63
210 528
543 216
524 379
503 158
534 180
508 433
507 62
524 106
504 87
544 447
501 365
548 148
64 525
503 362
112 519
380 524
207 538
522 323
20 529
275 530
532 193
513 165
532 23
432 539
92 502
347 547
504 77
516 2
533 126
519 441
35 512
357 537
520 224
28 532
516 100
511 85
242 519
550 114
256 550
80 530
504 329
539 16
137 547
191 513
217 527
536 390
503 34
513 7
200 522
536 53
244 530
118 536
367 549
404 524
45 526
505 209
266 542
530 152
44 509
508 331
98 525
344 528
497 515
525 268
291 510
545 265
521 259
464 543
326 546
544 195
532 235
356 501
526 148
307 534
506 12
520 375
521 154
534 371
95 501
503 235
517 219
205 505
542 174
507 471
521 184
145 550
111 518
523 121
502 238
549 73
278 530
507 259
546 195
549 165
75 514
550 247
312 507
364 530
525 110
504 96
129 515
534 76
6 550
550 87
217 538
539 186
528 301
531 136
517 78
527 88
423 524
3 519
544 151
540 194
104 510
167 536
505 323
536 33
502 449
508 260
2 518
433 510
314 548
172 542
309 508
509 377
528 52
517 42
275 543
156 536
532 247
511 277
538 424
347 510
147 517
528 442
80 507
525 25
546 325
518 37
550 74
295 511
424 509
65 506
547 33
517 230
23 540
383 523
505 89
83 510
537 242
545 202
377 535
209 503
516 349
159 528
549 438
198 530
203 503
212 503
545 254
35 536
381 519
510 425
389 543
518 53
549 300
530 158
507 217
527 284
505 7
191 512
504 221
246 547
550 296
76 542
283 547
6 529
549 64
387 507
286 523
513 444
469 540
549 236
545 36
61 511
517 185
544 206
530 212
508 132
229 545
249 511
536 5
508 378
378 527
21 543
97 537
266 529
177 505
548 20
123 532
233 548
527 170
56 547
397 505
18 502
308 516
233 529
523 72
540 374
208 522
50 507
520 302
445 511
523 164
532 115
542 334
107 503
6 516
111 521
68 535
511 124
96 542
45 519
507 42
533 358
468 549
514 298
337 505
152 524
509 33
509 240
532 418
509 183
18 528
504 352
545 403
74 502
523 335
520 381
38 547
532 244
299 507
309 547
539 24
539 242
510 102
544 11
550 339
547 136
513 25
506 236
513 2
40 543
546 471
16 519
512 31
521 434
73 504
531 17
514 3
21 545
525 107
444 518
549 490
527 440
504 29
541 93
415 545
124 543
515 426
11 519
534 304
503 128
25 535
344 506
548 26
525 183
164 511
528 209
518 139
549 240
349 526
536 116
35 516
324 532
521 162
106 515
507 86
528 132
56 532
532 97
211 506
549 341
541 159
502 232
229 532
22 528
102 542
502 284
483 501
521 237
86 515
529 140
225 525
48 535
244 508
530 252
201 514
50 525
537 430
349 523
537 45
17 546
514 41
550 47
511 101
187 539
538 114
502 41
540 257
93 549
374 543
136 511
532 83
523 84
532 165
523 431
508 316
508 187
512 292
363 518
501 413
117 550
539 132
535 147
107 518
513 138
540 46
547 48
230 542
531 408
186 543
215 516
257 515
527 81
521 238
527 309
232 539
40 506
286 532
316 538
331 513
529 98
518 198
542 225
510 473
508 1
227 544
345 517
542 91
220 535
17 530
357 518
414 520
519 79
366 508
319 501
189 548
518 259
152 523
512 115
521 69
520 89
525 194
540 131
491 507
312 532
533 461
213 510
401 537
546 184
545 300
351 524
531 111
21 523
550 101
28 506
301 526
527 279
162 538
106 506
525 118
517 342
546 164
488 510
509 113
550 366
546 81
104 534
3 510
34 521
529 177
320 518
543 66
249 532
536 172
541 82
534 36
542 5
184 525
128 507
506 340
244 544
84 526
220 505
511 112
346 514
121 531
306 514
519 366
255 524
273 524
521 307
516 180
545 401
505 155
515 269
123 524
236 525
39 541
548 121
548 321
463 545
550 139
188 508
129 525
126 538
501 45
527 219
4 513
333 534
523 190
153 505
503 36
540 103
516 169
516 75
535 113
224 525
546 380
504 175
511 344
544 297
502 280
532 163
107 508
502 91
522 97
23 510
546 445
514 205
69 530
537 271
83 545
509 275
127 548
520 27
533 14
546 289
509 468
506 99
300 541
137 519
518 85
53 538
189 501
527 108
62 533
516 208
501 64
502 71
516 216
508 97
529 69
41 507
143 518
522 364
539 170
550 205
175 536
504 124
87 509
515 92
506 138
545 258
548 298
253 505
540 6
515 139
530 84
535 231
190 509
515 48
46 504
542 260
108 547
537 281
545 130
332 508
433 516
69 505
522 252
20 507
33 550
46 510
531 123
502 333
507 305
550 38
385 548
510 115
505 83
127 509
522 34
538 453
316 528
99 505
118 527
519 65
501 286
27 507
27 513
544 35
126 525
545 407
62 542
48 512
114 546
21 526
520 45
146 507
545 34
183 541
518 312
523 261
503 299
544 76
9 503
46 525
252 506
526 252
291 535
136 501
537 133
66 513
153 541
508 8
504 54
231 524
152 503
71 537
122 538
512 14
512 484
512 279
123 516
44 544
534 465
507 21
21 527
95 504
523 345
509 343
63 531
515 100
540 392
338 533
546 210
150 536
503 88
29 537
525 77
148 517
518 103
516 12
519 165
550 32
336 502
439 538
506 109
181 521
537 218
180 535
165 528
349 506
521 75
522 405
525 189
529 278
271 547
507 294
545 314
514 417
73 527
94 546
521 68
531 203
55 519
84 540
529 105
514 35
304 528
518 249
140 515
74 520
513 1
529 9
511 283
519 133
517 81
249 520
528 6
518 241
535 168
540 44
31 501
547 45
541 267
520 35
183 542
521 36
502 79
548 105
219 550
174 539
522 347
340 540
549 201
137 514
518 22
440 525
41 510
505 10
502 10
81 530
392 512
507 49
521 317
520 201
510 61
31 545
65 517
534 331
543 127
223 541
522 386
505 124
514 53
525 424
546 30
543 100
125 521
280 510
20 518
103 515
83 502
145 512
22 515
197 522
89 503
502 185
508 127
513 167
543 167
544 40
67 512
98 514
47 525
17 541
281 548
216 508
515 308
506 465
528 215
504 410
157 508
527 226
533 124
97 538
530 181
547 86
518 125
49 523
531 217
525 334
507 150
539 297
548 294
6 514
535 43
530 73
511 99
506 48
89 530
176 546
539 370
532 48
548 98
542 59
501 326
524 286
259 502
540 39
59 501
501 112
264 528
516 428
515 62
546 62
546 378
437 517
515 363
526 67
325 539
538 373
534 90
182 520
528 324
509 303
193 525
325 525
511 431
523 279
56 524
342 507
50 526
33 539
96 503
524 230
515 437
294 502
537 312
547 32
546 96
546 112
134 505
326 520
34 538
535 407
97 550
90 514
511 24
534 232
501 214
352 516
232 501
255 529
186 544
501 152
521 204
463 506
35 513
228 502
536 227
106 536
64 516
550 14
150 545
434 517
528 334
152 548
357 502
528 30
134 509
269 531
550 159
473 508
523 200
347 535
508 223
521 330
532 33
507 92
98 521
510 56
70 513
52 502
367 538
159 544
420 547
513 30
45 532
534 79
280 535
532 67
341 547
502 49
517 286
236 502
517 92
282 507
10 526
524 8
538 177
56 503
523 107
519 47
59 541
282 522
537 394
535 211
316 524
516 49
98 508
520 116
546 338
303 510
525 278
412 510
515 70
530 63
504 203
36 537
528 394
237 527
311 526
223 506
525 454
118 532
10 507
507 303
139 537
543 80
326 516
540 139
177 531
507 351
133 514
112 545
291 501
218 543
68 532
89 532
111 511
511 104
164 529
281 533
517 90
506 19
539 126
519 407
513 186
522 81
169 506
549 316
63 537
524 86
514 64
511 59
222 543
325 509
223 509
508 200
512 297
540 314
138 548
168 510
515 56
523 282
14 529
541 193
506 168
6 527
501 37
268 529
66 520
506 167
26 512
521 268
314 519
148 547
548 274
1 543
175 513
4 546
519 6
103 532
51 547
543 89
542 85
514 374
550 261
225 543
4 528
258 518
221 528
266 523
55 504
547 188
519 175
144 550
540 126
275 522
378 547
532 283
520 68
539 92
513 33
335 518
8 529
6 539
269 527
541 123
294 515
539 173
518 51
543 68
143 541
536 279
71 545
524 468
514 32
515 18
261 524
55 528
330 510
335 529
540 56
550 169
539 486
219 532
550 240
540 71
60 535
511 117
470 543
47 530
232 506
80 542
506 209
18 516
526 237
264 505
79 538
508 314
29 510
503 6
544 437
261 532
506 78
349 505
502 417
531 60
90 532
324 527
514 167
514 26
211 502
208 512
528 283
505 147
173 538
525 84
522 169
525 44
538 324
325 545
13 530
364 503
529 11
320 544
530 274
524 330
150 513
104 542
548 30
14 522
539 34
528 24
538 429
268 506
355 510
541 107
545 389
514 351
530 145
550 292
541 109
511 19
53 516
227 507
525 228
138 511
80 537
146 543
507 43
529 389
15 532
525 295
549 56
540 108
260 537
504 185
542 292
525 15
514 143
502 93
149 546
82 517
320 526
515 40
43 532
143 544
181 520
13 504
214 505
248 537
71 515
266 534
145 524
526 363
539 11
188 521
206 540
526 485
73 544
512 182
502 222
31 520
528 44
517 35
26 525
15 546
11 540
505 257
17 529
163 537
124 513
518 326
117 520
31 532
168 530
546 70
539 326
358 543
537 440
517 205
203 522
232 546

TERMINALS
501
502
503
504
505
506
507
508
509
510
511
512
513
514
515
516
517
518
519
520
521
522
523
524
525
526
527
528
529
530
531
532
533
534
535
536
537
538
539
540
541
542
543
544
545
546
547
548
549
550

END
