INSTANCE_NAME cc10-2u.dat
NB_VERTICES 1024
NB_ARCS 5120
NB_REQUESTS 0
NB_BLOCKAGES 3840
NB_TERMINALS 135

VERTICES
1 0 0
2 0 0
3 0 0
4 0 0
5 0 0
6 0 0
7 0 0
8 0 0
9 0 0
10 0 0
11 0 0
12 0 0
13 0 0
14 0 0
15 0 0
16 0 0
17 0 0
18 0 0
19 0 0
20 0 0
21 0 0
22 0 0
23 0 0
24 0 0
25 0 0
26 0 0
27 0 0
28 0 0
29 0 0
30 0 0
31 0 0
32 0 0
33 0 0
34 0 0
35 0 0
36 0 0
37 0 0
38 0 0
39 0 0
40 0 0
41 0 0
42 0 0
43 0 0
44 0 0
45 0 0
46 0 0
47 0 0
48 0 0
49 0 0
50 0 0
51 0 0
52 0 0
53 0 0
54 0 0
55 0 0
56 0 0
57 0 0
58 0 0
59 0 0
60 0 0
61 0 0
62 0 0
63 0 0
64 0 0
65 0 0
66 0 0
67 0 0
68 0 0
69 0 0
70 0 0
71 0 0
72 0 0
73 0 0
74 0 0
75 0 0
76 0 0
77 0 0
78 0 0
79 0 0
80 0 0
81 0 0
82 0 0
83 0 0
84 0 0
85 0 0
86 0 0
87 0 0
88 0 0
89 0 0
90 0 0
91 0 0
92 0 0
93 0 0
94 0 0
95 0 0
96 0 0
97 0 0
98 0 0
99 0 0
100 0 0
101 0 0
102 0 0
103 0 0
104 0 0
105 0 0
106 0 0
107 0 0
108 0 0
109 0 0
110 0 0
111 0 0
112 0 0
113 0 0
114 0 0
115 0 0
116 0 0
117 0 0
118 0 0
119 0 0
120 0 0
121 0 0
122 0 0
123 0 0
124 0 0
125 0 0
126 0 0
127 0 0
128 0 0
129 0 0
130 0 0
131 0 0
132 0 0
133 0 0
134 0 0
135 0 0
136 0 0
137 0 0
138 0 0
139 0 0
140 0 0
141 0 0
142 0 0
143 0 0
144 0 0
145 0 0
146 0 0
147 0 0
148 0 0
149 0 0
150 0 0
151 0 0
152 0 0
153 0 0
154 0 0
155 0 0
156 0 0
157 0 0
158 0 0
159 0 0
160 0 0
161 0 0
162 0 0
163 0 0
164 0 0
165 0 0
166 0 0
167 0 0
168 0 0
169 0 0
170 0 0
171 0 0
172 0 0
173 0 0
174 0 0
175 0 0
176 0 0
177 0 0
178 0 0
179 0 0
180 0 0
181 0 0
182 0 0
183 0 0
184 0 0
185 0 0
186 0 0
187 0 0
188 0 0
189 0 0
190 0 0
191 0 0
192 0 0
193 0 0
194 0 0
195 0 0
196 0 0
197 0 0
198 0 0
199 0 0
200 0 0
201 0 0
202 0 0
203 0 0
204 0 0
205 0 0
206 0 0
207 0 0
208 0 0
209 0 0
210 0 0
211 0 0
212 0 0
213 0 0
214 0 0
215 0 0
216 0 0
217 0 0
218 0 0
219 0 0
220 0 0
221 0 0
222 0 0
223 0 0
224 0 0
225 0 0
226 0 0
227 0 0
228 0 0
229 0 0
230 0 0
231 0 0
232 0 0
233 0 0
234 0 0
235 0 0
236 0 0
237 0 0
238 0 0
239 0 0
240 0 0
241 0 0
242 0 0
243 0 0
244 0 0
245 0 0
246 0 0
247 0 0
248 0 0
249 0 0
250 0 0
251 0 0
252 0 0
253 0 0
254 0 0
255 0 0
256 0 0
257 0 0
258 0 0
259 0 0
260 0 0
261 0 0
262 0 0
263 0 0
264 0 0
265 0 0
266 0 0
267 0 0
268 0 0
269 0 0
270 0 0
271 0 0
272 0 0
273 0 0
274 0 0
275 0 0
276 0 0
277 0 0
278 0 0
279 0 0
280 0 0
281 0 0
282 0 0
283 0 0
284 0 0
285 0 0
286 0 0
287 0 0
288 0 0
289 0 0
290 0 0
291 0 0
292 0 0
293 0 0
294 0 0
295 0 0
296 0 0
297 0 0
298 0 0
299 0 0
300 0 0
301 0 0
302 0 0
303 0 0
304 0 0
305 0 0
306 0 0
307 0 0
308 0 0
309 0 0
310 0 0
311 0 0
312 0 0
313 0 0
314 0 0
315 0 0
316 0 0
317 0 0
318 0 0
319 0 0
320 0 0
321 0 0
322 0 0
323 0 0
324 0 0
325 0 0
326 0 0
327 0 0
328 0 0
329 0 0
330 0 0
331 0 0
332 0 0
333 0 0
334 0 0
335 0 0
336 0 0
337 0 0
338 0 0
339 0 0
340 0 0
341 0 0
342 0 0
343 0 0
344 0 0
345 0 0
346 0 0
347 0 0
348 0 0
349 0 0
350 0 0
351 0 0
352 0 0
353 0 0
354 0 0
355 0 0
356 0 0
357 0 0
358 0 0
359 0 0
360 0 0
361 0 0
362 0 0
363 0 0
364 0 0
365 0 0
366 0 0
367 0 0
368 0 0
369 0 0
370 0 0
371 0 0
372 0 0
373 0 0
374 0 0
375 0 0
376 0 0
377 0 0
378 0 0
379 0 0
380 0 0
381 0 0
382 0 0
383 0 0
384 0 0
385 0 0
386 0 0
387 0 0
388 0 0
389 0 0
390 0 0
391 0 0
392 0 0
393 0 0
394 0 0
395 0 0
396 0 0
397 0 0
398 0 0
399 0 0
400 0 0
401 0 0
402 0 0
403 0 0
404 0 0
405 0 0
406 0 0
407 0 0
408 0 0
409 0 0
410 0 0
411 0 0
412 0 0
413 0 0
414 0 0
415 0 0
416 0 0
417 0 0
418 0 0
419 0 0
420 0 0
421 0 0
422 0 0
423 0 0
424 0 0
425 0 0
426 0 0
427 0 0
428 0 0
429 0 0
430 0 0
431 0 0
432 0 0
433 0 0
434 0 0
435 0 0
436 0 0
437 0 0
438 0 0
439 0 0
440 0 0
441 0 0
442 0 0
443 0 0
444 0 0
445 0 0
446 0 0
447 0 0
448 0 0
449 0 0
450 0 0
451 0 0
452 0 0
453 0 0
454 0 0
455 0 0
456 0 0
457 0 0
458 0 0
459 0 0
460 0 0
461 0 0
462 0 0
463 0 0
464 0 0
465 0 0
466 0 0
467 0 0
468 0 0
469 0 0
470 0 0
471 0 0
472 0 0
473 0 0
474 0 0
475 0 0
476 0 0
477 0 0
478 0 0
479 0 0
480 0 0
481 0 0
482 0 0
483 0 0
484 0 0
485 0 0
486 0 0
487 0 0
488 0 0
489 0 0
490 0 0
491 0 0
492 0 0
493 0 0
494 0 0
495 0 0
496 0 0
497 0 0
498 0 0
499 0 0
500 0 0
501 0 0
502 0 0
503 0 0
504 0 0
505 0 0
506 0 0
507 0 0
508 0 0
509 0 0
510 0 0
511 0 0
512 0 0
513 0 0
514 0 0
515 0 0
516 0 0
517 0 0
518 0 0
519 0 0
520 0 0
521 0 0
522 0 0
523 0 0
524 0 0
525 0 0
526 0 0
527 0 0
528 0 0
529 0 0
530 0 0
531 0 0
532 0 0
533 0 0
534 0 0
535 0 0
536 0 0
537 0 0
538 0 0
539 0 0
540 0 0
541 0 0
542 0 0
543 0 0
544 0 0
545 0 0
546 0 0
547 0 0
548 0 0
549 0 0
550 0 0
551 0 0
552 0 0
553 0 0
554 0 0
555 0 0
556 0 0
557 0 0
558 0 0
559 0 0
560 0 0
561 0 0
562 0 0
563 0 0
564 0 0
565 0 0
566 0 0
567 0 0
568 0 0
569 0 0
570 0 0
571 0 0
572 0 0
573 0 0
574 0 0
575 0 0
576 0 0
577 0 0
578 0 0
579 0 0
580 0 0
581 0 0
582 0 0
583 0 0
584 0 0
585 0 0
586 0 0
587 0 0
588 0 0
589 0 0
590 0 0
591 0 0
592 0 0
593 0 0
594 0 0
595 0 0
596 0 0
597 0 0
598 0 0
599 0 0
600 0 0
601 0 0
602 0 0
603 0 0
604 0 0
605 0 0
606 0 0
607 0 0
608 0 0
609 0 0
610 0 0
611 0 0
612 0 0
613 0 0
614 0 0
615 0 0
616 0 0
617 0 0
618 0 0
619 0 0
620 0 0
621 0 0
622 0 0
623 0 0
624 0 0
625 0 0
626 0 0
627 0 0
628 0 0
629 0 0
630 0 0
631 0 0
632 0 0
633 0 0
634 0 0
635 0 0
636 0 0
637 0 0
638 0 0
639 0 0
640 0 0
641 0 0
642 0 0
643 0 0
644 0 0
645 0 0
646 0 0
647 0 0
648 0 0
649 0 0
650 0 0
651 0 0
652 0 0
653 0 0
654 0 0
655 0 0
656 0 0
657 0 0
658 0 0
659 0 0
660 0 0
661 0 0
662 0 0
663 0 0
664 0 0
665 0 0
666 0 0
667 0 0
668 0 0
669 0 0
670 0 0
671 0 0
672 0 0
673 0 0
674 0 0
675 0 0
676 0 0
677 0 0
678 0 0
679 0 0
680 0 0
681 0 0
682 0 0
683 0 0
684 0 0
685 0 0
686 0 0
687 0 0
688 0 0
689 0 0
690 0 0
691 0 0
692 0 0
693 0 0
694 0 0
695 0 0
696 0 0
697 0 0
698 0 0
699 0 0
700 0 0
701 0 0
702 0 0
703 0 0
704 0 0
705 0 0
706 0 0
707 0 0
708 0 0
709 0 0
710 0 0
711 0 0
712 0 0
713 0 0
714 0 0
715 0 0
716 0 0
717 0 0
718 0 0
719 0 0
720 0 0
721 0 0
722 0 0
723 0 0
724 0 0
725 0 0
726 0 0
727 0 0
728 0 0
729 0 0
730 0 0
731 0 0
732 0 0
733 0 0
734 0 0
735 0 0
736 0 0
737 0 0
738 0 0
739 0 0
740 0 0
741 0 0
742 0 0
743 0 0
744 0 0
745 0 0
746 0 0
747 0 0
748 0 0
749 0 0
750 0 0
751 0 0
752 0 0
753 0 0
754 0 0
755 0 0
756 0 0
757 0 0
758 0 0
759 0 0
760 0 0
761 0 0
762 0 0
763 0 0
764 0 0
765 0 0
766 0 0
767 0 0
768 0 0
769 0 0
770 0 0
771 0 0
772 0 0
773 0 0
774 0 0
775 0 0
776 0 0
777 0 0
778 0 0
779 0 0
780 0 0
781 0 0
782 0 0
783 0 0
784 0 0
785 0 0
786 0 0
787 0 0
788 0 0
789 0 0
790 0 0
791 0 0
792 0 0
793 0 0
794 0 0
795 0 0
796 0 0
797 0 0
798 0 0
799 0 0
800 0 0
801 0 0
802 0 0
803 0 0
804 0 0
805 0 0
806 0 0
807 0 0
808 0 0
809 0 0
810 0 0
811 0 0
812 0 0
813 0 0
814 0 0
815 0 0
816 0 0
817 0 0
818 0 0
819 0 0
820 0 0
821 0 0
822 0 0
823 0 0
824 0 0
825 0 0
826 0 0
827 0 0
828 0 0
829 0 0
830 0 0
831 0 0
832 0 0
833 0 0
834 0 0
835 0 0
836 0 0
837 0 0
838 0 0
839 0 0
840 0 0
841 0 0
842 0 0
843 0 0
844 0 0
845 0 0
846 0 0
847 0 0
848 0 0
849 0 0
850 0 0
851 0 0
852 0 0
853 0 0
854 0 0
855 0 0
856 0 0
857 0 0
858 0 0
859 0 0
860 0 0
861 0 0
862 0 0
863 0 0
864 0 0
865 0 0
866 0 0
867 0 0
868 0 0
869 0 0
870 0 0
871 0 0
872 0 0
873 0 0
874 0 0
875 0 0
876 0 0
877 0 0
878 0 0
879 0 0
880 0 0
881 0 0
882 0 0
883 0 0
884 0 0
885 0 0
886 0 0
887 0 0
888 0 0
889 0 0
890 0 0
891 0 0
892 0 0
893 0 0
894 0 0
895 0 0
896 0 0
897 0 0
898 0 0
899 0 0
900 0 0
901 0 0
902 0 0
903 0 0
904 0 0
905 0 0
906 0 0
907 0 0
908 0 0
909 0 0
910 0 0
911 0 0
912 0 0
913 0 0
914 0 0
915 0 0
916 0 0
917 0 0
918 0 0
919 0 0
920 0 0
921 0 0
922 0 0
923 0 0
924 0 0
925 0 0
926 0 0
927 0 0
928 0 0
929 0 0
930 0 0
931 0 0
932 0 0
933 0 0
934 0 0
935 0 0
936 0 0
937 0 0
938 0 0
939 0 0
940 0 0
941 0 0
942 0 0
943 0 0
944 0 0
945 0 0
946 0 0
947 0 0
948 0 0
949 0 0
950 0 0
951 0 0
952 0 0
953 0 0
954 0 0
955 0 0
956 0 0
957 0 0
958 0 0
959 0 0
960 0 0
961 0 0
962 0 0
963 0 0
964 0 0
965 0 0
966 0 0
967 0 0
968 0 0
969 0 0
970 0 0
971 0 0
972 0 0
973 0 0
974 0 0
975 0 0
976 0 0
977 0 0
978 0 0
979 0 0
980 0 0
981 0 0
982 0 0
983 0 0
984 0 0
985 0 0
986 0 0
987 0 0
988 0 0
989 0 0
990 0 0
991 0 0
992 0 0
993 0 0
994 0 0
995 0 0
996 0 0
997 0 0
998 0 0
999 0 0
1000 0 0
1001 0 0
1002 0 0
1003 0 0
1004 0 0
1005 0 0
1006 0 0
1007 0 0
1008 0 0
1009 0 0
1010 0 0
1011 0 0
1012 0 0
1013 0 0
1014 0 0
1015 0 0
1016 0 0
1017 0 0
1018 0 0
1019 0 0
1020 0 0
1021 0 0
1022 0 0
1023 0 0
1024 0 0

ARCS
1 2 2
2 4 1
4 3 1
3 1 2
1 5 2
5 6 1
6 2 1
2 10 1
10 9 1
9 1 2
1 17 2
17 18 1
18 2 1
2 34 1
34 33 1
33 1 2
1 65 2
65 66 1
66 2 1
2 130 1
130 129 1
129 1 2
1 257 2
257 258 1
258 2 1
2 514 2
514 513 2
513 1 2
513 515 2
515 3 2
3 7 1
7 5 1
5 13 1
13 9 1
9 11 1
11 3 1
3 19 1
19 17 1
17 21 1
21 5 1
5 37 1
37 33 1
33 35 1
35 3 1
3 67 1
67 65 1
65 69 1
69 5 1
5 133 2
133 129 2
129 131 1
131 3 1
3 259 1
259 257 1
257 261 1
261 5 1
5 517 1
517 513 1
513 521 2
521 9 2
9 25 2
25 17 2
17 49 1
49 33 1
33 41 1
41 9 1
9 73 1
73 65 1
65 81 1
81 17 1
17 145 1
145 129 1
129 137 1
137 9 1
9 265 1
265 257 1
257 273 1
273 17 1
17 529 1
529 513 1
513 545 1
545 33 1
33 97 1
97 65 1
65 193 1
193 129 1
129 161 1
161 33 1
33 289 1
289 257 1
257 321 1
321 65 1
65 577 1
577 513 1
513 641 1
641 129 1
129 385 1
385 257 1
257 769 1
769 513 1
769 770 1
770 258 1
258 260 2
260 4 2
4 8 1
8 6 1
6 14 1
14 10 1
10 12 1
12 4 1
4 20 1
20 18 1
18 22 1
22 6 1
6 38 1
38 34 1
34 36 1
36 4 1
4 68 1
68 66 1
66 70 1
70 6 1
6 134 1
134 130 1
130 132 1
132 4 1
4 516 1
516 514 2
514 518 2
518 6 1
6 262 2
262 258 2
258 266 1
266 10 1
10 26 1
26 18 1
18 50 1
50 34 1
34 42 1
42 10 1
10 74 1
74 66 1
66 82 1
82 18 1
18 146 1
146 130 1
130 138 2
138 10 2
10 522 1
522 514 2
514 530 3
530 18 2
18 274 1
274 258 1
258 290 1
290 34 1
34 98 1
98 66 1
66 194 1
194 130 1
130 162 2
162 34 2
34 546 1
546 514 2
514 578 3
578 66 2
66 322 1
322 258 1
258 386 1
386 130 1
130 642 1
642 514 2
514 770 2
770 772 1
772 260 2
260 259 2
259 263 1
263 7 1
7 8 1
8 16 2
16 12 2
12 11 1
11 15 1
15 7 1
7 23 2
23 19 2
19 20 1
20 24 1
24 8 1
8 40 1
40 36 1
36 35 1
35 39 2
39 7 2
7 71 1
71 67 1
67 68 1
68 72 1
72 8 1
8 136 1
136 132 1
132 131 1
131 135 1
135 7 1
7 519 1
519 515 2
515 516 2
516 520 1
520 8 1
8 264 1
264 260 2
260 268 2
268 12 1
12 28 1
28 20 1
20 52 2
52 36 2
36 44 1
44 12 1
12 76 1
76 68 1
68 84 2
84 20 2
20 148 1
148 132 1
132 140 1
140 12 1
12 524 1
524 516 1
516 532 1
532 20 1
20 276 1
276 260 2
260 292 2
292 36 1
36 100 2
100 68 2
68 196 1
196 132 1
132 164 1
164 36 1
36 548 1
548 516 1
516 580 1
580 68 1
68 324 1
324 260 2
260 388 2
388 132 1
132 644 2
644 516 2
516 772 1
772 771 1
771 259 1
259 267 1
267 11 1
11 27 1
27 19 1
19 51 1
51 35 1
35 43 1
43 11 1
11 75 2
75 67 2
67 83 1
83 19 1
19 147 2
147 131 2
131 139 1
139 11 1
11 523 1
523 515 2
515 531 2
531 19 1
19 275 2
275 259 2
259 291 1
291 35 1
35 99 1
99 67 1
67 195 1
195 131 1
131 163 1
163 35 1
35 547 1
547 515 2
515 579 2
579 67 1
67 323 1
323 259 1
259 387 1
387 131 1
131 643 1
643 515 2
515 771 2
771 769 1
769 773 1
773 261 1
261 262 2
262 264 2
264 263 1
263 261 1
261 269 2
269 13 2
13 14 1
14 16 2
16 15 2
15 13 1
13 29 1
29 21 1
21 22 1
22 24 1
24 23 2
23 21 2
21 53 1
53 37 1
37 38 1
38 40 1
40 39 2
39 37 2
37 45 1
45 13 1
13 77 1
77 69 1
69 70 1
70 72 1
72 71 1
71 69 1
69 85 1
85 21 1
21 149 1
149 133 2
133 134 2
134 136 1
136 135 1
135 133 2
133 141 2
141 13 1
13 525 2
525 517 2
517 518 1
518 520 1
520 519 1
519 517 1
517 533 1
533 21 1
21 277 1
277 261 1
261 293 1
293 37 1
37 101 1
101 69 1
69 197 2
197 133 3
133 165 2
165 37 1
37 549 1
549 517 1
517 581 1
581 69 1
69 325 1
325 261 1
261 389 1
389 133 2
133 645 2
645 517 1
517 773 1
773 774 1
774 262 2
262 270 2
270 14 1
14 30 1
30 22 1
22 54 1
54 38 1
38 46 1
46 14 1
14 78 1
78 70 1
70 86 1
86 22 1
22 150 2
150 134 2
134 142 1
142 14 1
14 526 1
526 518 1
518 534 1
534 22 1
22 278 1
278 262 2
262 294 2
294 38 1
38 102 2
102 70 2
70 198 1
198 134 1
134 166 1
166 38 1
38 550 1
550 518 1
518 582 1
582 70 1
70 326 1
326 262 2
262 390 2
390 134 1
134 646 1
646 518 1
518 774 1
774 770 1
770 778 1
778 266 1
266 265 1
265 267 1
267 268 1
268 266 1
266 270 1
270 269 2
269 265 2
265 281 1
281 25 2
25 26 2
26 28 1
28 27 1
27 25 2
25 29 2
29 30 1
30 26 1
26 58 1
58 42 1
42 41 1
41 43 1
43 44 1
44 42 1
42 46 1
46 45 1
45 41 1
41 57 2
57 25 3
25 89 2
89 73 1
73 74 1
74 76 1
76 75 2
75 73 2
73 77 1
77 78 1
78 74 1
74 90 1
90 26 1
26 154 1
154 138 2
138 137 2
137 139 1
139 140 1
140 138 2
138 142 2
142 141 1
141 137 1
137 153 1
153 25 2
25 537 2
537 521 2
521 522 2
522 524 1
524 523 1
523 521 2
521 525 3
525 526 2
526 522 1
522 538 1
538 26 1
26 282 1
282 266 1
266 298 1
298 42 1
42 106 1
106 74 1
74 202 1
202 138 2
138 170 3
170 42 2
42 554 1
554 522 1
522 586 1
586 74 1
74 330 2
330 266 2
266 394 1
394 138 2
138 650 2
650 522 1
522 778 1
778 777 1
777 265 1
265 297 1
297 41 1
41 105 1
105 73 1
73 201 1
201 137 1
137 169 1
169 41 1
41 553 1
553 521 2
521 585 2
585 73 1
73 329 1
329 265 1
265 393 1
393 137 1
137 649 1
649 521 2
521 777 2
777 769 1
769 785 1
785 273 1
273 274 1
274 276 1
276 275 2
275 273 2
273 277 1
277 278 1
278 274 1
274 282 1
282 281 1
281 273 1
273 305 1
305 49 1
49 50 1
50 52 2
52 51 2
51 49 1
49 53 1
53 54 1
54 50 1
50 58 1
58 57 2
57 49 2
49 113 1
113 81 1
81 82 1
82 84 2
84 83 2
83 81 1
81 85 1
85 86 1
86 82 1
82 90 1
90 89 1
89 81 1
81 209 1
209 145 1
145 146 1
146 148 1
148 147 2
147 145 2
145 149 1
149 150 2
150 146 2
146 154 1
154 153 1
153 145 1
145 177 1
177 49 1
49 561 1
561 529 1
529 530 2
530 532 2
532 531 1
531 529 1
529 533 1
533 534 1
534 530 2
530 538 2
538 537 1
537 529 1
529 593 1
593 81 1
81 337 2
337 273 2
273 401 1
401 145 1
145 657 2
657 529 2
529 785 1
785 786 1
786 274 1
274 306 2
306 50 2
50 114 1
114 82 1
82 210 1
210 146 1
146 178 1
178 50 1
50 562 1
562 530 2
530 594 2
594 82 1
82 338 1
338 274 1
274 402 1
402 146 1
146 658 1
658 530 2
530 786 2
786 770 1
770 802 1
802 290 1
290 289 1
289 291 1
291 292 1
292 290 1
290 294 1
294 293 1
293 289 1
289 297 1
297 298 1
298 290 1
290 306 2
306 305 2
305 289 1
289 353 2
353 97 2
97 98 1
98 100 2
100 99 2
99 97 1
97 101 1
101 102 2
102 98 2
98 106 1
106 105 1
105 97 1
97 113 1
113 114 1
114 98 1
98 226 1
226 162 2
162 161 2
161 163 1
163 164 1
164 162 2
162 166 2
166 165 1
165 161 1
161 169 1
169 170 2
170 162 3
162 178 2
178 177 1
177 161 1
161 225 1
225 97 1
97 609 1
609 545 1
545 546 1
546 548 1
548 547 1
547 545 1
545 549 1
549 550 1
550 546 1
546 554 1
554 553 1
553 545 1
545 561 1
561 562 1
562 546 1
546 610 1
610 98 1
98 354 1
354 290 1
290 418 1
418 162 2
162 674 3
674 546 2
546 802 1
802 801 2
801 289 2
289 417 2
417 161 2
161 673 1
673 545 1
545 801 2
801 769 2
769 833 1
833 321 1
321 322 1
322 324 1
324 323 1
323 321 1
321 325 1
325 326 1
326 322 1
322 330 2
330 329 2
329 321 1
321 337 2
337 338 2
338 322 1
322 354 1
354 353 2
353 321 2
321 449 1
449 193 1
193 194 1
194 196 1
196 195 1
195 193 1
193 197 2
197 198 2
198 194 1
194 202 1
202 201 1
201 193 1
193 209 1
209 210 1
210 194 1
194 226 1
226 225 1
225 193 1
193 705 1
705 577 1
577 578 2
578 580 2
580 579 1
579 577 1
577 581 1
581 582 1
582 578 2
578 586 2
586 585 1
585 577 1
577 593 1
593 594 1
594 578 2
578 610 2
610 609 1
609 577 1
577 833 1
833 834 1
834 322 1
322 450 2
450 194 2
194 706 1
706 578 2
578 834 2
834 770 1
770 898 1
898 386 1
386 385 1
385 387 1
387 388 1
388 386 1
386 390 1
390 389 1
389 385 1
385 393 1
393 394 1
394 386 1
386 402 1
402 401 1
401 385 1
385 417 2
417 418 2
418 386 1
386 450 2
450 449 2
449 385 1
385 897 1
897 641 1
641 642 1
642 644 2
644 643 2
643 641 1
641 645 1
645 646 1
646 642 1
642 650 1
650 649 1
649 641 1
641 657 2
657 658 2
658 642 1
642 674 2
674 673 2
673 641 1
641 705 1
705 706 1
706 642 1
642 898 1
898 897 1
897 769 1
897 899 1
899 387 1
387 391 1
391 135 1
135 143 1
143 15 1
15 31 1
31 23 2
23 55 2
55 39 2
39 47 2
47 15 1
15 79 1
79 71 1
71 87 1
87 23 2
23 151 2
151 135 1
135 167 1
167 39 2
39 103 2
103 71 1
71 199 1
199 135 1
135 647 1
647 519 1
519 527 1
527 15 1
15 271 1
271 263 1
263 279 1
279 23 2
23 535 2
535 519 1
519 551 1
551 39 2
39 295 2
295 263 1
263 327 2
327 71 2
71 583 1
583 519 1
519 775 2
775 263 2
263 391 1
391 389 1
389 397 2
397 141 2
141 143 1
143 139 1
139 155 1
155 27 1
27 31 1
31 29 1
29 61 1
61 45 1
45 47 1
47 43 1
43 59 1
59 27 1
27 91 1
91 75 2
75 79 2
79 77 1
77 93 1
93 29 1
29 157 1
157 141 1
141 173 1
173 45 1
45 109 2
109 77 2
77 205 1
205 141 1
141 653 1
653 525 2
525 527 2
527 523 1
523 539 1
539 27 1
27 283 1
283 267 1
267 271 1
271 269 2
269 285 2
285 29 1
29 541 1
541 525 2
525 557 2
557 45 1
45 301 2
301 269 3
269 333 2
333 77 1
77 589 1
589 525 2
525 781 2
781 269 2
269 397 3
397 393 2
393 395 1
395 139 1
139 171 1
171 43 1
43 107 1
107 75 2
75 203 3
203 139 2
139 651 1
651 523 1
523 555 1
555 43 1
43 299 2
299 267 2
267 331 1
331 75 2
75 587 2
587 523 1
523 779 1
779 267 1
267 395 1
395 387 1
387 403 2
403 147 3
147 151 2
151 149 1
149 157 1
157 153 1
153 155 1
155 147 2
147 179 2
179 51 1
51 55 1
55 53 1
53 61 1
61 57 2
57 59 2
59 51 1
51 115 1
115 83 1
83 87 1
87 85 1
85 93 1
93 89 1
89 91 1
91 83 1
83 211 1
211 147 2
147 659 2
659 531 1
531 535 1
535 533 1
533 541 1
541 537 1
537 539 1
539 531 1
531 563 1
563 51 1
51 307 1
307 275 2
275 279 2
279 277 1
277 285 1
285 281 1
281 283 1
283 275 2
275 339 2
339 83 1
83 595 1
595 531 1
531 787 1
787 275 2
275 403 3
403 401 2
401 405 1
405 149 1
149 181 1
181 53 1
53 117 1
117 85 1
85 213 1
213 149 1
149 661 1
661 533 1
533 565 2
565 53 2
53 309 1
309 277 1
277 341 1
341 85 1
85 597 2
597 533 2
533 789 2
789 277 2
277 405 1
405 389 1
389 421 1
421 165 1
165 167 1
167 163 1
163 171 1
171 169 1
169 173 1
173 165 1
165 181 1
181 177 1
177 179 1
179 163 1
163 227 1
227 99 1
99 103 1
103 101 1
101 109 2
109 105 2
105 107 1
107 99 1
99 115 1
115 113 1
113 117 1
117 101 1
101 229 1
229 165 1
165 677 1
677 549 1
549 551 1
551 547 1
547 555 1
555 553 1
553 557 1
557 549 1
549 565 2
565 561 2
561 563 1
563 547 1
547 611 1
611 99 1
99 355 1
355 291 1
291 295 1
295 293 1
293 301 2
301 297 2
297 299 2
299 291 2
291 307 1
307 305 1
305 309 1
309 293 1
293 357 1
357 101 1
101 613 1
613 549 1
549 805 1
805 293 1
293 421 1
421 417 2
417 419 2
419 163 1
163 675 2
675 547 2
547 803 1
803 291 1
291 419 1
419 387 1
387 451 1
451 195 1
195 199 1
199 197 2
197 205 2
205 201 1
201 203 2
203 195 2
195 211 1
211 209 1
209 213 1
213 197 2
197 229 2
229 225 1
225 227 1
227 195 1
195 707 1
707 579 1
579 583 1
583 581 1
581 589 1
589 585 1
585 587 1
587 579 1
579 595 1
595 593 1
593 597 2
597 581 2
581 613 1
613 609 1
609 611 1
611 579 1
579 835 1
835 323 1
323 327 2
327 325 2
325 333 1
333 329 1
329 331 1
331 323 1
323 339 1
339 337 2
337 341 2
341 325 1
325 357 1
357 353 2
353 355 2
355 323 1
323 451 1
451 449 1
449 453 1
453 197 2
197 709 2
709 581 1
581 837 1
837 325 1
325 453 1
453 389 1
389 901 1
901 645 1
645 647 1
647 643 1
643 651 1
651 649 1
649 653 1
653 645 1
645 661 1
661 657 2
657 659 2
659 643 1
643 675 2
675 673 2
673 677 1
677 645 1
645 709 1
709 705 1
705 707 1
707 643 1
643 899 1
899 771 1
771 775 2
775 773 2
773 781 1
781 777 1
777 779 1
779 771 1
771 787 1
787 785 1
785 789 2
789 773 2
773 805 1
805 801 2
801 803 2
803 771 1
771 835 1
835 833 1
833 837 1
837 773 1
773 901 1
901 897 1
897 905 1
905 393 1
393 409 1
409 153 1
153 185 1
185 57 2
57 121 2
121 89 1
89 217 1
217 153 1
153 665 1
665 537 1
537 569 1
569 57 2
57 313 2
313 281 1
281 345 1
345 89 1
89 601 1
601 537 1
537 793 1
793 281 1
281 409 1
409 401 1
401 433 1
433 177 1
177 185 1
185 169 1
169 233 1
233 105 1
105 121 1
121 113 1
113 241 2
241 177 2
177 689 1
689 561 1
561 569 1
569 553 1
553 617 2
617 105 2
105 361 1
361 297 1
297 313 1
313 305 1
305 369 1
369 113 1
113 625 1
625 561 1
561 817 2
817 305 2
305 433 1
433 417 2
417 425 2
425 169 1
169 681 1
681 553 1
553 809 1
809 297 1
297 425 1
425 393 1
393 457 1
457 201 1
201 217 1
217 209 1
209 241 2
241 225 2
225 233 1
233 201 1
201 713 1
713 585 1
585 601 1
601 593 1
593 625 1
625 609 1
609 617 2
617 585 2
585 841 1
841 329 1
329 345 1
345 337 2
337 369 2
369 353 2
353 361 2
361 329 1
329 457 1
457 449 1
449 465 1
465 209 1
209 721 1
721 593 1
593 849 1
849 337 2
337 465 2
465 401 1
401 913 1
913 657 2
657 665 2
665 649 1
649 681 1
681 673 1
673 689 1
689 657 2
657 721 2
721 705 1
705 713 1
713 649 1
649 905 1
905 777 1
777 793 1
793 785 1
785 817 2
817 801 3
801 809 2
809 777 1
777 841 1
841 833 1
833 849 1
849 785 1
785 913 1
913 897 1
897 929 1
929 417 2
417 481 2
481 225 1
225 737 1
737 609 1
609 865 1
865 353 2
353 481 2
481 449 1
449 961 2
961 705 2
705 737 1
737 673 1
673 929 1
929 801 2
801 865 2
865 833 1
833 961 2
961 897 2
961 962 2
962 450 2
450 452 2
452 196 1
196 200 2
200 72 2
72 80 1
80 16 2
16 32 2
32 24 1
24 56 1
56 40 1
40 48 1
48 16 2
16 144 2
144 136 1
136 152 1
152 24 1
24 88 1
88 72 1
72 104 1
104 40 1
40 168 1
168 136 1
136 200 2
200 198 2
198 206 1
206 78 1
78 80 1
80 76 1
76 92 1
92 28 1
28 32 1
32 30 1
30 62 2
62 46 2
46 48 1
48 44 1
44 60 1
60 28 1
28 156 1
156 140 1
140 144 1
144 142 1
142 158 1
158 30 1
30 94 1
94 78 1
78 110 2
110 46 2
46 174 1
174 142 1
142 206 1
206 202 1
202 204 1
204 76 1
76 108 1
108 44 1
44 172 1
172 140 1
140 204 1
204 196 1
196 212 1
212 84 2
84 88 2
88 86 1
86 94 1
94 90 1
90 92 1
92 84 2
84 116 2
116 52 2
52 56 2
56 54 1
54 62 2
62 58 2
58 60 1
60 52 2
52 180 2
180 148 1
148 152 1
152 150 2
150 158 2
158 154 1
154 156 1
156 148 1
148 212 1
212 210 1
210 214 1
214 86 1
86 118 2
118 54 2
54 182 1
182 150 2
150 214 2
214 198 1
198 230 1
230 102 2
102 104 2
104 100 2
100 108 2
108 106 1
106 110 2
110 102 3
102 118 3
118 114 2
114 116 1
116 100 2
100 228 2
228 164 1
164 168 1
168 166 1
166 174 1
174 170 2
170 172 2
172 164 1
164 180 1
180 178 1
178 182 1
182 166 1
166 230 1
230 226 1
226 228 1
228 196 1
196 708 1
708 580 1
580 584 1
584 72 1
72 328 1
328 264 1
264 272 1
272 16 2
16 528 2
528 520 1
520 536 1
536 24 1
24 280 1
280 264 1
264 296 1
296 40 1
40 552 2
552 520 2
520 584 1
584 582 1
582 590 1
590 78 1
78 334 1
334 270 1
270 272 1
272 268 1
268 284 2
284 28 2
28 540 1
540 524 1
524 528 1
528 526 1
526 542 1
542 30 1
30 286 1
286 270 1
270 302 1
302 46 1
46 558 1
558 526 1
526 590 1
590 586 1
586 588 2
588 76 2
76 332 1
332 268 1
268 300 1
300 44 1
44 556 2
556 524 2
524 588 2
588 580 2
580 596 1
596 84 2
84 340 2
340 276 1
276 280 1
280 278 1
278 286 1
286 282 1
282 284 2
284 276 2
276 308 1
308 52 2
52 564 2
564 532 1
532 536 1
536 534 1
534 542 1
542 538 1
538 540 1
540 532 1
532 596 1
596 594 1
594 598 1
598 86 1
86 342 1
342 278 1
278 310 1
310 54 1
54 566 1
566 534 1
534 598 1
598 582 1
582 614 1
614 102 2
102 358 2
358 294 1
294 296 1
296 292 1
292 300 1
300 298 1
298 302 1
302 294 1
294 310 1
310 306 2
306 308 2
308 292 1
292 356 1
356 100 2
100 612 2
612 548 1
548 552 2
552 550 2
550 558 1
558 554 1
554 556 2
556 548 2
548 564 1
564 562 1
562 566 1
566 550 1
550 614 1
614 610 1
610 612 1
612 580 1
580 836 1
836 324 1
324 328 1
328 326 1
326 334 1
334 330 2
330 332 2
332 324 1
324 340 1
340 338 1
338 342 1
342 326 1
326 358 1
358 354 1
354 356 1
356 324 1
324 452 1
452 388 1
388 392 1
392 136 1
136 648 1
648 520 1
520 776 1
776 264 1
264 392 1
392 390 1
390 398 1
398 142 1
142 654 1
654 526 1
526 782 1
782 270 1
270 398 1
398 394 1
394 396 1
396 140 1
140 652 1
652 524 1
524 780 1
780 268 1
268 396 1
396 388 1
388 404 1
404 148 1
148 660 1
660 532 1
532 788 1
788 276 1
276 404 1
404 402 1
402 406 1
406 150 2
150 662 2
662 534 1
534 790 1
790 278 1
278 406 1
406 390 1
390 422 1
422 166 1
166 678 1
678 550 1
550 806 1
806 294 1
294 422 1
422 418 1
418 420 1
420 164 1
164 676 1
676 548 1
548 804 1
804 292 1
292 420 1
420 388 1
388 900 1
900 644 2
644 648 2
648 646 1
646 654 1
654 650 1
650 652 1
652 644 2
644 660 2
660 658 1
658 662 1
662 646 1
646 678 1
678 674 2
674 676 2
676 644 2
644 708 2
708 706 1
706 710 1
710 198 1
198 454 1
454 326 1
326 838 1
838 582 1
582 710 1
710 646 1
646 902 2
902 390 2
390 454 1
454 450 2
450 458 2
458 202 1
202 218 2
218 90 2
90 122 1
122 58 1
58 186 1
186 154 1
154 218 2
218 210 2
210 242 1
242 114 1
114 122 1
122 106 1
106 234 1
234 170 2
170 186 2
186 178 1
178 242 1
242 226 1
226 234 1
234 202 1
202 714 1
714 586 1
586 602 1
602 90 1
90 346 1
346 282 1
282 314 1
314 58 1
58 570 1
570 538 1
538 602 1
602 594 1
594 626 1
626 114 1
114 370 1
370 306 2
306 314 2
314 298 1
298 362 1
362 106 1
106 618 1
618 554 1
554 570 1
570 562 1
562 626 1
626 610 1
610 618 1
618 586 1
586 842 2
842 330 3
330 346 2
346 338 1
338 370 1
370 354 1
354 362 1
362 330 2
330 458 2
458 394 1
394 410 2
410 154 2
154 666 1
666 538 1
538 794 1
794 282 1
282 410 2
410 402 2
402 434 1
434 178 1
178 690 1
690 562 1
562 818 1
818 306 2
306 434 2
434 418 1
418 426 1
426 170 2
170 682 2
682 554 1
554 810 2
810 298 2
298 426 1
426 394 1
394 906 1
906 650 1
650 666 1
666 658 1
658 690 1
690 674 2
674 682 2
682 650 1
650 714 1
714 706 1
706 722 1
722 210 1
210 466 1
466 338 1
338 850 1
850 594 1
594 722 1
722 658 1
658 914 1
914 402 1
402 466 1
466 450 2
450 482 2
482 226 1
226 738 1
738 610 1
610 866 1
866 354 1
354 482 1
482 418 1
418 930 1
930 674 2
674 738 2
738 706 1
706 962 1
962 834 1
834 836 1
836 772 1
772 776 1
776 774 1
774 782 1
782 778 1
778 780 1
780 772 1
772 788 1
788 786 1
786 790 1
790 774 1
774 806 1
806 802 1
802 804 1
804 772 1
772 900 1
900 898 1
898 902 2
902 774 2
774 838 1
838 834 1
834 842 2
842 778 2
778 794 1
794 786 1
786 818 1
818 802 1
802 810 2
810 778 2
778 906 1
906 898 1
898 914 1
914 786 1
786 850 1
850 834 1
834 866 1
866 802 1
802 930 1
930 898 1
898 962 1
962 964 1
964 452 1
452 451 1
451 455 1
455 199 1
199 200 2
200 208 2
208 80 1
80 79 1
79 95 1
95 31 1
31 32 1
32 64 1
64 48 1
48 47 1
47 63 1
63 31 1
31 159 1
159 143 1
143 144 1
144 160 1
160 32 1
32 96 1
96 80 1
80 112 1
112 48 1
48 176 1
176 144 1
144 208 1
208 204 1
204 203 2
203 207 2
207 79 1
79 111 1
111 47 1
47 175 2
175 143 2
143 207 1
207 199 1
199 215 1
215 87 1
87 88 1
88 96 1
96 92 1
92 91 1
91 95 1
95 87 1
87 119 1
119 55 1
55 56 1
56 64 1
64 60 1
60 59 1
59 63 1
63 55 1
55 183 1
183 151 1
151 152 1
152 160 1
160 156 1
156 155 1
155 159 1
159 151 1
151 215 1
215 211 1
211 212 1
212 216 1
216 88 1
88 120 1
120 56 1
56 184 1
184 152 1
152 216 1
216 200 2
200 232 2
232 104 1
104 103 1
103 111 1
111 107 1
107 108 1
108 112 1
112 104 1
104 120 1
120 116 1
116 115 1
115 119 1
119 103 1
103 231 1
231 167 1
167 168 1
168 176 1
176 172 1
172 171 1
171 175 2
175 167 2
167 183 1
183 179 1
179 180 1
180 184 1
184 168 1
168 232 1
232 228 1
228 227 1
227 231 1
231 199 1
199 711 1
711 583 1
583 584 1
584 592 1
592 80 1
80 336 1
336 272 1
272 271 1
271 287 2
287 31 2
31 543 1
543 527 1
527 528 1
528 544 1
544 32 1
32 288 1
288 272 1
272 304 1
304 48 1
48 560 2
560 528 2
528 592 1
592 588 2
588 587 2
587 591 1
591 79 1
79 335 1
335 271 1
271 303 1
303 47 1
47 559 1
559 527 1
527 591 1
591 583 1
583 599 1
599 87 1
87 343 1
343 279 1
279 280 1
280 288 1
288 284 2
284 283 2
283 287 2
287 279 2
279 311 1
311 55 1
55 567 1
567 535 1
535 536 1
536 544 1
544 540 1
540 539 1
539 543 1
543 535 1
535 599 1
599 595 1
595 596 1
596 600 1
600 88 1
88 344 1
344 280 1
280 312 1
312 56 1
56 568 1
568 536 1
536 600 1
600 584 1
584 616 1
616 104 1
104 360 1
360 296 1
296 295 1
295 303 1
303 299 2
299 300 2
300 304 1
304 296 1
296 312 1
312 308 1
308 307 1
307 311 1
311 295 1
295 359 1
359 103 1
103 615 1
615 551 1
551 552 2
552 560 3
560 556 3
556 555 2
555 559 1
559 551 1
551 567 1
567 563 1
563 564 1
564 568 1
568 552 2
552 616 2
616 612 1
612 611 1
611 615 1
615 583 1
583 839 2
839 327 3
327 328 2
328 336 1
336 332 1
332 331 1
331 335 1
335 327 2
327 343 2
343 339 1
339 340 1
340 344 1
344 328 1
328 360 1
360 356 1
356 355 1
355 359 1
359 327 2
327 455 2
455 391 1
391 392 1
392 400 1
400 144 1
144 656 1
656 528 1
528 784 1
784 272 1
272 400 1
400 396 1
396 395 1
395 399 1
399 143 1
143 655 1
655 527 1
527 783 1
783 271 1
271 399 1
399 391 1
391 407 1
407 151 1
151 663 1
663 535 1
535 791 1
791 279 1
279 407 1
407 403 2
403 404 2
404 408 1
408 152 1
152 664 1
664 536 1
536 792 2
792 280 2
280 408 1
408 392 1
392 424 2
424 168 2
168 680 1
680 552 2
552 808 2
808 296 1
296 424 2
424 420 2
420 419 1
419 423 1
423 167 1
167 679 1
679 551 1
551 807 1
807 295 1
295 423 1
423 391 1
391 903 2
903 647 2
647 648 1
648 656 1
656 652 1
652 651 1
651 655 1
655 647 1
647 663 1
663 659 1
659 660 1
660 664 1
664 648 1
648 680 1
680 676 1
676 675 2
675 679 2
679 647 1
647 711 1
711 707 1
707 708 1
708 712 1
712 200 2
200 456 2
456 328 1
328 840 2
840 584 2
584 712 1
712 648 1
648 904 1
904 392 1
392 456 1
456 452 1
452 460 1
460 204 1
204 220 1
220 92 1
92 124 1
124 60 1
60 188 1
188 156 1
156 220 1
220 212 1
212 244 1
244 116 1
116 124 1
124 108 1
108 236 1
236 172 1
172 188 1
188 180 1
180 244 1
244 228 1
228 236 1
236 204 1
204 716 1
716 588 2
588 604 2
604 92 1
92 348 1
348 284 2
284 316 2
316 60 1
60 572 1
572 540 1
540 604 1
604 596 1
596 628 1
628 116 1
116 372 1
372 308 1
308 316 1
316 300 1
300 364 1
364 108 1
108 620 1
620 556 2
556 572 2
572 564 1
564 628 1
628 612 1
612 620 1
620 588 2
588 844 2
844 332 1
332 348 1
348 340 1
340 372 1
372 356 1
356 364 1
364 332 1
332 460 1
460 396 1
396 412 1
412 156 1
156 668 2
668 540 2
540 796 1
796 284 2
284 412 2
412 404 1
404 436 1
436 180 1
180 692 1
692 564 1
564 820 1
820 308 1
308 436 1
436 420 1
420 428 1
428 172 1
172 684 1
684 556 2
556 812 2
812 300 1
300 428 1
428 396 1
396 908 2
908 652 2
652 668 2
668 660 2
660 692 1
692 676 1
676 684 1
684 652 1
652 716 1
716 708 1
708 724 1
724 212 1
212 468 1
468 340 1
340 852 1
852 596 1
596 724 1
724 660 1
660 916 1
916 404 1
404 468 1
468 452 1
452 484 1
484 228 1
228 740 1
740 612 1
612 868 2
868 356 2
356 484 1
484 420 1
420 932 1
932 676 1
676 740 1
740 708 1
708 964 1
964 836 1
836 835 1
835 839 2
839 775 3
775 776 2
776 784 1
784 780 1
780 779 1
779 783 1
783 775 2
775 791 2
791 787 1
787 788 1
788 792 2
792 776 2
776 808 1
808 804 1
804 803 1
803 807 1
807 775 2
775 903 3
903 899 2
899 900 1
900 904 1
904 776 1
776 840 2
840 836 2
836 844 1
844 780 1
780 796 1
796 788 1
788 820 1
820 804 1
804 812 1
812 780 1
780 908 2
908 900 2
900 916 1
916 788 1
788 852 1
852 836 1
836 868 2
868 804 2
804 932 1
932 900 1
900 964 1
964 963 1
963 451 1
451 459 2
459 203 3
203 219 2
219 91 1
91 123 1
123 59 1
59 187 1
187 155 1
155 219 1
219 211 1
211 243 2
243 115 2
115 123 1
123 107 1
107 235 1
235 171 1
171 187 1
187 179 1
179 243 2
243 227 2
227 235 1
235 203 2
203 715 3
715 587 2
587 603 1
603 91 1
91 347 1
347 283 1
283 315 1
315 59 1
59 571 2
571 539 2
539 603 1
603 595 1
595 627 2
627 115 2
115 371 1
371 307 1
307 315 1
315 299 2
299 363 2
363 107 1
107 619 1
619 555 1
555 571 2
571 563 2
563 627 2
627 611 2
611 619 1
619 587 1
587 843 1
843 331 1
331 347 1
347 339 1
339 371 1
371 355 1
355 363 1
363 331 1
331 459 2
459 395 2
395 411 1
411 155 1
155 667 1
667 539 1
539 795 1
795 283 1
283 411 1
411 403 2
403 435 2
435 179 1
179 691 1
691 563 1
563 819 1
819 307 1
307 435 1
435 419 1
419 427 1
427 171 1
171 683 1
683 555 1
555 811 2
811 299 3
299 427 2
427 395 1
395 907 1
907 651 1
651 667 1
667 659 1
659 691 1
691 675 2
675 683 2
683 651 1
651 715 2
715 707 2
707 723 1
723 211 1
211 467 1
467 339 1
339 851 1
851 595 1
595 723 1
723 659 1
659 915 1
915 403 2
403 467 2
467 451 1
451 483 1
483 227 1
227 739 1
739 611 1
611 867 1
867 355 1
355 483 1
483 419 1
419 931 1
931 675 2
675 739 2
739 707 1
707 963 1
963 835 1
835 843 1
843 779 1
779 795 1
795 787 1
787 819 1
819 803 1
803 811 2
811 779 2
779 907 1
907 899 1
899 915 1
915 787 1
787 851 1
851 835 1
835 867 1
867 803 1
803 931 1
931 899 1
899 963 1
963 961 2
961 965 2
965 453 1
453 454 1
454 456 1
456 455 1
455 453 1
453 461 1
461 205 1
205 206 1
206 208 1
208 207 1
207 205 1
205 221 2
221 93 2
93 94 1
94 96 1
96 95 1
95 93 1
93 125 1
125 61 1
61 62 2
62 64 2
64 63 1
63 61 1
61 189 1
189 157 1
157 158 1
158 160 1
160 159 1
159 157 1
157 221 2
221 213 2
213 214 1
214 216 1
216 215 1
215 213 1
213 245 1
245 117 1
117 118 2
118 120 2
120 119 1
119 117 1
117 125 1
125 109 2
109 110 3
110 112 2
112 111 1
111 109 2
109 237 2
237 173 1
173 174 1
174 176 1
176 175 2
175 173 2
173 189 1
189 181 1
181 182 1
182 184 1
184 183 1
183 181 1
181 245 1
245 229 1
229 230 1
230 232 1
232 231 1
231 229 1
229 237 1
237 205 1
205 717 1
717 589 1
589 590 1
590 592 1
592 591 1
591 589 1
589 605 1
605 93 1
93 349 1
349 285 1
285 286 1
286 288 1
288 287 2
287 285 2
285 317 1
317 61 1
61 573 1
573 541 1
541 542 1
542 544 1
544 543 1
543 541 1
541 605 1
605 597 2
597 598 2
598 600 1
600 599 1
599 597 2
597 629 2
629 117 1
117 373 1
373 309 1
309 310 1
310 312 1
312 311 1
311 309 1
309 317 1
317 301 2
301 302 2
302 304 1
304 303 1
303 301 2
301 365 2
365 109 2
109 621 2
621 557 1
557 558 1
558 560 2
560 559 2
559 557 1
557 573 1
573 565 2
565 566 2
566 568 1
568 567 1
567 565 2
565 629 2
629 613 1
613 614 1
614 616 1
616 615 1
615 613 1
613 621 1
621 589 1
589 845 1
845 333 1
333 334 1
334 336 1
336 335 1
335 333 1
333 349 1
349 341 1
341 342 1
342 344 1
344 343 1
343 341 1
341 373 1
373 357 1
357 358 1
358 360 1
360 359 1
359 357 1
357 365 1
365 333 1
333 461 1
461 397 2
397 398 2
398 400 1
400 399 1
399 397 2
397 413 2
413 157 1
157 669 1
669 541 1
541 797 1
797 285 1
285 413 1
413 405 1
405 406 1
406 408 1
408 407 1
407 405 1
405 437 2
437 181 2
181 693 1
693 565 2
565 821 2
821 309 1
309 437 2
437 421 2
421 422 1
422 424 2
424 423 2
423 421 1
421 429 1
429 173 1
173 685 1
685 557 1
557 813 1
813 301 2
301 429 2
429 397 2
397 909 2
909 653 1
653 654 1
654 656 1
656 655 1
655 653 1
653 669 1
669 661 1
661 662 1
662 664 1
664 663 1
663 661 1
661 693 1
693 677 1
677 678 1
678 680 1
680 679 1
679 677 1
677 685 1
685 653 1
653 717 1
717 709 1
709 710 1
710 712 1
712 711 1
711 709 1
709 725 1
725 213 1
213 469 1
469 341 1
341 853 1
853 597 2
597 725 2
725 661 1
661 917 1
917 405 1
405 469 1
469 453 1
453 485 1
485 229 1
229 741 2
741 613 2
613 869 1
869 357 1
357 485 1
485 421 1
421 933 1
933 677 1
677 741 2
741 709 2
709 965 1
965 837 1
837 838 1
838 840 2
840 839 3
839 837 2
837 845 1
845 781 1
781 782 1
782 784 1
784 783 1
783 781 1
781 797 1
797 789 2
789 790 2
790 792 2
792 791 2
791 789 2
789 821 2
821 805 1
805 806 1
806 808 1
808 807 1
807 805 1
805 813 1
813 781 1
781 909 1
909 901 1
901 902 2
902 904 2
904 903 2
903 901 2
901 917 1
917 789 2
789 853 2
853 837 1
837 869 1
869 805 1
805 933 1
933 901 1
901 965 1
965 966 1
966 454 1
454 462 1
462 206 1
206 222 1
222 94 1
94 126 1
126 62 2
62 190 2
190 158 1
158 222 1
222 214 1
214 246 1
246 118 2
118 126 2
126 110 2
110 238 2
238 174 1
174 190 1
190 182 1
182 246 1
246 230 1
230 238 1
238 206 1
206 718 2
718 590 2
590 606 1
606 94 1
94 350 2
350 286 2
286 318 1
318 62 2
62 574 2
574 542 1
542 606 1
606 598 1
598 630 1
630 118 2
118 374 2
374 310 1
310 318 1
318 302 1
302 366 1
366 110 2
110 622 2
622 558 1
558 574 1
574 566 1
566 630 1
630 614 1
614 622 1
622 590 1
590 846 1
846 334 1
334 350 2
350 342 2
342 374 1
374 358 1
358 366 1
366 334 1
334 462 1
462 398 1
398 414 1
414 158 1
158 670 1
670 542 1
542 798 2
798 286 2
286 414 1
414 406 1
406 438 1
438 182 1
182 694 1
694 566 1
566 822 1
822 310 1
310 438 1
438 422 1
422 430 1
430 174 1
174 686 1
686 558 1
558 814 1
814 302 1
302 430 1
430 398 1
398 910 1
910 654 1
654 670 1
670 662 1
662 694 1
694 678 1
678 686 1
686 654 1
654 718 2
718 710 2
710 726 1
726 214 1
214 470 1
470 342 1
342 854 1
854 598 1
598 726 1
726 662 1
662 918 1
918 406 1
406 470 1
470 454 1
454 486 1
486 230 1
230 742 1
742 614 1
614 870 2
870 358 2
358 486 1
486 422 1
422 934 1
934 678 1
678 742 1
742 710 1
710 966 1
966 838 1
838 846 1
846 782 1
782 798 2
798 790 2
790 822 1
822 806 1
806 814 1
814 782 1
782 910 1
910 902 2
902 918 2
918 790 1
790 854 1
854 838 1
838 870 2
870 806 2
806 934 1
934 902 2
902 966 2
966 962 1
962 970 1
970 458 1
458 457 1
457 459 2
459 460 2
460 458 1
458 462 1
462 461 1
461 457 1
457 473 1
473 217 1
217 218 2
218 220 2
220 219 1
219 217 1
217 221 2
221 222 2
222 218 2
218 250 2
250 122 1
122 121 1
121 123 1
123 124 1
124 122 1
122 126 1
126 125 1
125 121 1
121 249 1
249 185 1
185 186 1
186 188 1
188 187 1
187 185 1
185 189 1
189 190 1
190 186 1
186 250 1
250 234 1
234 233 1
233 235 1
235 236 1
236 234 1
234 238 1
238 237 1
237 233 1
233 249 1
249 217 1
217 729 1
729 601 1
601 602 1
602 604 1
604 603 1
603 601 1
601 605 1
605 606 1
606 602 1
602 634 2
634 122 2
122 378 1
378 314 1
314 313 1
313 315 1
315 316 1
316 314 1
314 318 1
318 317 1
317 313 1
313 377 1
377 121 1
121 633 1
633 569 1
569 570 1
570 572 1
572 571 2
571 569 2
569 573 1
573 574 1
574 570 1
570 634 2
634 618 2
618 617 2
617 619 2
619 620 1
620 618 1
618 622 1
622 621 1
621 617 2
617 633 2
633 601 1
601 857 2
857 345 2
345 346 1
346 348 1
348 347 1
347 345 1
345 349 1
349 350 2
350 346 2
346 378 1
378 362 1
362 361 1
361 363 1
363 364 1
364 362 1
362 366 1
366 365 1
365 361 1
361 377 1
377 345 1
345 473 1
473 409 1
409 410 2
410 412 2
412 411 1
411 409 1
409 413 1
413 414 1
414 410 2
410 442 2
442 186 1
186 698 1
698 570 1
570 826 1
826 314 1
314 442 1
442 426 1
426 425 1
425 427 1
427 428 1
428 426 1
426 430 1
430 429 1
429 425 1
425 441 1
441 185 1
185 697 1
697 569 1
569 825 1
825 313 1
313 441 1
441 409 1
409 921 2
921 665 2
665 666 1
666 668 2
668 667 2
667 665 1
665 669 1
669 670 1
670 666 1
666 698 1
698 682 1
682 681 1
681 683 1
683 684 1
684 682 1
682 686 1
686 685 1
685 681 1
681 697 1
697 665 1
665 729 1
729 713 1
713 714 1
714 716 1
716 715 2
715 713 2
713 717 1
717 718 2
718 714 2
714 730 1
730 218 2
218 474 2
474 346 1
346 858 1
858 602 1
602 730 1
730 666 1
666 922 1
922 410 2
410 474 2
474 458 1
458 490 1
490 234 1
234 746 1
746 618 1
618 874 1
874 362 1
362 490 1
490 426 1
426 938 1
938 682 1
682 746 1
746 714 1
714 970 1
970 842 2
842 841 2
841 843 1
843 844 1
844 842 2
842 846 2
846 845 1
845 841 1
841 857 2
857 793 2
793 794 1
794 796 1
796 795 1
795 793 1
793 797 1
797 798 2
798 794 2
794 826 1
826 810 2
810 809 2
809 811 2
811 812 2
812 810 2
810 814 2
814 813 1
813 809 1
809 825 1
825 793 1
793 921 2
921 905 2
905 906 1
906 908 2
908 907 2
907 905 1
905 909 1
909 910 1
910 906 1
906 922 1
922 794 1
794 858 1
858 842 2
842 874 2
874 810 2
810 938 2
938 906 1
906 970 1
970 969 1
969 457 1
457 489 1
489 233 1
233 745 2
745 617 3
617 873 2
873 361 1
361 489 1
489 425 1
425 937 1
937 681 1
681 745 2
745 713 2
713 969 1
969 841 1
841 873 1
873 809 1
809 937 1
937 905 1
905 969 1
969 961 2
961 977 2
977 465 1
465 466 1
466 468 1
468 467 1
467 465 1
465 469 1
469 470 1
470 466 1
466 474 1
474 473 1
473 465 1
465 497 1
497 241 2
241 242 2
242 244 1
244 243 2
243 241 3
241 245 2
245 246 1
246 242 1
242 250 1
250 249 1
249 241 2
241 753 2
753 625 1
625 626 1
626 628 1
628 627 2
627 625 2
625 629 1
629 630 1
630 626 1
626 634 2
634 633 2
633 625 1
625 881 1
881 369 1
369 370 1
370 372 1
372 371 1
371 369 1
369 373 1
373 374 1
374 370 1
370 378 1
378 377 1
377 369 1
369 497 1
497 433 1
433 434 1
434 436 1
436 435 1
435 433 1
433 437 2
437 438 2
438 434 1
434 442 1
442 441 1
441 433 1
433 945 1
945 689 1
689 690 1
690 692 1
692 691 1
691 689 1
689 693 1
693 694 1
694 690 1
690 698 1
698 697 1
697 689 1
689 753 1
753 721 1
721 722 1
722 724 1
724 723 1
723 721 1
721 725 1
725 726 1
726 722 1
722 730 1
730 729 1
729 721 1
721 977 1
977 849 1
849 850 1
850 852 1
852 851 1
851 849 1
849 853 1
853 854 1
854 850 1
850 858 1
858 857 2
857 849 2
849 881 1
881 817 2
817 818 2
818 820 1
820 819 1
819 817 2
817 821 2
821 822 1
822 818 1
818 826 1
826 825 1
825 817 2
817 945 2
945 913 1
913 914 1
914 916 1
916 915 1
915 913 1
913 917 1
917 918 1
918 914 1
914 922 1
922 921 2
921 913 2
913 977 1
977 978 2
978 466 2
466 498 1
498 242 1
242 754 1
754 626 1
626 882 1
882 370 1
370 498 1
498 434 1
434 946 1
946 690 1
690 754 1
754 722 1
722 978 2
978 850 2
850 882 1
882 818 1
818 946 1
946 914 1
914 978 2
978 962 2
962 994 1
994 482 1
482 481 1
481 483 1
483 484 1
484 482 1
482 486 1
486 485 1
485 481 1
481 489 1
489 490 1
490 482 1
482 498 1
498 497 1
497 481 1
481 993 1
993 737 1
737 738 1
738 740 1
740 739 1
739 737 1
737 741 2
741 742 2
742 738 1
738 746 1
746 745 2
745 737 2
737 753 1
753 754 1
754 738 1
738 994 1
994 866 1
866 865 1
865 867 1
867 868 2
868 866 2
866 870 2
870 869 2
869 865 1
865 873 1
873 874 1
874 866 1
866 882 1
882 881 1
881 865 1
865 993 1
993 929 1
929 930 1
930 932 1
932 931 1
931 929 1
929 933 1
933 934 1
934 930 1
930 938 1
938 937 1
937 929 1
929 945 1
945 946 1
946 930 1
930 994 1
994 993 1
993 961 2
993 995 1
995 483 1
483 487 2
487 231 2
231 239 1
239 111 1
111 127 2
127 63 2
63 191 2
191 159 2
159 223 1
223 95 1
95 127 2
127 119 2
119 247 1
247 183 1
183 191 2
191 175 3
175 239 2
239 207 1
207 223 1
223 215 1
215 247 1
247 231 1
231 743 1
743 615 1
615 623 2
623 111 2
111 367 1
367 303 1
303 319 1
319 63 1
63 575 1
575 543 1
543 607 1
607 95 1
95 351 1
351 287 2
287 319 2
319 311 1
311 375 2
375 119 2
119 631 1
631 567 1
567 575 1
575 559 1
559 623 2
623 591 2
591 607 1
607 599 1
599 631 1
631 615 1
615 871 1
871 359 1
359 367 1
367 335 1
335 351 1
351 343 1
343 375 2
375 359 2
359 487 2
487 423 2
423 431 1
431 175 2
175 687 2
687 559 1
559 815 1
815 303 1
303 431 1
431 399 1
399 415 1
415 159 1
159 671 2
671 543 2
543 799 1
799 287 2
287 415 2
415 407 1
407 439 1
439 183 1
183 695 1
695 567 1
567 823 1
823 311 1
311 439 1
439 423 1
423 935 1
935 679 1
679 687 1
687 655 1
655 671 2
671 663 2
663 695 1
695 679 1
679 743 1
743 711 1
711 719 1
719 207 1
207 463 1
463 335 1
335 847 1
847 591 1
591 719 1
719 655 1
655 911 1
911 399 1
399 463 1
463 455 1
455 471 1
471 215 1
215 727 2
727 599 2
599 855 1
855 343 1
343 471 1
471 407 1
407 919 1
919 663 1
663 727 2
727 711 2
711 967 1
967 455 1
455 487 2
487 485 2
485 493 1
493 237 1
237 239 1
239 235 1
235 251 1
251 123 1
123 127 2
127 125 2
125 253 1
253 189 1
189 191 2
191 187 2
187 251 1
251 219 1
219 223 1
223 221 2
221 253 2
253 237 1
237 749 1
749 621 1
621 623 2
623 619 2
619 635 1
635 123 1
123 379 1
379 315 1
315 319 1
319 317 1
317 381 1
381 125 1
125 637 1
637 573 1
573 575 1
575 571 2
571 635 2
635 603 1
603 607 1
607 605 1
605 637 1
637 621 1
621 877 1
877 365 1
365 367 1
367 363 1
363 379 1
379 347 1
347 351 1
351 349 1
349 381 1
381 365 1
365 493 1
493 429 1
429 431 1
431 427 1
427 443 1
443 187 1
187 699 1
699 571 2
571 827 2
827 315 1
315 443 1
443 411 1
411 415 1
415 413 1
413 445 1
445 189 1
189 701 1
701 573 1
573 829 1
829 317 1
317 445 1
445 429 1
429 941 2
941 685 2
685 687 1
687 683 1
683 699 1
699 667 1
667 671 2
671 669 2
669 701 1
701 685 1
685 749 1
749 717 1
717 719 1
719 715 2
715 731 2
731 219 1
219 475 1
475 347 1
347 859 2
859 603 2
603 731 1
731 667 1
667 923 1
923 411 1
411 475 1
475 459 2
459 463 2
463 461 1
461 477 1
477 221 2
221 733 2
733 605 1
605 861 1
861 349 1
349 477 1
477 413 1
413 925 1
925 669 1
669 733 1
733 717 1
717 973 2
973 461 2
461 493 1
493 489 1
489 491 1
491 235 1
235 747 1
747 619 1
619 875 1
875 363 1
363 491 1
491 427 1
427 939 1
939 683 1
683 747 1
747 715 2
715 971 2
971 459 2
459 491 2
491 483 1
483 499 1
499 243 2
243 247 2
247 245 1
245 253 1
253 249 1
249 251 1
251 243 2
243 755 2
755 627 2
627 631 2
631 629 1
629 637 1
637 633 1
633 635 1
635 627 2
627 883 2
883 371 1
371 375 2
375 373 2
373 381 1
381 377 1
377 379 1
379 371 1
371 499 1
499 435 1
435 439 1
439 437 2
437 445 2
445 441 1
441 443 1
443 435 1
435 947 2
947 691 2
691 695 1
695 693 1
693 701 1
701 697 1
697 699 1
699 691 1
691 755 1
755 723 1
723 727 2
727 725 2
725 733 1
733 729 1
729 731 1
731 723 1
723 979 1
979 467 1
467 471 1
471 469 1
469 477 1
477 473 1
473 475 1
475 467 1
467 499 1
499 497 1
497 501 2
501 245 2
245 757 1
757 629 1
629 885 1
885 373 1
373 501 2
501 437 3
437 949 2
949 693 1
693 757 1
757 725 1
725 981 1
981 469 1
469 501 2
501 485 2
485 997 1
997 741 2
741 743 2
743 739 1
739 747 1
747 745 2
745 749 2
749 741 2
741 757 2
757 753 1
753 755 1
755 739 1
739 995 1
995 867 1
867 871 1
871 807 1
807 815 1
815 783 1
783 799 1
799 791 1
791 823 1
823 807 1
807 935 1
935 903 2
903 911 2
911 783 1
783 847 1
847 839 2
839 855 2
855 791 1
791 919 1
919 903 2
903 967 2
967 839 2
839 871 2
871 869 1
869 877 1
877 813 1
813 815 1
815 811 2
811 827 2
827 795 1
795 799 1
799 797 1
797 829 1
829 813 1
813 941 2
941 909 2
909 911 1
911 907 1
907 923 1
923 795 1
795 859 2
859 843 2
843 847 1
847 845 1
845 861 1
861 797 1
797 925 1
925 909 1
909 973 2
973 845 2
845 877 1
877 873 1
873 875 1
875 811 2
811 939 2
939 907 1
907 971 1
971 843 1
843 875 1
875 867 1
867 883 1
883 819 1
819 823 1
823 821 1
821 829 1
829 825 1
825 827 1
827 819 1
819 947 2
947 915 2
915 919 1
919 917 1
917 925 1
925 921 2
921 923 2
923 915 1
915 979 1
979 851 1
851 855 1
855 853 1
853 861 1
861 857 2
857 859 3
859 851 2
851 883 1
883 881 1
881 885 1
885 821 1
821 949 1
949 917 1
917 981 1
981 853 1
853 885 1
885 869 1
869 997 1
997 933 1
933 935 1
935 931 1
931 939 1
939 937 1
937 941 2
941 933 2
933 949 1
949 945 1
945 947 2
947 931 2
931 995 1
995 963 1
963 967 1
967 965 1
965 973 2
973 969 2
969 971 1
971 963 1
963 979 1
979 977 1
977 981 1
981 965 1
965 997 1
997 993 1
993 1001 1
1001 489 1
489 505 2
505 249 2
249 761 2
761 633 2
633 889 1
889 377 1
377 505 2
505 441 2
441 953 1
953 697 1
697 761 2
761 729 2
729 985 1
985 473 1
473 505 2
505 497 2
497 1009 1
1009 753 1
753 761 2
761 745 3
745 1001 2
1001 873 1
873 889 1
889 825 1
825 953 1
953 921 2
921 985 2
985 857 2
857 889 2
889 881 1
881 1009 1
1009 945 1
945 953 1
953 937 1
937 1001 1
1001 969 1
969 985 1
985 977 1
977 1009 1
1009 993 1
1009 1010 2
1010 498 2
498 500 2
500 244 2
244 248 1
248 120 1
120 128 1
128 64 1
64 192 2
192 160 2
160 224 1
224 96 1
96 128 1
128 112 1
112 240 1
240 176 1
176 192 2
192 184 2
184 248 1
248 216 1
216 224 1
224 208 1
208 240 1
240 232 1
232 248 1
248 246 1
246 254 1
254 126 1
126 128 1
128 124 1
124 252 1
252 188 1
188 192 2
192 190 2
190 254 1
254 222 1
222 224 1
224 220 1
220 252 1
252 236 1
236 240 1
240 238 1
238 254 1
254 250 1
250 252 1
252 244 1
244 756 1
756 628 1
628 632 1
632 120 1
120 376 1
376 312 1
312 320 1
320 64 1
64 576 1
576 544 1
544 608 2
608 96 2
96 352 1
352 288 1
288 320 1
320 304 1
304 368 2
368 112 2
112 624 1
624 560 2
560 576 2
576 568 1
568 632 1
632 600 1
600 608 2
608 592 2
592 624 1
624 616 1
616 632 1
632 630 1
630 638 1
638 126 1
126 382 1
382 318 1
318 320 1
320 316 1
316 380 2
380 124 2
124 636 1
636 572 1
572 576 1
576 574 1
574 638 1
638 606 1
606 608 2
608 604 2
604 636 1
636 620 1
620 624 1
624 622 1
622 638 1
638 634 2
634 636 2
636 628 1
628 884 1
884 372 1
372 376 1
376 344 1
344 352 1
352 336 1
336 368 2
368 360 2
360 376 1
376 374 1
374 382 1
382 350 2
350 352 2
352 348 1
348 380 2
380 364 2
364 368 2
368 366 2
366 382 1
382 378 1
378 380 2
380 372 2
372 500 2
500 436 2
436 440 1
440 184 1
184 696 2
696 568 2
568 824 2
824 312 2
312 440 1
440 408 1
408 416 1
416 160 1
160 672 1
672 544 1
544 800 1
800 288 1
288 416 1
416 400 1
400 432 1
432 176 1
176 688 1
688 560 2
560 816 2
816 304 1
304 432 1
432 424 2
424 440 2
440 438 1
438 446 1
446 190 1
190 702 2
702 574 2
574 830 1
830 318 1
318 446 1
446 414 1
414 416 1
416 412 1
412 444 2
444 188 2
188 700 1
700 572 1
572 828 1
828 316 1
316 444 2
444 428 2
428 432 1
432 430 1
430 446 1
446 442 1
442 444 2
444 436 2
436 948 1
948 692 1
692 696 2
696 664 2
664 672 1
672 656 1
656 688 1
688 680 1
680 696 2
696 694 2
694 702 2
702 670 2
670 672 1
672 668 2
668 700 2
700 684 1
684 688 1
688 686 1
686 702 2
702 698 2
698 700 1
700 692 1
692 756 1
756 724 1
724 728 1
728 216 1
216 472 2
472 344 2
344 856 1
856 600 1
600 728 1
728 664 1
664 920 1
920 408 1
408 472 2
472 456 2
456 464 1
464 208 1
208 720 1
720 592 1
592 848 1
848 336 1
336 464 1
464 400 1
400 912 2
912 656 2
656 720 1
720 712 1
712 728 1
728 726 1
726 734 1
734 222 1
222 478 1
478 350 2
350 862 2
862 606 1
606 734 1
734 670 1
670 926 1
926 414 1
414 478 1
478 462 1
462 464 1
464 460 1
460 476 1
476 220 1
220 732 1
732 604 1
604 860 1
860 348 1
348 476 1
476 412 1
412 924 1
924 668 2
668 732 2
732 716 1
716 720 1
720 718 2
718 734 2
734 730 1
730 732 1
732 724 1
724 980 2
980 468 2
468 472 2
472 470 2
470 478 1
478 474 1
474 476 1
476 468 1
468 500 2
500 484 2
484 488 1
488 232 1
232 744 1
744 616 1
616 872 1
872 360 1
360 488 1
488 424 2
424 936 2
936 680 1
680 744 1
744 712 1
712 968 1
968 456 1
456 488 1
488 486 1
486 494 2
494 238 2
238 750 1
750 622 1
622 878 1
878 366 1
366 494 2
494 430 2
430 942 1
942 686 1
686 750 1
750 718 2
718 974 2
974 462 1
462 494 2
494 490 2
490 492 1
492 236 1
236 748 2
748 620 2
620 876 1
876 364 1
364 492 1
492 428 1
428 940 1
940 684 1
684 748 2
748 716 2
716 972 1
972 460 1
460 492 1
492 484 1
484 996 2
996 740 2
740 744 1
744 742 1
742 750 1
750 746 1
746 748 2
748 740 2
740 756 1
756 754 1
754 758 1
758 246 1
246 502 1
502 374 1
374 886 1
886 630 1
630 758 1
758 694 1
694 950 1
950 438 1
438 502 1
502 470 1
470 982 2
982 726 2
726 758 1
758 742 1
742 998 1
998 486 1
486 502 1
502 498 1
498 506 1
506 250 1
250 762 1
762 634 2
634 890 2
890 378 1
378 506 1
506 442 1
442 954 1
954 698 1
698 762 1
762 730 1
730 986 1
986 474 1
474 506 1
506 490 1
490 1002 1
1002 746 1
746 762 1
762 754 1
754 1010 2
1010 882 2
882 884 1
884 820 1
820 824 2
824 792 3
792 800 2
800 784 1
784 816 1
816 808 1
808 824 2
824 822 2
822 830 1
830 798 2
798 800 2
800 796 1
796 828 1
828 812 1
812 816 1
816 814 1
814 830 1
830 826 1
826 828 1
828 820 1
820 948 1
948 916 1
916 920 1
920 792 2
792 856 2
856 840 2
840 848 2
848 784 1
784 912 2
912 904 2
904 920 1
920 918 1
918 926 1
926 798 2
798 862 2
862 846 1
846 848 1
848 844 1
844 860 1
860 796 1
796 924 1
924 908 2
908 912 3
912 910 2
910 926 1
926 922 1
922 924 1
924 916 1
916 980 2
980 852 2
852 856 1
856 854 1
854 862 1
862 858 1
858 860 1
860 852 1
852 884 1
884 868 2
868 872 2
872 808 1
808 936 1
936 904 1
904 968 1
968 840 2
840 872 2
872 870 2
870 878 2
878 814 1
814 942 1
942 910 1
910 974 1
974 846 1
846 878 1
878 874 1
874 876 1
876 812 1
812 940 1
940 908 2
908 972 2
972 844 1
844 876 1
876 868 2
868 996 3
996 932 2
932 936 1
936 934 1
934 942 1
942 938 1
938 940 1
940 932 1
932 948 1
948 946 1
946 950 1
950 822 1
822 886 1
886 854 1
854 982 2
982 918 2
918 950 1
950 934 1
934 998 1
998 870 2
870 886 2
886 882 1
882 890 1
890 826 1
826 954 1
954 922 1
922 986 1
986 858 1
858 890 1
890 874 1
874 1002 1
1002 938 1
938 954 1
954 946 1
946 1010 2
1010 978 3
978 980 3
980 964 2
964 968 1
968 966 1
966 974 1
974 970 1
970 972 1
972 964 1
964 996 2
996 994 2
994 998 1
998 966 1
966 982 2
982 978 3
978 986 2
986 970 1
970 1002 1
1002 994 1
994 1010 2
1010 1012 2
1012 500 2
500 499 2
499 503 1
503 247 1
247 248 1
248 256 2
256 128 2
128 127 2
127 255 2
255 191 2
191 192 3
192 256 3
256 224 2
224 223 1
223 255 1
255 239 1
239 240 1
240 256 2
256 252 2
252 251 1
251 255 1
255 247 1
247 759 1
759 631 1
631 632 1
632 640 1
640 128 1
128 384 1
384 320 1
320 319 1
319 383 1
383 127 2
127 639 2
639 575 1
575 576 1
576 640 1
640 608 2
608 607 2
607 639 1
639 623 2
623 624 2
624 640 1
640 636 1
636 635 1
635 639 1
639 631 1
631 887 1
887 375 2
375 376 2
376 384 1
384 352 1
352 351 1
351 383 1
383 367 1
367 368 2
368 384 2
384 380 2
380 379 2
379 383 1
383 375 2
375 503 2
503 439 1
439 440 1
440 448 1
448 192 2
192 704 2
704 576 1
576 832 2
832 320 2
320 448 1
448 416 1
416 415 1
415 447 1
447 191 2
191 703 2
703 575 1
575 831 1
831 319 1
319 447 1
447 431 1
431 432 1
432 448 1
448 444 2
444 443 2
443 447 1
447 439 1
439 951 1
951 695 1
695 696 2
696 704 2
704 672 1
672 671 2
671 703 2
703 687 1
687 688 1
688 704 1
704 700 1
700 699 1
699 703 1
703 695 1
695 759 1
759 727 2
727 728 2
728 736 1
736 224 1
224 480 2
480 352 2
352 864 1
864 608 2
608 736 2
736 672 1
672 928 1
928 416 1
416 480 2
480 464 2
464 463 1
463 479 1
479 223 1
223 735 1
735 607 1
607 863 1
863 351 1
351 479 1
479 415 1
415 927 1
927 671 2
671 735 2
735 719 1
719 720 1
720 736 1
736 732 1
732 731 1
731 735 1
735 727 2
727 983 2
983 471 1
471 472 2
472 480 3
480 476 2
476 475 1
475 479 1
479 471 1
471 503 1
503 487 2
487 488 2
488 496 1
496 240 1
240 752 1
752 624 1
624 880 1
880 368 2
368 496 2
496 432 1
432 944 1
944 688 1
688 752 1
752 720 1
720 976 1
976 464 1
464 496 1
496 492 1
492 491 1
491 495 1
495 239 1
239 751 1
751 623 2
623 879 2
879 367 1
367 495 1
495 431 1
431 943 1
943 687 1
687 751 1
751 719 1
719 975 1
975 463 1
463 495 1
495 487 2
487 999 2
999 743 1
743 744 1
744 752 1
752 748 2
748 747 2
747 751 1
751 743 1
743 759 1
759 755 1
755 756 1
756 760 2
760 248 2
248 504 1
504 376 1
376 888 1
888 632 1
632 760 2
760 696 3
696 952 2
952 440 1
440 504 1
504 472 2
472 984 2
984 728 1
728 760 2
760 744 2
744 1000 1
1000 488 1
488 504 1
504 500 2
500 508 2
508 252 1
252 764 1
764 636 1
636 892 1
892 380 2
380 508 2
508 444 2
444 956 2
956 700 1
700 764 1
764 732 1
732 988 1
988 476 1
476 508 1
508 492 1
492 1004 2
1004 748 3
748 764 2
764 756 1
756 1012 1
1012 884 1
884 883 1
883 887 1
887 823 1
823 824 2
824 832 3
832 800 2
800 799 1
799 831 1
831 815 1
815 816 1
816 832 2
832 828 2
828 827 1
827 831 1
831 823 1
823 951 1
951 919 1
919 920 1
920 928 1
928 800 1
800 864 1
864 848 1
848 847 1
847 863 1
863 799 1
799 927 1
927 911 1
911 912 2
912 928 2
928 924 1
924 923 1
923 927 1
927 919 1
919 983 1
983 855 1
855 856 1
856 864 1
864 860 1
860 859 2
859 863 2
863 855 1
855 887 1
887 871 1
871 872 1
872 880 1
880 816 1
816 944 1
944 912 2
912 976 2
976 848 1
848 880 1
880 876 1
876 875 1
875 879 1
879 815 1
815 943 1
943 911 1
911 975 1
975 847 1
847 879 1
879 871 1
871 999 1
999 935 1
935 936 1
936 944 1
944 940 1
940 939 1
939 943 1
943 935 1
935 951 1
951 947 2
947 948 2
948 952 1
952 824 2
824 888 2
888 856 1
856 984 1
984 920 1
920 952 1
952 936 1
936 1000 1
1000 872 1
872 888 1
888 884 1
884 892 1
892 828 1
828 956 1
956 924 1
924 988 1
988 860 1
860 892 1
892 876 1
876 1004 2
1004 940 2
940 956 1
956 948 1
948 1012 1
1012 980 2
980 979 2
979 983 1
983 967 1
967 968 1
968 976 1
976 972 1
972 971 1
971 975 1
975 967 1
967 999 1
999 995 1
995 996 2
996 1000 2
1000 968 1
968 984 1
984 980 2
980 988 2
988 972 1
972 1004 2
1004 996 3
996 1012 2
1012 1011 1
1011 499 1
499 507 1
507 251 1
251 763 1
763 635 1
635 891 1
891 379 1
379 507 1
507 443 1
443 955 1
955 699 1
699 763 1
763 731 1
731 987 1
987 475 1
475 507 1
507 491 1
491 1003 1
1003 747 1
747 763 1
763 755 1
755 1011 1
1011 883 1
883 891 1
891 827 1
827 955 1
955 923 1
923 987 1
987 859 2
859 891 2
891 875 1
875 1003 1
1003 939 1
939 955 1
955 947 2
947 1011 2
1011 979 1
979 987 1
987 971 1
971 1003 1
1003 995 1
995 1011 1
1011 1009 1
1009 1013 1
1013 501 2
501 502 2
502 504 1
504 503 1
503 501 2
501 509 2
509 253 1
253 254 1
254 256 2
256 255 2
255 253 1
253 765 1
765 637 1
637 638 1
638 640 1
640 639 1
639 637 1
637 893 2
893 381 2
381 382 1
382 384 1
384 383 1
383 381 1
381 509 1
509 445 1
445 446 1
446 448 1
448 447 1
447 445 1
445 957 1
957 701 1
701 702 2
702 704 2
704 703 1
703 701 1
701 765 1
765 733 1
733 734 1
734 736 1
736 735 1
735 733 1
733 989 1
989 477 1
477 478 1
478 480 2
480 479 2
479 477 1
477 509 1
509 493 1
493 494 2
494 496 2
496 495 1
495 493 1
493 1005 1
1005 749 1
749 750 1
750 752 1
752 751 1
751 749 1
749 765 1
765 757 1
757 758 1
758 760 2
760 759 2
759 757 1
757 1013 1
1013 885 1
885 886 1
886 888 1
888 887 1
887 885 1
885 893 2
893 829 2
829 830 1
830 832 2
832 831 2
831 829 1
829 957 1
957 925 1
925 926 1
926 928 1
928 927 1
927 925 1
925 989 1
989 861 1
861 862 1
862 864 1
864 863 1
863 861 1
861 893 2
893 877 2
877 878 1
878 880 1
880 879 1
879 877 1
877 1005 1
1005 941 2
941 942 2
942 944 1
944 943 1
943 941 2
941 957 2
957 949 1
949 950 1
950 952 1
952 951 1
951 949 1
949 1013 1
1013 981 1
981 982 2
982 984 2
984 983 1
983 981 1
981 989 1
989 973 2
973 974 2
974 976 1
976 975 1
975 973 2
973 1005 2
1005 997 1
997 998 1
998 1000 1
1000 999 1
999 997 1
997 1013 1
1013 1014 1
1014 502 1
502 510 1
510 254 1
254 766 1
766 638 1
638 894 1
894 382 1
382 510 1
510 446 1
446 958 2
958 702 3
702 766 2
766 734 1
734 990 1
990 478 1
478 510 1
510 494 2
494 1006 2
1006 750 1
750 766 1
766 758 1
758 1014 1
1014 886 1
886 894 1
894 830 1
830 958 2
958 926 2
926 990 1
990 862 1
862 894 1
894 878 1
878 1006 1
1006 942 1
942 958 2
958 950 2
950 1014 1
1014 982 2
982 990 2
990 974 1
974 1006 1
1006 998 1
998 1014 1
1014 1010 2
1010 1018 2
1018 506 1
506 505 2
505 507 2
507 508 1
508 506 1
506 510 1
510 509 1
509 505 2
505 1017 2
1017 761 2
761 762 2
762 764 1
764 763 1
763 761 2
761 765 2
765 766 1
766 762 1
762 1018 1
1018 890 1
890 889 1
889 891 1
891 892 1
892 890 1
890 894 1
894 893 2
893 889 2
889 1017 1
1017 953 1
953 954 1
954 956 1
956 955 1
955 953 1
953 957 1
957 958 2
958 954 2
954 1018 1
1018 986 1
986 985 1
985 987 1
987 988 1
988 986 1
986 990 1
990 989 1
989 985 1
985 1017 1
1017 1001 1
1001 1002 1
1002 1004 2
1004 1003 2
1003 1001 1
1001 1005 1
1005 1006 1
1006 1002 1
1002 1018 1
1018 1017 1
1017 1009 1
1017 1019 1
1019 507 1
507 511 1
511 255 1
255 767 1
767 639 1
639 895 1
895 383 1
383 511 1
511 447 1
447 959 1
959 703 1
703 767 1
767 735 1
735 991 1
991 479 1
479 511 1
511 495 1
495 1007 1
1007 751 1
751 767 1
767 759 1
759 1015 1
1015 503 1
503 511 1
511 509 1
509 1021 1
1021 765 1
765 767 1
767 763 1
763 1019 1
1019 891 1
891 895 1
895 831 1
831 959 1
959 927 1
927 991 1
991 863 1
863 895 1
895 879 1
879 1007 1
1007 943 1
943 959 1
959 951 1
951 1015 1
1015 887 1
887 895 1
895 893 2
893 1021 2
1021 957 1
957 959 1
959 955 1
955 1019 1
1019 987 1
987 991 1
991 975 1
975 1007 1
1007 999 1
999 1015 1
1015 983 1
983 991 1
991 989 1
989 1021 1
1021 1005 1
1005 1007 1
1007 1003 1
1003 1019 1
1019 1011 1
1011 1015 1
1015 1013 1
1013 1021 1
1021 1017 1
1021 1022 1
1022 510 1
510 512 1
512 256 2
256 768 2
768 640 1
640 896 1
896 384 1
384 512 1
512 448 1
448 960 1
960 704 1
704 768 1
768 736 1
736 992 1
992 480 2
480 512 2
512 496 1
496 1008 1
1008 752 1
752 768 1
768 760 2
760 1016 2
1016 504 1
504 512 1
512 508 1
508 1020 1
1020 764 1
764 768 1
768 766 1
766 1022 1
1022 894 1
894 896 1
896 832 2
832 960 2
960 928 1
928 992 1
992 864 1
864 896 1
896 880 1
880 1008 1
1008 944 1
944 960 1
960 952 1
952 1016 1
1016 888 1
888 896 1
896 892 1
892 1020 1
1020 956 1
956 960 1
960 958 2
958 1022 2
1022 990 1
990 992 1
992 976 1
976 1008 1
1008 1000 1
1000 1016 1
1016 984 1
984 992 1
992 988 1
988 1020 1
1020 1004 2
1004 1008 2
1008 1006 1
1006 1022 1
1022 1014 1
1014 1016 1
1016 1012 1
1012 1020 1
1020 1018 1
1018 1022 1
1022 1024 1
1024 512 1
512 511 1
511 1023 2
1023 767 2
767 768 1
768 1024 1
1024 896 1
896 895 1
895 1023 2
1023 959 2
959 960 1
960 1024 1
1024 992 1
992 991 1
991 1023 2
1023 1007 2
1007 1008 1
1008 1024 1
1024 1016 1
1016 1015 1
1015 1023 2
1023 1019 2
1019 1020 1
1020 1024 1
1024 1023 2
1023 1021 2

REQUESTS

BLOCKAGES
106 105
121 249
243 247
61 57
173 45
935 951
919 903
232 231
779 267
226 234
674 673
827 819
139 11
478 350
374 358
802 930
964 452
915 787
197 709
818 946
839 871
707 963
228 227
728 736
51 49
740 756
466 468
526 522
24 280
616 872
625 629
396 908
617 619
860 796
333 461
371 499
665 649
252 188
53 117
336 464
437 445
701 685
2 34
651 715
899 915
309 277
489 491
1003 939
196 195
503 247
711 967
686 702
843 847
702 574
684 682
449 465
488 424
555 811
894 893
872 888
917 789
289 353
817 821
835 833
145 657
553 545
981 853
582 70
962 970
36 100
231 199
230 102
515 531
937 681
619 635
296 424
522 538
259 257
477 473
313 377
212 210
230 226
102 358
878 1006
798 794
901 645
530 532
907 651
829 813
554 810
789 853
708 580
536 534
684 688
713 585
225 97
730 986
632 640
159 157
500 244
724 723
110 102
1012 1011
735 991
484 420
693 694
183 151
777 779
444 428
398 910
548 547
867 871
294 296
309 317
170 186
285 413
880 1008
945 946
77 69
249 217
542 538
678 550
721 725
993 995
915 403
621 623
626 628
853 837
930 674
792 776
912 928
519 551
7 71
108 236
340 338
389 397
572 576
532 20
746 714
283 315
712 968
667 659
500 499
199 135
217 153
908 912
885 886
1004 940
466 474
453 197
16 528
475 479
246 502
373 374
615 551
149 157
452 196
465 209
404 148
750 746
770 258
527 523
1001 873
471 407
842 778
870 806
693 757
592 591
686 750
913 917
1018 1017
345 89
914 916
708 706
638 126
276 280
454 462
334 336
499 243
533 541
761 762
501 509
416 400
200 456
263 261
937 929
960 928
136 648
655 653
592 624
443 411
579 67
806 808
242 754
103 101
326 838
68 84
652 651
773 901
733 717
792 800
881 885
358 486
79 111
95 127
943 687
43 299
361 377
510 509
897 905
904 968
667 539
565 566
634 122
145 149
406 438
526 518
577 581
608 96
562 626
666 668
610 612
990 989
809 825
55 53
200 72
828 316
468 472
7 5
969 841
646 642
994 866
931 995
120 128
410 402
215 211
89 91
745 713
389 901
874 866
7 23
864 863
855 887
98 100
429 173
57 313
527 15
221 222
629 613
60 28
198 206
876 868
42 10
792 856
25 537
666 658
831 815
944 912
556 524
743 711
283 411
525 557
199 215
719 715
727 983
798 800
69 5
220 252
41 553
996 1000
513 521
560 816
541 525
718 714
497 1009
637 621
280 312
230 238
588 604
203 139
329 345
325 333
1015 503
162 674
393 137
247 245
640 128
81 17
624 640
563 819
689 690
224 208
293 37
668 700
52 36
381 377
832 320
774 262
333 349
572 540
552 616
532 788
875 363
501 485
888 884
601 605
585 577
396 395
836 868
615 613
820 308
954 946
487 423
219 211
963 967
602 634
961 962
491 483
93 29
218 210
277 285
347 351
796 284
127 63
415 447
517 518
949 693
543 535
147 151
1 65
889 881
739 737
433 437
734 222
97 101
112 111
875 1003
301 429
627 883
791 279
364 332
632 120
277 278
756 754
393 457
290 34
376 374
884 868
75 79
563 564
338 274
469 501
614 102
754 738
399 397
637 633
394 410
116 115
745 1001
101 69
172 684
642 898
770 802
194 202
922 924
807 805
907 905
473 475
241 242
4 20
304 303
676 675
296 40
714 716
966 974
176 175
898 914
784 780
196 708
109 237
822 830
636 628
379 347
186 188
654 718
482 418
427 939
304 432
209 721
966 962
684 556
356 355
132 644
947 1011
442 444
189 181
834 322
349 350
782 910
652 524
1012 1020
859 843
931 675
726 722
169 233
502 504
306 434
850 858
739 995
1015 983
216 215
281 273
407 403
930 994
903 899
829 957
114 122
584 616
190 702
785 273
192 256
527 591
905 969
876 875
660 692
27 19
812 300
56 568
258 266
792 791
342 374
613 549
330 329
50 562
803 771
97 113
585 73
694 702
927 919
515 516
558 814
641 129
113 625
830 318
531 529
179 51
721 977
71 583
657 659
117 125
732 724
357 485
206 222
825 827
874 362
312 56
948 952
124 252
774 782
783 775
958 926
182 184
651 655
106 74
851 883
208 204
175 167
819 307
567 823
780 908
690 754
912 904
523 555
528 520
922 986
475 467
732 731
123 59
30 94
582 710
491 427
213 214
421 933
753 755
976 1008
93 94
413 925
239 207
137 649
750 718
589 590
605 93
911 399
168 176
710 712
61 45
813 809
730 732
202 218
534 530
499 503
289 291
725 661
692 691
87 88
569 573
315 59
237 749
366 334
344 343
140 652
151 135
432 430
387 391
1010 498
191 175
435 419
953 937
15 7
239 235
272 304
268 284
590 846
848 844
231 229
613 621
341 853
68 324
920 792
405 469
796 828
444 188
959 951
387 131
558 574
862 846
538 537
815 816
764 732
314 442
391 407
990 478
597 581
611 615
63 55
769 785
1017 953
474 458
160 32
721 722
342 326
909 973
277 341
978 962
902 918
685 749
17 49
816 814
996 932
263 279
818 802
84 116
784 783
158 160
726 758
359 327
809 777
40 168
444 443
823 807
315 316
302 294
12 4
386 390
571 635
245 757
987 475
557 549
514 578
866 865
661 657
48 560
196 212
311 295
837 325
41 105
928 416
326 262
116 372
256 252
234 233
176 172
568 567
832 831
123 124
730 666
1023 1007
598 600
650 652
1020 1024
401 405
950 934
253 237
379 371
633 625
716 715
210 214
422 418
1023 959
193 209
578 66
806 814
700 684
78 110
463 479
476 475
3 67
193 705
534 790
590 586
619 555
125 637
772 771
939 907
425 937
934 678
588 76
650 714
675 673
151 215
552 550
867 868
685 653
341 342
953 921
341 85
255 191
353 481
968 966
826 810
990 974
1002 938
78 70
146 658
801 865
52 51
492 428
915 913
59 27
456 455
394 386
372 371
508 444
60 59
929 801
851 855
695 759
579 577
345 346
77 93
970 972
477 413
720 976
956 700
70 326
541 542
1005 941
728 726
812 816
834 842
988 476
616 615
888 896
880 879
16 12
171 187
858 890
914 402
981 989
377 345
58 57
357 365
864 896
96 95
355 363
395 387
951 1015
599 597
162 34
523 515
382 350
531 535
729 731
35 39
683 699
347 339
702 704
992 988
117 118
165 161
392 136
248 120
617 633
923 915
687 655
984 983
620 618
654 650
75 203
283 275
314 298
904 920
680 676
754 722
135 133
414 406
316 300
334 270
10 26
114 116
1022 1024
366 494
421 422
841 329
181 177
883 881
853 854
161 33
159 671
1023 1021
251 243
736 735
83 211
619 620
442 441
593 625
183 695
980 468
650 666
287 285
76 332
460 492
16 15
1016 1015
448 447
961 705
819 947
97 609
622 558
809 297
77 589
120 376
845 877
425 427
899 387
249 185
773 805
52 564
778 777
418 162
233 249
566 534
785 789
293 301
629 885
677 685
628 627
771 769
814 302
144 136
115 371
920 408
142 14
887 871
909 901
504 472
400 912
840 584
1003 995
881 369
999 935
437 949
249 761
896 384
487 231
873 875
272 268
237 239
846 782
740 739
412 411
361 329
330 332
918 950
64 576
48 44
811 939
77 78
846 878
670 672
688 704
381 509
253 249
968 456
1000 968
708 712
53 54
625 626
241 225
587 603
439 183
799 791
580 836
682 746
338 322
758 694
831 959
47 15
565 561
34 33
20 18
939 943
496 432
403 401
853 861
584 582
403 467
460 476
373 357
540 532
492 491
244 228
806 294
656 720
128 64
18 50
378 377
105 73
298 426
533 789
762 764
561 817
284 316
200 232
745 617
710 966
384 352
129 1
298 42
143 144
217 729
402 466
32 96
225 227
344 352
312 308
407 919
416 415
388 386
555 43
307 315
351 383
363 379
966 982
434 442
285 29
565 53
766 638
886 630
167 168
794 826
905 909
1013 1014
122 106
533 534
1000 488
595 723
498 434
101 229
537 793
498 506
905 906
65 81
377 121
852 836
327 343
9 1
174 686
981 469
845 781
140 138
369 113
948 1012
24 56
980 964
414 158
320 64
926 922
748 716
263 7
490 1002
223 95
121 113
1015 887
352 351
668 660
143 655
1009 945
270 398
410 474
301 302
118 120
598 726
411 475
1009 1013
544 543
704 768
844 780
808 807
101 109
807 935
547 555
467 339
980 852
556 572
293 289
255 253
879 815
518 6
530 538
768 760
65 66
391 389
485 229
837 845
498 500
804 292
291 307
351 287
131 643
261 269
976 848
331 347
836 844
203 207
810 778
908 652
470 466
431 399
869 357
103 111
511 495
485 481
697 569
438 502
70 72
935 931
870 878
247 183
882 890
5 6
679 743
486 485
894 830
470 454
262 390
904 903
360 376
92 91
901 902
138 137
168 136
106 618
464 496
481 449
733 729
661 693
470 478
1018 986
1013 501
906 922
556 812
316 314
771 835
336 335
963 451
252 251
977 1009
265 267
412 404
100 612
63 191
382 510
793 785
115 83
269 13
922 921
771 775
683 555
375 119
696 664
74 330
976 972
612 548
338 370
697 665
787 275
929 930
780 796
881 1009
584 72
195 211
340 852
337 273
260 292
165 677
478 480
491 235
246 230
520 519
754 626
869 805
649 641
734 670
1014 982
61 189
664 920
436 180
489 233
642 650
813 815
489 425
286 282
554 570
86 82
606 602
743 615
857 345
520 536
286 288
251 219
906 898
665 669
941 957
137 9
453 461
628 632
165 37
835 323
20 24
633 889
861 797
150 158
544 608
361 297
26 154
156 140
829 825
490 234
849 337
971 459
43 107
1 2
322 354
843 331
343 375
975 463
224 220
257 769
643 515
908 972
734 730
17 18
292 300
103 615
351 479
354 356
328 360
954 1018
779 907
395 139
797 798
127 125
344 280
924 908
301 297
294 293
693 677
714 730
257 258
568 824
838 840
465 469
643 651
468 340
586 585
4 68
166 174
994 1010
150 214
637 573
627 631
73 74
575 831
324 260
4 516
763 1019
466 338
422 166
528 592
578 610
352 336
572 828
720 736
597 629
974 846
599 855
419 387
767 759
693 565
1003 1019
575 543
216 472
156 668
558 526
300 298
814 830
672 928
509 493
742 738
751 743
874 876
45 109
1019 507
577 833
353 355
996 1012
242 244
447 445
676 644
171 43
967 968
11 523
496 492
282 410
170 682
886 854
148 212
576 544
424 440
522 778
50 58
655 911
1021 1022
687 559
157 153
339 83
593 849
498 242
590 592
351 343
594 722
299 363
445 957
132 4
22 150
427 395
483 419
326 334
999 1015
902 966
528 544
56 54
272 16
151 149
265 257
74 202
193 129
289 297
476 468
493 1005
494 1006
107 108
28 20
342 854
987 971
503 511
725 726
963 979
903 647
624 880
619 587
925 926
469 341
295 359
614 622
1015 1013
702 698
22 24
38 34
917 925
707 643
12 76
205 141
719 975
426 170
1002 994
894 878
804 932
670 542
113 117
780 772
821 805
849 785
655 527
810 809
597 598
813 301
733 605
720 712
413 414
190 182
383 367
86 118
487 485
1014 1010
957 958
839 855
1016 888
210 466
32 24
430 446
877 813
166 230
593 597
315 319
613 869
383 511
178 242
835 839
805 293
396 140
260 4
942 686
186 250
349 341
173 165
967 455
920 952
611 579
338 850
895 893
430 174
926 990
506 510
885 373
210 242
550 614
186 154
253 765
94 350
822 806
758 760
138 170
426 425
1010 978
79 77
254 250
797 829
459 491
86 342
771 787
310 312
823 821
208 720
313 305
513 641
538 540
18 274
157 141
296 295
979 467
106 234
941 942
564 820
551 39
812 810
658 662
447 959
319 317
695 567
356 324
15 271
484 996
600 728
824 832
677 741
506 442
241 753
867 883
705 737
961 977
90 26
178 50
611 867
671 669
519 517
58 186
72 8
668 540
278 286
303 431
481 993
270 272
973 845
932 948
464 460
31 543
461 477
787 819
430 398
89 73
1018 506
698 682
347 345
639 895
871 869
1004 1008
718 734
713 969
678 680
888 632
947 948
706 722
638 606
365 361
435 179
537 521
488 496
596 594
854 838
588 844
188 180
91 95
41 57
890 889
301 269
652 668
4 8
109 105
494 490
405 149
363 364
647 711
818 820
152 160
830 832
545 546
339 337
979 987
58 570
571 539
186 178
783 847
673 641
705 577
222 218
795 859
159 151
207 199
706 578
729 721
32 30
946 690
563 51
894 896
187 699
627 115
154 138
880 816
352 864
640 636
948 916
1015 1023
893 889
263 391
997 998
273 305
19 275
549 805
516 532
85 86
244 248
92 348
16 144
58 60
931 939
935 903
13 9
364 368
310 438
709 710
340 276
854 598
438 434
128 124
297 425
48 176
947 691
264 263
449 453
871 359
66 322
137 169
271 399
229 237
299 427
858 857
238 206
940 684
904 776
603 731
696 568
199 197
928 992
730 218
962 964
689 657
639 623
791 787
151 663
860 348
910 902
370 306
778 266
737 609
332 348
26 58
451 195
455 391
288 416
333 77
600 584
102 98
856 840
275 279
213 245
317 301
630 638
239 751
975 973
960 952
60 572
201 137
698 697
11 27
776 264
22 54
520 584
234 202
684 748
288 284
861 893
618 617
621 877
411 155
916 404
306 305
802 804
716 708
625 609
146 130
1016 1012
14 78
676 548
133 134
696 704
125 109
842 846
322 330
473 409
467 499
927 911
406 390
370 354
428 426
199 711
563 547
705 707
506 250
707 723
149 181
735 733
521 777
325 326
881 817
435 433
472 470
474 476
828 812
786 850
742 710
492 236
494 238
374 886
246 118
318 320
532 531
801 769
620 556
985 473
461 457
49 561
622 638
420 164
139 171
971 975
277 261
23 535
108 106
634 618
557 558
578 580
878 814
977 465
225 233
457 489
293 421
320 316
65 193
712 711
133 141
641 642
933 901
600 608
51 115
250 122
401 385
194 706
517 533
236 172
731 987
702 670
889 377
493 489
510 512
911 975
579 583
687 751
584 712
350 346
1013 981
639 631
280 278
282 284
436 435
489 505
684 652
777 265
529 785
545 561
417 481
112 624
826 825
56 40
765 637
794 282
763 635
423 431
566 550
974 976
731 219
758 246
117 101
189 157
442 954
675 739
395 411
680 679
614 870
464 463
508 252
722 730
660 532
846 845
209 145
266 394
784 272
955 953
641 705
300 304
738 740
827 795
681 673
218 220
519 775
327 71
272 271
37 38
762 730
900 898
706 710
661 917
334 350
581 589
582 590
1005 1006
152 216
35 547
850 882
656 528
725 733
989 1021
557 573
890 894
957 949
782 778
457 201
974 1006
258 260
606 734
831 319
774 770
1012 500
607 639
755 723
433 417
436 420
841 857
951 919
83 19
462 464
732 604
1017 1019
921 985
934 998
132 140
114 82
546 802
24 8
764 636
331 335
783 799
52 180
247 231
104 103
664 672
54 566
456 464
541 797
733 734
173 685
545 33
247 759
917 405
236 240
408 416
723 727
3 1
345 349
379 315
208 207
498 497
385 393
536 792
495 487
107 619
444 436
609 577
972 971
544 540
298 302
350 862
160 224
569 57
35 3
553 617
916 920
986 474
682 554
754 1010
445 446
864 860
5 13
147 659
287 279
10 9
41 43
589 585
388 132
328 264
401 913
118 126
128 384
105 107
694 690
243 227
846 334
610 98
619 875
596 724
332 331
189 191
704 700
343 279
724 728
381 382
978 850
51 307
663 727
501 437
105 361
666 922
53 37
392 390
763 755
912 976
962 834
219 91
583 581
705 706
570 826
153 185
790 278
228 164
419 163
100 108
896 832
426 430
87 85
826 954
702 766
547 611
883 887
386 130
830 826
333 334
91 347
513 545
582 614
205 201
175 173
988 972
66 82
925 989
870 886
642 514
61 62
155 219
893 877
964 836
44 172
69 197
598 582
192 184
235 203
699 763
957 701
200 198
557 45
836 324
612 868
466 450
376 384
548 552
1005 997
238 237
811 812
81 82
566 822
921 923
897 929
927 671
92 28
258 386
402 406
634 636
279 277
857 793
890 378
397 413
996 994
46 48
509 1021
481 225
222 94
386 450
281 283
330 458
368 366
586 602
640 639
21 5
561 569
855 856
428 940
461 397
893 381
983 967
551 552
204 716
524 588
54 62
965 973
786 274
800 864
947 931
446 414
260 259
480 479
505 1017
408 472
308 307
1004 996
862 864
825 793
669 670
433 434
118 54
369 353
653 669
553 809
540 524
997 1013
274 276
1003 1001
188 192
60 52
898 897
768 736
890 874
279 407
359 357
195 193
62 574
512 448
368 496
423 167
204 220
970 842
664 648
851 595
873 809
275 273
37 549
142 654
130 138
533 21
411 415
865 867
976 975
418 930
76 108
516 514
971 843
775 903
459 395
899 963
177 161
803 931
57 25
1022 1014
755 756
891 827
628 116
463 461
542 30
518 582
572 564
90 122
916 915
300 364
460 458
612 620
1022 990
673 689
206 78
278 274
89 217
522 586
417 161
482 481
328 336
81 85
530 594
834 866
919 917
524 780
580 579
864 608
365 493
410 154
738 746
844 860
113 81
487 999
528 784
815 783
48 16
849 881
571 563
495 493
222 478
441 409
148 152
932 900
430 429
550 546
938 940
312 320
244 756
862 858
408 152
813 941
459 463
332 268
697 699
867 355
622 621
464 208
302 46
476 220
631 629
965 453
818 826
160 672
478 510
581 613
1008 1000
133 129
767 768
324 452
676 740
852 884
785 913
229 225
169 173
408 392
250 234
285 286
703 687
286 318
984 728
39 7
850 852
412 156
72 80
65 577
560 576
923 795
31 32
420 932
847 591
136 152
180 178
156 155
9 73
27 25
93 125
326 322
831 829
538 26
96 352
232 744
465 401
892 1020
644 708
55 183
833 961
88 72
346 348
738 706
94 96
562 530
375 503
54 50
72 104
822 818
939 937
560 556
367 363
330 346
762 634
130 162
499 507
1006 750
490 426
126 110
749 621
418 386
914 978
451 455
648 646
977 978
185 169
246 242
659 691
145 177
793 794
938 954
673 929
172 140
452 484
750 752
418 426
865 833
737 753
559 623
373 309
27 283
197 133
440 184
321 322
292 36
95 87
576 568
271 263
241 177
923 411
692 564
618 554
732 988
348 340
327 455
10 522
910 654
399 391
207 223
868 356
211 243
854 850
182 166
993 961
976 464
396 388
637 638
239 240
827 315
681 697
243 241
586 74
7 519
180 184
718 590
111 367
126 128
8 40
120 119
598 86
804 772
589 605
387 388
800 799
64 63
75 73
604 860
511 447
825 313
860 852
799 797
535 536
809 811
192 190
284 28
647 648
960 1024
561 529
581 69
479 471
946 914
603 607
362 490
529 530
878 880
786 818
998 1014
90 346
184 183
951 695
741 613
967 965
586 842
46 14
342 278
616 632
168 166
886 882
764 756
747 715
308 52
142 141
214 198
647 643
722 978
450 194
365 333
956 924
413 157
415 159
5 517
714 970
608 604
409 413
796 795
172 164
134 130
179 163
63 575
381 125
85 213
570 538
648 904
362 106
283 267
1001 1002
381 365
472 984
1002 1018
310 54
829 317
667 923
70 86
1012 980
291 292
310 306
549 517
924 916
479 477
143 15
256 224
943 941
197 229
436 948
537 529
282 314
985 857
666 538
618 874
642 674
305 49
759 757
570 562
519 527
898 386
219 217
811 779
546 554
682 686
385 417
206 208
425 441
258 290
328 840
142 206
155 667
964 963
122 58
116 100
910 974
601 593
432 176
468 500
108 44
819 817
382 378
96 128
470 342
347 283
781 797
65 69
75 67
906 970
486 230
986 858
375 376
723 721
870 358
644 516
573 574
42 554
575 571
801 289
985 1017
429 431
770 778
805 933
230 232
2 10
797 925
775 263
895 383
231 743
294 38
184 248
728 216
368 112
877 365
144 160
847 839
530 786
33 35
160 159
474 346
908 900
399 463
859 863
25 89
515 579
644 643
973 969
166 38
318 446
858 842
704 703
794 858
445 441
956 955
735 727
864 848
372 356
317 313
688 680
790 854
521 525
49 113
761 765
355 323
209 213
40 36
422 934
1003 747
737 673
360 488
478 474
923 927
398 400
805 813
577 593
729 713
93 349
542 606
176 144
383 127
155 27
267 395
11 3
311 309
8 264
960 958
341 373
207 79
892 876
581 582
45 47
23 55
304 48
824 888
526 590
197 205
530 18
620 624
624 560
40 552
281 345
329 265
936 1000
362 330
181 693
544 800
20 148
151 152
1006 1022
925 909
903 967
682 650
990 862
711 719
885 893
660 664
746 618
719 207
794 786
245 117
319 63
305 289
366 382
749 717
551 807
749 741
348 284
219 223
255 247
832 828
216 88
925 669
834 770
994 998
99 355
365 367
912 910
236 748
690 674
882 884
238 750
228 740
394 396
542 798
938 937
937 941
13 77
807 815
429 425
102 118
324 340
877 878
894 382
690 692
456 488
938 906
134 142
309 310
24 88
712 648
781 269
865 993
751 749
431 427
40 48
814 942
346 282
920 928
929 945
80 16
658 690
1019 1020
565 821
359 103
945 953
1000 1016
319 383
916 980
448 960
552 520
316 380
1020 764
14 10
88 96
20 276
325 357
449 961
87 119
608 607
405 437
811 827
496 1008
587 579
221 213
313 441
380 124
267 11
201 217
184 168
862 894
105 121
350 342
443 955
481 489
654 656
150 662
820 804
1007 1003
679 677
1010 1012
73 329
292 290
226 225
43 11
36 548
627 625
476 412
629 630
644 648
292 420
760 759
279 311
627 611
180 244
6 14
353 361
407 439
358 294
757 1013
909 653
24 23
323 339
200 208
897 899
76 92
180 148
456 452
594 578
1021 1017
1 257
806 934
66 70
82 210
877 873
716 588
913 657
233 105
830 798
590 606
220 92
539 543
274 258
70 6
431 432
858 860
1000 872
717 973
206 202
333 329
276 404
866 882
591 79
854 862
707 579
812 780
746 762
735 719
673 677
47 63
773 261
233 201
1008 752
81 337
300 44
970 1002
969 961
742 614
131 135
685 687
440 438
295 303
759 727
455 453
777 793
814 813
346 338
910 926
110 238
185 189
971 963
453 454
237 233
574 570
302 366
986 985
261 293
211 209
217 218
329 457
469 453
318 302
695 693
775 773
191 159
153 145
1008 1024
465 466
119 631
47 559
517 773
371 307
719 655
170 172
266 10
269 333
876 1004
764 768
889 825
196 200
384 512
845 861
505 497
84 83
35 99
276 260
791 789
307 435
988 860
969 971
284 283
775 791
94 126
821 822
974 462
157 221
604 596
234 746
424 420
308 316
983 981
297 298
2 514
235 236
797 789
447 191
3 259
254 222
172 188
555 553
212 84
592 848
788 792
503 487
899 771
942 958
271 303
258 2
109 77
191 192
900 916
243 115
703 701
1024 992
995 996
285 317
757 758
875 879
624 616
456 328
331 75
97 65
843 844
932 676
85 21
431 943
245 229
603 595
487 488
191 187
762 1018
955 1019
661 662
368 360
472 456
294 422
551 547
504 503
884 892
861 857
845 841
337 465
715 713
64 48
288 272
492 1004
675 683
259 263
595 627
541 537
143 207
749 750
643 899
57 59
448 192
91 123
565 629
728 664
1017 1001
1009 753
128 127
327 325
737 741
367 495
471 469
79 95
1007 1008
212 244
663 661
152 664
578 834
496 240
320 304
152 150
165 181
818 306
446 190
174 176
671 735
507 491
74 90
533 565
473 465
170 42
511 255
398 394
127 639
437 181
983 991
251 123
393 409
179 243
354 290
763 761
183 181
986 990
699 691
156 148
45 41
357 358
630 614
124 108
118 114
426 394
604 603
216 200
785 786
774 806
549 565
211 212
227 235
651 667
108 620
230 742
769 833
99 115
240 232
70 198
111 107
34 42
930 938
50 34
773 774
507 508
385 387
379 507
423 391
921 905
658 914
215 727
758 742
779 771
429 397
289 417
280 288
5 133
240 256
840 836
110 46
187 185
933 949
688 686
569 825
553 557
203 219
491 495
635 639
438 446
205 206
502 498
271 287
12 524
602 604
4 3
994 482
495 431
945 947
748 620
588 587
394 906
701 573
969 457
501 245
536 600
995 483
848 847
672 656
628 612
970 969
150 134
235 251
555 559
617 585
843 779
289 257
42 106
665 666
687 688
803 811
223 215
591 583
686 685
194 196
130 129
212 468
552 560
522 514
753 754
204 196
653 645
72 71
512 508
438 182
980 979
918 914
13 14
898 902
744 616
521 585
392 400
727 711
126 382
798 862
174 190
377 379
879 367
724 980
839 327
795 793
907 899
850 834
903 901
463 335
129 137
62 190
694 566
968 840
606 94
195 199
635 891
328 326
306 308
540 604
335 271
288 287
606 598
774 838
863 895
712 728
63 61
314 313
308 292
280 264
268 266
734 736
755 1011
661 533
282 281
62 58
727 725
323 451
756 724
853 597
633 601
564 562
841 873
649 521
543 541
249 251
477 478
975 967
98 66
987 859
865 873
1013 1021
961 965
272 400
525 526
880 876
278 262
708 964
331 323
169 681
682 681
752 751
167 679
449 193
141 653
826 828
694 678
746 745
692 696
815 303
380 364
641 645
261 389
434 418
311 439
795 787
86 22
524 523
755 739
944 688
879 877
14 30
853 885
868 996
878 366
441 953
638 634
752 768
19 51
946 1010
322 450
93 89
810 938
155 147
171 169
937 1001
654 526
608 736
839 775
609 545
14 526
22 278
17 529
595 596
851 835
930 898
281 25
462 398
569 553
482 498
276 308
257 261
698 762
891 379
626 882
127 255
87 23
782 270
710 198
692 756
121 123
115 123
425 393
364 362
358 366
681 683
15 31
476 508
262 294
729 601
944 940
202 138
120 56
795 799
53 61
485 421
84 88
391 392
46 45
1020 1004
939 955
655 647
585 587
902 390
654 670
516 580
651 649
594 626
720 718
66 2
202 714
955 923
806 802
926 414
220 212
715 971
390 422
769 513
119 247
675 679
442 186
905 393
875 867
545 801
390 389
248 216
885 869
631 887
887 885
1018 890
228 236
369 370
175 239
6 2
78 80
729 985
680 696
356 100
451 459
436 440
404 468
483 484
623 879
891 895
162 161
175 143
131 139
344 328
291 35
893 829
267 268
717 709
857 859
793 921
340 372
1005 1007
463 495
458 202
711 707
197 198
483 227
841 833
66 194
765 757
927 925
211 147
8 16
393 395
291 419
928 924
723 659
33 97
374 370
936 944
404 408
808 824
86 94
1024 896
648 656
119 103
443 447
596 84
155 159
23 19
951 949
807 295
305 309
253 189
39 103
485 493
259 291
302 304
700 692
339 851
569 570
488 232
389 385
392 424
26 282
432 448
674 738
919 983
59 571
561 563
231 167
776 774
260 388
80 336
972 1004
576 574
1007 999
736 224
176 688
310 318
897 769
387 451
274 306
657 658
20 52
141 173
1021 1005
266 270
738 610
828 956
618 622
776 808
188 700
371 369
833 837
973 461
525 781
79 71
404 436
71 199
337 338
547 515
873 874
309 437
107 75
39 47
696 694
759 755
757 753
252 236
321 65
605 637
901 965
751 623
482 226
114 370
376 312
724 660
868 866
551 567
394 138
630 758
904 392
164 36
906 650
364 492
419 423
324 323
887 895
679 687
35 43
194 226
895 1023
635 627
318 317
817 818
913 914
507 511
629 117
109 621
876 812
495 239
390 454
596 628
19 17
523 779
866 802
137 153
640 896
748 764
173 174
544 32
352 348
823 824
265 281
166 165
697 761
726 734
250 249
625 881
90 92
123 127
409 401
113 241
286 414
852 851
802 801
686 558
623 624
508 492
701 765
549 551
766 758
660 658
454 486
205 717
833 321
514 770
497 433
427 443
888 887
953 954
835 843
631 615
254 126
988 1020
168 680
977 981
306 314
45 13
315 443
722 658
133 645
978 980
788 852
339 371
140 12
378 380
736 672
374 382
189 190
1023 1019
639 575
221 253
743 739
525 527
437 438
266 265
985 977
874 810
337 341
360 296
991 1023
259 267
656 688
652 716
265 393
634 633
181 245
575 559
671 663
681 745
879 1007
884 820
304 368
870 869
886 894
518 774
518 520
224 96
335 351
158 30
539 27
966 454
558 560
947 915
458 457
144 656
683 651
562 546
811 299
999 997
789 821
99 97
717 589
130 132
422 430
991 975
146 148
267 331
383 375
744 752
36 44
114 98
57 49
303 319
472 344
534 22
840 848
644 660
559 815
107 235
218 90
777 841
583 584
672 544
187 179
981 965
741 757
515 3
647 663
703 695
983 471
714 706
5 37
742 998
209 241
486 422
837 773
940 956
22 6
88 344
440 448
103 71
146 178
1007 751
245 253
288 320
768 766
994 993
270 269
125 61
1016 504
726 662
720 592
591 589
295 423
977 849
537 539
170 162
509 505
421 417
327 328
160 156
225 737
238 174
989 973
146 154
479 223
405 406
216 224
732 716
135 647
55 39
248 256
488 486
575 576
941 909
497 501
918 790
611 99
446 442
650 522
998 486
646 678
153 25
38 102
413 445
375 373
313 281
638 640
149 150
167 163
388 392
251 763
402 434
458 462
641 657
126 62
331 459
339 340
119 55
761 745
592 80
872 808
992 480
507 443
505 441
372 376
68 196
543 607
819 803
217 221
1009 993
1010 1018
950 952
588 580
50 52
31 29
497 241
1019 1011
935 679
780 268
821 309
79 335
892 380
475 507
224 480
598 630
334 462
917 981
12 11
645 647
198 194
409 410
759 631
958 1022
760 696
427 428
157 158
572 571
963 835
568 632
808 296
613 614
153 155
89 81
527 528
389 421
945 913
257 273
1001 1005
269 397
873 361
615 871
384 320
504 500
80 76
766 1022
667 671
452 388
130 642
373 381
235 171
154 218
396 412
124 60
698 570
268 12
692 676
435 439
32 64
781 777
950 822
512 496
223 221
307 311
718 974
494 430
545 549
147 179
37 101
110 622
889 891
863 861
445 189
240 238
440 408
663 695
483 499
281 409
936 680
571 827
264 296
591 607
539 531
747 619
546 548
787 851
75 587
254 256
268 300
670 666
646 902
188 156
532 536
690 698
223 255
867 803
941 685
21 22
587 523
61 573
398 414
254 766
959 960
480 512
1021 957
541 605
287 415
210 146
177 49
820 819
817 945
169 41
423 935
922 794
773 781
753 721
150 146
543 527
989 477
546 610
140 144
275 259
447 439
401 145
1006 998
517 581
192 704
462 461
558 554
101 102
659 660
198 454
453 389
3 7
872 360
523 539
147 131
828 827
869 865
171 683
415 407
522 524
190 186
695 679
111 109
13 29
92 124
940 932
610 866
502 374
513 1
954 956
678 742
280 408
265 297
951 947
653 525
31 23
434 436
397 141
11 15
998 870
574 830
458 490
493 494
749 765
439 951
933 935
731 667
601 537
723 979
400 432
561 562
33 41
301 365
38 46
567 563
439 423
800 796
164 162
855 343
21 277
398 142
28 156
674 546
475 459
248 504
540 539
1011 883
674 676
452 460
1001 489
49 33
608 592
409 153
474 473
748 747
838 834
952 1016
740 708
231 239
467 451
665 729
443 435
911 783
378 506
131 163
246 254
332 324
952 936
886 888
500 508
30 62
934 942
371 375
504 512
879 871
876 364
841 843
840 872
620 588
159 223
554 553
859 891
421 165
927 991
739 707
399 143
420 419
23 21
209 210
760 744
134 166
370 378
642 644
646 518
104 100
548 516
955 699
514 518
242 114
895 831
930 932
607 605
321 325
83 87
367 368
659 915
477 221
287 319
1016 984
741 709
376 344
125 121
1014 502
256 768
177 689
599 595
962 450
781 782
942 910
490 482
83 81
623 591
414 410
933 677
959 703
13 525
649 905
203 195
123 379
889 1017
25 17
949 917
67 323
419 931
262 270
782 784
871 999
677 678
635 603
631 567
664 663
848 336
595 593
21 149
717 718
44 12
286 270
891 875
529 513
502 470
799 831
185 697
643 675
519 515
599 87
450 482
1007 943
384 380
535 791
737 738
694 950
535 599
704 576
610 609
44 60
111 47
796 924
790 792
167 183
1004 1003
92 84
43 59
297 299
675 547
296 312
201 193
359 367
273 277
823 311
761 633
979 851
117 373
987 991
454 450
124 122
788 276
78 74
232 104
428 432
44 42
621 557
240 752
262 264
861 349
559 557
104 360
19 147
446 958
995 1011
67 195
733 989
918 406
567 575
782 798
91 83
600 599
403 147
943 911
459 460
609 617
609 611
403 435
25 29
796 788
645 517
747 745
764 763
649 653
229 165
208 240
457 449
880 368
99 67
141 143
970 458
552 808
601 602
645 661
480 352
945 689
526 542
421 429
816 944
799 287
67 68
616 104
323 321
790 822
600 88
450 452
778 906
838 870
493 429
516 520
859 603
837 869
95 31
215 87
987 988
255 767
763 731
715 731
646 654
950 1014
397 909
193 194
589 845
1024 512
626 634
1020 956
612 611
1011 499
564 628
649 681
174 170
984 992
470 982
626 610
479 511
34 98
698 700
883 891
824 822
804 803
863 855
100 68
129 385
574 566
882 370
361 363
18 146
669 733
134 136
295 293
41 9
772 900
129 161
388 900
213 469
467 471
89 601
29 21
275 403
956 948
700 699
354 353
659 531
701 697
59 187
399 415
741 743
982 918
836 772
568 536
709 705
766 762
56 184
594 82
502 510
529 533
808 804
6 134
85 93
82 84
748 740
18 2
944 960
325 261
578 586
940 908
632 600
800 288
448 444
85 597
750 766
884 372
799 927
42 46
872 880
91 75
311 55
28 32
751 767
710 646
636 635
842 330
290 418
997 933
163 164
510 254
484 482
920 918
73 201
985 987
721 593
633 569
266 298
663 535
312 440
349 285
703 767
82 90
314 318
484 228
982 984
358 354
719 720
921 913
972 964
163 171
33 1
97 98
896 892
739 747
691 755
769 770
605 606
355 291
375 359
699 571
856 984
548 564
772 260
779 795
511 1023
162 178
972 844
776 784
942 944
355 483
924 988
356 484
95 351
997 741
404 402
40 39
531 19
407 405
136 200
226 228
789 790
30 26
783 781
39 37
1024 1016
786 770
966 838
449 385
744 1000
383 381
220 732
237 205
363 107
989 861
689 753
667 665
201 203
816 832
593 594
298 290
122 121
135 167
767 735
112 104
132 131
817 801
164 180
29 30
752 748
332 460
51 35
531 563
50 114
725 213
865 353
402 401
385 897
954 922
942 938
6 38
924 668
900 964
997 993
772 776
163 227
71 69
232 248
560 528
820 824
740 744
902 904
632 630
64 192
26 18
936 934
273 17
735 607
583 599
439 440
360 356
783 271
669 541
98 226
848 784
607 863
566 630

TERMINALS
1
16
23
25
39
52
57
62
75
84
100
102
109
110
118
127
133
138
147
150
162
170
175
191
192
197
200
203
218
221
241
243
256
260
262
269
275
284
287
299
301
306
327
330
337
350
353
368
375
380
397
403
410
417
424
437
444
450
459
472
480
487
494
500
501
505
514
515
521
525
530
552
556
560
565
571
578
588
597
608
617
623
627
634
644
657
668
671
674
675
696
702
715
718
727
741
745
748
760
761
775
789
792
798
801
810
811
817
824
832
839
840
842
857
859
868
870
893
902
903
908
912
921
941
947
958
961
973
978
980
982
996
1004
1010
1023

END
