INSTANCE_NAME cc3-5u.dat
NB_VERTICES 125
NB_ARCS 750
NB_REQUESTS 0
NB_BLOCKAGES 600
NB_TERMINALS 13

VERTICES
1 0 0
2 0 0
3 0 0
4 0 0
5 0 0
6 0 0
7 0 0
8 0 0
9 0 0
10 0 0
11 0 0
12 0 0
13 0 0
14 0 0
15 0 0
16 0 0
17 0 0
18 0 0
19 0 0
20 0 0
21 0 0
22 0 0
23 0 0
24 0 0
25 0 0
26 0 0
27 0 0
28 0 0
29 0 0
30 0 0
31 0 0
32 0 0
33 0 0
34 0 0
35 0 0
36 0 0
37 0 0
38 0 0
39 0 0
40 0 0
41 0 0
42 0 0
43 0 0
44 0 0
45 0 0
46 0 0
47 0 0
48 0 0
49 0 0
50 0 0
51 0 0
52 0 0
53 0 0
54 0 0
55 0 0
56 0 0
57 0 0
58 0 0
59 0 0
60 0 0
61 0 0
62 0 0
63 0 0
64 0 0
65 0 0
66 0 0
67 0 0
68 0 0
69 0 0
70 0 0
71 0 0
72 0 0
73 0 0
74 0 0
75 0 0
76 0 0
77 0 0
78 0 0
79 0 0
80 0 0
81 0 0
82 0 0
83 0 0
84 0 0
85 0 0
86 0 0
87 0 0
88 0 0
89 0 0
90 0 0
91 0 0
92 0 0
93 0 0
94 0 0
95 0 0
96 0 0
97 0 0
98 0 0
99 0 0
100 0 0
101 0 0
102 0 0
103 0 0
104 0 0
105 0 0
106 0 0
107 0 0
108 0 0
109 0 0
110 0 0
111 0 0
112 0 0
113 0 0
114 0 0
115 0 0
116 0 0
117 0 0
118 0 0
119 0 0
120 0 0
121 0 0
122 0 0
123 0 0
124 0 0
125 0 0

ARCS
3 1 2
1 2 1
2 3 2
3 4 2
4 1 1
1 5 1
5 2 1
2 4 1
4 5 1
5 3 2
3 8 2
8 6 1
6 1 1
1 11 1
11 6 1
6 7 1
7 2 1
2 12 2
12 7 2
7 8 1
8 9 1
9 4 1
4 14 1
14 9 1
9 6 1
6 10 1
10 5 1
5 15 1
15 10 1
10 7 1
7 9 1
9 10 1
10 8 1
8 13 1
13 3 2
3 18 2
18 8 1
8 23 1
23 3 2
3 28 2
28 26 1
26 1 1
1 16 1
16 6 1
6 21 1
21 1 1
1 51 1
51 26 1
26 27 1
27 2 1
2 17 1
17 7 1
7 22 1
22 2 1
2 52 2
52 27 2
27 28 1
28 29 1
29 4 1
4 19 1
19 9 1
9 24 1
24 4 1
4 54 1
54 29 1
29 26 1
26 30 1
30 5 1
5 20 2
20 10 2
10 25 1
25 5 1
5 55 1
55 30 1
30 27 1
27 29 1
29 30 1
30 28 1
28 33 1
33 8 1
8 58 1
58 33 1
33 31 2
31 6 2
6 56 1
56 31 2
31 26 2
26 36 1
36 11 1
11 12 2
12 13 2
13 11 1
11 14 1
14 12 2
12 15 2
15 11 1
11 16 1
16 17 1
17 12 2
12 22 2
22 17 1
17 18 1
18 13 1
13 14 1
14 15 1
15 13 1
13 23 1
23 18 1
18 16 1
16 19 1
19 14 1
14 24 1
24 19 1
19 17 1
17 20 2
20 15 2
15 25 1
25 20 2
20 16 2
16 21 1
21 11 1
11 61 1
61 36 1
36 31 2
31 32 2
32 7 1
7 57 1
57 32 1
32 27 1
27 37 1
37 12 2
12 62 2
62 37 1
37 32 1
32 33 1
33 34 1
34 9 1
9 59 1
59 34 1
34 29 1
29 39 1
39 14 1
14 64 1
64 39 1
39 34 1
34 31 2
31 35 2
35 10 1
10 60 1
60 35 1
35 30 1
30 40 1
40 15 1
15 65 2
65 40 2
40 35 1
35 32 1
32 34 1
34 35 1
35 33 1
33 38 1
38 13 1
13 63 1
63 38 1
38 28 1
28 43 1
43 18 1
18 19 1
19 20 2
20 18 2
18 68 2
68 43 2
43 33 1
33 48 1
48 23 1
23 21 1
21 22 1
22 23 1
23 24 1
24 21 1
21 25 1
25 22 1
22 24 1
24 25 1
25 23 1
23 73 1
73 48 1
48 28 1
28 53 1
53 3 2
3 78 2
78 28 1
28 103 1
103 3 2
103 53 1
53 51 1
51 52 2
52 53 2
53 54 1
54 51 1
51 55 1
55 52 2
52 54 2
54 55 1
55 53 1
53 58 1
58 56 1
56 51 1
51 61 1
61 56 1
56 57 1
57 52 2
52 62 2
62 57 1
57 58 1
58 59 1
59 54 1
54 64 1
64 59 1
59 56 1
56 60 1
60 55 1
55 65 2
65 60 2
60 57 1
57 59 1
59 60 1
60 58 1
58 63 1
63 53 1
53 68 2
68 58 2
58 73 1
73 53 1
53 78 1
78 76 1
76 1 1
1 101 1
101 26 1
26 41 1
41 16 1
16 66 1
66 41 1
41 31 2
31 46 2
46 21 1
21 71 1
71 46 1
46 26 1
26 76 1
76 51 1
51 66 1
66 56 1
56 71 1
71 51 1
51 101 1
101 76 1
76 77 1
77 2 1
2 102 1
102 27 1
27 42 1
42 17 1
17 67 1
67 42 1
42 32 1
32 47 1
47 22 1
22 72 1
72 47 1
47 27 1
27 77 1
77 52 2
52 67 2
67 57 1
57 72 1
72 52 2
52 102 2
102 77 1
77 78 1
78 79 1
79 4 1
4 104 1
104 29 1
29 44 1
44 19 1
19 69 1
69 44 1
44 34 1
34 49 2
49 24 2
24 74 1
74 49 2
49 29 2
29 79 1
79 54 1
54 69 1
69 59 1
59 74 1
74 54 1
54 104 1
104 79 1
79 76 1
76 80 1
80 5 1
5 105 2
105 30 2
30 45 1
45 20 2
20 70 2
70 45 1
45 35 1
35 50 1
50 25 1
25 75 1
75 50 1
50 30 1
30 80 1
80 55 1
55 70 1
70 60 1
60 75 1
75 55 1
55 105 2
105 80 2
80 77 1
77 79 1
79 80 1
80 78 1
78 83 1
83 8 1
8 108 1
108 33 1
33 83 1
83 58 1
58 108 1
108 83 1
83 81 1
81 6 1
6 106 1
106 31 2
31 81 2
81 56 1
56 106 1
106 81 1
81 76 1
76 86 1
86 11 1
11 111 1
111 36 1
36 37 1
37 38 1
38 36 1
36 39 1
39 37 1
37 40 1
40 36 1
36 41 1
41 42 1
42 37 1
37 47 1
47 42 1
42 43 1
43 38 1
38 39 1
39 40 1
40 38 1
38 48 1
48 43 1
43 41 1
41 44 1
44 39 1
39 49 2
49 44 2
44 42 1
42 45 1
45 40 1
40 50 1
50 45 1
45 41 1
41 46 1
46 36 1
36 86 1
86 61 1
61 62 1
62 63 1
63 61 1
61 64 1
64 62 1
62 65 2
65 61 2
61 66 1
66 67 1
67 62 1
62 72 1
72 67 1
67 68 2
68 63 2
63 64 1
64 65 2
65 63 2
63 73 1
73 68 2
68 66 2
66 69 1
69 64 1
64 74 1
74 69 1
69 67 1
67 70 1
70 65 2
65 75 2
75 70 1
70 66 1
66 71 1
71 61 1
61 111 1
111 86 1
86 81 1
81 82 1
82 7 1
7 107 1
107 32 1
32 82 1
82 57 1
57 107 1
107 82 1
82 77 1
77 87 1
87 12 2
12 112 2
112 37 1
37 87 1
87 62 1
62 112 1
112 87 1
87 82 1
82 83 1
83 84 2
84 9 2
9 109 1
109 34 1
34 84 2
84 59 2
59 109 1
109 84 2
84 79 2
79 89 1
89 14 1
14 114 1
114 39 1
39 89 1
89 64 1
64 114 1
114 89 1
89 84 2
84 81 2
81 85 1
85 10 1
10 110 1
110 35 1
35 85 1
85 60 1
60 110 1
110 85 1
85 80 1
80 90 1
90 15 1
15 115 1
115 40 1
40 90 1
90 65 2
65 115 2
115 90 1
90 85 1
85 82 1
82 84 2
84 85 2
85 83 1
83 88 1
88 13 1
13 113 2
113 38 2
38 88 1
88 63 1
63 113 2
113 88 2
88 78 1
78 93 1
93 18 1
18 118 1
118 43 1
43 44 1
44 45 1
45 43 1
43 93 1
93 68 2
68 69 2
69 70 1
70 68 2
68 118 2
118 93 1
93 83 1
83 98 1
98 23 1
23 123 1
123 48 1
48 46 1
46 47 1
47 48 1
48 49 2
49 46 2
46 50 1
50 47 1
47 49 2
49 50 2
50 48 1
48 98 1
98 73 1
73 71 1
71 72 1
72 73 1
73 74 1
74 71 1
71 75 1
75 72 1
72 74 1
74 75 1
75 73 1
73 123 1
123 98 1
98 78 1
78 103 1
103 101 1
101 102 1
102 103 1
103 104 1
104 101 1
101 105 2
105 102 2
102 104 1
104 105 2
105 103 2
103 108 1
108 106 1
106 101 1
101 111 1
111 106 1
106 107 1
107 102 1
102 112 1
112 107 1
107 108 1
108 109 1
109 104 1
104 114 1
114 109 1
109 106 1
106 110 1
110 105 2
105 115 2
115 110 1
110 107 1
107 109 1
109 110 1
110 108 1
108 113 2
113 103 2
103 118 1
118 108 1
108 123 1
123 103 1
123 113 2
113 111 2
111 112 1
112 113 2
113 114 2
114 111 1
111 115 1
115 112 1
112 114 1
114 115 1
115 113 2
113 118 2
118 116 1
116 16 1
16 91 1
91 41 1
41 116 1
116 66 1
66 91 1
91 76 1
76 96 2
96 21 2
21 121 1
121 46 1
46 96 2
96 71 2
71 121 1
121 96 2
96 81 2
81 91 1
91 86 1
86 87 1
87 88 1
88 86 1
86 89 1
89 87 1
87 90 1
90 86 1
86 96 2
96 91 2
91 92 1
92 17 1
17 117 2
117 42 2
42 92 1
92 67 1
67 117 2
117 92 2
92 77 1
77 97 1
97 22 1
22 122 1
122 47 1
47 97 1
97 72 1
72 122 1
122 97 1
97 82 1
82 92 1
92 87 1
87 97 1
97 92 1
92 93 1
93 88 1
88 89 1
89 90 1
90 88 1
88 98 1
98 93 1
93 91 1
91 94 1
94 19 1
19 119 1
119 44 1
44 94 1
94 69 1
69 119 1
119 94 1
94 79 1
79 99 1
99 24 1
24 124 1
124 49 2
49 99 2
99 74 1
74 124 1
124 99 1
99 84 2
84 94 2
94 89 1
89 99 1
99 94 1
94 92 1
92 95 1
95 20 2
20 120 2
120 45 1
45 95 1
95 70 1
70 120 1
120 95 1
95 80 1
80 100 1
100 25 1
25 125 1
125 50 1
50 100 1
100 75 1
75 125 1
125 100 1
100 85 1
85 95 1
95 90 1
90 100 1
100 95 1
95 91 1
91 116 1
116 101 1
101 121 1
121 106 1
106 116 1
116 111 1
111 121 1
121 116 1
116 117 2
117 102 2
102 122 1
122 107 1
107 117 2
117 112 2
112 122 1
122 117 2
117 118 2
118 119 1
119 104 1
104 124 1
124 109 1
109 119 1
119 114 1
114 124 1
124 119 1
119 116 1
116 120 1
120 105 2
105 125 2
125 110 1
110 120 1
120 115 1
115 125 1
125 120 1
120 117 2
117 119 2
119 120 1
120 118 1
118 123 1
123 121 1
121 122 1
122 123 1
123 124 1
124 121 1
121 125 1
125 122 1
122 124 1
124 125 1
125 123 1
95 93 1
93 94 1
94 95 1
100 96 2
96 97 2
97 98 1
98 96 2
96 99 2
99 97 1
97 100 1
100 98 1
98 99 1
99 100 1

REQUESTS

BLOCKAGES
69 64
99 84
32 47
6 10
30 27
60 57
52 67
98 99
37 40
9 4
116 16
80 5
55 53
18 118
2 52
105 125
52 27
47 27
45 40
111 112
106 101
94 92
99 74
64 39
96 81
71 46
59 34
110 120
113 38
85 95
89 87
28 43
56 106
10 110
16 91
70 120
80 77
102 77
82 77
81 85
124 119
64 62
10 8
38 48
89 14
31 32
23 21
61 62
50 47
15 65
25 75
100 98
92 77
41 46
39 89
73 53
100 95
42 17
82 83
31 35
32 82
62 57
50 45
1 5
61 36
10 7
53 3
101 76
111 106
99 94
20 120
57 58
35 33
54 64
18 13
38 36
106 31
48 46
56 51
24 74
8 108
97 82
33 31
73 68
64 114
41 44
75 55
4 19
71 51
10 60
59 54
125 122
43 93
108 83
23 24
95 91
70 66
107 108
66 71
17 18
15 10
29 39
106 81
31 81
79 89
10 25
61 111
123 121
30 28
83 98
32 27
102 27
124 99
75 72
114 115
98 93
101 102
36 11
100 75
60 58
121 116
74 124
66 56
92 87
42 43
47 49
19 17
88 63
16 66
92 93
43 33
118 43
93 88
57 107
8 6
53 58
22 2
78 83
122 97
17 117
58 59
95 80
93 83
63 61
117 118
77 79
5 20
68 63
65 40
82 57
91 41
95 20
116 66
95 70
52 102
115 40
92 67
97 92
25 125
33 34
21 25
9 59
94 79
47 42
4 54
38 88
51 66
55 52
123 124
71 61
31 6
26 1
35 85
105 30
74 75
81 56
97 100
119 120
112 37
37 38
50 25
40 38
1 51
73 74
115 110
19 14
66 41
112 107
2 3
12 15
1 101
86 89
94 95
115 113
64 59
70 65
111 115
10 5
113 111
78 79
67 68
26 41
18 8
107 82
48 28
123 98
108 106
107 32
19 119
34 35
54 104
102 112
27 29
3 8
102 103
79 80
98 23
49 44
42 32
96 21
22 17
44 42
123 48
83 88
7 57
38 28
11 6
66 91
62 65
70 68
13 3
105 102
77 2
74 49
57 59
49 46
109 106
30 40
51 52
30 45
125 100
55 105
4 5
18 19
125 120
40 50
40 35
58 108
96 97
46 96
120 45
95 90
28 53
67 117
68 69
87 88
47 22
109 34
34 31
53 51
119 104
28 26
81 82
4 104
101 121
98 78
95 93
31 26
124 125
84 81
42 37
46 26
80 90
48 23
96 91
14 15
3 1
58 63
20 16
63 113
61 66
84 94
91 92
24 21
4 1
88 78
54 29
33 83
38 39
111 36
47 97
8 58
20 10
2 12
21 1
14 12
78 76
46 50
67 42
43 44
9 6
121 46
85 83
33 38
79 99
39 40
101 111
88 86
35 10
65 63
94 69
13 113
58 73
8 23
7 107
57 72
80 55
17 20
61 64
25 23
104 101
124 109
59 56
49 29
68 58
3 18
59 74
71 121
73 48
86 87
117 119
64 65
78 103
36 37
104 114
70 45
117 92
117 102
78 28
123 113
32 33
33 48
51 61
110 105
70 60
56 60
30 5
121 106
29 79
87 62
86 61
22 24
108 123
34 29
23 18
21 22
65 115
91 94
43 41
11 111
110 85
27 37
13 23
16 6
2 4
15 13
100 25
54 55
5 3
107 117
50 48
74 71
112 122
55 30
13 14
118 116
82 84
103 108
33 8
42 45
72 67
65 75
81 6
89 84
73 71
39 49
34 84
94 89
109 110
19 69
50 100
24 4
75 73
120 118
41 116
68 43
74 69
66 69
46 47
91 86
27 2
76 80
64 74
91 76
73 123
111 86
11 14
37 12
101 26
44 94
44 39
118 123
82 7
16 19
67 62
55 70
115 112
11 12
120 115
59 109
98 96
96 71
20 70
35 32
79 54
25 20
34 9
35 30
99 24
42 92
75 50
87 97
29 26
96 99
41 16
6 106
37 32
115 90
90 65
57 32
116 111
21 121
90 15
75 125
44 45
86 81
103 3
80 78
53 68
101 105
93 18
54 51
17 12
77 97
122 117
45 95
43 38
76 77
40 90
44 19
63 73
27 77
58 56
52 53
83 8
81 76
108 33
20 18
98 73
41 42
49 99
29 30
45 35
55 65
17 67
114 124
77 78
86 96
54 69
106 110
13 63
11 16
114 39
72 52
8 13
76 1
69 70
97 72
125 123
30 80
84 9
18 68
104 105
103 104
48 98
85 80
91 116
48 49
119 94
119 116
113 88
100 85
53 78
84 79
84 59
93 68
72 47
72 122
51 101
19 20
83 84
62 37
34 49
1 2
14 24
45 41
24 124
100 96
7 2
76 51
69 44
90 86
112 114
82 92
69 119
17 7
108 109
39 14
116 117
63 64
118 108
5 105
25 22
52 54
6 1
14 114
71 75
99 100
24 19
44 34
16 21
15 25
71 72
56 57
120 105
46 21
88 13
37 47
124 121
79 4
117 112
28 103
60 110
62 72
3 28
76 86
122 107
2 102
90 88
56 31
26 27
12 62
113 118
114 89
21 11
9 24
15 11
61 56
110 35
107 102
62 63
14 9
60 55
104 29
29 4
112 113
87 12
122 123
109 104
119 114
113 103
13 11
36 31
122 124
26 76
9 109
89 90
125 110
23 3
22 72
115 125
87 90
103 118
26 36
116 120
114 109
36 39
112 87
12 7
85 60

TERMINALS
3
12
20
31
49
52
65
68
84
96
105
113
117

END
