INSTANCE_NAME cc3-5p.dat
NB_VERTICES 125
NB_ARCS 750
NB_REQUESTS 0
NB_BLOCKAGES 600
NB_TERMINALS 13

VERTICES
1 0 0
2 0 0
3 0 0
4 0 0
5 0 0
6 0 0
7 0 0
8 0 0
9 0 0
10 0 0
11 0 0
12 0 0
13 0 0
14 0 0
15 0 0
16 0 0
17 0 0
18 0 0
19 0 0
20 0 0
21 0 0
22 0 0
23 0 0
24 0 0
25 0 0
26 0 0
27 0 0
28 0 0
29 0 0
30 0 0
31 0 0
32 0 0
33 0 0
34 0 0
35 0 0
36 0 0
37 0 0
38 0 0
39 0 0
40 0 0
41 0 0
42 0 0
43 0 0
44 0 0
45 0 0
46 0 0
47 0 0
48 0 0
49 0 0
50 0 0
51 0 0
52 0 0
53 0 0
54 0 0
55 0 0
56 0 0
57 0 0
58 0 0
59 0 0
60 0 0
61 0 0
62 0 0
63 0 0
64 0 0
65 0 0
66 0 0
67 0 0
68 0 0
69 0 0
70 0 0
71 0 0
72 0 0
73 0 0
74 0 0
75 0 0
76 0 0
77 0 0
78 0 0
79 0 0
80 0 0
81 0 0
82 0 0
83 0 0
84 0 0
85 0 0
86 0 0
87 0 0
88 0 0
89 0 0
90 0 0
91 0 0
92 0 0
93 0 0
94 0 0
95 0 0
96 0 0
97 0 0
98 0 0
99 0 0
100 0 0
101 0 0
102 0 0
103 0 0
104 0 0
105 0 0
106 0 0
107 0 0
108 0 0
109 0 0
110 0 0
111 0 0
112 0 0
113 0 0
114 0 0
115 0 0
116 0 0
117 0 0
118 0 0
119 0 0
120 0 0
121 0 0
122 0 0
123 0 0
124 0 0
125 0 0

ARCS
3 1 209
1 2 101
2 3 209
3 4 203
4 1 110
1 5 103
5 2 105
2 4 108
4 5 102
5 3 204
3 8 210
8 6 103
6 1 101
1 11 105
11 6 101
6 7 107
7 2 104
2 12 210
12 7 202
7 8 101
8 9 102
9 4 107
4 14 105
14 9 104
9 6 102
6 10 102
10 5 108
5 15 110
15 10 106
10 7 104
7 9 105
9 10 102
10 8 101
8 13 105
13 3 207
3 18 207
18 8 105
8 23 105
23 3 205
3 28 207
28 26 106
26 1 103
1 16 108
16 6 109
6 21 101
21 1 109
1 51 101
51 26 109
26 27 109
27 2 104
2 17 109
17 7 107
7 22 104
22 2 105
2 52 208
52 27 207
27 28 104
28 29 102
29 4 101
4 19 108
19 9 101
9 24 104
24 4 107
4 54 105
54 29 106
29 26 106
26 30 106
30 5 109
5 20 206
20 10 201
10 25 101
25 5 106
5 55 107
55 30 102
30 27 101
27 29 108
29 30 110
30 28 105
28 33 109
33 8 106
8 58 105
58 33 103
33 31 203
31 6 202
6 56 104
56 31 208
31 26 210
26 36 110
36 11 106
11 12 203
12 13 207
13 11 110
11 14 103
14 12 206
12 15 204
15 11 102
11 16 109
16 17 104
17 12 206
12 22 207
22 17 107
17 18 102
18 13 109
13 14 109
14 15 107
15 13 108
13 23 110
23 18 105
18 16 108
16 19 101
19 14 109
14 24 109
24 19 101
19 17 110
17 20 210
20 15 210
15 25 107
25 20 207
20 16 205
16 21 109
21 11 102
11 61 101
61 36 101
36 31 204
31 32 209
32 7 106
7 57 107
57 32 109
32 27 110
27 37 105
37 12 204
12 62 205
62 37 108
37 32 103
32 33 110
33 34 105
34 9 101
9 59 101
59 34 109
34 29 104
29 39 101
39 14 104
14 64 109
64 39 109
39 34 101
34 31 205
31 35 209
35 10 101
10 60 108
60 35 104
35 30 104
30 40 101
40 15 101
15 65 205
65 40 206
40 35 106
35 32 104
32 34 101
34 35 102
35 33 101
33 38 110
38 13 107
13 63 109
63 38 106
38 28 106
28 43 102
43 18 108
18 19 110
19 20 202
20 18 204
18 68 206
68 43 204
43 33 107
33 48 110
48 23 102
23 21 105
21 22 105
22 23 105
23 24 102
24 21 109
21 25 101
25 22 104
22 24 104
24 25 103
25 23 105
23 73 102
73 48 101
48 28 109
28 53 107
53 3 204
3 78 209
78 28 103
28 103 110
103 3 201
103 53 107
53 51 106
51 52 208
52 53 208
53 54 103
54 51 108
51 55 102
55 52 210
52 54 202
54 55 103
55 53 105
53 58 104
58 56 108
56 51 106
51 61 105
61 56 108
56 57 101
57 52 209
52 62 202
62 57 104
57 58 105
58 59 101
59 54 109
54 64 104
64 59 107
59 56 104
56 60 108
60 55 105
55 65 204
65 60 208
60 57 110
57 59 105
59 60 109
60 58 104
58 63 107
63 53 101
53 68 201
68 58 205
58 73 103
73 53 107
53 78 106
78 76 104
76 1 106
1 101 103
101 26 102
26 41 103
41 16 101
16 66 105
66 41 104
41 31 206
31 46 208
46 21 102
21 71 105
71 46 101
46 26 109
26 76 107
76 51 105
51 66 108
66 56 110
56 71 103
71 51 103
51 101 101
101 76 105
76 77 108
77 2 109
2 102 101
102 27 108
27 42 101
42 17 109
17 67 109
67 42 110
42 32 108
32 47 106
47 22 107
22 72 104
72 47 104
47 27 105
27 77 110
77 52 206
52 67 203
67 57 108
57 72 101
72 52 201
52 102 207
102 77 105
77 78 108
78 79 104
79 4 104
4 104 106
104 29 101
29 44 107
44 19 101
19 69 108
69 44 101
44 34 107
34 49 203
49 24 202
24 74 110
74 49 205
49 29 210
29 79 104
79 54 103
54 69 109
69 59 102
59 74 103
74 54 106
54 104 103
104 79 108
79 76 103
76 80 110
80 5 102
5 105 206
105 30 203
30 45 108
45 20 208
20 70 202
70 45 109
45 35 103
35 50 101
50 25 109
25 75 109
75 50 106
50 30 105
30 80 104
80 55 110
55 70 102
70 60 104
60 75 102
75 55 107
55 105 210
105 80 206
80 77 105
77 79 105
79 80 104
80 78 103
78 83 105
83 8 103
8 108 110
108 33 105
33 83 106
83 58 101
58 108 103
108 83 104
83 81 104
81 6 108
6 106 104
106 31 205
31 81 209
81 56 110
56 106 108
106 81 104
81 76 101
76 86 104
86 11 104
11 111 106
111 36 104
36 37 110
37 38 105
38 36 102
36 39 106
39 37 103
37 40 109
40 36 107
36 41 101
41 42 102
42 37 107
37 47 101
47 42 108
42 43 101
43 38 102
38 39 106
39 40 103
40 38 105
38 48 103
48 43 105
43 41 105
41 44 103
44 39 102
39 49 202
49 44 204
44 42 106
42 45 109
45 40 103
40 50 101
50 45 101
45 41 107
41 46 102
46 36 106
36 86 103
86 61 102
61 62 106
62 63 104
63 61 109
61 64 110
64 62 109
62 65 210
65 61 202
61 66 110
66 67 108
67 62 104
62 72 102
72 67 110
67 68 202
68 63 210
63 64 103
64 65 208
65 63 201
63 73 106
73 68 203
68 66 204
66 69 104
69 64 104
64 74 103
74 69 106
69 67 104
67 70 110
70 65 203
65 75 205
75 70 107
70 66 104
66 71 109
71 61 103
61 111 101
111 86 101
86 81 103
81 82 108
82 7 105
7 107 107
107 32 106
32 82 110
82 57 109
57 107 101
107 82 110
82 77 110
77 87 104
87 12 205
12 112 210
112 37 107
37 87 103
87 62 105
62 112 101
112 87 102
87 82 109
82 83 110
83 84 203
84 9 208
9 109 102
109 34 102
34 84 201
84 59 203
59 109 107
109 84 201
84 79 209
79 89 105
89 14 101
14 114 107
114 39 108
39 89 102
89 64 103
64 114 106
114 89 104
89 84 206
84 81 205
81 85 104
85 10 108
10 110 110
110 35 108
35 85 102
85 60 110
60 110 104
110 85 102
85 80 106
80 90 101
90 15 101
15 115 107
115 40 109
40 90 110
90 65 203
65 115 206
115 90 109
90 85 108
85 82 105
82 84 210
84 85 203
85 83 108
83 88 103
88 13 108
13 113 209
113 38 205
38 88 101
88 63 101
63 113 210
113 88 209
88 78 106
78 93 107
93 18 104
18 118 101
118 43 106
43 44 104
44 45 105
45 43 101
43 93 105
93 68 208
68 69 204
69 70 106
70 68 201
68 118 209
118 93 107
93 83 104
83 98 109
98 23 105
23 123 105
123 48 105
48 46 103
46 47 103
47 48 104
48 49 210
49 46 209
46 50 109
50 47 103
47 49 201
49 50 201
50 48 110
48 98 108
98 73 110
73 71 108
71 72 104
72 73 109
73 74 101
74 71 109
71 75 104
75 72 105
72 74 110
74 75 102
75 73 101
73 123 107
123 98 109
98 78 102
78 103 103
103 101 101
101 102 104
102 103 106
103 104 105
104 101 105
101 105 202
105 102 201
102 104 110
104 105 209
105 103 209
103 108 102
108 106 109
106 101 107
101 111 108
111 106 104
106 107 108
107 102 110
102 112 107
112 107 109
107 108 103
108 109 101
109 104 106
104 114 104
114 109 103
109 106 106
106 110 103
110 105 208
105 115 210
115 110 107
110 107 102
107 109 108
109 110 106
110 108 107
108 113 210
113 103 209
103 118 110
118 108 104
108 123 104
123 103 110
123 113 207
113 111 203
111 112 109
112 113 206
113 114 201
114 111 101
111 115 105
115 112 102
112 114 108
114 115 106
115 113 201
113 118 203
118 116 109
116 16 106
16 91 109
91 41 110
41 116 103
116 66 105
66 91 103
91 76 102
76 96 208
96 21 208
21 121 110
121 46 101
46 96 206
96 71 209
71 121 110
121 96 208
96 81 202
81 91 102
91 86 104
86 87 107
87 88 106
88 86 106
86 89 108
89 87 103
87 90 101
90 86 106
86 96 209
96 91 210
91 92 110
92 17 101
17 117 205
117 42 206
42 92 109
92 67 104
67 117 207
117 92 201
92 77 102
77 97 108
97 22 104
22 122 107
122 47 105
47 97 103
97 72 107
72 122 110
122 97 106
97 82 110
82 92 102
92 87 103
87 97 108
97 92 102
92 93 108
93 88 102
88 89 102
89 90 107
90 88 109
88 98 101
98 93 108
93 91 102
91 94 106
94 19 105
19 119 102
119 44 110
44 94 101
94 69 106
69 119 109
119 94 104
94 79 105
79 99 105
99 24 102
24 124 105
124 49 208
49 99 203
99 74 101
74 124 105
124 99 104
99 84 206
84 94 210
94 89 101
89 99 104
99 94 105
94 92 108
92 95 105
95 20 204
20 120 204
120 45 109
45 95 106
95 70 106
70 120 109
120 95 108
95 80 102
80 100 108
100 25 102
25 125 104
125 50 108
50 100 107
100 75 101
75 125 102
125 100 104
100 85 110
85 95 101
95 90 103
90 100 105
100 95 104
95 91 103
91 116 108
116 101 107
101 121 109
121 106 103
106 116 102
116 111 102
111 121 109
121 116 109
116 117 210
117 102 203
102 122 103
122 107 108
107 117 204
117 112 207
112 122 102
122 117 208
117 118 204
118 119 106
119 104 106
104 124 104
124 109 102
109 119 104
119 114 106
114 124 107
124 119 102
119 116 104
116 120 101
120 105 208
105 125 207
125 110 110
110 120 106
120 115 102
115 125 104
125 120 106
120 117 208
117 119 207
119 120 101
120 118 101
118 123 102
123 121 102
121 122 104
122 123 104
123 124 108
124 121 102
121 125 103
125 122 106
122 124 105
124 125 106
125 123 103
95 93 104
93 94 109
94 95 101
100 96 208
96 97 207
97 98 109
98 96 203
96 99 204
99 97 109
97 100 107
100 98 101
98 99 105
99 100 107

REQUESTS

BLOCKAGES
69 64
99 84
32 47
6 10
30 27
60 57
52 67
98 99
37 40
9 4
116 16
80 5
55 53
18 118
2 52
105 125
52 27
47 27
45 40
111 112
106 101
94 92
99 74
64 39
96 81
71 46
59 34
110 120
113 38
85 95
89 87
28 43
56 106
10 110
16 91
70 120
80 77
102 77
82 77
81 85
124 119
64 62
10 8
38 48
89 14
31 32
23 21
61 62
50 47
15 65
25 75
100 98
92 77
41 46
39 89
73 53
100 95
42 17
82 83
31 35
32 82
62 57
50 45
1 5
61 36
10 7
53 3
101 76
111 106
99 94
20 120
57 58
35 33
54 64
18 13
38 36
106 31
48 46
56 51
24 74
8 108
97 82
33 31
73 68
64 114
41 44
75 55
4 19
71 51
10 60
59 54
125 122
43 93
108 83
23 24
95 91
70 66
107 108
66 71
17 18
15 10
29 39
106 81
31 81
79 89
10 25
61 111
123 121
30 28
83 98
32 27
102 27
124 99
75 72
114 115
98 93
101 102
36 11
100 75
60 58
121 116
74 124
66 56
92 87
42 43
47 49
19 17
88 63
16 66
92 93
43 33
118 43
93 88
57 107
8 6
53 58
22 2
78 83
122 97
17 117
58 59
95 80
93 83
63 61
117 118
77 79
5 20
68 63
65 40
82 57
91 41
95 20
116 66
95 70
52 102
115 40
92 67
97 92
25 125
33 34
21 25
9 59
94 79
47 42
4 54
38 88
51 66
55 52
123 124
71 61
31 6
26 1
35 85
105 30
74 75
81 56
97 100
119 120
112 37
37 38
50 25
40 38
1 51
73 74
115 110
19 14
66 41
112 107
2 3
12 15
1 101
86 89
94 95
115 113
64 59
70 65
111 115
10 5
113 111
78 79
67 68
26 41
18 8
107 82
48 28
123 98
108 106
107 32
19 119
34 35
54 104
102 112
27 29
3 8
102 103
79 80
98 23
49 44
42 32
96 21
22 17
44 42
123 48
83 88
7 57
38 28
11 6
66 91
62 65
70 68
13 3
105 102
77 2
74 49
57 59
49 46
109 106
30 40
51 52
30 45
125 100
55 105
4 5
18 19
125 120
40 50
40 35
58 108
96 97
46 96
120 45
95 90
28 53
67 117
68 69
87 88
47 22
109 34
34 31
53 51
119 104
28 26
81 82
4 104
101 121
98 78
95 93
31 26
124 125
84 81
42 37
46 26
80 90
48 23
96 91
14 15
3 1
58 63
20 16
63 113
61 66
84 94
91 92
24 21
4 1
88 78
54 29
33 83
38 39
111 36
47 97
8 58
20 10
2 12
21 1
14 12
78 76
46 50
67 42
43 44
9 6
121 46
85 83
33 38
79 99
39 40
101 111
88 86
35 10
65 63
94 69
13 113
58 73
8 23
7 107
57 72
80 55
17 20
61 64
25 23
104 101
124 109
59 56
49 29
68 58
3 18
59 74
71 121
73 48
86 87
117 119
64 65
78 103
36 37
104 114
70 45
117 92
117 102
78 28
123 113
32 33
33 48
51 61
110 105
70 60
56 60
30 5
121 106
29 79
87 62
86 61
22 24
108 123
34 29
23 18
21 22
65 115
91 94
43 41
11 111
110 85
27 37
13 23
16 6
2 4
15 13
100 25
54 55
5 3
107 117
50 48
74 71
112 122
55 30
13 14
118 116
82 84
103 108
33 8
42 45
72 67
65 75
81 6
89 84
73 71
39 49
34 84
94 89
109 110
19 69
50 100
24 4
75 73
120 118
41 116
68 43
74 69
66 69
46 47
91 86
27 2
76 80
64 74
91 76
73 123
111 86
11 14
37 12
101 26
44 94
44 39
118 123
82 7
16 19
67 62
55 70
115 112
11 12
120 115
59 109
98 96
96 71
20 70
35 32
79 54
25 20
34 9
35 30
99 24
42 92
75 50
87 97
29 26
96 99
41 16
6 106
37 32
115 90
90 65
57 32
116 111
21 121
90 15
75 125
44 45
86 81
103 3
80 78
53 68
101 105
93 18
54 51
17 12
77 97
122 117
45 95
43 38
76 77
40 90
44 19
63 73
27 77
58 56
52 53
83 8
81 76
108 33
20 18
98 73
41 42
49 99
29 30
45 35
55 65
17 67
114 124
77 78
86 96
54 69
106 110
13 63
11 16
114 39
72 52
8 13
76 1
69 70
97 72
125 123
30 80
84 9
18 68
104 105
103 104
48 98
85 80
91 116
48 49
119 94
119 116
113 88
100 85
53 78
84 79
84 59
93 68
72 47
72 122
51 101
19 20
83 84
62 37
34 49
1 2
14 24
45 41
24 124
100 96
7 2
76 51
69 44
90 86
112 114
82 92
69 119
17 7
108 109
39 14
116 117
63 64
118 108
5 105
25 22
52 54
6 1
14 114
71 75
99 100
24 19
44 34
16 21
15 25
71 72
56 57
120 105
46 21
88 13
37 47
124 121
79 4
117 112
28 103
60 110
62 72
3 28
76 86
122 107
2 102
90 88
56 31
26 27
12 62
113 118
114 89
21 11
9 24
15 11
61 56
110 35
107 102
62 63
14 9
60 55
104 29
29 4
112 113
87 12
122 123
109 104
119 114
113 103
13 11
36 31
122 124
26 76
9 109
89 90
125 110
23 3
22 72
115 125
87 90
103 118
26 36
116 120
114 109
36 39
112 87
12 7
85 60

TERMINALS
3
12
20
31
49
52
65
68
84
96
105
113
117

END
