INSTANCE_NAME cc5-3u.dat
NB_VERTICES 243
NB_ARCS 1215
NB_REQUESTS 0
NB_BLOCKAGES 911
NB_TERMINALS 27

VERTICES
1 0 0
2 0 0
3 0 0
4 0 0
5 0 0
6 0 0
7 0 0
8 0 0
9 0 0
10 0 0
11 0 0
12 0 0
13 0 0
14 0 0
15 0 0
16 0 0
17 0 0
18 0 0
19 0 0
20 0 0
21 0 0
22 0 0
23 0 0
24 0 0
25 0 0
26 0 0
27 0 0
28 0 0
29 0 0
30 0 0
31 0 0
32 0 0
33 0 0
34 0 0
35 0 0
36 0 0
37 0 0
38 0 0
39 0 0
40 0 0
41 0 0
42 0 0
43 0 0
44 0 0
45 0 0
46 0 0
47 0 0
48 0 0
49 0 0
50 0 0
51 0 0
52 0 0
53 0 0
54 0 0
55 0 0
56 0 0
57 0 0
58 0 0
59 0 0
60 0 0
61 0 0
62 0 0
63 0 0
64 0 0
65 0 0
66 0 0
67 0 0
68 0 0
69 0 0
70 0 0
71 0 0
72 0 0
73 0 0
74 0 0
75 0 0
76 0 0
77 0 0
78 0 0
79 0 0
80 0 0
81 0 0
82 0 0
83 0 0
84 0 0
85 0 0
86 0 0
87 0 0
88 0 0
89 0 0
90 0 0
91 0 0
92 0 0
93 0 0
94 0 0
95 0 0
96 0 0
97 0 0
98 0 0
99 0 0
100 0 0
101 0 0
102 0 0
103 0 0
104 0 0
105 0 0
106 0 0
107 0 0
108 0 0
109 0 0
110 0 0
111 0 0
112 0 0
113 0 0
114 0 0
115 0 0
116 0 0
117 0 0
118 0 0
119 0 0
120 0 0
121 0 0
122 0 0
123 0 0
124 0 0
125 0 0
126 0 0
127 0 0
128 0 0
129 0 0
130 0 0
131 0 0
132 0 0
133 0 0
134 0 0
135 0 0
136 0 0
137 0 0
138 0 0
139 0 0
140 0 0
141 0 0
142 0 0
143 0 0
144 0 0
145 0 0
146 0 0
147 0 0
148 0 0
149 0 0
150 0 0
151 0 0
152 0 0
153 0 0
154 0 0
155 0 0
156 0 0
157 0 0
158 0 0
159 0 0
160 0 0
161 0 0
162 0 0
163 0 0
164 0 0
165 0 0
166 0 0
167 0 0
168 0 0
169 0 0
170 0 0
171 0 0
172 0 0
173 0 0
174 0 0
175 0 0
176 0 0
177 0 0
178 0 0
179 0 0
180 0 0
181 0 0
182 0 0
183 0 0
184 0 0
185 0 0
186 0 0
187 0 0
188 0 0
189 0 0
190 0 0
191 0 0
192 0 0
193 0 0
194 0 0
195 0 0
196 0 0
197 0 0
198 0 0
199 0 0
200 0 0
201 0 0
202 0 0
203 0 0
204 0 0
205 0 0
206 0 0
207 0 0
208 0 0
209 0 0
210 0 0
211 0 0
212 0 0
213 0 0
214 0 0
215 0 0
216 0 0
217 0 0
218 0 0
219 0 0
220 0 0
221 0 0
222 0 0
223 0 0
224 0 0
225 0 0
226 0 0
227 0 0
228 0 0
229 0 0
230 0 0
231 0 0
232 0 0
233 0 0
234 0 0
235 0 0
236 0 0
237 0 0
238 0 0
239 0 0
240 0 0
241 0 0
242 0 0
243 0 0

ARCS
1 2 2
2 3 1
3 1 2
1 4 2
4 5 1
5 2 1
2 8 1
8 5 1
5 6 1
6 3 1
3 9 1
9 6 1
6 4 1
4 7 1
7 1 2
1 10 2
10 11 1
11 2 1
2 20 1
20 11 1
11 12 1
12 3 1
3 21 1
21 12 1
12 10 1
10 13 1
13 4 1
4 22 1
22 13 1
13 14 1
14 5 1
5 23 1
23 14 1
14 11 1
11 17 1
17 8 1
8 7 1
7 9 1
9 8 1
8 26 2
26 17 2
17 14 1
14 15 2
15 6 2
6 24 1
24 15 2
15 12 2
12 18 1
18 9 1
9 27 1
27 18 1
18 15 2
15 13 2
13 16 1
16 7 1
7 25 1
25 16 1
16 10 1
10 19 1
19 1 2
1 28 2
28 29 1
29 2 1
2 56 1
56 29 1
29 30 1
30 3 1
3 57 1
57 30 1
30 28 1
28 31 1
31 4 1
4 58 1
58 31 1
31 32 1
32 5 1
5 59 1
59 32 1
32 29 1
29 35 1
35 8 1
8 62 1
62 35 1
35 32 1
32 33 2
33 6 2
6 60 2
60 33 3
33 30 2
30 36 1
36 9 1
9 63 1
63 36 1
36 33 2
33 31 2
31 34 1
34 7 1
7 61 1
61 34 1
34 28 1
28 37 1
37 10 1
10 64 1
64 37 1
37 38 1
38 11 1
11 65 2
65 38 2
38 29 1
29 47 1
47 20 1
20 19 1
19 21 1
21 20 1
20 23 1
23 22 1
22 19 1
19 25 1
25 22 1
22 24 1
24 21 1
21 27 1
27 24 1
24 23 1
23 26 2
26 20 2
20 74 1
74 47 1
47 38 1
38 39 1
39 12 1
12 66 1
66 39 1
39 30 1
30 48 1
48 21 1
21 75 1
75 48 1
48 39 1
39 37 1
37 40 1
40 13 1
13 67 1
67 40 1
40 31 1
31 49 1
49 22 1
22 76 1
76 49 1
49 40 1
40 41 1
41 14 1
14 68 1
68 41 1
41 32 1
32 50 1
50 23 1
23 77 1
77 50 1
50 41 1
41 38 1
38 44 2
44 17 2
17 16 1
16 18 1
18 17 1
17 71 1
71 44 2
44 35 2
35 34 1
34 36 1
36 35 1
35 53 1
53 26 2
26 25 2
25 27 1
27 26 2
26 80 2
80 53 1
53 44 2
44 41 2
41 42 1
42 15 2
15 69 2
69 42 1
42 33 2
33 51 2
51 24 1
24 78 1
78 51 1
51 42 1
42 39 1
39 45 1
45 18 1
18 72 1
72 45 1
45 36 1
36 54 1
54 27 1
27 81 1
81 54 1
54 45 1
45 42 1
42 40 1
40 43 1
43 16 1
16 70 1
70 43 1
43 34 1
34 52 1
52 25 1
25 79 2
79 52 2
52 43 1
43 37 1
37 46 2
46 19 2
19 73 1
73 46 2
46 28 2
28 55 1
55 1 2
1 82 2
82 83 1
83 2 1
2 164 1
164 83 1
83 84 1
84 3 1
3 165 1
165 84 1
84 82 1
82 85 1
85 4 1
4 166 1
166 85 1
85 86 1
86 5 1
5 167 2
167 86 2
86 83 1
83 89 1
89 8 1
8 170 1
170 89 1
89 86 1
86 87 1
87 6 1
6 168 1
168 87 1
87 84 1
84 90 2
90 9 2
9 171 1
171 90 2
90 87 2
87 85 1
85 88 1
88 7 1
7 169 1
169 88 1
88 82 1
82 91 1
91 10 1
10 172 1
172 91 1
91 92 2
92 11 2
11 173 1
173 92 2
92 83 2
83 101 1
101 20 1
20 182 1
182 101 1
101 92 2
92 93 2
93 12 1
12 174 1
174 93 1
93 84 1
84 102 1
102 21 1
21 183 2
183 102 2
102 93 1
93 91 1
91 94 1
94 13 1
13 175 1
175 94 1
94 85 1
85 103 2
103 22 2
22 184 1
184 103 2
103 94 2
94 95 1
95 14 1
14 176 1
176 95 1
95 86 1
86 104 1
104 23 1
23 185 1
185 104 1
104 95 1
95 92 2
92 98 2
98 17 1
17 179 1
179 98 1
98 89 1
89 88 1
88 90 2
90 89 2
89 107 1
107 26 2
26 188 2
188 107 1
107 98 1
98 95 1
95 96 1
96 15 2
15 177 2
177 96 1
96 87 1
87 105 1
105 24 1
24 186 1
186 105 1
105 96 1
96 93 1
93 99 1
99 18 1
18 180 1
180 99 1
99 90 2
90 108 2
108 27 1
27 189 1
189 108 1
108 99 1
99 96 1
96 94 1
94 97 1
97 16 1
16 178 2
178 97 2
97 88 1
88 106 1
106 25 1
25 187 1
187 106 1
106 97 1
97 91 1
91 100 1
100 19 1
19 181 1
181 100 1
100 82 1
82 109 1
109 28 1
28 190 1
190 109 1
109 110 2
110 29 2
29 191 1
191 110 2
110 83 2
83 137 1
137 56 1
56 55 1
55 57 1
57 56 1
56 59 1
59 58 1
58 55 1
55 61 1
61 58 1
58 60 2
60 57 2
57 63 1
63 60 2
60 59 2
59 62 1
62 56 1
56 65 2
65 64 2
64 55 1
55 73 1
73 64 1
64 66 1
66 57 1
57 75 1
75 66 1
66 65 2
65 68 2
68 59 1
59 77 1
77 68 1
68 67 1
67 58 1
58 76 1
76 67 1
67 64 1
64 70 1
70 61 1
61 62 1
62 63 1
63 61 1
61 79 2
79 70 2
70 67 1
67 69 1
69 60 2
60 78 2
78 69 1
69 66 1
66 72 1
72 63 1
63 81 1
81 72 1
72 69 1
69 68 1
68 71 1
71 62 1
62 80 1
80 71 1
71 65 2
65 74 2
74 56 1
56 218 1
218 137 1
137 110 2
110 111 2
111 30 1
30 192 1
192 111 1
111 84 1
84 138 1
138 57 1
57 219 1
219 138 1
138 111 1
111 109 1
109 112 1
112 31 1
31 193 1
193 112 1
112 85 1
85 139 1
139 58 1
58 220 1
220 139 1
139 112 1
112 113 1
113 32 1
32 194 1
194 113 1
113 86 1
86 140 1
140 59 1
59 221 1
221 140 1
140 113 1
113 110 2
110 116 2
116 35 1
35 197 1
197 116 1
116 89 1
89 143 1
143 62 1
62 224 2
224 143 2
143 116 1
116 113 1
113 114 1
114 33 2
33 195 2
195 114 1
114 87 1
87 141 1
141 60 2
60 222 2
222 141 1
141 114 1
114 111 1
111 117 1
117 36 1
36 198 1
198 117 1
117 90 2
90 144 2
144 63 1
63 225 1
225 144 1
144 117 1
117 114 1
114 112 1
112 115 1
115 34 1
34 196 2
196 115 2
115 88 1
88 142 1
142 61 1
61 223 1
223 142 1
142 115 1
115 109 1
109 118 1
118 37 1
37 199 1
199 118 1
118 91 1
91 145 1
145 64 1
64 226 1
226 145 1
145 118 1
118 119 1
119 38 1
38 200 1
200 119 1
119 92 2
92 146 2
146 65 2
65 227 2
227 146 1
146 119 1
119 110 2
110 128 2
128 47 1
47 46 2
46 48 2
48 47 1
47 50 1
50 49 1
49 46 2
46 52 2
52 49 1
49 51 1
51 48 1
48 54 1
54 51 1
51 50 1
50 53 1
53 47 1
47 209 1
209 128 1
128 101 1
101 100 1
100 102 1
102 101 1
101 104 1
104 103 2
103 100 2
100 106 1
106 103 2
103 105 2
105 102 1
102 108 1
108 105 1
105 104 1
104 107 1
107 101 1
101 155 1
155 74 1
74 73 1
73 75 1
75 74 1
74 77 1
77 76 1
76 73 1
73 79 2
79 76 2
76 78 1
78 75 1
75 81 1
81 78 1
78 77 1
77 80 1
80 74 1
74 236 1
236 155 1
155 128 1
128 119 1
119 120 1
120 39 1
39 201 2
201 120 2
120 93 1
93 147 1
147 66 1
66 228 1
228 147 1
147 120 1
120 111 1
111 129 1
129 48 1
48 210 1
210 129 1
129 102 1
102 156 1
156 75 1
75 237 2
237 156 2
156 129 1
129 120 1
120 118 1
118 121 2
121 40 2
40 202 1
202 121 2
121 94 2
94 148 1
148 67 1
67 229 2
229 148 2
148 121 2
121 112 2
112 130 1
130 49 1
49 211 1
211 130 1
130 103 2
103 157 2
157 76 1
76 238 1
238 157 1
157 130 1
130 121 2
121 122 2
122 41 1
41 203 1
203 122 1
122 95 1
95 149 1
149 68 1
68 230 1
230 149 1
149 122 1
122 113 1
113 131 1
131 50 1
50 212 2
212 131 2
131 104 1
104 158 2
158 77 2
77 239 1
239 158 2
158 131 2
131 122 1
122 119 1
119 125 1
125 44 2
44 43 2
43 45 1
45 44 2
44 206 2
206 125 1
125 98 1
98 97 1
97 99 1
99 98 1
98 152 1
152 71 1
71 70 1
70 72 1
72 71 1
71 233 1
233 152 1
152 125 1
125 116 1
116 115 1
115 117 1
117 116 1
116 134 1
134 53 1
53 52 1
52 54 1
54 53 1
53 215 1
215 134 1
134 107 1
107 106 1
106 108 1
108 107 1
107 161 1
161 80 1
80 79 2
79 81 2
81 80 1
80 242 1
242 161 1
161 134 1
134 125 1
125 122 1
122 123 1
123 42 1
42 204 1
204 123 1
123 96 1
96 150 1
150 69 1
69 231 1
231 150 1
150 123 1
123 114 1
114 132 1
132 51 1
51 213 1
213 132 1
132 105 1
105 159 1
159 78 1
78 240 1
240 159 1
159 132 1
132 123 1
123 120 1
120 126 1
126 45 1
45 207 1
207 126 1
126 99 1
99 153 2
153 72 2
72 234 1
234 153 2
153 126 2
126 117 1
117 135 2
135 54 2
54 216 1
216 135 2
135 108 2
108 162 1
162 81 1
81 243 1
243 162 1
162 135 2
135 126 2
126 123 1
123 121 2
121 124 2
124 43 1
43 205 1
205 124 1
124 97 1
97 151 1
151 70 1
70 232 1
232 151 1
151 124 1
124 115 1
115 133 1
133 52 1
52 214 1
214 133 1
133 106 1
106 160 1
160 79 2
79 241 2
241 160 1
160 133 1
133 124 1
124 118 1
118 127 1
127 46 2
46 208 2
208 127 1
127 100 1
100 154 1
154 73 1
73 235 1
235 154 1
154 127 1
127 109 1
109 136 2
136 55 2
55 217 1
217 136 2
136 82 2
82 163 1
163 1 2
163 164 1
164 165 1
165 163 1
163 166 1
166 167 2
167 164 2
164 170 1
170 167 2
167 168 2
168 165 1
165 171 1
171 168 1
168 166 1
166 169 1
169 163 1
163 172 1
172 173 1
173 164 1
164 182 1
182 173 1
173 174 1
174 165 1
165 183 2
183 174 2
174 172 1
172 175 1
175 166 1
166 184 1
184 175 1
175 176 1
176 167 2
167 185 2
185 176 1
176 173 1
173 179 1
179 170 1
170 169 1
169 171 1
171 170 1
170 188 1
188 179 1
179 176 1
176 177 1
177 168 1
168 186 1
186 177 1
177 174 1
174 180 1
180 171 1
171 189 1
189 180 1
180 177 1
177 175 1
175 178 2
178 169 2
169 187 1
187 178 2
178 172 2
172 181 1
181 163 1
163 190 1
190 191 1
191 164 1
164 218 1
218 191 1
191 192 1
192 165 1
165 219 1
219 192 1
192 190 1
190 193 1
193 166 1
166 220 1
220 193 1
193 194 1
194 167 2
167 221 2
221 194 1
194 191 1
191 197 1
197 170 1
170 224 2
224 197 2
197 194 1
194 195 1
195 168 1
168 222 1
222 195 1
195 192 1
192 198 1
198 171 1
171 225 1
225 198 1
198 195 1
195 193 1
193 196 2
196 169 2
169 223 1
223 196 2
196 190 2
190 199 1
199 172 1
172 226 1
226 199 1
199 200 1
200 173 1
173 227 1
227 200 1
200 191 1
191 209 1
209 182 1
182 181 1
181 183 2
183 182 2
182 185 1
185 184 1
184 181 1
181 187 1
187 184 1
184 186 1
186 183 2
183 189 2
189 186 1
186 185 1
185 188 1
188 182 1
182 236 1
236 209 1
209 200 1
200 201 2
201 174 2
174 228 1
228 201 2
201 192 2
192 210 1
210 183 2
183 237 3
237 210 2
210 201 2
201 199 2
199 202 1
202 175 1
175 229 2
229 202 2
202 193 1
193 211 1
211 184 1
184 238 1
238 211 1
211 202 1
202 203 1
203 176 1
176 230 1
230 203 1
203 194 1
194 212 2
212 185 2
185 239 1
239 212 2
212 203 2
203 200 1
200 206 1
206 179 1
179 178 2
178 180 2
180 179 1
179 233 1
233 206 1
206 197 1
197 196 2
196 198 2
198 197 1
197 215 1
215 188 1
188 187 1
187 189 1
189 188 1
188 242 1
242 215 1
215 206 1
206 203 1
203 204 1
204 177 1
177 231 1
231 204 1
204 195 1
195 213 1
213 186 1
186 240 1
240 213 1
213 204 1
204 201 2
201 207 2
207 180 1
180 234 1
234 207 1
207 198 1
198 216 1
216 189 1
189 243 1
243 216 1
216 207 1
207 204 1
204 202 1
202 205 1
205 178 2
178 232 2
232 205 1
205 196 2
196 214 2
214 187 1
187 241 1
241 214 1
214 205 1
205 199 1
199 208 1
208 181 1
181 235 1
235 208 1
208 190 1
190 217 1
217 163 1
217 218 1
218 219 1
219 217 1
217 220 1
220 221 1
221 218 1
218 224 2
224 221 2
221 222 1
222 219 1
219 225 1
225 222 1
222 220 1
220 223 1
223 217 1
217 226 1
226 227 1
227 218 1
218 236 1
236 227 1
227 228 1
228 219 1
219 237 2
237 228 2
228 226 1
226 229 2
229 220 2
220 238 1
238 229 2
229 230 2
230 221 1
221 239 1
239 230 1
230 227 1
227 233 1
233 224 2
224 223 2
223 225 1
225 224 2
224 242 2
242 233 1
233 230 1
230 231 1
231 222 1
222 240 1
240 231 1
231 228 1
228 234 1
234 225 1
225 243 1
243 234 1
234 231 1
231 229 2
229 232 2
232 223 1
223 241 1
241 232 1
232 226 1
226 235 1
235 217 1
235 236 1
236 237 2
237 235 2
235 238 1
238 239 1
239 236 1
236 242 1
242 239 1
239 240 1
240 237 2
237 243 2
243 240 1
240 238 1
238 241 1
241 235 1
241 242 1
242 243 1
243 241 1
232 233 1
233 234 1
234 232 1
208 209 1
209 210 1
210 208 1
208 211 1
211 212 2
212 209 2
209 215 1
215 212 2
212 213 2
213 210 1
210 216 1
216 213 1
213 211 1
211 214 1
214 208 1
214 215 1
215 216 1
216 214 1
205 206 1
206 207 1
207 205 1
136 137 2
137 138 1
138 136 2
136 139 2
139 140 1
140 137 1
137 143 1
143 140 1
140 141 1
141 138 1
138 144 1
144 141 1
141 139 1
139 142 1
142 136 2
136 145 2
145 146 1
146 137 1
137 155 1
155 146 1
146 147 1
147 138 1
138 156 1
156 147 1
147 145 1
145 148 1
148 139 1
139 157 1
157 148 1
148 149 1
149 140 1
140 158 2
158 149 2
149 146 1
146 152 1
152 143 1
143 142 1
142 144 1
144 143 1
143 161 1
161 152 1
152 149 1
149 150 1
150 141 1
141 159 1
159 150 1
150 147 1
147 153 2
153 144 2
144 162 1
162 153 2
153 150 2
150 148 1
148 151 1
151 142 1
142 160 1
160 151 1
151 145 1
145 154 1
154 136 2
154 155 1
155 156 1
156 154 1
154 157 1
157 158 2
158 155 2
155 161 1
161 158 2
158 159 2
159 156 1
156 162 1
162 159 1
159 157 1
157 160 1
160 154 1
160 161 1
161 162 1
162 160 1
151 152 1
152 153 2
153 151 2
127 128 1
128 129 1
129 127 1
127 130 1
130 131 1
131 128 1
128 134 1
134 131 1
131 132 1
132 129 1
129 135 2
135 132 2
132 130 1
130 133 1
133 127 1
133 134 1
134 135 2
135 133 2
124 125 1
125 126 1
126 124 1

REQUESTS

BLOCKAGES
192 165
7 1
179 98
100 19
213 211
56 59
183 237
134 135
187 189
65 227
171 170
166 169
63 225
54 45
185 239
135 108
100 106
176 230
204 201
110 116
154 127
90 89
219 192
89 107
164 83
132 105
182 236
208 209
217 220
208 211
196 115
25 27
115 117
220 221
56 29
234 207
217 136
35 8
162 153
111 117
222 219
205 206
57 30
205 199
47 38
69 231
51 24
221 194
33 51
115 88
126 117
238 239
47 209
237 228
161 158
76 67
220 193
97 88
35 197
168 186
145 64
84 138
72 63
3 1
209 210
53 47
200 201
210 216
91 100
172 175
114 111
131 128
193 166
140 59
63 60
210 183
159 157
159 156
158 77
201 199
224 197
213 186
202 121
116 115
122 119
77 68
111 109
192 198
20 11
207 205
15 69
69 66
137 56
158 155
72 71
31 49
188 187
57 56
25 22
208 190
54 27
137 155
166 220
159 150
199 202
157 130
123 121
30 36
69 68
124 43
41 14
51 50
19 21
185 104
233 224
63 81
50 41
142 144
203 200
162 160
233 206
82 85
134 107
189 188
194 212
101 155
97 99
232 233
152 143
216 207
114 112
127 130
236 155
161 162
52 54
94 95
59 32
152 153
2 8
176 173
222 195
18 72
97 16
193 211
110 128
115 133
235 217
167 164
66 39
88 106
62 224
77 76
235 154
197 194
175 94
186 105
233 230
232 151
233 152
13 14
115 34
84 82
65 68
232 205
117 135
199 208
108 99
11 65
209 200
226 199
152 149
101 20
153 150
84 3
161 152
113 114
136 145
71 233
124 115
64 66
95 149
223 142
157 148
1 4
134 53
177 175
148 139
32 33
206 203
206 125
215 206
20 182
122 41
171 189
235 208
85 103
65 74
71 65
87 84
3 9
20 74
243 240
71 44
33 6
17 71
142 160
143 142
140 137
63 36
86 140
173 174
225 198
173 179
94 13
163 166
227 218
139 58
237 235
126 45
122 123
26 25
231 228
160 151
133 134
185 188
11 2
49 51
124 97
211 202
224 223
138 144
132 123
205 178
130 133
74 236
59 221
79 241
57 219
160 133
60 59
1 82
181 183
196 169
157 160
215 212
85 88
208 127
56 55
191 164
72 234
226 229
229 148
165 163
119 110
243 216
198 195
242 233
156 154
73 64
158 149
229 230
82 109
145 148
227 233
236 209
81 243
64 55
79 52
21 12
2 56
210 208
45 44
114 132
146 137
111 84
221 218
106 160
27 189
15 6
170 224
26 188
135 126
107 106
211 212
154 157
29 191
8 62
28 190
99 90
158 131
216 189
184 181
239 158
19 73
80 71
136 139
31 193
186 185
33 30
14 176
196 190
212 185
109 28
7 9
44 206
76 73
54 53
31 4
230 231
179 178
11 12
27 18
76 238
198 171
112 85
155 146
202 203
119 38
157 158
45 207
230 203
104 103
70 43
91 94
177 174
178 180
10 13
12 66
13 4
191 192
207 204
142 115
129 48
215 216
166 85
219 138
83 84
206 179
5 167
128 119
46 28
119 92
11 173
45 36
124 125
46 52
198 216
8 7
60 33
117 90
90 9
28 31
176 167
223 225
73 46
182 101
75 81
38 200
234 231
184 175
183 182
120 111
145 118
207 180
27 24
215 134
199 118
28 37
29 47
113 86
118 121
162 159
149 146
47 50
107 101
134 131
86 83
44 41
111 30
53 26
213 132
195 168
178 169
194 195
154 73
98 89
165 219
90 87
117 116
128 134
53 52
144 141
144 143
41 38
66 228
78 240
243 162
75 66
67 64
195 193
96 150
177 168
145 154
200 206
54 51
119 120
150 148
187 241
4 22
137 143
182 181
48 21
231 229
106 97
130 131
46 48
146 147
34 196
202 193
241 242
58 55
214 187
93 91
221 140
219 225
145 146
83 137
37 199
228 147
122 95
55 217
14 11
148 149
225 222
172 173
116 89
41 42
14 5
121 94
38 29
62 56
22 76
74 47
51 48
16 10
141 138
14 15
112 113
67 58
106 103
210 129
170 169
184 103
19 25
156 75
189 180
179 170
169 88
95 96
214 208
190 191
165 84
230 227
48 54
130 49
108 107
48 47
67 229
78 51
82 163
239 212
214 205
114 87
229 202
221 222
180 179
187 184
45 18
150 123
180 177
153 126
199 172
193 194
36 54
58 31
55 57
10 64
94 97
56 218
42 204
5 23
151 124
227 228
89 143
65 38
87 141
92 146
159 78
98 95
59 58
191 209
188 107
114 33
160 154
27 81
136 82
162 135
104 107
24 23
234 153
88 82
99 96
64 226
174 172
182 185
55 61
113 32
163 164
181 235
190 217
82 91
31 34
225 243
118 119
224 242
21 20
22 19
218 191
41 203
98 152
171 225
16 7
150 69
79 81
17 179
131 122
68 59
1 28
181 163
237 243
62 63
47 20
242 215
144 117
152 71
192 210
180 234
161 134
175 229
48 210
77 239
39 30
211 130
34 52
98 97
107 26
23 77
124 118
169 187
105 159
8 170
192 111
59 62
72 69
186 177
231 222
175 176
197 215
137 110
131 104
73 79
41 32
80 53
99 153
50 49
101 100
102 101
40 13
220 139
160 79
62 80
50 23
95 14
217 226
93 84
116 35
2 20
43 45
109 118
91 92
173 227
30 48
238 241
33 31
66 72
109 112
183 189
188 182
39 37
36 198
75 237
38 39
116 113
44 35
89 88
243 234
85 4
112 31
181 187
166 167
236 227
182 173
225 224
121 124
19 181
69 42
178 172
204 123
14 68
61 223
78 69
52 43
217 218
231 204
215 188
86 104
212 209
93 12
98 17
141 114
91 145
85 139
122 113
240 237
78 77
6 60
52 25
185 176
219 237
9 171
222 141
12 10
87 105
20 23
172 181
103 100
220 223
108 27
30 28
34 28
33 195
177 96
183 174
180 171
133 124
173 164
185 184
238 157
207 198
96 15
155 156
209 128
38 44
43 205
23 26
153 144
174 93
239 230
110 111
53 44
200 191
43 37
15 13
120 93
175 178
237 210
223 241
121 122
240 231
16 70
18 180
174 228
163 172
80 74
75 74
240 238
228 219
204 202
151 142
102 156
110 29
39 201
126 99
127 109
4 5
88 7
10 11
60 78
85 86
108 105
141 60
34 7
36 9
234 232
24 21
222 220
133 127
201 207
2 164
49 40
30 192
96 94
189 108
183 102
169 171
106 25
155 74
117 36
168 222
15 177
125 122
169 163
204 195
4 7
212 203
144 162
44 17
9 8
153 151
109 110
42 39
66 65
211 184
25 16
92 98
176 177
218 137
86 5
213 204
26 80
97 91
167 86
147 145
104 23
70 232
57 63
55 73
150 147
7 61
187 178
37 46
218 224
4 166
138 57
112 130
228 226
70 67
68 67
81 78
175 166
132 130
105 96
154 136
35 34
16 178
113 110
146 65
86 87
127 100
135 54
12 3
1 10
241 232
10 172
74 77
76 78
50 53
162 81
121 40
100 102
99 98
105 104
22 184
214 215
76 49
232 226
105 24
79 70
60 57
167 221
152 125
68 230
242 239
49 22
203 194
143 62
32 5
128 129
135 133
126 123
34 36
46 19
120 118
61 62
226 227
101 104
151 70
123 42
1 2
202 205
165 183
198 197
143 116
12 174
142 136
149 150
184 238
132 51
240 159
138 156
27 26
239 240
72 45
119 125
216 213
123 120
24 15
188 242
142 61
136 55
49 46
93 99
139 112
194 113
149 68
121 112
235 236
168 87
155 161
26 17
242 243
8 5
24 186
216 135
40 43
92 83
61 79
143 161
226 235
92 11
238 229
192 190
12 18
23 22
17 8
103 94
132 129
52 214
201 120
96 87
168 165
131 50
32 29
214 133
64 70
156 147
217 163
195 114
194 191
101 92
25 79
6 24
170 167
203 176
212 131
149 140
71 70
3 21
37 10
156 129
13 67
73 75
138 136
235 238
120 126
92 93
190 109
241 214
80 242
5 6
102 21
159 132
58 60
6 3
141 139
81 72
171 90
61 58
83 89
63 61
125 126
43 16
106 108
129 127
19 1
140 141
139 140
22 13
37 40
83 2
161 80

TERMINALS
1
15
26
33
44
46
60
65
79
90
92
103
110
121
135
136
153
158
167
178
183
196
201
212
224
229
237

END
