INSTANCE_NAME cc6-3p.dat
NB_VERTICES 729
NB_ARCS 4368
NB_REQUESTS 0
NB_BLOCKAGES 3276
NB_TERMINALS 76

VERTICES
1 0 0
2 0 0
3 0 0
4 0 0
5 0 0
6 0 0
7 0 0
8 0 0
9 0 0
10 0 0
11 0 0
12 0 0
13 0 0
14 0 0
15 0 0
16 0 0
17 0 0
18 0 0
19 0 0
20 0 0
21 0 0
22 0 0
23 0 0
24 0 0
25 0 0
26 0 0
27 0 0
28 0 0
29 0 0
30 0 0
31 0 0
32 0 0
33 0 0
34 0 0
35 0 0
36 0 0
37 0 0
38 0 0
39 0 0
40 0 0
41 0 0
42 0 0
43 0 0
44 0 0
45 0 0
46 0 0
47 0 0
48 0 0
49 0 0
50 0 0
51 0 0
52 0 0
53 0 0
54 0 0
55 0 0
56 0 0
57 0 0
58 0 0
59 0 0
60 0 0
61 0 0
62 0 0
63 0 0
64 0 0
65 0 0
66 0 0
67 0 0
68 0 0
69 0 0
70 0 0
71 0 0
72 0 0
73 0 0
74 0 0
75 0 0
76 0 0
77 0 0
78 0 0
79 0 0
80 0 0
81 0 0
82 0 0
83 0 0
84 0 0
85 0 0
86 0 0
87 0 0
88 0 0
89 0 0
90 0 0
91 0 0
92 0 0
93 0 0
94 0 0
95 0 0
96 0 0
97 0 0
98 0 0
99 0 0
100 0 0
101 0 0
102 0 0
103 0 0
104 0 0
105 0 0
106 0 0
107 0 0
108 0 0
109 0 0
110 0 0
111 0 0
112 0 0
113 0 0
114 0 0
115 0 0
116 0 0
117 0 0
118 0 0
119 0 0
120 0 0
121 0 0
122 0 0
123 0 0
124 0 0
125 0 0
126 0 0
127 0 0
128 0 0
129 0 0
130 0 0
131 0 0
132 0 0
133 0 0
134 0 0
135 0 0
136 0 0
137 0 0
138 0 0
139 0 0
140 0 0
141 0 0
142 0 0
143 0 0
144 0 0
145 0 0
146 0 0
147 0 0
148 0 0
149 0 0
150 0 0
151 0 0
152 0 0
153 0 0
154 0 0
155 0 0
156 0 0
157 0 0
158 0 0
159 0 0
160 0 0
161 0 0
162 0 0
163 0 0
164 0 0
165 0 0
166 0 0
167 0 0
168 0 0
169 0 0
170 0 0
171 0 0
172 0 0
173 0 0
174 0 0
175 0 0
176 0 0
177 0 0
178 0 0
179 0 0
180 0 0
181 0 0
182 0 0
183 0 0
184 0 0
185 0 0
186 0 0
187 0 0
188 0 0
189 0 0
190 0 0
191 0 0
192 0 0
193 0 0
194 0 0
195 0 0
196 0 0
197 0 0
198 0 0
199 0 0
200 0 0
201 0 0
202 0 0
203 0 0
204 0 0
205 0 0
206 0 0
207 0 0
208 0 0
209 0 0
210 0 0
211 0 0
212 0 0
213 0 0
214 0 0
215 0 0
216 0 0
217 0 0
218 0 0
219 0 0
220 0 0
221 0 0
222 0 0
223 0 0
224 0 0
225 0 0
226 0 0
227 0 0
228 0 0
229 0 0
230 0 0
231 0 0
232 0 0
233 0 0
234 0 0
235 0 0
236 0 0
237 0 0
238 0 0
239 0 0
240 0 0
241 0 0
242 0 0
243 0 0
244 0 0
245 0 0
246 0 0
247 0 0
248 0 0
249 0 0
250 0 0
251 0 0
252 0 0
253 0 0
254 0 0
255 0 0
256 0 0
257 0 0
258 0 0
259 0 0
260 0 0
261 0 0
262 0 0
263 0 0
264 0 0
265 0 0
266 0 0
267 0 0
268 0 0
269 0 0
270 0 0
271 0 0
272 0 0
273 0 0
274 0 0
275 0 0
276 0 0
277 0 0
278 0 0
279 0 0
280 0 0
281 0 0
282 0 0
283 0 0
284 0 0
285 0 0
286 0 0
287 0 0
288 0 0
289 0 0
290 0 0
291 0 0
292 0 0
293 0 0
294 0 0
295 0 0
296 0 0
297 0 0
298 0 0
299 0 0
300 0 0
301 0 0
302 0 0
303 0 0
304 0 0
305 0 0
306 0 0
307 0 0
308 0 0
309 0 0
310 0 0
311 0 0
312 0 0
313 0 0
314 0 0
315 0 0
316 0 0
317 0 0
318 0 0
319 0 0
320 0 0
321 0 0
322 0 0
323 0 0
324 0 0
325 0 0
326 0 0
327 0 0
328 0 0
329 0 0
330 0 0
331 0 0
332 0 0
333 0 0
334 0 0
335 0 0
336 0 0
337 0 0
338 0 0
339 0 0
340 0 0
341 0 0
342 0 0
343 0 0
344 0 0
345 0 0
346 0 0
347 0 0
348 0 0
349 0 0
350 0 0
351 0 0
352 0 0
353 0 0
354 0 0
355 0 0
356 0 0
357 0 0
358 0 0
359 0 0
360 0 0
361 0 0
362 0 0
363 0 0
364 0 0
365 0 0
366 0 0
367 0 0
368 0 0
369 0 0
370 0 0
371 0 0
372 0 0
373 0 0
374 0 0
375 0 0
376 0 0
377 0 0
378 0 0
379 0 0
380 0 0
381 0 0
382 0 0
383 0 0
384 0 0
385 0 0
386 0 0
387 0 0
388 0 0
389 0 0
390 0 0
391 0 0
392 0 0
393 0 0
394 0 0
395 0 0
396 0 0
397 0 0
398 0 0
399 0 0
400 0 0
401 0 0
402 0 0
403 0 0
404 0 0
405 0 0
406 0 0
407 0 0
408 0 0
409 0 0
410 0 0
411 0 0
412 0 0
413 0 0
414 0 0
415 0 0
416 0 0
417 0 0
418 0 0
419 0 0
420 0 0
421 0 0
422 0 0
423 0 0
424 0 0
425 0 0
426 0 0
427 0 0
428 0 0
429 0 0
430 0 0
431 0 0
432 0 0
433 0 0
434 0 0
435 0 0
436 0 0
437 0 0
438 0 0
439 0 0
440 0 0
441 0 0
442 0 0
443 0 0
444 0 0
445 0 0
446 0 0
447 0 0
448 0 0
449 0 0
450 0 0
451 0 0
452 0 0
453 0 0
454 0 0
455 0 0
456 0 0
457 0 0
458 0 0
459 0 0
460 0 0
461 0 0
462 0 0
463 0 0
464 0 0
465 0 0
466 0 0
467 0 0
468 0 0
469 0 0
470 0 0
471 0 0
472 0 0
473 0 0
474 0 0
475 0 0
476 0 0
477 0 0
478 0 0
479 0 0
480 0 0
481 0 0
482 0 0
483 0 0
484 0 0
485 0 0
486 0 0
487 0 0
488 0 0
489 0 0
490 0 0
491 0 0
492 0 0
493 0 0
494 0 0
495 0 0
496 0 0
497 0 0
498 0 0
499 0 0
500 0 0
501 0 0
502 0 0
503 0 0
504 0 0
505 0 0
506 0 0
507 0 0
508 0 0
509 0 0
510 0 0
511 0 0
512 0 0
513 0 0
514 0 0
515 0 0
516 0 0
517 0 0
518 0 0
519 0 0
520 0 0
521 0 0
522 0 0
523 0 0
524 0 0
525 0 0
526 0 0
527 0 0
528 0 0
529 0 0
530 0 0
531 0 0
532 0 0
533 0 0
534 0 0
535 0 0
536 0 0
537 0 0
538 0 0
539 0 0
540 0 0
541 0 0
542 0 0
543 0 0
544 0 0
545 0 0
546 0 0
547 0 0
548 0 0
549 0 0
550 0 0
551 0 0
552 0 0
553 0 0
554 0 0
555 0 0
556 0 0
557 0 0
558 0 0
559 0 0
560 0 0
561 0 0
562 0 0
563 0 0
564 0 0
565 0 0
566 0 0
567 0 0
568 0 0
569 0 0
570 0 0
571 0 0
572 0 0
573 0 0
574 0 0
575 0 0
576 0 0
577 0 0
578 0 0
579 0 0
580 0 0
581 0 0
582 0 0
583 0 0
584 0 0
585 0 0
586 0 0
587 0 0
588 0 0
589 0 0
590 0 0
591 0 0
592 0 0
593 0 0
594 0 0
595 0 0
596 0 0
597 0 0
598 0 0
599 0 0
600 0 0
601 0 0
602 0 0
603 0 0
604 0 0
605 0 0
606 0 0
607 0 0
608 0 0
609 0 0
610 0 0
611 0 0
612 0 0
613 0 0
614 0 0
615 0 0
616 0 0
617 0 0
618 0 0
619 0 0
620 0 0
621 0 0
622 0 0
623 0 0
624 0 0
625 0 0
626 0 0
627 0 0
628 0 0
629 0 0
630 0 0
631 0 0
632 0 0
633 0 0
634 0 0
635 0 0
636 0 0
637 0 0
638 0 0
639 0 0
640 0 0
641 0 0
642 0 0
643 0 0
644 0 0
645 0 0
646 0 0
647 0 0
648 0 0
649 0 0
650 0 0
651 0 0
652 0 0
653 0 0
654 0 0
655 0 0
656 0 0
657 0 0
658 0 0
659 0 0
660 0 0
661 0 0
662 0 0
663 0 0
664 0 0
665 0 0
666 0 0
667 0 0
668 0 0
669 0 0
670 0 0
671 0 0
672 0 0
673 0 0
674 0 0
675 0 0
676 0 0
677 0 0
678 0 0
679 0 0
680 0 0
681 0 0
682 0 0
683 0 0
684 0 0
685 0 0
686 0 0
687 0 0
688 0 0
689 0 0
690 0 0
691 0 0
692 0 0
693 0 0
694 0 0
695 0 0
696 0 0
697 0 0
698 0 0
699 0 0
700 0 0
701 0 0
702 0 0
703 0 0
704 0 0
705 0 0
706 0 0
707 0 0
708 0 0
709 0 0
710 0 0
711 0 0
712 0 0
713 0 0
714 0 0
715 0 0
716 0 0
717 0 0
718 0 0
719 0 0
720 0 0
721 0 0
722 0 0
723 0 0
724 0 0
725 0 0
726 0 0
727 0 0
728 0 0
729 0 0

ARCS
3 1 203
1 2 101
2 3 206
3 6 208
6 4 102
4 1 103
1 7 104
7 4 110
4 5 109
5 2 101
2 8 109
8 5 105
5 6 103
6 9 107
9 3 203
3 12 210
12 10 105
10 1 103
1 19 110
19 10 104
10 11 108
11 2 104
2 20 109
20 11 102
11 12 104
12 15 105
15 6 104
6 24 107
24 15 102
15 13 101
13 4 105
4 22 105
22 13 107
13 10 110
10 16 103
16 7 104
7 8 103
8 9 107
9 7 109
7 25 104
25 16 101
16 13 106
13 14 203
14 5 203
5 23 109
23 14 206
14 11 205
11 17 206
17 8 206
8 26 104
26 17 209
17 14 301
14 15 208
15 18 103
18 9 102
9 27 106
27 18 110
18 12 102
12 21 102
21 3 203
3 30 307
30 28 202
28 1 107
1 55 109
55 28 101
28 29 107
29 2 109
2 56 108
56 29 109
29 30 201
30 33 208
33 6 110
6 60 108
60 33 104
33 31 108
31 4 106
4 58 101
58 31 110
31 28 105
28 34 105
34 7 110
7 61 105
61 34 104
34 31 101
31 32 103
32 5 104
5 59 102
59 32 110
32 29 104
29 35 107
35 8 104
8 62 204
62 35 208
35 32 110
32 33 102
33 36 106
36 9 107
9 63 105
63 36 102
36 30 206
30 39 206
39 12 101
12 66 110
66 39 110
39 37 104
37 10 104
10 64 102
64 37 104
37 28 106
28 46 103
46 19 101
19 20 108
20 21 105
21 19 104
19 22 101
22 23 103
23 20 106
20 26 102
26 23 107
23 24 103
24 21 107
21 27 104
27 24 104
24 22 102
22 25 103
25 19 101
19 73 206
73 46 209
46 37 102
37 38 109
38 11 107
11 65 107
65 38 109
38 29 107
29 47 101
47 20 109
20 74 108
74 47 104
47 38 104
38 39 107
39 42 105
42 15 101
15 69 103
69 42 104
42 33 109
33 51 109
51 24 110
24 78 202
78 51 203
51 42 110
42 40 101
40 13 102
13 67 102
67 40 109
40 31 104
31 49 107
49 22 108
22 76 105
76 49 101
49 40 101
40 37 104
37 43 209
43 16 203
16 17 207
17 18 203
18 16 108
16 70 106
70 43 204
43 34 205
34 35 109
35 36 103
36 34 105
34 52 106
52 25 109
25 26 106
26 27 105
27 25 107
25 79 103
79 52 104
52 43 204
43 40 207
40 41 102
41 14 207
14 68 202
68 41 110
41 32 104
32 50 108
50 23 103
23 77 109
77 50 108
50 41 102
41 38 106
38 44 105
44 17 205
17 71 202
71 44 101
44 35 104
35 53 108
53 26 105
26 80 102
80 53 106
53 44 106
44 41 105
41 42 107
42 45 109
45 18 108
18 72 109
72 45 101
45 36 104
36 54 105
54 27 110
27 81 102
81 54 106
54 45 102
45 39 109
39 48 109
48 21 105
21 75 102
75 48 103
48 30 210
30 57 209
57 3 205
3 84 205
84 82 105
82 1 101
1 163 108
163 82 108
82 83 106
83 2 102
2 164 102
164 83 101
83 84 108
84 87 108
87 6 107
6 168 102
168 87 103
87 85 105
85 4 105
4 166 207
166 85 201
85 82 107
82 88 109
88 7 110
7 169 102
169 88 108
88 85 107
85 86 103
86 5 107
5 167 102
167 86 102
86 83 101
83 89 104
89 8 109
8 170 109
170 89 110
89 86 107
86 87 108
87 90 107
90 9 110
9 171 110
171 90 107
90 84 105
84 93 110
93 12 105
12 174 109
174 93 106
93 91 107
91 10 102
10 172 208
172 91 203
91 82 108
82 100 106
100 19 108
19 181 110
181 100 109
100 91 107
91 92 105
92 11 102
11 173 110
173 92 106
92 83 109
83 101 204
101 20 207
20 182 104
182 101 207
101 92 205
92 93 104
93 96 102
96 15 103
15 177 106
177 96 103
96 87 107
87 105 110
105 24 104
24 186 109
186 105 108
105 96 109
96 94 108
94 13 104
13 175 105
175 94 101
94 85 102
85 103 110
103 22 110
22 184 108
184 103 102
103 94 101
94 91 108
91 97 101
97 16 108
16 178 106
178 97 102
97 88 103
88 89 106
89 90 106
90 88 102
88 106 208
106 25 210
25 187 104
187 106 202
106 97 210
97 94 110
94 95 109
95 14 201
14 176 202
176 95 110
95 86 110
86 104 110
104 23 108
23 185 110
185 104 110
104 95 108
95 92 102
92 98 110
98 17 206
17 179 205
179 98 109
98 89 101
89 107 104
107 26 109
26 188 104
188 107 105
107 98 101
98 95 105
95 96 106
96 99 107
99 18 106
18 180 101
180 99 107
99 90 106
90 108 206
108 27 205
27 189 104
189 108 202
108 99 205
99 93 102
93 102 110
102 21 106
21 183 110
183 102 103
102 84 107
84 111 210
111 30 308
30 192 203
192 111 205
111 110 203
110 29 105
29 191 109
191 110 101
110 83 101
83 137 103
137 56 101
56 55 107
55 57 108
57 56 104
56 59 108
59 58 104
58 55 103
55 61 108
61 58 107
58 60 106
60 57 108
57 63 108
63 60 103
60 59 104
59 62 202
62 56 208
56 65 105
65 64 106
64 55 103
55 73 207
73 64 205
64 66 103
66 57 104
57 75 110
75 66 108
66 65 103
65 68 108
68 59 101
59 77 108
77 68 107
68 67 103
67 58 103
58 76 103
76 67 104
67 64 109
64 70 110
70 61 106
61 62 201
62 63 208
63 61 107
61 79 104
79 70 107
70 67 109
67 69 101
69 60 110
60 78 204
78 69 202
69 66 105
66 72 110
72 63 109
63 81 105
81 72 105
72 69 104
69 68 108
68 71 107
71 62 201
62 80 203
80 71 109
71 65 106
65 74 108
74 56 104
56 218 109
218 137 102
137 110 110
110 109 208
109 28 201
28 190 106
190 109 209
109 82 208
82 136 110
136 55 102
55 217 103
217 136 107
136 109 206
109 112 305
112 31 203
31 193 106
193 112 203
112 85 203
85 139 105
139 58 104
58 220 208
220 139 206
139 112 210
112 113 203
113 32 107
32 194 101
194 113 107
113 86 104
86 140 107
140 59 110
59 221 105
221 140 110
140 113 109
113 110 105
110 116 102
116 35 102
35 197 104
197 116 107
116 89 110
89 143 208
143 62 309
62 224 209
224 143 205
143 116 208
116 113 104
113 114 203
114 33 204
33 195 103
195 114 202
114 87 201
87 141 104
141 60 108
60 222 104
222 141 103
141 114 210
114 111 306
111 117 210
117 36 110
36 198 109
198 117 106
117 90 101
90 144 108
144 63 102
63 225 105
225 144 105
144 117 101
117 114 206
114 112 308
112 115 208
115 34 102
34 196 107
196 115 103
115 88 110
88 142 104
142 61 108
61 223 110
223 142 104
142 115 107
115 109 210
109 118 208
118 37 106
37 199 105
199 118 105
118 91 108
91 145 105
145 64 103
64 226 105
226 145 109
145 118 103
118 119 103
119 38 101
38 200 102
200 119 103
119 92 109
92 146 205
146 65 204
65 227 108
227 146 201
146 119 207
119 110 103
110 128 109
128 47 104
47 46 103
46 48 105
48 47 107
47 50 108
50 49 101
49 46 105
46 52 108
52 49 107
49 51 106
51 48 103
48 54 110
54 51 106
51 50 108
50 53 104
53 47 102
47 209 205
209 128 205
128 101 206
101 100 206
100 102 104
102 101 204
101 104 202
104 103 106
103 100 107
100 106 202
106 103 203
103 105 105
105 102 102
102 108 204
108 105 205
105 104 101
104 107 104
107 101 209
101 155 210
155 74 105
74 73 201
73 75 201
75 74 101
74 77 107
77 76 106
76 73 203
73 79 202
79 76 107
76 78 202
78 75 209
75 81 107
81 78 208
78 77 202
77 80 104
80 74 108
74 236 101
236 155 102
155 128 106
128 119 108
119 120 107
120 39 102
39 201 104
201 120 104
120 93 103
93 147 101
147 66 103
66 228 110
228 147 110
147 120 109
120 111 202
111 129 203
129 48 109
48 210 101
210 129 104
129 102 107
102 156 107
156 75 108
75 237 107
237 156 110
156 129 103
129 120 105
120 118 107
118 121 102
121 40 105
40 202 107
202 121 109
121 94 106
94 148 110
148 67 103
67 229 104
229 148 104
148 121 105
121 112 207
112 130 202
130 49 104
49 211 105
211 130 106
130 103 108
103 157 108
157 76 106
76 238 106
238 157 102
157 130 105
130 121 101
121 122 106
122 41 105
41 203 106
203 122 109
122 95 102
95 149 110
149 68 107
68 230 107
230 149 106
149 122 110
122 113 101
113 131 105
131 50 102
50 212 207
212 131 204
131 104 105
104 158 106
158 77 107
77 239 109
239 158 105
158 131 105
131 122 109
122 119 105
119 125 107
125 44 102
44 43 203
43 45 209
45 44 103
44 206 109
206 125 106
125 98 109
98 97 101
97 99 105
99 98 101
98 152 105
152 71 102
71 70 101
70 72 102
72 71 106
71 233 108
233 152 109
152 125 106
125 116 106
116 115 110
115 117 101
117 116 103
116 134 101
134 53 109
53 52 101
52 54 103
54 53 105
53 215 203
215 134 202
134 107 102
107 106 209
106 108 301
108 107 206
107 161 108
161 80 106
80 79 102
79 81 104
81 80 106
80 242 101
242 161 110
161 134 110
134 125 102
125 122 103
122 123 204
123 42 204
42 204 108
204 123 210
123 96 202
96 150 109
150 69 106
69 231 107
231 150 102
150 123 206
123 114 301
114 132 210
132 51 101
51 213 104
213 132 102
132 105 109
105 159 102
159 78 209
78 240 210
240 159 102
159 132 108
132 123 209
123 120 204
120 126 106
126 45 103
45 207 109
207 126 110
126 99 101
99 153 106
153 72 105
72 234 207
234 153 203
153 126 108
126 117 102
117 135 105
135 54 106
54 216 107
216 135 102
135 108 208
108 162 204
162 81 106
81 243 110
243 162 106
162 135 102
135 126 101
126 123 203
123 121 207
121 124 107
124 43 202
43 205 202
205 124 101
124 97 110
97 151 103
151 70 108
70 232 103
232 151 108
151 124 106
124 115 105
115 133 103
133 52 104
52 214 105
214 133 103
133 106 204
106 160 210
160 79 107
79 241 109
241 160 103
160 133 110
133 124 101
124 118 105
118 127 105
127 46 106
46 208 103
208 127 104
127 100 104
100 154 106
154 73 210
73 235 210
235 154 109
154 127 101
127 109 203
109 352 206
352 271 109
271 28 102
28 514 109
514 271 103
271 244 101
244 1 102
1 487 101
487 244 107
244 245 106
245 2 108
2 488 104
488 245 104
245 246 103
246 3 205
3 165 306
165 84 205
84 138 106
138 57 105
57 219 102
219 138 106
138 111 208
111 354 204
354 273 109
273 30 204
30 516 201
516 273 110
273 246 105
246 244 101
244 247 102
247 4 107
4 490 107
490 247 110
247 248 108
248 5 105
5 491 108
491 248 104
248 245 105
245 251 102
251 8 103
8 494 103
494 251 106
251 248 101
248 249 110
249 6 110
6 492 109
492 249 110
249 246 104
246 252 110
252 9 102
9 495 110
495 252 108
252 249 109
249 247 104
247 250 106
250 7 105
7 493 201
493 250 208
250 244 102
244 253 110
253 10 104
10 496 107
496 253 102
253 254 103
254 11 107
11 497 109
497 254 110
254 245 107
245 263 106
263 20 105
20 506 204
506 263 201
263 254 107
254 255 107
255 12 105
12 498 105
498 255 103
255 246 101
246 264 204
264 21 202
21 507 110
507 264 201
264 255 206
255 253 108
253 256 101
256 13 109
13 499 106
499 256 110
256 247 107
247 265 202
265 22 204
22 508 104
508 265 209
265 256 208
256 257 110
257 14 201
14 500 201
500 257 107
257 248 110
248 266 103
266 23 104
23 509 110
509 266 109
266 257 102
257 254 102
254 260 108
260 17 203
17 503 207
503 260 102
260 251 106
251 250 107
250 252 104
252 251 103
251 269 103
269 26 110
26 512 103
512 269 110
269 260 105
260 257 105
257 258 104
258 15 101
15 501 105
501 258 105
258 249 101
249 267 102
267 24 108
24 510 110
510 267 105
267 258 102
258 255 109
255 261 207
261 18 201
18 504 105
504 261 205
261 252 203
252 270 101
270 27 104
27 513 104
513 270 104
270 261 202
261 258 206
258 256 103
256 259 107
259 16 104
16 502 110
502 259 108
259 250 105
250 268 110
268 25 105
25 511 103
511 268 102
268 259 106
259 253 106
253 262 101
262 19 101
19 505 102
505 262 107
262 244 109
244 298 208
298 55 207
55 541 108
541 298 204
298 271 206
271 272 103
272 29 107
29 515 104
515 272 108
272 245 104
245 299 101
299 56 104
56 542 102
542 299 105
299 272 104
272 273 110
273 271 103
271 274 110
274 31 107
31 517 105
517 274 105
274 247 103
247 301 102
301 58 104
58 544 104
544 301 102
301 274 109
274 275 101
275 32 101
32 518 209
518 275 207
275 248 108
248 302 103
302 59 109
59 545 103
545 302 107
302 275 105
275 272 108
272 278 101
278 35 108
35 521 109
521 278 108
278 251 103
251 305 101
305 62 205
62 548 203
548 305 108
305 278 102
278 275 102
275 276 106
276 33 107
33 519 102
519 276 107
276 249 107
249 303 203
303 60 208
60 546 105
546 303 210
303 276 205
276 273 106
273 279 104
279 36 103
36 522 107
522 279 103
279 252 105
252 306 105
306 63 105
63 549 105
549 306 107
306 279 105
279 276 103
276 274 109
274 277 105
277 34 110
34 520 105
520 277 109
277 250 101
250 304 104
304 61 110
61 547 106
547 304 104
304 277 109
277 271 105
271 280 109
280 37 105
37 523 104
523 280 101
280 253 101
253 307 102
307 64 110
64 550 101
550 307 105
307 280 106
280 281 206
281 38 203
38 524 107
524 281 206
281 254 208
254 308 102
308 65 105
65 551 102
551 308 102
308 281 201
281 272 203
272 290 106
290 47 106
47 533 101
533 290 108
290 263 102
263 262 102
262 264 209
264 263 207
263 266 106
266 265 206
265 262 205
262 268 110
268 265 206
265 267 209
267 264 201
264 270 208
270 267 105
267 266 101
266 269 110
269 263 108
263 317 101
317 74 101
74 560 105
560 317 102
317 290 108
290 281 209
281 282 208
282 39 106
39 525 103
525 282 105
282 255 108
255 309 108
309 66 107
66 552 205
552 309 210
309 282 101
282 273 102
273 291 107
291 48 104
48 534 103
534 291 105
291 264 202
264 318 208
318 75 108
75 561 103
561 318 108
318 291 106
291 282 108
282 280 104
280 283 108
283 40 106
40 526 207
526 283 209
283 256 106
256 310 106
310 67 104
67 553 205
553 310 202
310 283 104
283 274 109
274 292 207
292 49 209
49 535 107
535 292 207
292 265 306
265 319 207
319 76 101
76 562 102
562 319 107
319 292 209
292 283 210
283 284 106
284 41 108
41 527 101
527 284 104
284 257 106
257 311 106
311 68 109
68 554 109
554 311 105
311 284 106
284 275 107
275 293 110
293 50 101
50 536 101
536 293 108
293 266 108
266 320 108
320 77 107
77 563 109
563 320 108
320 293 104
293 284 107
284 281 202
281 287 203
287 44 106
44 530 102
530 287 110
287 260 106
260 259 108
259 261 204
261 260 204
260 314 109
314 71 106
71 557 105
557 314 103
314 287 105
287 278 108
278 277 109
277 279 108
279 278 101
278 296 108
296 53 103
53 539 110
539 296 110
296 269 102
269 268 101
268 270 103
270 269 105
269 323 208
323 80 202
80 566 104
566 323 203
323 296 209
296 287 105
287 284 101
284 285 106
285 42 104
42 528 106
528 285 109
285 258 106
258 312 105
312 69 106
69 555 102
555 312 106
312 285 108
285 276 110
276 294 108
294 51 110
51 537 110
537 294 107
294 267 105
267 321 106
321 78 207
78 564 202
564 321 105
321 294 108
294 285 107
285 282 107
282 288 105
288 45 107
45 531 102
531 288 104
288 261 202
261 315 208
315 72 107
72 558 106
558 315 108
315 288 106
288 279 109
279 297 109
297 54 105
54 540 207
540 297 204
297 270 101
270 324 109
324 81 107
81 567 106
567 324 101
324 297 106
297 288 108
288 285 108
285 283 108
283 286 103
286 43 210
43 529 206
529 286 102
286 259 104
259 313 109
313 70 105
70 556 101
556 313 109
313 286 110
286 277 107
277 295 103
295 52 101
52 538 101
538 295 103
295 268 101
268 322 106
322 79 109
79 565 109
565 322 102
322 295 102
295 286 101
286 280 101
280 289 101
289 46 106
46 532 108
532 289 107
289 262 109
262 316 104
316 73 209
73 559 206
559 316 106
316 289 103
289 271 105
271 433 106
433 190 102
190 163 106
163 164 106
164 165 201
165 163 202
163 166 208
166 167 202
167 164 104
164 170 105
170 167 101
167 168 109
168 165 205
165 171 203
171 168 102
168 166 201
166 169 210
169 163 101
163 172 201
172 173 203
173 164 110
164 182 105
182 173 108
173 174 108
174 165 210
165 183 207
183 174 102
174 172 209
172 175 208
175 166 203
166 184 209
184 175 106
175 176 103
176 167 107
167 185 110
185 176 108
176 173 102
173 179 110
179 170 105
170 169 109
169 171 107
171 170 108
170 188 105
188 179 110
179 176 102
176 177 102
177 168 104
168 186 110
186 177 107
177 174 107
174 180 108
180 171 109
171 189 101
189 180 106
180 177 102
177 175 109
175 178 106
178 169 109
169 187 107
187 178 103
178 172 206
172 181 210
181 163 106
163 217 102
217 190 109
190 191 107
191 164 105
164 218 105
218 191 105
191 192 102
192 165 209
165 219 210
219 192 101
192 190 103
190 193 108
193 166 202
166 220 306
220 193 210
193 194 106
194 167 105
167 221 109
221 194 107
194 191 102
191 197 106
197 170 101
170 224 101
224 197 106
197 194 101
194 195 110
195 168 105
168 222 109
222 195 106
195 192 107
192 198 108
198 171 108
171 225 106
225 198 101
198 195 102
195 193 110
193 196 110
196 169 110
169 223 107
223 196 105
196 190 108
190 199 108
199 172 210
172 226 205
226 199 110
199 200 109
200 173 102
173 227 108
227 200 101
200 191 104
191 209 206
209 182 206
182 181 107
181 183 110
183 182 109
182 185 107
185 184 110
184 181 102
181 187 107
187 184 104
184 186 109
186 183 106
183 189 105
189 186 104
186 185 110
185 188 104
188 182 108
182 236 110
236 209 205
209 200 209
200 201 103
201 174 107
174 228 109
228 201 106
201 192 110
192 210 110
210 183 109
183 237 105
237 210 106
210 201 110
201 199 102
199 202 107
202 175 107
175 229 103
229 202 104
202 193 103
193 211 104
211 184 105
184 238 110
238 211 109
211 202 105
202 203 102
203 176 104
176 230 110
230 203 105
203 194 103
194 212 203
212 185 203
185 239 103
239 212 202
212 203 204
203 200 101
200 206 108
206 179 101
179 178 107
178 180 101
180 179 106
179 233 109
233 206 109
206 197 108
197 196 105
196 198 106
198 197 107
197 215 203
215 188 210
188 187 107
187 189 109
189 188 104
188 242 109
242 215 209
215 206 206
206 203 106
203 204 106
204 177 103
177 231 107
231 204 101
204 195 108
195 213 105
213 186 109
186 240 107
240 213 101
213 204 110
204 201 104
201 207 105
207 180 107
180 234 206
234 207 202
207 198 107
198 216 103
216 189 109
189 243 110
243 216 110
216 207 110
207 204 106
204 202 108
202 205 108
205 178 104
178 232 102
232 205 102
205 196 110
196 214 108
214 187 102
187 241 110
241 214 101
214 205 104
205 199 107
199 208 106
208 181 110
181 235 101
235 208 107
208 190 109
190 676 101
676 433 104
433 352 105
352 325 106
325 82 101
82 568 110
568 325 103
325 244 104
244 406 106
406 163 103
163 649 102
649 406 101
406 325 107
325 326 204
326 83 203
83 569 104
569 326 204
326 245 209
245 407 107
407 164 105
164 650 108
650 407 104
407 326 208
326 327 210
327 84 104
84 570 102
570 327 106
327 246 102
246 300 102
300 57 107
57 543 110
543 300 103
300 273 109
273 435 102
435 192 110
192 678 105
678 435 110
435 354 102
354 327 106
327 325 107
325 328 109
328 85 108
85 571 109
571 328 104
328 247 108
247 409 101
409 166 207
166 652 206
652 409 102
409 328 108
328 329 202
329 86 203
86 572 109
572 329 204
329 248 203
248 410 103
410 167 102
167 653 110
653 410 103
410 329 201
329 326 303
326 335 208
335 92 102
92 578 107
578 335 102
335 254 108
254 416 106
416 173 102
173 659 109
659 416 103
416 335 109
335 334 106
334 91 102
91 577 105
577 334 102
334 253 103
253 415 203
415 172 304
172 658 302
658 496 203
496 487 107
487 488 107
488 489 101
489 3 203
489 246 109
246 408 109
408 165 207
165 651 210
651 408 107
408 327 103
327 330 105
330 87 103
87 573 109
573 330 101
330 249 102
249 411 103
411 168 109
168 654 209
654 411 205
411 330 107
330 328 109
328 331 103
331 88 107
88 574 106
574 331 108
331 250 101
250 412 104
412 169 106
169 655 104
655 412 110
412 331 105
331 325 101
325 334 105
334 336 107
336 93 106
93 579 207
579 336 207
336 255 107
255 417 108
417 174 108
174 660 110
660 417 106
417 336 108
336 327 101
327 333 104
333 90 104
90 576 108
576 333 103
333 252 104
252 414 106
414 171 106
171 657 103
657 414 108
414 333 104
333 330 103
330 329 207
329 332 310
332 89 207
89 575 104
575 332 210
332 251 205
251 413 105
413 170 107
170 656 202
656 413 205
413 332 208
332 331 207
331 333 103
333 332 209
332 341 204
341 98 110
98 584 101
584 341 105
341 260 102
260 422 108
422 179 107
179 665 101
665 422 108
422 341 110
341 335 103
335 336 107
336 339 105
339 96 108
96 582 107
582 339 110
339 258 104
258 420 101
420 177 106
177 663 205
663 420 210
420 339 109
339 330 106
330 348 102
348 105 108
105 591 108
591 348 105
348 267 102
267 429 106
429 186 102
186 672 204
672 429 203
429 348 101
348 339 103
339 337 109
337 94 103
94 580 204
580 337 203
337 256 102
256 418 108
418 175 103
175 661 106
661 418 109
418 337 109
337 328 101
328 346 109
346 103 106
103 589 108
589 346 105
346 265 209
265 427 207
427 184 106
184 670 110
670 427 110
427 346 102
346 337 106
337 334 102
334 340 104
340 97 108
97 583 106
583 340 110
340 259 110
259 421 104
421 178 109
178 664 101
664 421 105
421 340 104
340 331 101
331 349 110
349 106 209
106 592 209
592 349 101
349 268 108
268 430 107
430 187 103
187 673 109
673 430 109
430 349 103
349 340 107
340 337 105
337 338 101
338 95 106
95 581 103
581 338 102
338 257 109
257 419 102
419 176 104
176 662 102
662 419 108
419 338 102
338 329 208
329 347 206
347 104 106
104 590 110
590 347 107
347 266 103
266 428 102
428 185 103
185 671 103
671 428 104
428 347 106
347 338 104
338 335 101
335 344 104
344 101 207
101 587 203
587 344 102
344 263 109
263 425 109
425 182 107
182 668 109
668 425 109
425 344 106
344 326 209
326 353 206
353 110 101
110 596 103
596 353 109
353 272 109
272 434 110
434 191 108
191 677 101
677 434 102
434 353 102
353 352 104
352 354 106
354 353 106
353 356 105
356 113 108
113 599 109
599 356 107
356 275 105
275 437 107
437 194 110
194 680 107
680 437 104
437 356 102
356 329 206
329 383 208
383 140 108
140 137 102
137 136 110
136 138 103
138 137 108
137 143 209
143 140 201
140 139 104
139 136 105
136 142 110
142 139 104
139 141 102
141 138 107
138 144 108
144 141 106
141 140 108
140 149 109
149 146 203
146 137 208
137 155 106
155 146 209
146 145 204
145 136 102
136 154 107
154 145 106
145 147 110
147 138 106
138 156 103
156 147 110
147 146 209
146 152 209
152 143 202
143 142 205
142 144 105
144 143 203
143 161 201
161 152 108
152 149 108
149 148 106
148 139 109
139 157 108
157 148 101
148 145 102
145 151 101
151 142 108
142 160 107
160 151 104
151 148 102
148 150 108
150 141 110
141 159 103
159 150 107
150 147 105
147 153 108
153 144 105
144 162 107
162 153 107
153 150 106
150 149 108
149 158 102
158 140 108
140 626 109
626 383 101
383 302 102
302 299 105
299 298 208
298 300 209
300 299 103
299 305 106
305 302 103
302 301 109
301 298 208
298 304 206
304 301 105
301 303 204
303 300 207
300 306 107
306 303 202
303 302 209
302 311 108
311 308 107
308 299 105
299 317 103
317 308 101
308 307 108
307 298 208
298 316 207
316 307 107
307 309 109
309 300 109
300 318 101
318 309 107
309 308 103
308 314 107
314 305 107
305 304 103
304 306 103
306 305 110
305 323 203
323 314 201
314 311 104
311 310 101
310 301 108
301 319 105
319 310 103
310 307 108
307 313 103
313 304 103
304 322 107
322 313 107
313 310 110
310 312 108
312 303 210
303 321 203
321 312 103
312 309 106
309 315 105
315 306 105
306 324 104
324 315 105
315 312 110
312 311 109
311 320 103
320 302 110
302 464 105
464 221 107
221 218 104
218 217 107
217 219 101
219 218 110
218 224 110
224 221 110
221 220 210
220 217 209
217 223 101
223 220 204
220 222 201
222 219 108
219 225 101
225 222 107
222 221 104
221 230 101
230 227 109
227 218 104
218 236 108
236 227 104
227 226 102
226 217 101
217 235 101
235 226 105
226 228 110
228 219 101
219 237 105
237 228 103
228 227 106
227 233 102
233 224 106
224 223 101
223 225 110
225 224 104
224 242 102
242 233 103
233 230 107
230 229 103
229 220 210
220 238 204
238 229 106
229 226 101
226 232 101
232 223 110
223 241 107
241 232 107
232 229 102
229 231 101
231 222 104
222 240 108
240 231 107
231 228 105
228 234 202
234 225 210
225 243 110
243 234 205
234 231 204
231 230 101
230 239 110
239 221 108
221 707 108
707 464 107
464 383 107
383 356 104
356 355 102
355 112 204
112 598 204
598 355 102
355 274 104
274 436 107
436 193 106
193 679 107
679 436 105
436 355 103
355 328 108
328 382 108
382 139 105
139 625 109
625 382 103
382 301 105
301 463 108
463 220 207
220 706 202
706 463 110
463 382 101
382 355 108
355 352 110
352 358 109
358 115 103
115 601 106
601 358 101
358 277 109
277 439 202
439 196 209
196 682 107
682 439 208
439 358 206
358 331 107
331 385 101
385 142 107
142 628 107
628 385 105
385 304 109
304 466 106
466 223 109
223 709 110
709 466 104
466 385 101
385 358 102
358 355 106
355 357 101
357 114 202
114 600 210
600 357 104
357 276 103
276 438 103
438 195 106
195 681 105
681 438 101
438 357 102
357 330 103
330 384 104
384 141 106
141 627 105
627 384 106
384 303 209
303 465 210
465 222 101
222 708 104
708 465 107
465 384 107
384 357 110
357 354 106
354 360 104
360 117 110
117 603 110
603 360 103
360 279 101
279 441 202
441 198 203
198 684 108
684 441 202
441 360 209
360 333 105
333 342 103
342 99 107
99 585 102
585 342 101
342 261 202
261 423 208
423 180 109
180 666 105
666 423 110
423 342 104
342 336 103
336 345 105
345 102 104
102 588 110
588 345 101
345 264 204
264 426 210
426 183 106
183 669 102
669 426 110
426 345 105
345 327 108
327 381 107
381 138 104
138 624 109
624 381 101
381 300 107
300 462 101
462 219 108
219 705 110
705 462 104
462 381 101
381 354 101
354 363 103
363 120 106
120 606 106
606 363 101
363 282 110
282 444 108
444 201 105
201 687 203
687 444 206
444 363 105
363 336 106
336 390 104
390 147 104
147 633 108
633 390 105
390 309 108
309 471 108
471 228 103
228 714 103
714 471 102
471 390 106
390 363 104
363 361 103
361 118 104
118 604 101
604 361 102
361 280 107
280 442 104
442 199 101
199 685 106
685 442 108
442 361 106
361 334 102
334 343 107
343 100 105
100 586 106
586 343 101
343 262 103
262 424 102
424 181 110
181 667 107
667 424 110
424 343 107
343 325 109
325 379 109
379 136 101
136 622 104
622 379 107
379 298 203
298 460 207
460 217 101
217 703 105
703 460 101
460 379 106
379 352 104
352 361 103
361 362 103
362 119 102
119 605 106
605 362 105
362 281 210
281 443 201
443 200 107
200 686 107
686 443 105
443 362 107
362 335 104
335 389 109
389 146 202
146 632 204
632 389 107
389 308 109
308 470 108
470 227 103
227 713 102
713 470 110
470 389 106
389 362 106
362 353 103
353 359 108
359 116 110
116 602 110
602 359 101
359 278 103
278 440 208
440 197 201
197 683 102
683 440 203
440 359 203
359 332 205
332 350 308
350 107 210
107 593 104
593 350 206
350 269 206
269 431 204
431 188 206
188 674 107
674 431 205
431 350 301
350 341 201
341 338 110
338 339 107
339 342 103
342 340 102
340 341 106
341 342 109
342 351 106
351 108 204
108 594 202
594 351 110
351 270 110
270 432 101
432 189 109
189 675 107
675 432 108
432 351 103
351 333 104
333 387 106
387 144 101
144 630 204
630 387 204
387 306 103
306 468 108
468 225 108
225 711 107
711 468 110
468 387 104
387 360 106
360 357 107
357 356 105
356 359 106
359 358 109
358 360 110
360 359 101
359 368 106
368 125 110
125 124 102
124 126 107
126 125 102
125 611 203
611 368 207
368 287 108
287 286 105
286 288 107
288 287 107
287 449 110
449 206 109
206 205 109
205 207 107
207 206 106
206 692 103
692 449 106
449 368 104
368 341 108
341 395 103
395 152 108
152 151 110
151 153 108
153 152 102
152 638 209
638 395 207
395 314 108
314 313 107
313 315 103
315 314 109
314 476 102
476 233 108
233 232 106
232 234 204
234 233 209
233 719 108
719 476 102
476 395 110
395 368 103
368 362 107
362 363 107
363 366 205
366 123 303
123 609 203
609 366 203
366 285 206
285 447 110
447 204 105
204 690 105
690 447 107
447 366 204
366 339 204
339 393 102
393 150 103
150 636 106
636 393 107
393 312 101
312 474 110
474 231 103
231 717 103
717 474 103
474 393 103
393 366 205
366 357 208
357 375 202
375 132 210
132 129 102
129 127 107
127 128 107
128 129 107
129 135 108
135 132 109
132 130 102
130 127 105
127 133 108
133 130 109
130 131 106
131 128 109
128 134 108
134 131 107
131 132 106
132 618 104
618 375 206
375 294 208
294 291 109
291 289 107
289 290 106
290 291 106
291 297 103
297 294 109
294 292 204
292 289 203
289 295 103
295 292 208
292 293 208
293 290 110
290 296 104
296 293 109
293 294 103
294 456 105
456 213 108
213 210 109
210 208 109
208 209 205
209 210 210
210 216 106
216 213 102
213 211 104
211 208 107
208 214 109
214 211 109
211 212 207
212 209 308
209 452 205
452 290 108
290 371 104
371 128 109
128 614 104
614 371 110
371 344 107
344 343 101
343 345 102
345 344 109
344 347 105
347 346 109
346 343 108
343 349 105
349 346 105
346 348 102
348 345 109
345 351 106
351 348 101
348 347 105
347 350 202
350 344 207
344 398 108
398 155 104
155 154 109
154 156 102
156 155 104
155 158 102
158 157 107
157 154 110
154 160 101
160 157 110
157 159 104
159 156 108
156 162 104
162 159 101
159 158 102
158 161 104
161 155 102
155 641 102
641 398 101
398 317 102
317 316 103
316 318 105
318 317 105
317 320 104
320 319 104
319 316 106
316 322 102
322 319 107
319 321 103
321 318 103
318 324 109
324 321 109
321 320 106
320 323 202
323 317 206
317 479 102
479 236 105
236 235 108
235 237 108
237 236 103
236 239 103
239 238 110
238 235 101
235 241 108
241 238 109
238 240 106
240 237 102
237 243 104
243 240 104
240 239 109
239 242 110
242 236 107
236 722 108
722 479 104
479 398 102
398 371 106
371 353 104
353 380 108
380 137 110
137 623 103
623 380 103
380 299 101
299 461 103
461 218 106
218 704 210
704 461 210
461 380 101
380 326 203
380 379 106
379 381 108
381 380 105
380 383 106
383 382 102
382 379 101
379 385 105
385 382 101
382 384 106
384 381 106
381 387 109
387 384 107
384 383 105
383 386 107
386 143 202
143 629 210
629 386 104
386 305 105
305 467 101
467 224 102
224 710 105
710 467 110
467 386 102
386 332 207
386 359 106
359 377 108
377 134 103
134 133 103
133 135 107
135 134 109
134 620 110
620 377 105
377 296 103
296 295 108
295 297 103
297 296 101
296 458 107
458 215 206
215 212 307
212 213 205
213 699 108
699 456 102
456 375 206
375 348 201
348 402 102
402 159 102
159 645 103
645 402 101
402 321 104
321 483 107
483 240 107
240 726 107
726 483 103
483 402 102
402 375 206
375 366 309
366 364 205
364 121 110
121 607 110
607 364 102
364 283 105
283 445 110
445 202 103
202 688 206
688 445 208
445 364 109
364 337 107
337 391 106
391 148 104
148 634 206
634 391 210
391 310 109
310 472 110
472 229 104
229 715 102
715 472 103
472 391 102
391 364 107
364 355 103
355 373 104
373 130 106
130 616 104
616 373 101
373 292 206
292 454 205
454 211 105
211 697 107
697 454 104
454 373 108
373 346 104
346 400 202
400 157 202
157 643 101
643 400 210
400 319 205
319 481 104
481 238 110
238 724 110
724 481 101
481 400 204
400 373 201
373 364 102
364 361 107
361 367 103
367 124 102
124 610 109
610 367 108
367 286 104
286 448 108
448 205 105
205 691 101
691 448 101
448 367 105
367 340 108
340 394 203
394 151 209
151 637 110
637 394 204
394 313 202
313 475 106
475 232 106
232 718 107
718 475 108
475 394 201
394 367 202
367 358 105
358 376 109
376 133 103
133 619 102
619 376 109
376 295 102
295 457 106
457 214 107
214 215 208
215 216 204
216 214 102
214 700 110
700 457 102
457 376 101
376 349 105
349 350 203
350 351 204
351 349 108
349 403 109
403 160 104
160 161 102
161 162 104
162 160 106
160 646 103
646 403 103
403 322 105
322 323 201
323 324 208
324 322 101
322 484 103
484 241 105
241 242 101
242 243 104
243 241 105
241 727 209
727 484 203
484 403 108
403 376 106
376 367 109
367 364 104
364 365 102
365 122 109
122 608 110
608 365 110
365 284 104
284 446 109
446 203 106
203 689 105
689 446 110
446 365 102
365 338 103
338 392 108
392 149 110
149 635 107
635 392 101
392 311 106
311 473 206
473 230 208
230 716 103
716 473 204
473 392 201
392 365 102
365 356 105
356 374 102
374 131 107
131 617 105
617 374 103
374 293 107
293 455 102
455 212 202
212 698 204
698 455 110
455 374 107
374 347 106
347 401 102
401 158 110
158 644 208
644 401 205
401 320 110
320 482 104
482 239 105
239 725 104
725 482 109
482 401 103
401 374 105
374 365 108
365 362 101
362 371 101
371 370 202
370 127 201
127 613 210
613 370 308
370 289 208
289 451 101
451 208 109
208 694 101
694 451 108
451 370 209
370 343 210
343 397 102
397 154 109
154 640 110
640 397 106
397 316 108
316 478 103
478 235 101
235 721 110
721 478 106
478 397 108
397 370 204
370 352 201
352 595 207
595 109 307
595 514 205
514 487 105
487 489 109
489 492 105
492 490 101
490 487 103
487 493 206
493 490 201
490 491 102
491 488 103
488 494 102
494 491 102
491 492 109
492 495 101
495 489 109
489 498 102
498 496 103
496 497 103
497 488 109
488 506 201
506 497 202
497 498 109
498 501 109
501 492 108
492 510 104
510 501 109
501 499 106
499 490 106
490 508 110
508 499 101
499 496 101
496 502 109
502 493 207
493 494 207
494 495 102
495 493 206
493 511 203
511 502 106
502 499 103
499 500 107
500 491 108
491 509 105
509 500 109
500 497 101
497 503 105
503 494 103
494 512 101
512 503 101
503 500 106
500 501 107
501 504 110
504 495 106
495 513 110
513 504 105
504 498 107
498 507 108
507 489 110
489 516 101
516 514 108
514 515 106
515 488 109
488 542 104
542 515 104
515 516 104
516 519 104
519 492 103
492 546 104
546 519 109
519 517 109
517 490 101
490 544 102
544 517 108
517 514 101
514 520 103
520 493 205
493 547 207
547 520 102
520 517 104
517 518 202
518 491 201
491 545 106
545 518 206
518 515 210
515 521 106
521 494 103
494 548 102
548 521 108
521 518 210
518 519 204
519 522 105
522 495 106
495 549 104
549 522 105
522 516 102
516 525 101
525 498 110
498 552 201
552 525 210
525 523 106
523 496 109
496 505 108
505 487 105
487 541 110
541 514 102
514 523 106
523 524 105
524 497 106
497 551 105
551 524 104
524 515 108
515 533 104
533 506 207
506 505 202
505 507 108
507 506 201
506 509 208
509 508 107
508 505 103
505 511 106
511 508 110
508 510 110
510 507 104
507 513 108
513 510 101
510 509 107
509 512 103
512 506 205
506 560 210
560 533 108
533 524 110
524 525 102
525 528 105
528 501 101
501 555 105
555 528 109
528 519 108
519 537 108
537 510 108
510 564 110
564 537 103
537 528 104
528 526 202
526 499 208
499 553 208
553 526 306
526 517 208
517 535 101
535 508 102
508 562 103
562 535 104
535 526 208
526 523 207
523 529 104
529 502 104
502 503 106
503 504 105
504 502 105
502 556 109
556 529 108
529 520 109
520 521 108
521 522 102
522 520 105
520 538 104
538 511 109
511 512 105
512 513 105
513 511 104
511 565 109
565 538 110
538 529 103
529 526 205
526 527 203
527 500 104
500 554 106
554 527 108
527 518 207
518 536 205
536 509 107
509 563 105
563 536 110
536 527 108
527 524 110
524 530 110
530 503 105
503 557 101
557 530 102
530 521 106
521 539 110
539 512 107
512 566 104
566 539 102
539 530 108
530 527 102
527 528 101
528 531 109
531 504 103
504 558 101
558 531 106
531 522 101
522 540 208
540 513 203
513 567 109
567 540 209
540 531 207
531 525 104
525 534 103
534 507 105
507 561 108
561 534 105
534 516 108
516 543 110
543 489 101
489 570 106
570 568 108
568 487 102
487 649 109
649 568 107
568 569 108
569 488 106
488 650 107
650 569 104
569 570 105
570 573 102
573 492 108
492 654 207
654 573 205
573 571 106
571 490 103
490 652 107
652 571 109
571 568 109
568 574 105
574 493 206
493 655 201
655 574 107
574 571 102
571 572 110
572 491 103
491 653 110
653 572 107
572 569 107
569 575 109
575 494 104
494 656 202
656 575 201
575 572 102
572 573 104
573 576 108
576 495 101
495 657 105
657 576 108
576 570 104
570 579 202
579 498 209
498 660 104
660 579 206
579 577 208
577 496 102
496 550 106
550 523 109
523 532 101
532 505 108
505 559 105
559 532 109
532 514 104
514 676 108
676 595 209
595 568 203
568 577 105
577 578 104
578 497 109
497 659 109
659 578 104
578 569 104
569 587 101
587 506 204
506 668 201
668 587 102
587 578 101
578 579 207
579 582 203
582 501 101
501 663 204
663 582 205
582 573 110
573 591 104
591 510 104
510 672 206
672 591 207
591 582 102
582 580 207
580 499 204
499 661 102
661 580 208
580 571 206
571 589 105
589 508 108
508 670 107
670 589 102
589 580 208
580 577 203
577 583 110
583 502 106
502 664 106
664 583 104
583 574 105
574 575 109
575 576 103
576 574 108
574 592 106
592 511 109
511 673 109
673 592 106
592 583 107
583 580 204
580 581 206
581 500 104
500 662 104
662 581 109
581 572 105
572 590 110
590 509 104
509 671 108
671 590 108
590 581 110
581 578 101
578 584 102
584 503 109
503 665 101
665 584 110
584 575 109
575 593 105
593 512 105
512 674 109
674 593 104
593 584 107
584 581 108
581 582 108
582 585 108
585 504 105
504 666 107
666 585 106
585 576 104
576 594 103
594 513 110
513 675 107
675 594 103
594 585 106
585 579 205
579 588 210
588 507 110
507 669 109
669 588 102
588 570 101
570 597 103
597 111 210
597 354 107
354 372 102
372 129 104
129 615 101
615 372 108
372 291 105
291 453 108
453 210 105
210 696 105
696 453 104
453 372 104
372 345 104
345 399 202
399 156 205
156 642 108
642 399 208
399 318 203
318 480 209
480 237 209
237 723 107
723 480 210
480 399 306
399 372 207
372 363 109
363 369 110
369 126 110
126 612 102
612 369 104
369 288 106
288 450 108
450 207 107
207 693 106
693 450 109
450 369 110
369 342 102
342 396 104
396 153 102
153 639 102
639 396 109
396 315 103
315 477 109
477 234 203
234 720 205
720 477 110
477 396 102
396 369 109
369 360 103
360 378 108
378 135 103
135 621 103
621 378 101
378 297 110
297 459 101
459 216 104
216 702 106
702 459 102
459 378 106
378 351 105
351 405 101
405 162 108
162 648 109
648 405 106
405 324 102
324 486 105
486 243 108
243 729 102
729 486 109
486 405 108
405 378 103
378 369 101
369 366 204
366 365 210
365 368 110
368 367 108
367 369 109
369 368 103
368 377 102
377 350 202
350 404 209
404 161 110
161 647 109
647 404 104
404 323 210
323 485 202
485 242 107
242 728 109
728 485 109
485 404 110
404 377 106
377 371 103
371 372 102
372 370 202
370 361 203
361 388 101
388 145 108
145 631 109
631 388 105
388 307 110
307 469 109
469 226 104
226 712 103
712 469 105
469 388 110
388 334 106
334 415 207
415 406 210
406 407 105
407 408 105
408 406 102
406 409 109
409 410 110
410 407 102
407 413 106
413 410 105
410 411 104
411 408 108
408 414 101
414 411 104
411 409 102
409 412 109
412 406 103
406 424 110
424 415 202
415 416 206
416 407 102
407 425 105
425 416 105
416 417 103
417 408 109
408 426 105
426 417 107
417 415 206
415 418 204
418 409 101
409 427 102
427 418 104
418 419 108
419 410 109
410 428 104
428 419 110
419 416 109
416 422 101
422 413 108
413 412 110
412 414 108
414 413 110
413 431 210
431 422 205
422 419 109
419 420 103
420 411 105
411 429 110
429 420 108
420 417 101
417 423 109
423 414 103
414 432 108
432 423 101
423 420 109
420 418 101
418 421 104
421 412 102
412 430 107
430 421 103
421 415 206
415 442 208
442 433 104
433 406 109
406 460 102
460 433 106
433 434 104
434 407 108
407 461 108
461 434 109
434 435 103
435 408 104
408 462 105
462 435 103
435 433 101
433 436 110
436 409 108
409 463 108
463 436 105
436 437 108
437 410 110
410 464 109
464 437 110
437 434 106
434 440 202
440 413 206
413 467 105
467 440 207
440 437 206
437 438 109
438 411 101
411 465 103
465 438 108
438 435 105
435 441 204
441 414 205
414 468 108
468 441 206
441 438 203
438 436 104
436 439 210
439 412 205
412 466 102
466 439 203
439 433 210
433 451 107
451 424 107
424 425 109
425 426 110
426 424 107
424 427 103
427 428 107
428 425 102
425 431 210
431 428 208
428 429 110
429 426 101
426 432 106
432 429 104
429 427 105
427 430 105
430 424 109
424 478 110
478 451 103
451 442 103
442 443 103
443 416 101
416 470 102
470 443 102
443 434 103
434 452 108
452 371 104
371 374 103
374 373 101
373 370 208
370 376 209
376 373 108
373 375 204
375 372 202
372 378 110
378 375 204
375 374 210
374 377 104
377 376 107
376 378 106
378 377 104
377 458 107
458 431 205
431 430 203
430 432 109
432 431 210
431 485 205
485 458 110
458 440 206
440 439 307
439 448 210
448 421 109
421 422 102
422 423 101
423 421 103
421 475 104
475 448 110
448 442 106
442 444 110
444 417 108
417 471 108
471 444 103
444 435 103
435 453 106
453 426 110
426 480 210
480 453 210
453 444 109
444 443 103
443 446 105
446 419 104
419 473 207
473 446 204
446 437 109
437 455 106
455 428 109
428 482 102
482 455 109
455 446 105
446 445 105
445 418 104
418 472 110
472 445 103
445 436 107
436 454 101
454 427 102
427 481 106
481 454 110
454 445 102
445 442 107
442 469 107
469 415 202
469 460 106
460 461 102
461 462 106
462 460 104
460 463 110
463 464 103
464 461 110
461 467 102
467 464 106
464 465 102
465 462 102
462 468 103
468 465 102
465 463 109
463 466 105
466 460 106
460 478 103
478 469 108
469 470 106
470 461 105
461 479 109
479 425 110
425 452 106
452 443 103
443 449 106
449 422 106
422 476 108
476 449 104
449 440 202
440 441 304
441 450 207
450 423 109
423 477 109
477 450 104
450 444 110
444 447 106
447 420 102
420 474 101
474 447 101
447 438 108
438 456 107
456 429 105
429 483 103
483 456 105
456 447 103
447 445 105
445 448 105
448 449 109
449 446 107
446 447 105
447 450 108
450 448 108
448 457 105
457 430 107
430 484 106
484 457 105
457 439 203
457 451 103
451 452 107
452 453 105
453 451 104
451 454 109
454 455 109
455 452 110
452 458 104
458 449 108
449 450 101
450 459 107
459 432 109
432 486 102
486 459 109
459 441 203
459 453 104
453 456 101
456 454 106
454 457 110
457 458 102
458 455 103
455 456 105
456 459 110
459 457 105
459 458 103
458 701 105
701 215 210
701 539 107
539 533 105
533 532 108
532 534 107
534 533 105
533 536 104
536 535 106
535 532 110
532 538 104
538 535 106
535 537 106
537 534 109
534 540 201
540 537 207
537 536 109
536 539 110
539 538 110
538 540 205
540 539 207
539 620 107
620 593 108
593 587 108
587 586 107
586 505 102
505 667 104
667 586 110
586 568 107
568 622 102
622 541 103
541 542 106
542 543 104
543 541 108
541 544 103
544 545 107
545 542 106
542 548 108
548 545 102
545 546 107
546 543 103
543 549 108
549 546 104
546 544 108
544 547 101
547 541 105
541 550 106
550 551 110
551 542 108
542 560 105
560 551 103
551 552 203
552 543 202
543 561 102
561 552 210
552 550 210
550 553 206
553 544 206
544 562 106
562 553 207
553 554 209
554 545 103
545 563 106
563 554 110
554 551 101
551 557 108
557 548 101
548 547 104
547 549 102
549 548 109
548 566 103
566 557 108
557 554 101
554 555 103
555 546 101
546 564 105
564 555 107
555 552 208
552 558 206
558 549 106
549 567 107
567 558 103
558 555 109
555 553 208
553 556 207
556 547 104
547 565 109
565 556 110
556 550 106
550 559 108
559 541 110
541 703 103
703 622 107
622 595 204
595 596 203
596 515 101
515 677 102
677 596 110
596 569 107
569 623 105
623 542 106
542 704 206
704 623 203
623 596 105
596 597 101
597 516 104
516 678 106
678 597 103
597 595 203
595 598 202
598 517 102
517 679 101
679 598 101
598 571 108
571 625 109
625 544 101
544 706 102
706 625 108
625 598 106
598 599 105
599 518 208
518 680 202
680 599 106
599 572 107
572 626 106
626 545 103
545 707 110
707 626 104
626 599 108
599 596 110
596 602 101
602 521 105
521 683 110
683 602 103
602 575 104
575 629 104
629 548 110
548 710 101
710 629 107
629 602 105
602 599 105
599 600 105
600 519 104
519 681 107
681 600 110
600 573 101
573 627 109
627 546 108
546 708 101
708 627 110
627 600 104
600 597 102
597 603 110
603 522 102
522 684 104
684 603 102
603 576 108
576 630 201
630 549 205
549 711 107
711 630 203
630 603 202
603 600 109
600 598 110
598 601 101
601 520 103
520 682 108
682 601 108
601 574 107
574 628 107
628 547 103
547 709 109
709 628 105
628 601 105
601 595 210
595 604 202
604 523 107
523 685 110
685 604 105
604 577 108
577 586 110
586 588 109
588 587 101
587 590 101
590 589 107
589 586 103
586 592 108
592 589 101
589 591 110
591 588 105
588 594 108
594 591 109
591 590 110
590 593 102
593 592 108
592 594 104
594 593 108
593 647 103
647 566 101
566 560 105
560 559 109
559 561 109
561 560 102
560 563 102
563 562 103
562 559 103
559 565 103
565 562 109
562 564 103
564 561 105
561 567 107
567 564 110
564 563 101
563 566 106
566 565 107
565 567 106
567 566 104
566 728 105
728 647 109
647 620 108
620 602 101
602 601 105
601 603 105
603 602 108
602 611 203
611 530 210
530 529 108
529 531 104
531 530 109
530 692 103
692 611 206
611 584 203
584 583 110
583 585 104
585 584 108
584 638 203
638 557 205
557 556 105
556 558 105
558 557 101
557 719 107
719 638 205
638 611 307
611 605 203
605 524 101
524 686 105
686 605 104
605 578 109
578 632 109
632 551 106
551 713 105
713 632 107
632 605 104
605 596 103
596 614 102
614 533 110
533 695 104
695 209 204
695 452 101
452 479 108
479 470 107
470 471 105
471 462 110
462 480 209
480 471 207
471 469 110
469 472 103
472 463 101
463 481 108
481 472 105
472 473 204
473 464 201
464 482 108
482 473 204
473 470 206
470 476 108
476 467 108
467 466 102
466 468 106
468 467 101
467 485 108
485 476 108
476 473 204
473 474 204
474 465 103
465 483 102
483 474 107
474 471 103
471 477 105
477 468 108
468 486 110
486 477 107
477 474 106
474 472 101
472 475 102
475 466 108
466 484 105
484 475 110
475 469 109
475 476 108
476 477 107
477 475 110
484 478 110
478 479 101
479 480 209
480 478 206
478 481 103
481 482 108
482 479 102
479 485 110
485 482 101
482 483 109
483 480 203
480 486 205
486 483 101
483 481 104
481 484 103
484 485 102
485 486 110
486 484 110
695 614 106
614 587 110
587 641 106
641 560 101
560 722 105
722 641 109
641 614 108
614 605 110
605 604 102
604 606 103
606 525 104
525 687 205
687 606 205
606 579 209
579 633 201
633 552 209
552 714 204
714 633 101
633 606 109
606 597 108
597 615 106
615 534 109
534 696 103
696 615 102
615 588 107
588 642 103
642 561 107
561 723 105
723 642 105
642 615 108
615 606 104
606 605 103
605 608 108
608 527 104
527 689 101
689 608 109
608 581 109
581 635 104
635 554 104
554 716 102
716 635 106
635 608 110
608 599 110
599 617 101
617 536 106
536 698 102
698 617 109
617 590 101
590 644 203
644 563 205
563 725 104
725 644 210
644 617 206
617 608 106
608 607 109
607 526 204
526 688 304
688 607 206
607 580 201
580 634 303
634 553 305
553 715 203
715 634 203
634 607 204
607 598 101
598 616 102
616 535 103
535 697 101
697 616 102
616 589 105
589 643 110
643 562 101
562 724 105
724 643 103
643 616 102
616 607 107
607 604 101
604 610 103
610 529 107
529 691 101
691 610 108
610 583 105
583 637 104
637 556 105
556 718 101
718 637 102
637 610 107
610 601 108
601 619 108
619 538 107
538 700 107
700 619 105
619 592 105
592 646 104
646 565 103
565 727 205
727 646 202
646 619 109
619 610 108
610 607 110
607 609 110
609 528 102
528 690 109
690 609 110
609 582 106
582 636 102
636 555 101
555 717 109
717 636 110
636 609 102
609 600 101
600 618 108
618 537 105
537 699 102
699 618 103
618 591 102
591 645 108
645 564 108
564 726 103
726 645 110
645 618 110
618 609 110
609 606 103
606 612 108
612 531 107
531 693 101
693 612 109
612 585 103
585 639 106
639 558 109
558 720 101
720 639 103
639 612 101
612 603 105
603 621 104
621 540 201
540 702 206
702 621 110
621 594 108
594 648 102
648 567 104
567 729 104
729 648 105
648 621 110
621 612 108
612 609 104
609 608 103
608 611 210
611 610 206
610 612 102
612 611 203
611 620 208
620 614 102
614 613 210
613 532 202
532 694 110
694 613 206
613 586 203
586 640 102
640 559 107
559 721 105
721 640 105
640 613 207
613 595 302
613 604 210
604 631 108
631 550 108
550 712 106
712 631 106
631 577 101
577 658 207
658 649 206
649 650 105
650 651 101
651 489 102
651 570 102
570 624 110
624 543 102
543 705 104
705 624 106
624 597 108
624 622 106
622 623 105
623 624 104
624 627 102
627 625 104
625 622 108
622 628 108
628 625 102
625 626 110
626 623 105
623 629 110
629 626 102
626 627 108
627 630 203
630 624 208
624 633 103
633 631 108
631 622 109
622 640 102
640 631 102
631 632 102
632 623 104
623 641 105
641 632 101
632 633 106
633 636 102
636 627 103
627 645 107
645 636 109
636 634 203
634 625 203
625 643 103
643 634 209
634 631 210
631 637 106
637 628 108
628 629 109
629 630 208
630 628 205
628 646 107
646 637 105
637 634 210
634 635 206
635 626 101
626 644 209
644 635 206
635 632 109
632 638 207
638 629 202
629 647 106
647 638 206
638 635 203
635 636 107
636 639 108
639 630 201
630 648 208
648 639 104
639 633 108
633 642 109
642 624 102
642 640 105
640 641 106
641 642 101
642 645 106
645 643 103
643 640 110
640 646 109
646 643 107
643 644 201
644 641 204
641 647 109
647 644 204
644 645 205
645 648 109
648 642 107
648 646 109
646 647 109
647 648 108
639 637 110
637 638 204
638 639 203
705 651 106
651 649 108
649 652 102
652 653 102
653 650 103
650 656 204
656 653 206
653 654 208
654 651 210
651 657 109
657 654 205
654 652 203
652 655 110
655 649 104
649 667 107
667 658 205
658 659 205
659 650 102
650 668 105
668 659 102
659 660 105
660 651 108
651 669 109
669 660 107
660 658 210
658 661 202
661 652 102
652 670 105
670 661 104
661 662 101
662 653 102
653 671 110
671 662 102
662 659 103
659 665 109
665 656 204
656 655 207
655 657 108
657 656 203
656 674 209
674 665 102
665 662 109
662 663 201
663 654 303
654 672 306
672 669 204
669 667 101
667 668 107
668 669 105
669 675 107
675 657 104
657 666 104
666 660 108
660 663 208
663 661 206
661 664 107
664 655 102
655 673 107
673 664 108
664 658 209
658 685 207
685 676 105
676 649 106
649 703 110
703 676 104
676 677 110
677 650 105
650 704 203
704 677 210
677 678 106
678 651 105
678 676 105
676 679 103
679 652 109
652 706 102
706 679 106
679 680 101
680 653 105
653 707 109
707 680 101
680 677 105
677 683 110
683 656 208
656 710 209
710 683 105
683 680 102
680 681 101
681 654 207
654 708 201
708 681 107
681 678 105
678 684 105
684 657 106
657 711 109
711 684 106
684 681 102
681 679 101
679 682 110
682 655 108
655 709 109
709 682 102
682 676 106
676 694 110
694 667 108
667 670 102
670 671 105
671 668 105
668 674 106
674 671 102
671 672 207
672 670 205
670 673 104
673 667 103
667 721 106
721 694 106
694 685 104
685 686 107
686 659 101
659 713 101
713 686 105
686 677 105
677 695 110
695 668 104
668 722 109
722 695 110
695 686 109
686 687 202
687 660 202
660 714 105
714 687 210
687 678 207
678 696 104
696 669 104
669 723 109
723 696 105
696 687 207
687 685 206
685 688 210
688 661 205
661 715 101
715 688 203
688 679 210
679 697 109
697 670 105
670 724 103
724 697 105
697 688 203
688 689 202
689 662 107
662 716 107
716 689 110
689 680 108
680 698 101
698 671 108
671 725 102
725 698 105
698 689 107
689 686 106
686 692 108
692 665 102
665 664 105
664 666 109
666 663 206
663 690 202
690 681 104
681 699 101
699 672 206
672 675 202
675 666 106
666 665 105
665 719 105
719 692 107
692 683 106
683 682 108
682 684 101
684 683 101
683 701 105
701 620 109
620 617 101
617 614 103
614 615 104
615 613 205
613 616 204
616 617 108
617 618 102
618 615 108
615 621 103
621 618 107
618 616 108
616 619 106
619 613 204
619 620 106
620 621 103
621 619 107
701 674 106
674 673 108
673 675 106
675 674 107
674 728 107
728 701 103
701 692 106
692 689 105
689 690 109
690 687 206
687 693 208
693 666 110
666 720 101
720 693 107
693 684 107
684 702 104
702 675 108
675 729 107
729 702 103
702 693 104
693 690 107
690 688 205
688 691 208
691 664 105
664 718 102
718 691 102
691 682 105
682 700 107
700 673 107
673 727 201
727 700 207
700 691 105
691 685 110
685 712 106
712 658 209
712 703 108
703 704 209
704 705 210
705 678 102
705 703 102
703 706 101
706 707 108
707 704 208
704 710 206
710 707 107
707 708 106
708 705 110
705 711 101
711 708 105
708 706 103
706 709 101
709 703 104
703 721 109
721 712 104
712 713 103
713 704 205
704 722 208
722 713 110
713 714 109
714 705 104
705 723 103
723 714 104
714 712 109
712 715 101
715 706 107
706 724 108
724 715 102
715 716 105
716 707 106
707 725 101
725 716 108
716 713 104
713 719 104
719 710 103
710 709 105
709 711 108
711 710 105
710 728 110
728 719 105
719 716 102
716 717 101
717 663 209
717 690 110
690 699 108
699 696 108
696 694 107
694 695 109
695 696 104
696 702 105
702 699 101
699 697 108
697 694 107
694 700 103
700 697 104
697 698 109
698 695 101
695 701 102
701 698 102
698 699 110
699 726 103
726 672 205
726 708 110
708 717 109
717 714 110
714 720 107
720 711 103
711 729 105
729 720 105
720 717 105
717 715 103
715 718 107
718 709 105
709 727 204
727 718 205
718 712 101
718 719 108
719 720 107
720 718 107
727 721 206
721 722 106
722 723 101
723 721 103
721 724 105
724 725 107
725 722 106
722 728 108
728 725 106
725 726 104
726 717 104
726 723 105
723 729 105
729 726 101
726 724 104
724 727 204
727 728 206
728 729 103
729 727 209
701 700 110
700 702 110
702 701 101
691 692 107
692 693 103
693 691 110
388 379 105
379 397 102
397 388 107
388 389 104
389 380 109
380 386 101
386 385 103
385 387 110
387 386 110
386 395 106
395 389 103
389 390 106
390 381 108
381 399 207
399 390 205
390 388 102
388 391 105
391 382 104
382 400 209
400 391 204
391 392 106
392 383 107
383 401 108
401 392 110
392 389 107
389 398 104
398 380 108
398 397 109
397 399 206
399 398 210
398 401 104
401 400 202
400 397 202
397 403 102
403 385 103
385 394 208
394 388 201
394 391 208
391 393 105
393 384 110
384 402 107
402 393 106
393 390 102
390 396 105
396 387 105
387 405 104
405 396 101
396 393 106
393 392 105
392 395 102
395 394 210
394 396 206
396 395 109
395 404 103
404 386 110
404 398 107
404 401 104
401 402 109
402 399 207
399 405 201
405 402 104
402 400 203
400 403 205
403 394 204
403 404 105
404 405 109
405 403 108

REQUESTS

BLOCKAGES
125 98
104 590
2 8
587 590
119 125
7 61
261 258
76 562
376 378
60 78
611 620
501 499
631 632
318 291
608 607
288 45
6 4
599 572
193 194
476 467
243 162
174 172
513 504
614 533
223 709
375 348
220 193
597 595
89 90
709 703
407 408
329 332
302 311
42 204
613 616
186 105
209 210
718 475
220 222
595 568
694 667
620 593
686 677
64 70
291 289
443 200
610 367
30 516
434 191
361 118
431 188
428 185
284 285
497 659
548 547
112 85
69 555
531 522
311 310
103 100
215 212
707 708
84 570
97 16
649 652
315 477
163 166
354 273
255 253
225 222
595 109
147 138
711 684
401 320
333 252
345 351
229 148
60 33
212 185
163 172
254 245
256 13
433 406
545 707
702 701
237 243
316 322
598 517
50 53
12 66
397 316
482 239
176 173
168 654
60 222
324 81
572 329
158 77
362 353
443 434
519 522
82 136
394 388
549 548
510 267
232 718
444 447
528 526
355 328
119 110
255 261
532 534
253 415
387 384
328 247
509 671
74 560
662 659
256 259
216 702
540 531
631 577
392 389
645 643
417 423
48 210
283 286
500 554
60 57
624 597
579 588
129 102
482 483
535 537
28 34
31 4
353 110
380 386
115 133
406 325
643 640
586 588
459 216
547 304
185 184
487 488
54 540
95 86
716 713
12 21
307 313
602 599
116 35
592 646
124 126
20 74
301 274
107 26
263 266
258 255
555 553
240 159
656 655
541 514
650 569
654 411
360 117
30 39
482 473
442 361
260 251
386 395
287 260
387 306
202 203
605 578
385 382
432 431
334 340
368 287
127 133
597 111
104 103
81 78
28 29
678 696
437 356
309 308
270 324
648 567
727 721
676 679
453 372
281 443
575 576
727 700
526 499
482 401
20 21
586 568
228 227
596 569
474 393
297 296
680 599
340 97
65 68
585 584
557 556
268 270
637 628
149 122
717 636
540 297
274 436
550 307
670 589
627 630
551 552
11 12
264 21
517 518
641 642
116 134
29 30
61 34
161 155
141 114
102 84
717 715
450 423
294 267
77 68
123 609
192 210
382 139
59 58
659 578
471 390
722 728
614 371
414 468
46 48
568 622
140 113
227 218
685 688
608 365
386 143
328 346
101 587
661 664
405 162
600 519
481 400
22 13
98 95
95 96
629 626
462 435
459 432
294 292
458 440
576 333
463 382
86 87
654 573
379 136
342 340
617 374
405 378
222 195
726 724
413 410
170 224
160 157
12 498
578 632
261 252
66 57
127 100
374 373
491 545
373 364
603 576
602 601
159 132
163 217
510 564
280 442
62 224
197 194
106 160
248 410
99 585
413 170
112 113
128 119
628 601
292 265
720 693
334 336
664 655
204 177
389 362
531 693
118 119
713 632
588 587
705 624
687 660
180 666
242 233
512 506
607 526
478 469
364 361
466 460
230 203
339 258
201 207
351 270
662 663
356 355
561 567
421 178
472 475
685 686
664 583
538 540
722 695
498 501
562 559
640 559
668 674
74 56
706 625
253 262
263 254
216 213
353 359
565 567
587 578
386 385
502 556
395 394
300 318
297 288
641 398
442 444
683 701
619 610
556 558
514 520
421 340
418 175
676 649
699 726
3 1
238 235
182 236
509 500
571 568
590 509
507 513
646 647
34 7
587 344
168 87
455 446
571 589
673 664
20 506
615 621
336 93
490 508
565 322
363 120
437 438
75 66
300 57
11 173
314 287
377 350
367 286
235 208
39 48
622 640
380 137
726 672
549 546
143 161
120 118
234 225
16 17
660 714
201 174
604 523
79 565
187 184
507 506
78 240
424 427
80 71
452 290
34 35
725 726
447 445
371 128
302 59
494 512
667 424
148 145
590 581
469 470
637 556
22 184
628 625
672 669
658 659
402 159
344 101
77 563
513 567
584 638
24 15
272 434
127 613
372 345
227 713
248 249
52 214
135 134
115 88
522 279
330 87
308 281
524 497
484 478
194 167
253 256
611 530
248 245
296 53
660 651
716 707
133 135
556 547
648 642
101 100
452 371
36 522
257 14
260 259
249 267
245 2
329 383
408 462
675 432
404 323
33 6
702 675
578 579
480 471
118 604
660 658
157 130
65 227
78 564
509 563
226 199
627 625
296 458
705 711
457 458
656 575
17 18
399 398
177 168
197 215
306 303
80 242
213 210
102 108
67 40
460 461
684 702
606 363
153 144
279 276
442 443
678 435
366 123
195 192
425 416
156 147
530 529
466 439
554 527
688 679
464 465
409 166
404 398
130 121
76 78
100 102
206 197
545 546
165 219
1 7
536 539
204 690
444 363
369 126
487 489
723 696
213 211
308 314
641 560
355 357
380 326
612 611
580 581
266 320
359 332
392 311
546 708
653 572
401 158
322 313
358 115
302 299
235 241
511 268
170 167
421 412
696 669
238 724
417 471
267 429
65 551
27 189
648 405
348 345
352 354
225 144
250 412
310 312
548 566
682 684
688 607
279 252
623 380
128 614
605 362
634 607
530 521
589 346
252 9
387 144
160 646
132 618
470 443
521 518
503 494
478 481
56 542
92 146
396 153
67 229
380 379
317 320
192 198
690 699
68 59
615 534
271 28
466 484
25 79
683 440
544 517
592 594
517 490
150 147
313 310
426 417
705 651
515 488
308 299
642 615
325 82
479 480
315 306
469 460
246 244
403 376
394 367
184 238
711 468
579 582
97 151
278 277
234 207
637 638
134 53
333 332
492 490
171 657
301 58
434 407
664 421
495 493
562 553
602 575
687 606
606 612
315 288
259 261
520 682
423 414
18 504
708 717
230 149
136 142
387 386
165 183
265 262
292 49
534 516
651 649
151 148
697 688
508 562
15 501
716 635
569 575
137 155
667 586
445 418
677 695
274 277
616 535
626 623
597 615
359 116
180 179
64 550
375 374
313 304
506 505
247 265
546 544
697 454
474 447
554 555
594 513
346 265
229 715
718 637
55 541
54 216
710 707
598 355
674 671
539 538
462 468
668 669
418 472
287 284
195 114
173 174
723 642
549 306
235 226
263 317
714 471
650 651
643 644
245 407
589 643
425 431
453 210
368 367
377 376
623 624
320 293
214 700
525 498
729 720
474 231
319 310
31 193
599 518
338 339
46 19
425 344
719 638
589 580
705 723
562 564
200 206
412 406
272 273
345 102
87 85
700 691
4 5
241 214
150 69
698 617
224 197
318 480
160 151
282 288
330 348
203 200
707 626
100 106
484 241
566 539
61 547
417 174
530 692
333 90
17 179
364 337
673 592
369 368
298 300
488 542
66 65
527 689
443 449
503 504
307 309
291 297
178 232
541 298
254 416
277 439
303 276
619 613
716 689
140 149
322 295
109 112
45 44
50 212
586 505
136 622
651 669
69 68
135 132
412 169
125 116
614 615
699 672
450 444
725 716
176 230
172 658
656 413
24 21
170 169
501 504
42 33
248 266
367 124
224 223
631 550
282 273
236 155
309 471
44 206
129 135
281 38
322 319
430 349
467 386
22 76
83 101
528 531
703 706
618 616
695 209
300 462
505 262
358 355
146 145
604 606
112 598
415 172
586 640
305 467
707 680
415 406
318 75
132 105
45 36
603 522
94 85
399 318
180 234
624 381
31 28
246 252
41 42
137 623
698 699
157 643
641 632
561 723
228 147
717 690
200 173
434 440
415 416
85 103
66 39
447 438
165 84
573 591
290 371
55 61
717 474
134 620
562 319
15 13
110 109
320 482
31 517
609 606
449 206
74 236
8 62
183 237
161 647
3 30
76 73
659 416
316 289
598 616
5 491
401 402
122 119
9 63
248 5
269 260
225 224
268 430
199 200
528 690
547 709
713 470
529 502
670 724
706 707
19 73
552 525
619 538
633 606
679 680
544 562
511 502
659 660
4 490
447 420
320 323
246 3
335 336
544 547
721 722
166 184
223 142
88 7
381 399
671 428
537 294
629 602
206 125
296 293
340 337
690 447
722 641
329 326
729 727
480 453
265 427
101 155
646 403
640 641
531 288
443 362
303 60
331 349
622 541
251 248
644 635
151 124
13 14
528 501
535 532
523 496
305 62
141 140
385 358
492 495
211 130
174 165
637 634
471 477
529 691
515 516
61 79
288 450
659 650
33 51
105 24
205 199
507 264
15 18
1 19
298 304
176 167
450 369
74 73
370 361
522 540
52 43
374 293
162 160
364 283
340 341
153 639
220 706
114 33
38 200
212 698
47 38
706 709
108 162
506 497
341 335
36 9
386 332
251 250
456 213
644 641
419 420
292 289
675 594
436 409
216 214
519 517
486 243
725 698
186 183
196 682
12 174
419 176
366 357
351 405
55 217
665 719
720 711
109 82
190 163
196 198
718 712
392 395
429 427
276 33
270 269
612 369
444 417
120 39
547 541
128 129
402 399
658 649
559 565
247 248
278 275
487 244
337 94
45 18
462 480
423 420
695 668
314 305
428 425
394 313
687 444
472 445
502 259
438 435
700 457
430 421
692 689
184 186
586 592
527 518
309 66
350 344
275 32
269 431
581 500
176 662
144 63
617 608
675 657
400 157
263 262
502 664
56 218
498 255
276 273
647 648
79 70
653 650
593 587
18 9
49 535
252 414
681 600
293 50
344 343
284 281
428 429
496 550
25 26
105 159
325 334
668 722
512 566
305 304
84 82
506 560
521 539
299 272
11 65
722 713
336 327
661 580
102 588
31 49
467 466
165 651
80 79
79 76
499 496
272 245
563 725
15 177
608 611
6 24
245 246
310 67
495 657
170 656
99 153
358 277
373 130
713 714
283 256
719 692
483 240
231 150
203 689
525 534
233 232
571 625
431 422
10 496
599 617
387 360
383 382
46 208
391 393
182 173
631 388
509 512
362 371
11 17
661 418
635 392
262 19
465 483
597 516
393 150
105 102
548 305
359 368
131 122
115 601
358 331
5 6
724 643
218 217
507 489
135 108
446 445
518 275
584 583
338 257
446 203
335 334
535 292
514 676
81 80
698 671
277 279
292 293
605 608
262 264
390 363
644 401
420 418
182 101
573 576
339 393
475 394
651 570
351 349
481 472
374 365
191 677
544 545
71 70
82 100
582 636
617 590
166 169
574 493
666 585
588 570
213 204
62 548
709 711
539 296
270 432
729 726
314 313
401 392
384 383
316 478
181 187
413 431
635 626
368 377
294 291
636 634
410 329
727 728
209 128
197 196
452 458
238 211
684 681
479 485
154 73
214 133
382 384
258 420
669 675
203 122
148 150
91 577
414 333
540 539
470 461
567 566
516 543
171 170
171 168
412 430
370 352
23 185
521 494
313 70
350 351
613 370
679 697
474 472
558 315
382 379
120 606
72 234
472 229
211 184
200 201
648 646
285 447
275 248
480 486
608 581
224 143
127 109
203 194
522 684
719 716
317 308
505 507
476 233
438 436
191 197
455 456
25 19
665 422
198 171
543 561
239 725
653 654
455 452
642 640
553 554
464 461
527 528
634 391
382 301
692 693
585 576
2 56
357 356
122 41
56 65
629 386
275 276
184 175
544 706
411 330
701 539
176 95
334 253
92 98
357 375
162 135
459 457
634 625
456 429
244 245
498 507
4 166
22 25
195 193
220 238
697 694
300 299
446 437
14 15
544 301
353 272
144 141
453 456
595 514
681 679
603 621
514 487
545 302
412 414
70 72
365 362
572 569
433 436
546 519
508 265
675 666
356 275
359 377
712 703
51 24
522 516
560 559
469 388
388 379
599 596
44 35
78 75
242 236
317 316
452 479
61 62
717 663
458 701
410 411
491 492
622 595
190 193
94 580
223 225
224 710
535 526
193 211
688 661
581 572
533 695
578 497
626 627
616 617
179 233
385 387
63 61
184 103
487 649
640 631
13 10
6 168
392 365
152 125
200 191
38 44
148 121
498 496
491 248
172 226
57 219
564 726
703 460
716 717
530 287
139 157
71 557
296 269
110 128
478 397
593 512
403 394
604 610
273 291
642 399
580 577
539 620
237 236
21 183
718 719
327 325
576 495
397 399
346 103
178 172
475 466
486 405
273 435
129 48
571 328
620 621
541 550
1 55
547 565
194 212
97 583
463 220
624 633
272 290
637 610
245 251
542 704
161 80
452 443
87 6
177 663
700 702
201 192
39 525
397 403
308 65
679 436
322 484
541 544
506 668
226 145
52 25
628 385
179 178
295 52
406 409
264 318
457 376
250 304
320 77
59 77
396 395
669 588
141 138
536 535
453 426
680 437
376 133
498 552
331 333
23 509
270 267
267 24
237 156
403 160
316 73
501 555
289 290
158 161
121 124
320 319
662 716
303 302
579 633
533 506
336 339
690 681
430 432
481 238
103 589
198 195
400 397
243 729
654 652
559 532
167 221
293 294
86 140
627 600
633 390
676 433
657 656
92 11
667 658
424 478
83 2
621 618
260 257
342 351
537 536
451 208
471 462
727 484
93 91
330 329
708 681
167 653
721 724
681 438
202 688
677 650
589 586
384 141
528 519
239 212
9 171
439 448
48 30
485 404
578 335
51 213
104 95
341 260
384 357
509 508
322 79
716 473
236 239
599 600
627 645
676 694
275 437
297 294
689 680
55 57
346 348
13 175
728 647
268 259
304 277
729 648
601 595
130 127
208 127
682 700
727 718
46 532
327 84
692 611
551 524
312 69
712 658
349 350
273 271
199 202
58 55
325 326
612 585
202 193
440 359
192 678
640 646
448 367
416 470
337 328
274 31
18 12
664 666
85 571
377 134
435 192
95 92
356 113
219 138
49 51
314 71
617 618
91 82
577 496
611 368
466 223
690 609
38 11
724 727
519 681
648 639
720 718
96 582
121 122
231 717
325 244
642 624
685 712
444 443
291 453
563 554
437 194
253 10
322 323
321 78
309 315
643 616
379 385
605 524
456 459
374 131
113 131
33 519
721 478
409 427
629 630
441 360
28 1
334 343
590 644
142 61
592 511
255 246
244 253
513 511
67 58
430 187
378 135
674 431
587 641
500 257
38 39
96 87
360 333
247 301
273 30
681 678
495 489
131 128
256 418
548 545
625 544
8 5
326 83
54 45
137 110
457 430
472 463
44 41
18 72
210 201
78 77
351 333
187 241
440 413
331 88
132 51
333 342
706 724
543 549
36 34
574 571
167 185
501 663
184 181
136 109
338 329
493 655
32 33
563 562
416 335
691 664
625 626
703 622
494 491
321 294
43 40
504 498
405 403
451 424
494 251
616 607
244 1
612 603
338 335
430 484
355 274
533 290
265 267
329 86
344 398
472 473
601 358
290 281
670 427
98 89
701 700
169 223
27 513
150 123
207 180
554 545
103 94
128 47
423 477
120 111
724 481
710 709
350 107
667 721
247 250
495 549
68 67
687 678
262 268
23 20
237 210
431 485
157 148
699 618
456 454
5 59
588 642
286 448
337 338
211 697
228 219
486 484
604 361
677 683
95 581
63 81
227 146
602 611
532 538
632 623
170 188
96 99
40 202
56 55
393 390
615 606
686 659
523 532
608 599
151 142
684 603
217 235
186 240
702 621
52 538
403 385
548 710
570 579
78 51
393 392
678 676
73 79
278 251
306 63
40 13
710 629
700 673
426 424
350 341
682 439
206 203
218 236
91 97
26 80
597 603
246 300
218 704
16 13
581 582
431 350
577 658
396 315
575 593
538 295
231 230
32 5
439 196
424 415
265 256
433 190
565 727
546 543
284 446
525 687
440 439
226 217
500 497
615 613
723 721
625 622
629 548
138 144
715 688
526 517
111 129
695 686
642 561
622 623
297 270
283 445
161 162
657 666
275 293
63 225
238 157
375 294
691 682
164 170
335 389
296 295
591 645
235 721
127 128
650 656
254 308
356 374
550 523
51 48
427 346
409 412
663 582
274 275
120 93
651 408
333 330
500 662
557 719
294 456
98 152
711 708
455 374
538 529
135 54
435 441
144 630
639 633
459 378
95 14
268 265
44 43
654 651
477 234
521 683
319 316
45 531
570 573
353 380
487 493
320 302
405 324
93 102
341 395
701 215
217 703
492 654
429 483
573 330
199 118
85 4
388 391
610 583
93 147
444 435
462 381
400 391
422 179
406 163
43 16
411 465
520 517
642 645
49 40
398 397
111 117
24 510
419 416
416 407
232 229
20 26
22 23
462 460
216 189
55 73
218 137
397 154
75 237
106 103
183 669
290 47
608 527
489 3
637 394
196 190
193 196
241 238
503 500
596 614
621 619
441 198
35 521
628 629
657 654
667 668
468 465
90 84
414 171
107 161
259 313
106 25
14 500
385 142
259 421
111 30
700 697
555 312
526 527
276 274
34 520
53 215
630 648
206 205
585 342
43 45
253 254
499 500
283 284
454 445
463 436
266 428
584 581
650 704
477 450
679 598
341 342
60 546
695 696
369 288
462 219
365 356
17 14
64 66
580 499
694 451
264 270
576 630
90 576
250 252
405 402
473 230
723 480
65 74
729 702
236 227
93 96
2 488
216 207
595 604
534 291
400 373
590 589
479 470
119 605
578 584
606 597
571 572
555 552
166 652
379 397
442 199
303 321
423 180
75 561
259 250
183 102
384 303
460 463
117 116
108 594
411 429
445 436
70 232
14 68
269 263
204 202
97 94
445 442
21 3
337 256
154 127
449 440
378 377
264 426
540 537
454 455
71 233
136 55
387 405
83 89
625 643
77 76
666 660
143 142
570 568
547 520
647 404
1 163
265 22
625 382
425 182
103 105
185 239
221 194
193 112
155 641
563 536
543 489
189 675
673 667
41 38
117 36
442 433
349 340
397 388
502 503
701 674
128 101
285 283
391 392
14 176
59 32
668 587
480 478
264 263
532 694
436 454
632 633
3 12
422 423
94 91
303 465
600 618
554 551
494 656
532 505
350 269
357 354
410 464
230 239
279 297
323 80
53 47
92 93
601 520
377 458
95 149
604 577
76 238
565 562
596 353
687 693
297 459
134 107
465 438
705 678
240 231
273 246
275 272
431 430
703 676
188 179
408 327
592 349
204 123
657 711
19 20
126 99
623 629
181 183
560 722
708 627
166 85
676 595
353 356
356 329
303 300
229 220
501 492
73 235
443 416
390 396
726 723
108 27
153 152
313 286
86 104
142 115
219 225
362 363
43 529
173 659
288 285
207 206
572 590
645 402
425 452
514 523
54 27
141 159
395 389
237 723
609 582
524 525
130 131
205 691
704 677
704 461
467 224
357 276
180 171
188 182
145 136
49 46
343 100
726 717
690 688
351 348
366 339
588 345
508 510
146 137
233 224
415 442
366 285
669 426
42 528
66 552
438 357
724 715
352 271
630 387
395 152
434 353
603 360
47 46
242 161
134 131
469 415
686 687
488 650
579 336
238 240
726 645
640 397
209 200
188 187
531 525
285 42
271 272
526 523
669 667
666 665
202 205
388 389
154 640
653 707
114 111
41 32
545 518
325 328
373 370
401 374
340 394
682 655
67 69
145 118
534 540
696 694
656 653
121 94
508 505
448 442
445 202
651 489
479 425
210 129
499 490
439 358
632 605
538 700
11 2
304 466
16 7
401 400
715 718
219 237
704 722
463 466
172 175
643 562
133 52
480 237
409 463
624 543
154 145
100 586
577 583
203 176
164 165
410 407
366 365
389 308
251 305
11 497
215 188
181 163
185 188
354 360
223 241
371 344
255 309
615 372
32 194
489 246
712 631
605 604
707 725
627 384
598 571
72 71
25 187
678 597
638 557
572 573
88 574
123 114
724 725
634 635
96 150
577 334
299 461
272 278
565 538
408 165
298 460
581 578
513 270
624 627
336 390
446 447
310 301
634 553
595 598
126 612
271 433
294 285
591 582
24 22
536 293
407 461
364 365
435 433
291 264
655 673
249 303
107 593
505 511
75 81
163 82
284 41
146 152
188 242
503 557
5 167
609 600
644 617
539 533
3 84
73 559
515 521
266 257
538 535
652 655
621 594
165 163
703 704
702 459
497 498
147 633
256 257
566 565
378 351
710 728
36 30
398 317
372 370
416 417
179 98
436 437
386 359
659 665
402 400
506 509
454 427
169 88
300 273
182 181
433 451
689 690
291 48
274 247
520 521
511 565
98 584
655 709
217 136
192 190
112 115
489 498
351 108
201 687
197 116
646 643
558 531
523 280
656 674
720 639
142 144
383 386
243 216
365 284
103 22
49 211
130 49
710 683
301 303
694 613
702 693
711 729
115 34
96 15
721 694
186 177
259 253
354 363
195 213
334 91
258 15
212 213
41 203
115 117
395 404
15 6
224 221
591 588
135 621
54 53
4 1
9 3
684 683
28 190
243 240
372 363
45 207
630 603
257 419
109 28
230 227
483 402
511 508
533 536
236 209
624 622
106 97
5 2
252 251
305 278
693 690
688 691
652 670
222 221
650 668
108 107
305 323
207 204
534 533
460 433
549 567
665 656
373 346
280 281
708 705
702 699
40 31
619 376
638 635
522 495
217 223
40 41
709 628
461 462
278 440
556 529
493 511
411 408
245 263
566 323
106 592
554 716
556 550
620 377
553 526
451 442
174 228
147 120
214 211
596 602
260 422
635 632
345 399
135 126
117 114
42 45
278 296
311 473
198 117
611 605
116 113
138 156
672 591
151 153
680 677
121 40
122 95
152 149
644 645
59 62
523 685
195 168
699 696
261 260
168 165
152 638
691 448
671 590
78 69
213 132
483 481
19 505
104 158
610 529
580 571
56 29
195 681
316 318
607 580
63 549
393 312
564 561
110 83
347 350
567 558
618 615
244 406
381 138
164 218
234 233
94 13
511 512
223 196
9 27
51 537
560 551
212 131
489 516
358 360
478 451
701 698
2 164
699 697
485 482
251 269
527 524
229 226
328 382
15 69
457 439
524 530
101 92
467 485
319 292
147 146
161 134
542 548
332 331
136 138
186 672
511 673
37 28
104 23
137 136
125 124
189 180
474 465
53 52
450 448
569 623
82 568
418 409
645 636
615 588
323 317
632 389
422 476
279 36
438 456
467 464
594 591
667 670
425 426
269 268
179 176
553 715
339 342
481 454
619 592
391 310
108 99
468 441
348 267
173 92
419 473
549 711
46 37
389 398
43 34
111 354
149 148
227 233
89 107
302 301
404 161
100 154
22 508
220 139
609 528
428 347
73 46
48 54
83 84
709 682
210 183
438 195
508 670
564 537
310 472
284 257
467 440
325 379
492 249
205 178
474 471
263 20
169 187
535 508
319 321
714 633
404 405
196 115
330 384
445 364
473 464
328 85
477 468
50 41
584 503
404 401
252 249
470 471
29 35
207 693
681 654
340 259
561 552
693 450
16 502
318 324
63 60
672 675
91 10
37 43
68 554
512 269
367 358
550 553
175 176
310 307
79 81
133 130
340 331
32 50
652 571
461 467
117 90
255 12
371 374
568 574
574 592
69 60
496 487
578 569
583 574
47 50
26 23
314 311
364 355
347 346
558 555
89 575
699 456
385 304
225 198
143 116
426 480
172 181
86 83
34 52
476 395
124 97
729 486
409 410
177 175
301 463
666 423
154 160
249 411
301 319
311 308
609 608
242 215
638 611
722 723
568 569
162 81
50 536
601 603
500 501
87 90
197 170
491 509
212 209
450 459
547 549
631 622
304 306
101 20
105 591
409 328
306 279
606 579
641 614
569 587
582 339
488 489
591 590
226 712
652 653
441 414
520 277
92 83
429 420
86 572
37 38
634 631
191 209
493 490
85 82
133 124
70 43
226 228
164 650
630 628
158 140
721 712
635 554
278 35
222 708
611 584
370 289
214 215
2 20
417 415
406 407
235 154
655 574
119 120
234 720
101 104
132 129
189 108
36 198
398 401
84 138
169 171
47 533
584 341
123 42
70 556
661 652
61 223
454 457
155 74
580 634
342 396
35 8
473 474
151 70
149 146
197 683
262 424
601 574
436 193
79 52
449 450
602 521
90 9
175 94
89 86
444 201
471 228
246 264
430 424
190 109
516 678
379 298
77 239
93 579
168 222
484 403
706 463
27 25
561 534
420 474
34 196
288 279
208 181
221 220
332 89
712 469
503 260
162 159
709 727
147 153
614 587
8 494
663 654
555 717
115 109
663 420
499 553
215 206
44 530
543 541
433 434
19 22
692 665
689 446
576 570
714 720
276 438
124 118
269 323
299 298
507 669
665 662
668 425
728 729
618 609
499 661
26 27
458 455
446 419
80 566
113 599
510 501
557 548
420 411
295 268
126 117
531 530
256 310
26 188
25 16
344 263
406 424
365 338
317 74
281 272
632 638
35 197
558 549
582 585
457 451
529 520
64 37
326 245
199 685
679 652
561 318
121 112
228 714
302 464
450 207
391 364
658 685
557 530
268 322
191 164
287 449
723 714
406 460
307 280
583 502
270 27
575 332
343 325
188 107
232 205
102 156
307 469
475 448
7 493
68 230
1 487
30 57
40 526
220 217
172 173
9 7
233 230
241 160
545 542
35 32
432 429
525 282
626 599
338 392
361 388
120 126
661 662
603 602
28 46
623 596
324 321
465 384
143 140
537 510
636 393
40 37
389 390
620 614
683 602
422 413
572 626
192 111
375 132
439 412
86 5
65 64
683 682
388 334
214 205
413 412
564 321
496 502
533 532
414 411
288 261
670 673
403 322
293 290
464 437
290 263
346 343
173 227
166 220
57 543
349 403
370 127
77 80
688 689
97 88
533 524
419 338
348 347
69 66
52 49
348 402
167 164
153 126
727 646
173 179
156 129
172 91
461 380
372 378
168 186
315 312
513 510
70 61
488 494
701 620
280 283
250 244
29 515
635 608
673 675
360 279
512 674
373 292
21 75
280 289
75 48
53 539
689 686
490 652
677 596
504 502
32 518
679 682
466 468
277 250
324 315
470 227
499 256
553 544
349 106
408 414
266 23
196 169
97 99
543 300
459 458
131 617
298 316
48 21
335 92
319 481
33 31
341 98
440 437
207 126
13 499
616 373
221 707
233 206
352 325
44 17
712 713
559 316
139 58
45 39
71 65
422 341
678 684
254 260
347 266
157 159
63 36
618 375
234 153
395 314
39 12
497 254
10 16
473 470
475 232
482 455
470 476
175 166
378 369
114 600
636 627
671 672
468 225
542 515
412 466
71 62
295 297
155 154
612 609
693 684
621 378
705 703
332 251
229 231
30 28
26 512
671 662
140 139
124 610
657 576
68 41
476 477
393 384
527 284
477 396
536 527
711 630
50 23
66 72
367 369
29 47
8 26
620 602
713 704
424 181
225 243
234 231
306 305
662 581
125 122
407 326
649 703
591 348
67 553
525 523
7 8
542 543
516 525
378 375
99 18
210 216
311 320
23 14
585 504
149 68
715 634
51 50
639 558
363 369
381 354
591 510
349 346
213 186
447 204
126 123
50 49
100 19
243 241
189 243
534 696
183 189
639 396
74 47
626 383
645 564
456 447
541 542
127 46
180 177
59 545
459 453
175 229
517 514
253 307
123 120
282 39
352 361
593 350
526 283
106 108
523 524
434 452
330 328
617 614
10 11
62 35
219 218
455 428
33 36
460 217
428 482
451 370
455 212
17 8
194 113
295 457
12 10
229 202
112 130
122 123
693 612
728 719
240 237
91 92
39 201
408 426
57 3
198 216
317 290
691 692
145 147
451 452
181 667
426 183
691 610
69 231
714 705
72 63
27 18
94 148
88 106
567 324
349 268
726 483
481 484
202 175
512 503
449 368
150 636
16 178
674 665
342 261
394 151
80 74
704 705
249 247
490 491
366 364
64 226
3 165
418 421
342 99
318 309
639 637
365 368
344 326
324 486
163 649
504 558
448 457
6 60
174 180
81 243
429 426
677 434
661 715
645 618
715 472
81 54
190 191
156 155
150 149
532 514
342 336
633 636
282 444
536 509
392 383
725 644
485 242
529 286
473 446
148 67
19 10
551 542
504 666
631 637
646 619
552 558
236 235
398 155
99 90
478 479
279 441
187 189
124 43
159 158
449 446
326 335
558 720
331 385
423 421
191 192
357 330
339 337
145 64
208 190
519 276
407 164
375 372
81 567
144 117
9 495
570 597
537 528
29 2
370 343
518 515
623 542
114 87
713 719
607 598
139 141
607 604
633 631
289 451
276 249
517 535
371 370
718 691
675 674
479 398
87 141
486 477
531 504
181 235
719 710
312 309
336 255
658 496
694 685
18 16
344 347
309 300
569 488
421 422
116 89
495 252
309 282
249 246
352 595
559 721
308 307
209 452
153 150
239 221
137 143
186 185
47 20
267 266
113 110
299 305
449 422
113 114
610 607
464 221
495 513
496 497
697 616
138 57
255 417
315 314
331 250
354 353
383 356
583 585
493 250
550 712
461 218
287 278
514 271
536 698
698 455
190 676
368 125
448 449
354 372
257 248
58 60
367 364
271 274
177 174
477 474
686 692
293 266
299 317
546 564
497 488
221 218
537 699
239 242
596 515
556 313
609 366
257 311
142 628
112 31
345 327
306 468
580 337
82 1
114 132
670 671
152 71
169 655
143 629
286 277
148 139
201 199
149 635
27 24
361 362
616 589
372 129
594 585
692 449
335 254
361 367
178 169
559 541
297 54
118 121
415 418
569 570
215 134
144 143
593 592
695 701
435 408
481 482
660 417
327 330
89 143
283 274
289 271
258 249
343 345
655 657
371 353
432 486
468 467
636 555
155 146
281 282
728 725
187 178
8 170
647 566
573 492
568 577
7 25
174 93
56 59
573 627

TERMINALS
3
14
17
30
43
62
73
78
101
106
108
109
111
112
114
123
143
146
165
166
172
209
212
215
220
234
261
264
265
281
292
298
303
323
326
329
332
350
366
370
375
394
399
400
415
431
439
440
441
473
480
493
506
518
526
540
552
553
579
580
595
611
613
630
634
638
644
654
656
658
663
672
687
688
704
727

END
