INSTANCE_NAME cc6-3u.dat
NB_VERTICES 729
NB_ARCS 4368
NB_REQUESTS 0
NB_BLOCKAGES 3276
NB_TERMINALS 76

VERTICES
1 0 0
2 0 0
3 0 0
4 0 0
5 0 0
6 0 0
7 0 0
8 0 0
9 0 0
10 0 0
11 0 0
12 0 0
13 0 0
14 0 0
15 0 0
16 0 0
17 0 0
18 0 0
19 0 0
20 0 0
21 0 0
22 0 0
23 0 0
24 0 0
25 0 0
26 0 0
27 0 0
28 0 0
29 0 0
30 0 0
31 0 0
32 0 0
33 0 0
34 0 0
35 0 0
36 0 0
37 0 0
38 0 0
39 0 0
40 0 0
41 0 0
42 0 0
43 0 0
44 0 0
45 0 0
46 0 0
47 0 0
48 0 0
49 0 0
50 0 0
51 0 0
52 0 0
53 0 0
54 0 0
55 0 0
56 0 0
57 0 0
58 0 0
59 0 0
60 0 0
61 0 0
62 0 0
63 0 0
64 0 0
65 0 0
66 0 0
67 0 0
68 0 0
69 0 0
70 0 0
71 0 0
72 0 0
73 0 0
74 0 0
75 0 0
76 0 0
77 0 0
78 0 0
79 0 0
80 0 0
81 0 0
82 0 0
83 0 0
84 0 0
85 0 0
86 0 0
87 0 0
88 0 0
89 0 0
90 0 0
91 0 0
92 0 0
93 0 0
94 0 0
95 0 0
96 0 0
97 0 0
98 0 0
99 0 0
100 0 0
101 0 0
102 0 0
103 0 0
104 0 0
105 0 0
106 0 0
107 0 0
108 0 0
109 0 0
110 0 0
111 0 0
112 0 0
113 0 0
114 0 0
115 0 0
116 0 0
117 0 0
118 0 0
119 0 0
120 0 0
121 0 0
122 0 0
123 0 0
124 0 0
125 0 0
126 0 0
127 0 0
128 0 0
129 0 0
130 0 0
131 0 0
132 0 0
133 0 0
134 0 0
135 0 0
136 0 0
137 0 0
138 0 0
139 0 0
140 0 0
141 0 0
142 0 0
143 0 0
144 0 0
145 0 0
146 0 0
147 0 0
148 0 0
149 0 0
150 0 0
151 0 0
152 0 0
153 0 0
154 0 0
155 0 0
156 0 0
157 0 0
158 0 0
159 0 0
160 0 0
161 0 0
162 0 0
163 0 0
164 0 0
165 0 0
166 0 0
167 0 0
168 0 0
169 0 0
170 0 0
171 0 0
172 0 0
173 0 0
174 0 0
175 0 0
176 0 0
177 0 0
178 0 0
179 0 0
180 0 0
181 0 0
182 0 0
183 0 0
184 0 0
185 0 0
186 0 0
187 0 0
188 0 0
189 0 0
190 0 0
191 0 0
192 0 0
193 0 0
194 0 0
195 0 0
196 0 0
197 0 0
198 0 0
199 0 0
200 0 0
201 0 0
202 0 0
203 0 0
204 0 0
205 0 0
206 0 0
207 0 0
208 0 0
209 0 0
210 0 0
211 0 0
212 0 0
213 0 0
214 0 0
215 0 0
216 0 0
217 0 0
218 0 0
219 0 0
220 0 0
221 0 0
222 0 0
223 0 0
224 0 0
225 0 0
226 0 0
227 0 0
228 0 0
229 0 0
230 0 0
231 0 0
232 0 0
233 0 0
234 0 0
235 0 0
236 0 0
237 0 0
238 0 0
239 0 0
240 0 0
241 0 0
242 0 0
243 0 0
244 0 0
245 0 0
246 0 0
247 0 0
248 0 0
249 0 0
250 0 0
251 0 0
252 0 0
253 0 0
254 0 0
255 0 0
256 0 0
257 0 0
258 0 0
259 0 0
260 0 0
261 0 0
262 0 0
263 0 0
264 0 0
265 0 0
266 0 0
267 0 0
268 0 0
269 0 0
270 0 0
271 0 0
272 0 0
273 0 0
274 0 0
275 0 0
276 0 0
277 0 0
278 0 0
279 0 0
280 0 0
281 0 0
282 0 0
283 0 0
284 0 0
285 0 0
286 0 0
287 0 0
288 0 0
289 0 0
290 0 0
291 0 0
292 0 0
293 0 0
294 0 0
295 0 0
296 0 0
297 0 0
298 0 0
299 0 0
300 0 0
301 0 0
302 0 0
303 0 0
304 0 0
305 0 0
306 0 0
307 0 0
308 0 0
309 0 0
310 0 0
311 0 0
312 0 0
313 0 0
314 0 0
315 0 0
316 0 0
317 0 0
318 0 0
319 0 0
320 0 0
321 0 0
322 0 0
323 0 0
324 0 0
325 0 0
326 0 0
327 0 0
328 0 0
329 0 0
330 0 0
331 0 0
332 0 0
333 0 0
334 0 0
335 0 0
336 0 0
337 0 0
338 0 0
339 0 0
340 0 0
341 0 0
342 0 0
343 0 0
344 0 0
345 0 0
346 0 0
347 0 0
348 0 0
349 0 0
350 0 0
351 0 0
352 0 0
353 0 0
354 0 0
355 0 0
356 0 0
357 0 0
358 0 0
359 0 0
360 0 0
361 0 0
362 0 0
363 0 0
364 0 0
365 0 0
366 0 0
367 0 0
368 0 0
369 0 0
370 0 0
371 0 0
372 0 0
373 0 0
374 0 0
375 0 0
376 0 0
377 0 0
378 0 0
379 0 0
380 0 0
381 0 0
382 0 0
383 0 0
384 0 0
385 0 0
386 0 0
387 0 0
388 0 0
389 0 0
390 0 0
391 0 0
392 0 0
393 0 0
394 0 0
395 0 0
396 0 0
397 0 0
398 0 0
399 0 0
400 0 0
401 0 0
402 0 0
403 0 0
404 0 0
405 0 0
406 0 0
407 0 0
408 0 0
409 0 0
410 0 0
411 0 0
412 0 0
413 0 0
414 0 0
415 0 0
416 0 0
417 0 0
418 0 0
419 0 0
420 0 0
421 0 0
422 0 0
423 0 0
424 0 0
425 0 0
426 0 0
427 0 0
428 0 0
429 0 0
430 0 0
431 0 0
432 0 0
433 0 0
434 0 0
435 0 0
436 0 0
437 0 0
438 0 0
439 0 0
440 0 0
441 0 0
442 0 0
443 0 0
444 0 0
445 0 0
446 0 0
447 0 0
448 0 0
449 0 0
450 0 0
451 0 0
452 0 0
453 0 0
454 0 0
455 0 0
456 0 0
457 0 0
458 0 0
459 0 0
460 0 0
461 0 0
462 0 0
463 0 0
464 0 0
465 0 0
466 0 0
467 0 0
468 0 0
469 0 0
470 0 0
471 0 0
472 0 0
473 0 0
474 0 0
475 0 0
476 0 0
477 0 0
478 0 0
479 0 0
480 0 0
481 0 0
482 0 0
483 0 0
484 0 0
485 0 0
486 0 0
487 0 0
488 0 0
489 0 0
490 0 0
491 0 0
492 0 0
493 0 0
494 0 0
495 0 0
496 0 0
497 0 0
498 0 0
499 0 0
500 0 0
501 0 0
502 0 0
503 0 0
504 0 0
505 0 0
506 0 0
507 0 0
508 0 0
509 0 0
510 0 0
511 0 0
512 0 0
513 0 0
514 0 0
515 0 0
516 0 0
517 0 0
518 0 0
519 0 0
520 0 0
521 0 0
522 0 0
523 0 0
524 0 0
525 0 0
526 0 0
527 0 0
528 0 0
529 0 0
530 0 0
531 0 0
532 0 0
533 0 0
534 0 0
535 0 0
536 0 0
537 0 0
538 0 0
539 0 0
540 0 0
541 0 0
542 0 0
543 0 0
544 0 0
545 0 0
546 0 0
547 0 0
548 0 0
549 0 0
550 0 0
551 0 0
552 0 0
553 0 0
554 0 0
555 0 0
556 0 0
557 0 0
558 0 0
559 0 0
560 0 0
561 0 0
562 0 0
563 0 0
564 0 0
565 0 0
566 0 0
567 0 0
568 0 0
569 0 0
570 0 0
571 0 0
572 0 0
573 0 0
574 0 0
575 0 0
576 0 0
577 0 0
578 0 0
579 0 0
580 0 0
581 0 0
582 0 0
583 0 0
584 0 0
585 0 0
586 0 0
587 0 0
588 0 0
589 0 0
590 0 0
591 0 0
592 0 0
593 0 0
594 0 0
595 0 0
596 0 0
597 0 0
598 0 0
599 0 0
600 0 0
601 0 0
602 0 0
603 0 0
604 0 0
605 0 0
606 0 0
607 0 0
608 0 0
609 0 0
610 0 0
611 0 0
612 0 0
613 0 0
614 0 0
615 0 0
616 0 0
617 0 0
618 0 0
619 0 0
620 0 0
621 0 0
622 0 0
623 0 0
624 0 0
625 0 0
626 0 0
627 0 0
628 0 0
629 0 0
630 0 0
631 0 0
632 0 0
633 0 0
634 0 0
635 0 0
636 0 0
637 0 0
638 0 0
639 0 0
640 0 0
641 0 0
642 0 0
643 0 0
644 0 0
645 0 0
646 0 0
647 0 0
648 0 0
649 0 0
650 0 0
651 0 0
652 0 0
653 0 0
654 0 0
655 0 0
656 0 0
657 0 0
658 0 0
659 0 0
660 0 0
661 0 0
662 0 0
663 0 0
664 0 0
665 0 0
666 0 0
667 0 0
668 0 0
669 0 0
670 0 0
671 0 0
672 0 0
673 0 0
674 0 0
675 0 0
676 0 0
677 0 0
678 0 0
679 0 0
680 0 0
681 0 0
682 0 0
683 0 0
684 0 0
685 0 0
686 0 0
687 0 0
688 0 0
689 0 0
690 0 0
691 0 0
692 0 0
693 0 0
694 0 0
695 0 0
696 0 0
697 0 0
698 0 0
699 0 0
700 0 0
701 0 0
702 0 0
703 0 0
704 0 0
705 0 0
706 0 0
707 0 0
708 0 0
709 0 0
710 0 0
711 0 0
712 0 0
713 0 0
714 0 0
715 0 0
716 0 0
717 0 0
718 0 0
719 0 0
720 0 0
721 0 0
722 0 0
723 0 0
724 0 0
725 0 0
726 0 0
727 0 0
728 0 0
729 0 0

ARCS
3 1 2
1 2 1
2 3 2
3 6 2
6 4 1
4 1 1
1 7 1
7 4 1
4 5 1
5 2 1
2 8 1
8 5 1
5 6 1
6 9 1
9 3 2
3 12 2
12 10 1
10 1 1
1 19 1
19 10 1
10 11 1
11 2 1
2 20 1
20 11 1
11 12 1
12 15 1
15 6 1
6 24 1
24 15 1
15 13 1
13 4 1
4 22 1
22 13 1
13 10 1
10 16 1
16 7 1
7 8 1
8 9 1
9 7 1
7 25 1
25 16 1
16 13 1
13 14 2
14 5 2
5 23 1
23 14 2
14 11 2
11 17 2
17 8 2
8 26 1
26 17 2
17 14 3
14 15 2
15 18 1
18 9 1
9 27 1
27 18 1
18 12 1
12 21 1
21 3 2
3 30 3
30 28 2
28 1 1
1 55 1
55 28 1
28 29 1
29 2 1
2 56 1
56 29 1
29 30 2
30 33 2
33 6 1
6 60 1
60 33 1
33 31 1
31 4 1
4 58 1
58 31 1
31 28 1
28 34 1
34 7 1
7 61 1
61 34 1
34 31 1
31 32 1
32 5 1
5 59 1
59 32 1
32 29 1
29 35 1
35 8 1
8 62 2
62 35 2
35 32 1
32 33 1
33 36 1
36 9 1
9 63 1
63 36 1
36 30 2
30 39 2
39 12 1
12 66 1
66 39 1
39 37 1
37 10 1
10 64 1
64 37 1
37 28 1
28 46 1
46 19 1
19 20 1
20 21 1
21 19 1
19 22 1
22 23 1
23 20 1
20 26 1
26 23 1
23 24 1
24 21 1
21 27 1
27 24 1
24 22 1
22 25 1
25 19 1
19 73 2
73 46 2
46 37 1
37 38 1
38 11 1
11 65 1
65 38 1
38 29 1
29 47 1
47 20 1
20 74 1
74 47 1
47 38 1
38 39 1
39 42 1
42 15 1
15 69 1
69 42 1
42 33 1
33 51 1
51 24 1
24 78 2
78 51 2
51 42 1
42 40 1
40 13 1
13 67 1
67 40 1
40 31 1
31 49 1
49 22 1
22 76 1
76 49 1
49 40 1
40 37 1
37 43 2
43 16 2
16 17 2
17 18 2
18 16 1
16 70 1
70 43 2
43 34 2
34 35 1
35 36 1
36 34 1
34 52 1
52 25 1
25 26 1
26 27 1
27 25 1
25 79 1
79 52 1
52 43 2
43 40 2
40 41 1
41 14 2
14 68 2
68 41 1
41 32 1
32 50 1
50 23 1
23 77 1
77 50 1
50 41 1
41 38 1
38 44 1
44 17 2
17 71 2
71 44 1
44 35 1
35 53 1
53 26 1
26 80 1
80 53 1
53 44 1
44 41 1
41 42 1
42 45 1
45 18 1
18 72 1
72 45 1
45 36 1
36 54 1
54 27 1
27 81 1
81 54 1
54 45 1
45 39 1
39 48 1
48 21 1
21 75 1
75 48 1
48 30 2
30 57 2
57 3 2
3 84 2
84 82 1
82 1 1
1 163 1
163 82 1
82 83 1
83 2 1
2 164 1
164 83 1
83 84 1
84 87 1
87 6 1
6 168 1
168 87 1
87 85 1
85 4 1
4 166 2
166 85 2
85 82 1
82 88 1
88 7 1
7 169 1
169 88 1
88 85 1
85 86 1
86 5 1
5 167 1
167 86 1
86 83 1
83 89 1
89 8 1
8 170 1
170 89 1
89 86 1
86 87 1
87 90 1
90 9 1
9 171 1
171 90 1
90 84 1
84 93 1
93 12 1
12 174 1
174 93 1
93 91 1
91 10 1
10 172 2
172 91 2
91 82 1
82 100 1
100 19 1
19 181 1
181 100 1
100 91 1
91 92 1
92 11 1
11 173 1
173 92 1
92 83 1
83 101 2
101 20 2
20 182 1
182 101 2
101 92 2
92 93 1
93 96 1
96 15 1
15 177 1
177 96 1
96 87 1
87 105 1
105 24 1
24 186 1
186 105 1
105 96 1
96 94 1
94 13 1
13 175 1
175 94 1
94 85 1
85 103 1
103 22 1
22 184 1
184 103 1
103 94 1
94 91 1
91 97 1
97 16 1
16 178 1
178 97 1
97 88 1
88 89 1
89 90 1
90 88 1
88 106 2
106 25 2
25 187 1
187 106 2
106 97 2
97 94 1
94 95 1
95 14 2
14 176 2
176 95 1
95 86 1
86 104 1
104 23 1
23 185 1
185 104 1
104 95 1
95 92 1
92 98 1
98 17 2
17 179 2
179 98 1
98 89 1
89 107 1
107 26 1
26 188 1
188 107 1
107 98 1
98 95 1
95 96 1
96 99 1
99 18 1
18 180 1
180 99 1
99 90 1
90 108 2
108 27 2
27 189 1
189 108 2
108 99 2
99 93 1
93 102 1
102 21 1
21 183 1
183 102 1
102 84 1
84 111 2
111 30 3
30 192 2
192 111 2
111 109 3
109 28 2
28 190 1
190 109 2
109 82 2
82 136 1
136 55 1
55 56 1
56 57 1
57 55 1
55 58 1
58 59 1
59 56 1
56 62 2
62 59 2
59 60 1
60 57 1
57 63 1
63 60 1
60 58 1
58 61 1
61 55 1
55 64 1
64 65 1
65 56 1
56 74 1
74 65 1
65 66 1
66 57 1
57 75 1
75 66 1
66 64 1
64 67 1
67 58 1
58 76 1
76 67 1
67 68 1
68 59 1
59 77 1
77 68 1
68 65 1
65 71 1
71 62 2
62 61 2
61 63 1
63 62 2
62 80 2
80 71 1
71 68 1
68 69 1
69 60 1
60 78 2
78 69 2
69 66 1
66 72 1
72 63 1
63 81 1
81 72 1
72 69 1
69 67 1
67 70 1
70 61 1
61 79 1
79 70 1
70 64 1
64 73 2
73 55 2
55 217 1
217 136 1
136 109 2
109 110 2
110 29 1
29 191 1
191 110 1
110 83 1
83 137 1
137 56 1
56 218 1
218 137 1
137 110 1
110 111 2
111 114 3
114 33 2
33 195 1
195 114 2
114 87 2
87 141 1
141 60 1
60 222 1
222 141 1
141 114 2
114 113 2
113 32 1
32 194 1
194 113 1
113 86 1
86 140 1
140 59 1
59 221 1
221 140 1
140 113 1
113 110 1
110 116 1
116 35 1
35 197 1
197 116 1
116 89 1
89 143 2
143 62 3
62 224 2
224 143 2
143 116 2
116 113 1
113 112 2
112 31 2
31 193 1
193 112 2
112 85 2
85 139 1
139 58 1
58 220 2
220 139 2
139 112 2
112 109 3
109 115 2
115 34 1
34 196 1
196 115 1
115 88 1
88 142 1
142 61 1
61 223 1
223 142 1
142 115 1
115 112 2
112 121 2
121 40 1
40 202 1
202 121 1
121 94 1
94 148 1
148 67 1
67 229 1
229 148 1
148 121 1
121 118 1
118 37 1
37 199 1
199 118 1
118 91 1
91 145 1
145 64 1
64 226 1
226 145 1
145 118 1
118 109 2
109 127 2
127 46 1
46 47 1
47 48 1
48 46 1
46 49 1
49 50 1
50 47 1
47 53 1
53 50 1
50 51 1
51 48 1
48 54 1
54 51 1
51 49 1
49 52 1
52 46 1
46 208 1
208 127 1
127 100 1
100 101 2
101 102 2
102 100 1
100 103 1
103 104 1
104 101 2
101 107 2
107 104 1
104 105 1
105 102 1
102 108 2
108 105 2
105 103 1
103 106 2
106 100 2
100 154 1
154 73 2
73 74 2
74 75 1
75 73 2
73 76 2
76 77 1
77 74 1
74 80 1
80 77 1
77 78 2
78 75 2
75 81 1
81 78 2
78 76 2
76 79 1
79 73 2
73 235 2
235 154 1
154 127 1
127 118 1
118 119 1
119 38 1
38 200 1
200 119 1
119 92 1
92 146 2
146 65 2
65 227 1
227 146 2
146 119 2
119 110 1
110 128 1
128 47 1
47 209 2
209 128 2
128 101 2
101 155 2
155 74 1
74 236 1
236 155 1
155 128 1
128 119 1
119 120 1
120 39 1
39 201 1
201 120 1
120 93 1
93 147 1
147 66 1
66 228 1
228 147 1
147 120 1
120 111 2
111 117 2
117 36 1
36 198 1
198 117 1
117 90 1
90 144 1
144 63 1
63 225 1
225 144 1
144 117 1
117 114 2
114 123 3
123 42 2
42 204 1
204 123 2
123 96 2
96 150 1
150 69 1
69 231 1
231 150 1
150 123 2
123 120 2
120 118 1
118 124 1
124 43 2
43 44 2
44 45 1
45 43 2
43 205 2
205 124 1
124 97 1
97 98 1
98 99 1
99 97 1
97 151 1
151 70 1
70 71 1
71 72 1
72 70 1
70 232 1
232 151 1
151 124 1
124 115 1
115 116 1
116 117 1
117 115 1
115 133 1
133 52 1
52 53 1
53 54 1
54 52 1
52 214 1
214 133 1
133 106 2
106 107 2
107 108 2
108 106 3
106 160 2
160 79 1
79 80 1
80 81 1
81 79 1
79 241 1
241 160 1
160 133 1
133 124 1
124 121 1
121 122 1
122 41 1
41 203 1
203 122 1
122 95 1
95 149 1
149 68 1
68 230 1
230 149 1
149 122 1
122 113 1
113 131 1
131 50 1
50 212 2
212 131 2
131 104 1
104 158 1
158 77 1
77 239 1
239 158 1
158 131 1
131 122 1
122 119 1
119 125 1
125 44 1
44 206 1
206 125 1
125 98 1
98 152 1
152 71 1
71 233 1
233 152 1
152 125 1
125 116 1
116 134 1
134 53 1
53 215 2
215 134 2
134 107 1
107 161 1
161 80 1
80 242 1
242 161 1
161 134 1
134 125 1
125 122 1
122 123 2
123 121 2
121 130 1
130 49 1
49 211 1
211 130 1
130 103 1
103 157 1
157 76 1
76 238 1
238 157 1
157 130 1
130 112 2
112 355 2
355 274 1
274 31 1
31 517 1
517 274 1
274 247 1
247 4 1
4 490 1
490 247 1
247 244 1
244 1 1
1 487 1
487 244 1
244 245 1
245 2 1
2 488 1
488 245 1
245 246 1
246 3 2
3 165 3
165 84 2
84 138 1
138 57 1
57 219 1
219 138 1
138 111 2
111 129 2
129 48 1
48 210 1
210 129 1
129 102 1
102 156 1
156 75 1
75 237 1
237 156 1
156 129 1
129 120 1
120 126 1
126 45 1
45 207 1
207 126 1
126 99 1
99 153 1
153 72 1
72 234 2
234 153 2
153 126 1
126 117 1
117 135 1
135 54 1
54 216 1
216 135 1
135 108 2
108 162 2
162 81 1
81 243 1
243 162 1
162 135 1
135 126 1
126 123 2
123 132 2
132 51 1
51 213 1
213 132 1
132 105 1
105 159 1
159 78 2
78 240 2
240 159 1
159 132 1
132 114 2
114 357 2
357 276 1
276 33 1
33 519 1
519 276 1
276 249 1
249 6 1
6 492 1
492 249 1
249 246 1
246 244 1
244 250 1
250 7 1
7 493 2
493 250 2
250 247 1
247 248 1
248 5 1
5 491 1
491 248 1
248 245 1
245 251 1
251 8 1
8 494 1
494 251 1
251 248 1
248 249 1
249 247 1
247 256 1
256 13 1
13 499 1
499 256 1
256 253 1
253 10 1
10 496 1
496 253 1
253 244 1
244 262 1
262 19 1
19 505 1
505 262 1
262 253 1
253 254 1
254 11 1
11 497 1
497 254 1
254 245 1
245 263 1
263 20 1
20 506 2
506 263 2
263 254 1
254 255 1
255 12 1
12 498 1
498 255 1
255 246 1
246 252 1
252 9 1
9 495 1
495 252 1
252 249 1
249 258 1
258 15 1
15 501 1
501 258 1
258 255 1
255 253 1
253 259 1
259 16 1
16 502 1
502 259 1
259 250 1
250 251 1
251 252 1
252 250 1
250 268 1
268 25 1
25 511 1
511 268 1
268 259 1
259 256 1
256 257 1
257 14 2
14 500 2
500 257 1
257 248 1
248 266 1
266 23 1
23 509 1
509 266 1
266 257 1
257 254 1
254 260 1
260 17 2
17 503 2
503 260 1
260 251 1
251 269 1
269 26 1
26 512 1
512 269 1
269 260 1
260 257 1
257 258 1
258 256 1
256 265 2
265 22 2
22 508 1
508 265 2
265 247 2
247 301 1
301 58 1
58 544 1
544 301 1
301 274 1
274 271 1
271 28 1
28 514 1
514 271 1
271 244 1
244 298 2
298 55 2
55 541 1
541 298 2
298 271 2
271 272 1
272 29 1
29 515 1
515 272 1
272 245 1
245 299 1
299 56 1
56 542 1
542 299 1
299 272 1
272 273 1
273 30 2
30 516 2
516 273 1
273 246 1
246 264 2
264 21 2
21 507 1
507 264 2
264 255 2
255 261 2
261 18 2
18 504 1
504 261 2
261 252 2
252 270 1
270 27 1
27 513 1
513 270 1
270 261 2
261 258 2
258 267 1
267 24 1
24 510 1
510 267 1
267 249 1
249 303 2
303 60 2
60 546 1
546 303 2
303 276 2
276 273 1
273 271 1
271 277 1
277 34 1
34 520 1
520 277 1
277 250 1
250 304 1
304 61 1
61 547 1
547 304 1
304 277 1
277 274 1
274 275 1
275 32 1
32 518 2
518 275 2
275 248 1
248 302 1
302 59 1
59 545 1
545 302 1
302 275 1
275 272 1
272 278 1
278 35 1
35 521 1
521 278 1
278 251 1
251 305 1
305 62 2
62 548 2
548 305 1
305 278 1
278 275 1
275 276 1
276 274 1
274 283 1
283 40 1
40 526 2
526 283 2
283 256 1
256 310 1
310 67 1
67 553 2
553 310 2
310 283 1
283 280 1
280 37 1
37 523 1
523 280 1
280 253 1
253 307 1
307 64 1
64 550 1
550 307 1
307 280 1
280 271 1
271 289 1
289 46 1
46 532 1
532 289 1
289 262 1
262 263 1
263 264 2
264 262 2
262 265 2
265 266 2
266 263 1
263 269 1
269 266 1
266 267 1
267 264 2
264 270 2
270 267 1
267 265 2
265 268 2
268 262 1
262 316 1
316 73 2
73 559 2
559 316 1
316 289 1
289 280 1
280 281 2
281 38 2
38 524 1
524 281 2
281 254 2
254 308 1
308 65 1
65 551 1
551 308 1
308 281 2
281 272 2
272 290 1
290 47 1
47 533 1
533 290 1
290 263 1
263 317 1
317 74 1
74 560 1
560 317 1
317 290 1
290 281 2
281 282 2
282 39 1
39 525 1
525 282 1
282 255 1
255 309 1
309 66 1
66 552 2
552 309 2
309 282 1
282 273 1
273 279 1
279 36 1
36 522 1
522 279 1
279 252 1
252 306 1
306 63 1
63 549 1
549 306 1
306 279 1
279 276 1
276 285 1
285 42 1
42 528 1
528 285 1
285 258 1
258 312 1
312 69 1
69 555 1
555 312 1
312 285 1
285 282 1
282 280 1
280 286 1
286 43 2
43 529 2
529 286 1
286 259 1
259 260 1
260 261 2
261 259 2
259 313 1
313 70 1
70 556 1
556 313 1
313 286 1
286 277 1
277 278 1
278 279 1
279 277 1
277 295 1
295 52 1
52 538 1
538 295 1
295 268 1
268 269 1
269 270 1
270 268 1
268 322 1
322 79 1
79 565 1
565 322 1
322 295 1
295 286 1
286 283 1
283 284 1
284 41 1
41 527 1
527 284 1
284 257 1
257 311 1
311 68 1
68 554 1
554 311 1
311 284 1
284 275 1
275 293 1
293 50 1
50 536 1
536 293 1
293 266 1
266 320 1
320 77 1
77 563 1
563 320 1
320 293 1
293 284 1
284 281 2
281 287 2
287 44 1
44 530 1
530 287 1
287 260 1
260 314 1
314 71 1
71 557 1
557 314 1
314 287 1
287 278 1
278 296 1
296 53 1
53 539 1
539 296 1
296 269 1
269 323 2
323 80 2
80 566 1
566 323 2
323 296 2
296 287 1
287 284 1
284 285 1
285 283 1
283 292 2
292 49 2
49 535 1
535 292 2
292 265 3
265 319 2
319 76 1
76 562 1
562 319 1
319 292 2
292 274 2
274 436 1
436 193 1
193 166 2
166 163 2
163 164 1
164 165 2
165 163 2
163 169 1
169 166 2
166 167 2
167 164 1
164 170 1
170 167 1
167 168 1
168 165 2
165 171 2
171 168 1
168 166 2
166 175 2
175 172 2
172 163 2
163 181 1
181 172 2
172 173 2
173 164 1
164 182 1
182 173 1
173 174 1
174 165 2
165 183 2
183 174 1
174 172 2
172 178 2
178 169 1
169 170 1
170 171 1
171 169 1
169 187 1
187 178 1
178 175 1
175 176 1
176 167 1
167 185 1
185 176 1
176 173 1
173 179 1
179 170 1
170 188 1
188 179 1
179 176 1
176 177 1
177 168 1
168 186 1
186 177 1
177 174 1
174 180 1
180 171 1
171 189 1
189 180 1
180 177 1
177 175 1
175 184 1
184 166 2
166 220 3
220 193 2
193 190 1
190 163 1
163 217 1
217 190 1
190 191 1
191 164 1
164 218 1
218 191 1
191 192 1
192 165 2
165 219 2
219 192 1
192 190 1
190 196 1
196 169 1
169 223 1
223 196 1
196 193 1
193 194 1
194 167 1
167 221 1
221 194 1
194 191 1
191 197 1
197 170 1
170 224 1
224 197 1
197 194 1
194 195 1
195 168 1
168 222 1
222 195 1
195 192 1
192 198 1
198 171 1
171 225 1
225 198 1
198 195 1
195 193 1
193 202 1
202 175 1
175 229 1
229 202 1
202 199 1
199 172 2
172 226 2
226 199 1
199 190 1
190 208 1
208 181 1
181 182 1
182 183 1
183 181 1
181 184 1
184 185 1
185 182 1
182 188 1
188 185 1
185 186 1
186 183 1
183 189 1
189 186 1
186 184 1
184 187 1
187 181 1
181 235 1
235 208 1
208 199 1
199 200 1
200 173 1
173 227 1
227 200 1
200 191 1
191 209 2
209 182 2
182 236 1
236 209 2
209 200 2
200 201 1
201 174 1
174 228 1
228 201 1
201 192 1
192 210 1
210 183 1
183 237 1
237 210 1
210 201 1
201 199 1
199 205 1
205 178 1
178 179 1
179 180 1
180 178 1
178 232 1
232 205 1
205 196 1
196 197 1
197 198 1
198 196 1
196 214 1
214 187 1
187 188 1
188 189 1
189 187 1
187 241 1
241 214 1
214 205 1
205 202 1
202 203 1
203 176 1
176 230 1
230 203 1
203 194 1
194 212 2
212 185 2
185 239 1
239 212 2
212 203 2
203 200 1
200 206 1
206 179 1
179 233 1
233 206 1
206 197 1
197 215 2
215 188 2
188 242 1
242 215 2
215 206 2
206 203 1
203 204 1
204 177 1
177 231 1
231 204 1
204 195 1
195 213 1
213 186 1
186 240 1
240 213 1
213 204 1
204 201 1
201 207 1
207 180 1
180 234 2
234 207 2
207 198 1
198 216 1
216 189 1
189 243 1
243 216 1
216 207 1
207 204 1
204 202 1
202 211 1
211 184 1
184 238 1
238 211 1
211 193 1
193 679 1
679 436 1
436 355 1
355 328 1
328 85 1
85 571 1
571 328 1
328 247 1
247 409 1
409 166 2
166 652 2
652 409 1
409 328 1
328 325 1
325 82 1
82 568 1
568 325 1
325 244 1
244 406 1
406 163 1
163 649 1
649 406 1
406 325 1
325 326 2
326 83 2
83 569 1
569 326 2
326 245 2
245 407 1
407 164 1
164 650 1
650 407 1
407 326 2
326 327 2
327 84 1
84 570 1
570 327 1
327 246 1
246 300 1
300 57 1
57 543 1
543 300 1
300 273 1
273 291 1
291 48 1
48 534 1
534 291 1
291 264 2
264 318 2
318 75 1
75 561 1
561 318 1
318 291 1
291 282 1
282 288 1
288 45 1
45 531 1
531 288 1
288 261 2
261 315 2
315 72 1
72 558 1
558 315 1
315 288 1
288 279 1
279 297 1
297 54 1
54 540 2
540 297 2
297 270 1
270 324 1
324 81 1
81 567 1
567 324 1
324 297 1
297 288 1
288 285 1
285 294 1
294 51 1
51 537 1
537 294 1
294 267 1
267 321 1
321 78 2
78 564 2
564 321 1
321 294 1
294 276 1
276 438 1
438 195 1
195 681 1
681 438 1
438 357 1
357 330 1
330 87 1
87 573 1
573 330 1
330 249 1
249 411 1
411 168 1
168 654 2
654 411 2
411 330 1
330 327 1
327 325 1
325 331 1
331 88 1
88 574 1
574 331 1
331 250 1
250 412 1
412 169 1
169 655 1
655 412 1
412 331 1
331 328 1
328 329 2
329 86 2
86 572 1
572 329 2
329 248 2
248 410 1
410 167 1
167 653 1
653 410 1
410 329 2
329 330 2
330 328 1
328 337 1
337 94 1
94 580 2
580 337 2
337 256 1
256 418 1
418 175 1
175 661 1
661 418 1
418 337 1
337 334 1
334 91 1
91 577 1
577 334 1
334 253 1
253 415 2
415 334 2
334 325 1
325 343 1
343 100 1
100 586 1
586 343 1
343 262 1
262 424 1
424 181 1
181 667 1
667 424 1
424 343 1
343 334 1
334 335 1
335 92 1
92 578 1
578 335 1
335 254 1
254 416 1
416 173 1
173 659 1
659 416 1
416 335 1
335 326 2
326 332 3
332 89 2
89 575 1
575 332 2
332 251 2
251 413 1
413 170 1
170 656 2
656 413 2
413 332 2
332 329 3
329 338 2
338 95 1
95 581 1
581 338 1
338 257 1
257 419 1
419 176 1
176 662 1
662 419 1
419 338 1
338 335 1
335 336 1
336 93 1
93 579 2
579 336 2
336 255 1
255 417 1
417 174 1
174 660 1
660 417 1
417 336 1
336 327 1
327 333 1
333 90 1
90 576 1
576 333 1
333 252 1
252 414 1
414 171 1
171 657 1
657 414 1
414 333 1
333 330 1
330 339 1
339 96 1
96 582 1
582 339 1
339 258 1
258 420 1
420 177 1
177 663 2
663 420 2
420 339 1
339 336 1
336 334 1
334 340 1
340 97 1
97 583 1
583 340 1
340 259 1
259 421 1
421 178 1
178 664 1
664 421 1
421 340 1
340 331 1
331 332 2
332 333 2
333 331 1
331 349 1
349 106 2
106 592 2
592 349 1
349 268 1
268 430 1
430 187 1
187 673 1
673 430 1
430 349 1
349 340 1
340 337 1
337 338 1
338 339 1
339 337 1
337 346 1
346 103 1
103 589 1
589 346 1
346 265 2
265 427 2
427 184 1
184 670 1
670 427 1
427 346 1
346 328 1
328 382 1
382 139 1
139 136 1
136 137 1
137 138 1
138 136 1
136 142 1
142 139 1
139 140 1
140 137 1
137 143 2
143 140 2
140 141 1
141 138 1
138 144 1
144 141 1
141 139 1
139 148 1
148 145 1
145 136 1
136 154 1
154 145 1
145 146 2
146 137 2
137 155 1
155 146 2
146 147 2
147 138 1
138 156 1
156 147 1
147 145 1
145 151 1
151 142 1
142 143 2
143 144 2
144 142 1
142 160 1
160 151 1
151 148 1
148 149 1
149 140 1
140 158 1
158 149 1
149 146 2
146 152 2
152 143 2
143 161 2
161 152 1
152 149 1
149 150 1
150 141 1
141 159 1
159 150 1
150 147 1
147 153 1
153 144 1
144 162 1
162 153 1
153 150 1
150 148 1
148 157 1
157 139 1
139 625 1
625 382 1
382 301 1
301 298 2
298 299 2
299 300 1
300 298 2
298 304 2
304 301 1
301 302 1
302 299 1
299 305 1
305 302 1
302 303 2
303 300 2
300 306 1
306 303 2
303 301 2
301 310 1
310 307 1
307 298 2
298 316 2
316 307 1
307 308 1
308 299 1
299 317 1
317 308 1
308 309 1
309 300 1
300 318 1
318 309 1
309 307 1
307 313 1
313 304 1
304 305 1
305 306 1
306 304 1
304 322 1
322 313 1
313 310 1
310 311 1
311 302 1
302 320 1
320 311 1
311 308 1
308 314 1
314 305 1
305 323 2
323 314 2
314 311 1
311 312 1
312 303 2
303 321 2
321 312 1
312 309 1
309 315 1
315 306 1
306 324 1
324 315 1
315 312 1
312 310 1
310 319 1
319 301 1
301 463 1
463 220 2
220 217 2
217 218 1
218 219 1
219 217 1
217 223 1
223 220 2
220 221 2
221 218 1
218 224 1
224 221 1
221 222 1
222 219 1
219 225 1
225 222 1
222 220 2
220 229 2
229 226 1
226 217 1
217 235 1
235 226 1
226 227 1
227 218 1
218 236 1
236 227 1
227 228 1
228 219 1
219 237 1
237 228 1
228 226 1
226 232 1
232 223 1
223 224 1
224 225 1
225 223 1
223 241 1
241 232 1
232 229 1
229 230 1
230 221 1
221 239 1
239 230 1
230 227 1
227 233 1
233 224 1
224 242 1
242 233 1
233 230 1
230 231 1
231 222 1
222 240 1
240 231 1
231 228 1
228 234 2
234 225 2
225 243 1
243 234 2
234 231 2
231 229 1
229 238 1
238 220 2
220 706 2
706 463 1
463 382 1
382 355 1
355 352 1
352 109 2
109 595 3
595 352 2
352 271 1
271 433 1
433 190 1
190 676 1
676 433 1
433 352 1
352 325 1
325 379 1
379 136 1
136 622 1
622 379 1
379 298 2
298 460 2
460 217 1
217 703 1
703 460 1
460 379 1
379 352 1
352 353 1
353 110 1
110 596 1
596 353 1
353 272 1
272 434 1
434 191 1
191 677 1
677 434 1
434 353 1
353 326 2
326 344 2
344 101 2
101 587 2
587 344 1
344 263 1
263 425 1
425 182 1
182 668 1
668 425 1
425 344 1
344 335 1
335 341 1
341 98 1
98 584 1
584 341 1
341 260 1
260 422 1
422 179 1
179 665 1
665 422 1
422 341 1
341 332 2
332 350 3
350 107 2
107 593 1
593 350 2
350 269 2
269 431 2
431 188 2
188 674 1
674 431 2
431 350 3
350 341 2
341 338 1
338 347 1
347 104 1
104 590 1
590 347 1
347 266 1
266 428 1
428 185 1
185 671 1
671 428 1
428 347 1
347 329 2
329 356 2
356 113 1
113 599 1
599 356 1
356 275 1
275 437 1
437 194 1
194 680 1
680 437 1
437 356 1
356 353 1
353 354 1
354 111 2
111 597 2
597 354 1
354 273 1
273 435 1
435 192 1
192 678 1
678 435 1
435 354 1
354 327 1
327 345 1
345 102 1
102 588 1
588 345 1
345 264 2
264 426 2
426 183 1
183 669 1
669 426 1
426 345 1
345 336 1
336 342 1
342 99 1
99 585 1
585 342 1
342 261 2
261 423 2
423 180 1
180 666 1
666 423 1
423 342 1
342 333 1
333 351 1
351 108 2
108 594 2
594 351 1
351 270 1
270 432 1
432 189 1
189 675 1
675 432 1
432 351 1
351 342 1
342 339 1
339 348 1
348 105 1
105 591 1
591 348 1
348 267 1
267 429 1
429 186 1
186 672 2
672 429 2
429 348 1
348 330 1
330 384 1
384 141 1
141 627 1
627 384 1
384 303 2
303 465 2
465 222 1
222 708 1
708 465 1
465 384 1
384 357 1
357 354 1
354 352 1
352 358 1
358 115 1
115 601 1
601 358 1
358 277 1
277 439 2
439 196 2
196 682 1
682 439 2
439 358 2
358 331 1
331 385 1
385 142 1
142 628 1
628 385 1
385 304 1
304 466 1
466 223 1
223 709 1
709 466 1
466 385 1
385 358 1
358 355 1
355 356 1
356 357 1
357 355 1
355 364 1
364 121 1
121 607 1
607 364 1
364 283 1
283 445 1
445 202 1
202 688 2
688 445 2
445 364 1
364 337 1
337 391 1
391 148 1
148 634 2
634 391 2
391 310 1
310 472 1
472 229 1
229 715 1
715 472 1
472 391 1
391 364 1
364 361 1
361 118 1
118 604 1
604 361 1
361 280 1
280 442 1
442 199 1
199 685 1
685 442 1
442 361 1
361 334 1
334 388 1
388 145 1
145 631 1
631 388 1
388 307 1
307 469 1
469 226 1
226 712 1
712 469 1
469 388 1
388 361 1
361 352 1
352 370 2
370 127 2
127 128 1
128 129 1
129 127 1
127 130 1
130 131 1
131 128 1
128 134 1
134 131 1
131 132 1
132 129 1
129 135 1
135 132 1
132 130 1
130 133 1
133 127 1
127 613 2
613 370 3
370 289 2
289 290 1
290 291 1
291 289 1
289 292 2
292 293 2
293 290 1
290 296 1
296 293 1
293 294 1
294 291 1
291 297 1
297 294 1
294 292 2
292 295 2
295 289 1
289 451 1
451 208 1
208 209 2
209 210 2
210 208 1
208 211 1
211 212 2
212 209 3
209 452 2
452 290 1
290 371 1
371 128 1
128 614 1
614 371 1
371 344 1
344 343 1
343 345 1
345 344 1
344 347 1
347 346 1
346 343 1
343 349 1
349 346 1
346 348 1
348 345 1
345 351 1
351 348 1
348 347 1
347 350 2
350 344 2
344 398 1
398 155 1
155 154 1
154 156 1
156 155 1
155 158 1
158 157 1
157 154 1
154 160 1
160 157 1
157 159 1
159 156 1
156 162 1
162 159 1
159 158 1
158 161 1
161 155 1
155 641 1
641 398 1
398 317 1
317 316 1
316 318 1
318 317 1
317 320 1
320 319 1
319 316 1
316 322 1
322 319 1
319 321 1
321 318 1
318 324 1
324 321 1
321 320 1
320 323 2
323 317 2
317 479 1
479 236 1
236 235 1
235 237 1
237 236 1
236 239 1
239 238 1
238 235 1
235 241 1
241 238 1
238 240 1
240 237 1
237 243 1
243 240 1
240 239 1
239 242 1
242 236 1
236 722 1
722 479 1
479 398 1
398 371 1
371 353 1
353 359 1
359 116 1
116 602 1
602 359 1
359 278 1
278 440 2
440 197 2
197 683 1
683 440 2
440 359 2
359 332 2
332 386 2
386 143 2
143 629 2
629 386 1
386 305 1
305 467 1
467 224 1
224 710 1
710 467 1
467 386 1
386 359 1
359 356 1
356 365 1
365 122 1
122 608 1
608 365 1
365 284 1
284 446 1
446 203 1
203 689 1
689 446 1
446 365 1
365 338 1
338 392 1
392 149 1
149 635 1
635 392 1
392 311 1
311 473 2
473 230 2
230 716 1
716 473 2
473 392 2
392 365 1
365 362 1
362 119 1
119 605 1
605 362 1
362 281 2
281 443 2
443 200 1
200 686 1
686 443 1
443 362 1
362 335 1
335 389 1
389 146 2
146 632 2
632 389 1
389 308 1
308 470 1
470 227 1
227 713 1
713 470 1
470 389 1
389 362 1
362 353 1
353 380 1
380 137 1
137 623 1
623 380 1
380 299 1
299 461 1
461 218 1
218 704 2
704 461 2
461 380 1
380 326 2
380 379 1
379 381 1
381 138 1
138 624 1
624 381 1
381 300 1
300 462 1
462 219 1
219 705 1
705 462 1
462 381 1
381 327 1
327 408 1
408 165 2
165 651 2
651 408 1
408 246 1
246 489 1
489 3 2
489 487 1
487 488 1
488 489 1
489 492 1
492 490 1
490 487 1
487 493 2
493 490 2
490 491 1
491 488 1
488 494 1
494 491 1
491 492 1
492 495 1
495 489 1
489 498 1
498 496 1
496 487 1
487 505 1
505 496 1
496 497 1
497 488 1
488 506 2
506 497 2
497 498 1
498 501 1
501 492 1
492 510 1
510 501 1
501 499 1
499 490 1
490 508 1
508 499 1
499 496 1
496 502 1
502 493 2
493 494 2
494 495 1
495 493 2
493 511 2
511 502 1
502 499 1
499 500 1
500 491 1
491 509 1
509 500 1
500 497 1
497 503 1
503 494 1
494 512 1
512 503 1
503 500 1
500 501 1
501 504 1
504 495 1
495 513 1
513 504 1
504 498 1
498 507 1
507 489 1
489 516 1
516 514 1
514 487 1
487 541 1
541 514 1
514 515 1
515 488 1
488 542 1
542 515 1
515 516 1
516 519 1
519 492 1
492 546 1
546 519 1
519 517 1
517 490 1
490 544 1
544 517 1
517 514 1
514 520 1
520 493 2
493 547 2
547 520 1
520 517 1
517 518 2
518 491 2
491 545 1
545 518 2
518 515 2
515 521 1
521 494 1
494 548 1
548 521 1
521 518 2
518 519 2
519 522 1
522 495 1
495 549 1
549 522 1
522 516 1
516 525 1
525 498 1
498 552 2
552 525 2
525 523 1
523 496 1
496 550 1
550 523 1
523 514 1
514 532 1
532 505 1
505 506 2
506 507 2
507 505 1
505 508 1
508 509 1
509 506 2
506 512 2
512 509 1
509 510 1
510 507 1
507 513 1
513 510 1
510 508 1
508 511 1
511 505 1
505 559 1
559 532 1
532 523 1
523 524 1
524 497 1
497 551 1
551 524 1
524 515 1
515 533 1
533 506 2
506 560 2
560 533 1
533 524 1
524 525 1
525 528 1
528 501 1
501 555 1
555 528 1
528 519 1
519 537 1
537 510 1
510 564 1
564 537 1
537 528 1
528 526 2
526 499 2
499 553 2
553 526 3
526 517 2
517 535 1
535 508 1
508 562 1
562 535 1
535 526 2
526 523 2
523 529 1
529 502 1
502 503 1
503 504 1
504 502 1
502 556 1
556 529 1
529 520 1
520 521 1
521 522 1
522 520 1
520 538 1
538 511 1
511 512 1
512 513 1
513 511 1
511 565 1
565 538 1
538 529 1
529 526 2
526 527 2
527 500 1
500 554 1
554 527 1
527 518 2
518 536 2
536 509 1
509 563 1
563 536 1
536 527 1
527 524 1
524 530 1
530 503 1
503 557 1
557 530 1
530 521 1
521 539 1
539 512 1
512 566 1
566 539 1
539 530 1
530 527 1
527 528 1
528 531 1
531 504 1
504 558 1
558 531 1
531 522 1
522 540 2
540 513 2
513 567 1
567 540 2
540 531 2
531 525 1
525 534 1
534 507 1
507 561 1
561 534 1
534 516 1
516 543 1
543 489 1
489 570 1
570 568 1
568 487 1
487 649 1
649 568 1
568 569 1
569 488 1
488 650 1
650 569 1
569 570 1
570 573 1
573 492 1
492 654 2
654 573 2
573 571 1
571 490 1
490 652 1
652 571 1
571 568 1
568 574 1
574 493 2
493 655 2
655 574 1
574 571 1
571 572 1
572 491 1
491 653 1
653 572 1
572 569 1
569 575 1
575 494 1
494 656 2
656 575 2
575 572 1
572 573 1
573 576 1
576 495 1
495 657 1
657 576 1
576 570 1
570 579 2
579 498 2
498 660 1
660 579 2
579 577 2
577 496 1
496 658 2
658 172 3
658 415 3
415 406 2
406 407 1
407 408 1
408 406 1
406 409 1
409 410 1
410 407 1
407 413 1
413 410 1
410 411 1
411 408 1
408 414 1
414 411 1
411 409 1
409 412 1
412 406 1
406 424 1
424 415 2
415 416 2
416 407 1
407 425 1
425 416 1
416 417 1
417 408 1
408 426 1
426 417 1
417 415 2
415 418 2
418 409 1
409 427 1
427 418 1
418 419 1
419 410 1
410 428 1
428 419 1
419 416 1
416 422 1
422 413 1
413 412 1
412 414 1
414 413 1
413 431 2
431 422 2
422 419 1
419 420 1
420 411 1
411 429 1
429 420 1
420 417 1
417 423 1
423 414 1
414 432 1
432 423 1
423 420 1
420 418 1
418 421 1
421 412 1
412 430 1
430 421 1
421 415 2
415 442 2
442 433 1
433 406 1
406 460 1
460 433 1
433 434 1
434 407 1
407 461 1
461 434 1
434 435 1
435 408 1
408 462 1
462 435 1
435 433 1
433 436 1
436 409 1
409 463 1
463 436 1
436 437 1
437 410 1
410 464 1
464 221 1
221 707 1
707 464 1
464 302 1
302 383 1
383 140 1
140 626 1
626 383 1
383 329 2
383 356 1
356 374 1
374 131 1
131 617 1
617 374 1
374 293 1
293 455 1
455 212 2
212 213 2
213 210 1
210 216 1
216 213 1
213 211 1
211 214 1
214 208 1
208 694 1
694 451 1
451 370 2
370 343 2
343 397 1
397 154 1
154 640 1
640 397 1
397 316 1
316 478 1
478 235 1
235 721 1
721 478 1
478 397 1
397 370 2
370 361 2
361 362 1
362 363 1
363 120 1
120 606 1
606 363 1
363 282 1
282 444 1
444 201 1
201 687 2
687 444 2
444 363 1
363 336 1
336 390 1
390 147 1
147 633 1
633 390 1
390 309 1
309 471 1
471 228 1
228 714 1
714 471 1
471 390 1
390 363 1
363 354 1
354 360 1
360 117 1
117 603 1
603 360 1
360 279 1
279 441 2
441 198 2
198 684 1
684 441 2
441 360 2
360 333 1
333 387 1
387 144 1
144 630 2
630 387 2
387 306 1
306 468 1
468 225 1
225 711 1
711 468 1
468 387 1
387 360 1
360 357 1
357 366 2
366 123 3
123 609 2
609 366 2
366 285 2
285 447 1
447 204 1
204 690 1
690 447 1
447 366 2
366 339 2
339 393 1
393 150 1
150 636 1
636 393 1
393 312 1
312 474 1
474 231 1
231 717 1
717 474 1
474 393 1
393 366 2
366 363 2
363 361 1
361 367 1
367 124 1
124 125 1
125 126 1
126 124 1
124 610 1
610 367 1
367 286 1
286 287 1
287 288 1
288 286 1
286 448 1
448 205 1
205 206 1
206 207 1
207 205 1
205 691 1
691 448 1
448 367 1
367 340 1
340 341 1
341 342 1
342 340 1
340 394 2
394 151 2
151 152 1
152 153 1
153 151 1
151 637 1
637 394 2
394 313 2
313 314 1
314 315 1
315 313 1
313 475 1
475 232 1
232 233 1
233 234 2
234 232 2
232 718 1
718 475 1
475 394 2
394 367 2
367 358 1
358 359 1
359 360 1
360 358 1
358 376 1
376 133 1
133 134 1
134 135 1
135 133 1
133 619 1
619 376 1
376 295 1
295 296 1
296 297 1
297 295 1
295 457 1
457 214 1
214 215 2
215 212 3
212 698 2
698 455 1
455 374 1
374 347 1
347 401 1
401 158 1
158 644 2
644 401 2
401 320 1
320 482 1
482 239 1
239 725 1
725 482 1
482 401 1
401 374 1
374 365 1
365 364 1
364 366 2
366 365 2
365 368 1
368 125 1
125 611 2
611 368 2
368 287 1
287 449 1
449 206 1
206 692 1
692 449 1
449 368 1
368 341 1
341 395 1
395 152 1
152 638 2
638 395 2
395 314 1
314 476 1
476 233 1
233 719 1
719 476 1
476 395 1
395 368 1
368 359 1
359 377 1
377 134 1
134 620 1
620 377 1
377 296 1
296 458 1
458 215 2
215 216 2
216 214 1
214 700 1
700 457 1
457 376 1
376 349 1
349 350 2
350 351 2
351 349 1
349 403 1
403 160 1
160 161 1
161 162 1
162 160 1
160 646 1
646 403 1
403 322 1
322 323 2
323 324 2
324 322 1
322 484 1
484 241 1
241 242 1
242 243 1
243 241 1
241 727 2
727 484 2
484 403 1
403 376 1
376 367 1
367 364 1
364 373 1
373 130 1
130 616 1
616 373 1
373 292 2
292 454 2
454 211 1
211 697 1
697 454 1
454 373 1
373 346 1
346 400 2
400 157 2
157 643 1
643 400 2
400 319 2
319 481 1
481 238 1
238 724 1
724 481 1
481 400 2
400 373 2
373 355 1
355 598 1
598 112 2
598 517 1
517 679 1
679 598 1
598 571 1
571 580 2
580 499 2
499 661 1
661 580 2
580 577 2
577 568 1
568 586 1
586 505 1
505 667 1
667 586 1
586 577 1
577 578 1
578 497 1
497 659 1
659 578 1
578 569 1
569 587 1
587 506 2
506 668 2
668 587 1
587 578 1
578 579 2
579 582 2
582 501 1
501 663 2
663 582 2
582 573 1
573 591 1
591 510 1
510 672 2
672 591 2
591 582 1
582 580 2
580 581 2
581 500 1
500 662 1
662 581 1
581 572 1
572 590 1
590 509 1
509 671 1
671 590 1
590 581 1
581 578 1
578 584 1
584 503 1
503 665 1
665 584 1
584 575 1
575 574 1
574 576 1
576 575 1
575 593 1
593 512 1
512 674 1
674 593 1
593 584 1
584 581 1
581 582 1
582 585 1
585 504 1
504 666 1
666 585 1
585 576 1
576 594 1
594 513 1
513 675 1
675 594 1
594 585 1
585 579 2
579 588 2
588 507 1
507 669 1
669 588 1
588 570 1
570 597 1
597 516 1
516 678 1
678 597 1
597 595 2
595 514 2
514 676 1
676 595 2
595 568 2
568 622 1
622 541 1
541 542 1
542 543 1
543 541 1
541 544 1
544 545 1
545 542 1
542 548 1
548 545 1
545 546 1
546 543 1
543 549 1
549 546 1
546 544 1
544 547 1
547 541 1
541 550 1
550 551 1
551 542 1
542 560 1
560 551 1
551 552 2
552 543 2
543 561 1
561 552 2
552 550 2
550 553 2
553 544 2
544 562 1
562 553 2
553 554 2
554 545 1
545 563 1
563 554 1
554 551 1
551 557 1
557 548 1
548 547 1
547 549 1
549 548 1
548 566 1
566 557 1
557 554 1
554 555 1
555 546 1
546 564 1
564 555 1
555 552 2
552 558 2
558 549 1
549 567 1
567 558 1
558 555 1
555 553 2
553 556 2
556 547 1
547 565 1
565 556 1
556 550 1
550 559 1
559 541 1
541 703 1
703 622 1
622 595 2
595 596 2
596 515 1
515 677 1
677 596 1
596 569 1
569 623 1
623 542 1
542 704 2
704 623 2
623 596 1
596 597 1
597 600 1
600 114 2
600 357 1
357 375 2
375 132 2
132 618 1
618 375 2
375 294 2
294 456 1
456 213 1
213 699 1
699 456 1
456 375 2
375 348 2
348 402 1
402 159 1
159 645 1
645 402 1
402 321 1
321 483 1
483 240 1
240 726 1
726 483 1
483 402 1
402 375 2
375 366 3
366 369 2
369 126 1
126 612 1
612 369 1
369 288 1
288 450 1
450 207 1
207 693 1
693 450 1
450 369 1
369 342 1
342 396 1
396 153 1
153 639 1
639 396 1
396 315 1
315 477 1
477 234 2
234 720 2
720 477 1
477 396 1
396 369 1
369 360 1
360 378 1
378 135 1
135 621 1
621 378 1
378 297 1
297 459 1
459 216 1
216 702 1
702 459 1
459 378 1
378 351 1
351 405 1
405 162 1
162 648 1
648 405 1
405 324 1
324 486 1
486 243 1
243 729 1
729 486 1
486 405 1
405 378 1
378 369 1
369 363 1
363 372 1
372 129 1
129 615 1
615 372 1
372 291 1
291 453 1
453 210 1
210 696 1
696 453 1
453 372 1
372 345 1
345 399 2
399 156 2
156 642 1
642 399 2
399 318 2
318 480 2
480 237 2
237 723 1
723 480 2
480 399 3
399 372 2
372 354 1
354 381 1
381 380 1
380 383 1
383 382 1
382 379 1
379 385 1
385 382 1
382 384 1
384 381 1
381 387 1
387 384 1
384 383 1
383 386 1
386 380 1
380 389 1
389 388 1
388 379 1
379 397 1
397 388 1
388 390 1
390 381 1
381 399 2
399 390 2
390 389 1
389 392 1
392 383 1
383 401 1
401 392 1
392 391 1
391 382 1
382 400 2
400 391 2
391 388 1
388 394 2
394 385 2
385 386 1
386 387 1
387 385 1
385 403 1
403 394 2
394 391 2
391 393 1
393 384 1
384 402 1
402 393 1
393 390 1
390 396 1
396 387 1
387 405 1
405 396 1
396 393 1
393 392 1
392 395 1
395 386 1
386 404 1
404 161 1
161 647 1
647 404 1
404 323 2
323 485 2
485 242 1
242 728 1
728 485 1
485 404 1
404 350 2
350 377 2
377 368 1
368 362 1
362 371 1
371 370 2
370 372 2
372 371 1
371 374 1
374 373 1
373 370 2
370 376 2
376 373 1
373 375 2
375 372 2
372 378 1
378 375 2
375 374 2
374 377 1
377 371 1
371 452 1
452 425 1
425 424 1
424 426 1
426 425 1
425 428 1
428 427 1
427 424 1
424 430 1
430 427 1
427 429 1
429 426 1
426 432 1
432 429 1
429 428 1
428 431 2
431 425 2
425 479 1
479 452 1
452 434 1
434 437 1
437 438 1
438 411 1
411 465 1
465 438 1
438 435 1
435 441 2
441 414 2
414 468 1
468 441 2
441 438 2
438 436 1
436 439 2
439 412 2
412 466 1
466 439 2
439 433 2
433 451 1
451 424 1
424 478 1
478 451 1
451 442 1
442 443 1
443 416 1
416 470 1
470 443 1
443 434 1
434 440 2
440 413 2
413 467 1
467 440 2
440 437 2
437 446 1
446 419 1
419 473 2
473 446 2
446 443 1
443 444 1
444 417 1
417 471 1
471 444 1
444 435 1
435 453 1
453 426 1
426 480 2
480 453 2
453 444 1
444 442 1
442 445 1
445 418 1
418 472 1
472 445 1
445 436 1
436 454 1
454 427 1
427 481 1
481 454 1
454 445 1
445 446 1
446 447 1
447 420 1
420 474 1
474 447 1
447 438 1
438 456 1
456 429 1
429 483 1
483 456 1
456 447 1
447 444 1
444 450 1
450 423 1
423 421 1
421 422 1
422 423 1
423 477 1
477 450 1
450 441 2
441 439 3
439 448 2
448 421 1
421 475 1
475 448 1
448 442 1
442 469 1
469 415 2
469 460 1
460 461 1
461 462 1
462 460 1
460 463 1
463 464 1
464 383 1
464 437 1
437 455 1
455 428 1
428 482 1
482 455 1
455 446 1
446 449 1
449 422 1
422 476 1
476 449 1
449 440 2
440 441 3
441 459 2
459 432 1
432 430 1
430 431 2
431 432 2
432 486 1
486 459 1
459 450 1
450 447 1
447 445 1
445 448 1
448 449 1
449 443 1
443 452 1
452 451 1
451 453 1
453 452 1
452 455 1
455 454 1
454 451 1
451 457 1
457 430 1
430 484 1
484 457 1
457 439 2
457 448 1
448 450 1
450 449 1
449 458 1
458 377 1
377 376 1
376 378 1
378 377 1
377 404 1
404 395 1
395 389 1
389 398 1
398 380 1
398 397 1
397 399 2
399 398 2
398 401 1
401 400 2
400 397 2
397 403 1
403 400 2
400 402 2
402 399 2
399 405 2
405 402 1
402 401 1
401 404 1
404 398 1
404 403 1
403 405 1
405 404 1
395 394 2
394 396 2
396 395 1
458 431 2
431 485 2
485 458 1
458 440 2
458 452 1
452 695 1
695 209 2
695 533 1
533 532 1
532 534 1
534 533 1
533 536 1
536 535 1
535 532 1
532 538 1
538 535 1
535 537 1
537 534 1
534 540 2
540 537 2
537 536 1
536 539 1
539 533 1
533 614 1
614 587 1
587 586 1
586 588 1
588 587 1
587 590 1
590 589 1
589 508 1
508 670 1
670 589 1
589 571 1
571 625 1
625 544 1
544 706 1
706 625 1
625 598 1
598 595 2
595 601 2
601 520 1
520 682 1
682 601 1
601 574 1
574 583 1
583 502 1
502 664 1
664 583 1
583 577 1
577 604 1
604 523 1
523 685 1
685 604 1
604 595 2
595 613 3
613 532 2
532 694 1
694 613 2
613 586 2
586 589 1
589 580 2
580 583 2
583 584 1
584 585 1
585 583 1
583 592 1
592 511 1
511 673 1
673 592 1
592 574 1
574 628 1
628 547 1
547 709 1
709 628 1
628 601 1
601 598 1
598 599 1
599 518 2
518 680 2
680 599 1
599 572 1
572 626 1
626 545 1
545 707 1
707 626 1
626 599 1
599 596 1
596 602 1
602 521 1
521 683 1
683 602 1
602 575 1
575 629 1
629 548 1
548 710 1
710 629 1
629 602 1
602 599 1
599 600 1
600 519 1
519 681 1
681 600 1
600 573 1
573 627 1
627 546 1
546 708 1
708 627 1
627 600 1
600 598 1
598 607 1
607 526 2
526 688 3
688 607 2
607 580 2
580 634 3
634 553 3
553 715 2
715 634 2
634 607 2
607 604 1
604 605 1
605 524 1
524 686 1
686 605 1
605 578 1
578 632 1
632 551 1
551 713 1
713 632 1
632 605 1
605 596 1
596 614 1
614 605 1
605 606 1
606 525 1
525 687 2
687 606 2
606 579 2
579 633 2
633 552 2
552 714 2
714 633 1
633 606 1
606 597 1
597 603 1
603 522 1
522 684 1
684 603 1
603 576 1
576 630 2
630 549 2
549 711 1
711 630 2
630 603 2
603 600 1
600 609 1
609 528 1
528 690 1
690 609 1
609 582 1
582 636 1
636 555 1
555 717 1
717 636 1
636 609 1
609 606 1
606 604 1
604 610 1
610 529 1
529 530 1
530 531 1
531 529 1
529 691 1
691 610 1
610 583 1
583 637 1
637 556 1
556 557 1
557 558 1
558 556 1
556 718 1
718 637 1
637 610 1
610 601 1
601 602 1
602 603 1
603 601 1
601 619 1
619 538 1
538 539 1
539 540 2
540 538 2
538 700 1
700 619 1
619 592 1
592 586 1
586 640 1
640 559 1
559 560 1
560 561 1
561 559 1
559 562 1
562 563 1
563 560 1
560 566 1
566 563 1
563 564 1
564 561 1
561 567 1
567 564 1
564 562 1
562 565 1
565 559 1
559 721 1
721 640 1
640 613 2
613 604 2
604 631 1
631 550 1
550 712 1
712 631 1
631 577 1
577 658 2
658 649 2
649 650 1
650 651 1
651 489 1
651 570 1
570 624 1
624 543 1
543 705 1
705 624 1
624 597 1
597 615 1
615 534 1
534 696 1
696 615 1
615 588 1
588 591 1
591 589 1
589 592 1
592 593 1
593 587 1
587 641 1
641 560 1
560 722 1
722 641 1
641 614 1
614 613 2
613 615 2
615 606 1
606 612 1
612 531 1
531 693 1
693 612 1
612 585 1
585 639 1
639 558 1
558 720 1
720 639 1
639 612 1
612 603 1
603 621 1
621 540 2
540 702 2
702 621 1
621 594 1
594 588 1
588 642 1
642 561 1
561 723 1
723 642 1
642 615 1
615 614 1
614 617 1
617 536 1
536 698 1
698 617 1
617 590 1
590 591 1
591 594 1
594 592 1
592 646 1
646 565 1
565 566 1
566 567 1
567 565 1
565 727 2
727 646 2
646 619 1
619 610 1
610 607 1
607 608 1
608 527 1
527 689 1
689 608 1
608 581 1
581 635 1
635 554 1
554 716 1
716 635 1
635 608 1
608 599 1
599 617 1
617 608 1
608 605 1
605 611 2
611 530 2
530 692 1
692 611 2
611 584 2
584 638 2
638 557 2
557 719 1
719 638 2
638 611 3
611 602 2
602 620 1
620 539 1
539 701 1
701 215 2
701 458 1
458 455 1
455 456 1
456 453 1
453 459 1
459 456 1
456 454 1
454 457 1
457 458 1
458 459 1
459 457 1
701 620 1
620 593 1
593 590 1
590 644 2
644 563 2
563 725 1
725 644 2
644 617 2
617 616 1
616 535 1
535 697 1
697 616 1
616 589 1
589 643 1
643 562 1
562 724 1
724 643 1
643 616 1
616 598 1
616 607 1
607 609 1
609 608 1
608 611 2
611 610 2
610 612 1
612 609 1
609 618 1
618 537 1
537 699 1
699 618 1
618 591 1
591 645 1
645 564 1
564 726 1
726 645 1
645 618 1
618 600 1
618 615 1
615 621 1
621 612 1
612 611 2
611 620 2
620 614 1
614 695 1
695 668 1
668 650 1
650 653 1
653 652 1
652 649 1
649 651 1
651 654 2
654 652 2
652 655 1
655 649 1
649 667 1
667 658 2
658 659 2
659 650 1
650 656 2
656 653 2
653 654 2
654 657 2
657 651 1
651 660 1
660 658 2
658 661 2
661 652 1
652 670 1
670 661 1
661 662 1
662 653 1
653 671 1
671 662 1
662 659 1
659 660 1
660 663 2
663 654 3
654 681 2
681 678 1
678 651 1
651 669 1
669 660 1
660 666 1
666 657 1
657 655 1
655 656 2
656 657 2
657 675 1
675 666 1
666 663 2
663 661 2
661 664 1
664 655 1
655 673 1
673 664 1
664 658 2
658 685 2
685 676 1
676 649 1
649 703 1
703 676 1
676 677 1
677 650 1
650 704 2
704 677 2
677 678 1
678 676 1
676 679 1
679 652 1
652 706 1
706 679 1
679 680 1
680 653 1
653 707 1
707 680 1
680 677 1
677 683 1
683 656 2
656 665 2
665 659 1
659 668 1
668 667 1
667 669 1
669 668 1
668 671 1
671 670 1
670 667 1
667 673 1
673 670 1
670 672 2
672 663 3
663 662 2
662 665 1
665 664 1
664 666 1
666 665 1
665 674 1
674 656 2
656 710 2
710 683 1
683 680 1
680 681 1
681 679 1
679 682 1
682 655 1
655 709 1
709 682 1
682 676 1
676 694 1
694 667 1
667 721 1
721 694 1
694 685 1
685 686 1
686 659 1
659 713 1
713 686 1
686 677 1
677 695 1
695 686 1
686 687 2
687 660 2
660 714 1
714 687 2
687 678 2
678 684 1
684 657 1
657 711 1
711 684 1
684 681 1
681 690 1
690 663 2
663 717 2
717 690 1
690 687 2
687 685 2
685 688 2
688 661 2
661 715 1
715 688 2
688 679 2
679 697 1
697 670 1
670 724 1
724 697 1
697 688 2
688 689 2
689 662 1
662 716 1
716 689 1
689 680 1
680 698 1
698 671 1
671 672 2
672 669 2
669 675 1
675 672 2
672 699 2
699 681 1
681 708 1
708 654 2
708 705 1
705 651 1
705 678 1
678 696 1
696 669 1
669 723 1
723 696 1
696 687 2
687 693 2
693 666 1
666 720 1
720 693 1
693 684 1
684 682 1
682 683 1
683 684 1
684 702 1
702 675 1
675 673 1
673 674 1
674 668 1
668 722 1
722 695 1
695 694 1
694 696 1
696 695 1
695 698 1
698 689 1
689 686 1
686 692 1
692 665 1
665 719 1
719 692 1
692 683 1
683 701 1
701 674 1
674 671 1
671 725 1
725 698 1
698 697 1
697 694 1
694 700 1
700 673 1
673 727 2
727 700 2
700 682 1
682 691 1
691 664 1
664 718 1
718 691 1
691 685 1
685 712 1
712 658 2
712 703 1
703 704 2
704 705 2
705 703 1
703 706 1
706 707 1
707 704 2
704 710 2
710 707 1
707 708 1
708 706 1
706 709 1
709 703 1
703 721 1
721 712 1
712 713 1
713 704 2
704 722 2
722 713 1
713 714 1
714 705 1
705 711 1
711 708 1
708 717 1
717 714 1
714 712 1
712 715 1
715 706 1
706 724 1
724 715 1
715 716 1
716 707 1
707 725 1
725 716 1
716 713 1
713 719 1
719 710 1
710 709 1
709 711 1
711 710 1
710 728 1
728 566 1
566 647 1
647 593 1
593 594 1
594 648 1
648 567 1
567 729 1
729 648 1
648 621 1
621 618 1
618 616 1
616 613 2
613 619 2
619 616 1
619 620 1
620 617 1
617 618 1
620 621 1
621 619 1
620 647 1
647 629 1
629 623 1
623 622 1
622 624 1
624 623 1
623 626 1
626 625 1
625 622 1
622 628 1
628 625 1
625 627 1
627 624 1
624 630 2
630 627 2
627 626 1
626 629 1
629 628 1
628 630 2
630 629 2
629 638 2
638 632 2
632 623 1
623 641 1
641 632 1
632 631 1
631 622 1
622 640 1
640 631 1
631 633 1
633 624 1
624 642 1
642 633 1
633 632 1
632 635 1
635 626 1
626 644 2
644 635 2
635 634 2
634 625 2
625 643 1
643 634 2
634 631 2
631 637 1
637 628 1
628 646 1
646 637 1
637 634 2
634 636 2
636 627 1
627 645 1
645 636 1
636 633 1
633 639 1
639 630 2
630 648 2
648 639 1
639 636 1
636 635 1
635 638 2
638 637 2
637 639 1
639 638 2
638 647 2
647 641 1
641 640 1
640 642 1
642 641 1
641 644 2
644 643 2
643 640 1
640 646 1
646 643 1
643 645 1
645 642 1
642 648 1
648 645 1
645 644 2
644 647 2
647 646 1
646 648 1
648 647 1
647 728 1
728 674 1
674 675 1
675 729 1
729 702 1
702 693 1
693 690 1
690 688 2
688 691 2
691 692 1
692 689 1
689 690 1
690 699 1
699 696 1
696 702 1
702 699 1
699 697 1
697 700 1
700 691 1
691 693 1
693 692 1
692 701 1
701 695 1
701 698 1
698 699 1
699 726 1
726 672 2
726 708 1
726 717 1
717 715 1
715 718 1
718 709 1
709 727 2
727 718 2
718 712 1
718 719 1
719 716 1
716 717 1
717 720 1
720 711 1
711 729 1
729 720 1
720 714 1
714 723 1
723 705 1
723 721 1
721 722 1
722 723 1
723 726 1
726 724 1
724 721 1
721 727 2
727 724 2
724 725 1
725 722 1
722 728 1
728 701 1
701 700 1
700 702 1
702 701 1
728 719 1
719 720 1
720 718 1
728 725 1
725 726 1
726 729 1
729 723 1
729 727 2
727 728 2
728 729 1
485 467 1
467 461 1
461 464 1
464 465 1
465 462 1
462 468 1
468 465 1
465 463 1
463 466 1
466 460 1
460 478 1
478 469 1
469 470 1
470 461 1
461 479 1
479 470 1
470 471 1
471 462 1
462 480 2
480 471 2
471 469 1
469 472 1
472 463 1
463 481 1
481 472 1
472 473 2
473 464 2
464 467 1
467 466 1
466 468 1
468 467 1
467 476 1
476 470 1
470 473 2
473 474 2
474 465 1
465 483 1
483 474 1
474 471 1
471 477 1
477 468 1
468 486 1
486 477 1
477 474 1
474 472 1
472 475 1
475 466 1
466 484 1
484 475 1
475 469 1
475 476 1
476 473 2
473 482 2
482 464 1
482 479 1
479 478 1
478 480 2
480 479 2
479 485 1
485 476 1
476 477 1
477 475 1
485 482 1
482 481 1
481 478 1
478 484 1
484 481 1
481 483 1
483 480 2
480 486 2
486 483 1
483 482 1
486 484 1
484 485 1
485 486 1
368 367 1
367 369 1
369 368 1

REQUESTS

BLOCKAGES
133 106
146 137
2 8
709 628
115 133
7 61
544 301
555 312
389 392
60 78
699 618
460 433
678 651
309 282
540 702
285 283
6 4
532 538
185 186
606 604
247 4
218 191
356 374
603 522
426 345
505 508
188 185
396 395
89 90
640 646
553 556
95 581
227 218
44 206
625 622
186 105
137 623
530 503
622 379
700 457
700 673
450 441
707 704
65 71
443 200
132 130
511 565
132 114
150 141
472 391
614 371
147 138
281 287
350 351
452 455
195 114
71 557
359 360
233 224
154 73
514 532
641 640
270 324
97 16
681 679
507 669
177 168
240 159
246 252
460 217
422 413
313 304
692 683
408 406
251 413
246 489
144 117
60 33
213 204
166 220
262 253
9 495
153 639
537 534
465 463
512 503
501 499
431 485
101 107
12 66
418 409
409 410
223 196
334 253
139 58
163 164
249 411
232 151
291 297
381 387
282 444
83 137
466 484
454 451
512 269
524 530
414 468
339 393
329 356
50 51
257 258
447 420
248 410
547 520
438 195
679 598
65 551
717 690
274 271
541 542
134 135
653 652
474 465
669 668
366 369
39 201
164 170
340 341
60 57
650 656
663 582
120 93
559 562
483 456
28 34
31 4
152 143
470 471
138 57
531 288
668 671
628 547
622 541
553 310
198 196
329 330
274 436
95 86
691 692
12 21
231 222
508 670
110 116
599 617
319 316
20 74
267 24
107 26
268 262
260 257
377 404
242 161
685 688
714 471
401 158
253 415
348 267
30 39
717 636
442 199
257 14
471 469
79 565
160 157
231 204
606 579
517 514
382 400
338 339
321 318
473 230
591 582
100 154
200 119
28 29
704 722
298 299
223 241
166 163
616 598
728 701
720 693
590 581
135 132
400 157
627 645
393 150
413 410
20 21
448 442
353 326
399 405
365 284
496 550
535 532
339 337
64 67
605 578
551 713
536 293
673 664
98 99
620 539
436 193
428 185
307 280
616 373
671 662
459 432
11 12
255 12
235 721
668 667
41 203
29 30
61 34
505 496
220 139
102 84
722 723
465 438
296 269
76 67
440 359
212 203
113 599
58 59
351 349
472 229
728 725
381 300
369 363
51 49
442 469
221 140
379 352
708 717
652 571
518 491
349 106
144 142
669 675
545 542
589 571
521 522
22 13
98 95
95 96
662 653
360 378
444 435
335 389
388 394
332 251
356 353
86 87
482 239
469 388
343 349
570 579
547 541
227 200
485 467
559 541
181 235
491 492
20 506
579 633
22 508
66 57
126 45
386 380
478 397
520 538
502 664
526 688
161 134
202 199
690 447
118 604
143 62
208 199
129 48
168 654
303 465
662 419
141 114
119 110
584 585
258 312
633 632
335 92
675 672
328 247
294 291
590 644
109 127
714 633
547 709
659 650
703 721
384 357
425 182
711 468
702 621
427 429
538 511
424 430
213 186
414 333
325 244
347 350
697 670
347 104
519 681
346 265
601 602
704 705
454 373
422 423
708 706
415 442
710 629
618 615
682 691
73 55
533 532
272 29
254 245
380 299
297 294
546 708
160 646
471 462
125 126
477 475
224 225
169 166
497 488
384 402
629 623
530 692
713 632
154 640
184 670
340 331
705 651
716 717
3 1
509 500
203 176
410 464
374 365
517 679
387 306
666 665
34 7
142 160
168 87
485 404
364 373
699 681
11 497
627 624
92 578
434 407
183 174
356 357
324 486
75 66
324 297
11 173
527 284
561 552
565 538
273 291
39 48
654 681
516 514
717 720
482 455
302 320
111 117
107 593
16 17
721 712
194 212
592 511
165 183
187 188
198 684
80 242
156 642
79 70
379 381
34 35
726 729
451 424
138 624
546 303
464 302
307 469
314 311
571 580
429 426
608 527
22 184
661 652
697 688
713 686
509 506
143 144
295 52
376 133
578 632
24 15
149 150
412 406
581 578
290 296
248 5
219 138
516 525
121 94
278 251
661 418
265 266
363 354
538 700
186 183
252 9
634 553
244 250
311 284
687 660
693 690
522 516
395 389
665 664
108 105
384 383
521 278
259 16
565 322
251 269
81 243
300 298
369 360
155 154
562 553
33 6
626 644
646 403
603 600
391 364
687 678
123 120
50 47
80 566
151 152
210 201
651 660
550 523
642 641
445 418
368 341
17 18
477 468
224 197
184 238
235 226
77 239
362 353
76 77
67 40
375 372
635 626
355 364
310 319
275 276
379 385
294 267
683 440
200 191
623 596
305 306
553 715
453 210
341 342
715 706
425 424
681 438
484 481
120 118
118 119
105 103
207 204
437 455
182 183
1 7
423 421
629 386
445 202
584 581
414 413
714 705
299 461
241 232
559 721
585 342
516 519
537 699
481 400
279 277
211 212
569 575
598 595
287 449
415 406
231 228
597 354
220 221
500 497
541 298
174 180
207 693
722 713
529 520
393 390
339 336
264 262
27 189
548 545
408 246
153 144
61 223
262 424
234 225
451 457
620 647
594 588
251 305
487 541
624 381
132 129
615 614
315 313
349 268
8 494
158 157
534 516
119 605
384 381
606 363
707 464
586 640
507 264
46 49
594 585
225 144
519 492
501 492
191 209
692 701
67 58
705 624
126 117
603 601
25 79
210 208
343 397
626 599
451 370
315 312
228 234
600 357
683 680
212 213
236 227
591 589
318 75
619 592
238 220
373 375
276 33
573 492
557 530
203 204
162 159
403 322
488 245
257 311
163 649
656 710
203 122
579 336
431 422
656 413
270 261
477 234
427 184
435 433
447 445
587 586
577 658
620 593
76 562
322 295
532 694
369 126
256 265
711 729
97 98
306 303
480 471
191 164
316 73
42 528
296 297
680 681
312 309
707 725
231 717
17 503
615 606
206 692
317 308
475 448
350 377
704 710
274 283
536 698
670 661
543 705
294 292
189 243
550 307
381 399
222 240
279 441
258 15
455 446
562 535
438 436
484 457
587 578
268 430
519 537
689 608
542 299
112 355
647 641
347 266
691 664
421 422
426 425
662 716
377 368
284 281
31 193
217 190
588 591
305 278
272 434
254 308
310 472
654 652
667 673
315 288
591 594
318 480
590 509
560 551
390 389
654 657
538 295
558 531
336 390
723 721
365 122
233 230
114 33
533 536
347 346
46 19
158 149
596 614
373 292
646 648
599 600
234 207
677 596
261 18
115 601
87 85
645 636
4 5
327 246
152 71
585 639
235 208
575 574
321 312
284 285
258 420
180 234
534 540
73 74
649 568
233 234
67 553
173 659
607 604
89 575
17 179
560 533
481 238
552 543
218 224
213 210
66 64
641 560
425 479
367 124
232 223
443 362
650 407
299 272
412 169
192 678
275 272
626 629
719 710
307 308
174 172
110 111
54 52
70 71
448 421
388 361
660 714
69 67
635 392
424 181
133 124
623 626
616 613
441 414
688 691
195 213
167 653
338 335
24 21
194 167
626 383
42 33
250 251
512 513
101 587
695 668
290 281
227 146
148 634
52 214
149 635
289 46
499 490
142 139
521 518
22 76
83 101
475 394
638 637
630 627
684 603
466 223
272 245
99 585
309 300
550 712
590 347
410 167
618 600
515 521
675 673
558 555
309 66
134 107
45 36
601 574
94 85
584 575
406 163
385 304
31 28
251 8
41 42
514 487
719 716
502 503
660 666
615 588
236 155
693 692
199 205
351 405
623 542
85 103
66 39
436 439
132 51
484 241
381 138
56 62
608 365
525 498
312 285
15 13
109 110
406 409
252 270
701 620
323 317
65 227
8 62
200 206
553 544
3 30
235 154
412 331
185 176
617 536
249 246
483 480
117 115
9 63
492 249
266 257
344 263
136 137
201 199
638 557
580 583
296 293
363 361
715 716
637 639
19 73
147 633
554 716
570 624
683 684
450 447
436 409
686 687
276 249
468 441
493 494
126 123
333 252
446 449
701 700
165 219
229 148
88 7
481 472
156 147
539 296
589 508
214 133
227 713
140 137
386 305
640 613
325 331
465 462
393 392
430 187
78 75
516 543
659 668
292 49
127 613
59 545
427 346
469 415
247 248
704 677
165 84
13 14
123 609
438 456
390 309
61 547
316 307
342 99
414 432
123 96
190 191
703 676
557 558
646 619
216 213
62 80
504 666
686 677
33 51
105 24
300 57
498 255
15 18
1 19
222 220
190 196
594 513
81 78
549 548
360 358
52 43
579 498
561 534
497 551
349 346
585 579
680 437
113 112
46 47
579 577
47 38
643 640
31 517
430 421
576 333
36 9
518 519
14 500
389 362
673 670
240 726
389 146
579 582
621 378
504 558
694 451
543 549
728 566
189 187
435 354
12 174
141 139
446 203
544 545
56 218
620 617
714 723
110 83
170 188
202 211
727 724
476 477
372 354
32 518
293 266
582 585
402 393
128 47
449 422
392 149
480 486
649 651
629 602
6 492
274 275
108 162
259 421
45 18
630 603
369 288
710 707
232 229
399 318
563 536
283 445
368 362
514 271
486 405
531 522
450 369
622 640
188 189
598 599
342 340
317 74
488 489
510 267
128 614
400 373
139 148
88 142
621 540
689 680
529 502
270 267
697 454
55 217
506 263
272 278
665 674
80 71
682 655
441 439
18 9
528 285
413 170
625 544
313 286
462 219
268 269
237 723
377 134
25 26
107 161
334 335
707 708
232 233
229 230
84 82
468 387
313 475
255 261
11 65
645 644
326 332
376 367
601 358
31 49
604 610
337 256
131 104
127 118
461 434
246 264
639 612
15 177
612 609
6 24
135 126
63 549
395 314
419 338
211 130
435 192
526 499
644 647
252 306
617 618
507 513
233 152
493 655
133 619
398 371
452 695
321 483
496 253
531 693
158 161
517 490
129 120
475 469
163 217
554 555
225 711
414 411
11 17
332 333
572 569
29 515
583 637
405 404
710 467
73 76
304 277
318 317
116 117
354 273
345 102
5 6
646 565
271 433
617 374
274 31
404 350
249 303
524 686
138 144
574 493
328 329
285 258
216 214
158 77
711 710
311 68
389 308
593 587
267 265
229 715
407 408
288 450
182 101
152 638
224 710
503 557
655 649
540 531
609 582
411 408
141 159
460 463
79 80
82 100
638 611
639 558
175 184
364 366
587 506
510 672
82 568
547 304
699 696
275 293
350 344
728 729
239 242
473 474
520 517
409 427
214 187
402 321
677 650
543 561
281 443
675 666
327 325
461 464
105 102
204 202
443 444
204 177
683 701
560 561
207 126
138 111
514 520
333 330
716 689
44 45
309 315
86 572
332 329
423 477
426 432
708 627
297 295
221 194
180 177
693 450
419 416
23 185
362 363
168 166
567 540
406 424
706 724
610 601
319 76
490 544
357 355
103 157
528 519
206 203
203 194
664 666
386 143
303 60
563 560
722 641
62 224
72 234
186 240
574 583
697 700
228 219
441 198
479 398
129 615
184 187
472 445
25 19
333 90
209 182
430 431
410 407
682 676
446 443
665 659
445 448
377 371
718 475
528 501
275 437
466 460
506 668
2 56
155 641
124 43
55 64
545 518
275 32
219 192
695 533
415 334
454 445
176 95
329 248
92 98
203 689
4 490
436 454
666 663
412 466
162 81
131 617
4 166
22 25
200 201
344 335
717 715
224 221
404 323
14 15
258 267
152 149
298 316
453 444
413 412
701 674
616 589
412 414
276 273
159 645
80 81
408 414
449 206
135 621
208 694
258 255
619 616
157 139
522 495
630 648
51 24
444 363
683 602
558 549
478 469
537 536
44 35
119 38
504 495
506 497
576 630
62 61
691 693
427 481
541 703
423 414
400 397
184 185
421 178
587 344
494 548
474 393
215 206
717 714
598 112
522 684
349 350
653 671
622 628
243 216
462 480
63 62
184 103
212 698
681 678
13 10
6 168
573 576
160 133
179 180
38 44
117 114
420 418
246 244
237 210
132 105
454 457
129 127
700 691
322 79
305 323
284 41
293 50
51 48
410 428
505 667
485 486
565 727
281 282
665 584
292 454
477 450
499 500
21 183
724 725
78 564
638 395
471 477
106 592
202 175
602 603
544 547
294 51
120 39
276 438
628 630
422 476
1 55
389 398
240 213
337 346
194 680
659 660
263 269
608 581
250 7
401 404
212 131
431 425
87 6
339 96
468 465
239 212
47 533
474 472
263 264
428 347
487 649
462 460
161 162
145 118
52 25
264 426
198 216
172 173
547 565
255 309
522 540
256 310
277 295
58 76
482 481
591 510
310 307
447 438
405 396
301 298
539 512
390 147
93 579
252 250
281 38
269 26
228 147
525 534
175 176
609 366
200 686
487 505
1 487
492 510
713 719
226 227
649 650
360 279
252 414
621 618
391 382
556 529
592 349
209 200
477 474
549 546
721 694
458 215
183 189
713 470
113 86
601 520
337 391
534 291
661 715
92 11
659 713
380 383
83 2
624 630
257 254
348 345
450 423
416 407
711 630
569 570
93 91
338 95
689 686
411 330
728 719
333 351
515 533
669 723
601 598
351 270
285 447
201 207
9 171
385 386
48 30
554 551
331 250
53 215
104 95
660 417
348 105
441 360
174 165
575 572
500 491
670 589
656 657
694 700
139 625
362 335
710 709
56 57
651 408
13 175
600 598
298 271
310 283
607 609
585 583
311 473
120 126
637 634
721 727
171 169
297 270
604 605
360 117
314 71
639 630
513 567
18 504
206 197
59 56
288 261
563 725
242 215
208 211
537 294
671 670
500 554
382 384
331 349
261 252
18 12
567 729
294 276
495 549
51 537
95 92
153 150
105 159
101 102
283 284
628 625
91 82
359 377
319 321
669 426
557 719
38 11
467 461
571 625
680 677
722 728
171 657
118 124
122 608
318 291
656 665
633 639
395 386
572 590
443 452
625 382
10 496
489 570
323 80
229 238
565 566
544 517
606 525
445 436
657 576
97 151
518 275
419 410
618 375
658 685
384 141
28 1
685 442
558 720
148 67
400 319
263 254
253 10
205 206
68 59
137 138
595 514
344 343
565 559
502 259
38 39
96 87
141 627
513 270
159 132
686 692
432 423
473 392
421 340
464 437
695 209
8 5
261 315
54 45
136 109
443 434
528 690
44 41
18 72
179 233
119 92
156 155
570 327
405 162
343 100
134 53
627 384
675 729
428 482
36 34
368 125
196 169
323 324
196 214
137 110
136 154
366 365
32 33
548 710
331 328
631 637
652 670
401 400
417 423
323 296
43 40
374 131
369 368
453 372
250 247
566 567
216 135
697 616
151 142
434 440
266 428
267 264
316 289
573 330
489 492
582 636
273 435
281 272
430 349
98 89
462 468
228 201
247 301
152 125
244 406
448 449
103 94
48 54
438 435
128 119
520 521
690 699
209 452
712 658
247 256
201 687
67 68
713 704
73 559
23 20
206 179
400 391
323 314
456 453
444 442
5 59
534 696
538 529
137 143
508 562
191 677
567 564
364 361
674 668
140 141
63 81
47 53
580 634
456 429
651 669
194 191
96 99
198 117
55 56
482 464
589 592
705 703
620 377
612 531
312 303
583 502
353 272
328 325
562 724
173 164
472 475
587 590
233 719
78 51
485 476
666 720
154 127
250 304
62 548
40 13
590 589
634 636
399 156
345 344
354 327
85 571
352 353
91 97
26 80
682 601
567 324
488 542
16 13
497 659
343 345
652 649
588 507
586 505
164 182
431 188
32 5
678 435
569 623
255 253
179 170
608 605
455 428
568 574
631 577
394 385
596 353
464 221
626 625
702 701
660 658
588 587
307 298
712 715
393 312
119 120
706 709
696 615
653 654
193 166
551 524
507 561
680 698
556 313
142 61
150 123
362 281
646 637
177 174
370 289
525 523
459 456
418 419
338 392
655 709
262 263
495 657
134 620
102 100
349 340
515 677
324 322
24 510
128 101
256 418
329 338
373 355
605 596
470 389
106 160
641 644
496 658
205 691
130 112
405 378
157 154
677 683
543 541
95 14
559 316
52 53
676 694
669 588
533 614
510 501
283 292
644 401
489 516
419 420
352 109
545 546
93 102
238 235
481 454
128 129
320 482
466 439
337 334
118 91
85 4
464 467
610 607
101 155
396 387
385 358
468 467
336 327
282 288
43 16
243 729
478 235
667 669
49 40
474 471
112 109
26 512
456 375
542 704
422 179
20 26
22 23
378 375
325 326
56 74
217 136
426 417
66 228
74 75
682 439
269 266
587 641
328 337
509 563
192 210
201 174
497 503
383 140
597 603
630 629
429 348
520 277
664 658
667 721
689 662
425 428
90 84
170 656
50 212
171 168
106 25
16 502
588 345
589 346
111 30
718 709
557 314
448 367
276 274
40 526
68 230
707 680
317 479
465 222
53 54
244 262
463 436
280 286
374 373
297 459
146 147
578 497
723 696
435 441
458 440
346 348
545 302
699 726
585 504
223 709
576 495
17 14
65 66
484 403
425 416
280 281
664 583
575 332
500 257
483 482
494 656
575 593
64 73
635 634
353 110
93 96
243 162
569 326
583 592
525 282
522 520
628 601
630 549
131 132
499 661
624 543
125 611
450 449
438 357
469 470
604 361
243 234
465 384
66 552
271 244
183 102
189 675
375 374
122 41
351 348
483 402
362 371
246 3
14 68
281 254
245 407
97 94
373 370
21 3
664 421
153 72
437 438
392 383
439 196
444 450
473 446
79 241
137 56
478 480
83 89
663 661
73 235
698 671
313 310
214 215
316 478
544 562
1 163
15 501
356 275
148 149
75 73
204 201
189 186
33 195
496 497
152 153
295 457
398 155
685 712
41 38
109 115
396 153
139 140
470 461
361 367
629 638
102 108
167 164
467 476
14 176
59 32
162 160
592 586
265 268
564 726
371 370
666 657
3 12
385 403
94 91
675 432
701 458
452 451
449 368
377 296
371 128
105 591
702 459
188 674
319 292
320 77
107 104
92 93
613 532
383 401
43 205
592 574
231 150
602 599
161 152
633 624
568 622
149 122
729 486
636 635
341 332
357 276
271 277
392 391
678 696
191 197
418 175
382 139
206 125
719 692
19 20
49 211
661 662
205 196
721 640
224 242
217 223
372 129
169 655
503 260
615 534
303 301
279 297
68 554
347 329
226 145
76 79
178 169
524 515
90 9
513 511
52 46
61 63
238 157
635 554
108 27
27 81
432 430
33 519
12 498
577 604
149 140
479 470
618 537
571 572
65 38
74 47
193 194
151 637
243 240
555 528
12 15
148 157
445 446
625 598
698 697
639 636
689 690
89 107
3 165
407 413
361 334
712 713
462 381
91 577
552 558
390 363
35 36
57 543
417 471
427 424
265 319
185 671
303 321
598 571
91 145
2 488
69 231
611 530
180 99
456 454
164 83
125 44
350 341
612 603
420 474
252 249
618 591
523 280
263 425
68 65
448 205
238 211
392 311
45 531
79 52
568 586
653 572
32 194
161 80
287 260
213 132
402 375
497 498
159 158
111 597
204 195
367 286
695 686
723 726
176 662
419 473
71 62
277 34
130 103
718 637
671 590
212 185
285 294
28 514
199 200
491 545
291 264
461 479
378 297
297 54
588 570
82 136
690 663
504 502
366 363
372 371
593 594
261 423
559 532
10 11
118 109
186 672
523 524
345 399
113 131
88 106
218 704
62 35
321 294
649 667
111 114
701 695
648 645
523 685
549 567
687 693
259 256
388 307
86 83
320 293
20 182
164 650
433 436
677 678
662 581
430 427
528 531
531 504
260 422
492 654
412 430
381 327
183 237
642 561
422 341
672 429
398 401
644 563
346 343
1 2
541 550
164 218
481 478
584 638
158 644
424 478
428 431
674 593
396 393
317 290
247 409
195 193
185 182
566 539
617 608
85 139
608 611
70 556
666 423
350 107
675 594
37 10
494 251
291 453
7 493
668 587
477 396
340 259
502 499
277 278
27 24
35 8
379 136
699 456
136 142
222 708
452 290
264 270
550 559
286 287
240 237
523 514
288 285
115 34
686 443
723 480
248 249
65 56
230 716
131 50
642 399
602 359
442 361
610 612
205 202
269 270
586 343
420 339
679 652
138 156
429 420
343 262
96 582
306 279
428 427
71 72
375 294
700 702
686 659
648 405
45 43
537 528
665 719
499 496
278 279
34 520
81 72
249 247
632 605
212 209
239 725
270 27
532 534
610 367
541 544
40 37
10 16
666 585
608 599
57 219
367 340
461 462
634 391
451 453
444 201
312 69
100 586
728 485
373 346
280 37
352 271
579 588
461 218
457 376
488 650
688 607
356 365
317 316
378 377
326 83
292 293
19 10
588 642
436 437
543 300
600 609
301 302
583 577
546 544
486 459
409 328
52 538
483 240
36 54
457 439
690 609
684 681
564 561
509 671
668 650
481 483
261 259
702 699
447 204
607 580
345 336
155 158
404 395
661 580
570 597
64 550
599 596
176 173
654 411
335 341
352 358
216 207
712 703
527 528
123 42
151 124
568 325
116 602
539 701
545 707
290 263
74 65
169 170
311 302
183 181
177 231
8 9
678 676
37 199
207 198
397 154
207 180
26 188
629 548
45 207
200 173
192 111
70 232
19 22
632 623
150 148
51 42
366 285
440 437
61 79
491 488
25 16
221 222
668 722
30 28
671 672
157 76
150 147
263 317
287 288
457 458
614 605
442 445
172 226
174 228
557 554
529 530
467 440
130 49
162 648
396 369
391 388
712 631
262 265
431 350
37 38
280 253
301 310
469 460
476 395
121 607
219 705
474 231
321 78
61 55
496 487
102 156
398 397
437 410
410 329
181 667
239 238
9 27
400 402
180 171
204 690
275 248
679 682
521 494
458 377
63 60
249 258
310 311
705 711
652 409
302 303
299 317
171 90
371 374
147 66
460 478
526 283
501 555
138 136
635 608
241 242
577 568
253 254
341 338
314 476
78 76
563 320
116 113
597 516
265 427
175 229
172 178
494 512
192 190
509 266
333 331
186 177
401 392
260 261
299 300
470 473
576 575
103 106
114 123
648 567
103 104
459 457
708 705
255 417
512 566
292 295
192 165
147 153
89 143
299 56
330 384
383 329
552 714
104 23
264 255
333 387
77 74
43 34
664 718
317 320
590 591
623 641
583 584
603 621
623 622
137 155
556 718
694 685
463 481
134 125
388 145
123 121
222 195
355 328
342 339
397 370
488 494
166 85
144 141
659 416
183 669
637 610
69 60
187 106
708 465
432 351
391 310
77 68
478 451
399 372
617 616
643 645
178 97
469 226
4 58
574 331
344 347
50 41
127 100
446 419
359 332
194 195
331 88
658 415
124 97
424 426
164 165
416 422
114 113
500 501
473 464
88 574
158 131
346 103
506 560
612 611
327 345
562 319
605 524
39 525
596 569
284 446
698 699
487 493
131 128
439 433
407 461
633 606
53 539
371 344
551 557
571 568
449 440
126 99
224 143
202 203
705 678
529 526
695 694
564 321
724 697
290 47
177 96
548 521
718 691
196 115
110 596
371 452
678 684
503 500
475 466
213 699
674 431
11 2
553 554
501 504
577 578
535 292
404 161
365 368
30 57
167 221
411 409
181 184
536 535
72 63
634 625
230 227
390 381
470 443
555 717
640 559
335 254
223 142
599 518
671 725
706 625
229 202
99 18
285 42
36 198
399 390
353 359
299 305
370 127
502 556
725 644
24 186
242 236
110 128
582 339
434 437
247 244
684 682
584 503
75 561
266 263
631 388
406 325
569 488
271 289
511 673
536 527
225 243
667 586
383 386
495 489
542 560
637 394
639 638
127 46
458 452
673 674
427 418
434 191
336 342
663 654
507 505
531 525
245 2
104 590
69 555
289 451
484 475
301 463
3 6
242 728
632 635
406 407
403 160
721 722
421 412
97 88
603 576
295 296
41 32
685 676
84 87
43 44
401 374
342 333
372 378
364 283
104 158
63 225
619 376
25 187
600 573
535 526
18 180
527 689
549 522
425 344
41 14
597 595
108 594
568 487
518 536
704 461
128 134
416 417
485 482
242 233
688 661
635 638
653 707
323 485
355 356
703 704
312 474
395 394
604 523
688 689
87 573
379 397
282 39
254 416
658 659
357 330
189 108
719 720
308 314
650 651
457 448
510 508
292 274
498 660
318 309
142 115
651 489
161 155
383 356
5 2
667 658
647 629
572 491
719 476
726 724
437 194
245 246
133 52
345 264
495 493
96 150
484 485
54 27
70 43
439 412
709 711
26 27
148 121
181 182
47 48
227 233
305 467
253 307
328 382
492 495
173 179
611 584
259 250
532 505
82 88
533 290
179 665
387 385
291 282
368 359
387 384
39 42
508 511
254 255
694 667
580 577
57 3
419 176
123 132
488 506
262 316
309 471
53 44
413 332
513 504
605 362
702 675
178 664
228 714
440 197
145 151
374 293
723 642
636 555
278 275
599 356
298 460
643 400
502 493
272 290
576 594
244 298
288 279
581 338
111 129
177 175
663 420
359 356
530 521
640 397
21 27
159 156
273 271
634 607
101 92
670 672
58 61
262 19
709 703
87 105
209 128
217 235
195 192
226 712
561 559
416 470
507 489
245 251
440 413
140 626
301 58
709 727
480 453
696 687
41 527
26 23
190 163
269 323
404 403
690 688
82 83
455 454
453 452
550 553
14 5
354 111
193 202
165 651
237 243
178 232
28 190
576 570
191 192
387 144
330 328
327 84
479 478
306 468
214 205
344 101
727 646
715 718
305 302
161 647
116 134
679 697
287 44
48 210
453 459
416 173
48 534
672 669
5 167
211 193
190 109
517 518
49 50
240 231
197 116
104 101
378 135
348 402
693 612
503 665
663 717
467 466
556 557
466 468
154 156
397 388
580 581
133 134
420 417
726 483
146 632
181 100
572 626
596 597
350 269
326 245
358 277
90 108
703 622
303 276
348 330
700 682
30 192
538 539
645 642
195 168
330 87
708 654
632 389
94 148
479 452
548 547
627 626
491 653
286 448
376 295
326 327
368 287
645 564
462 435
254 11
28 46
485 458
662 665
611 610
687 606
558 556
632 631
636 393
720 711
331 332
197 215
124 610
473 482
219 225
490 508
614 613
711 708
234 231
536 509
214 700
543 489
197 683
615 621
242 243
420 411
575 494
85 86
92 83
459 216
174 93
181 172
96 94
501 663
58 220
142 143
463 382
570 568
555 546
535 508
540 513
213 211
716 473
706 707
26 17
451 442
121 122
49 22
279 276
458 431
627 600
523 496
171 189
641 398
687 444
645 402
650 653
684 702
715 634
447 444
550 551
372 291
405 402
220 193
146 152
677 695
512 674
624 642
620 621
490 491
172 91
49 535
592 646
143 116
648 647
426 480
644 643
597 600
25 511
155 74
170 89
549 711
80 53
334 340
527 518
706 679
476 449
57 75
253 259
199 685
300 273
363 120
642 615
494 495
556 550
130 131
171 225
77 563
566 647
489 3
45 39
455 374
283 40
115 88
4 22
277 439
316 318
643 562
471 390
133 127
222 219
383 382
250 268
627 546
81 79
325 82
482 401
156 75
511 512
47 209
17 71
121 130
136 622
205 178
423 342
86 5
151 148
302 299
560 566
582 573
313 70
255 246
166 167
196 682
657 675
684 441
237 236
122 95
411 429
595 613
129 135
124 115
236 209
716 707
307 313
54 540
583 340
660 663
527 524
458 459
10 172
13 4
172 163
415 418
672 663
600 114
94 13
352 325
698 617
361 362
202 688
524 525
332 89
655 412
81 54
84 570
407 326
546 519
379 298
378 369
320 311
380 326
53 50
532 289
340 394
361 352
404 398
189 180
322 319
311 308
402 399
239 230
727 728
106 97
656 575
435 453
284 257
648 639
9 3
703 460
302 59
382 379
162 135
336 93
182 188
15 6
244 1
241 238
286 43
2 20
614 695
110 29
463 464
208 181
227 228
178 175
424 343
405 324
475 476
357 375
150 636
72 45
93 12
98 584
44 530
117 135
260 314
562 565
586 577
304 305
472 463
304 322
387 360
498 507
23 77
458 455
335 336
99 93
120 111
729 702
515 516
180 178
370 376
363 336
611 620
35 521
621 594
240 239
48 21
94 580
605 606
267 321
251 252
266 320
594 351
55 28
428 419
159 78
115 116
74 560
267 249
370 372
190 676
551 308
167 185
274 247
176 230
122 119
628 385
112 121
574 571
315 477
145 631
173 174
367 358
315 306
170 171
493 250
320 319
235 241
33 36
409 463
278 35
619 620
144 63
382 355
657 655
167 168
70 64
448 450
314 287
680 653
607 364
539 540
652 706
546 564
341 98
226 199
220 706
50 23
582 580
530 527
193 190
476 233
491 509
581 500
126 124
613 615
15 69
446 365
571 490
508 265
35 53
729 727
542 515
563 564
29 35
525 687
376 378
37 28
479 236
408 462
408 426
296 287
618 616
563 554
463 220
151 70
313 314
226 217
613 619
348 347
289 290
720 714
394 367
498 496
168 165
621 612
589 643
578 569
59 77
573 591
221 218
596 602
301 274
684 657
112 31
548 566
572 573
286 277
330 339
580 337
261 258
552 309
248 266
388 390
696 695
166 175
35 197
645 618
434 353
724 715
342 396
526 523
380 379
370 361
336 334
304 301
117 90
30 516
8 170
225 222
324 315
578 584
241 160
197 198
141 60
34 31
210 216
646 643
116 89
443 416
198 171
398 380
566 323
64 65
140 113
506 507
163 82
433 352
517 274
418 421
616 535
689 446
237 156
287 284
241 727
393 366
636 609
226 232
676 679
483 474
208 127

TERMINALS
3
14
17
30
43
62
73
78
101
106
108
109
111
112
114
123
143
146
165
166
172
209
212
215
220
234
261
264
265
281
292
298
303
323
326
329
332
350
366
370
375
394
399
400
415
431
439
440
441
473
480
493
506
518
526
540
552
553
579
580
595
611
613
630
634
638
644
654
656
658
663
672
687
688
704
727

END
