INSTANCE_NAME cc9-2u.dat
NB_VERTICES 512
NB_ARCS 2304
NB_REQUESTS 0
NB_BLOCKAGES 1728
NB_TERMINALS 64

VERTICES
1 0 0
2 0 0
3 0 0
4 0 0
5 0 0
6 0 0
7 0 0
8 0 0
9 0 0
10 0 0
11 0 0
12 0 0
13 0 0
14 0 0
15 0 0
16 0 0
17 0 0
18 0 0
19 0 0
20 0 0
21 0 0
22 0 0
23 0 0
24 0 0
25 0 0
26 0 0
27 0 0
28 0 0
29 0 0
30 0 0
31 0 0
32 0 0
33 0 0
34 0 0
35 0 0
36 0 0
37 0 0
38 0 0
39 0 0
40 0 0
41 0 0
42 0 0
43 0 0
44 0 0
45 0 0
46 0 0
47 0 0
48 0 0
49 0 0
50 0 0
51 0 0
52 0 0
53 0 0
54 0 0
55 0 0
56 0 0
57 0 0
58 0 0
59 0 0
60 0 0
61 0 0
62 0 0
63 0 0
64 0 0
65 0 0
66 0 0
67 0 0
68 0 0
69 0 0
70 0 0
71 0 0
72 0 0
73 0 0
74 0 0
75 0 0
76 0 0
77 0 0
78 0 0
79 0 0
80 0 0
81 0 0
82 0 0
83 0 0
84 0 0
85 0 0
86 0 0
87 0 0
88 0 0
89 0 0
90 0 0
91 0 0
92 0 0
93 0 0
94 0 0
95 0 0
96 0 0
97 0 0
98 0 0
99 0 0
100 0 0
101 0 0
102 0 0
103 0 0
104 0 0
105 0 0
106 0 0
107 0 0
108 0 0
109 0 0
110 0 0
111 0 0
112 0 0
113 0 0
114 0 0
115 0 0
116 0 0
117 0 0
118 0 0
119 0 0
120 0 0
121 0 0
122 0 0
123 0 0
124 0 0
125 0 0
126 0 0
127 0 0
128 0 0
129 0 0
130 0 0
131 0 0
132 0 0
133 0 0
134 0 0
135 0 0
136 0 0
137 0 0
138 0 0
139 0 0
140 0 0
141 0 0
142 0 0
143 0 0
144 0 0
145 0 0
146 0 0
147 0 0
148 0 0
149 0 0
150 0 0
151 0 0
152 0 0
153 0 0
154 0 0
155 0 0
156 0 0
157 0 0
158 0 0
159 0 0
160 0 0
161 0 0
162 0 0
163 0 0
164 0 0
165 0 0
166 0 0
167 0 0
168 0 0
169 0 0
170 0 0
171 0 0
172 0 0
173 0 0
174 0 0
175 0 0
176 0 0
177 0 0
178 0 0
179 0 0
180 0 0
181 0 0
182 0 0
183 0 0
184 0 0
185 0 0
186 0 0
187 0 0
188 0 0
189 0 0
190 0 0
191 0 0
192 0 0
193 0 0
194 0 0
195 0 0
196 0 0
197 0 0
198 0 0
199 0 0
200 0 0
201 0 0
202 0 0
203 0 0
204 0 0
205 0 0
206 0 0
207 0 0
208 0 0
209 0 0
210 0 0
211 0 0
212 0 0
213 0 0
214 0 0
215 0 0
216 0 0
217 0 0
218 0 0
219 0 0
220 0 0
221 0 0
222 0 0
223 0 0
224 0 0
225 0 0
226 0 0
227 0 0
228 0 0
229 0 0
230 0 0
231 0 0
232 0 0
233 0 0
234 0 0
235 0 0
236 0 0
237 0 0
238 0 0
239 0 0
240 0 0
241 0 0
242 0 0
243 0 0
244 0 0
245 0 0
246 0 0
247 0 0
248 0 0
249 0 0
250 0 0
251 0 0
252 0 0
253 0 0
254 0 0
255 0 0
256 0 0
257 0 0
258 0 0
259 0 0
260 0 0
261 0 0
262 0 0
263 0 0
264 0 0
265 0 0
266 0 0
267 0 0
268 0 0
269 0 0
270 0 0
271 0 0
272 0 0
273 0 0
274 0 0
275 0 0
276 0 0
277 0 0
278 0 0
279 0 0
280 0 0
281 0 0
282 0 0
283 0 0
284 0 0
285 0 0
286 0 0
287 0 0
288 0 0
289 0 0
290 0 0
291 0 0
292 0 0
293 0 0
294 0 0
295 0 0
296 0 0
297 0 0
298 0 0
299 0 0
300 0 0
301 0 0
302 0 0
303 0 0
304 0 0
305 0 0
306 0 0
307 0 0
308 0 0
309 0 0
310 0 0
311 0 0
312 0 0
313 0 0
314 0 0
315 0 0
316 0 0
317 0 0
318 0 0
319 0 0
320 0 0
321 0 0
322 0 0
323 0 0
324 0 0
325 0 0
326 0 0
327 0 0
328 0 0
329 0 0
330 0 0
331 0 0
332 0 0
333 0 0
334 0 0
335 0 0
336 0 0
337 0 0
338 0 0
339 0 0
340 0 0
341 0 0
342 0 0
343 0 0
344 0 0
345 0 0
346 0 0
347 0 0
348 0 0
349 0 0
350 0 0
351 0 0
352 0 0
353 0 0
354 0 0
355 0 0
356 0 0
357 0 0
358 0 0
359 0 0
360 0 0
361 0 0
362 0 0
363 0 0
364 0 0
365 0 0
366 0 0
367 0 0
368 0 0
369 0 0
370 0 0
371 0 0
372 0 0
373 0 0
374 0 0
375 0 0
376 0 0
377 0 0
378 0 0
379 0 0
380 0 0
381 0 0
382 0 0
383 0 0
384 0 0
385 0 0
386 0 0
387 0 0
388 0 0
389 0 0
390 0 0
391 0 0
392 0 0
393 0 0
394 0 0
395 0 0
396 0 0
397 0 0
398 0 0
399 0 0
400 0 0
401 0 0
402 0 0
403 0 0
404 0 0
405 0 0
406 0 0
407 0 0
408 0 0
409 0 0
410 0 0
411 0 0
412 0 0
413 0 0
414 0 0
415 0 0
416 0 0
417 0 0
418 0 0
419 0 0
420 0 0
421 0 0
422 0 0
423 0 0
424 0 0
425 0 0
426 0 0
427 0 0
428 0 0
429 0 0
430 0 0
431 0 0
432 0 0
433 0 0
434 0 0
435 0 0
436 0 0
437 0 0
438 0 0
439 0 0
440 0 0
441 0 0
442 0 0
443 0 0
444 0 0
445 0 0
446 0 0
447 0 0
448 0 0
449 0 0
450 0 0
451 0 0
452 0 0
453 0 0
454 0 0
455 0 0
456 0 0
457 0 0
458 0 0
459 0 0
460 0 0
461 0 0
462 0 0
463 0 0
464 0 0
465 0 0
466 0 0
467 0 0
468 0 0
469 0 0
470 0 0
471 0 0
472 0 0
473 0 0
474 0 0
475 0 0
476 0 0
477 0 0
478 0 0
479 0 0
480 0 0
481 0 0
482 0 0
483 0 0
484 0 0
485 0 0
486 0 0
487 0 0
488 0 0
489 0 0
490 0 0
491 0 0
492 0 0
493 0 0
494 0 0
495 0 0
496 0 0
497 0 0
498 0 0
499 0 0
500 0 0
501 0 0
502 0 0
503 0 0
504 0 0
505 0 0
506 0 0
507 0 0
508 0 0
509 0 0
510 0 0
511 0 0
512 0 0

ARCS
12 4 2
4 2 1
2 1 1
1 3 1
3 4 1
4 8 1
8 6 1
6 2 1
2 10 1
10 9 1
9 1 1
1 5 1
5 6 1
6 14 1
14 10 1
10 12 2
12 11 2
11 3 1
3 7 1
7 5 1
5 13 1
13 9 1
9 11 1
11 15 2
15 7 2
7 8 1
8 16 1
16 12 2
12 28 2
28 20 1
20 4 1
4 36 1
36 34 1
34 2 1
2 18 2
18 17 2
17 1 1
1 33 1
33 34 1
34 38 1
38 6 1
6 22 2
22 18 3
18 20 2
20 19 1
19 3 1
3 35 1
35 33 1
33 37 1
37 5 1
5 21 1
21 17 1
17 19 1
19 23 1
23 7 1
7 39 1
39 35 1
35 36 1
36 40 1
40 8 1
8 24 1
24 20 1
20 52 1
52 36 1
36 44 1
44 12 2
12 76 2
76 68 1
68 4 1
4 132 1
132 130 1
130 2 1
2 66 1
66 65 2
65 1 2
1 129 1
129 130 1
130 134 1
134 6 1
6 70 1
70 66 1
66 68 1
68 67 1
67 3 1
3 131 2
131 129 2
129 133 1
133 5 1
5 69 1
69 65 2
65 67 2
67 71 1
71 7 1
7 135 1
135 131 2
131 132 2
132 136 1
136 8 1
8 72 2
72 68 2
68 84 1
84 20 1
20 148 1
148 132 1
132 140 1
140 12 2
12 268 2
268 260 1
260 4 1
260 258 1
258 2 1
258 257 1
257 1 1
257 259 1
259 3 1
259 260 1
260 264 1
264 8 1
264 262 1
262 6 1
262 258 1
258 266 1
266 10 1
10 26 1
26 18 2
18 50 3
50 34 2
34 42 1
42 10 1
10 74 1
74 66 1
66 82 1
82 18 2
18 146 2
146 130 1
130 138 1
138 10 1
138 137 1
137 9 1
9 25 1
25 17 1
17 49 1
49 33 1
33 41 2
41 9 2
9 73 1
73 65 2
65 81 2
81 17 1
17 145 1
145 129 1
129 137 1
137 139 1
139 11 1
11 27 1
27 19 1
19 51 1
51 35 1
35 43 1
43 11 1
11 75 1
75 67 1
67 83 1
83 19 1
19 147 1
147 131 2
131 139 2
139 140 1
140 138 1
138 142 2
142 14 2
14 13 1
13 15 2
15 16 2
16 14 1
14 30 1
30 22 2
22 21 2
21 23 1
23 24 1
24 22 2
22 54 2
54 38 1
38 37 1
37 39 1
39 40 1
40 38 1
38 46 1
46 14 1
14 78 1
78 70 1
70 69 1
69 71 1
71 72 2
72 70 2
70 86 1
86 22 2
22 150 2
150 134 1
134 133 1
133 135 1
135 136 1
136 134 1
134 142 2
142 141 2
141 13 1
13 29 1
29 21 1
21 53 1
53 37 1
37 45 1
45 13 1
13 77 1
77 69 1
69 85 1
85 21 1
21 149 1
149 133 1
133 141 1
141 137 1
137 153 2
153 25 2
25 26 1
26 28 1
28 27 1
27 25 1
25 29 1
29 30 1
30 26 1
26 58 1
58 42 1
42 41 2
41 43 2
43 44 1
44 42 1
42 46 1
46 45 1
45 41 2
41 57 2
57 25 1
25 89 1
89 73 1
73 74 1
74 76 1
76 75 1
75 73 1
73 77 1
77 78 1
78 74 1
74 90 1
90 26 1
26 154 1
154 138 1
138 170 1
170 42 1
42 106 1
106 74 1
74 202 2
202 138 2
138 394 1
394 266 1
266 265 2
265 9 2
265 257 2
257 261 2
261 5 2
261 262 2
262 270 1
270 14 1
270 266 1
266 268 1
268 267 1
267 11 1
267 259 1
259 263 1
263 7 1
263 261 2
261 269 2
269 13 1
269 265 2
265 267 2
267 271 1
271 15 2
15 31 2
31 23 1
23 55 2
55 39 2
39 47 1
47 15 2
15 79 2
79 71 1
71 87 1
87 23 1
23 151 2
151 135 2
135 143 1
143 15 2
143 139 1
139 155 1
155 27 1
27 31 1
31 29 1
29 61 1
61 45 1
45 47 1
47 43 1
43 59 1
59 27 1
27 91 2
91 75 2
75 79 1
79 77 1
77 93 2
93 29 2
29 157 1
157 141 1
141 143 1
143 144 1
144 16 1
16 32 1
32 24 1
24 56 1
56 40 1
40 48 2
48 16 2
16 80 1
80 72 2
72 88 2
88 24 1
24 152 1
152 136 1
136 144 1
144 140 1
140 156 1
156 28 1
28 32 1
32 30 1
30 62 1
62 46 1
46 48 2
48 44 2
44 60 1
60 28 1
28 92 1
92 76 1
76 80 1
80 78 1
78 94 1
94 30 1
30 158 1
158 142 2
142 144 2
144 160 1
160 32 1
32 31 1
31 63 1
63 47 1
47 48 2
48 64 2
64 32 1
32 96 1
96 80 1
80 79 1
79 95 1
95 31 1
31 159 1
159 143 1
143 175 1
175 47 1
47 111 1
111 79 1
79 207 1
207 143 1
143 399 1
399 271 1
271 263 1
263 264 1
264 272 1
272 16 1
272 268 1
268 284 1
284 28 1
284 276 1
276 20 1
276 260 1
260 292 1
292 36 1
36 100 1
100 68 1
68 196 1
196 132 1
132 164 2
164 36 2
164 162 2
162 34 1
34 98 1
98 66 1
66 194 1
194 130 1
130 162 1
162 161 1
161 33 1
33 97 1
97 65 2
65 193 2
193 129 1
129 161 1
161 163 1
163 35 1
35 99 2
99 67 2
67 195 1
195 131 2
131 163 2
163 164 2
164 168 2
168 40 1
40 104 1
104 72 2
72 200 2
200 136 1
136 168 1
168 166 1
166 38 1
38 102 2
102 70 2
70 198 1
198 134 1
134 166 1
166 162 1
162 170 1
170 169 1
169 41 2
41 105 2
105 73 1
73 201 1
201 137 1
137 169 1
169 161 1
161 165 2
165 37 2
37 101 1
101 69 1
69 197 2
197 133 2
133 165 2
165 166 2
166 174 1
174 46 1
46 110 1
110 78 1
78 206 1
206 142 2
142 174 2
174 170 1
170 172 1
172 44 1
44 108 1
108 76 1
76 204 1
204 140 1
140 172 1
172 164 2
164 180 2
180 52 1
52 50 2
50 49 2
49 51 1
51 52 1
52 56 1
56 54 1
54 50 2
50 58 2
58 57 1
57 49 1
49 53 1
53 54 1
54 62 1
62 58 1
58 60 1
60 52 1
52 116 1
116 84 1
84 82 1
82 81 1
81 83 1
83 84 1
84 88 1
88 86 1
86 82 1
82 90 1
90 89 1
89 81 1
81 85 1
85 86 1
86 94 1
94 90 1
90 92 1
92 84 1
84 212 2
212 148 2
148 146 1
146 145 1
145 147 1
147 148 1
148 152 1
152 150 1
150 146 1
146 154 1
154 153 2
153 145 2
145 149 1
149 150 1
150 158 1
158 154 1
154 156 1
156 148 1
148 180 1
180 178 1
178 50 2
50 114 2
114 82 1
82 210 1
210 146 1
146 178 1
178 162 1
162 226 1
226 98 1
98 97 1
97 99 2
99 100 2
100 98 1
98 102 2
102 101 2
101 97 1
97 105 1
105 106 1
106 98 1
98 114 1
114 113 1
113 49 1
49 177 1
177 145 1
145 209 1
209 81 1
81 113 1
113 97 1
97 225 1
225 161 1
161 177 1
177 178 1
178 182 1
182 54 1
54 118 1
118 86 1
86 214 1
214 150 1
150 182 1
182 166 1
166 230 1
230 102 2
102 104 2
104 100 1
100 108 1
108 106 1
106 110 1
110 102 2
102 118 2
118 114 1
114 116 1
116 100 1
100 228 1
228 164 2
164 420 2
420 292 1
292 290 2
290 34 2
290 258 2
258 274 1
274 18 2
274 273 1
273 17 1
273 257 1
257 289 1
289 33 1
289 290 2
290 294 2
294 38 1
294 262 1
262 278 1
278 22 2
278 274 1
274 276 1
276 275 2
275 19 2
275 259 2
259 291 1
291 35 1
291 289 1
289 293 1
293 37 1
293 261 2
261 277 2
277 21 1
277 273 1
273 275 2
275 279 2
279 23 1
279 263 1
263 295 1
295 39 1
39 103 1
103 71 1
71 199 1
199 135 1
135 167 1
167 39 1
167 163 1
163 171 1
171 43 1
43 107 1
107 75 1
75 203 1
203 139 1
139 171 1
171 169 1
169 173 1
173 45 1
45 109 1
109 77 1
77 205 1
205 141 1
141 173 1
173 165 2
165 167 2
167 168 1
168 176 1
176 48 2
48 112 2
112 80 1
80 208 1
208 144 1
144 176 1
176 172 1
172 171 1
171 175 1
175 167 1
167 183 1
183 55 2
55 51 2
51 59 1
59 57 1
57 61 1
61 53 1
53 55 2
55 56 2
56 64 1
64 60 1
60 59 1
59 63 1
63 55 2
55 119 2
119 87 1
87 83 1
83 91 2
91 89 2
89 93 2
93 85 2
85 87 1
87 88 1
88 96 1
96 92 1
92 91 2
91 95 2
95 87 1
87 215 1
215 151 2
151 147 2
147 155 1
155 153 2
153 157 2
157 149 1
149 151 2
151 152 2
152 160 1
160 156 1
156 155 1
155 159 1
159 151 2
151 183 2
183 179 1
179 51 1
51 115 1
115 83 1
83 211 1
211 147 1
147 179 1
179 163 1
163 227 1
227 99 2
99 103 2
103 101 1
101 109 1
109 105 1
105 107 1
107 99 2
99 115 2
115 113 1
113 117 1
117 53 1
53 181 1
181 149 1
149 213 1
213 85 1
85 117 1
117 101 1
101 229 1
229 165 2
165 181 2
181 177 1
177 179 1
179 180 1
180 184 1
184 56 1
56 120 1
120 88 1
88 216 1
216 152 1
152 184 1
184 168 1
168 232 1
232 104 1
104 103 1
103 111 1
111 107 1
107 108 1
108 112 1
112 104 1
104 120 1
120 116 1
116 115 1
115 119 1
119 103 1
103 231 1
231 167 1
167 423 1
423 295 1
295 291 1
291 292 1
292 296 1
296 40 1
296 264 1
264 280 1
280 24 1
280 276 1
276 308 1
308 52 1
308 292 1
292 300 1
300 44 1
300 268 1
268 332 1
332 76 1
332 324 2
324 68 2
324 260 2
260 388 1
388 132 1
388 386 2
386 130 2
386 258 2
258 322 1
322 66 1
322 321 1
321 65 2
321 257 1
257 385 1
385 129 1
385 386 2
386 390 2
390 134 1
390 262 1
262 326 1
326 70 1
326 322 1
322 324 2
324 323 2
323 67 1
323 259 1
259 387 1
387 131 2
387 385 1
385 389 1
389 133 1
389 261 2
261 325 2
325 69 1
325 321 1
321 323 1
323 327 1
327 71 1
327 263 1
263 391 1
391 135 1
391 387 1
387 388 1
388 392 2
392 136 2
392 264 2
264 328 1
328 72 2
328 324 2
324 340 2
340 84 1
340 276 1
276 404 1
404 148 1
404 388 1
388 396 1
396 140 1
396 268 1
396 394 1
394 386 2
386 402 2
402 146 1
402 274 1
274 282 1
282 26 1
282 266 1
266 298 1
298 42 1
298 290 2
290 306 2
306 50 2
306 274 1
274 338 1
338 82 1
338 322 1
322 330 1
330 74 1
330 266 1
330 329 1
329 73 1
329 265 2
265 281 2
281 25 1
281 273 1
273 305 1
305 49 1
305 289 1
289 297 1
297 41 2
297 265 2
265 393 2
393 137 1
393 385 1
385 401 1
401 145 1
401 273 1
273 337 1
337 81 1
337 321 1
321 329 1
329 331 1
331 75 1
331 267 1
267 283 1
283 27 1
283 275 2
275 307 2
307 51 1
307 291 1
291 299 1
299 43 1
299 267 1
267 395 1
395 139 1
395 387 1
387 403 1
403 147 1
403 275 2
275 339 2
339 83 1
339 323 1
323 331 1
331 332 1
332 330 1
330 334 2
334 78 2
334 270 2
270 269 1
269 271 1
271 272 1
272 270 1
270 286 1
286 30 1
286 278 1
278 277 1
277 279 1
279 280 1
280 278 1
278 310 1
310 54 1
310 294 1
294 293 1
293 295 1
295 296 1
296 294 1
294 302 1
302 46 1
302 270 1
270 398 1
398 142 2
398 390 1
390 389 1
389 391 1
391 392 2
392 390 2
390 406 1
406 150 1
406 278 1
278 342 1
342 86 1
342 326 1
326 325 1
325 327 1
327 328 1
328 326 1
326 334 2
334 333 2
333 77 1
333 269 1
269 285 1
285 29 1
285 277 1
277 309 1
309 53 1
309 293 1
293 301 2
301 45 2
301 269 2
269 397 1
397 141 1
397 389 1
389 405 1
405 149 1
405 277 1
277 341 1
341 85 1
341 325 1
325 333 1
333 329 1
329 345 1
345 89 1
89 121 1
121 57 1
57 185 1
185 153 2
153 217 2
217 89 1
217 201 1
201 193 1
193 194 1
194 196 1
196 195 1
195 193 1
193 197 2
197 198 2
198 194 1
194 202 2
202 201 2
201 203 1
203 195 1
195 199 1
199 197 2
197 205 2
205 201 1
201 233 1
233 105 1
105 121 1
121 113 1
113 241 2
241 177 2
177 185 1
185 169 1
169 233 1
233 225 1
225 193 1
193 209 1
209 210 1
210 194 1
194 226 1
226 225 1
225 227 1
227 195 1
195 211 1
211 209 1
209 213 1
213 197 2
197 229 2
229 225 1
225 241 2
241 209 2
209 217 1
217 218 1
218 90 1
90 122 1
122 58 1
58 186 1
186 154 1
154 218 1
218 202 2
202 204 2
204 196 1
196 200 1
200 198 1
198 206 1
206 202 2
202 234 3
234 106 2
106 122 1
122 114 1
114 242 1
242 178 1
178 186 1
186 170 1
170 234 2
234 226 2
226 228 1
228 196 1
196 212 2
212 210 2
210 214 1
214 198 1
198 230 1
230 226 1
226 242 1
242 210 1
210 218 1
218 220 1
220 92 1
92 124 2
124 60 2
60 188 1
188 156 1
156 220 1
220 204 1
204 203 1
203 207 1
207 199 1
199 200 1
200 208 1
208 204 1
204 236 1
236 108 1
108 124 2
124 116 2
116 244 1
244 180 1
180 188 1
188 172 1
172 236 1
236 228 1
228 227 1
227 231 1
231 199 1
199 215 1
215 211 1
211 212 2
212 216 2
216 200 1
200 232 1
232 228 1
228 244 1
244 212 2
212 220 2
220 219 1
219 91 2
91 123 2
123 59 1
59 187 2
187 155 2
155 219 1
219 203 1
203 235 1
235 107 1
107 123 1
123 115 1
115 243 1
243 179 1
179 187 2
187 171 2
171 235 1
235 227 1
227 243 1
243 211 1
211 219 1
219 217 1
217 221 1
221 93 2
93 94 2
94 96 1
96 95 1
95 93 2
93 125 3
125 61 2
61 62 1
62 64 1
64 63 1
63 61 1
61 189 1
189 157 1
157 158 1
158 160 1
160 159 1
159 157 1
157 221 1
221 205 1
205 206 1
206 208 1
208 207 1
207 205 1
205 237 1
237 109 1
109 110 1
110 112 1
112 111 1
111 109 1
109 125 2
125 117 2
117 118 1
118 120 1
120 119 1
119 117 1
117 245 1
245 181 1
181 182 1
182 184 1
184 183 1
183 181 1
181 189 1
189 173 1
173 174 1
174 176 1
176 175 1
175 173 1
173 237 1
237 229 1
229 230 1
230 232 1
232 231 1
231 229 1
229 245 1
245 213 1
213 214 1
214 216 1
216 215 1
215 213 1
213 221 1
221 222 1
222 94 1
94 126 1
126 62 1
62 190 2
190 158 2
158 222 1
222 206 1
206 238 1
238 110 1
110 126 1
126 118 1
118 246 1
246 182 1
182 190 2
190 174 2
174 238 1
238 230 1
230 246 1
246 214 1
214 222 1
222 218 1
218 250 1
250 122 1
122 121 1
121 123 1
123 124 2
124 122 2
122 126 1
126 125 2
125 121 2
121 249 1
249 185 1
185 186 1
186 188 1
188 187 2
187 185 2
185 189 1
189 190 2
190 186 2
186 250 1
250 234 2
234 233 2
233 235 1
235 236 1
236 234 2
234 238 2
238 237 1
237 233 1
233 249 1
249 217 1
217 473 1
473 345 1
345 281 1
281 282 1
282 284 1
284 283 1
283 281 1
281 285 1
285 286 1
286 282 1
282 314 1
314 58 1
314 298 1
298 297 1
297 299 1
299 300 1
300 298 1
298 302 1
302 301 2
301 297 2
297 313 1
313 57 1
313 281 1
281 409 1
409 153 2
409 393 1
393 394 1
394 398 1
398 397 1
397 393 1
393 395 1
395 396 1
396 400 1
400 144 1
400 272 1
272 288 2
288 32 2
288 280 2
280 312 2
312 56 2
312 296 2
296 304 1
304 48 2
304 272 1
272 336 1
336 80 1
336 328 1
328 344 1
344 88 1
344 280 1
280 408 1
408 152 1
408 392 2
392 400 2
400 398 1
398 414 1
414 158 1
414 286 1
286 288 2
288 284 2
284 316 1
316 60 1
316 300 1
300 304 1
304 302 1
302 318 1
318 62 1
318 286 1
286 350 1
350 94 1
350 334 2
334 336 2
336 332 1
332 348 1
348 92 1
348 284 1
284 412 2
412 156 2
412 396 2
396 428 1
428 172 1
428 300 1
300 364 2
364 108 2
364 332 2
332 460 1
460 204 1
460 396 1
460 452 1
452 196 1
452 324 2
324 356 2
356 100 1
356 292 1
356 354 1
354 98 1
354 290 2
290 418 2
418 162 1
418 386 2
386 450 2
450 194 1
450 322 1
322 354 1
354 353 1
353 97 1
353 289 1
289 417 1
417 161 1
417 385 1
385 449 1
449 193 1
449 321 1
321 353 1
353 355 1
355 99 2
355 291 1
291 419 2
419 163 2
419 387 2
387 451 1
451 195 1
451 323 1
323 355 1
355 356 1
356 360 1
360 104 1
360 296 1
296 424 1
424 168 1
424 392 2
392 456 2
456 200 1
456 328 1
328 360 1
360 358 1
358 102 2
358 294 1
294 422 1
422 166 1
422 390 1
390 454 1
454 198 1
454 326 1
326 358 1
358 354 1
354 362 1
362 106 1
362 298 1
298 426 1
426 170 1
426 394 1
394 410 1
410 154 1
410 282 1
282 346 2
346 90 2
346 330 2
330 362 1
362 361 1
361 105 1
361 297 1
297 425 1
425 169 1
425 393 1
393 457 1
457 201 1
457 329 1
329 361 1
361 353 1
353 357 1
357 101 1
357 293 1
293 421 1
421 165 2
421 389 1
389 453 1
453 197 2
453 325 1
325 357 1
357 358 1
358 366 1
366 110 1
366 302 1
302 430 1
430 174 1
430 398 1
398 462 1
462 206 1
462 334 2
334 366 2
366 362 1
362 364 2
364 356 2
356 372 1
372 116 1
372 308 1
308 306 1
306 305 1
305 307 1
307 308 1
308 312 2
312 310 2
310 306 1
306 314 1
314 313 1
313 305 1
305 309 1
309 310 1
310 318 1
318 314 1
314 316 1
316 308 1
308 436 1
436 180 1
436 404 1
404 402 1
402 401 1
401 403 1
403 404 1
404 408 1
408 406 1
406 402 1
402 410 1
410 409 1
409 401 1
401 405 1
405 406 1
406 414 1
414 410 1
410 412 2
412 404 2
404 468 1
468 212 2
468 340 1
340 338 1
338 337 1
337 339 1
339 340 1
340 344 1
344 342 1
342 338 1
338 346 2
346 345 2
345 337 1
337 341 1
341 342 1
342 350 1
350 346 2
346 348 2
348 340 1
340 372 1
372 370 1
370 114 1
370 306 1
306 434 1
434 178 1
434 402 1
402 466 1
466 210 1
466 338 1
338 370 1
370 354 1
354 482 1
482 226 1
482 418 1
418 417 1
417 419 2
419 420 2
420 388 1
388 452 1
452 450 1
450 449 1
449 451 1
451 452 1
452 456 1
456 454 1
454 450 1
450 458 1
458 202 2
458 330 1
458 394 1
458 457 1
457 449 1
449 453 1
453 454 1
454 462 1
462 458 1
458 460 1
460 459 2
459 203 2
459 331 2
331 335 1
335 79 1
335 271 1
271 287 1
287 31 1
287 279 1
279 311 1
311 55 2
311 295 1
295 303 1
303 47 1
303 271 1
303 299 1
299 315 2
315 59 2
315 283 2
283 287 1
287 285 1
285 317 1
317 61 1
317 301 2
301 303 2
303 304 1
304 320 1
320 64 1
64 128 1
128 96 1
96 224 2
224 160 2
160 192 1
192 64 1
192 176 1
176 240 1
240 112 1
112 128 1
128 120 1
120 248 2
248 184 2
184 192 1
192 188 1
188 252 1
252 124 2
124 128 2
128 126 1
126 254 1
254 190 2
190 192 2
192 191 1
191 63 1
63 127 1
127 95 1
95 223 1
223 159 1
159 191 1
191 175 1
175 239 2
239 111 2
111 127 1
127 119 1
119 247 1
247 183 1
183 191 1
191 187 2
187 251 2
251 123 1
123 127 1
127 125 2
125 253 2
253 189 1
189 191 1
191 255 1
255 127 1
127 128 1
128 256 1
256 192 1
192 448 1
448 320 1
320 288 2
288 287 2
287 319 1
319 63 1
319 303 1
303 367 1
367 111 1
367 335 1
335 327 1
327 343 2
343 87 2
343 279 2
279 407 1
407 151 2
407 391 1
391 399 1
399 395 1
395 411 1
411 155 1
411 283 1
283 347 1
347 91 2
347 331 1
331 363 1
363 107 1
363 299 1
299 427 1
427 171 1
427 395 1
395 459 2
459 451 2
451 455 1
455 199 1
455 327 1
327 359 2
359 103 2
359 295 2
359 355 2
355 363 1
363 361 1
361 365 1
365 109 1
365 301 2
301 429 2
429 173 1
429 397 1
397 399 1
399 400 1
400 416 1
416 160 1
416 288 2
288 352 2
352 96 1
352 336 1
336 335 1
335 333 1
333 349 1
349 93 2
349 285 1
285 413 2
413 157 2
413 397 2
397 461 1
461 205 1
461 333 1
333 365 1
365 357 1
357 359 2
359 360 2
360 368 1
368 112 1
368 304 1
304 432 2
432 176 2
432 400 2
400 464 1
464 208 1
208 224 2
224 216 2
216 248 2
248 232 2
232 240 1
240 208 1
240 236 1
236 252 1
252 220 1
220 224 2
224 222 2
222 254 1
254 238 1
238 240 1
240 239 2
239 207 2
207 223 1
223 215 1
215 247 1
247 231 1
231 239 2
239 235 2
235 251 1
251 219 1
219 223 1
223 221 1
221 253 1
253 237 1
237 239 2
239 255 2
255 223 1
223 224 2
224 256 2
256 240 1
240 496 1
496 368 1
368 336 1
336 464 1
464 456 1
456 455 1
455 391 1
391 423 1
423 419 2
419 427 2
427 425 1
425 417 1
417 421 1
421 422 1
422 418 1
418 420 1
420 424 1
424 422 1
422 430 1
430 426 1
426 418 1
418 434 1
434 433 1
433 177 1
433 305 1
305 369 2
369 113 2
369 337 2
337 465 2
465 209 2
465 401 2
401 433 1
433 417 1
417 481 1
481 225 1
481 353 1
353 369 2
369 370 2
370 374 1
374 118 1
374 310 1
310 438 1
438 182 1
438 406 1
406 470 2
470 214 2
470 342 2
342 374 1
374 358 1
358 486 2
486 230 2
486 422 2
422 438 1
438 434 1
434 436 1
436 420 1
420 428 1
428 426 1
426 425 1
425 429 1
429 421 1
421 423 1
423 424 1
424 432 2
432 428 2
428 427 1
427 431 1
431 175 1
431 303 1
431 399 1
399 415 1
415 159 1
415 287 1
287 351 1
351 95 1
351 335 1
335 463 2
463 207 2
463 399 2
463 455 2
455 453 1
453 461 1
461 457 1
457 459 2
459 463 3
463 461 2
461 462 1
462 464 1
464 460 1
460 476 1
476 220 1
476 348 1
348 347 1
347 339 1
339 343 2
343 341 2
341 349 1
349 345 1
345 347 1
347 351 1
351 343 2
343 344 2
344 352 1
352 348 1
348 380 1
380 124 2
380 316 1
316 315 2
315 307 2
307 311 1
311 309 1
309 317 1
317 313 1
313 315 2
315 319 2
319 311 1
311 312 2
312 320 2
320 316 1
316 444 1
444 188 1
444 412 2
412 411 2
411 403 1
403 407 1
407 405 1
405 413 2
413 409 2
409 411 1
411 415 1
415 407 1
407 408 1
408 416 1
416 412 2
412 476 2
476 468 1
468 452 1
452 484 1
484 228 1
484 356 1
484 420 1
484 482 1
482 450 1
450 466 1
466 465 2
465 449 2
449 481 1
481 482 1
482 486 2
486 454 2
454 470 2
470 466 2
466 468 1
468 467 1
467 211 1
467 339 1
339 371 1
371 115 1
371 307 1
307 435 1
435 179 1
435 403 1
403 467 1
467 451 1
451 483 1
483 227 1
483 355 1
355 371 1
371 369 2
369 373 2
373 117 1
373 309 1
309 437 2
437 181 2
437 405 2
405 469 1
469 213 1
469 341 1
341 373 1
373 357 1
357 485 1
485 229 1
485 421 1
421 437 2
437 433 2
433 435 1
435 419 2
419 483 2
483 481 1
481 485 1
485 453 1
453 469 1
469 465 2
465 467 2
467 471 1
471 215 1
471 343 2
343 375 2
375 119 1
375 311 1
311 439 1
439 183 1
439 407 1
407 471 1
471 455 1
455 487 1
487 231 1
487 359 2
359 367 2
367 363 1
363 364 2
364 368 2
368 366 1
366 365 1
365 367 1
367 368 1
368 384 1
384 128 1
384 320 1
320 318 1
318 317 1
317 319 1
319 320 1
319 383 1
383 127 1
383 351 1
351 349 1
349 350 1
350 352 1
352 351 1
351 479 1
479 223 1
479 415 1
415 413 2
413 414 2
414 416 1
416 415 1
415 447 1
447 191 1
447 319 1
447 431 1
431 423 1
423 439 1
439 435 1
435 436 1
436 440 1
440 184 1
440 312 2
312 376 2
376 120 1
376 344 1
344 472 1
472 216 1
472 408 1
408 440 1
440 424 1
424 488 1
488 232 1
488 360 1
360 376 1
376 372 1
372 371 1
371 375 1
375 359 2
375 373 1
373 374 1
374 376 1
376 375 1
375 383 1
383 367 1
367 495 1
495 239 2
495 431 1
431 429 1
429 430 1
430 432 2
432 431 2
432 448 2
448 416 1
416 480 1
480 224 2
480 352 1
352 384 1
384 376 1
376 504 1
504 248 2
248 244 2
244 242 1
242 241 2
241 243 2
243 244 1
244 252 1
252 250 1
250 242 1
242 246 1
246 245 1
245 241 2
241 249 2
249 250 1
250 254 1
254 246 1
246 248 2
248 247 2
247 243 1
243 251 1
251 249 1
249 253 1
253 245 1
245 247 1
247 255 1
255 251 1
251 252 1
252 256 1
256 248 2
256 254 1
254 253 1
253 255 1
255 256 1
256 512 1
512 384 1
384 380 1
380 364 2
364 492 2
492 236 1
492 428 1
428 444 1
444 436 1
436 500 2
500 244 2
500 372 2
372 380 1
380 378 1
378 122 1
378 314 1
314 442 2
442 186 2
442 410 2
410 474 1
474 218 1
474 346 2
346 378 2
378 362 1
362 490 1
490 234 2
490 426 1
426 442 2
442 434 2
434 498 1
498 242 1
498 370 1
370 378 1
378 377 1
377 121 1
377 313 1
313 441 1
441 185 1
441 409 1
409 473 1
473 457 1
457 489 2
489 233 2
489 361 2
361 377 1
377 345 1
377 369 2
369 497 2
497 241 2
497 433 1
433 441 1
441 425 1
425 489 2
489 481 2
481 497 1
497 465 2
465 473 2
473 474 1
474 458 1
458 490 1
490 482 1
482 498 1
498 466 1
466 474 1
474 476 1
476 475 1
475 219 1
475 347 1
347 379 1
379 123 1
379 315 2
315 443 2
443 187 2
443 411 1
411 475 1
475 459 2
459 491 2
491 235 1
491 363 1
363 379 1
379 371 1
371 499 1
499 243 1
499 435 1
435 443 1
443 427 1
427 491 1
491 483 1
483 484 1
484 488 1
488 456 1
456 472 1
472 468 1
468 500 2
500 484 2
484 492 1
492 460 1
492 490 1
490 489 2
489 491 2
491 492 1
492 496 1
496 432 2
496 464 1
464 463 2
463 479 2
479 471 1
471 469 1
469 470 2
470 472 2
472 471 1
471 503 1
503 247 1
503 375 1
503 439 1
439 437 2
437 438 2
438 440 1
440 439 1
439 447 1
447 443 1
443 441 1
441 442 2
442 444 2
444 443 1
443 507 1
507 251 1
507 379 1
379 377 1
377 381 1
381 125 2
381 317 1
317 445 1
445 189 1
445 413 2
413 477 2
477 221 1
477 349 1
349 381 1
381 365 1
365 493 1
493 237 1
493 429 1
429 445 1
445 437 2
437 501 2
501 245 1
501 373 1
373 381 1
381 382 2
382 126 2
382 318 2
318 446 1
446 190 2
446 414 1
414 478 1
478 222 1
478 350 1
350 382 2
382 366 2
366 494 1
494 238 1
494 430 1
430 446 1
446 438 1
438 502 1
502 246 1
502 374 1
374 382 2
382 378 2
378 506 1
506 250 1
506 442 2
442 446 2
446 445 1
445 441 1
441 505 1
505 249 1
505 377 1
505 473 1
473 475 1
475 467 1
467 499 1
499 483 1
483 487 1
487 423 1
487 485 1
485 486 2
486 488 2
488 487 1
487 495 1
495 463 2
495 491 1
491 507 1
507 475 1
475 479 1
479 477 1
477 461 1
461 493 1
493 485 1
485 501 1
501 469 1
469 477 1
477 473 1
477 478 1
478 462 1
462 494 1
494 486 2
486 502 2
502 470 2
470 478 2
478 474 1
474 506 1
506 490 1
490 494 1
494 493 1
493 489 2
489 505 2
505 497 1
497 498 1
498 500 2
500 499 2
499 497 1
497 501 1
501 502 1
502 498 1
498 506 1
506 505 1
505 507 1
507 499 1
499 503 1
503 487 1
503 501 1
501 509 1
509 253 1
509 381 1
381 383 1
383 379 1
379 380 1
380 508 1
508 252 1
508 444 1
444 448 1
448 440 1
440 504 1
504 472 1
472 480 1
480 464 1
480 476 1
476 508 1
508 492 1
508 500 2
500 504 2
504 488 1
488 496 1
496 494 1
494 510 1
510 254 1
510 382 2
382 384 2
384 383 1
383 511 2
511 255 2
511 447 2
447 445 1
445 509 1
509 477 1
509 493 1
493 495 1
495 496 1
496 512 1
512 448 1
448 446 1
446 510 1
510 478 1
478 480 1
480 479 1
479 511 2
511 495 2
511 503 2
503 504 1
504 502 1
502 510 1
510 506 1
506 508 1
508 507 1
507 511 2
511 509 2
509 505 1
509 510 1
510 512 1
512 480 1
512 504 1
512 508 1
512 511 2
448 447 1

REQUESTS

BLOCKAGES
441 442
186 170
483 484
104 72
262 270
467 499
422 166
253 255
117 53
385 401
62 190
83 19
327 359
160 156
486 502
73 65
439 437
413 477
219 91
317 301
253 237
380 316
109 125
121 113
353 289
213 214
370 306
258 257
60 52
292 36
284 276
442 186
468 467
399 395
376 344
264 272
131 129
327 328
331 75
53 181
56 120
30 158
351 343
457 449
313 441
309 317
205 237
366 362
430 426
461 493
341 349
309 310
49 177
8 24
153 145
339 340
212 216
58 186
168 232
304 320
156 220
306 314
69 197
383 367
380 364
359 295
141 143
165 37
223 224
84 88
269 265
33 37
131 139
398 462
189 190
297 313
156 28
262 258
403 467
89 73
208 144
287 285
305 369
144 140
192 64
354 290
347 331
232 240
258 2
340 338
233 105
381 125
497 433
346 378
179 163
320 64
365 109
418 420
440 184
311 309
449 481
502 498
491 363
377 369
409 153
280 278
153 25
228 244
375 119
246 245
417 419
40 104
68 196
78 74
24 152
170 42
22 150
315 283
392 400
506 442
141 13
251 249
412 404
313 305
142 144
314 298
441 505
481 485
420 428
372 371
141 137
425 429
44 42
135 143
34 42
335 463
288 284
330 329
471 343
265 281
375 311
113 241
45 47
302 301
328 360
456 455
442 410
16 14
217 473
23 24
286 30
133 165
2 10
405 406
48 44
355 99
36 100
343 341
412 396
351 95
45 109
10 9
339 83
416 412
49 51
193 197
79 77
404 148
81 83
454 462
292 300
140 138
391 387
326 325
478 222
316 315
83 91
207 143
324 323
269 271
146 130
482 226
414 286
499 435
97 105
440 312
440 504
185 189
326 70
368 366
492 490
395 459
105 106
429 430
435 179
408 392
4 8
382 126
475 347
100 228
361 377
63 127
136 168
2 1
101 229
50 49
201 233
106 110
307 308
410 474
192 176
15 16
426 442
397 393
183 181
272 268
460 396
237 109
449 193
403 407
379 380
188 156
506 250
357 485
289 290
377 121
270 286
301 297
308 436
177 145
60 188
500 499
23 151
138 10
484 356
171 169
174 46
121 57
36 44
350 94
104 100
422 430
491 492
373 309
313 315
95 223
506 505
277 341
261 277
389 453
432 431
42 10
477 221
333 329
66 194
391 392
174 170
276 275
157 221
285 413
325 69
220 219
92 76
413 157
241 249
351 349
455 487
213 85
143 399
301 45
428 427
425 393
434 178
478 480
455 327
421 389
132 140
118 120
189 173
35 33
129 130
134 142
199 197
12 28
371 115
295 291
305 49
453 325
111 79
295 296
75 67
83 84
257 385
328 344
443 411
184 56
411 475
309 293
467 471
298 290
398 390
489 361
105 107
64 32
271 263
100 68
106 122
255 251
482 498
353 355
124 60
131 132
443 507
273 275
460 452
162 161
336 464
255 223
75 79
512 504
263 264
487 231
135 136
316 308
387 403
88 96
190 174
348 340
423 295
287 351
167 39
278 22
429 397
474 218
432 400
245 241
142 174
385 386
462 458
420 424
37 39
494 493
54 62
122 58
221 222
306 50
96 224
150 146
299 300
496 432
213 221
511 503
290 258
502 374
155 27
49 33
436 420
456 200
257 259
375 373
129 161
428 426
55 56
86 214
187 171
480 479
120 248
323 327
364 356
89 81
454 470
485 421
157 141
227 231
348 92
193 209
425 489
469 213
94 96
23 7
328 326
27 91
355 363
389 391
433 435
453 469
317 445
289 33
13 15
358 366
166 174
29 30
490 426
380 378
348 284
488 496
400 398
376 504
97 225
80 79
205 141
297 265
163 227
97 99
471 455
377 313
34 2
469 477
186 154
139 171
355 356
4 36
408 152
210 218
150 134
397 389
368 384
417 161
109 105
334 336
210 194
54 50
238 240
84 20
508 492
443 427
197 133
281 25
479 471
14 30
467 339
180 52
297 41
187 155
142 141
490 489
476 220
102 101
180 178
450 322
390 389
148 180
346 345
208 224
20 52
240 496
63 61
440 424
109 110
442 444
98 97
409 393
89 93
244 252
212 220
180 188
143 175
249 185
391 135
124 116
320 318
386 390
164 36
65 1
99 115
501 502
174 176
61 45
495 463
325 333
147 179
81 113
57 185
128 126
65 193
113 49
229 165
192 188
102 118
275 279
180 184
427 395
224 216
9 25
263 7
363 361
340 344
191 255
116 244
292 296
464 460
379 377
183 179
269 13
124 122
463 399
345 347
257 1
110 112
196 200
346 348
488 232
248 232
55 51
145 209
327 343
510 254
410 282
202 201
300 268
499 483
491 507
99 100
422 438
283 287
110 78
181 189
293 37
439 183
29 61
246 214
481 497
395 411
487 423
384 383
344 352
52 56
256 192
178 186
255 127
258 274
448 447
472 408
144 176
203 139
452 484
200 232
23 55
68 4
357 101
136 144
317 61
242 241
498 500
71 199
360 376
359 367
450 194
473 457
291 299
131 163
184 192
433 417
28 27
252 256
323 331
406 414
321 257
509 477
148 146
468 452
235 251
338 370
269 397
402 466
407 405
326 358
373 374
326 334
151 147
502 470
229 225
149 150
446 445
359 355
441 185
50 58
503 247
339 371
388 452
282 266
215 151
343 375
197 198
500 484
369 497
82 210
234 226
352 384
98 102
209 210
268 260
468 500
477 461
321 353
288 32
217 201
99 103
376 372
177 185
303 304
176 172
417 421
164 420
415 159
433 441
195 193
413 414
470 472
383 127
259 291
354 353
389 405
238 237
191 175
271 287
288 352
314 58
28 20
152 150
512 448
217 218
363 379
151 152
303 299
110 126
390 454
293 421
501 373
284 283
66 68
378 377
454 326
322 66
426 394
261 325
300 298
19 147
338 322
507 511
159 151
366 110
38 46
262 326
287 279
473 475
167 168
64 63
293 261
123 115
450 466
410 412
183 191
101 97
446 438
396 268
155 159
33 97
29 21
419 420
218 220
88 86
147 148
503 375
223 215
197 229
322 354
133 135
374 310
358 294
68 84
304 272
318 62
457 201
132 164
470 466
78 206
291 419
357 293
333 349
294 302
365 493
367 363
451 323
62 58
61 62
472 216
324 356
402 410
118 86
154 138
434 436
490 494
25 17
368 304
41 57
95 31
401 145
150 182
277 279
107 99
482 450
415 413
48 16
231 239
239 111
512 508
206 208
232 104
323 355
375 383
508 507
18 20
433 305
457 489
458 202
9 11
421 422
479 477
425 417
214 222
374 358
248 247
219 223
467 211
367 335
263 391
191 63
85 87
432 428
251 123
32 31
43 59
100 98
179 51
262 278
36 40
471 469
300 364
145 129
72 88
77 69
107 123
347 379
493 495
449 321
500 244
264 328
273 257
249 217
256 254
227 243
493 237
101 69
259 387
264 8
104 120
146 178
264 280
28 92
428 444
305 289
183 55
138 137
113 97
334 78
69 65
149 151
474 506
153 157
233 249
330 334
497 241
250 234
315 319
234 238
278 274
18 17
382 318
33 41
319 303
281 273
405 413
389 261
372 380
482 418
211 219
254 190
138 142
272 270
469 470
419 387
205 201
139 11
21 149
52 116
294 38
268 332
509 510
125 61
280 408
94 126
259 3
167 183
402 274
478 350
307 291
342 350
507 475
109 77
102 104
26 18
437 433
178 50
363 364
1 129
378 362
152 136
492 460
274 276
26 58
199 215
115 243
66 65
74 90
214 216
17 49
231 167
244 212
13 9
254 253
509 253
434 433
51 35
421 437
92 124
219 217
385 129
134 133
275 19
465 473
400 272
141 173
17 1
243 211
45 13
280 312
229 230
407 471
447 431
71 72
486 488
361 105
88 24
311 55
216 215
343 344
20 148
243 251
170 234
412 411
306 274
496 368
392 456
352 336
108 112
270 266
18 146
376 375
427 431
58 42
478 474
73 77
503 504
28 32
124 128
427 171
25 89
192 191
108 124
75 73
228 164
409 473
204 236
252 250
486 454
302 46
311 439
261 5
215 211
247 243
200 136
165 181
338 346
225 227
117 118
362 106
30 62
476 508
92 91
340 372
501 245
344 280
490 234
448 440
216 200
226 228
45 41
486 422
151 135
308 292
490 482
178 162
493 485
412 156
222 94
171 43
145 149
384 320
341 342
344 342
372 370
162 34
267 395
20 4
439 447
9 1
454 450
19 23
492 496
136 134
458 330
427 491
286 288
342 374
55 119
224 256
311 312
237 233
478 462
339 323
91 95
461 333
156 155
112 111
336 332
494 430
195 211
333 365
270 14
400 464
396 400
202 234
427 425
256 240
51 52
244 242
337 341
116 84
314 313
479 415
403 404
356 100
65 81
7 8
421 165
202 204
294 293
334 366
327 263
488 360
395 139
416 288
214 150
301 429
250 242
376 120
270 398
204 196
479 511
108 76
504 248
332 348
510 478
361 365
331 363
423 419
369 370
202 138
442 434
201 193
298 302
272 16
329 265
475 459
337 465
225 241
226 98
125 121
263 295
103 111
496 494
391 399
184 183
351 335
158 160
27 25
256 248
345 337
38 37
509 381
505 377
455 453
394 266
503 487
398 414
185 169
480 476
164 162
119 117
477 349
278 342
175 47
503 439
437 501
41 9
29 157
93 94
341 85
410 409
353 369
41 105
407 391
316 300
505 507
127 125
73 74
25 29
209 217
15 79
346 90
488 456
267 283
507 251
480 352
498 370
76 204
438 440
341 325
310 306
429 445
142 14
457 329
159 157
159 191
243 244
279 23
384 380
190 192
431 423
113 117
2 66
369 373
511 509
239 235
292 290
349 350
154 156
82 90
230 246
55 39
16 32
308 306
504 472
72 68
378 314
137 169
318 314
415 407
475 467
463 207
71 87
265 257
416 480
306 434
312 56
189 191
446 414
364 368
458 490
339 343
123 124
418 434
40 48
214 198
135 167
284 412
13 77
480 224
459 463
426 170
40 38
290 418
283 281
230 226
9 73
51 115
430 432
211 209
67 195
459 491
460 204
82 81
475 219
63 47
195 199
308 52
413 409
282 314
50 114
140 12
474 458
87 83
476 468
93 125
60 28
17 19
393 395
495 491
393 385
48 64
123 127
31 63
20 19
212 148
319 63
335 79
190 186
291 292
12 76
260 4
394 410
401 273
364 492
37 45
436 440
211 212
11 75
487 495
188 252
352 96
216 152
260 264
485 229
143 144
71 7
96 95
379 371
328 72
313 57
399 400
325 357
56 40
145 147
361 297
392 390
69 71
378 122
72 70
125 117
505 473
258 266
406 402
8 6
171 175
268 284
245 247
494 510
281 409
247 231
103 231
33 34
176 175
386 450
318 286
333 269
352 351
54 38
7 39
175 239
132 130
350 382
405 149
225 161
163 35
358 354
380 508
307 51
98 114
309 53
362 364
26 154
296 294
451 452
114 242
128 120
82 18
174 238
27 31
206 238
492 236
254 246
8 72
464 456
393 137
396 394
288 287
164 180
360 358
46 110
79 71
21 53
420 388
323 259
456 454
8 16
301 303
461 462
86 22
491 483
319 320
249 250
62 64
132 136
506 508
310 438
465 401
47 111
269 285
122 114
262 6
143 139
273 305
154 153
485 486
466 468
3 35
59 57
212 210
408 406
347 339
222 254
411 415
349 345
152 184
119 87
394 386
346 330
90 26
272 336
439 407
221 205
61 189
295 39
340 276
112 128
365 367
498 466
138 394
47 43
386 130
207 199
94 30
512 480
1 3
370 378
37 101
77 205
367 368
399 415
302 270
402 146
16 80
225 193
495 239
278 310
279 280
424 392
154 218
155 219
46 48
456 328
485 501
106 74
404 402
7 5
303 47
43 44
121 249
424 488
447 319
499 243
504 488
276 404
299 43
340 84
315 307
277 309
418 386
218 90
324 68
86 82
446 510
73 201
86 94
215 247
31 23
448 446
510 506
172 171
285 277
242 210
148 132
289 293
80 78
317 319
471 503
234 233
217 221
324 260
6 14
435 419
187 185
404 388
274 338
200 198
282 346
474 476
462 206
102 70
6 22
111 127
27 19
247 255
164 168
231 199
137 139
396 428
112 104
332 460
393 457
44 60
206 202
12 11
445 189
21 17
347 91
431 429
7 135
470 478
455 199
446 190
120 119
127 95
508 444
384 376
368 112
431 303
302 318
42 41
432 448
157 158
208 204
115 119
336 80
311 295
114 82
387 388
387 451
198 194
283 275
424 432
255 256
275 259
473 345
198 230
406 470
423 424
263 261
457 459
108 106
187 251
248 184
350 334
374 118
129 137
435 443
279 407
277 273
359 103
345 89
315 59
70 198
373 357
267 271
181 149
298 297
209 81
229 245
77 78
335 327
361 353
399 271
285 29
459 451
34 38
356 292
122 121
91 123
392 264
235 227
221 93
74 66
320 316
178 182
144 160
96 92
107 108
246 248
371 307
161 163
42 106
107 75
165 167
140 172
44 108
284 316
429 173
453 461
347 351
287 31
75 203
32 30
273 337
181 182
509 505
14 78
74 76
300 304
423 439
126 254
444 188
390 406
355 371
240 208
307 435
405 469
36 34
459 203
80 208
4 132
403 275
297 425
111 107
161 165
401 403
365 301
227 195
10 26
330 74
466 210
200 208
64 128
34 98
149 213
451 195
417 481
386 258
445 441
196 195
451 455
265 267
497 498
469 465
460 476
499 497
494 486
130 134
371 499
466 338
335 333
146 154
43 107
479 223
495 431
495 496
130 162
274 18
291 35
312 310
81 85
418 162
160 159
373 117
357 359
267 11
6 2
349 93
509 493
182 166
11 15
179 187
134 6
437 438
358 102
3 4
241 177
186 250
182 54
147 131
222 206
168 176
22 18
196 212
502 510
481 225
194 226
414 416
366 494
336 335
365 357
92 84
67 83
281 282
342 86
283 27
484 228
224 222
118 246
260 388
381 383
266 268
197 205
331 267
5 21
320 288
372 116
76 80
304 302
338 82
177 179
438 434
387 131
385 449
489 481
437 405
175 167
498 506
176 48
220 204
280 276
303 271
47 15
114 116
443 187
370 354
245 213
266 10
119 103
266 265
67 3
289 417
443 441
450 449
294 422
10 12
32 96
463 479
85 21
170 169
39 40
382 384
430 446
46 14
85 117
388 396
198 206
383 379
472 468
259 260
483 227
484 482
304 48
207 205
290 294
451 483
123 59
93 85
483 487
282 26
436 404
169 233
497 465
444 448
369 337
409 411
203 235
67 71
383 511
65 67
374 382
250 122
448 416
489 233
118 114
285 286
354 362
169 173
362 298
331 332
22 21
158 142
296 40
13 29
194 202
230 102
502 246
130 2
463 461
235 236
424 168
162 170
299 267
316 444
318 317
402 401
426 418
70 66
428 172
356 360
11 3
230 232
452 324
39 35
465 449
481 353
147 155
486 230
87 88
237 239
285 317
6 70
322 330
261 262
137 153
115 113
436 500
305 307
436 180
166 38
194 196
500 372
95 93
31 159
60 59
345 281
354 98
487 359
203 207
312 296
332 330
462 464
133 5
465 209
398 397
181 177
408 416
390 134
310 54
286 282
236 252
444 443
476 348
332 76
438 406
168 166
56 54
24 22
458 394
512 511
419 163
169 161
271 15
445 437
416 415
89 121
44 12
322 324
253 245
188 187
322 321
215 213
53 54
382 366
90 89
35 99
319 311
278 277
276 308
337 321
226 242
239 207
112 80
236 108
5 69
172 236
411 155
3 131
397 461
414 158
240 236
299 315
381 382
435 403
489 505
430 398
447 445
329 331

TERMINALS
12
15
18
22
41
48
50
55
65
72
91
93
99
102
124
125
131
142
151
153
164
165
187
190
197
202
212
224
234
239
241
248
261
265
275
288
290
301
312
315
324
334
343
346
359
364
369
382
386
392
412
413
419
432
437
442
459
463
465
470
486
489
500
511

END
