INSTANCE_NAME b01.dat
NB_VERTICES 50
NB_ARCS 87
NB_REQUESTS 0
NB_BLOCKAGES 21
NB_A' 2363
NB_TERMINALS 9

VERTICES
1 0 0
2 0 0
3 0 0
4 0 0
5 0 0
6 0 0
7 0 0
8 0 0
9 0 0
10 0 0
11 0 0
12 0 0
13 0 0
14 0 0
15 0 0
16 0 0
17 0 0
18 0 0
19 0 0
20 0 0
21 0 0
22 0 0
23 0 0
24 0 0
25 0 0
26 0 0
27 0 0
28 0 0
29 0 0
30 0 0
31 0 0
32 0 0
33 0 0
34 0 0
35 0 0
36 0 0
37 0 0
38 0 0
39 0 0
40 0 0
41 0 0
42 0 0
43 0 0
44 0 0
45 0 0
46 0 0
47 0 0
48 0 0
49 0 0
50 0 0

ARCS
12 21 7
21 2 7
2 8 8
8 35 6
35 33 3
33 29 7
29 7 7
7 20 3
20 14 7
14 31 9
31 36 10
36 2 8
2 32 2
32 40 5
40 20 10
20 16 8
16 30 2
30 5 4
5 4 8
4 36 6
36 11 9
11 3 7
3 7 6
7 25 9
25 34 4
34 27 4
27 20 2
20 38 8
38 44 2
44 41 7
41 1 5
1 12 6
12 23 9
23 40 3
40 22 8
22 10 6
10 4 1
10 33 6
10 8 4
22 20 2
20 48 2
48 13 9
13 50 1
50 36 10
36 39 7
39 44 3
44 24 8
24 28 5
28 18 1
18 19 2
19 2 5
2 23 8
19 14 1
14 26 7
26 45 6
45 28 1
28 5 8
28 3 7
3 50 3
45 47 10
47 41 7
41 22 8
22 21 2
21 17 5
17 6 7
6 42 9
42 17 6
17 15 5
15 30 1
30 34 2
34 20 10
34 11 3
15 40 10
42 46 10
46 13 3
6 48 5
21 18 10
18 43 1
43 22 7
41 25 5
41 36 2
36 49 9
49 47 6
47 37 3
37 35 9
27 9 7
9 29 5

REQUESTS

BLOCKAGES
21 18
40 20
6 42
3 50
10 33
29 7
41 36
28 18
22 10
36 11
34 27
12 23
20 14
15 40
21 17
48 13
45 28
2 8
41 22
47 41
36 2

A'
2 1 576
1 3 124
4 1 46
1 5 887
6 1 621
1 7 364
8 1 779
1 9 690
1 10 115
1 11 307
12 1 735
1 13 367
14 1 930
15 1 509
16 1 555
1 17 61
1 18 411
1 19 687
20 1 196
21 1 615
1 22 599
1 23 696
24 1 237
25 1 682
1 26 822
1 27 852
1 28 525
1 29 100
1 30 232
1 31 130
32 1 870
1 33 620
1 34 726
1 35 792
36 1 935
37 1 440
38 1 88
39 1 261
40 1 871
1 41 380
1 42 929
43 1 599
1 44 152
45 1 611
1 46 658
47 1 874
48 1 634
49 1 863
50 1 503
2 3 983
4 2 764
2 5 969
2 6 260
7 2 880
8 2 170
9 2 821
2 10 193
2 11 607
2 12 822
2 13 79
14 2 310
2 15 710
16 2 797
2 17 654
18 2 929
2 19 87
20 2 762
2 22 21
23 2 479
24 2 804
25 2 323
26 2 281
2 27 212
2 28 915
29 2 55
2 30 90
2 31 807
32 2 506
2 33 389
2 34 362
35 2 242
2 36 138
2 37 5
2 38 282
39 2 660
40 2 923
41 2 42
42 2 428
43 2 179
44 2 385
45 2 440
2 46 294
2 47 561
2 48 679
2 49 307
2 50 326
4 3 798
5 3 900
3 6 972
7 3 637
3 8 970
9 3 318
10 3 114
12 3 644
13 3 351
3 14 230
3 15 873
16 3 89
3 17 505
3 18 683
19 3 363
20 3 694
21 3 834
22 3 500
23 3 483
24 3 337
3 25 152
26 3 507
27 3 666
3 28 39
3 29 81
30 3 896
31 3 447
3 32 329
3 33 373
34 3 848
35 3 945
36 3 263
3 37 739
3 38 497
3 39 301
40 3 967
3 41 235
42 3 52
3 43 326
44 3 620
3 45 711
46 3 710
47 3 850
3 48 460
3 49 400
50 3 660
4 5 551
4 6 826
4 7 739
4 8 863
9 4 858
11 4 92
12 4 894
4 13 682
4 14 315
15 4 46
16 4 500
17 4 382
4 18 14
19 4 937
20 4 614
21 4 223
22 4 458
4 23 977
24 4 78
4 25 340
4 26 858
27 4 614
28 4 126
29 4 791
4 30 437
4 31 972
32 4 742
33 4 826
4 34 11
4 35 428
36 4 746
4 37 862
38 4 866
39 4 37
40 4 206
4 41 553
42 4 159
4 43 869
4 44 165
45 4 76
46 4 847
47 4 889
4 48 104
4 49 695
4 50 180
5 6 90
7 5 124
8 5 832
9 5 493
5 10 283
5 11 596
12 5 112
5 13 353
14 5 389
15 5 991
5 16 469
17 5 215
5 18 129
5 19 775
20 5 135
5 21 945
5 22 231
5 23 879
5 24 760
25 5 281
5 26 69
5 27 877
5 28 333
29 5 864
5 30 745
31 5 889
32 5 43
33 5 626
34 5 124
35 5 994
36 5 58
5 37 834
5 38 61
5 39 701
5 40 83
5 41 861
42 5 913
43 5 386
5 44 965
5 45 967
46 5 456
47 5 978
5 48 310
49 5 21
50 5 707
6 7 43
8 6 7
9 6 404
10 6 940
11 6 886
6 12 790
6 13 876
6 14 835
6 15 299
16 6 511
6 18 318
6 19 541
20 6 133
21 6 187
22 6 202
6 23 312
6 24 910
6 25 369
6 26 479
27 6 213
28 6 966
29 6 80
6 30 497
31 6 318
32 6 203
33 6 210
6 34 758
6 35 687
6 36 597
37 6 158
6 38 129
39 6 115
6 40 360
41 6 366
42 6 660
6 43 395
44 6 592
6 45 996
6 46 167
6 47 87
48 6 248
6 49 241
50 6 750
8 7 246
7 9 503
10 7 143
11 7 576
12 7 669
13 7 443
7 14 829
7 15 315
16 7 431
17 7 49
7 18 346
19 7 443
20 7 935
7 21 432
22 7 398
23 7 805
24 7 878
25 7 750
7 26 938
27 7 980
7 28 963
7 29 343
7 30 228
7 31 366
7 32 916
7 33 139
34 7 980
7 35 397
36 7 623
7 37 441
38 7 712
7 39 367
40 7 905
7 41 312
7 42 144
43 7 800
44 7 768
7 45 602
46 7 151
47 7 356
7 48 85
49 7 679
7 50 428
9 8 330
8 10 606
11 8 126
12 8 368
13 8 609
8 14 960
8 15 465
8 16 914
8 17 914
18 8 758
19 8 28
8 20 185
21 8 326
22 8 581
8 23 685
8 24 782
8 25 114
26 8 136
27 8 407
28 8 731
29 8 478
30 8 286
31 8 498
32 8 910
33 8 231
34 8 277
35 8 279
36 8 345
8 37 434
38 8 311
8 39 637
8 40 483
8 41 182
42 8 988
8 43 825
44 8 602
45 8 113
46 8 949
8 47 789
8 48 372
49 8 877
8 50 629
10 9 164
11 9 110
12 9 601
9 13 714
14 9 863
15 9 338
9 16 167
9 17 631
18 9 100
9 19 997
9 20 822
21 9 173
9 22 155
9 23 980
24 9 247
9 25 537
9 26 284
9 27 359
28 9 417
29 9 473
30 9 620
31 9 674
9 32 192
9 33 481
34 9 239
35 9 854
9 36 774
9 37 21
9 38 273
9 39 310
40 9 960
9 41 280
42 9 843
9 43 479
44 9 62
9 45 889
46 9 466
9 47 171
48 9 569
49 9 299
50 9 479
10 11 570
10 12 881
10 13 179
14 10 941
10 15 23
10 16 685
10 17 495
18 10 644
19 10 137
20 10 628
21 10 441
10 23 611
24 10 858
25 10 103
10 26 92
10 27 585
28 10 486
10 29 874
10 30 819
31 10 12
10 32 750
33 10 916
10 34 13
35 10 765
36 10 868
37 10 861
38 10 431
10 39 117
10 40 436
10 41 656
42 10 177
10 43 574
44 10 470
45 10 652
10 46 863
10 47 357
10 48 385
49 10 240
50 10 513
11 12 817
11 13 144
14 11 748
11 15 852
16 11 566
11 17 788
18 11 166
11 19 164
20 11 978
21 11 889
11 22 272
11 23 645
24 11 363
25 11 253
11 26 777
27 11 957
28 11 200
29 11 973
11 30 378
31 11 164
32 11 464
33 11 515
11 35 679
11 36 244
37 11 960
38 11 935
39 11 869
40 11 778
41 11 167
42 11 377
43 11 688
44 11 482
11 45 645
46 11 869
47 11 944
11 48 636
11 49 678
50 11 512
12 13 688
14 12 371
15 12 331
16 12 710
17 12 219
18 12 151
19 12 217
20 12 19
21 12 199
12 22 747
23 12 633
12 24 368
12 25 131
26 12 822
12 27 619
28 12 516
12 29 791
12 30 305
31 12 542
12 32 23
12 33 852
34 12 848
12 35 51
12 36 28
37 12 69
12 38 795
39 12 93
12 40 629
41 12 517
12 42 383
43 12 486
12 44 793
12 45 487
46 12 452
12 47 814
12 48 491
49 12 998
12 50 436
13 14 907
15 13 296
16 13 589
13 17 28
18 13 604
13 19 256
13 20 457
13 21 958
13 22 887
13 23 273
24 13 550
13 25 752
26 13 549
13 27 379
13 28 283
29 13 593
30 13 629
13 31 515
32 13 681
13 33 250
13 34 549
35 13 107
36 13 142
37 13 650
13 38 166
13 39 752
13 40 997
41 13 78
42 13 800
43 13 442
13 44 623
13 45 974
47 13 840
13 48 306
13 49 69
50 13 282
15 14 400
16 14 66
14 17 640
18 14 629
14 19 548
14 20 262
14 21 774
22 14 201
14 23 600
14 24 556
14 25 959
26 14 610
14 27 977
28 14 531
29 14 560
30 14 969
31 14 803
14 32 774
14 33 830
14 34 707
35 14 450
36 14 778
37 14 479
14 38 508
14 39 315
40 14 63
41 14 220
42 14 71
43 14 291
44 14 593
14 45 117
14 46 808
47 14 299
48 14 65
49 14 687
50 14 505
15 16 443
15 18 921
15 19 217
20 15 631
21 15 413
22 15 850
23 15 677
15 24 80
15 25 343
26 15 746
15 27 441
28 15 554
29 15 81
30 15 59
31 15 539
15 32 646
33 15 255
15 34 488
35 15 916
15 36 453
37 15 77
38 15 469
39 15 52
40 15 382
15 41 181
15 42 649
43 15 496
44 15 993
15 45 236
15 46 130
15 47 597
48 15 298
15 49 693
15 50 674
16 17 959
18 16 640
19 16 781
16 21 184
16 22 873
16 23 540
16 24 226
16 25 847
16 26 505
16 27 368
16 28 904
29 16 504
30 16 143
31 16 722
16 32 381
16 33 590
34 16 321
35 16 991
36 16 116
16 37 141
16 38 103
16 39 340
40 16 544
16 41 460
16 42 312
43 16 955
44 16 672
16 45 596
16 46 165
16 47 445
48 16 999
16 49 755
50 16 362
18 17 452
19 17 622
17 20 817
22 17 156
23 17 870
24 17 216
25 17 708
26 17 223
17 27 418
28 17 870
29 17 197
30 17 27
31 17 185
17 32 199
33 17 774
34 17 658
17 35 268
36 17 418
17 37 928
38 17 748
39 17 970
17 40 66
41 17 710
17 42 951
43 17 672
17 44 709
17 45 358
46 17 312
17 47 850
17 48 748
49 17 156
17 50 577
19 18 358
18 20 119
22 18 867
18 23 240
18 24 851
18 25 243
18 26 218
27 18 514
29 18 733
18 30 867
31 18 991
18 32 554
33 18 43
18 34 848
35 18 837
36 18 964
37 18 842
18 38 173
39 18 473
18 40 829
41 18 300
18 42 958
43 18 183
44 18 152
18 45 444
18 46 312
47 18 438
48 18 877
18 49 278
18 50 450
19 20 280
21 19 421
22 19 647
23 19 451
24 19 651
25 19 859
19 26 301
27 19 674
28 19 515
29 19 750
19 30 547
31 19 96
19 32 278
19 33 815
34 19 47
19 35 21
36 19 676
37 19 151
19 38 737
19 39 793
40 19 232
41 19 689
19 42 171
19 43 367
44 19 538
19 45 347
19 46 881
19 47 771
19 48 766
49 19 416
19 50 200
20 21 842
20 22 580
23 20 901
24 20 946
25 20 55
26 20 696
28 20 218
20 29 779
30 20 698
20 31 601
32 20 478
20 33 904
35 20 488
36 20 323
20 37 542
38 20 267
20 39 860
20 41 157
20 42 844
20 43 907
44 20 98
20 45 746
20 46 378
47 20 177
48 20 576
49 20 372
50 20 345
21 22 318
23 21 556
24 21 345
21 25 975
21 26 931
21 27 607
21 28 353
21 29 477
30 21 388
21 31 734
21 32 505
21 33 576
34 21 793
35 21 687
21 36 333
21 37 398
38 21 834
39 21 359
21 40 24
21 41 995
42 21 475
43 21 746
44 21 51
21 45 789
21 46 499
21 47 923
48 21 337
49 21 683
21 50 353
22 23 997
22 24 105
22 25 688
22 26 347
22 27 468
22 28 83
22 29 28
30 22 415
31 22 87
32 22 698
33 22 606
22 34 749
35 22 550
36 22 731
37 22 918
38 22 658
39 22 472
22 40 308
42 22 6
22 44 728
45 22 36
46 22 252
22 47 232
22 48 618
49 22 213
50 22 829
24 23 103
23 25 397
26 23 666
27 23 972
28 23 581
29 23 436
23 30 658
31 23 598
23 32 412
33 23 260
34 23 431
35 23 248
23 36 849
37 23 647
38 23 440
39 23 373
40 23 556
41 23 79
23 42 787
23 43 896
44 23 196
23 45 959
46 23 874
23 47 122
48 23 232
23 49 84
23 50 244
25 24 380
24 26 548
24 27 856
28 24 852
24 29 880
30 24 701
24 31 332
32 24 711
24 33 558
34 24 263
24 35 463
24 36 775
37 24 124
24 38 670
39 24 723
40 24 890
24 41 709
42 24 479
24 43 775
24 44 848
24 45 793
24 46 964
24 47 738
24 48 55
49 24 932
50 24 866
26 25 508
25 27 331
25 28 349
25 29 190
25 30 616
31 25 877
25 32 219
25 33 592
34 25 389
35 25 999
36 25 338
25 37 9
38 25 987
39 25 74
40 25 436
42 25 943
43 25 699
25 44 279
25 45 468
25 46 665
25 47 579
48 25 469
25 49 932
50 25 26
26 27 163
28 26 59
26 29 919
30 26 815
31 26 558
32 26 120
33 26 453
34 26 427
35 26 340
36 26 552
37 26 759
26 38 409
39 26 556
40 26 974
41 26 393
42 26 208
26 43 909
26 44 383
45 26 103
46 26 864
26 47 985
48 26 156
49 26 397
26 50 939
28 27 639
27 29 247
30 27 58
31 27 85
32 27 883
27 33 452
27 34 408
35 27 183
36 27 981
37 27 847
38 27 114
27 39 742
27 40 397
27 41 887
42 27 183
43 27 233
44 27 19
27 45 921
27 46 486
47 27 40
48 27 414
49 27 644
27 50 206
28 29 194
28 30 742
28 31 268
32 28 454
33 28 657
28 34 962
35 28 994
36 28 423
37 28 669
38 28 410
28 39 868
40 28 946
28 41 263
28 42 750
28 43 237
44 28 435
28 45 492
46 28 821
47 28 383
28 48 472
49 28 475
50 28 285
30 29 281
29 31 399
29 32 148
29 33 891
29 34 54
29 35 275
36 29 251
29 37 278
38 29 683
39 29 268
29 40 889
41 29 637
42 29 714
29 43 14
44 29 244
29 45 361
46 29 357
47 29 178
48 29 270
29 49 224
50 29 607
30 31 695
30 32 577
33 30 696
34 30 37
30 35 785
36 30 404
37 30 899
38 30 880
30 39 657
40 30 266
41 30 351
30 42 127
30 43 830
30 44 947
45 30 423
30 46 606
47 30 763
48 30 441
30 49 793
50 30 125
32 31 105
31 33 701
31 34 645
31 35 971
36 31 407
31 37 670
38 31 210
31 39 637
40 31 544
41 31 796
31 42 488
43 31 786
31 44 935
45 31 412
31 46 407
31 47 8
31 48 64
49 31 219
31 50 640
33 32 712
32 34 425
35 32 155
32 36 529
37 32 24
32 38 725
39 32 93
40 32 572
32 41 814
32 42 808
43 32 937
44 32 113
45 32 78
32 46 5
32 47 587
32 48 836
32 49 42
32 50 31
33 34 893
33 36 917
33 37 414
38 33 778
33 39 10
40 33 792
33 41 815
33 42 156
43 33 480
33 44 458
45 33 456
46 33 593
33 47 940
48 33 493
33 49 625
33 50 444
35 34 81
34 36 220
34 37 151
38 34 472
34 39 3
40 34 731
41 34 630
42 34 549
34 43 338
34 44 468
34 45 462
46 34 597
34 47 655
48 34 305
49 34 832
34 50 517
35 36 164
35 37 109
35 38 84
35 39 825
35 40 842
35 41 607
35 42 794
43 35 933
44 35 513
35 45 628
35 46 812
35 47 79
35 48 664
49 35 448
50 35 835
36 37 110
36 38 51
39 36 311
36 40 150
36 42 992
36 43 882
44 36 187
36 45 99
36 46 900
36 47 945
36 48 14
49 36 304
37 38 39
39 37 383
40 37 946
37 41 222
42 37 414
37 43 482
37 44 370
45 37 907
37 46 990
37 48 378
49 37 267
50 37 372
38 39 854
40 38 436
38 41 568
42 38 548
38 43 705
44 38 495
45 38 345
46 38 962
38 47 677
48 38 245
49 38 783
38 50 423
40 39 958
39 41 377
39 42 428
43 39 491
44 39 485
39 45 791
39 46 249
39 47 953
48 39 813
39 49 501
50 39 290
41 40 384
40 42 691
40 43 751
40 44 988
45 40 328
46 40 676
47 40 224
48 40 805
49 40 736
50 40 344
41 42 693
41 43 919
45 41 731
41 46 397
41 48 563
41 49 51
41 50 602
43 42 79
44 42 29
42 45 589
46 42 462
42 47 511
42 48 230
42 49 907
42 50 476
44 43 165
43 45 243
46 43 477
47 43 810
48 43 772
43 49 689
43 50 329
44 45 679
46 44 934
47 44 165
44 48 115
44 49 37
50 44 244
46 45 574
47 45 840
48 45 100
45 49 147
45 50 769
47 46 380
46 48 689
49 46 653
50 46 677
47 48 722
47 50 655
49 48 256
48 50 879
49 50 565

TERMINALS
12
22
24
27
34
35
37
48
49

R
1 2 3
1 3 4
1 4 3
1 5 4
1 6 5
1 7 4
1 8 2
1 9 4
1 10 4
1 11 3
1 12 2
1 13 4
1 14 2
1 15 4
1 16 3
1 17 3
1 18 3
1 19 3
1 20 3
1 21 1
1 22 1
1 23 5
1 24 2
1 25 5
1 26 1
1 27 2
1 28 1
1 29 1
1 30 5
1 31 1
1 32 5
1 33 5
1 34 4
1 35 4
1 36 3
1 37 5
1 38 2
1 39 1
1 40 3
1 41 5
1 42 1
1 43 1
1 44 1
1 45 4
1 46 1
1 47 3
1 48 1
1 49 4
1 50 2
2 1 1
2 3 4
2 4 2
2 5 5
2 6 1
2 7 4
2 8 2
2 9 2
2 10 1
2 11 2
2 12 3
2 13 1
2 14 3
2 15 2
2 16 1
2 17 1
2 18 1
2 19 5
2 20 2
2 21 2
2 22 4
2 23 4
2 24 2
2 25 4
2 26 4
2 27 5
2 28 2
2 29 3
2 30 3
2 31 5
2 32 5
2 33 5
2 34 5
2 35 3
2 36 4
2 37 5
2 38 1
2 39 2
2 40 3
2 41 3
2 42 4
2 43 3
2 44 5
2 45 1
2 46 4
2 47 5
2 48 4
2 49 2
2 50 4
3 1 5
3 2 3
3 4 2
3 5 5
3 6 1
3 7 3
3 8 5
3 9 2
3 10 4
3 11 3
3 12 1
3 13 5
3 14 4
3 15 5
3 16 4
3 17 1
3 18 5
3 19 1
3 20 4
3 21 2
3 22 5
3 23 3
3 24 5
3 25 2
3 26 3
3 27 2
3 28 3
3 29 2
3 30 5
3 31 4
3 32 3
3 33 2
3 34 3
3 35 1
3 36 3
3 37 3
3 38 5
3 39 3
3 40 1
3 41 5
3 42 5
3 43 2
3 44 4
3 45 5
3 46 1
3 47 5
3 48 2
3 49 1
3 50 2
4 1 2
4 2 4
4 3 1
4 5 5
4 6 5
4 7 5
4 8 2
4 9 1
4 10 4
4 11 5
4 12 3
4 13 4
4 14 4
4 15 1
4 16 1
4 17 2
4 18 3
4 19 5
4 20 1
4 21 5
4 22 5
4 23 1
4 24 1
4 25 3
4 26 1
4 27 5
4 28 4
4 29 2
4 30 2
4 31 1
4 32 3
4 33 3
4 34 4
4 35 1
4 36 2
4 37 3
4 38 2
4 39 5
4 40 5
4 41 2
4 42 2
4 43 4
4 44 5
4 45 5
4 46 4
4 47 2
4 48 1
4 49 2
4 50 3
5 1 2
5 2 3
5 3 4
5 4 4
5 6 4
5 7 2
5 8 1
5 9 3
5 10 2
5 11 5
5 12 1
5 13 4
5 14 2
5 15 4
5 16 4
5 17 4
5 18 2
5 19 3
5 20 2
5 21 2
5 22 2
5 23 3
5 24 3
5 25 1
5 26 4
5 27 4
5 28 1
5 29 2
5 30 5
5 31 4
5 32 4
5 33 3
5 34 2
5 35 5
5 36 3
5 37 2
5 38 1
5 39 5
5 40 1
5 41 4
5 42 4
5 43 2
5 44 2
5 45 3
5 46 5
5 47 5
5 48 3
5 49 3
5 50 2
6 1 5
6 2 1
6 3 5
6 4 4
6 5 3
6 7 2
6 8 3
6 9 4
6 10 5
6 11 1
6 12 5
6 13 3
6 14 5
6 15 4
6 16 1
6 17 1
6 18 3
6 19 2
6 20 3
6 21 2
6 22 5
6 23 1
6 24 1
6 25 1
6 26 4
6 27 5
6 28 2
6 29 5
6 30 2
6 31 4
6 32 3
6 33 1
6 34 5
6 35 2
6 36 2
6 37 4
6 38 1
6 39 1
6 40 4
6 41 5
6 42 1
6 43 3
6 44 2
6 45 5
6 46 1
6 47 5
6 48 2
6 49 3
6 50 3
7 1 4
7 2 2
7 3 2
7 4 4
7 5 2
7 6 2
7 8 4
7 9 3
7 10 5
7 11 3
7 12 4
7 13 4
7 14 5
7 15 2
7 16 5
7 17 4
7 18 3
7 19 5
7 20 1
7 21 3
7 22 4
7 23 5
7 24 3
7 25 1
7 26 3
7 27 5
7 28 4
7 29 4
7 30 1
7 31 3
7 32 2
7 33 5
7 34 4
7 35 3
7 36 5
7 37 2
7 38 2
7 39 1
7 40 4
7 41 1
7 42 5
7 43 3
7 44 4
7 45 2
7 46 4
7 47 5
7 48 5
7 49 3
7 50 5
8 1 2
8 2 5
8 3 3
8 4 1
8 5 4
8 6 5
8 7 5
8 9 3
8 10 3
8 11 4
8 12 1
8 13 1
8 14 5
8 15 2
8 16 1
8 17 4
8 18 3
8 19 3
8 20 5
8 21 3
8 22 1
8 23 1
8 24 3
8 25 3
8 26 1
8 27 4
8 28 3
8 29 1
8 30 5
8 31 2
8 32 5
8 33 1
8 34 1
8 35 4
8 36 3
8 37 2
8 38 3
8 39 2
8 40 1
8 41 3
8 42 2
8 43 1
8 44 3
8 45 3
8 46 2
8 47 3
8 48 2
8 49 2
8 50 2
9 1 1
9 2 4
9 3 3
9 4 1
9 5 3
9 6 2
9 7 4
9 8 3
9 10 2
9 11 4
9 12 4
9 13 3
9 14 5
9 15 4
9 16 1
9 17 3
9 18 3
9 19 2
9 20 2
9 21 2
9 22 2
9 23 4
9 24 3
9 25 5
9 26 3
9 27 1
9 28 3
9 29 3
9 30 2
9 31 4
9 32 4
9 33 4
9 34 5
9 35 3
9 36 2
9 37 2
9 38 5
9 39 5
9 40 2
9 41 3
9 42 3
9 43 5
9 44 5
9 45 4
9 46 1
9 47 5
9 48 3
9 49 3
9 50 3
10 1 4
10 2 1
10 3 2
10 4 5
10 5 4
10 6 1
10 7 4
10 8 1
10 9 3
10 11 1
10 12 4
10 13 2
10 14 2
10 15 2
10 16 3
10 17 4
10 18 3
10 19 4
10 20 3
10 21 2
10 22 2
10 23 5
10 24 1
10 25 2
10 26 2
10 27 1
10 28 2
10 29 3
10 30 3
10 31 1
10 32 1
10 33 4
10 34 2
10 35 2
10 36 5
10 37 2
10 38 4
10 39 3
10 40 2
10 41 1
10 42 1
10 43 2
10 44 4
10 45 2
10 46 3
10 47 1
10 48 5
10 49 3
10 50 2
11 1 5
11 2 1
11 3 3
11 4 1
11 5 4
11 6 4
11 7 2
11 8 4
11 9 2
11 10 5
11 12 4
11 13 5
11 14 2
11 15 4
11 16 1
11 17 5
11 18 3
11 19 4
11 20 3
11 21 2
11 22 5
11 23 5
11 24 2
11 25 1
11 26 4
11 27 3
11 28 5
11 29 4
11 30 3
11 31 4
11 32 5
11 33 4
11 34 5
11 35 3
11 36 4
11 37 3
11 38 3
11 39 3
11 40 3
11 41 2
11 42 2
11 43 1
11 44 1
11 45 5
11 46 4
11 47 3
11 48 1
11 49 3
11 50 1
12 1 3
12 2 5
12 3 2
12 4 4
12 5 1
12 6 4
12 7 2
12 8 4
12 9 3
12 10 1
12 11 3
12 13 2
12 14 2
12 15 1
12 16 3
12 17 1
12 18 1
12 19 2
12 20 4
12 21 3
12 22 4
12 23 2
12 24 1
12 25 2
12 26 2
12 27 2
12 28 5
12 29 1
12 30 2
12 31 5
12 32 1
12 33 1
12 34 4
12 35 2
12 36 5
12 37 1
12 38 5
12 39 1
12 40 1
12 41 4
12 42 3
12 43 5
12 44 2
12 45 5
12 46 2
12 47 4
12 48 2
12 49 3
12 50 5
13 1 5
13 2 5
13 3 1
13 4 1
13 5 3
13 6 2
13 7 4
13 8 4
13 9 3
13 10 4
13 11 1
13 12 2
13 14 1
13 15 3
13 16 2
13 17 4
13 18 2
13 19 3
13 20 5
13 21 5
13 22 3
13 23 4
13 24 4
13 25 3
13 26 2
13 27 5
13 28 4
13 29 1
13 30 2
13 31 3
13 32 2
13 33 1
13 34 3
13 35 2
13 36 4
13 37 2
13 38 3
13 39 4
13 40 5
13 41 3
13 42 5
13 43 2
13 44 4
13 45 5
13 46 5
13 47 1
13 48 1
13 49 3
13 50 3
14 1 5
14 2 2
14 3 2
14 4 3
14 5 1
14 6 4
14 7 5
14 8 5
14 9 5
14 10 2
14 11 1
14 12 2
14 13 5
14 15 4
14 16 1
14 17 4
14 18 4
14 19 2
14 20 3
14 21 4
14 22 4
14 23 5
14 24 3
14 25 5
14 26 4
14 27 5
14 28 1
14 29 4
14 30 5
14 31 4
14 32 3
14 33 4
14 34 2
14 35 4
14 36 4
14 37 2
14 38 5
14 39 5
14 40 4
14 41 1
14 42 3
14 43 1
14 44 2
14 45 2
14 46 1
14 47 3
14 48 5
14 49 1
14 50 1
15 1 3
15 2 5
15 3 1
15 4 2
15 5 4
15 6 1
15 7 2
15 8 3
15 9 3
15 10 2
15 11 4
15 12 1
15 13 1
15 14 5
15 16 5
15 17 2
15 18 3
15 19 3
15 20 1
15 21 4
15 22 1
15 23 1
15 24 1
15 25 4
15 26 4
15 27 2
15 28 4
15 29 3
15 30 4
15 31 5
15 32 4
15 33 3
15 34 1
15 35 1
15 36 1
15 37 4
15 38 1
15 39 3
15 40 4
15 41 1
15 42 1
15 43 4
15 44 3
15 45 2
15 46 3
15 47 2
15 48 3
15 49 2
15 50 5
16 1 3
16 2 5
16 3 2
16 4 5
16 5 2
16 6 5
16 7 3
16 8 1
16 9 1
16 10 3
16 11 4
16 12 2
16 13 1
16 14 1
16 15 2
16 17 3
16 18 1
16 19 5
16 20 4
16 21 5
16 22 5
16 23 1
16 24 1
16 25 4
16 26 3
16 27 2
16 28 1
16 29 5
16 30 4
16 31 5
16 32 1
16 33 3
16 34 1
16 35 2
16 36 4
16 37 3
16 38 2
16 39 3
16 40 3
16 41 2
16 42 5
16 43 1
16 44 3
16 45 2
16 46 3
16 47 1
16 48 5
16 49 5
16 50 5
17 1 5
17 2 5
17 3 2
17 4 5
17 5 5
17 6 5
17 7 2
17 8 1
17 9 2
17 10 3
17 11 1
17 12 1
17 13 3
17 14 5
17 15 2
17 16 5
17 18 3
17 19 1
17 20 3
17 21 5
17 22 3
17 23 1
17 24 5
17 25 5
17 26 3
17 27 1
17 28 2
17 29 5
17 30 5
17 31 1
17 32 1
17 33 4
17 34 2
17 35 2
17 36 5
17 37 1
17 38 1
17 39 2
17 40 3
17 41 3
17 42 1
17 43 5
17 44 5
17 45 4
17 46 4
17 47 1
17 48 5
17 49 1
17 50 3
18 1 2
18 2 3
18 3 5
18 4 2
18 5 2
18 6 4
18 7 1
18 8 4
18 9 2
18 10 5
18 11 1
18 12 5
18 13 5
18 14 1
18 15 1
18 16 2
18 17 1
18 19 2
18 20 4
18 21 4
18 22 1
18 23 3
18 24 4
18 25 1
18 26 3
18 27 4
18 28 4
18 29 5
18 30 3
18 31 2
18 32 3
18 33 4
18 34 4
18 35 4
18 36 2
18 37 2
18 38 5
18 39 4
18 40 5
18 41 1
18 42 3
18 43 5
18 44 2
18 45 5
18 46 1
18 47 3
18 48 3
18 49 3
18 50 1
19 1 3
19 2 1
19 3 1
19 4 1
19 5 4
19 6 3
19 7 3
19 8 3
19 9 2
19 10 4
19 11 2
19 12 5
19 13 3
19 14 3
19 15 3
19 16 2
19 17 4
19 18 1
19 20 1
19 21 5
19 22 5
19 23 1
19 24 2
19 25 2
19 26 3
19 27 3
19 28 4
19 29 2
19 30 5
19 31 1
19 32 4
19 33 3
19 34 3
19 35 4
19 36 5
19 37 1
19 38 4
19 39 4
19 40 5
19 41 2
19 42 2
19 43 2
19 44 1
19 45 5
19 46 1
19 47 5
19 48 1
19 49 1
19 50 5
20 1 1
20 2 5
20 3 1
20 4 3
20 5 4
20 6 4
20 7 2
20 8 1
20 9 2
20 10 5
20 11 3
20 12 4
20 13 3
20 14 2
20 15 1
20 16 4
20 17 1
20 18 4
20 19 2
20 21 4
20 22 5
20 23 3
20 24 2
20 25 1
20 26 5
20 27 1
20 28 3
20 29 4
20 30 3
20 31 4
20 32 3
20 33 5
20 34 3
20 35 5
20 36 5
20 37 1
20 38 4
20 39 3
20 40 4
20 41 2
20 42 3
20 43 1
20 44 3
20 45 2
20 46 2
20 47 3
20 48 5
20 49 4
20 50 3
21 1 1
21 2 4
21 3 3
21 4 5
21 5 5
21 6 5
21 7 4
21 8 3
21 9 3
21 10 4
21 11 2
21 12 3
21 13 1
21 14 2
21 15 5
21 16 3
21 17 3
21 18 3
21 19 3
21 20 5
21 22 3
21 23 4
21 24 4
21 25 3
21 26 1
21 27 1
21 28 1
21 29 1
21 30 5
21 31 1
21 32 5
21 33 3
21 34 4
21 35 2
21 36 4
21 37 3
21 38 2
21 39 3
21 40 2
21 41 1
21 42 1
21 43 4
21 44 3
21 45 4
21 46 2
21 47 4
21 48 3
21 49 4
21 50 3
22 1 5
22 2 5
22 3 5
22 4 3
22 5 1
22 6 4
22 7 1
22 8 1
22 9 4
22 10 3
22 11 2
22 12 4
22 13 2
22 14 1
22 15 4
22 16 1
22 17 5
22 18 2
22 19 2
22 20 4
22 21 3
22 23 4
22 24 1
22 25 1
22 26 1
22 27 1
22 28 4
22 29 1
22 30 3
22 31 2
22 32 4
22 33 4
22 34 4
22 35 5
22 36 4
22 37 4
22 38 4
22 39 4
22 40 1
22 41 2
22 42 3
22 43 2
22 44 3
22 45 4
22 46 3
22 47 1
22 48 1
22 49 4
22 50 4
23 1 2
23 2 4
23 3 4
23 4 2
23 5 4
23 6 1
23 7 4
23 8 5
23 9 5
23 10 5
23 11 4
23 12 3
23 13 5
23 14 3
23 15 1
23 16 4
23 17 1
23 18 4
23 19 2
23 20 1
23 21 1
23 22 1
23 24 3
23 25 3
23 26 5
23 27 3
23 28 2
23 29 2
23 30 4
23 31 2
23 32 3
23 33 2
23 34 5
23 35 1
23 36 1
23 37 3
23 38 1
23 39 4
23 40 4
23 41 2
23 42 3
23 43 5
23 44 5
23 45 4
23 46 4
23 47 5
23 48 3
23 49 1
23 50 1
24 1 1
24 2 1
24 3 1
24 4 3
24 5 5
24 6 5
24 7 4
24 8 4
24 9 3
24 10 1
24 11 4
24 12 4
24 13 3
24 14 3
24 15 3
24 16 5
24 17 3
24 18 3
24 19 5
24 20 1
24 21 3
24 22 4
24 23 1
24 25 4
24 26 3
24 27 4
24 28 4
24 29 4
24 30 3
24 31 4
24 32 1
24 33 1
24 34 1
24 35 4
24 36 5
24 37 5
24 38 5
24 39 4
24 40 1
24 41 3
24 42 4
24 43 4
24 44 3
24 45 3
24 46 1
24 47 3
24 48 2
24 49 5
24 50 2
25 1 3
25 2 1
25 3 4
25 4 1
25 5 1
25 6 5
25 7 5
25 8 1
25 9 3
25 10 4
25 11 1
25 12 2
25 13 1
25 14 3
25 15 4
25 16 4
25 17 2
25 18 1
25 19 1
25 20 5
25 21 1
25 22 3
25 23 5
25 24 1
25 26 5
25 27 2
25 28 4
25 29 2
25 30 5
25 31 3
25 32 3
25 33 3
25 34 3
25 35 4
25 36 5
25 37 5
25 38 5
25 39 5
25 40 3
25 41 2
25 42 5
25 43 3
25 44 5
25 45 2
25 46 5
25 47 1
25 48 3
25 49 3
25 50 1
26 1 3
26 2 3
26 3 1
26 4 5
26 5 2
26 6 3
26 7 1
26 8 1
26 9 1
26 10 5
26 11 5
26 12 4
26 13 2
26 14 2
26 15 3
26 16 2
26 17 4
26 18 3
26 19 1
26 20 5
26 21 2
26 22 5
26 23 4
26 24 4
26 25 1
26 27 5
26 28 5
26 29 3
26 30 2
26 31 4
26 32 3
26 33 1
26 34 1
26 35 5
26 36 5
26 37 5
26 38 3
26 39 3
26 40 5
26 41 3
26 42 2
26 43 4
26 44 1
26 45 3
26 46 3
26 47 1
26 48 2
26 49 1
26 50 3
27 1 4
27 2 5
27 3 4
27 4 5
27 5 5
27 6 4
27 7 1
27 8 1
27 9 5
27 10 3
27 11 5
27 12 3
27 13 3
27 14 5
27 15 1
27 16 2
27 17 5
27 18 5
27 19 4
27 20 2
27 21 4
27 22 2
27 23 3
27 24 4
27 25 4
27 26 2
27 28 1
27 29 4
27 30 5
27 31 1
27 32 3
27 33 4
27 34 2
27 35 3
27 36 3
27 37 1
27 38 1
27 39 5
27 40 2
27 41 2
27 42 5
27 43 1
27 44 2
27 45 2
27 46 5
27 47 2
27 48 3
27 49 1
27 50 1
28 1 2
28 2 4
28 3 4
28 4 5
28 5 3
28 6 2
28 7 5
28 8 2
28 9 5
28 10 4
28 11 1
28 12 2
28 13 3
28 14 4
28 15 4
28 16 1
28 17 4
28 18 1
28 19 3
28 20 3
28 21 4
28 22 2
28 23 2
28 24 1
28 25 3
28 26 5
28 27 3
28 29 4
28 30 5
28 31 5
28 32 4
28 33 3
28 34 4
28 35 4
28 36 2
28 37 3
28 38 2
28 39 3
28 40 4
28 41 1
28 42 1
28 43 5
28 44 3
28 45 1
28 46 5
28 47 3
28 48 1
28 49 3
28 50 5
29 1 5
29 2 3
29 3 4
29 4 1
29 5 1
29 6 1
29 7 3
29 8 1
29 9 3
29 10 1
29 11 5
29 12 3
29 13 1
29 14 4
29 15 3
29 16 4
29 17 5
29 18 5
29 19 3
29 20 4
29 21 4
29 22 3
29 23 5
29 24 5
29 25 2
29 26 2
29 27 4
29 28 1
29 30 2
29 31 4
29 32 1
29 33 1
29 34 1
29 35 1
29 36 4
29 37 1
29 38 1
29 39 1
29 40 3
29 41 1
29 42 2
29 43 4
29 44 5
29 45 2
29 46 2
29 47 4
29 48 3
29 49 3
29 50 5
30 1 5
30 2 2
30 3 3
30 4 4
30 5 3
30 6 4
30 7 1
30 8 4
30 9 5
30 10 3
30 11 2
30 12 3
30 13 3
30 14 4
30 15 5
30 16 5
30 17 2
30 18 2
30 19 3
30 20 3
30 21 2
30 22 5
30 23 1
30 24 5
30 25 4
30 26 2
30 27 4
30 28 4
30 29 1
30 31 1
30 32 3
30 33 5
30 34 4
30 35 3
30 36 4
30 37 1
30 38 1
30 39 1
30 40 1
30 41 2
30 42 3
30 43 2
30 44 4
30 45 3
30 46 3
30 47 5
30 48 2
30 49 4
30 50 2
31 1 4
31 2 1
31 3 3
31 4 5
31 5 3
31 6 4
31 7 3
31 8 2
31 9 2
31 10 1
31 11 2
31 12 5
31 13 4
31 14 2
31 15 3
31 16 1
31 17 2
31 18 1
31 19 3
31 20 2
31 21 1
31 22 5
31 23 4
31 24 5
31 25 5
31 26 1
31 27 2
31 28 5
31 29 5
31 30 2
31 32 3
31 33 5
31 34 5
31 35 2
31 36 5
31 37 2
31 38 5
31 39 2
31 40 3
31 41 4
31 42 5
31 43 5
31 44 3
31 45 5
31 46 3
31 47 5
31 48 2
31 49 4
31 50 2
32 1 4
32 2 5
32 3 5
32 4 3
32 5 3
32 6 4
32 7 5
32 8 1
32 9 2
32 10 4
32 11 5
32 12 5
32 13 3
32 14 4
32 15 4
32 16 4
32 17 3
32 18 1
32 19 5
32 20 2
32 21 3
32 22 5
32 23 1
32 24 4
32 25 2
32 26 2
32 27 1
32 28 4
32 29 3
32 30 4
32 31 5
32 33 1
32 34 3
32 35 4
32 36 1
32 37 3
32 38 4
32 39 5
32 40 3
32 41 2
32 42 5
32 43 2
32 44 2
32 45 2
32 46 2
32 47 5
32 48 2
32 49 5
32 50 2
33 1 3
33 2 1
33 3 2
33 4 3
33 5 3
33 6 5
33 7 1
33 8 4
33 9 1
33 10 4
33 11 1
33 12 1
33 13 1
33 14 3
33 15 4
33 16 1
33 17 3
33 18 3
33 19 2
33 20 4
33 21 5
33 22 3
33 23 3
33 24 3
33 25 1
33 26 1
33 27 4
33 28 3
33 29 4
33 30 3
33 31 4
33 32 2
33 34 5
33 35 5
33 36 1
33 37 2
33 38 2
33 39 1
33 40 2
33 41 4
33 42 2
33 43 2
33 44 4
33 45 2
33 46 2
33 47 4
33 48 4
33 49 4
33 50 1
34 1 5
34 2 5
34 3 2
34 4 5
34 5 2
34 6 4
34 7 5
34 8 5
34 9 3
34 10 2
34 11 3
34 12 2
34 13 3
34 14 1
34 15 2
34 16 4
34 17 1
34 18 5
34 19 5
34 20 2
34 21 2
34 22 3
34 23 3
34 24 5
34 25 4
34 26 1
34 27 1
34 28 2
34 29 4
34 30 5
34 31 5
34 32 4
34 33 1
34 35 1
34 36 3
34 37 2
34 38 5
34 39 4
34 40 3
34 41 4
34 42 3
34 43 1
34 44 5
34 45 2
34 46 1
34 47 1
34 48 5
34 49 4
34 50 3
35 1 2
35 2 2
35 3 4
35 4 1
35 5 4
35 6 3
35 7 4
35 8 1
35 9 4
35 10 3
35 11 4
35 12 5
35 13 2
35 14 4
35 15 5
35 16 2
35 17 3
35 18 3
35 19 1
35 20 4
35 21 3
35 22 4
35 23 1
35 24 3
35 25 1
35 26 4
35 27 5
35 28 3
35 29 3
35 30 3
35 31 5
35 32 1
35 33 4
35 34 5
35 36 2
35 37 4
35 38 3
35 39 2
35 40 4
35 41 3
35 42 4
35 43 5
35 44 4
35 45 5
35 46 5
35 47 5
35 48 2
35 49 3
35 50 4
36 1 4
36 2 3
36 3 1
36 4 5
36 5 5
36 6 5
36 7 5
36 8 3
36 9 5
36 10 2
36 11 2
36 12 4
36 13 2
36 14 3
36 15 3
36 16 1
36 17 1
36 18 3
36 19 5
36 20 2
36 21 4
36 22 4
36 23 3
36 24 5
36 25 4
36 26 2
36 27 4
36 28 3
36 29 5
36 30 3
36 31 4
36 32 1
36 33 5
36 34 4
36 35 5
36 37 4
36 38 4
36 39 1
36 40 1
36 41 5
36 42 2
36 43 3
36 44 3
36 45 5
36 46 2
36 47 2
36 48 3
36 49 2
36 50 2
37 1 4
37 2 5
37 3 5
37 4 3
37 5 2
37 6 4
37 7 1
37 8 1
37 9 2
37 10 1
37 11 2
37 12 2
37 13 4
37 14 4
37 15 1
37 16 4
37 17 5
37 18 5
37 19 4
37 20 5
37 21 2
37 22 3
37 23 4
37 24 1
37 25 3
37 26 5
37 27 2
37 28 4
37 29 2
37 30 5
37 31 5
37 32 3
37 33 2
37 34 1
37 35 2
37 36 5
37 38 4
37 39 4
37 40 5
37 41 3
37 42 1
37 43 4
37 44 4
37 45 4
37 46 2
37 47 1
37 48 5
37 49 2
37 50 5
38 1 3
38 2 3
38 3 4
38 4 3
38 5 1
38 6 4
38 7 5
38 8 1
38 9 3
38 10 3
38 11 4
38 12 4
38 13 5
38 14 3
38 15 5
38 16 5
38 17 4
38 18 5
38 19 1
38 20 3
38 21 1
38 22 3
38 23 3
38 24 1
38 25 3
38 26 4
38 27 5
38 28 3
38 29 3
38 30 3
38 31 5
38 32 2
38 33 5
38 34 3
38 35 4
38 36 3
38 37 3
38 39 3
38 40 3
38 41 2
38 42 3
38 43 3
38 44 1
38 45 4
38 46 1
38 47 5
38 48 5
38 49 4
38 50 1
39 1 5
39 2 3
39 3 4
39 4 4
39 5 3
39 6 4
39 7 3
39 8 3
39 9 3
39 10 1
39 11 5
39 12 5
39 13 2
39 14 3
39 15 2
39 16 1
39 17 2
39 18 4
39 19 3
39 20 1
39 21 3
39 22 5
39 23 5
39 24 5
39 25 2
39 26 3
39 27 5
39 28 3
39 29 3
39 30 1
39 31 4
39 32 4
39 33 5
39 34 2
39 35 3
39 36 2
39 37 5
39 38 5
39 40 4
39 41 5
39 42 2
39 43 5
39 44 1
39 45 3
39 46 5
39 47 2
39 48 3
39 49 1
39 50 5
40 1 3
40 2 3
40 3 2
40 4 4
40 5 3
40 6 4
40 7 5
40 8 2
40 9 5
40 10 2
40 11 1
40 12 5
40 13 2
40 14 5
40 15 5
40 16 3
40 17 4
40 18 3
40 19 5
40 20 5
40 21 4
40 22 1
40 23 4
40 24 3
40 25 1
40 26 1
40 27 2
40 28 5
40 29 1
40 30 4
40 31 4
40 32 3
40 33 4
40 34 3
40 35 3
40 36 3
40 37 1
40 38 2
40 39 4
40 41 5
40 42 5
40 43 5
40 44 2
40 45 2
40 46 1
40 47 3
40 48 1
40 49 1
40 50 5
41 1 5
41 2 5
41 3 5
41 4 2
41 5 3
41 6 3
41 7 3
41 8 1
41 9 1
41 10 2
41 11 1
41 12 2
41 13 2
41 14 5
41 15 5
41 16 1
41 17 2
41 18 4
41 19 1
41 20 5
41 21 2
41 22 3
41 23 4
41 24 3
41 25 1
41 26 2
41 27 3
41 28 3
41 29 3
41 30 3
41 31 4
41 32 4
41 33 5
41 34 4
41 35 1
41 36 4
41 37 3
41 38 3
41 39 4
41 40 5
41 42 1
41 43 1
41 44 1
41 45 4
41 46 2
41 47 2
41 48 5
41 49 5
41 50 5
42 1 2
42 2 1
42 3 4
42 4 4
42 5 5
42 6 1
42 7 4
42 8 1
42 9 1
42 10 3
42 11 3
42 12 5
42 13 2
42 14 2
42 15 1
42 16 2
42 17 4
42 18 5
42 19 4
42 20 3
42 21 5
42 22 3
42 23 3
42 24 3
42 25 1
42 26 1
42 27 4
42 28 4
42 29 2
42 30 1
42 31 1
42 32 4
42 33 1
42 34 4
42 35 4
42 36 2
42 37 1
42 38 3
42 39 3
42 40 3
42 41 2
42 43 2
42 44 3
42 45 5
42 46 5
42 47 3
42 48 1
42 49 3
42 50 4
43 1 4
43 2 5
43 3 4
43 4 4
43 5 4
43 6 3
43 7 1
43 8 2
43 9 3
43 10 4
43 11 3
43 12 3
43 13 4
43 14 1
43 15 4
43 16 4
43 17 5
43 18 2
43 19 2
43 20 4
43 21 4
43 22 4
43 23 2
43 24 3
43 25 3
43 26 2
43 27 4
43 28 1
43 29 2
43 30 2
43 31 1
43 32 3
43 33 3
43 34 1
43 35 1
43 36 2
43 37 3
43 38 3
43 39 5
43 40 1
43 41 1
43 42 2
43 44 5
43 45 2
43 46 5
43 47 5
43 48 2
43 49 1
43 50 2
44 1 3
44 2 4
44 3 2
44 4 2
44 5 5
44 6 4
44 7 4
44 8 3
44 9 3
44 10 1
44 11 5
44 12 1
44 13 4
44 14 4
44 15 3
44 16 4
44 17 4
44 18 1
44 19 4
44 20 3
44 21 5
44 22 4
44 23 3
44 24 2
44 25 3
44 26 1
44 27 3
44 28 5
44 29 3
44 30 3
44 31 1
44 32 2
44 33 3
44 34 2
44 35 3
44 36 4
44 37 1
44 38 4
44 39 2
44 40 5
44 41 1
44 42 3
44 43 5
44 45 4
44 46 1
44 47 4
44 48 5
44 49 1
44 50 5
45 1 3
45 2 3
45 3 1
45 4 1
45 5 5
45 6 2
45 7 5
45 8 3
45 9 1
45 10 4
45 11 5
45 12 3
45 13 1
45 14 3
45 15 5
45 16 3
45 17 3
45 18 1
45 19 5
45 20 1
45 21 2
45 22 4
45 23 3
45 24 4
45 25 5
45 26 4
45 27 4
45 28 3
45 29 3
45 30 4
45 31 4
45 32 5
45 33 3
45 34 5
45 35 2
45 36 2
45 37 3
45 38 3
45 39 1
45 40 4
45 41 4
45 42 2
45 43 3
45 44 4
45 46 5
45 47 5
45 48 3
45 49 2
45 50 5
46 1 2
46 2 4
46 3 1
46 4 2
46 5 1
46 6 1
46 7 1
46 8 1
46 9 1
46 10 1
46 11 3
46 12 1
46 13 1
46 14 4
46 15 3
46 16 5
46 17 5
46 18 1
46 19 5
46 20 5
46 21 2
46 22 5
46 23 3
46 24 3
46 25 2
46 26 3
46 27 4
46 28 1
46 29 1
46 30 5
46 31 2
46 32 2
46 33 5
46 34 4
46 35 4
46 36 1
46 37 4
46 38 1
46 39 1
46 40 1
46 41 3
46 42 1
46 43 1
46 44 4
46 45 4
46 47 5
46 48 5
46 49 1
46 50 3
47 1 4
47 2 5
47 3 1
47 4 5
47 5 2
47 6 5
47 7 2
47 8 4
47 9 4
47 10 4
47 11 4
47 12 5
47 13 1
47 14 3
47 15 5
47 16 1
47 17 1
47 18 2
47 19 5
47 20 3
47 21 2
47 22 2
47 23 1
47 24 4
47 25 5
47 26 4
47 27 3
47 28 4
47 29 3
47 30 3
47 31 3
47 32 4
47 33 2
47 34 3
47 35 3
47 36 5
47 37 3
47 38 1
47 39 5
47 40 1
47 41 2
47 42 4
47 43 5
47 44 4
47 45 1
47 46 1
47 48 4
47 49 3
47 50 2
48 1 5
48 2 5
48 3 1
48 4 2
48 5 2
48 6 4
48 7 1
48 8 5
48 9 3
48 10 1
48 11 5
48 12 5
48 13 1
48 14 5
48 15 3
48 16 3
48 17 2
48 18 4
48 19 5
48 20 5
48 21 4
48 22 2
48 23 1
48 24 4
48 25 4
48 26 1
48 27 1
48 28 4
48 29 4
48 30 3
48 31 1
48 32 4
48 33 4
48 34 3
48 35 2
48 36 1
48 37 1
48 38 4
48 39 2
48 40 4
48 41 4
48 42 3
48 43 5
48 44 1
48 45 2
48 46 5
48 47 4
48 49 1
48 50 5
49 1 5
49 2 5
49 3 3
49 4 4
49 5 2
49 6 1
49 7 4
49 8 2
49 9 3
49 10 2
49 11 5
49 12 2
49 13 4
49 14 5
49 15 3
49 16 1
49 17 1
49 18 3
49 19 4
49 20 4
49 21 1
49 22 4
49 23 5
49 24 4
49 25 5
49 26 5
49 27 5
49 28 4
49 29 5
49 30 5
49 31 4
49 32 5
49 33 1
49 34 3
49 35 5
49 36 4
49 37 1
49 38 3
49 39 5
49 40 3
49 41 1
49 42 2
49 43 5
49 44 5
49 45 1
49 46 2
49 47 2
49 48 4
49 50 1
50 1 2
50 2 2
50 3 3
50 4 5
50 5 3
50 6 1
50 7 5
50 8 5
50 9 3
50 10 5
50 11 4
50 12 4
50 13 5
50 14 5
50 15 5
50 16 5
50 17 4
50 18 3
50 19 5
50 20 1
50 21 5
50 22 4
50 23 2
50 24 1
50 25 3
50 26 3
50 27 3
50 28 1
50 29 1
50 30 1
50 31 3
50 32 3
50 33 5
50 34 1
50 35 4
50 36 2
50 37 3
50 38 5
50 39 1
50 40 5
50 41 2
50 42 2
50 43 4
50 44 1
50 45 1
50 46 5
50 47 2
50 48 2
50 49 4

END
