INSTANCE_NAME b02.dat
NB_VERTICES 50
NB_ARCS 77
NB_REQUESTS 0
NB_BLOCKAGES 19
NB_A' 2373
NB_TERMINALS 13

VERTICES
1 0 0
2 0 0
3 0 0
4 0 0
5 0 0
6 0 0
7 0 0
8 0 0
9 0 0
10 0 0
11 0 0
12 0 0
13 0 0
14 0 0
15 0 0
16 0 0
17 0 0
18 0 0
19 0 0
20 0 0
21 0 0
22 0 0
23 0 0
24 0 0
25 0 0
26 0 0
27 0 0
28 0 0
29 0 0
30 0 0
31 0 0
32 0 0
33 0 0
34 0 0
35 0 0
36 0 0
37 0 0
38 0 0
39 0 0
40 0 0
41 0 0
42 0 0
43 0 0
44 0 0
45 0 0
46 0 0
47 0 0
48 0 0
49 0 0
50 0 0

ARCS
6 29 7
29 12 9
12 4 5
4 21 9
21 19 10
19 10 4
10 18 7
18 44 6
44 43 6
43 28 7
28 40 1
40 10 9
10 48 6
48 5 4
5 29 5
29 27 6
27 9 5
9 34 8
34 26 7
26 17 5
17 30 2
30 41 10
41 35 2
35 7 1
7 39 1
39 49 6
49 26 6
26 31 2
31 40 7
40 37 1
37 45 4
45 4 9
45 7 8
45 17 5
45 20 4
20 36 3
36 19 1
19 16 5
16 3 9
3 5 6
3 20 9
16 25 9
25 21 6
25 47 6
47 28 8
47 45 2
45 22 3
22 24 6
24 8 8
8 41 7
41 23 4
23 49 3
49 24 8
49 42 7
42 13 3
13 15 9
15 2 2
2 14 7
14 27 9
27 35 2
35 14 5
27 50 7
50 6 9
27 43 7
43 32 9
32 41 10
43 33 3
33 23 9
15 1 5
1 12 9
13 11 3
11 44 1
49 46 10
46 47 8
45 26 7
36 38 9
38 34 5

REQUESTS

BLOCKAGES
27 35
3 20
5 29
44 43
12 4
14 27
34 26
29 27
27 43
40 10
47 45
47 28
25 21
35 7
13 15
45 17
36 19
41 23
49 24

A'
1 2 150
1 3 205
1 4 660
5 1 455
6 1 322
1 7 177
8 1 908
1 9 954
10 1 438
11 1 797
12 1 538
13 1 193
1 14 663
16 1 555
1 17 61
1 18 411
1 19 687
20 1 196
21 1 615
1 22 599
1 23 696
24 1 237
25 1 682
1 26 822
1 27 852
1 28 525
1 29 100
1 30 232
1 31 130
32 1 870
1 33 620
1 34 726
1 35 792
36 1 935
37 1 440
38 1 88
39 1 261
40 1 871
1 41 380
1 42 929
43 1 599
1 44 152
45 1 611
1 46 658
47 1 874
48 1 634
49 1 863
50 1 503
2 3 983
4 2 764
2 5 969
2 6 260
7 2 880
2 8 170
9 2 821
2 10 193
2 11 607
2 12 822
2 13 79
14 2 310
2 15 710
16 2 797
2 17 654
18 2 929
2 19 87
20 2 762
21 2 248
22 2 635
23 2 151
2 24 89
25 2 605
26 2 94
2 27 976
28 2 781
29 2 746
2 30 358
31 2 384
2 32 82
33 2 156
2 34 377
2 35 406
2 36 648
37 2 158
2 38 483
2 39 437
40 2 983
2 41 203
2 42 605
43 2 695
44 2 585
2 45 826
2 46 598
47 2 152
48 2 950
49 2 40
2 50 901
3 4 815
5 3 802
3 6 182
7 3 984
3 8 559
3 9 11
3 10 745
11 3 644
12 3 351
3 13 230
3 14 873
15 3 89
3 16 505
3 17 683
18 3 363
19 3 694
20 3 834
21 3 500
22 3 483
23 3 337
3 24 152
25 3 507
26 3 666
3 27 39
3 28 81
29 3 896
30 3 447
3 31 329
3 32 373
33 3 848
34 3 945
35 3 263
3 36 739
3 37 497
3 38 301
39 3 967
3 40 235
41 3 52
3 42 326
43 3 620
3 44 711
45 3 710
46 3 850
3 47 460
3 48 400
49 3 660
3 50 551
4 5 826
4 6 739
4 7 863
8 4 858
9 4 843
4 10 357
4 11 344
4 12 336
13 4 439
4 14 181
4 15 203
4 16 538
4 17 955
18 4 673
4 19 633
20 4 887
21 4 864
22 4 131
4 23 16
4 24 258
4 25 431
4 26 103
4 27 647
28 4 440
29 4 188
4 30 937
4 31 705
4 32 756
33 4 114
4 34 624
4 35 650
4 36 555
4 37 839
38 4 943
4 39 376
40 4 415
41 4 166
42 4 284
43 4 659
4 44 953
46 4 889
4 47 104
4 48 695
4 49 180
4 50 90
6 5 124
7 5 832
8 5 493
5 9 283
5 10 596
11 5 112
5 12 353
13 5 389
14 5 991
5 15 469
16 5 215
5 17 129
5 18 775
19 5 135
5 20 945
5 21 231
5 22 879
5 23 760
24 5 281
5 25 69
5 26 877
5 27 333
28 5 864
29 5 745
30 5 889
31 5 43
32 5 626
33 5 124
34 5 994
35 5 58
5 36 834
5 37 61
5 38 701
5 39 83
5 40 861
41 5 913
42 5 386
5 43 965
5 44 967
45 5 456
46 5 978
5 47 310
49 5 785
50 5 366
7 6 765
8 6 877
6 9 67
6 10 105
6 11 22
6 12 98
6 13 702
14 6 262
15 6 151
16 6 265
6 17 318
6 18 541
19 6 133
20 6 187
21 6 202
6 22 312
6 23 910
6 24 369
6 25 479
26 6 213
27 6 966
28 6 80
29 6 497
30 6 318
31 6 203
32 6 210
6 33 758
6 34 687
6 35 597
36 6 158
6 37 129
38 6 115
6 39 360
40 6 366
41 6 660
6 42 395
43 6 592
6 44 996
6 45 167
6 46 87
47 6 248
6 48 241
49 6 750
7 8 346
9 7 755
10 7 631
7 11 609
12 7 287
13 7 386
14 7 454
15 7 223
16 7 907
17 7 778
7 18 215
19 7 784
20 7 42
7 21 175
7 22 533
23 7 995
7 24 308
7 25 372
7 26 677
7 27 958
28 7 774
29 7 144
7 30 658
7 31 10
7 32 414
33 7 613
7 34 582
36 7 623
7 37 441
38 7 712
39 7 367
40 7 905
7 41 312
7 42 144
43 7 800
44 7 768
7 45 602
46 7 151
47 7 356
7 48 85
49 7 679
7 50 428
9 8 330
8 10 606
11 8 126
12 8 368
13 8 609
8 14 960
8 15 465
8 16 914
8 17 914
18 8 758
19 8 28
8 20 185
21 8 326
22 8 581
8 23 685
8 24 782
8 25 114
26 8 136
27 8 407
28 8 731
29 8 478
30 8 286
31 8 498
32 8 910
33 8 231
34 8 277
8 35 279
36 8 345
8 37 434
38 8 311
8 39 637
8 40 483
41 8 182
42 8 988
8 43 825
44 8 602
45 8 113
46 8 949
8 47 789
8 48 372
49 8 877
8 50 629
10 9 164
11 9 110
12 9 601
9 13 714
14 9 863
15 9 338
9 16 167
9 17 631
18 9 100
9 19 997
9 20 822
21 9 173
9 22 155
9 23 980
24 9 247
9 25 537
9 26 284
9 27 359
28 9 417
9 29 473
30 9 620
31 9 674
9 32 192
9 33 481
34 9 239
35 9 854
9 36 774
9 37 21
9 38 273
9 39 310
40 9 960
9 41 280
42 9 843
9 43 479
44 9 62
9 45 889
46 9 466
9 47 171
48 9 569
49 9 299
50 9 479
10 11 570
10 12 881
10 13 179
14 10 941
10 15 23
10 16 685
10 17 495
18 10 644
20 10 57
10 21 377
22 10 445
10 23 611
24 10 858
25 10 103
10 26 92
10 27 585
28 10 486
10 29 874
10 30 819
31 10 12
10 32 750
10 33 916
10 34 13
35 10 765
36 10 868
37 10 861
38 10 431
10 39 117
10 40 436
10 41 656
42 10 177
10 43 574
44 10 470
45 10 652
10 46 863
10 47 357
48 10 385
49 10 240
50 10 513
11 12 817
11 13 144
14 11 748
11 15 852
16 11 566
11 17 788
18 11 166
11 19 164
20 11 978
21 11 889
11 22 272
11 23 645
24 11 363
25 11 253
11 26 777
27 11 957
28 11 200
29 11 973
11 30 378
31 11 164
32 11 464
33 11 515
34 11 266
35 11 72
11 36 663
11 37 225
38 11 63
39 11 563
11 40 249
41 11 731
42 11 283
11 43 673
44 11 492
45 11 429
46 11 821
11 47 164
11 48 246
11 49 617
11 50 708
12 13 107
14 12 647
15 12 305
12 16 551
17 12 487
18 12 385
19 12 527
20 12 256
21 12 852
22 12 195
23 12 968
12 24 576
25 12 3
12 26 808
27 12 685
12 28 306
12 30 305
31 12 542
12 32 23
12 33 852
34 12 848
12 35 51
12 36 28
37 12 69
12 38 795
39 12 93
12 40 629
41 12 517
12 42 383
43 12 486
12 44 793
12 45 487
46 12 452
12 47 814
12 48 491
49 12 998
12 50 436
13 14 907
15 13 296
16 13 589
13 17 28
18 13 604
13 19 256
13 20 457
13 21 958
13 22 887
13 23 273
24 13 550
13 25 752
26 13 549
13 27 379
13 28 283
29 13 593
30 13 629
13 31 515
32 13 681
13 33 250
13 34 549
35 13 107
36 13 142
37 13 650
13 38 166
13 39 752
13 40 997
41 13 78
13 43 457
13 44 434
45 13 34
13 46 251
47 13 840
13 48 306
13 49 69
50 13 282
15 14 400
16 14 66
14 17 640
18 14 629
14 19 548
14 20 262
14 21 774
22 14 201
14 23 600
14 24 556
14 25 959
14 26 610
27 14 977
28 14 531
29 14 560
30 14 969
31 14 803
14 32 774
14 33 830
14 34 707
14 36 321
14 37 575
38 14 330
14 39 78
40 14 63
41 14 273
14 42 25
43 14 197
44 14 953
45 14 850
46 14 914
14 47 919
48 14 933
49 14 129
50 14 123
16 15 136
17 15 635
15 18 921
15 19 217
20 15 631
21 15 413
22 15 850
23 15 677
15 24 80
15 25 343
26 15 746
15 27 441
28 15 554
29 15 81
15 30 59
31 15 539
15 32 646
33 15 255
15 34 488
35 15 916
15 36 453
37 15 77
38 15 469
39 15 52
15 40 382
15 41 181
15 42 649
43 15 496
44 15 993
15 45 236
15 46 130
15 47 597
48 15 298
15 49 693
15 50 674
16 17 959
18 16 640
20 16 461
16 21 184
16 22 873
16 23 540
16 24 226
25 16 847
16 26 505
16 27 368
16 28 904
29 16 504
16 30 143
31 16 722
16 32 381
16 33 590
34 16 321
35 16 991
36 16 116
16 37 141
16 38 103
16 39 340
40 16 544
16 41 460
16 42 312
43 16 955
44 16 672
16 45 596
16 46 165
16 47 445
48 16 999
16 49 755
50 16 362
18 17 452
19 17 622
17 20 817
21 17 975
17 22 405
17 23 45
17 24 917
17 25 395
17 27 418
28 17 870
29 17 197
30 17 27
31 17 185
17 32 199
33 17 774
34 17 658
17 35 268
36 17 418
17 37 928
38 17 748
39 17 970
17 40 66
41 17 710
17 42 951
43 17 672
17 44 709
17 45 358
46 17 312
17 47 850
17 48 748
49 17 156
17 50 577
18 19 358
18 20 119
21 18 919
22 18 434
18 23 534
24 18 916
25 18 842
18 26 721
18 27 389
28 18 733
18 29 867
30 18 991
18 31 554
32 18 43
18 33 848
34 18 837
35 18 964
36 18 842
18 37 173
38 18 473
18 39 829
40 18 300
18 41 958
18 42 183
43 18 152
44 18 444
18 45 312
46 18 438
47 18 877
18 48 278
18 49 450
18 50 280
20 19 421
22 19 593
23 19 119
24 19 279
25 19 302
26 19 817
19 27 835
28 19 825
19 29 310
30 19 61
19 31 984
19 32 972
33 19 907
34 19 264
35 19 679
19 36 793
37 19 674
38 19 602
39 19 387
19 40 3
41 19 532
42 19 714
43 19 685
19 44 468
45 19 436
46 19 442
47 19 510
19 48 585
19 49 164
19 50 788
20 21 228
20 22 345
23 20 317
20 24 693
25 20 529
20 26 743
27 20 218
20 28 779
29 20 698
20 30 601
31 20 478
20 32 904
33 20 159
20 34 755
35 20 40
36 20 516
37 20 122
20 38 167
20 39 157
20 40 844
20 41 907
42 20 98
20 43 746
20 44 378
46 20 978
20 47 7
20 48 479
49 20 882
20 50 451
21 22 357
23 21 72
24 21 466
21 26 607
21 27 353
21 28 477
29 21 388
21 30 734
21 31 505
21 32 576
33 21 793
34 21 687
21 35 333
21 36 398
37 21 834
38 21 359
21 39 24
21 40 995
41 21 475
42 21 746
43 21 51
21 44 789
21 45 499
21 46 923
47 21 337
48 21 683
21 49 353
21 50 997
22 23 105
24 22 688
22 25 347
22 26 468
22 27 83
22 28 28
29 22 415
30 22 87
31 22 698
32 22 606
22 33 749
34 22 550
35 22 731
36 22 918
37 22 658
38 22 472
22 39 308
40 22 403
22 41 261
22 42 728
43 22 36
44 22 252
22 45 232
22 46 618
47 22 213
48 22 829
49 22 103
22 50 397
24 23 666
25 23 972
26 23 581
27 23 436
23 28 658
29 23 598
23 30 412
31 23 260
32 23 431
23 34 14
35 23 865
36 23 413
23 37 827
38 23 542
23 39 121
40 23 574
23 42 896
43 23 196
23 44 959
45 23 874
23 46 122
47 23 232
23 48 84
49 23 244
50 23 380
24 25 548
24 26 856
27 24 852
24 28 880
29 24 701
24 30 332
31 24 711
24 32 558
33 24 263
24 34 463
24 35 775
36 24 124
24 37 670
38 24 723
39 24 890
24 40 709
41 24 479
24 42 775
24 43 848
24 44 793
24 45 964
24 46 738
24 47 55
48 24 932
24 50 395
25 26 640
27 25 632
28 25 1000
25 29 424
25 30 431
31 25 324
32 25 356
25 33 345
34 25 439
35 25 533
25 36 314
37 25 75
38 25 415
25 39 271
25 40 939
41 25 943
42 25 699
25 43 279
25 44 468
25 45 665
25 46 579
47 25 469
25 48 932
49 25 26
25 50 163
27 26 59
26 28 919
29 26 815
30 26 558
31 26 120
32 26 453
33 26 427
26 35 705
26 36 807
37 26 216
38 26 337
26 39 877
26 40 839
41 26 999
26 42 556
43 26 618
44 26 179
46 26 864
26 47 985
48 26 156
50 26 582
28 27 89
27 30 247
31 27 58
32 27 85
33 27 883
27 34 452
35 27 408
36 27 183
37 27 981
38 27 847
39 27 114
27 40 742
27 41 397
27 42 887
43 27 183
44 27 233
45 27 19
27 46 921
27 47 486
48 27 40
49 27 414
50 27 644
28 29 206
28 30 194
28 31 742
28 32 268
33 28 454
34 28 657
28 35 962
36 28 994
37 28 423
38 28 669
39 28 410
40 28 868
41 28 946
28 42 263
28 43 750
28 44 237
45 28 435
28 46 492
48 28 111
49 28 274
28 50 391
30 29 785
31 29 821
32 29 708
33 29 302
29 34 160
35 29 368
29 36 188
37 29 669
38 29 376
29 39 487
40 29 713
29 41 174
42 29 89
43 29 623
29 44 460
29 45 189
29 46 650
47 29 525
48 29 111
29 49 857
29 50 68
30 31 675
32 30 850
33 30 858
34 30 973
30 35 259
36 30 964
37 30 277
30 38 421
39 30 117
30 40 264
41 30 475
30 42 17
43 30 622
44 30 528
30 45 748
46 30 405
47 30 554
30 48 469
49 30 183
50 30 810
32 31 829
33 31 929
34 31 528
35 31 356
36 31 932
37 31 301
38 31 236
31 39 757
40 31 796
41 31 39
31 42 583
31 43 318
31 44 753
31 45 602
46 31 579
31 47 80
48 31 536
31 49 512
31 50 709
33 32 60
32 34 189
32 35 46
36 32 381
37 32 634
38 32 791
32 39 424
40 32 819
41 32 213
32 42 878
32 43 858
32 44 225
45 32 215
46 32 945
32 47 528
48 32 296
49 32 644
32 50 298
33 34 260
35 33 548
36 33 911
33 37 917
33 38 414
39 33 778
33 40 10
41 33 792
33 42 815
33 43 156
44 33 480
33 45 458
46 33 456
47 33 593
33 48 940
49 33 493
33 50 625
34 35 444
36 34 81
34 37 220
34 38 151
39 34 472
34 40 3
41 34 731
42 34 630
43 34 549
34 44 338
34 45 468
34 46 462
47 34 597
34 48 655
49 34 305
50 34 832
35 36 517
35 37 164
35 38 109
35 39 84
35 40 825
35 41 842
35 42 607
35 43 794
44 35 933
45 35 513
35 46 628
35 47 812
35 48 79
35 49 664
50 35 448
37 36 835
38 36 110
36 39 51
40 36 311
36 41 150
42 36 924
36 43 42
36 44 815
45 36 36
46 36 318
36 47 850
48 36 226
36 49 521
36 50 831
37 38 39
39 37 383
37 41 844
37 42 997
37 43 532
37 44 564
45 37 757
46 37 412
37 47 73
37 48 378
49 37 267
50 37 372
38 39 854
40 38 436
38 41 568
42 38 548
38 43 705
38 44 495
45 38 345
46 38 962
38 47 677
48 38 245
49 38 783
38 50 423
40 39 958
39 41 377
39 42 428
43 39 491
39 44 485
39 45 791
39 46 249
39 47 953
48 39 813
49 39 501
50 39 290
41 40 384
40 42 691
40 43 751
40 44 988
45 40 328
46 40 676
47 40 224
48 40 805
49 40 736
50 40 344
41 42 693
41 43 919
44 41 545
45 41 444
46 41 239
41 47 563
41 48 51
41 49 602
50 41 79
43 42 29
42 44 589
42 45 462
42 46 511
42 47 230
42 48 907
42 49 476
50 42 165
43 44 243
45 43 477
46 43 810
47 43 772
43 48 689
43 49 329
43 50 679
45 44 934
46 44 165
44 47 115
44 48 37
49 44 244
50 44 574
45 46 840
45 48 356
49 45 694
50 45 623
47 46 930
48 46 503
50 46 677
47 48 722
49 47 740
50 47 765
48 49 528
50 48 234
50 49 503

TERMINALS
6
7
9
11
19
23
25
28
39
40
41
43
49

R
1 2 4
1 3 3
1 4 4
1 5 5
1 6 4
1 7 2
1 8 4
1 9 4
1 10 3
1 11 2
1 12 4
1 13 2
1 14 4
1 15 3
1 16 3
1 17 3
1 18 3
1 19 3
1 20 1
1 21 1
1 22 5
1 23 2
1 24 5
1 25 1
1 26 2
1 27 1
1 28 1
1 29 5
1 30 1
1 31 5
1 32 5
1 33 4
1 34 4
1 35 3
1 36 5
1 37 2
1 38 1
1 39 3
1 40 5
1 41 1
1 42 1
1 43 1
1 44 4
1 45 1
1 46 3
1 47 1
1 48 4
1 49 2
1 50 1
2 1 4
2 3 2
2 4 5
2 5 1
2 6 4
2 7 2
2 8 2
2 9 1
2 10 2
2 11 3
2 12 1
2 13 3
2 14 2
2 15 1
2 16 1
2 17 1
2 18 5
2 19 2
2 20 2
2 21 4
2 22 4
2 23 2
2 24 4
2 25 4
2 26 5
2 27 2
2 28 3
2 29 3
2 30 5
2 31 5
2 32 5
2 33 5
2 34 3
2 35 4
2 36 5
2 37 1
2 38 2
2 39 3
2 40 3
2 41 4
2 42 3
2 43 5
2 44 1
2 45 4
2 46 5
2 47 4
2 48 2
2 49 4
2 50 5
3 1 3
3 2 2
3 4 5
3 5 1
3 6 3
3 7 5
3 8 2
3 9 4
3 10 3
3 11 1
3 12 5
3 13 4
3 14 5
3 15 4
3 16 1
3 17 5
3 18 1
3 19 4
3 20 2
3 21 5
3 22 3
3 23 5
3 24 2
3 25 3
3 26 2
3 27 3
3 28 2
3 29 5
3 30 4
3 31 3
3 32 2
3 33 3
3 34 1
3 35 3
3 36 3
3 37 5
3 38 3
3 39 1
3 40 5
3 41 5
3 42 2
3 43 4
3 44 5
3 45 1
3 46 5
3 47 2
3 48 1
3 49 2
3 50 2
4 1 4
4 2 1
4 3 5
4 5 5
4 6 5
4 7 2
4 8 1
4 9 4
4 10 5
4 11 3
4 12 4
4 13 4
4 14 1
4 15 1
4 16 2
4 17 3
4 18 5
4 19 1
4 20 5
4 21 5
4 22 1
4 23 1
4 24 3
4 25 1
4 26 5
4 27 4
4 28 2
4 29 2
4 30 1
4 31 3
4 32 3
4 33 4
4 34 1
4 35 2
4 36 3
4 37 2
4 38 5
4 39 5
4 40 2
4 41 2
4 42 4
4 43 5
4 44 5
4 45 4
4 46 2
4 47 1
4 48 2
4 49 3
4 50 2
5 1 3
5 2 4
5 3 4
5 4 4
5 6 2
5 7 1
5 8 3
5 9 2
5 10 5
5 11 1
5 12 4
5 13 2
5 14 4
5 15 4
5 16 4
5 17 2
5 18 3
5 19 2
5 20 2
5 21 2
5 22 3
5 23 3
5 24 1
5 25 4
5 26 4
5 27 1
5 28 2
5 29 5
5 30 4
5 31 4
5 32 3
5 33 2
5 34 5
5 35 3
5 36 2
5 37 1
5 38 5
5 39 1
5 40 4
5 41 4
5 42 2
5 43 2
5 44 3
5 45 5
5 46 5
5 47 3
5 48 3
5 49 2
5 50 5
6 1 1
6 2 5
6 3 4
6 4 3
6 5 2
6 7 3
6 8 4
6 9 5
6 10 1
6 11 5
6 12 3
6 13 5
6 14 4
6 15 1
6 16 1
6 17 3
6 18 2
6 19 3
6 20 2
6 21 5
6 22 1
6 23 1
6 24 1
6 25 4
6 26 5
6 27 2
6 28 5
6 29 2
6 30 4
6 31 3
6 32 1
6 33 5
6 34 2
6 35 2
6 36 4
6 37 1
6 38 1
6 39 4
6 40 5
6 41 1
6 42 3
6 43 2
6 44 5
6 45 1
6 46 5
6 47 2
6 48 3
6 49 3
6 50 4
7 1 2
7 2 2
7 3 4
7 4 2
7 5 2
7 6 4
7 8 3
7 9 5
7 10 3
7 11 4
7 12 4
7 13 5
7 14 2
7 15 5
7 16 4
7 17 3
7 18 5
7 19 1
7 20 3
7 21 4
7 22 5
7 23 3
7 24 1
7 25 3
7 26 5
7 27 4
7 28 4
7 29 1
7 30 3
7 31 2
7 32 5
7 33 4
7 34 3
7 35 5
7 36 2
7 37 2
7 38 1
7 39 4
7 40 1
7 41 5
7 42 3
7 43 4
7 44 2
7 45 4
7 46 5
7 47 5
7 48 3
7 49 5
7 50 2
8 1 5
8 2 3
8 3 1
8 4 4
8 5 5
8 6 5
8 7 3
8 9 3
8 10 4
8 11 1
8 12 1
8 13 5
8 14 2
8 15 1
8 16 4
8 17 3
8 18 3
8 19 5
8 20 3
8 21 1
8 22 1
8 23 3
8 24 3
8 25 1
8 26 4
8 27 3
8 28 1
8 29 5
8 30 2
8 31 5
8 32 1
8 33 1
8 34 4
8 35 3
8 36 2
8 37 3
8 38 2
8 39 1
8 40 3
8 41 2
8 42 1
8 43 3
8 44 3
8 45 2
8 46 3
8 47 2
8 48 2
8 49 2
8 50 1
9 1 4
9 2 3
9 3 1
9 4 3
9 5 2
9 6 4
9 7 3
9 8 2
9 10 4
9 11 4
9 12 3
9 13 5
9 14 4
9 15 1
9 16 3
9 17 3
9 18 2
9 19 2
9 20 2
9 21 2
9 22 4
9 23 3
9 24 5
9 25 3
9 26 1
9 27 3
9 28 3
9 29 2
9 30 4
9 31 4
9 32 4
9 33 5
9 34 3
9 35 2
9 36 2
9 37 5
9 38 5
9 39 2
9 40 3
9 41 3
9 42 5
9 43 5
9 44 4
9 45 1
9 46 5
9 47 3
9 48 3
9 49 3
9 50 4
10 1 1
10 2 2
10 3 5
10 4 4
10 5 1
10 6 4
10 7 1
10 8 3
10 9 1
10 11 4
10 12 2
10 13 2
10 14 2
10 15 3
10 16 4
10 17 3
10 18 4
10 19 3
10 20 2
10 21 2
10 22 5
10 23 1
10 24 2
10 25 2
10 26 1
10 27 2
10 28 3
10 29 3
10 30 1
10 31 1
10 32 4
10 33 2
10 34 2
10 35 5
10 36 2
10 37 4
10 38 3
10 39 2
10 40 1
10 41 1
10 42 2
10 43 4
10 44 2
10 45 3
10 46 1
10 47 5
10 48 3
10 49 2
10 50 5
11 1 1
11 2 3
11 3 1
11 4 4
11 5 4
11 6 2
11 7 4
11 8 2
11 9 5
11 10 4
11 12 5
11 13 2
11 14 4
11 15 1
11 16 5
11 17 3
11 18 4
11 19 3
11 20 2
11 21 5
11 22 5
11 23 2
11 24 1
11 25 4
11 26 3
11 27 5
11 28 4
11 29 3
11 30 4
11 31 5
11 32 4
11 33 5
11 34 3
11 35 4
11 36 3
11 37 3
11 38 3
11 39 3
11 40 2
11 41 2
11 42 1
11 43 1
11 44 5
11 45 4
11 46 3
11 47 1
11 48 3
11 49 1
11 50 3
12 1 5
12 2 2
12 3 4
12 4 1
12 5 4
12 6 2
12 7 4
12 8 3
12 9 1
12 10 3
12 11 2
12 13 2
12 14 1
12 15 3
12 16 1
12 17 1
12 18 2
12 19 4
12 20 3
12 21 4
12 22 2
12 23 1
12 24 2
12 25 2
12 26 2
12 27 5
12 28 1
12 29 2
12 30 5
12 31 1
12 32 1
12 33 4
12 34 2
12 35 5
12 36 1
12 37 5
12 38 1
12 39 1
12 40 4
12 41 3
12 42 5
12 43 2
12 44 5
12 45 2
12 46 4
12 47 2
12 48 3
12 49 5
12 50 5
13 1 5
13 2 1
13 3 1
13 4 3
13 5 2
13 6 4
13 7 4
13 8 3
13 9 4
13 10 1
13 11 2
13 12 1
13 14 3
13 15 2
13 16 4
13 17 2
13 18 3
13 19 5
13 20 5
13 21 3
13 22 4
13 23 4
13 24 3
13 25 2
13 26 5
13 27 4
13 28 1
13 29 2
13 30 3
13 31 2
13 32 1
13 33 3
13 34 2
13 35 4
13 36 2
13 37 3
13 38 4
13 39 5
13 40 3
13 41 5
13 42 2
13 43 4
13 44 5
13 45 5
13 46 1
13 47 1
13 48 3
13 49 3
13 50 5
14 1 2
14 2 2
14 3 3
14 4 1
14 5 4
14 6 5
14 7 5
14 8 5
14 9 2
14 10 1
14 11 2
14 12 5
14 13 4
14 15 1
14 16 4
14 17 4
14 18 2
14 19 3
14 20 4
14 21 4
14 22 5
14 23 3
14 24 5
14 25 4
14 26 5
14 27 1
14 28 4
14 29 5
14 30 4
14 31 3
14 32 4
14 33 2
14 34 4
14 35 4
14 36 2
14 37 5
14 38 5
14 39 4
14 40 1
14 41 3
14 42 1
14 43 2
14 44 2
14 45 1
14 46 3
14 47 5
14 48 1
14 49 1
14 50 3
15 1 5
15 2 1
15 3 2
15 4 4
15 5 1
15 6 2
15 7 3
15 8 3
15 9 2
15 10 4
15 11 1
15 12 1
15 13 5
15 14 5
15 16 2
15 17 3
15 18 3
15 19 1
15 20 4
15 21 1
15 22 1
15 23 1
15 24 4
15 25 4
15 26 2
15 27 4
15 28 3
15 29 4
15 30 5
15 31 4
15 32 3
15 33 1
15 34 1
15 35 1
15 36 4
15 37 1
15 38 3
15 39 4
15 40 1
15 41 1
15 42 4
15 43 3
15 44 2
15 45 3
15 46 2
15 47 3
15 48 2
15 49 5
15 50 3
16 1 5
16 2 2
16 3 5
16 4 2
16 5 5
16 6 3
16 7 1
16 8 1
16 9 3
16 10 4
16 11 2
16 12 1
16 13 1
16 14 2
16 15 3
16 17 1
16 18 5
16 19 4
16 20 5
16 21 5
16 22 1
16 23 1
16 24 4
16 25 3
16 26 2
16 27 1
16 28 5
16 29 4
16 30 5
16 31 1
16 32 3
16 33 1
16 34 2
16 35 4
16 36 3
16 37 2
16 38 3
16 39 3
16 40 2
16 41 5
16 42 1
16 43 3
16 44 2
16 45 3
16 46 1
16 47 5
16 48 5
16 49 5
16 50 5
17 1 5
17 2 2
17 3 5
17 4 5
17 5 5
17 6 2
17 7 1
17 8 2
17 9 3
17 10 1
17 11 1
17 12 3
17 13 5
17 14 2
17 15 5
17 16 3
17 18 1
17 19 3
17 20 5
17 21 3
17 22 1
17 23 5
17 24 5
17 25 3
17 26 1
17 27 2
17 28 5
17 29 5
17 30 1
17 31 1
17 32 4
17 33 2
17 34 2
17 35 5
17 36 1
17 37 1
17 38 2
17 39 3
17 40 3
17 41 1
17 42 5
17 43 5
17 44 4
17 45 4
17 46 1
17 47 5
17 48 1
17 49 3
17 50 2
18 1 3
18 2 5
18 3 2
18 4 2
18 5 4
18 6 1
18 7 4
18 8 2
18 9 5
18 10 1
18 11 5
18 12 5
18 13 1
18 14 1
18 15 2
18 16 1
18 17 2
18 19 4
18 20 4
18 21 1
18 22 3
18 23 4
18 24 1
18 25 3
18 26 4
18 27 4
18 28 5
18 29 3
18 30 2
18 31 3
18 32 4
18 33 4
18 34 4
18 35 2
18 36 2
18 37 5
18 38 4
18 39 5
18 40 1
18 41 3
18 42 5
18 43 2
18 44 5
18 45 1
18 46 3
18 47 3
18 48 3
18 49 1
18 50 3
19 1 1
19 2 1
19 3 1
19 4 4
19 5 3
19 6 3
19 7 3
19 8 2
19 9 4
19 10 2
19 11 5
19 12 3
19 13 3
19 14 3
19 15 2
19 16 4
19 17 1
19 18 1
19 20 5
19 21 5
19 22 1
19 23 2
19 24 2
19 25 3
19 26 3
19 27 4
19 28 2
19 29 5
19 30 1
19 31 4
19 32 3
19 33 3
19 34 4
19 35 5
19 36 1
19 37 4
19 38 4
19 39 5
19 40 2
19 41 2
19 42 2
19 43 1
19 44 5
19 45 1
19 46 5
19 47 1
19 48 1
19 49 5
19 50 1
20 1 5
20 2 1
20 3 3
20 4 4
20 5 4
20 6 2
20 7 1
20 8 2
20 9 5
20 10 3
20 11 4
20 12 3
20 13 2
20 14 1
20 15 4
20 16 1
20 17 4
20 18 2
20 19 4
20 21 5
20 22 3
20 23 2
20 24 1
20 25 5
20 26 1
20 27 3
20 28 4
20 29 3
20 30 4
20 31 3
20 32 5
20 33 3
20 34 5
20 35 5
20 36 1
20 37 4
20 38 3
20 39 4
20 40 2
20 41 3
20 42 1
20 43 3
20 44 2
20 45 2
20 46 3
20 47 5
20 48 4
20 49 3
20 50 1
21 1 4
21 2 3
21 3 5
21 4 5
21 5 5
21 6 4
21 7 3
21 8 3
21 9 4
21 10 2
21 11 3
21 12 1
21 13 2
21 14 5
21 15 3
21 16 3
21 17 3
21 18 3
21 19 5
21 20 3
21 22 4
21 23 4
21 24 3
21 25 1
21 26 1
21 27 1
21 28 1
21 29 5
21 30 1
21 31 5
21 32 3
21 33 4
21 34 2
21 35 4
21 36 3
21 37 2
21 38 3
21 39 2
21 40 1
21 41 1
21 42 4
21 43 3
21 44 4
21 45 2
21 46 4
21 47 3
21 48 4
21 49 3
21 50 5
22 1 5
22 2 5
22 3 3
22 4 1
22 5 4
22 6 1
22 7 1
22 8 4
22 9 3
22 10 2
22 11 4
22 12 2
22 13 1
22 14 4
22 15 1
22 16 5
22 17 2
22 18 2
22 19 4
22 20 3
22 21 4
22 23 1
22 24 1
22 25 1
22 26 1
22 27 4
22 28 1
22 29 3
22 30 2
22 31 4
22 32 4
22 33 4
22 34 5
22 35 4
22 36 4
22 37 4
22 38 4
22 39 1
22 40 2
22 41 3
22 42 2
22 43 3
22 44 4
22 45 3
22 46 1
22 47 1
22 48 4
22 49 4
22 50 2
23 1 4
23 2 4
23 3 2
23 4 4
23 5 1
23 6 4
23 7 5
23 8 5
23 9 5
23 10 4
23 11 3
23 12 5
23 13 3
23 14 1
23 15 4
23 16 1
23 17 4
23 18 2
23 19 1
23 20 1
23 21 1
23 22 3
23 24 3
23 25 5
23 26 3
23 27 2
23 28 2
23 29 4
23 30 2
23 31 3
23 32 2
23 33 5
23 34 1
23 35 1
23 36 3
23 37 1
23 38 4
23 39 4
23 40 2
23 41 3
23 42 5
23 43 5
23 44 4
23 45 4
23 46 5
23 47 3
23 48 1
23 49 1
23 50 1
24 1 1
24 2 1
24 3 3
24 4 5
24 5 5
24 6 4
24 7 4
24 8 3
24 9 1
24 10 4
24 11 4
24 12 3
24 13 3
24 14 3
24 15 5
24 16 3
24 17 3
24 18 5
24 19 1
24 20 3
24 21 4
24 22 1
24 23 4
24 25 3
24 26 4
24 27 4
24 28 4
24 29 3
24 30 4
24 31 1
24 32 1
24 33 1
24 34 4
24 35 5
24 36 5
24 37 5
24 38 4
24 39 1
24 40 3
24 41 4
24 42 4
24 43 3
24 44 3
24 45 1
24 46 3
24 47 2
24 48 5
24 49 2
24 50 3
25 1 1
25 2 4
25 3 1
25 4 1
25 5 5
25 6 5
25 7 1
25 8 3
25 9 4
25 10 1
25 11 2
25 12 1
25 13 3
25 14 4
25 15 4
25 16 2
25 17 1
25 18 1
25 19 5
25 20 1
25 21 3
25 22 5
25 23 1
25 24 5
25 26 2
25 27 4
25 28 2
25 29 5
25 30 3
25 31 3
25 32 3
25 33 3
25 34 4
25 35 5
25 36 5
25 37 5
25 38 5
25 39 3
25 40 2
25 41 5
25 42 3
25 43 5
25 44 2
25 45 5
25 46 1
25 47 3
25 48 3
25 49 1
25 50 3
26 1 3
26 2 1
26 3 5
26 4 2
26 5 3
26 6 1
26 7 1
26 8 1
26 9 5
26 10 5
26 11 4
26 12 2
26 13 2
26 14 3
26 15 2
26 16 4
26 17 3
26 18 1
26 19 5
26 20 2
26 21 5
26 22 4
26 23 4
26 24 1
26 25 5
26 27 5
26 28 3
26 29 2
26 30 4
26 31 3
26 32 1
26 33 1
26 34 5
26 35 5
26 36 5
26 37 3
26 38 3
26 39 5
26 40 3
26 41 2
26 42 4
26 43 1
26 44 3
26 45 3
26 46 1
26 47 2
26 48 1
26 49 3
26 50 4
27 1 5
27 2 4
27 3 5
27 4 5
27 5 4
27 6 1
27 7 1
27 8 5
27 9 3
27 10 5
27 11 3
27 12 3
27 13 5
27 14 1
27 15 2
27 16 5
27 17 5
27 18 4
27 19 2
27 20 4
27 21 2
27 22 3
27 23 4
27 24 4
27 25 2
27 26 1
27 28 4
27 29 5
27 30 1
27 31 3
27 32 4
27 33 2
27 34 3
27 35 3
27 36 1
27 37 1
27 38 5
27 39 2
27 40 2
27 41 5
27 42 1
27 43 2
27 44 2
27 45 5
27 46 2
27 47 3
27 48 1
27 49 1
27 50 2
28 1 4
28 2 4
28 3 5
28 4 3
28 5 2
28 6 5
28 7 2
28 8 5
28 9 4
28 10 1
28 11 2
28 12 3
28 13 4
28 14 4
28 15 1
28 16 4
28 17 1
28 18 3
28 19 3
28 20 4
28 21 2
28 22 2
28 23 1
28 24 3
28 25 5
28 26 3
28 27 4
28 29 5
28 30 5
28 31 4
28 32 3
28 33 4
28 34 4
28 35 2
28 36 3
28 37 2
28 38 3
28 39 4
28 40 1
28 41 1
28 42 5
28 43 3
28 44 1
28 45 5
28 46 3
28 47 1
28 48 3
28 49 5
28 50 5
29 1 3
29 2 4
29 3 1
29 4 1
29 5 1
29 6 3
29 7 1
29 8 3
29 9 1
29 10 5
29 11 3
29 12 1
29 13 4
29 14 3
29 15 4
29 16 5
29 17 5
29 18 3
29 19 4
29 20 4
29 21 3
29 22 5
29 23 5
29 24 2
29 25 2
29 26 4
29 27 1
29 28 2
29 30 4
29 31 1
29 32 1
29 33 1
29 34 1
29 35 4
29 36 1
29 37 1
29 38 1
29 39 3
29 40 1
29 41 2
29 42 4
29 43 5
29 44 2
29 45 2
29 46 4
29 47 3
29 48 3
29 49 5
29 50 5
30 1 2
30 2 3
30 3 4
30 4 3
30 5 4
30 6 1
30 7 4
30 8 5
30 9 3
30 10 2
30 11 3
30 12 3
30 13 4
30 14 5
30 15 5
30 16 2
30 17 2
30 18 3
30 19 3
30 20 2
30 21 5
30 22 1
30 23 5
30 24 4
30 25 2
30 26 4
30 27 4
30 28 1
30 29 1
30 31 3
30 32 5
30 33 4
30 34 3
30 35 4
30 36 1
30 37 1
30 38 1
30 39 1
30 40 2
30 41 3
30 42 2
30 43 4
30 44 3
30 45 3
30 46 5
30 47 2
30 48 4
30 49 2
30 50 4
31 1 1
31 2 3
31 3 5
31 4 3
31 5 4
31 6 3
31 7 2
31 8 2
31 9 1
31 10 2
31 11 5
31 12 4
31 13 2
31 14 3
31 15 1
31 16 2
31 17 1
31 18 3
31 19 2
31 20 1
31 21 5
31 22 4
31 23 5
31 24 5
31 25 1
31 26 2
31 27 5
31 28 5
31 29 2
31 30 3
31 32 5
31 33 5
31 34 2
31 35 5
31 36 2
31 37 5
31 38 2
31 39 3
31 40 4
31 41 5
31 42 5
31 43 3
31 44 5
31 45 3
31 46 5
31 47 2
31 48 4
31 49 2
31 50 4
32 1 5
32 2 5
32 3 3
32 4 3
32 5 4
32 6 5
32 7 1
32 8 2
32 9 4
32 10 5
32 11 5
32 12 3
32 13 4
32 14 4
32 15 4
32 16 3
32 17 1
32 18 5
32 19 2
32 20 3
32 21 5
32 22 1
32 23 4
32 24 2
32 25 2
32 26 1
32 27 4
32 28 3
32 29 4
32 30 5
32 31 1
32 33 3
32 34 4
32 35 1
32 36 3
32 37 4
32 38 5
32 39 3
32 40 2
32 41 5
32 42 2
32 43 2
32 44 2
32 45 2
32 46 5
32 47 2
32 48 5
32 49 2
32 50 3
33 1 1
33 2 2
33 3 3
33 4 3
33 5 5
33 6 1
33 7 4
33 8 1
33 9 4
33 10 1
33 11 1
33 12 1
33 13 3
33 14 4
33 15 1
33 16 3
33 17 3
33 18 2
33 19 4
33 20 5
33 21 3
33 22 3
33 23 3
33 24 1
33 25 1
33 26 4
33 27 3
33 28 4
33 29 3
33 30 4
33 31 2
33 32 5
33 34 5
33 35 1
33 36 2
33 37 2
33 38 1
33 39 2
33 40 4
33 41 2
33 42 2
33 43 4
33 44 2
33 45 2
33 46 4
33 47 4
33 48 4
33 49 1
33 50 5
34 1 5
34 2 2
34 3 5
34 4 2
34 5 4
34 6 5
34 7 5
34 8 3
34 9 2
34 10 3
34 11 2
34 12 3
34 13 1
34 14 2
34 15 4
34 16 1
34 17 5
34 18 5
34 19 2
34 20 2
34 21 3
34 22 3
34 23 5
34 24 4
34 25 1
34 26 1
34 27 2
34 28 4
34 29 5
34 30 5
34 31 4
34 32 1
34 33 1
34 35 3
34 36 2
34 37 5
34 38 4
34 39 3
34 40 4
34 41 3
34 42 1
34 43 5
34 44 2
34 45 1
34 46 1
34 47 5
34 48 4
34 49 3
34 50 2
35 1 2
35 2 4
35 3 1
35 4 4
35 5 3
35 6 4
35 7 1
35 8 4
35 9 3
35 10 4
35 11 5
35 12 2
35 13 4
35 14 5
35 15 2
35 16 3
35 17 3
35 18 1
35 19 4
35 20 3
35 21 4
35 22 1
35 23 3
35 24 1
35 25 4
35 26 5
35 27 3
35 28 3
35 29 3
35 30 5
35 31 1
35 32 4
35 33 5
35 34 2
35 36 4
35 37 3
35 38 2
35 39 4
35 40 3
35 41 4
35 42 5
35 43 4
35 44 5
35 45 5
35 46 5
35 47 2
35 48 3
35 49 4
35 50 4
36 1 3
36 2 1
36 3 5
36 4 5
36 5 5
36 6 5
36 7 3
36 8 5
36 9 2
36 10 2
36 11 4
36 12 2
36 13 3
36 14 3
36 15 1
36 16 1
36 17 3
36 18 5
36 19 2
36 20 4
36 21 4
36 22 3
36 23 5
36 24 4
36 25 2
36 26 4
36 27 3
36 28 5
36 29 3
36 30 4
36 31 1
36 32 5
36 33 4
36 34 5
36 35 4
36 37 4
36 38 1
36 39 1
36 40 5
36 41 2
36 42 3
36 43 3
36 44 5
36 45 2
36 46 2
36 47 3
36 48 2
36 49 2
36 50 4
37 1 5
37 2 5
37 3 3
37 4 2
37 5 4
37 6 1
37 7 1
37 8 2
37 9 1
37 10 2
37 11 2
37 12 4
37 13 4
37 14 1
37 15 4
37 16 5
37 17 5
37 18 4
37 19 5
37 20 2
37 21 3
37 22 4
37 23 1
37 24 3
37 25 5
37 26 2
37 27 4
37 28 2
37 29 5
37 30 5
37 31 3
37 32 2
37 33 1
37 34 2
37 35 5
37 36 4
37 38 4
37 39 5
37 40 3
37 41 1
37 42 4
37 43 4
37 44 4
37 45 2
37 46 1
37 47 5
37 48 2
37 49 5
37 50 3
38 1 3
38 2 4
38 3 3
38 4 1
38 5 4
38 6 5
38 7 1
38 8 3
38 9 3
38 10 4
38 11 4
38 12 5
38 13 3
38 14 5
38 15 5
38 16 4
38 17 5
38 18 1
38 19 3
38 20 1
38 21 3
38 22 3
38 23 1
38 24 3
38 25 4
38 26 5
38 27 3
38 28 3
38 29 3
38 30 5
38 31 2
38 32 5
38 33 3
38 34 4
38 35 3
38 36 3
38 37 3
38 39 3
38 40 2
38 41 3
38 42 3
38 43 1
38 44 4
38 45 1
38 46 5
38 47 5
38 48 4
38 49 1
38 50 5
39 1 3
39 2 4
39 3 4
39 4 3
39 5 4
39 6 3
39 7 3
39 8 3
39 9 1
39 10 5
39 11 5
39 12 2
39 13 3
39 14 2
39 15 1
39 16 2
39 17 4
39 18 3
39 19 1
39 20 3
39 21 5
39 22 5
39 23 5
39 24 2
39 25 3
39 26 5
39 27 3
39 28 3
39 29 1
39 30 4
39 31 4
39 32 5
39 33 2
39 34 3
39 35 2
39 36 5
39 37 5
39 38 4
39 40 5
39 41 2
39 42 5
39 43 1
39 44 3
39 45 5
39 46 2
39 47 3
39 48 1
39 49 5
39 50 3
40 1 3
40 2 2
40 3 4
40 4 3
40 5 4
40 6 5
40 7 2
40 8 5
40 9 2
40 10 1
40 11 5
40 12 2
40 13 5
40 14 5
40 15 3
40 16 4
40 17 3
40 18 5
40 19 5
40 20 4
40 21 1
40 22 4
40 23 3
40 24 1
40 25 1
40 26 2
40 27 5
40 28 1
40 29 4
40 30 4
40 31 3
40 32 4
40 33 3
40 34 3
40 35 3
40 36 1
40 37 2
40 38 4
40 39 5
40 41 5
40 42 5
40 43 2
40 44 2
40 45 1
40 46 3
40 47 1
40 48 1
40 49 5
40 50 5
41 1 5
41 2 5
41 3 2
41 4 3
41 5 3
41 6 3
41 7 1
41 8 1
41 9 2
41 10 1
41 11 2
41 12 2
41 13 5
41 14 5
41 15 1
41 16 2
41 17 4
41 18 1
41 19 5
41 20 2
41 21 3
41 22 4
41 23 3
41 24 1
41 25 2
41 26 3
41 27 3
41 28 3
41 29 3
41 30 4
41 31 4
41 32 5
41 33 4
41 34 1
41 35 4
41 36 3
41 37 3
41 38 4
41 39 5
41 40 1
41 42 1
41 43 1
41 44 4
41 45 2
41 46 2
41 47 5
41 48 5
41 49 5
41 50 2
42 1 1
42 2 4
42 3 4
42 4 5
42 5 1
42 6 4
42 7 1
42 8 1
42 9 3
42 10 3
42 11 5
42 12 2
42 13 2
42 14 1
42 15 2
42 16 4
42 17 5
42 18 4
42 19 3
42 20 5
42 21 3
42 22 3
42 23 3
42 24 1
42 25 1
42 26 4
42 27 4
42 28 2
42 29 1
42 30 1
42 31 4
42 32 1
42 33 4
42 34 4
42 35 2
42 36 1
42 37 3
42 38 3
42 39 3
42 40 2
42 41 2
42 43 3
42 44 5
42 45 5
42 46 3
42 47 1
42 48 3
42 49 4
42 50 4
43 1 5
43 2 4
43 3 4
43 4 4
43 5 3
43 6 1
43 7 2
43 8 3
43 9 4
43 10 3
43 11 3
43 12 4
43 13 1
43 14 4
43 15 4
43 16 5
43 17 2
43 18 2
43 19 4
43 20 4
43 21 4
43 22 2
43 23 3
43 24 3
43 25 2
43 26 4
43 27 1
43 28 2
43 29 2
43 30 1
43 31 3
43 32 3
43 33 1
43 34 1
43 35 2
43 36 3
43 37 3
43 38 5
43 39 1
43 40 1
43 41 2
43 42 5
43 44 2
43 45 5
43 46 5
43 47 2
43 48 1
43 49 2
43 50 3
44 1 4
44 2 2
44 3 2
44 4 5
44 5 4
44 6 4
44 7 3
44 8 3
44 9 1
44 10 5
44 11 1
44 12 4
44 13 4
44 14 3
44 15 4
44 16 4
44 17 1
44 18 4
44 19 3
44 20 5
44 21 4
44 22 3
44 23 2
44 24 3
44 25 1
44 26 3
44 27 5
44 28 3
44 29 3
44 30 1
44 31 2
44 32 3
44 33 2
44 34 3
44 35 4
44 36 1
44 37 4
44 38 2
44 39 5
44 40 1
44 41 3
44 42 5
44 43 4
44 45 1
44 46 4
44 47 5
44 48 1
44 49 5
44 50 3
45 1 3
45 2 1
45 3 1
45 4 5
45 5 2
45 6 5
45 7 3
45 8 1
45 9 4
45 10 5
45 11 3
45 12 1
45 13 3
45 14 5
45 15 3
45 16 3
45 17 1
45 18 5
45 19 1
45 20 2
45 21 4
45 22 3
45 23 4
45 24 5
45 25 4
45 26 4
45 27 3
45 28 3
45 29 4
45 30 4
45 31 5
45 32 3
45 33 5
45 34 2
45 35 2
45 36 3
45 37 3
45 38 1
45 39 4
45 40 4
45 41 2
45 42 3
45 43 4
45 44 5
45 46 5
45 47 3
45 48 2
45 49 5
45 50 2
46 1 4
46 2 1
46 3 2
46 4 1
46 5 1
46 6 1
46 7 1
46 8 1
46 9 1
46 10 3
46 11 1
46 12 1
46 13 4
46 14 3
46 15 5
46 16 5
46 17 1
46 18 5
46 19 5
46 20 2
46 21 5
46 22 3
46 23 3
46 24 2
46 25 3
46 26 4
46 27 1
46 28 1
46 29 5
46 30 2
46 31 2
46 32 5
46 33 4
46 34 4
46 35 1
46 36 4
46 37 1
46 38 1
46 39 1
46 40 3
46 41 1
46 42 1
46 43 4
46 44 4
46 45 5
46 47 5
46 48 1
46 49 3
46 50 4
47 1 5
47 2 1
47 3 5
47 4 2
47 5 5
47 6 2
47 7 4
47 8 4
47 9 4
47 10 4
47 11 5
47 12 1
47 13 3
47 14 5
47 15 1
47 16 1
47 17 2
47 18 5
47 19 3
47 20 2
47 21 2
47 22 1
47 23 4
47 24 5
47 25 4
47 26 3
47 27 4
47 28 3
47 29 3
47 30 3
47 31 4
47 32 2
47 33 3
47 34 3
47 35 5
47 36 3
47 37 1
47 38 5
47 39 1
47 40 2
47 41 4
47 42 5
47 43 4
47 44 1
47 45 1
47 46 4
47 48 3
47 49 2
47 50 5
48 1 5
48 2 1
48 3 2
48 4 2
48 5 4
48 6 1
48 7 5
48 8 3
48 9 1
48 10 5
48 11 5
48 12 1
48 13 5
48 14 3
48 15 3
48 16 2
48 17 4
48 18 5
48 19 5
48 20 4
48 21 2
48 22 1
48 23 4
48 24 4
48 25 1
48 26 1
48 27 4
48 28 4
48 29 3
48 30 1
48 31 4
48 32 4
48 33 3
48 34 2
48 35 1
48 36 1
48 37 4
48 38 2
48 39 4
48 40 4
48 41 3
48 42 5
48 43 1
48 44 2
48 45 5
48 46 4
48 47 1
48 49 5
48 50 5
49 1 5
49 2 3
49 3 4
49 4 2
49 5 1
49 6 4
49 7 2
49 8 3
49 9 2
49 10 5
49 11 2
49 12 4
49 13 5
49 14 3
49 15 1
49 16 1
49 17 3
49 18 4
49 19 4
49 20 1
49 21 4
49 22 5
49 23 4
49 24 5
49 25 5
49 26 5
49 27 4
49 28 5
49 29 5
49 30 4
49 31 5
49 32 1
49 33 3
49 34 5
49 35 4
49 36 1
49 37 3
49 38 5
49 39 3
49 40 1
49 41 2
49 42 5
49 43 5
49 44 1
49 45 2
49 46 2
49 47 4
49 48 1
49 50 2
50 1 2
50 2 3
50 3 5
50 4 3
50 5 1
50 6 5
50 7 5
50 8 3
50 9 5
50 10 4
50 11 4
50 12 5
50 13 5
50 14 5
50 15 5
50 16 4
50 17 3
50 18 5
50 19 1
50 20 5
50 21 4
50 22 2
50 23 1
50 24 3
50 25 3
50 26 3
50 27 1
50 28 1
50 29 1
50 30 3
50 31 3
50 32 5
50 33 1
50 34 4
50 35 2
50 36 3
50 37 5
50 38 1
50 39 5
50 40 2
50 41 2
50 42 4
50 43 1
50 44 1
50 45 5
50 46 2
50 47 2
50 48 4
50 49 1

END
