INSTANCE_NAME b03.dat
NB_VERTICES 50
NB_ARCS 83
NB_REQUESTS 0
NB_BLOCKAGES 20
NB_A' 2367
NB_TERMINALS 25

VERTICES
1 0 0
2 0 0
3 0 0
4 0 0
5 0 0
6 0 0
7 0 0
8 0 0
9 0 0
10 0 0
11 0 0
12 0 0
13 0 0
14 0 0
15 0 0
16 0 0
17 0 0
18 0 0
19 0 0
20 0 0
21 0 0
22 0 0
23 0 0
24 0 0
25 0 0
26 0 0
27 0 0
28 0 0
29 0 0
30 0 0
31 0 0
32 0 0
33 0 0
34 0 0
35 0 0
36 0 0
37 0 0
38 0 0
39 0 0
40 0 0
41 0 0
42 0 0
43 0 0
44 0 0
45 0 0
46 0 0
47 0 0
48 0 0
49 0 0
50 0 0

ARCS
1 49 6
49 41 10
41 9 10
9 10 4
10 6 4
6 45 3
45 9 9
9 18 5
18 16 4
16 38 2
38 41 4
41 29 4
29 7 4
7 17 4
17 50 7
50 22 5
22 9 8
9 21 1
21 8 7
8 36 9
36 33 5
33 7 5
7 14 7
14 28 7
28 45 4
28 46 7
46 34 6
34 13 2
13 10 1
10 30 8
30 21 9
21 11 8
11 3 8
3 10 6
10 48 1
48 4 1
4 5 1
5 22 4
22 4 5
22 25 2
25 44 3
44 42 9
42 36 8
42 41 6
41 16 7
41 2 10
2 48 8
44 13 5
13 35 9
35 12 8
12 19 9
19 40 8
40 24 1
24 27 5
27 9 1
9 43 2
43 50 7
50 14 7
14 15 5
15 11 8
11 20 5
20 10 4
20 23 7
23 49 6
20 35 9
15 47 9
47 18 8
47 3 6
47 1 6
1 34 10
34 40 5
40 50 5
50 39 1
39 26 6
26 30 10
30 12 5
12 21 1
30 32 4
32 29 3
29 37 2
37 31 2
31 5 2
31 30 8

REQUESTS

BLOCKAGES
31 30
22 9
47 18
3 10
10 48
9 10
5 22
30 12
41 16
47 1
13 10
20 35
44 13
30 21
21 11
22 4
34 40
15 11
10 30
42 36

A'
2 1 162
1 3 856
4 1 354
1 5 298
6 1 571
1 7 393
1 8 317
1 9 893
1 10 737
1 11 150
1 12 205
1 13 660
14 1 455
15 1 322
1 16 177
17 1 908
1 18 954
19 1 438
20 1 797
21 1 538
22 1 193
1 23 663
24 1 325
25 1 910
26 1 482
27 1 184
28 1 809
1 29 925
30 1 168
31 1 330
1 32 377
33 1 385
34 1 704
1 35 988
1 36 556
37 1 570
1 38 454
1 39 960
1 40 139
1 41 542
1 42 632
1 43 658
1 44 273
45 1 759
1 46 533
1 47 135
48 1 677
49 1 942
1 50 692
3 2 583
4 2 806
2 5 699
6 2 736
2 7 741
2 8 879
2 9 493
10 2 359
11 2 6
12 2 437
2 13 774
14 2 204
2 15 229
2 16 130
2 17 611
18 2 450
19 2 772
20 2 344
2 21 218
22 2 479
2 23 952
2 24 943
25 2 924
2 26 651
27 2 988
28 2 45
2 29 55
2 30 21
31 2 479
32 2 804
33 2 323
34 2 281
2 35 212
2 36 915
37 2 55
2 38 90
2 39 807
2 40 506
2 41 389
2 42 362
43 2 242
2 44 138
2 45 5
2 46 282
47 2 660
48 2 923
49 2 42
50 2 428
4 3 179
5 3 385
6 3 440
3 7 294
3 8 561
3 9 679
10 3 307
3 11 326
12 3 798
13 3 900
3 14 972
3 15 637
3 16 970
17 3 318
18 3 114
19 3 967
3 20 439
21 3 228
3 22 528
23 3 827
24 3 24
25 3 38
26 3 897
27 3 935
3 28 177
3 29 847
3 30 367
31 3 835
32 3 394
3 33 699
34 3 249
3 35 502
36 3 368
37 3 269
3 38 953
39 3 984
40 3 952
41 3 11
3 42 87
43 3 893
44 3 130
45 3 114
46 3 574
48 3 967
3 49 235
50 3 52
5 4 326
6 4 620
4 7 711
8 4 710
9 4 850
4 10 460
4 11 400
12 4 660
4 13 551
4 14 826
4 15 739
4 16 863
17 4 858
18 4 843
4 19 357
4 20 344
4 21 336
23 4 46
24 4 500
25 4 382
4 26 14
27 4 937
28 4 614
29 4 223
30 4 458
4 31 977
32 4 78
4 33 340
4 34 858
35 4 614
36 4 126
37 4 791
4 38 437
4 39 972
40 4 742
41 4 826
4 42 11
4 43 428
4 44 746
4 45 862
46 4 866
47 4 37
4 49 376
50 4 415
6 5 166
7 5 284
8 5 659
5 9 953
10 5 399
11 5 588
5 12 66
13 5 114
5 14 122
5 15 925
5 16 303
5 17 989
18 5 868
19 5 698
5 20 835
5 21 754
22 5 981
23 5 517
24 5 816
25 5 189
26 5 710
27 5 670
28 5 823
29 5 954
30 5 224
5 32 879
5 33 760
34 5 281
5 35 69
5 36 877
5 37 333
38 5 864
5 39 745
40 5 889
41 5 43
42 5 626
43 5 124
44 5 994
45 5 58
5 46 834
5 47 61
5 48 701
5 49 83
5 50 861
7 6 913
8 6 386
6 9 965
6 10 967
11 6 456
12 6 978
6 13 310
14 6 21
15 6 707
6 16 43
17 6 7
18 6 404
19 6 940
20 6 886
6 21 790
6 22 876
6 23 835
6 24 299
25 6 511
26 6 212
6 27 472
28 6 815
29 6 495
30 6 917
6 31 904
6 32 966
6 33 540
34 6 976
35 6 825
36 6 853
6 37 311
6 38 20
39 6 341
6 40 647
41 6 935
6 42 520
6 43 750
44 6 890
45 6 225
6 46 798
47 6 821
48 6 38
6 49 835
6 50 191
7 8 930
9 7 977
7 10 474
7 11 88
12 7 314
13 7 369
14 7 648
15 7 357
7 16 279
17 7 346
18 7 755
19 7 631
7 20 609
21 7 287
22 7 386
23 7 454
24 7 223
25 7 907
26 7 778
7 27 215
28 7 784
7 30 432
31 7 398
32 7 805
7 34 308
7 35 372
7 36 677
7 37 958
38 7 774
39 7 144
7 40 658
7 41 10
7 42 414
43 7 613
7 44 582
45 7 915
46 7 180
47 7 373
7 48 246
49 7 941
50 7 468
8 9 842
8 10 643
8 11 459
8 12 142
8 13 995
14 8 319
8 15 66
16 8 847
17 8 64
8 18 427
8 19 402
8 20 123
8 21 669
8 22 493
23 8 624
8 24 920
25 8 456
8 26 616
8 27 681
8 28 867
8 29 260
30 8 735
8 31 269
32 8 356
33 8 360
8 34 14
8 35 739
36 8 239
37 8 855
38 8 15
8 39 43
8 40 295
8 41 199
8 42 411
43 8 667
44 8 610
45 8 813
46 8 604
8 47 277
48 8 118
49 8 92
50 8 750
10 9 619
9 11 588
12 9 71
9 13 655
14 9 239
15 9 610
16 9 858
9 17 19
18 9 1000
19 9 155
9 20 325
21 9 597
9 23 714
24 9 863
25 9 338
9 26 167
9 27 631
28 9 100
9 29 997
9 30 822
31 9 173
9 32 155
9 33 980
34 9 247
9 35 537
9 36 284
9 37 359
38 9 417
9 39 473
40 9 620
9 42 138
43 9 656
44 9 291
46 9 854
9 47 774
9 48 21
9 49 273
9 50 310
11 10 960
10 12 280
14 10 638
15 10 259
10 16 304
17 10 33
10 18 914
19 10 9
21 10 299
22 10 479
10 23 570
10 24 881
10 25 179
26 10 941
10 27 23
10 28 685
10 29 495
30 10 644
31 10 137
32 10 628
33 10 441
34 10 290
35 10 453
10 36 613
37 10 16
10 38 606
39 10 695
10 40 526
10 41 638
42 10 713
10 43 70
10 44 18
10 45 276
46 10 241
47 10 421
48 10 141
49 10 665
50 10 472
12 11 640
11 13 572
11 14 879
11 16 574
17 11 470
18 11 652
11 19 863
20 11 357
11 21 385
22 11 240
23 11 513
11 24 817
11 25 144
26 11 748
11 27 852
28 11 566
11 29 788
30 11 166
11 31 164
32 11 978
33 11 889
11 34 272
11 35 645
36 11 363
37 11 253
11 38 777
39 11 957
40 11 200
41 11 973
11 42 378
43 11 164
44 11 464
45 11 515
46 11 266
47 11 72
11 48 663
11 49 225
50 11 63
13 12 563
12 14 249
15 12 731
16 12 283
12 17 673
12 18 492
19 12 429
20 12 821
21 12 164
12 22 246
12 23 617
12 24 708
12 25 107
26 12 647
27 12 305
12 28 551
29 12 487
31 12 217
32 12 19
12 33 199
12 34 747
36 12 968
12 37 576
38 12 3
12 39 808
40 12 685
12 41 306
42 12 238
43 12 473
12 44 366
45 12 112
12 46 173
12 47 420
48 12 218
12 49 249
50 12 774
14 13 701
15 13 162
16 13 223
17 13 802
18 13 135
13 19 250
20 13 628
21 13 449
13 22 380
13 23 474
24 13 665
13 25 690
13 26 48
27 13 463
13 28 975
29 13 442
13 30 681
13 31 656
13 32 472
33 13 638
13 34 294
35 13 750
36 13 373
13 37 724
13 38 363
39 13 594
40 13 546
41 13 815
42 13 541
43 13 240
45 13 681
13 46 250
13 47 549
48 13 107
49 13 142
50 13 650
15 14 166
14 16 752
14 17 997
18 14 78
19 14 800
20 14 442
14 21 623
14 22 974
23 14 625
14 24 820
14 25 734
26 14 941
14 27 573
28 14 639
14 29 464
14 30 445
31 14 914
14 32 696
14 33 402
14 34 159
35 14 582
14 36 634
14 37 986
38 14 158
14 39 798
40 14 267
41 14 45
14 42 813
43 14 959
44 14 34
14 45 794
14 46 754
47 14 377
14 48 321
14 49 575
15 16 508
15 17 315
18 15 63
19 15 220
20 15 71
21 15 291
22 15 593
15 23 117
15 24 808
25 15 299
26 15 65
27 15 687
28 15 505
15 29 443
30 15 710
31 15 316
32 15 999
33 15 631
34 15 255
15 35 789
36 15 398
15 37 630
38 15 281
15 39 256
40 15 17
15 41 373
42 15 682
43 15 203
44 15 194
15 45 173
46 15 566
47 15 823
15 48 470
49 15 681
50 15 303
17 16 753
16 18 900
16 19 394
20 16 480
21 16 621
16 22 203
23 16 576
16 24 52
16 25 774
26 16 775
16 27 852
28 16 138
16 29 608
30 16 479
16 31 35
32 16 461
16 33 184
16 34 873
16 35 540
16 36 226
16 37 847
38 16 505
16 39 368
16 40 904
16 42 678
43 16 355
16 44 280
45 16 682
16 46 859
47 16 977
48 16 781
16 49 174
50 16 988
18 17 32
17 19 329
17 20 538
17 21 48
17 22 179
23 17 567
17 24 458
17 25 814
26 17 318
27 17 897
28 17 386
29 17 319
17 30 97
17 31 477
17 32 944
33 17 725
34 17 156
35 17 870
36 17 216
37 17 708
38 17 223
17 39 418
40 17 870
41 17 197
42 17 27
43 17 185
17 44 199
45 17 774
46 17 658
17 47 268
48 17 418
17 49 928
50 17 748
19 18 970
18 20 66
21 18 710
18 22 951
23 18 672
18 24 709
18 25 358
26 18 312
18 27 850
18 28 748
29 18 156
18 30 577
18 31 358
18 32 119
33 18 919
34 18 434
18 35 534
36 18 916
37 18 842
18 38 721
18 39 389
40 18 733
18 41 867
42 18 991
18 43 554
44 18 43
18 45 848
46 18 837
18 48 955
18 49 234
50 18 627
20 19 706
21 19 389
19 22 670
19 23 372
24 19 347
19 25 916
19 26 370
19 27 787
19 28 865
29 19 480
19 30 724
19 31 114
19 32 413
33 19 473
34 19 593
35 19 119
36 19 279
37 19 302
38 19 817
19 39 835
40 19 825
19 41 310
42 19 61
19 43 984
19 44 972
45 19 907
46 19 264
47 19 679
19 48 793
49 19 674
50 19 602
21 20 387
20 22 3
23 20 532
24 20 714
25 20 685
20 26 468
27 20 436
28 20 442
29 20 510
20 30 585
20 31 164
20 32 788
20 33 228
20 34 345
35 20 317
20 36 693
37 20 529
20 38 743
39 20 218
20 40 779
41 20 698
20 42 601
43 20 478
20 44 904
45 20 159
20 46 755
47 20 40
20 48 516
49 20 122
20 50 167
21 22 157
21 23 844
21 24 907
25 21 98
21 26 746
21 27 378
28 21 177
21 29 576
21 31 479
32 21 882
21 33 451
21 34 357
35 21 72
36 21 466
37 21 142
38 21 440
39 21 450
40 21 611
21 41 926
21 42 134
43 21 464
21 44 681
45 21 503
46 21 516
47 21 384
21 48 651
21 49 953
50 21 178
22 23 334
24 22 307
25 22 601
22 26 179
27 22 574
28 22 790
29 22 874
30 22 3
31 22 851
32 22 482
33 22 722
34 22 38
35 22 394
22 36 290
37 22 398
22 38 722
39 22 814
22 40 557
41 22 125
42 22 817
22 43 875
22 44 548
45 22 881
22 46 437
47 22 585
22 48 435
22 49 915
22 50 114
23 24 511
25 23 6
26 23 222
23 27 343
23 28 107
23 29 450
23 30 338
23 31 281
32 23 223
33 23 961
34 23 730
35 23 185
23 36 667
23 37 323
38 23 795
23 39 240
23 40 191
23 41 918
23 42 325
23 43 447
44 23 511
23 45 14
46 23 865
47 23 413
23 48 827
49 23 542
23 50 121
25 24 574
26 24 402
27 24 719
24 28 684
29 24 205
24 30 908
24 31 285
24 32 734
24 33 14
24 34 331
24 35 444
24 36 26
24 37 987
24 38 580
24 39 759
24 41 332
42 24 711
24 43 558
44 24 263
24 45 463
24 46 775
47 24 124
24 48 670
49 24 723
50 24 890
25 26 709
27 25 479
25 28 775
25 29 848
25 30 793
25 31 964
25 32 738
25 33 55
34 25 932
35 25 866
36 25 508
25 37 331
25 38 349
25 39 190
25 40 616
41 25 877
25 42 219
25 43 592
44 25 389
45 25 999
46 25 338
25 47 9
48 25 987
49 25 74
50 25 436
27 26 17
28 26 579
29 26 926
30 26 50
26 31 702
32 26 250
33 26 341
34 26 286
26 35 165
26 36 370
37 26 559
38 26 476
40 26 815
41 26 558
42 26 120
43 26 453
44 26 427
45 26 340
46 26 552
47 26 759
26 48 409
49 26 556
50 26 974
28 27 393
29 27 208
27 30 909
27 31 383
32 27 103
33 27 864
27 34 985
35 27 156
36 27 397
27 37 939
38 27 639
27 39 247
40 27 58
41 27 85
42 27 883
27 43 452
27 44 408
45 27 183
46 27 981
47 27 847
48 27 114
27 49 742
27 50 397
28 29 887
30 28 183
31 28 233
32 28 19
28 33 921
28 34 486
35 28 40
36 28 414
37 28 644
28 38 206
28 39 194
28 40 742
28 41 268
42 28 454
43 28 657
28 44 962
45 28 994
46 28 423
47 28 669
48 28 410
28 49 868
50 28 946
29 30 263
29 31 750
29 32 237
33 29 435
29 34 492
35 29 821
36 29 383
37 29 472
38 29 475
39 29 285
40 29 281
29 41 399
29 42 148
29 43 891
29 44 54
29 45 275
46 29 251
29 47 278
48 29 683
49 29 268
29 50 889
32 30 623
30 33 460
30 34 189
30 35 650
36 30 525
37 30 111
30 38 857
30 39 68
30 40 675
41 30 850
42 30 858
43 30 973
30 44 259
45 30 964
46 30 277
30 47 421
48 30 117
30 49 264
50 30 475
31 32 17
33 31 622
34 31 528
31 35 748
36 31 405
31 38 606
39 31 763
40 31 441
31 41 793
42 31 125
43 31 105
31 44 701
31 45 645
31 46 971
47 31 407
31 48 670
49 31 210
31 50 637
33 32 544
34 32 796
32 35 488
36 32 786
32 37 935
38 32 412
32 39 407
32 40 8
32 41 64
42 32 219
32 43 640
44 32 712
32 45 425
46 32 155
32 47 529
48 32 24
32 49 725
50 32 93
34 33 572
33 35 814
33 36 808
37 33 937
38 33 113
39 33 78
33 40 5
33 41 587
33 42 836
33 43 42
33 44 31
33 45 893
46 33 690
47 33 334
33 48 87
33 49 626
33 50 655
34 35 868
36 34 16
34 37 381
34 38 452
34 39 7
40 34 105
41 34 452
34 42 243
43 34 552
44 34 392
34 45 535
34 47 220
34 48 151
49 34 472
34 50 3
36 35 731
37 35 630
38 35 549
35 39 338
35 40 468
35 41 462
42 35 597
35 43 655
44 35 305
45 35 832
35 46 517
35 47 164
35 48 109
35 49 84
35 50 825
36 37 842
36 38 607
36 39 794
40 36 933
41 36 513
36 42 628
36 43 812
36 44 79
36 45 664
46 36 448
47 36 835
36 48 110
36 49 51
50 36 311
37 38 150
39 37 924
37 40 42
37 41 815
42 37 36
43 37 318
37 44 850
45 37 226
37 46 521
37 47 831
37 48 39
49 37 383
50 37 946
38 39 222
40 38 414
41 38 482
38 42 370
43 38 907
38 44 990
45 38 950
38 46 171
47 38 277
38 48 564
38 49 385
38 50 510
39 40 971
39 41 550
42 39 772
43 39 549
44 39 843
39 45 876
46 39 525
47 39 433
48 39 8
49 39 855
39 50 800
41 40 576
40 42 749
43 40 282
44 40 926
45 40 52
46 40 690
47 40 953
48 40 448
49 40 157
50 40 815
41 42 318
43 41 980
44 41 474
41 45 525
41 46 297
41 47 705
41 48 455
50 41 736
43 42 344
42 44 693
42 45 919
46 42 545
47 42 444
48 42 239
42 49 563
42 50 51
43 44 602
45 43 79
46 43 29
43 47 589
43 48 462
43 49 511
50 43 230
44 45 907
44 46 476
47 44 165
44 48 243
49 44 477
50 44 810
46 45 772
45 47 689
45 48 329
45 49 679
50 45 934
47 46 165
46 48 115
46 49 37
50 46 244
48 47 574
47 49 840
50 47 100
48 49 147
48 50 769
50 49 380

TERMINALS
1
2
4
9
10
12
13
15
16
20
24
25
28
32
34
36
37
38
39
41
42
44
48
49
50

R
1 2 5
1 3 4
1 4 3
1 5 3
1 6 4
1 7 2
1 8 2
1 9 2
1 10 2
1 11 5
1 12 5
1 13 5
1 14 1
1 15 3
1 16 4
1 17 4
1 18 5
1 19 3
1 20 4
1 21 3
1 22 4
1 23 5
1 24 4
1 25 2
1 26 4
1 27 4
1 28 3
1 29 2
1 30 4
1 31 2
1 32 4
1 33 3
1 34 3
1 35 3
1 36 3
1 37 3
1 38 1
1 39 1
1 40 5
1 41 2
1 42 5
1 43 1
1 44 2
1 45 1
1 46 1
1 47 5
1 48 1
1 49 5
1 50 5
2 1 4
2 3 4
2 4 3
2 5 5
2 6 2
2 7 1
2 8 3
2 9 5
2 10 1
2 11 1
2 12 1
2 13 4
2 14 1
2 15 3
2 16 1
2 17 4
2 18 2
2 19 1
2 20 4
2 21 2
2 22 5
2 23 1
2 24 4
2 25 2
2 26 2
2 27 1
2 28 2
2 29 3
2 30 1
2 31 3
2 32 2
2 33 1
2 34 1
2 35 1
2 36 5
2 37 2
2 38 2
2 39 4
2 40 4
2 41 2
2 42 4
2 43 4
2 44 5
2 45 2
2 46 3
2 47 3
2 48 5
2 49 5
2 50 5
3 1 5
3 2 3
3 4 4
3 5 5
3 6 1
3 7 2
3 8 3
3 9 3
3 10 4
3 11 3
3 12 5
3 13 1
3 14 4
3 15 5
3 16 4
3 17 2
3 18 4
3 19 5
3 20 3
3 21 2
3 22 5
3 23 1
3 24 3
3 25 5
3 26 2
3 27 4
3 28 3
3 29 1
3 30 5
3 31 4
3 32 5
3 33 4
3 34 1
3 35 5
3 36 1
3 37 4
3 38 2
3 39 5
3 40 3
3 41 5
3 42 2
3 43 3
3 44 2
3 45 3
3 46 2
3 47 5
3 48 4
3 49 3
3 50 2
4 1 3
4 2 1
4 3 3
4 5 3
4 6 5
4 7 3
4 8 1
4 9 5
4 10 5
4 11 2
4 12 4
4 13 5
4 14 1
4 15 5
4 16 2
4 17 1
4 18 2
4 19 2
4 20 4
4 21 1
4 22 5
4 23 5
4 24 5
4 25 2
4 26 1
4 27 4
4 28 5
4 29 3
4 30 4
4 31 4
4 32 1
4 33 1
4 34 2
4 35 3
4 36 5
4 37 1
4 38 5
4 39 5
4 40 1
4 41 1
4 42 3
4 43 1
4 44 5
4 45 4
4 46 2
4 47 2
4 48 1
4 49 3
4 50 3
5 1 4
5 2 1
5 3 2
5 4 3
5 6 2
5 7 5
5 8 5
5 9 2
5 10 2
5 11 4
5 12 5
5 13 5
5 14 4
5 15 2
5 16 1
5 17 2
5 18 3
5 19 2
5 20 3
5 21 4
5 22 4
5 23 4
5 24 2
5 25 1
5 26 3
5 27 2
5 28 5
5 29 1
5 30 4
5 31 2
5 32 4
5 33 4
5 34 4
5 35 2
5 36 3
5 37 2
5 38 2
5 39 2
5 40 3
5 41 3
5 42 1
5 43 4
5 44 4
5 45 1
5 46 2
5 47 5
5 48 4
5 49 4
5 50 3
6 1 2
6 2 5
6 3 3
6 4 2
6 5 1
6 7 5
6 8 1
6 9 4
6 10 4
6 11 2
6 12 2
6 13 3
6 14 5
6 15 5
6 16 3
6 17 3
6 18 2
6 19 5
6 20 1
6 21 5
6 22 4
6 23 3
6 24 2
6 25 3
6 26 4
6 27 5
6 28 1
6 29 5
6 30 3
6 31 5
6 32 4
6 33 1
6 34 1
6 35 3
6 36 2
6 37 3
6 38 2
6 39 5
6 40 1
6 41 1
6 42 1
6 43 4
6 44 5
6 45 2
6 46 5
6 47 2
6 48 4
6 49 3
6 50 1
7 1 5
7 2 2
7 3 2
7 4 4
7 5 1
7 6 1
7 8 4
7 9 5
7 10 1
7 11 3
7 12 2
7 13 5
7 14 1
7 15 5
7 16 2
7 17 3
7 18 3
7 19 4
7 20 2
7 21 2
7 22 4
7 23 2
7 24 2
7 25 4
7 26 3
7 27 5
7 28 3
7 29 4
7 30 4
7 31 5
7 32 2
7 33 5
7 34 4
7 35 3
7 36 5
7 37 1
7 38 3
7 39 4
7 40 5
7 41 3
7 42 1
7 43 3
7 44 5
7 45 4
7 46 4
7 47 1
7 48 3
7 49 2
7 50 5
8 1 4
8 2 3
8 3 5
8 4 2
8 5 2
8 6 1
8 7 4
8 9 1
8 10 5
8 11 3
8 12 4
8 13 2
8 14 4
8 15 5
8 16 5
8 17 3
8 18 5
8 19 2
8 20 5
8 21 3
8 22 1
8 23 4
8 24 5
8 25 5
8 26 3
8 27 3
8 28 4
8 29 1
8 30 1
8 31 5
8 32 2
8 33 1
8 34 4
8 35 3
8 36 3
8 37 5
8 38 3
8 39 1
8 40 1
8 41 3
8 42 3
8 43 1
8 44 4
8 45 3
8 46 1
8 47 5
8 48 2
8 49 5
8 50 1
9 1 1
9 2 4
9 3 3
9 4 2
9 5 3
9 6 2
9 7 1
9 8 3
9 10 2
9 11 1
9 12 3
9 13 3
9 14 2
9 15 3
9 16 2
9 17 2
9 18 2
9 19 1
9 20 4
9 21 3
9 22 1
9 23 3
9 24 2
9 25 4
9 26 3
9 27 2
9 28 4
9 29 4
9 30 3
9 31 5
9 32 4
9 33 1
9 34 3
9 35 3
9 36 2
9 37 2
9 38 2
9 39 2
9 40 4
9 41 3
9 42 5
9 43 3
9 44 1
9 45 3
9 46 3
9 47 2
9 48 4
9 49 4
9 50 4
10 1 5
10 2 3
10 3 2
10 4 2
10 5 5
10 6 5
10 7 2
10 8 3
10 9 3
10 11 5
10 12 5
10 13 4
10 14 1
10 15 5
10 16 3
10 17 3
10 18 3
10 19 4
10 20 1
10 21 2
10 22 5
10 23 4
10 24 1
10 25 4
10 26 1
10 27 3
10 28 1
10 29 4
10 30 2
10 31 2
10 32 2
10 33 3
10 34 4
10 35 3
10 36 4
10 37 3
10 38 2
10 39 2
10 40 5
10 41 1
10 42 2
10 43 2
10 44 1
10 45 2
10 46 3
10 47 3
10 48 1
10 49 1
10 50 4
11 1 2
11 2 2
11 3 5
11 4 2
11 5 4
11 6 3
11 7 2
11 8 1
11 9 1
11 10 2
11 12 4
11 13 2
11 14 3
11 15 1
11 16 5
11 17 3
11 18 2
11 19 5
11 20 1
11 21 3
11 22 1
11 23 4
11 24 4
11 25 2
11 26 4
11 27 2
11 28 5
11 29 4
11 30 5
11 31 2
11 32 4
11 33 1
11 34 5
11 35 3
11 36 4
11 37 3
11 38 2
11 39 5
11 40 5
11 41 2
11 42 1
11 43 4
11 44 3
11 45 5
11 46 4
11 47 3
11 48 4
11 49 5
11 50 4
12 1 5
12 2 3
12 3 4
12 4 3
12 5 3
12 6 3
12 7 3
12 8 2
12 9 2
12 10 1
12 11 1
12 13 5
12 14 4
12 15 3
12 16 1
12 17 3
12 18 1
12 19 3
12 20 5
12 21 2
12 22 4
12 23 1
12 24 4
12 25 2
12 26 4
12 27 3
12 28 1
12 29 3
12 30 2
12 31 2
12 32 1
12 33 3
12 34 1
12 35 1
12 36 2
12 37 4
12 38 3
12 39 4
12 40 2
12 41 1
12 42 2
12 43 2
12 44 2
12 45 5
12 46 1
12 47 2
12 48 5
12 49 1
12 50 1
13 1 4
13 2 2
13 3 5
13 4 1
13 5 5
13 6 1
13 7 1
13 8 4
13 9 3
13 10 5
13 11 2
13 12 5
13 14 2
13 15 4
13 16 2
13 17 3
13 18 5
13 19 5
13 20 5
13 21 1
13 22 1
13 23 3
13 24 2
13 25 4
13 26 4
13 27 3
13 28 4
13 29 1
13 30 2
13 31 1
13 32 3
13 33 2
13 34 4
13 35 2
13 36 3
13 37 5
13 38 5
13 39 3
13 40 4
13 41 4
13 42 3
13 43 2
13 44 5
13 45 4
13 46 1
13 47 2
13 48 3
13 49 2
13 50 1
14 1 3
14 2 2
14 3 4
14 4 2
14 5 3
14 6 4
14 7 5
14 8 3
14 9 5
14 10 2
14 11 4
14 12 5
14 13 5
14 15 1
14 16 1
14 17 3
14 18 3
14 19 5
14 20 2
14 21 2
14 22 3
14 23 1
14 24 4
14 25 5
14 26 5
14 27 5
14 28 2
14 29 1
14 30 2
14 31 5
14 32 4
14 33 1
14 34 4
14 35 4
14 36 2
14 37 3
14 38 4
14 39 4
14 40 5
14 41 3
14 42 5
14 43 4
14 44 5
14 45 1
14 46 4
14 47 5
14 48 4
14 49 3
14 50 4
15 1 2
15 2 4
15 3 4
15 4 2
15 5 5
15 6 5
15 7 4
15 8 1
15 9 3
15 10 1
15 11 2
15 12 2
15 13 1
15 14 3
15 16 5
15 17 1
15 18 1
15 19 3
15 20 5
15 21 1
15 22 2
15 23 4
15 24 1
15 25 2
15 26 3
15 27 3
15 28 2
15 29 4
15 30 1
15 31 1
15 32 5
15 33 5
15 34 2
15 35 3
15 36 3
15 37 1
15 38 4
15 39 1
15 40 1
15 41 1
15 42 4
15 43 4
15 44 2
15 45 4
15 46 3
15 47 4
15 48 5
15 49 4
15 50 3
16 1 1
16 2 1
16 3 1
16 4 4
16 5 1
16 6 3
16 7 4
16 8 1
16 9 1
16 10 4
16 11 3
16 12 2
16 13 3
16 14 2
16 15 3
16 17 2
16 18 5
16 19 3
16 20 5
16 21 2
16 22 5
16 23 2
16 24 5
16 25 3
16 26 1
16 27 1
16 28 3
16 29 4
16 30 2
16 31 1
16 32 1
16 33 2
16 34 3
16 35 1
16 36 5
16 37 4
16 38 5
16 39 5
16 40 1
16 41 1
16 42 4
16 43 3
16 44 2
16 45 1
16 46 5
16 47 4
16 48 5
16 49 1
16 50 3
17 1 1
17 2 2
17 3 4
17 4 3
17 5 2
17 6 3
17 7 3
17 8 2
17 9 5
17 10 1
17 11 3
17 12 2
17 13 3
17 14 1
17 15 5
17 16 5
17 18 5
17 19 5
17 20 5
17 21 2
17 22 5
17 23 5
17 24 5
17 25 2
17 26 1
17 27 2
17 28 3
17 29 1
17 30 1
17 31 3
17 32 5
17 33 2
17 34 5
17 35 3
17 36 1
17 37 3
17 38 5
17 39 3
17 40 1
17 41 5
17 42 5
17 43 3
17 44 1
17 45 2
17 46 5
17 47 5
17 48 1
17 49 1
17 50 4
18 1 2
18 2 2
18 3 5
18 4 1
18 5 1
18 6 2
18 7 3
18 8 3
18 9 1
18 10 5
18 11 5
18 12 4
18 13 4
18 14 1
18 15 5
18 16 1
18 17 3
18 19 2
18 20 3
18 21 5
18 22 2
18 23 2
18 24 4
18 25 1
18 26 4
18 27 2
18 28 5
18 29 1
18 30 5
18 31 5
18 32 1
18 33 1
18 34 2
18 35 1
18 36 2
18 37 4
18 38 4
18 39 1
18 40 3
18 41 4
18 42 1
18 43 3
18 44 4
18 45 4
18 46 5
18 47 3
18 48 2
18 49 3
18 50 4
19 1 4
19 2 4
19 3 2
19 4 2
19 5 5
19 6 4
19 7 5
19 8 1
19 9 3
19 10 5
19 11 2
19 12 5
19 13 1
19 14 3
19 15 3
19 16 3
19 17 1
19 18 3
19 20 1
19 21 1
19 22 1
19 23 4
19 24 3
19 25 3
19 26 3
19 27 2
19 28 4
19 29 2
19 30 5
19 31 3
19 32 3
19 33 3
19 34 2
19 35 4
19 36 1
19 37 1
19 38 5
19 39 5
19 40 1
19 41 2
19 42 2
19 43 3
19 44 3
19 45 4
19 46 2
19 47 5
19 48 1
19 49 4
19 50 3
20 1 3
20 2 4
20 3 5
20 4 1
20 5 4
20 6 4
20 7 5
20 8 2
20 9 2
20 10 2
20 11 1
20 12 5
20 13 1
20 14 5
20 15 1
20 16 1
20 17 5
20 18 1
20 19 5
20 21 1
20 22 3
20 23 4
20 24 4
20 25 2
20 26 1
20 27 2
20 28 5
20 29 3
20 30 4
20 31 3
20 32 2
20 33 1
20 34 4
20 35 1
20 36 4
20 37 2
20 38 4
20 39 5
20 40 3
20 41 2
20 42 1
20 43 5
20 44 1
20 45 3
20 46 4
20 47 3
20 48 4
20 49 3
20 50 5
21 1 3
21 2 5
21 3 5
21 4 1
21 5 4
21 6 3
21 7 4
21 8 2
21 9 3
21 10 1
21 11 3
21 12 2
21 13 2
21 14 3
21 15 5
21 16 4
21 17 3
21 18 1
21 19 4
21 20 3
21 22 5
21 23 5
21 24 5
21 25 4
21 26 3
21 27 3
21 28 4
21 29 2
21 30 3
21 31 1
21 32 2
21 33 5
21 34 3
21 35 3
21 36 3
21 37 3
21 38 5
21 39 3
21 40 4
21 41 4
21 42 3
21 43 1
21 44 1
21 45 1
21 46 1
21 47 5
21 48 1
21 49 5
21 50 3
22 1 4
22 2 2
22 3 4
22 4 3
22 5 2
22 6 3
22 7 2
22 8 1
22 9 1
22 10 4
22 11 3
22 12 4
22 13 2
22 14 4
22 15 3
22 16 4
22 17 3
22 18 5
22 19 5
22 20 5
22 21 3
22 23 1
22 24 4
22 25 1
22 26 1
22 27 4
22 28 3
22 29 2
22 30 4
22 31 2
22 32 1
22 33 4
22 34 1
22 35 5
22 36 2
22 37 2
22 38 4
22 39 3
22 40 4
22 41 1
22 42 1
22 43 1
22 44 1
22 45 4
22 46 1
22 47 3
22 48 2
22 49 4
22 50 4
23 1 4
23 2 5
23 3 4
23 4 4
23 5 4
23 6 4
23 7 1
23 8 2
23 9 3
23 10 2
23 11 3
23 12 4
23 13 3
23 14 1
23 15 1
23 16 4
23 17 4
23 18 2
23 19 4
23 20 4
23 21 2
23 22 4
23 24 1
23 25 4
23 26 5
23 27 5
23 28 5
23 29 4
23 30 3
23 31 5
23 32 3
23 33 1
23 34 4
23 35 1
23 36 4
23 37 2
23 38 1
23 39 1
23 40 1
23 41 3
23 42 3
23 43 5
23 44 3
23 45 2
23 46 2
23 47 4
23 48 2
23 49 3
23 50 2
24 1 5
24 2 1
24 3 1
24 4 3
24 5 1
24 6 4
24 7 4
24 8 2
24 9 3
24 10 5
24 11 5
24 12 4
24 13 4
24 14 5
24 15 3
24 16 1
24 17 1
24 18 1
24 19 1
24 20 1
24 21 3
24 22 5
24 23 5
24 25 4
24 26 4
24 27 3
24 28 1
24 29 4
24 30 4
24 31 3
24 32 3
24 33 3
24 34 5
24 35 3
24 36 3
24 37 5
24 38 1
24 39 3
24 40 4
24 41 1
24 42 4
24 43 3
24 44 4
24 45 4
24 46 4
24 47 3
24 48 4
24 49 1
24 50 1
25 1 1
25 2 4
25 3 5
25 4 5
25 5 5
25 6 4
25 7 1
25 8 3
25 9 4
25 10 4
25 11 3
25 12 3
25 13 1
25 14 3
25 15 2
25 16 5
25 17 2
25 18 3
25 19 1
25 20 4
25 21 1
25 22 1
25 23 5
25 24 5
25 26 1
25 27 3
25 28 4
25 29 1
25 30 2
25 31 1
25 32 3
25 33 4
25 34 4
25 35 2
25 36 1
25 37 1
25 38 5
25 39 1
25 40 3
25 41 5
25 42 1
25 43 5
25 44 2
25 45 4
25 46 2
25 47 5
25 48 3
25 49 3
25 50 3
26 1 3
26 2 4
26 3 5
26 4 5
26 5 5
26 6 5
26 7 3
26 8 2
26 9 5
26 10 3
26 11 5
26 12 2
26 13 5
26 14 1
26 15 3
26 16 3
26 17 1
26 18 3
26 19 3
26 20 1
26 21 5
26 22 2
26 23 3
26 24 1
26 25 1
26 27 1
26 28 5
26 29 5
26 30 4
26 31 2
26 32 2
26 33 3
26 34 2
26 35 4
26 36 3
26 37 1
26 38 5
26 39 2
26 40 5
26 41 4
26 42 4
26 43 1
26 44 5
26 45 5
26 46 3
26 47 2
26 48 4
26 49 3
26 50 1
27 1 1
27 2 5
27 3 5
27 4 5
27 5 3
27 6 3
27 7 5
27 8 3
27 9 2
27 10 4
27 11 1
27 12 3
27 13 3
27 14 1
27 15 2
27 16 1
27 17 3
27 18 4
27 19 5
27 20 4
27 21 5
27 22 5
27 23 4
27 24 1
27 25 1
27 26 5
27 28 3
27 29 5
27 30 3
27 31 3
27 32 5
27 33 1
27 34 2
27 35 5
27 36 5
27 37 4
27 38 2
27 39 4
27 40 2
27 41 3
27 42 4
27 43 4
27 44 2
27 45 1
27 46 4
27 47 5
27 48 1
27 49 3
27 50 4
28 1 2
28 2 3
28 3 3
28 4 1
28 5 1
28 6 5
28 7 2
28 8 2
28 9 5
28 10 1
28 11 2
28 12 2
28 13 5
28 14 2
28 15 3
28 16 1
28 17 1
28 18 2
28 19 4
28 20 4
28 21 5
28 22 3
28 23 2
28 24 5
28 25 2
28 26 5
28 27 4
28 29 1
28 30 2
28 31 3
28 32 4
28 33 4
28 34 1
28 35 4
28 36 1
28 37 3
28 38 3
28 39 4
28 40 2
28 41 2
28 42 1
28 43 3
28 44 5
28 45 3
28 46 4
28 47 5
28 48 5
28 49 4
28 50 3
29 1 4
29 2 4
29 3 2
29 4 3
29 5 2
29 6 3
29 7 4
29 8 1
29 9 1
29 10 5
29 11 3
29 12 1
29 13 5
29 14 3
29 15 1
29 16 3
29 17 5
29 18 5
29 19 3
29 20 4
29 21 1
29 22 1
29 23 1
29 24 3
29 25 1
29 26 3
29 27 1
29 28 5
29 30 3
29 31 1
29 32 4
29 33 3
29 34 4
29 35 5
29 36 5
29 37 3
29 38 4
29 39 4
29 40 3
29 41 5
29 42 5
29 43 2
29 44 2
29 45 4
29 46 1
29 47 2
29 48 4
29 49 1
29 50 1
30 1 1
30 2 1
30 3 4
30 4 1
30 5 1
30 6 1
30 7 3
30 8 1
30 9 2
30 10 4
30 11 5
30 12 2
30 13 2
30 14 4
30 15 3
30 16 3
30 17 5
30 18 5
30 19 2
30 20 3
30 21 4
30 22 3
30 23 4
30 24 1
30 25 4
30 26 5
30 27 3
30 28 2
30 29 3
30 31 3
30 32 4
30 33 5
30 34 5
30 35 2
30 36 2
30 37 3
30 38 3
30 39 2
30 40 5
30 41 1
30 42 5
30 43 4
30 44 2
30 45 4
30 46 4
30 47 1
30 48 1
30 49 3
30 50 5
31 1 4
31 2 3
31 3 4
31 4 1
31 5 1
31 6 1
31 7 1
31 8 2
31 9 3
31 10 2
31 11 4
31 12 3
31 13 3
31 14 5
31 15 2
31 16 4
31 17 2
31 18 4
31 19 1
31 20 3
31 21 5
31 22 3
31 23 4
31 24 3
31 25 2
31 26 2
31 27 1
31 28 2
31 29 5
31 30 4
31 32 2
31 33 3
31 34 1
31 35 2
31 36 1
31 37 3
31 38 2
31 39 1
31 40 5
31 41 4
31 42 5
31 43 5
31 44 1
31 45 2
31 46 5
31 47 5
31 48 2
31 49 3
31 50 5
32 1 5
32 2 2
32 3 5
32 4 2
32 5 5
32 6 2
32 7 3
32 8 4
32 9 5
32 10 5
32 11 3
32 12 5
32 13 3
32 14 5
32 15 2
32 16 4
32 17 2
32 18 4
32 19 5
32 20 5
32 21 3
32 22 3
32 23 4
32 24 5
32 25 1
32 26 2
32 27 4
32 28 5
32 29 5
32 30 3
32 31 4
32 33 4
32 34 4
32 35 3
32 36 1
32 37 5
32 38 2
32 39 3
32 40 5
32 41 1
32 42 4
32 43 2
32 44 2
32 45 1
32 46 4
32 47 3
32 48 4
32 49 5
32 50 1
33 1 3
33 2 4
33 3 1
33 4 3
33 5 4
33 6 5
33 7 3
33 8 2
33 9 5
33 10 2
33 11 2
33 12 2
33 13 2
33 14 5
33 15 2
33 16 5
33 17 2
33 18 3
33 19 1
33 20 2
33 21 3
33 22 3
33 23 5
33 24 1
33 25 4
33 26 1
33 27 4
33 28 1
33 29 1
33 30 1
33 31 3
33 32 4
33 34 1
33 35 3
33 36 3
33 37 2
33 38 4
33 39 5
33 40 3
33 41 3
33 42 3
33 43 1
33 44 1
33 45 4
33 46 3
33 47 4
33 48 3
33 49 4
33 50 2
34 1 5
34 2 5
34 3 1
34 4 2
34 5 2
34 6 1
34 7 2
34 8 4
34 9 2
34 10 2
34 11 4
34 12 2
34 13 2
34 14 4
34 15 4
34 16 4
34 17 1
34 18 5
34 19 5
34 20 2
34 21 5
34 22 2
34 23 4
34 24 5
34 25 5
34 26 3
34 27 2
34 28 3
34 29 2
34 30 3
34 31 1
34 32 2
34 33 4
34 35 1
34 36 5
34 37 5
34 38 2
34 39 2
34 40 3
34 41 3
34 42 5
34 43 4
34 44 1
34 45 1
34 46 2
34 47 4
34 48 5
34 49 5
34 50 4
35 1 1
35 2 1
35 3 3
35 4 2
35 5 5
35 6 4
35 7 3
35 8 4
35 9 3
35 10 1
35 11 5
35 12 2
35 13 1
35 14 1
35 15 5
35 16 4
35 17 3
35 18 2
35 19 2
35 20 4
35 21 1
35 22 4
35 23 3
35 24 4
35 25 1
35 26 4
35 27 3
35 28 4
35 29 5
35 30 2
35 31 4
35 32 5
35 33 2
35 34 3
35 36 3
35 37 1
35 38 4
35 39 3
35 40 4
35 41 1
35 42 3
35 43 1
35 44 4
35 45 5
35 46 3
35 47 3
35 48 3
35 49 5
35 50 1
36 1 4
36 2 5
36 3 2
36 4 4
36 5 3
36 6 2
36 7 4
36 8 3
36 9 4
36 10 5
36 11 4
36 12 5
36 13 5
36 14 5
36 15 2
36 16 3
36 17 4
36 18 4
36 19 3
36 20 1
36 21 5
36 22 5
36 23 5
36 24 5
36 25 3
36 26 5
36 27 2
36 28 2
36 29 4
36 30 2
36 31 3
36 32 3
36 33 1
36 34 1
36 35 3
36 37 5
36 38 2
36 39 4
36 40 4
36 41 3
36 42 5
36 43 4
36 44 2
36 45 4
36 46 3
36 47 5
36 48 3
36 49 4
36 50 1
37 1 5
37 2 4
37 3 5
37 4 4
37 5 4
37 6 1
37 7 1
37 8 5
37 9 2
37 10 3
37 11 3
37 12 5
37 13 2
37 14 2
37 15 3
37 16 2
37 17 2
37 18 4
37 19 5
37 20 5
37 21 3
37 22 2
37 23 4
37 24 1
37 25 1
37 26 2
37 27 1
37 28 2
37 29 2
37 30 4
37 31 4
37 32 1
37 33 4
37 34 5
37 35 5
37 36 4
37 38 5
37 39 2
37 40 3
37 41 4
37 42 1
37 43 3
37 44 5
37 45 2
37 46 4
37 47 2
37 48 5
37 49 5
37 50 3
38 1 2
38 2 1
38 3 2
38 4 5
38 5 4
38 6 4
38 7 5
38 8 3
38 9 1
38 10 4
38 11 4
38 12 4
38 13 2
38 14 1
38 15 5
38 16 2
38 17 5
38 18 3
38 19 3
38 20 4
38 21 3
38 22 1
38 23 4
38 24 5
38 25 1
38 26 3
38 27 3
38 28 4
38 29 4
38 30 5
38 31 3
38 32 5
38 33 5
38 34 4
38 35 5
38 36 1
38 37 3
38 39 1
38 40 3
38 41 3
38 42 1
38 43 3
38 44 4
38 45 5
38 46 3
38 47 3
38 48 3
38 49 5
38 50 2
39 1 5
39 2 3
39 3 4
39 4 3
39 5 3
39 6 3
39 7 3
39 8 2
39 9 3
39 10 3
39 11 1
39 12 4
39 13 1
39 14 5
39 15 5
39 16 4
39 17 1
39 18 5
39 19 3
39 20 4
39 21 4
39 22 3
39 23 4
39 24 3
39 25 3
39 26 3
39 27 1
39 28 5
39 29 5
39 30 2
39 31 3
39 32 2
39 33 1
39 34 2
39 35 4
39 36 3
39 37 1
39 38 3
39 40 5
39 41 5
39 42 5
39 43 2
39 44 3
39 45 5
39 46 3
39 47 3
39 48 1
39 49 4
39 50 4
40 1 5
40 2 2
40 3 3
40 4 2
40 5 5
40 6 5
40 7 4
40 8 5
40 9 2
40 10 5
40 11 1
40 12 3
40 13 5
40 14 2
40 15 3
40 16 1
40 17 5
40 18 3
40 19 3
40 20 2
40 21 4
40 22 3
40 23 4
40 24 5
40 25 2
40 26 5
40 27 2
40 28 1
40 29 5
40 30 2
40 31 5
40 32 5
40 33 3
40 34 4
40 35 3
40 36 5
40 37 5
40 38 4
40 39 1
40 41 4
40 42 3
40 43 1
40 44 1
40 45 2
40 46 5
40 47 1
40 48 4
40 49 4
40 50 3
41 1 4
41 2 3
41 3 3
41 4 3
41 5 1
41 6 2
41 7 4
41 8 5
41 9 5
41 10 5
41 11 2
41 12 2
41 13 1
41 14 3
41 15 1
41 16 1
41 17 5
41 18 5
41 19 5
41 20 5
41 21 2
41 22 3
41 23 3
41 24 3
41 25 1
41 26 1
41 27 2
41 28 1
41 29 2
41 30 2
41 31 5
41 32 5
41 33 1
41 34 2
41 35 4
41 36 1
41 37 5
41 38 2
41 39 3
41 40 4
41 42 3
41 43 1
41 44 2
41 45 3
41 46 3
41 47 3
41 48 3
41 49 4
41 50 4
42 1 5
42 2 4
42 3 1
42 4 4
42 5 3
42 6 3
42 7 4
42 8 5
42 9 1
42 10 1
42 11 1
42 12 4
42 13 2
42 14 2
42 15 5
42 16 5
42 17 5
42 18 2
42 19 1
42 20 4
42 21 4
42 22 5
42 23 1
42 24 4
42 25 1
42 26 1
42 27 3
42 28 3
42 29 5
42 30 2
42 31 2
42 32 1
42 33 2
42 34 4
42 35 5
42 36 4
42 37 3
42 38 5
42 39 3
42 40 3
42 41 3
42 43 1
42 44 1
42 45 4
42 46 4
42 47 2
42 48 1
42 49 1
42 50 4
43 1 1
43 2 4
43 3 4
43 4 2
43 5 1
43 6 3
43 7 3
43 8 3
43 9 2
43 10 2
43 11 3
43 12 5
43 13 5
43 14 3
43 15 1
43 16 3
43 17 4
43 18 4
43 19 5
43 20 4
43 21 4
43 22 4
43 23 3
43 24 1
43 25 2
43 26 3
43 27 4
43 28 3
43 29 3
43 30 4
43 31 1
43 32 4
43 33 4
43 34 5
43 35 2
43 36 2
43 37 4
43 38 4
43 39 4
43 40 2
43 41 3
43 42 3
43 44 2
43 45 4
43 46 1
43 47 2
43 48 2
43 49 1
43 50 3
44 1 3
44 2 1
44 3 1
44 4 2
44 5 3
44 6 3
44 7 5
44 8 1
44 9 1
44 10 2
44 11 5
44 12 2
44 13 5
44 14 5
44 15 2
44 16 1
44 17 2
44 18 3
44 19 4
44 20 2
44 21 2
44 22 5
44 23 4
44 24 4
44 25 3
44 26 3
44 27 1
44 28 5
44 29 1
44 30 4
44 31 4
44 32 3
44 33 4
44 34 4
44 35 1
44 36 4
44 37 3
44 38 5
44 39 4
44 40 3
44 41 2
44 42 3
44 43 1
44 45 3
44 46 5
44 47 3
44 48 3
44 49 1
44 50 2
45 1 3
45 2 2
45 3 3
45 4 4
45 5 1
45 6 4
45 7 2
45 8 5
45 9 1
45 10 3
45 11 5
45 12 4
45 13 1
45 14 4
45 15 5
45 16 1
45 17 5
45 18 3
45 19 3
45 20 1
45 21 1
45 22 5
45 23 2
45 24 5
45 25 3
45 26 1
45 27 4
45 28 5
45 29 3
45 30 1
45 31 3
45 32 5
45 33 3
45 34 3
45 35 1
45 36 5
45 37 1
45 38 2
45 39 4
45 40 3
45 41 4
45 42 5
45 43 4
45 44 4
45 46 3
45 47 3
45 48 4
45 49 4
45 50 5
46 1 3
46 2 5
46 3 2
46 4 2
46 5 3
46 6 3
46 7 1
46 8 4
46 9 4
46 10 2
46 11 3
46 12 4
46 13 5
46 14 5
46 15 3
46 16 2
46 17 5
46 18 2
46 19 4
46 20 1
46 21 2
46 22 1
46 23 1
46 24 1
46 25 1
46 26 1
46 27 1
46 28 3
46 29 1
46 30 1
46 31 4
46 32 3
46 33 5
46 34 5
46 35 1
46 36 5
46 37 5
46 38 2
46 39 5
46 40 3
46 41 3
46 42 2
46 43 3
46 44 4
46 45 1
46 47 1
46 48 5
46 49 2
46 50 2
47 1 5
47 2 4
47 3 4
47 4 1
47 5 4
47 6 1
47 7 1
47 8 1
47 9 3
47 10 1
47 11 1
47 12 4
47 13 4
47 14 5
47 15 5
47 16 1
47 17 3
47 18 4
47 19 5
47 20 1
47 21 5
47 22 2
47 23 5
47 24 2
47 25 4
47 26 4
47 27 4
47 28 4
47 29 5
47 30 1
47 31 3
47 32 5
47 33 1
47 34 1
47 35 2
47 36 5
47 37 3
47 38 2
47 39 2
47 40 1
47 41 4
47 42 5
47 43 4
47 44 3
47 45 4
47 46 3
47 48 3
47 49 3
47 50 4
48 1 2
48 2 3
48 3 3
48 4 5
48 5 3
48 6 1
48 7 5
48 8 1
48 9 2
48 10 4
48 11 5
48 12 4
48 13 1
48 14 1
48 15 4
48 16 3
48 17 2
48 18 5
48 19 5
48 20 1
48 21 2
48 22 2
48 23 4
48 24 1
48 25 5
48 26 3
48 27 1
48 28 5
48 29 5
48 30 1
48 31 5
48 32 3
48 33 3
48 34 2
48 35 4
48 36 5
48 37 5
48 38 4
48 39 2
48 40 1
48 41 4
48 42 4
48 43 1
48 44 1
48 45 4
48 46 4
48 47 3
48 49 1
48 50 4
49 1 4
49 2 3
49 3 2
49 4 1
49 5 1
49 6 4
49 7 2
49 8 4
49 9 4
49 10 3
49 11 5
49 12 1
49 13 2
49 14 5
49 15 4
49 16 1
49 17 5
49 18 5
49 19 5
49 20 3
49 21 4
49 22 2
49 23 1
49 24 4
49 25 2
49 26 3
49 27 2
49 28 5
49 29 2
49 30 4
49 31 5
49 32 3
49 33 1
49 34 1
49 35 3
49 36 4
49 37 4
49 38 1
49 39 4
49 40 5
49 41 4
49 42 5
49 43 5
49 44 5
49 45 4
49 46 5
49 47 5
49 48 4
49 50 5
50 1 1
50 2 3
50 3 5
50 4 4
50 5 1
50 6 3
50 7 5
50 8 3
50 9 1
50 10 2
50 11 5
50 12 5
50 13 1
50 14 2
50 15 2
50 16 4
50 17 1
50 18 2
50 19 2
50 20 3
50 21 5
50 22 3
50 23 1
50 24 5
50 25 5
50 26 3
50 27 5
50 28 4
50 29 4
50 30 5
50 31 5
50 32 5
50 33 5
50 34 4
50 35 3
50 36 5
50 37 1
50 38 5
50 39 4
50 40 2
50 41 1
50 42 3
50 43 3
50 44 3
50 45 1
50 46 1
50 47 1
50 48 3
50 49 3

END
