INSTANCE_NAME b05.dat
NB_VERTICES 50
NB_ARCS 106
NB_REQUESTS 0
NB_BLOCKAGES 26
NB_A' 2344
NB_TERMINALS 13

VERTICES
1 0 0
2 0 0
3 0 0
4 0 0
5 0 0
6 0 0
7 0 0
8 0 0
9 0 0
10 0 0
11 0 0
12 0 0
13 0 0
14 0 0
15 0 0
16 0 0
17 0 0
18 0 0
19 0 0
20 0 0
21 0 0
22 0 0
23 0 0
24 0 0
25 0 0
26 0 0
27 0 0
28 0 0
29 0 0
30 0 0
31 0 0
32 0 0
33 0 0
34 0 0
35 0 0
36 0 0
37 0 0
38 0 0
39 0 0
40 0 0
41 0 0
42 0 0
43 0 0
44 0 0
45 0 0
46 0 0
47 0 0
48 0 0
49 0 0
50 0 0

ARCS
3 20 1
20 19 10
19 10 9
10 13 4
13 41 10
41 4 10
4 2 5
2 16 10
16 21 7
21 6 6
6 12 8
12 2 10
2 28 10
28 4 5
4 24 1
24 14 6
14 3 1
3 39 4
39 20 1
20 49 2
49 4 10
4 37 9
37 21 1
21 9 6
9 25 5
25 5 2
5 48 3
48 25 9
25 14 10
14 50 5
50 6 1
6 18 2
18 1 3
1 7 2
7 46 2
46 6 5
6 26 9
26 31 2
31 23 8
23 10 5
10 40 9
40 37 4
37 34 3
34 23 5
23 33 10
33 9 10
9 36 8
36 32 9
32 1 9
1 35 10
35 12 6
12 17 10
17 21 5
21 1 5
1 40 8
21 3 6
3 34 4
21 49 7
49 42 3
42 6 2
42 9 6
42 16 4
42 23 3
23 43 2
43 25 1
25 15 8
15 12 7
25 30 1
30 11 2
11 32 7
32 30 1
30 28 5
32 42 8
42 27 9
27 17 5
17 46 5
46 18 1
18 5 3
5 49 4
49 35 1
49 38 7
38 45 5
45 24 8
24 36 7
36 8 4
8 37 6
37 19 8
19 44 4
44 42 6
42 45 6
45 8 4
8 22 6
22 47 10
47 2 2
47 20 2
47 46 1
46 36 10
36 45 2
36 29 3
29 31 9
46 38 4
44 11 4
18 10 1
27 48 4
48 26 10
27 41 7

REQUESTS

BLOCKAGES
36 8
24 14
46 18
9 25
9 36
30 28
18 5
47 20
20 49
27 41
1 40
48 26
47 46
36 45
46 6
17 21
49 4
49 38
17 46
42 23
32 1
3 34
18 1
19 44
30 11
31 23

A'
1 2 148
1 3 22
1 4 606
5 1 312
1 6 179
7 1 550
1 8 538
9 1 162
1 10 859
1 11 598
1 12 990
13 1 748
1 14 278
15 1 537
16 1 410
17 1 84
19 1 457
20 1 162
1 21 856
22 1 354
1 23 298
24 1 571
1 25 393
1 26 317
1 27 893
1 28 737
1 29 150
1 30 205
1 31 660
33 1 621
1 34 364
35 1 779
1 36 690
1 37 115
1 38 307
39 1 735
40 1 367
41 1 930
42 1 509
43 1 555
1 44 61
1 45 411
1 46 687
47 1 196
48 1 615
1 49 599
1 50 696
3 2 237
2 5 704
2 6 988
2 7 556
8 2 570
2 9 454
2 10 960
2 11 139
2 12 542
2 13 632
2 14 658
2 15 273
16 2 759
2 17 533
2 18 135
19 2 677
20 2 942
2 21 692
22 2 583
23 2 806
2 24 699
25 2 736
2 26 741
2 27 879
28 2 493
29 2 359
30 2 6
31 2 437
2 32 774
33 2 204
2 34 229
2 35 130
2 36 611
37 2 450
38 2 772
39 2 344
2 40 218
41 2 479
2 42 952
2 43 943
44 2 924
2 45 651
46 2 988
48 2 762
49 2 248
50 2 635
4 3 151
3 5 89
6 3 605
7 3 94
3 8 976
9 3 781
10 3 746
3 11 358
12 3 384
3 13 82
3 15 362
16 3 242
3 17 138
3 18 5
3 19 282
20 3 660
22 3 983
3 23 203
3 24 605
25 3 695
26 3 585
3 27 826
3 28 598
29 3 152
30 3 950
31 3 40
3 32 901
3 33 815
34 3 802
3 35 182
36 3 984
3 37 559
3 38 11
39 3 745
40 3 644
41 3 351
3 42 230
3 43 873
44 3 89
3 45 505
3 46 683
47 3 363
48 3 694
49 3 834
50 3 500
5 4 483
6 4 337
4 7 152
8 4 507
9 4 666
4 10 39
4 11 81
12 4 896
13 4 447
4 14 329
4 15 373
16 4 848
17 4 945
18 4 263
4 19 739
4 20 497
4 21 301
22 4 967
4 23 235
24 4 52
4 25 326
26 4 620
4 27 711
4 29 157
4 30 38
4 31 574
4 32 659
4 33 344
34 4 274
4 35 290
36 4 322
37 4 39
4 38 181
39 4 92
40 4 894
4 41 682
4 42 315
43 4 46
44 4 500
45 4 382
4 46 14
47 4 937
48 4 614
50 4 887
5 6 864
7 5 131
5 8 16
5 9 258
5 10 431
5 11 103
5 12 647
13 5 440
14 5 188
5 15 937
5 16 705
5 17 756
5 19 428
5 20 746
5 21 862
22 5 866
23 5 37
24 5 206
5 25 553
26 5 159
5 27 869
5 28 165
29 5 76
30 5 847
31 5 889
5 32 104
5 33 695
5 34 180
5 35 90
36 5 124
37 5 832
38 5 493
5 39 283
5 40 596
41 5 112
5 42 353
43 5 389
44 5 991
5 45 469
46 5 215
5 47 129
48 5 775
49 5 135
5 50 945
6 7 231
6 8 879
6 9 760
10 6 281
6 11 69
12 6 877
6 13 333
14 6 864
6 15 745
16 6 889
17 6 43
18 6 626
19 6 124
20 6 994
6 22 290
6 23 288
24 6 712
25 6 820
26 6 334
27 6 503
28 6 737
6 29 246
30 6 250
31 6 61
6 32 855
6 33 498
6 34 603
35 6 785
36 6 366
37 6 765
38 6 877
6 39 67
6 40 105
6 41 22
6 42 98
6 43 702
44 6 262
45 6 151
47 6 212
6 48 472
49 6 815
8 7 187
9 7 202
7 10 312
7 11 910
7 12 369
7 13 479
14 7 213
15 7 966
16 7 80
7 17 497
18 7 318
19 7 203
20 7 210
7 21 758
7 22 687
7 23 597
24 7 158
7 25 129
26 7 115
7 27 360
28 7 366
29 7 660
7 30 395
31 7 592
7 32 996
7 33 167
7 34 87
35 7 248
7 36 241
37 7 750
38 7 246
7 39 503
40 7 143
41 7 576
42 7 669
43 7 443
7 44 829
7 45 315
46 7 431
47 7 49
7 48 346
49 7 443
7 50 935
8 9 432
10 8 398
11 8 805
12 8 878
8 13 750
8 14 938
15 8 980
8 16 963
8 17 343
8 18 228
8 19 366
8 20 916
8 21 139
22 8 980
8 23 397
24 8 623
8 25 441
26 8 712
8 27 367
28 8 905
8 29 312
8 30 144
31 8 800
32 8 768
8 33 602
34 8 151
35 8 356
8 36 85
37 8 679
8 38 428
39 8 330
8 40 606
41 8 126
42 8 368
43 8 609
8 44 960
8 45 465
8 46 914
8 47 914
48 8 758
49 8 28
8 50 185
10 9 326
11 9 581
9 12 685
9 13 782
9 14 114
15 9 136
16 9 407
17 9 731
18 9 478
19 9 286
20 9 498
9 22 411
23 9 667
24 9 610
25 9 813
26 9 604
9 27 277
28 9 118
29 9 92
30 9 750
9 31 619
9 32 588
34 9 602
35 9 113
36 9 949
9 37 789
9 38 372
39 9 877
9 40 629
41 9 164
9 43 597
44 9 420
9 45 589
46 9 197
9 47 44
48 9 678
49 9 343
9 50 584
11 10 212
10 12 945
13 10 610
14 10 896
10 15 31
16 10 608
17 10 410
10 18 646
20 10 417
10 21 473
22 10 620
10 24 138
10 25 656
26 10 291
27 10 477
10 28 412
10 29 378
30 10 928
31 10 1000
10 32 871
10 33 846
10 34 243
35 10 638
36 10 259
10 37 304
38 10 33
10 39 914
40 10 9
41 10 651
42 10 159
43 10 152
10 44 252
45 10 590
46 10 153
47 10 488
48 10 252
49 10 654
50 10 527
11 12 325
13 11 57
11 14 377
15 11 445
11 16 611
17 11 858
18 11 103
11 19 92
11 20 585
21 11 486
11 22 874
11 23 819
24 11 12
11 25 750
11 26 916
11 27 13
28 11 765
29 11 868
31 11 665
32 11 472
33 11 640
11 34 572
11 35 879
36 11 592
11 37 663
11 38 799
11 39 288
40 11 16
41 11 612
42 11 273
11 43 397
11 45 817
11 46 144
47 11 748
11 48 852
49 11 566
11 50 788
13 12 166
12 14 164
12 16 633
17 12 630
12 18 752
19 12 629
20 12 29
21 12 954
22 12 117
23 12 945
12 24 453
25 12 948
12 26 825
12 27 943
12 28 951
29 12 629
12 30 679
12 31 244
32 12 960
33 12 935
34 12 869
12 36 249
37 12 731
38 12 283
12 39 673
12 40 492
41 12 429
42 12 821
12 43 164
12 44 246
12 45 617
12 46 708
12 47 107
48 12 647
49 12 305
12 50 551
14 13 487
15 13 385
16 13 527
17 13 256
18 13 852
19 13 195
20 13 968
13 21 576
22 13 3
13 23 808
24 13 685
13 25 306
26 13 238
27 13 473
13 28 366
29 13 112
13 30 173
13 31 420
32 13 218
13 33 249
34 13 774
35 13 701
36 13 162
37 13 223
38 13 802
39 13 135
13 40 250
41 13 628
42 13 449
13 43 380
13 44 474
45 13 665
13 46 690
13 47 48
48 13 463
13 49 975
50 13 442
14 15 681
14 16 656
14 17 472
18 14 638
14 19 294
20 14 750
21 14 373
14 22 724
14 23 363
14 25 379
14 26 283
27 14 593
28 14 629
14 29 515
30 14 681
14 31 250
14 32 549
33 14 107
34 14 142
35 14 650
14 36 166
14 37 752
14 38 997
39 14 78
40 14 800
41 14 442
14 42 623
14 43 974
44 14 625
14 45 820
14 46 734
47 14 941
14 48 573
14 49 639
50 14 464
15 16 445
17 15 914
15 18 696
15 19 402
15 20 159
21 15 582
15 22 634
15 23 986
24 15 158
15 25 798
26 15 267
27 15 45
15 28 813
29 15 959
30 15 34
15 31 794
15 32 754
33 15 377
15 34 321
15 35 575
36 15 330
15 37 78
38 15 63
39 15 273
15 40 25
41 15 197
42 15 953
43 15 850
44 15 914
15 45 919
46 15 933
47 15 129
48 15 123
49 15 136
50 15 635
16 17 921
16 18 217
19 16 631
20 16 413
21 16 850
22 16 677
16 23 80
16 24 343
25 16 746
16 26 441
27 16 554
28 16 81
16 29 59
30 16 539
16 31 646
32 16 255
16 33 488
34 16 916
16 35 453
36 16 77
37 16 469
38 16 52
16 39 382
16 40 181
16 41 649
16 43 203
44 16 576
16 45 52
16 46 774
47 16 775
16 48 852
49 16 138
16 50 608
18 17 479
17 19 35
20 17 461
21 17 184
17 22 873
17 23 540
17 24 226
17 25 847
17 26 505
17 27 368
17 28 904
29 17 504
17 30 143
31 17 722
17 32 381
17 33 590
34 17 321
35 17 991
36 17 116
17 37 141
17 38 103
17 39 340
40 17 544
17 41 460
17 42 312
43 17 955
44 17 672
17 45 596
46 17 165
17 47 445
48 17 999
17 49 755
50 17 362
19 18 452
20 18 622
18 21 817
22 18 975
18 23 405
18 24 45
18 25 917
18 26 395
27 18 274
18 28 33
18 29 231
30 18 187
31 18 93
32 18 412
33 18 855
18 34 647
18 35 602
18 36 601
18 37 344
18 38 925
18 39 797
18 40 316
18 41 677
18 42 640
43 18 127
18 44 172
45 18 868
18 46 87
18 47 894
18 48 510
18 49 623
18 50 758
19 21 358
19 22 119
23 19 919
24 19 434
19 25 534
26 19 916
27 19 842
19 28 721
19 29 389
30 19 733
19 31 867
32 19 991
19 33 554
34 19 43
19 35 848
36 19 837
19 38 955
19 39 234
40 19 627
41 19 706
42 19 389
19 43 670
44 19 372
45 19 347
19 46 916
19 47 370
19 48 787
19 49 865
50 19 480
20 21 724
20 22 114
20 23 413
24 20 473
25 20 593
26 20 119
27 20 279
28 20 302
29 20 817
20 30 835
31 20 825
20 32 310
33 20 61
20 34 984
20 35 972
36 20 907
37 20 264
38 20 679
20 39 793
40 20 674
41 20 602
42 20 387
20 43 3
44 20 532
45 20 714
46 20 685
20 47 468
48 20 436
49 20 442
50 20 510
21 22 585
21 23 164
21 24 788
21 25 228
21 26 345
27 21 317
21 28 693
29 21 529
21 30 743
31 21 218
21 32 779
33 21 698
21 34 601
35 21 478
21 36 904
38 21 488
39 21 323
21 40 542
21 41 267
21 42 860
43 21 790
44 21 860
21 45 686
46 21 939
21 47 124
21 48 228
49 21 443
50 21 978
22 23 7
22 24 479
25 22 882
22 26 451
22 27 357
28 22 72
29 22 466
30 22 142
31 22 440
32 22 450
33 22 611
22 34 926
22 35 134
36 22 464
22 37 681
38 22 503
39 22 516
40 22 384
22 41 651
22 42 953
43 22 178
22 44 334
45 22 307
46 22 601
47 22 179
48 22 574
49 22 790
50 22 874
24 23 3
25 23 851
26 23 482
27 23 722
28 23 38
29 23 394
23 30 290
23 32 468
33 23 83
23 34 28
35 23 415
36 23 87
37 23 698
38 23 606
23 39 749
40 23 550
41 23 731
43 23 435
23 44 915
23 45 114
23 46 511
47 23 6
48 23 222
23 49 343
23 50 107
24 25 450
24 26 338
24 27 281
28 24 223
29 24 961
30 24 730
31 24 185
24 32 667
24 33 323
34 24 795
24 35 240
36 24 191
24 37 918
24 38 325
24 39 447
40 24 511
24 41 14
42 24 865
43 24 413
24 44 827
24 46 556
47 24 79
24 48 787
24 49 896
50 24 196
25 26 959
27 25 874
25 28 122
29 25 232
30 25 84
25 31 244
32 25 380
25 33 548
25 34 856
35 25 852
25 36 880
37 25 701
25 38 332
39 25 711
25 40 558
41 25 263
25 42 463
25 43 775
44 25 124
25 45 670
46 25 723
47 25 890
25 48 709
49 25 479
25 50 775
26 27 848
26 28 793
26 29 964
26 30 738
31 26 55
32 26 932
33 26 866
34 26 508
26 35 331
26 36 349
26 37 190
26 38 616
39 26 877
26 40 219
26 41 592
42 26 389
43 26 999
44 26 338
26 45 9
46 26 987
47 26 74
26 49 939
50 26 943
28 27 699
27 29 279
27 30 468
27 31 665
27 32 579
33 27 469
27 34 932
35 27 26
27 36 163
37 27 59
27 38 919
39 27 815
40 27 558
41 27 120
43 27 63
44 27 151
27 45 705
27 46 807
47 27 216
48 27 337
27 49 877
27 50 839
29 28 999
28 30 556
31 28 618
32 28 179
33 28 549
28 34 660
35 28 983
28 36 437
37 28 582
38 28 89
39 28 490
40 28 397
28 41 655
42 28 613
43 28 58
28 44 276
28 45 11
46 28 669
47 28 565
48 28 83
28 49 62
28 50 450
30 29 250
31 29 145
32 29 177
33 29 173
34 29 480
35 29 76
29 36 5
29 37 369
29 38 843
29 39 174
29 40 826
29 41 186
29 42 40
29 43 207
29 44 361
45 29 850
29 46 895
29 47 497
48 29 579
49 29 441
29 50 590
30 31 895
30 32 908
33 30 712
30 34 258
35 30 307
36 30 430
30 37 177
38 30 111
39 30 274
30 40 391
41 30 785
42 30 821
43 30 708
44 30 302
30 45 160
46 30 368
30 47 188
48 30 669
49 30 376
30 50 487
32 31 713
31 33 174
34 31 89
35 31 623
31 36 460
31 37 189
31 38 650
39 31 525
40 31 111
31 41 857
31 42 68
31 43 675
44 31 850
45 31 858
46 31 973
31 47 259
48 31 964
49 31 277
31 50 421
33 32 117
32 34 264
35 32 475
32 36 17
37 32 622
38 32 528
32 39 748
40 32 405
41 32 554
42 32 469
43 32 183
44 32 810
45 32 829
46 32 929
47 32 528
48 32 356
49 32 932
50 32 301
34 33 236
33 35 757
33 36 796
37 33 39
33 38 583
33 39 318
33 40 753
33 41 602
42 33 579
33 43 80
44 33 536
33 45 512
33 46 709
47 33 60
33 48 189
33 49 46
50 33 381
35 34 634
36 34 791
34 37 424
38 34 819
39 34 213
34 40 878
34 41 858
34 42 225
43 34 215
44 34 945
34 45 528
46 34 296
47 34 644
34 48 298
34 49 260
50 34 548
36 35 911
35 37 917
35 38 414
39 35 778
35 40 10
41 35 792
35 42 815
35 43 156
44 35 480
35 45 458
46 35 456
47 35 593
35 48 940
50 35 552
37 36 392
36 38 535
39 36 712
36 40 494
41 36 997
36 42 512
43 36 263
44 36 169
45 36 887
36 47 338
36 48 468
36 49 462
50 36 597
37 38 655
39 37 305
37 41 100
42 37 264
37 43 736
44 37 314
37 45 580
46 37 438
37 47 556
48 37 824
37 49 155
50 37 131
39 38 400
38 40 326
38 41 224
42 38 818
38 43 383
38 44 847
45 38 964
38 46 998
47 38 219
48 38 486
38 49 487
38 50 992
39 40 882
41 39 187
39 42 99
39 43 900
39 44 945
39 45 14
46 39 304
47 39 536
48 39 631
49 39 873
39 50 844
40 41 997
40 42 532
40 43 564
40 44 757
45 40 412
40 46 73
40 47 378
48 40 267
49 40 372
40 50 854
42 41 436
41 43 568
44 41 548
41 45 705
41 46 495
47 41 345
48 41 962
41 49 677
50 41 245
43 42 783
42 44 423
45 42 958
42 46 377
42 47 428
48 42 491
42 49 485
42 50 791
43 44 249
43 45 953
46 43 813
43 47 501
48 43 290
49 43 384
43 50 691
44 45 751
44 46 988
47 44 328
48 44 676
49 44 224
50 44 805
46 45 736
47 45 344
45 48 693
45 49 919
50 45 545
46 48 397
49 46 734
50 46 622
48 47 254
47 49 153
50 47 941
49 48 758
50 48 56
49 50 164

TERMINALS
3
5
7
13
15
16
20
23
24
31
35
37
39

R
1 2 1
1 3 1
1 4 5
1 5 3
1 6 2
1 7 4
1 8 1
1 9 4
1 10 5
1 11 1
1 12 3
1 13 1
1 14 2
1 15 2
1 16 5
1 17 2
1 18 2
1 19 4
1 20 4
1 21 4
1 22 4
1 23 2
1 24 4
1 25 2
1 26 4
1 27 2
1 28 5
1 29 4
1 30 5
1 31 3
1 32 2
1 33 5
1 34 4
1 35 2
1 36 4
1 37 2
1 38 5
1 39 4
1 40 5
1 41 1
1 42 2
1 43 4
1 44 4
1 45 3
1 46 5
1 47 5
1 48 4
1 49 3
1 50 3
2 1 4
2 3 2
2 4 2
2 5 2
2 6 2
2 7 5
2 8 5
2 9 5
2 10 1
2 11 3
2 12 4
2 13 4
2 14 5
2 15 3
2 16 4
2 17 3
2 18 4
2 19 5
2 20 4
2 21 2
2 22 4
2 23 4
2 24 3
2 25 2
2 26 4
2 27 2
2 28 4
2 29 3
2 30 3
2 31 3
2 32 3
2 33 3
2 34 1
2 35 1
2 36 5
2 37 2
2 38 5
2 39 1
2 40 2
2 41 1
2 42 1
2 43 5
2 44 1
2 45 5
2 46 5
2 47 4
2 48 4
2 49 3
2 50 5
3 1 2
3 2 1
3 4 3
3 5 5
3 6 1
3 7 1
3 8 1
3 9 4
3 10 1
3 11 3
3 12 1
3 13 4
3 14 2
3 15 1
3 16 4
3 17 2
3 18 5
3 19 1
3 20 4
3 21 2
3 22 2
3 23 1
3 24 2
3 25 3
3 26 1
3 27 3
3 28 2
3 29 1
3 30 1
3 31 1
3 32 5
3 33 2
3 34 2
3 35 4
3 36 4
3 37 2
3 38 4
3 39 4
3 40 5
3 41 2
3 42 3
3 43 3
3 44 5
3 45 5
3 46 5
3 47 5
3 48 3
3 49 4
3 50 5
4 1 1
4 2 2
4 3 3
4 5 3
4 6 4
4 7 3
4 8 5
4 9 1
4 10 4
4 11 5
4 12 4
4 13 2
4 14 4
4 15 5
4 16 3
4 17 2
4 18 5
4 19 1
4 20 3
4 21 5
4 22 2
4 23 4
4 24 3
4 25 1
4 26 5
4 27 4
4 28 5
4 29 4
4 30 1
4 31 5
4 32 1
4 33 4
4 34 2
4 35 5
4 36 3
4 37 5
4 38 2
4 39 3
4 40 2
4 41 3
4 42 2
4 43 5
4 44 4
4 45 3
4 46 2
4 47 3
4 48 1
4 49 3
4 50 3
5 1 5
5 2 3
5 3 1
5 4 5
5 6 5
5 7 2
5 8 4
5 9 5
5 10 1
5 11 5
5 12 2
5 13 1
5 14 2
5 15 2
5 16 4
5 17 1
5 18 5
5 19 5
5 20 5
5 21 2
5 22 1
5 23 4
5 24 5
5 25 3
5 26 4
5 27 4
5 28 1
5 29 1
5 30 2
5 31 3
5 32 5
5 33 1
5 34 5
5 35 5
5 36 1
5 37 1
5 38 3
5 39 1
5 40 5
5 41 4
5 42 2
5 43 2
5 44 1
5 45 3
5 46 3
5 47 4
5 48 1
5 49 2
5 50 3
6 1 2
6 2 5
6 3 5
6 4 2
6 5 2
6 7 4
6 8 5
6 9 5
6 10 4
6 11 2
6 12 1
6 13 2
6 14 3
6 15 2
6 16 3
6 17 4
6 18 4
6 19 4
6 20 2
6 21 1
6 22 3
6 23 2
6 24 5
6 25 1
6 26 4
6 27 2
6 28 4
6 29 4
6 30 4
6 31 2
6 32 3
6 33 2
6 34 2
6 35 2
6 36 3
6 37 3
6 38 1
6 39 4
6 40 4
6 41 1
6 42 2
6 43 5
6 44 4
6 45 4
6 46 3
6 47 2
6 48 5
6 49 3
6 50 2
7 1 1
7 2 5
7 3 1
7 4 4
7 5 4
7 6 2
7 8 2
7 9 3
7 10 5
7 11 5
7 12 3
7 13 3
7 14 2
7 15 5
7 16 1
7 17 5
7 18 4
7 19 3
7 20 2
7 21 3
7 22 4
7 23 5
7 24 1
7 25 5
7 26 3
7 27 5
7 28 4
7 29 1
7 30 1
7 31 3
7 32 2
7 33 3
7 34 2
7 35 5
7 36 1
7 37 1
7 38 1
7 39 4
7 40 5
7 41 2
7 42 5
7 43 2
7 44 4
7 45 3
7 46 1
7 47 5
7 48 2
7 49 2
7 50 4
8 1 1
8 2 1
8 3 4
8 4 5
8 5 1
8 6 3
8 7 2
8 9 5
8 10 1
8 11 5
8 12 2
8 13 3
8 14 3
8 15 4
8 16 2
8 17 2
8 18 4
8 19 2
8 20 2
8 21 4
8 22 3
8 23 5
8 24 3
8 25 4
8 26 4
8 27 5
8 28 2
8 29 5
8 30 4
8 31 3
8 32 5
8 33 1
8 34 3
8 35 4
8 36 5
8 37 3
8 38 1
8 39 3
8 40 5
8 41 4
8 42 4
8 43 1
8 44 3
8 45 2
8 46 5
8 47 4
8 48 3
8 49 5
8 50 2
9 1 2
9 2 1
9 3 4
9 4 1
9 5 5
9 6 3
9 7 4
9 8 2
9 10 4
9 11 5
9 12 5
9 13 3
9 14 5
9 15 2
9 16 5
9 17 3
9 18 1
9 19 4
9 20 5
9 21 5
9 22 3
9 23 3
9 24 4
9 25 1
9 26 1
9 27 5
9 28 2
9 29 1
9 30 4
9 31 3
9 32 3
9 33 5
9 34 3
9 35 1
9 36 1
9 37 3
9 38 3
9 39 1
9 40 4
9 41 3
9 42 1
9 43 5
9 44 2
9 45 5
9 46 1
9 47 1
9 48 4
9 49 3
9 50 2
10 1 3
10 2 2
10 3 1
10 4 3
10 5 2
10 6 1
10 7 3
10 8 3
10 9 2
10 11 3
10 12 2
10 13 2
10 14 2
10 15 1
10 16 4
10 17 3
10 18 1
10 19 3
10 20 2
10 21 4
10 22 3
10 23 2
10 24 4
10 25 4
10 26 3
10 27 5
10 28 4
10 29 1
10 30 3
10 31 3
10 32 2
10 33 2
10 34 2
10 35 2
10 36 4
10 37 3
10 38 5
10 39 3
10 40 1
10 41 3
10 42 3
10 43 2
10 44 4
10 45 4
10 46 4
10 47 5
10 48 3
10 49 2
10 50 2
11 1 5
11 2 5
11 3 2
11 4 3
11 5 3
11 6 5
11 7 5
11 8 4
11 9 1
11 10 5
11 12 3
11 13 3
11 14 3
11 15 4
11 16 1
11 17 2
11 18 5
11 19 4
11 20 1
11 21 4
11 22 1
11 23 3
11 24 1
11 25 4
11 26 2
11 27 2
11 28 2
11 29 3
11 30 4
11 31 3
11 32 4
11 33 3
11 34 2
11 35 2
11 36 5
11 37 1
11 38 2
11 39 2
11 40 1
11 41 2
11 42 3
11 43 3
11 44 1
11 45 1
11 46 4
11 47 2
11 48 2
11 49 5
11 50 2
12 1 4
12 2 3
12 3 2
12 4 1
12 5 1
12 6 2
12 7 4
12 8 2
12 9 3
12 10 1
12 11 5
12 13 3
12 14 2
12 15 5
12 16 1
12 17 3
12 18 1
12 19 4
12 20 4
12 21 2
12 22 4
12 23 2
12 24 5
12 25 4
12 26 5
12 27 2
12 28 4
12 29 1
12 30 5
12 31 3
12 32 4
12 33 3
12 34 2
12 35 5
12 36 5
12 37 2
12 38 1
12 39 4
12 40 3
12 41 5
12 42 4
12 43 3
12 44 4
12 45 5
12 46 4
12 47 5
12 48 3
12 49 4
12 50 3
13 1 3
13 2 3
13 3 3
13 4 2
13 5 2
13 6 1
13 7 1
13 8 5
13 9 4
13 10 3
13 11 1
13 12 3
13 14 1
13 15 3
13 16 5
13 17 2
13 18 4
13 19 1
13 20 4
13 21 2
13 22 4
13 23 3
13 24 1
13 25 3
13 26 2
13 27 2
13 28 1
13 29 3
13 30 1
13 31 1
13 32 2
13 33 4
13 34 3
13 35 4
13 36 2
13 37 1
13 38 2
13 39 2
13 40 2
13 41 5
13 42 1
13 43 2
13 44 5
13 45 1
13 46 1
13 47 4
13 48 2
13 49 5
13 50 1
14 1 5
14 2 1
14 3 1
14 4 4
14 5 3
14 6 5
14 7 2
14 8 5
14 9 2
14 10 4
14 11 2
14 12 3
14 13 5
14 15 5
14 16 5
14 17 1
14 18 1
14 19 3
14 20 2
14 21 4
14 22 4
14 23 3
14 24 4
14 25 1
14 26 2
14 27 1
14 28 3
14 29 2
14 30 4
14 31 2
14 32 3
14 33 5
14 34 5
14 35 3
14 36 4
14 37 4
14 38 3
14 39 2
14 40 5
14 41 4
14 42 1
14 43 2
14 44 3
14 45 2
14 46 1
14 47 3
14 48 2
14 49 4
14 50 2
15 1 3
15 2 4
15 3 5
15 4 3
15 5 5
15 6 2
15 7 4
15 8 5
15 9 5
15 10 1
15 11 1
15 12 3
15 13 3
15 14 5
15 16 2
15 17 2
15 18 3
15 19 1
15 20 4
15 21 5
15 22 5
15 23 5
15 24 2
15 25 1
15 26 2
15 27 5
15 28 4
15 29 1
15 30 4
15 31 4
15 32 2
15 33 3
15 34 4
15 35 4
15 36 5
15 37 3
15 38 5
15 39 4
15 40 5
15 41 1
15 42 4
15 43 5
15 44 4
15 45 3
15 46 4
15 47 2
15 48 4
15 49 4
15 50 2
16 1 5
16 2 5
16 3 4
16 4 1
16 5 3
16 6 1
16 7 2
16 8 2
16 9 1
16 10 3
16 11 5
16 12 1
16 13 1
16 14 3
16 15 5
16 17 1
16 18 2
16 19 4
16 20 1
16 21 2
16 22 3
16 23 3
16 24 2
16 25 4
16 26 1
16 27 1
16 28 5
16 29 5
16 30 2
16 31 3
16 32 3
16 33 1
16 34 4
16 35 1
16 36 1
16 37 1
16 38 4
16 39 4
16 40 2
16 41 4
16 42 3
16 43 4
16 44 5
16 45 4
16 46 3
16 47 1
16 48 1
16 49 1
16 50 4
17 1 1
17 2 3
17 3 4
17 4 1
17 5 1
17 6 4
17 7 3
17 8 2
17 9 3
17 10 2
17 11 3
17 12 2
17 13 5
17 14 3
17 15 5
17 16 2
17 18 5
17 19 2
17 20 5
17 21 3
17 22 1
17 23 1
17 24 3
17 25 4
17 26 2
17 27 1
17 28 1
17 29 2
17 30 3
17 31 1
17 32 5
17 33 4
17 34 5
17 35 5
17 36 1
17 37 1
17 38 4
17 39 3
17 40 2
17 41 1
17 42 5
17 43 4
17 44 5
17 45 1
17 46 3
17 47 1
17 48 2
17 49 4
17 50 3
18 1 2
18 2 3
18 3 3
18 4 2
18 5 5
18 6 1
18 7 3
18 8 2
18 9 3
18 10 1
18 11 5
18 12 5
18 13 5
18 14 5
18 15 5
18 16 2
18 17 5
18 19 5
18 20 5
18 21 2
18 22 1
18 23 2
18 24 3
18 25 1
18 26 1
18 27 3
18 28 5
18 29 2
18 30 5
18 31 3
18 32 1
18 33 3
18 34 5
18 35 3
18 36 1
18 37 5
18 38 5
18 39 3
18 40 1
18 41 2
18 42 5
18 43 5
18 44 1
18 45 1
18 46 4
18 47 2
18 48 2
18 49 5
18 50 1
19 1 1
19 2 2
19 3 3
19 4 3
19 5 1
19 6 5
19 7 5
19 8 4
19 9 4
19 10 1
19 11 5
19 12 1
19 13 3
19 14 2
19 15 3
19 16 5
19 17 2
19 18 2
19 20 4
19 21 1
19 22 4
19 23 2
19 24 5
19 25 1
19 26 5
19 27 5
19 28 1
19 29 1
19 30 2
19 31 1
19 32 2
19 33 4
19 34 4
19 35 1
19 36 3
19 37 4
19 38 1
19 39 3
19 40 4
19 41 4
19 42 5
19 43 3
19 44 2
19 45 3
19 46 4
19 47 4
19 48 4
19 49 2
19 50 2
20 1 5
20 2 4
20 3 5
20 4 1
20 5 3
20 6 5
20 7 2
20 8 5
20 9 1
20 10 3
20 11 3
20 12 3
20 13 1
20 14 3
20 15 1
20 16 1
20 17 1
20 18 4
20 19 3
20 21 3
20 22 3
20 23 2
20 24 4
20 25 2
20 26 5
20 27 3
20 28 3
20 29 3
20 30 2
20 31 4
20 32 1
20 33 1
20 34 5
20 35 5
20 36 1
20 37 2
20 38 2
20 39 3
20 40 3
20 41 4
20 42 2
20 43 5
20 44 1
20 45 4
20 46 3
20 47 3
20 48 4
20 49 5
20 50 1
21 1 4
21 2 4
21 3 5
21 4 2
21 5 2
21 6 2
21 7 1
21 8 5
21 9 1
21 10 5
21 11 1
21 12 1
21 13 5
21 14 1
21 15 5
21 16 1
21 17 3
21 18 4
21 19 4
21 20 2
21 22 1
21 23 2
21 24 5
21 25 3
21 26 4
21 27 3
21 28 2
21 29 1
21 30 4
21 31 1
21 32 4
21 33 2
21 34 4
21 35 5
21 36 3
21 37 2
21 38 1
21 39 5
21 40 1
21 41 3
21 42 4
21 43 3
21 44 4
21 45 3
21 46 5
21 47 3
21 48 5
21 49 5
21 50 1
22 1 4
22 2 3
22 3 4
22 4 2
22 5 3
22 6 1
22 7 3
22 8 2
22 9 2
22 10 3
22 11 5
22 12 4
22 13 3
22 14 1
22 15 4
22 16 3
22 17 5
22 18 5
22 19 5
22 20 4
22 21 3
22 23 3
22 24 4
22 25 2
22 26 3
22 27 1
22 28 2
22 29 5
22 30 3
22 31 3
22 32 3
22 33 3
22 34 5
22 35 3
22 36 4
22 37 4
22 38 3
22 39 1
22 40 1
22 41 1
22 42 1
22 43 5
22 44 1
22 45 5
22 46 3
22 47 4
22 48 2
22 49 4
22 50 3
23 1 2
23 2 3
23 3 2
23 4 1
23 5 1
23 6 4
23 7 3
23 8 4
23 9 2
23 10 4
23 11 3
23 12 4
23 13 3
23 14 5
23 15 5
23 16 5
23 17 3
23 18 1
23 19 4
23 20 1
23 21 1
23 22 4
23 24 3
23 25 2
23 26 4
23 27 2
23 28 1
23 29 4
23 30 1
23 31 5
23 32 2
23 33 2
23 34 4
23 35 3
23 36 4
23 37 1
23 38 1
23 39 1
23 40 1
23 41 4
23 42 1
23 43 3
23 44 2
23 45 4
23 46 4
23 47 4
23 48 5
23 49 4
23 50 4
24 1 4
24 2 4
24 3 1
24 4 2
24 5 3
24 6 2
24 7 3
24 8 4
24 9 3
24 10 1
24 11 1
24 12 4
24 13 4
24 14 2
24 15 4
24 16 4
24 17 2
24 18 4
24 19 1
24 20 4
24 21 5
24 22 5
24 23 5
24 25 4
24 26 3
24 27 5
24 28 3
24 29 1
24 30 4
24 31 1
24 32 4
24 33 2
24 34 1
24 35 1
24 36 1
24 37 3
24 38 3
24 39 5
24 40 3
24 41 2
24 42 2
24 43 4
24 44 2
24 45 3
24 46 2
24 47 5
24 48 1
24 49 1
24 50 3
25 1 1
25 2 4
25 3 4
25 4 2
25 5 3
25 6 5
25 7 5
25 8 4
25 9 4
25 10 5
25 11 3
25 12 1
25 13 1
25 14 1
25 15 1
25 16 1
25 17 3
25 18 5
25 19 5
25 20 4
25 21 4
25 22 3
25 23 1
25 24 4
25 26 4
25 27 3
25 28 3
25 29 3
25 30 5
25 31 3
25 32 3
25 33 5
25 34 1
25 35 3
25 36 4
25 37 1
25 38 4
25 39 3
25 40 4
25 41 4
25 42 4
25 43 3
25 44 4
25 45 1
25 46 1
25 47 1
25 48 4
25 49 5
25 50 5
26 1 5
26 2 4
26 3 1
26 4 3
26 5 4
26 6 4
26 7 3
26 8 3
26 9 1
26 10 3
26 11 2
26 12 5
26 13 2
26 14 3
26 15 1
26 16 4
26 17 1
26 18 1
26 19 5
26 20 5
26 21 1
26 22 3
26 23 4
26 24 1
26 25 2
26 27 1
26 28 3
26 29 4
26 30 4
26 31 2
26 32 1
26 33 1
26 34 5
26 35 1
26 36 3
26 37 5
26 38 1
26 39 5
26 40 2
26 41 4
26 42 2
26 43 5
26 44 3
26 45 3
26 46 3
26 47 3
26 48 4
26 49 5
26 50 5
27 1 5
27 2 5
27 3 3
27 4 2
27 5 5
27 6 3
27 7 5
27 8 2
27 9 5
27 10 1
27 11 3
27 12 3
27 13 1
27 14 3
27 15 3
27 16 1
27 17 5
27 18 2
27 19 3
27 20 1
27 21 1
27 22 1
27 23 5
27 24 5
27 25 4
27 26 2
27 28 2
27 29 3
27 30 2
27 31 4
27 32 3
27 33 1
27 34 5
27 35 2
27 36 5
27 37 4
27 38 4
27 39 1
27 40 5
27 41 5
27 42 3
27 43 2
27 44 4
27 45 3
27 46 1
27 47 1
27 48 5
27 49 5
27 50 5
28 1 3
28 2 3
28 3 5
28 4 3
28 5 2
28 6 4
28 7 1
28 8 3
28 9 3
28 10 1
28 11 2
28 12 1
28 13 3
28 14 4
28 15 5
28 16 4
28 17 5
28 18 5
28 19 4
28 20 1
28 21 1
28 22 5
28 23 3
28 24 5
28 25 3
28 26 3
28 27 5
28 29 1
28 30 2
28 31 5
28 32 5
28 33 4
28 34 2
28 35 4
28 36 2
28 37 3
28 38 4
28 39 4
28 40 2
28 41 1
28 42 4
28 43 5
28 44 1
28 45 3
28 46 4
28 47 2
28 48 3
28 49 3
28 50 1
29 1 1
29 2 5
29 3 2
29 4 2
29 5 5
29 6 1
29 7 2
29 8 2
29 9 5
29 10 2
29 11 3
29 12 1
29 13 1
29 14 2
29 15 4
29 16 4
29 17 5
29 18 3
29 19 2
29 20 5
29 21 2
29 22 5
29 23 4
29 24 1
29 25 2
29 26 3
29 27 4
29 28 4
29 30 1
29 31 4
29 32 1
29 33 3
29 34 3
29 35 4
29 36 2
29 37 2
29 38 1
29 39 3
29 40 5
29 41 3
29 42 4
29 43 5
29 44 5
29 45 4
29 46 3
29 47 4
29 48 4
29 49 2
29 50 3
30 1 2
30 2 3
30 3 4
30 4 1
30 5 1
30 6 5
30 7 3
30 8 1
30 9 5
30 10 3
30 11 1
30 12 3
30 13 5
30 14 5
30 15 3
30 16 4
30 17 1
30 18 1
30 19 1
30 20 3
30 21 1
30 22 3
30 23 1
30 24 5
30 25 3
30 26 1
30 27 4
30 28 3
30 29 4
30 31 5
30 32 5
30 33 3
30 34 4
30 35 4
30 36 3
30 37 5
30 38 5
30 39 2
30 40 2
30 41 4
30 42 1
30 43 2
30 44 4
30 45 1
30 46 1
30 47 1
30 48 1
30 49 4
30 50 1
31 1 1
31 2 1
31 3 3
31 4 1
31 5 2
31 6 4
31 7 5
31 8 2
31 9 2
31 10 4
31 11 3
31 12 3
31 13 5
31 14 5
31 15 2
31 16 3
31 17 4
31 18 3
31 19 4
31 20 1
31 21 4
31 22 5
31 23 3
31 24 2
31 25 3
31 26 3
31 27 4
31 28 5
31 29 5
31 30 2
31 32 2
31 33 3
31 34 3
31 35 2
31 36 5
31 37 1
31 38 5
31 39 4
31 40 2
31 41 4
31 42 4
31 43 1
31 44 1
31 45 3
31 46 5
31 47 4
31 48 3
31 49 4
31 50 1
32 1 1
32 2 1
32 3 1
32 4 2
32 5 3
32 6 2
32 7 4
32 8 3
32 9 3
32 10 5
32 11 2
32 12 4
32 13 2
32 14 4
32 15 1
32 16 3
32 17 5
32 18 3
32 19 4
32 20 3
32 21 2
32 22 2
32 23 1
32 24 2
32 25 5
32 26 4
32 27 2
32 28 3
32 29 1
32 30 2
32 31 1
32 33 3
32 34 2
32 35 1
32 36 5
32 37 4
32 38 5
32 39 5
32 40 1
32 41 2
32 42 5
32 43 5
32 44 2
32 45 3
32 46 5
32 47 5
32 48 2
32 49 5
32 50 2
33 1 5
33 2 2
33 3 3
33 4 4
33 5 5
33 6 5
33 7 3
33 8 5
33 9 3
33 10 5
33 11 2
33 12 4
33 13 2
33 14 4
33 15 5
33 16 5
33 17 3
33 18 3
33 19 4
33 20 5
33 21 1
33 22 2
33 23 4
33 24 5
33 25 5
33 26 3
33 27 4
33 28 4
33 29 4
33 30 3
33 31 1
33 32 5
33 34 2
33 35 3
33 36 5
33 37 1
33 38 4
33 39 2
33 40 2
33 41 1
33 42 4
33 43 3
33 44 4
33 45 5
33 46 1
33 47 3
33 48 4
33 49 1
33 50 3
34 1 4
34 2 5
34 3 3
34 4 2
34 5 5
34 6 2
34 7 2
34 8 2
34 9 2
34 10 5
34 11 2
34 12 5
34 13 2
34 14 3
34 15 1
34 16 2
34 17 3
34 18 3
34 19 5
34 20 1
34 21 4
34 22 1
34 23 4
34 24 1
34 25 1
34 26 1
34 27 3
34 28 4
34 29 1
34 30 3
34 31 3
34 32 2
34 33 4
34 35 5
34 36 3
34 37 3
34 38 3
34 39 1
34 40 1
34 41 4
34 42 3
34 43 4
34 44 3
34 45 4
34 46 2
34 47 5
34 48 5
34 49 1
34 50 2
35 1 2
35 2 1
35 3 2
35 4 4
35 5 2
35 6 2
35 7 4
35 8 2
35 9 2
35 10 4
35 11 4
35 12 4
35 13 1
35 14 5
35 15 5
35 16 2
35 17 5
35 18 2
35 19 4
35 20 5
35 21 5
35 22 3
35 23 2
35 24 3
35 25 2
35 26 3
35 27 1
35 28 2
35 29 4
35 30 1
35 31 5
35 32 5
35 33 2
35 34 2
35 36 3
35 37 3
35 38 5
35 39 4
35 40 1
35 41 1
35 42 2
35 43 4
35 44 5
35 45 5
35 46 4
35 47 1
35 48 1
35 49 3
35 50 2
36 1 5
36 2 4
36 3 3
36 4 4
36 5 3
36 6 1
36 7 5
36 8 2
36 9 1
36 10 1
36 11 5
36 12 4
36 13 3
36 14 2
36 15 2
36 16 4
36 17 1
36 18 4
36 19 3
36 20 4
36 21 1
36 22 4
36 23 3
36 24 4
36 25 5
36 26 2
36 27 4
36 28 5
36 29 2
36 30 3
36 31 3
36 32 1
36 33 4
36 34 3
36 35 4
36 37 1
36 38 3
36 39 1
36 40 4
36 41 5
36 42 3
36 43 3
36 44 3
36 45 5
36 46 1
36 47 4
36 48 5
36 49 2
36 50 4
37 1 3
37 2 2
37 3 4
37 4 3
37 5 4
37 6 5
37 7 4
37 8 5
37 9 5
37 10 5
37 11 2
37 12 3
37 13 4
37 14 4
37 15 3
37 16 1
37 17 5
37 18 5
37 19 5
37 20 5
37 21 3
37 22 5
37 23 2
37 24 2
37 25 4
37 26 2
37 27 3
37 28 3
37 29 1
37 30 1
37 31 3
37 32 5
37 33 2
37 34 4
37 35 4
37 36 3
37 38 5
37 39 4
37 40 2
37 41 4
37 42 3
37 43 5
37 44 3
37 45 4
37 46 1
37 47 5
37 48 4
37 49 5
37 50 4
38 1 4
38 2 1
38 3 1
38 4 5
38 5 2
38 6 3
38 7 3
38 8 5
38 9 2
38 10 2
38 11 3
38 12 2
38 13 2
38 14 4
38 15 5
38 16 5
38 17 3
38 18 2
38 19 4
38 20 1
38 21 1
38 22 2
38 23 1
38 24 2
38 25 2
38 26 4
38 27 4
38 28 1
38 29 4
38 30 5
38 31 5
38 32 4
38 33 5
38 34 2
38 35 3
38 36 4
38 37 1
38 39 3
38 40 5
38 41 2
38 42 4
38 43 2
38 44 5
38 45 5
38 46 3
38 47 2
38 48 1
38 49 2
38 50 5
39 1 4
39 2 4
39 3 5
39 4 3
39 5 1
39 6 4
39 7 4
39 8 4
39 9 2
39 10 1
39 11 5
39 12 2
39 13 5
39 14 3
39 15 3
39 16 4
39 17 3
39 18 1
39 19 4
39 20 5
39 21 1
39 22 3
39 23 3
39 24 4
39 25 4
39 26 5
39 27 3
39 28 5
39 29 5
39 30 4
39 31 5
39 32 1
39 33 3
39 34 1
39 35 3
39 36 3
39 37 1
39 38 3
39 40 4
39 41 5
39 42 3
39 43 3
39 44 3
39 45 5
39 46 2
39 47 5
39 48 3
39 49 4
39 50 3
40 1 3
40 2 3
40 3 3
40 4 2
40 5 3
40 6 3
40 7 1
40 8 4
40 9 1
40 10 5
40 11 5
40 12 4
40 13 1
40 14 5
40 15 3
40 16 4
40 17 4
40 18 3
40 19 4
40 20 3
40 21 3
40 22 3
40 23 1
40 24 5
40 25 5
40 26 2
40 27 3
40 28 2
40 29 1
40 30 2
40 31 4
40 32 3
40 33 1
40 34 3
40 35 5
40 36 5
40 37 5
40 38 2
40 39 3
40 41 5
40 42 3
40 43 3
40 44 1
40 45 4
40 46 4
40 47 5
40 48 2
40 49 3
40 50 2
41 1 5
41 2 5
41 3 4
41 4 5
41 5 2
41 6 5
41 7 1
41 8 3
41 9 5
41 10 2
41 11 3
41 12 1
41 13 5
41 14 3
41 15 3
41 16 2
41 17 4
41 18 3
41 19 4
41 20 5
41 21 2
41 22 5
41 23 2
41 24 1
41 25 5
41 26 2
41 27 5
41 28 5
41 29 3
41 30 4
41 31 3
41 32 5
41 33 5
41 34 4
41 35 1
41 36 4
41 37 3
41 38 1
41 39 1
41 40 2
41 42 5
41 43 1
41 44 4
41 45 4
41 46 3
41 47 4
41 48 3
41 49 3
41 50 3
42 1 1
42 2 2
42 3 4
42 4 5
42 5 5
42 6 5
42 7 2
42 8 2
42 9 1
42 10 3
42 11 1
42 12 1
42 13 5
42 14 5
42 15 5
42 16 5
42 17 2
42 18 3
42 19 3
42 20 3
42 21 1
42 22 1
42 23 2
42 24 1
42 25 2
42 26 2
42 27 5
42 28 5
42 29 1
42 30 2
42 31 4
42 32 1
42 33 5
42 34 2
42 35 3
42 36 4
42 37 3
42 38 1
42 39 2
42 40 3
42 41 3
42 43 3
42 44 3
42 45 4
42 46 4
42 47 5
42 48 4
42 49 1
42 50 4
43 1 3
43 2 3
43 3 4
43 4 5
43 5 1
43 6 1
43 7 1
43 8 4
43 9 2
43 10 2
43 11 5
43 12 5
43 13 5
43 14 2
43 15 1
43 16 4
43 17 4
43 18 5
43 19 1
43 20 4
43 21 1
43 22 1
43 23 3
43 24 3
43 25 5
43 26 2
43 27 2
43 28 1
43 29 2
43 30 4
43 31 5
43 32 4
43 33 3
43 34 5
43 35 3
43 36 3
43 37 3
43 38 1
43 39 1
43 40 4
43 41 4
43 42 2
43 44 1
43 45 1
43 46 4
43 47 1
43 48 4
43 49 4
43 50 2
44 1 1
44 2 3
44 3 3
44 4 3
44 5 2
44 6 2
44 7 3
44 8 5
44 9 5
44 10 3
44 11 1
44 12 3
44 13 4
44 14 4
44 15 5
44 16 4
44 17 4
44 18 4
44 19 3
44 20 1
44 21 2
44 22 3
44 23 4
44 24 3
44 25 3
44 26 4
44 27 1
44 28 4
44 29 4
44 30 5
44 31 2
44 32 2
44 33 4
44 34 4
44 35 4
44 36 2
44 37 3
44 38 3
44 39 2
44 40 4
44 41 1
44 42 2
44 43 2
44 45 1
44 46 3
44 47 3
44 48 1
44 49 1
44 50 2
45 1 3
45 2 3
45 3 5
45 4 1
45 5 1
45 6 2
45 7 5
45 8 2
45 9 5
45 10 5
45 11 2
45 12 1
45 13 2
45 14 3
45 15 4
45 16 2
45 17 2
45 18 5
45 19 4
45 20 4
45 21 3
45 22 3
45 23 1
45 24 5
45 25 1
45 26 4
45 27 4
45 28 3
45 29 4
45 30 4
45 31 1
45 32 4
45 33 3
45 34 5
45 35 4
45 36 3
45 37 2
45 38 3
45 39 1
45 40 3
45 41 5
45 42 3
45 43 3
45 44 1
45 46 2
45 47 3
45 48 2
45 49 3
45 50 4
46 1 1
46 2 4
46 3 2
46 4 5
46 5 1
46 6 3
46 7 5
46 8 4
46 9 1
46 10 4
46 11 5
46 12 1
46 13 5
46 14 3
46 15 3
46 16 1
46 17 1
46 18 5
46 19 2
46 20 5
46 21 3
46 22 1
46 23 4
46 24 5
46 25 3
46 26 1
46 27 3
46 28 5
46 29 3
46 30 3
46 31 1
46 32 5
46 33 1
46 34 2
46 35 4
46 36 3
46 37 4
46 38 5
46 39 4
46 40 4
46 41 3
46 42 3
46 43 4
46 44 4
46 45 5
46 47 3
46 48 5
46 49 2
46 50 2
47 1 3
47 2 3
47 3 1
47 4 4
47 5 4
47 6 2
47 7 3
47 8 4
47 9 5
47 10 5
47 11 3
47 12 2
47 13 5
47 14 2
47 15 4
47 16 1
47 17 2
47 18 1
47 19 1
47 20 1
47 21 1
47 22 1
47 23 1
47 24 3
47 25 1
47 26 1
47 27 4
47 28 3
47 29 5
47 30 5
47 31 1
47 32 5
47 33 5
47 34 2
47 35 5
47 36 3
47 37 3
47 38 2
47 39 3
47 40 4
47 41 1
47 42 1
47 43 5
47 44 2
47 45 2
47 46 5
47 48 4
47 49 4
47 50 1
48 1 4
48 2 1
48 3 1
48 4 1
48 5 3
48 6 1
48 7 1
48 8 4
48 9 4
48 10 5
48 11 5
48 12 1
48 13 3
48 14 4
48 15 5
48 16 1
48 17 5
48 18 2
48 19 5
48 20 2
48 21 4
48 22 4
48 23 4
48 24 4
48 25 5
48 26 1
48 27 3
48 28 5
48 29 1
48 30 1
48 31 2
48 32 5
48 33 3
48 34 2
48 35 2
48 36 1
48 37 4
48 38 5
48 39 4
48 40 3
48 41 4
48 42 3
48 43 3
48 44 3
48 45 4
48 46 2
48 47 3
48 49 3
48 50 5
49 1 3
49 2 1
49 3 5
49 4 1
49 5 2
49 6 4
49 7 5
49 8 4
49 9 1
49 10 1
49 11 4
49 12 3
49 13 2
49 14 5
49 15 5
49 16 1
49 17 2
49 18 2
49 19 4
49 20 1
49 21 5
49 22 3
49 23 1
49 24 5
49 25 5
49 26 1
49 27 5
49 28 3
49 29 3
49 30 2
49 31 4
49 32 5
49 33 5
49 34 4
49 35 2
49 36 1
49 37 4
49 38 4
49 39 1
49 40 1
49 41 4
49 42 4
49 43 3
49 44 1
49 45 4
49 46 4
49 47 3
49 48 2
49 50 1
50 1 1
50 2 4
50 3 2
50 4 4
50 5 4
50 6 3
50 7 5
50 8 1
50 9 2
50 10 5
50 11 4
50 12 1
50 13 5
50 14 5
50 15 5
50 16 3
50 17 4
50 18 2
50 19 1
50 20 4
50 21 2
50 22 3
50 23 2
50 24 5
50 25 2
50 26 4
50 27 5
50 28 3
50 29 1
50 30 1
50 31 3
50 32 4
50 33 4
50 34 1
50 35 4
50 36 5
50 37 4
50 38 5
50 39 5
50 40 5
50 41 4
50 42 5
50 43 5
50 44 4
50 45 5
50 46 1
50 47 3
50 48 5
50 49 4

END
