INSTANCE_NAME b06.dat
NB_VERTICES 50
NB_ARCS 102
NB_REQUESTS 0
NB_BLOCKAGES 25
NB_A' 2348
NB_TERMINALS 25

VERTICES
1 0 0
2 0 0
3 0 0
4 0 0
5 0 0
6 0 0
7 0 0
8 0 0
9 0 0
10 0 0
11 0 0
12 0 0
13 0 0
14 0 0
15 0 0
16 0 0
17 0 0
18 0 0
19 0 0
20 0 0
21 0 0
22 0 0
23 0 0
24 0 0
25 0 0
26 0 0
27 0 0
28 0 0
29 0 0
30 0 0
31 0 0
32 0 0
33 0 0
34 0 0
35 0 0
36 0 0
37 0 0
38 0 0
39 0 0
40 0 0
41 0 0
42 0 0
43 0 0
44 0 0
45 0 0
46 0 0
47 0 0
48 0 0
49 0 0
50 0 0

ARCS
1 11 8
11 18 7
18 41 5
41 22 6
22 2 6
2 4 8
4 7 9
7 13 3
13 6 1
6 23 6
23 35 6
35 15 7
15 17 10
17 9 5
9 4 7
4 28 9
28 1 8
1 32 8
32 8 8
8 4 7
4 36 4
36 2 10
2 10 10
10 42 8
42 24 3
24 3 4
3 30 5
30 47 4
47 22 9
22 12 7
12 3 6
3 48 6
48 14 7
14 27 4
27 22 10
22 29 1
29 1 6
1 44 9
44 32 1
32 38 2
38 10 10
10 33 9
33 29 5
29 11 10
29 37 10
37 13 6
13 8 4
8 7 3
7 19 9
19 24 1
24 36 6
36 16 2
16 14 1
14 41 2
41 26 8
26 33 2
33 6 3
6 28 6
28 45 7
45 8 9
8 44 6
44 35 3
35 40 1
40 12 2
12 49 1
49 9 9
9 6 2
6 27 5
27 21 2
21 41 4
41 33 7
33 15 5
33 20 8
20 5 4
5 34 10
34 33 10
33 42 6
42 2 9
2 31 3
31 20 3
31 42 1
42 46 8
46 50 6
50 29 4
50 4 1
4 25 10
25 3 4
25 44 4
44 19 7
44 41 9
41 10 7
41 39 10
39 48 5
48 16 5
16 49 6
49 27 5
49 43 1
43 30 2
40 13 7
45 18 5
45 37 10
37 38 1

REQUESTS

BLOCKAGES
7 19
8 44
40 13
41 10
24 36
44 35
42 2
44 41
48 14
1 11
49 9
37 38
36 2
33 42
29 37
44 32
8 7
22 29
4 28
13 6
6 27
3 30
33 6
33 15
50 4

A'
1 2 987
1 3 663
4 1 596
1 5 149
6 1 513
7 1 402
1 8 244
1 9 988
1 10 15
11 1 236
12 1 475
1 13 526
1 14 809
1 15 374
16 1 4
1 17 86
1 18 683
1 19 36
1 20 545
21 1 683
1 22 961
1 23 557
24 1 457
25 1 162
1 26 856
27 1 354
1 28 298
30 1 106
31 1 944
32 1 396
33 1 402
34 1 576
1 35 124
36 1 46
1 37 887
38 1 621
1 39 364
40 1 779
1 41 690
1 42 115
1 43 307
44 1 735
1 45 367
46 1 930
47 1 509
48 1 555
1 49 61
1 50 411
2 3 687
4 2 196
5 2 615
2 6 599
2 7 696
8 2 237
9 2 682
10 2 822
2 11 852
2 12 525
2 13 100
2 14 232
2 15 130
16 2 870
2 17 620
2 18 726
2 19 792
20 2 935
21 2 440
2 23 135
24 2 677
25 2 942
2 26 692
27 2 583
28 2 806
2 29 699
30 2 736
31 2 741
2 32 879
2 33 493
34 2 359
35 2 6
37 2 764
2 38 969
2 39 260
40 2 880
2 41 170
43 2 450
44 2 772
45 2 344
2 46 218
47 2 479
2 48 952
2 49 943
50 2 924
3 4 651
5 3 988
6 3 45
3 7 55
3 8 21
9 3 479
10 3 804
11 3 323
13 3 94
3 14 976
15 3 781
16 3 746
3 17 358
18 3 384
3 19 82
20 3 156
3 21 377
3 22 406
3 23 648
3 25 282
26 3 660
27 3 923
28 3 42
29 3 428
30 3 179
31 3 385
32 3 440
3 33 294
3 34 561
3 35 679
3 36 307
3 37 326
38 3 798
39 3 900
3 40 972
3 41 637
3 42 970
43 3 318
44 3 114
45 3 967
3 46 439
47 3 228
48 3 528
49 3 827
50 3 24
5 4 38
6 4 897
7 4 935
4 8 177
4 9 847
4 10 367
11 4 835
12 4 394
4 13 699
14 4 249
4 15 502
16 4 368
17 4 269
4 18 953
19 4 984
20 4 952
21 4 11
4 22 87
23 4 893
24 4 130
25 4 114
26 4 574
27 4 185
28 4 804
29 4 825
4 30 252
4 31 91
4 32 406
33 4 867
4 34 157
4 35 38
36 4 574
4 37 659
4 38 344
39 4 274
4 40 290
41 4 322
42 4 39
4 43 181
44 4 92
45 4 894
4 46 682
4 47 315
48 4 46
49 4 500
5 6 538
5 7 955
8 5 673
5 9 633
10 5 887
5 11 864
12 5 131
5 13 16
5 14 258
5 15 431
5 16 103
5 17 647
18 5 440
19 5 188
5 20 937
5 21 705
5 22 756
23 5 114
5 24 624
5 25 650
5 26 555
5 27 839
28 5 943
5 29 376
30 5 415
31 5 166
32 5 284
33 5 659
34 5 953
35 5 399
36 5 588
5 37 66
38 5 114
5 39 122
5 40 925
5 41 303
5 42 989
43 5 868
44 5 698
5 45 835
5 46 754
47 5 981
48 5 517
49 5 816
50 5 189
7 6 710
8 6 670
10 6 135
6 11 945
6 12 231
6 13 879
6 14 760
15 6 281
6 16 69
6 17 877
6 18 333
19 6 864
6 20 745
21 6 889
22 6 43
23 6 626
24 6 124
25 6 994
26 6 58
27 6 834
28 6 61
6 29 701
6 30 83
6 31 861
32 6 913
6 34 246
35 6 250
36 6 61
6 37 855
6 38 498
6 39 603
40 6 785
41 6 366
42 6 765
43 6 877
6 44 67
6 45 105
6 46 22
6 47 98
6 48 702
49 6 262
50 6 151
9 7 212
7 10 472
11 7 815
12 7 495
13 7 917
7 14 904
7 15 966
7 16 540
17 7 976
18 7 825
19 7 853
7 20 311
7 21 20
22 7 341
7 23 647
24 7 935
7 25 520
7 26 750
27 7 890
28 7 225
7 29 798
30 7 821
31 7 38
7 32 835
7 33 191
7 34 930
35 7 977
7 36 474
7 37 88
38 7 314
39 7 369
7 40 648
41 7 357
7 42 279
7 43 346
44 7 755
45 7 631
7 46 609
47 7 287
48 7 386
49 7 454
50 7 223
9 8 907
10 8 778
8 11 215
12 8 784
8 14 432
15 8 398
16 8 805
17 8 878
8 18 750
8 19 938
20 8 980
8 21 963
8 22 343
8 23 228
8 24 366
8 25 916
8 26 139
27 8 980
8 28 397
29 8 623
8 30 441
31 8 712
8 32 367
33 8 905
8 34 312
8 35 144
36 8 800
37 8 768
8 38 602
39 8 151
40 8 356
8 41 85
42 8 679
8 43 428
44 8 330
8 45 606
46 8 126
47 8 368
48 8 609
8 49 960
8 50 465
9 10 914
9 11 914
12 9 758
13 9 28
9 14 185
15 9 326
16 9 581
9 17 685
9 18 782
9 19 114
20 9 136
21 9 407
22 9 731
23 9 478
24 9 286
25 9 498
26 9 910
27 9 231
28 9 277
9 29 279
30 9 345
9 31 434
32 9 311
9 33 637
9 34 483
9 35 182
36 9 988
9 37 825
38 9 602
39 9 113
40 9 949
9 41 789
9 42 372
43 9 877
9 44 629
45 9 164
46 9 110
47 9 601
9 48 714
50 9 197
10 11 44
12 10 678
13 10 343
10 14 584
15 10 212
10 16 945
17 10 610
18 10 896
10 19 31
20 10 608
21 10 410
10 22 646
23 10 885
24 10 72
25 10 279
10 26 163
10 27 138
10 28 656
29 10 291
30 10 477
10 31 412
10 32 378
33 10 928
34 10 1000
10 35 871
10 36 846
10 37 243
10 39 479
40 10 62
10 41 889
42 10 466
10 43 171
44 10 569
45 10 299
46 10 479
10 47 570
10 48 881
10 49 179
50 10 941
11 12 23
11 13 685
11 14 495
15 11 644
16 11 137
17 11 628
18 11 441
19 11 290
20 11 453
11 21 613
22 11 16
11 23 606
24 11 695
11 25 526
11 26 638
27 11 713
11 28 70
11 29 18
11 30 276
31 11 241
32 11 421
11 33 141
34 11 665
35 11 472
36 11 640
11 37 572
11 38 879
39 11 592
11 40 663
11 41 799
11 42 288
43 11 16
44 11 612
45 11 273
11 46 397
47 11 4
48 11 732
11 49 29
11 50 926
12 13 217
12 14 288
12 15 221
12 16 964
12 17 91
12 18 633
19 12 630
12 20 752
21 12 629
23 12 253
12 24 777
25 12 957
26 12 200
27 12 973
12 28 378
29 12 164
30 12 464
31 12 515
32 12 266
33 12 72
12 34 663
12 35 225
36 12 63
37 12 563
12 38 249
39 12 731
41 12 688
42 12 482
12 43 645
44 12 869
45 12 944
12 46 636
12 47 678
48 12 512
49 12 688
50 12 371
14 13 331
15 13 710
16 13 219
17 13 151
18 13 217
19 13 19
13 20 199
13 21 747
22 13 633
13 23 368
13 24 131
25 13 822
13 26 619
27 13 516
13 28 791
13 29 305
30 13 542
13 31 23
13 32 852
33 13 848
13 34 51
13 35 28
36 13 69
13 37 795
38 13 93
13 39 629
41 13 802
42 13 135
13 43 250
44 13 628
45 13 449
13 46 380
13 47 474
48 13 665
13 49 690
13 50 48
15 14 463
14 16 975
17 14 442
14 18 681
14 19 656
14 20 472
21 14 638
14 22 294
23 14 750
24 14 373
14 25 724
14 26 363
27 14 594
28 14 546
29 14 815
30 14 541
31 14 240
32 14 217
33 14 894
14 34 636
35 14 505
36 14 357
14 37 65
14 38 380
14 39 274
14 40 716
41 14 855
14 42 545
14 43 457
14 44 434
45 14 34
14 46 251
47 14 840
14 48 306
14 49 69
50 14 282
16 15 400
17 15 66
15 18 640
19 15 629
15 20 548
15 21 262
15 22 774
23 15 201
15 24 600
15 25 556
15 26 959
15 27 610
15 28 977
29 15 531
30 15 560
31 15 969
32 15 803
15 33 774
15 34 830
15 35 707
36 15 450
37 15 778
38 15 479
15 39 508
15 40 315
41 15 63
42 15 220
43 15 71
44 15 291
45 15 593
15 46 117
15 47 808
48 15 299
49 15 65
50 15 687
17 16 505
16 18 443
19 16 710
20 16 316
21 16 999
22 16 631
23 16 255
16 24 789
25 16 398
16 26 630
27 16 281
16 28 256
29 16 17
16 30 373
31 16 682
32 16 203
33 16 194
16 34 173
35 16 566
16 36 823
16 37 470
38 16 681
39 16 303
40 16 753
16 41 900
16 42 394
43 16 480
44 16 621
16 45 203
46 16 576
16 47 52
16 48 774
49 16 775
16 50 852
18 17 138
17 19 608
20 17 479
17 21 35
22 17 461
17 23 184
17 24 873
17 25 540
17 26 226
17 27 847
17 28 505
17 29 368
17 30 904
31 17 504
17 32 143
33 17 722
17 34 381
17 35 590
36 17 321
37 17 991
38 17 116
17 39 141
17 40 103
17 41 340
42 17 544
17 43 460
17 44 312
45 17 955
46 17 672
17 47 596
17 48 165
17 49 445
50 17 999
18 19 755
20 18 362
21 18 452
22 18 622
18 23 817
24 18 975
18 25 405
18 26 45
18 27 917
18 28 395
29 18 274
18 30 33
18 31 231
32 18 187
33 18 93
34 18 412
35 18 855
18 36 647
18 37 602
18 38 601
18 39 344
18 40 925
41 18 797
18 42 316
18 43 677
18 44 640
46 18 672
18 47 709
18 48 358
49 18 312
18 50 850
19 20 748
21 19 156
19 22 577
19 23 358
24 19 119
25 19 919
26 19 434
19 27 534
28 19 916
29 19 842
19 30 721
19 31 389
32 19 733
19 33 867
34 19 991
19 35 554
36 19 43
19 37 848
38 19 837
39 19 964
40 19 842
19 41 173
42 19 473
19 43 829
19 45 670
19 46 372
47 19 347
19 48 916
19 49 370
19 50 787
20 21 865
22 20 480
20 23 724
20 24 114
20 25 413
26 20 473
27 20 593
28 20 119
29 20 279
30 20 302
32 20 674
34 20 825
20 35 310
36 20 61
20 37 984
20 38 972
39 20 907
40 20 264
41 20 679
20 42 793
43 20 674
44 20 602
45 20 387
20 46 3
47 20 532
48 20 714
49 20 685
20 50 468
22 21 436
23 21 442
24 21 510
21 25 585
21 26 164
21 27 788
21 28 228
21 29 345
30 21 317
21 31 693
32 21 529
21 33 743
34 21 218
21 35 779
36 21 698
21 37 601
38 21 478
21 39 904
40 21 159
41 21 755
42 21 40
21 43 516
44 21 122
21 45 167
21 46 157
21 47 844
21 48 907
49 21 98
21 50 746
22 23 378
24 22 177
22 25 576
26 22 372
28 22 882
29 22 451
22 30 357
31 22 72
32 22 466
33 22 142
34 22 440
35 22 450
36 22 611
22 37 926
22 38 134
39 22 464
22 40 681
42 22 687
22 43 333
22 44 398
45 22 834
46 22 359
22 47 24
22 48 995
49 22 475
50 22 746
24 23 51
23 25 789
23 26 499
23 27 923
28 23 337
29 23 683
23 30 353
23 31 997
23 32 105
23 33 688
23 34 347
35 23 468
23 36 83
23 37 28
38 23 415
39 23 87
40 23 698
41 23 606
23 42 749
43 23 550
44 23 731
45 23 918
46 23 658
47 23 472
23 48 308
49 23 403
23 50 261
24 25 728
26 24 36
27 24 252
24 28 232
24 29 618
30 24 213
31 24 829
32 24 103
24 33 397
34 24 666
35 24 972
36 24 581
37 24 436
24 38 658
39 24 598
24 40 412
41 24 260
43 24 511
24 44 14
45 24 865
46 24 413
24 47 827
48 24 542
24 49 121
50 24 574
26 25 402
25 27 719
25 28 684
29 25 205
25 30 908
25 31 285
25 32 734
25 33 14
25 34 331
25 35 444
25 36 26
25 37 987
25 38 580
25 39 759
40 25 958
25 41 839
42 25 580
25 43 259
44 25 868
45 25 488
46 25 585
25 47 358
25 48 559
49 25 265
25 50 454
27 26 789
28 26 916
29 26 682
26 30 654
31 26 548
26 32 476
33 26 674
34 26 647
26 35 669
26 36 395
26 37 640
38 26 632
39 26 1000
26 40 424
26 41 431
42 26 324
43 26 356
26 44 345
45 26 439
46 26 533
26 47 314
48 26 75
49 26 415
26 50 271
27 28 939
29 27 943
30 27 699
27 31 279
27 32 468
27 33 665
27 34 579
35 27 469
27 36 932
37 27 26
27 38 163
39 27 59
27 40 919
41 27 815
42 27 558
43 27 120
44 27 453
45 27 427
46 27 340
47 27 552
48 27 759
27 49 409
50 27 556
29 28 974
30 28 393
31 28 208
28 32 909
28 33 383
34 28 103
35 28 864
28 36 985
37 28 156
38 28 397
28 39 939
40 28 639
28 41 247
42 28 58
43 28 85
44 28 883
45 28 452
28 46 408
47 28 183
48 28 981
49 28 847
50 28 114
29 30 742
29 31 397
29 32 887
34 29 177
35 29 173
36 29 480
37 29 76
29 38 5
29 39 369
29 40 843
29 41 174
29 42 826
29 43 186
29 44 40
29 45 207
29 46 361
47 29 850
29 48 895
29 49 497
31 30 669
32 30 410
30 33 868
34 30 946
30 35 263
30 36 750
30 37 237
38 30 435
30 39 492
40 30 821
41 30 383
30 42 472
44 30 785
45 30 821
46 30 708
47 30 302
30 48 160
49 30 368
30 50 188
32 31 669
33 31 376
31 34 487
35 31 713
31 36 174
37 31 89
38 31 623
31 39 460
31 40 189
31 41 650
42 31 525
43 31 111
31 44 857
31 45 68
31 46 675
47 31 850
48 31 858
49 31 973
31 50 259
33 32 964
34 32 277
32 35 421
36 32 117
32 37 264
38 32 475
32 39 17
40 32 622
41 32 528
32 42 748
43 32 405
32 45 606
46 32 763
47 32 441
32 48 793
49 32 125
50 32 105
33 34 701
33 35 645
33 36 971
37 33 407
33 38 670
39 33 210
33 40 637
42 33 583
33 43 318
33 44 753
33 45 602
46 33 579
33 47 80
48 33 536
33 49 512
33 50 709
35 34 60
34 36 189
34 37 46
38 34 381
39 34 634
40 34 791
34 41 424
42 34 819
43 34 213
34 44 878
34 45 858
34 46 225
47 34 215
48 34 945
34 49 528
50 34 296
36 35 644
35 37 298
35 38 260
39 35 548
40 35 911
35 41 917
35 42 414
43 35 778
35 44 10
45 35 792
35 46 815
35 47 156
48 35 480
35 49 458
50 35 456
37 36 593
36 38 940
39 36 493
36 40 625
36 41 444
42 36 81
36 43 220
36 44 151
45 36 472
36 46 3
47 36 731
48 36 630
49 36 549
36 50 338
38 37 468
37 39 462
40 37 597
37 41 655
42 37 305
43 37 832
37 44 517
37 45 164
37 46 109
37 47 84
37 48 825
37 49 842
37 50 607
38 39 794
40 38 933
41 38 513
38 42 628
38 43 812
38 44 79
38 45 664
46 38 448
47 38 835
38 48 110
38 49 51
50 38 311
39 40 150
39 42 992
39 43 882
44 39 187
39 45 99
39 46 900
39 47 945
48 39 14
49 39 304
50 39 536
41 40 631
42 40 873
40 43 844
40 44 997
40 45 532
40 46 564
40 47 757
48 40 412
40 49 73
40 50 378
42 41 267
43 41 372
41 44 854
45 41 436
41 46 568
47 41 548
41 48 705
41 49 495
50 41 345
43 42 962
42 44 677
45 42 245
46 42 783
42 47 423
48 42 958
42 49 377
42 50 428
44 43 491
43 45 485
43 46 791
43 47 249
43 48 953
50 43 448
45 44 157
44 46 815
44 47 318
48 44 980
49 44 474
44 50 525
45 46 297
45 47 705
45 48 455
49 45 67
45 50 289
46 47 878
48 46 592
49 46 645
50 46 731
47 48 397
49 47 734
50 47 622
49 48 254
48 50 153
50 49 941

TERMINALS
1
5
6
7
9
10
11
12
17
18
19
21
23
28
30
35
38
42
43
44
46
47
48
49
50

R
1 2 4
1 3 3
1 4 4
1 5 1
1 6 2
1 7 4
1 8 1
1 9 1
1 10 5
1 11 3
1 12 2
1 13 4
1 14 1
1 15 4
1 16 5
1 17 1
1 18 3
1 19 1
1 20 2
1 21 2
1 22 5
1 23 2
1 24 2
1 25 4
1 26 4
1 27 4
1 28 4
1 29 2
1 30 4
1 31 2
1 32 4
1 33 2
1 34 5
1 35 4
1 36 5
1 37 3
1 38 2
1 39 5
1 40 4
1 41 2
1 42 4
1 43 2
1 44 5
1 45 4
1 46 5
1 47 1
1 48 2
1 49 4
1 50 4
2 1 3
2 3 5
2 4 5
2 5 4
2 6 3
2 7 3
2 8 4
2 9 2
2 10 2
2 11 2
2 12 2
2 13 5
2 14 5
2 15 5
2 16 1
2 17 3
2 18 4
2 19 4
2 20 5
2 21 3
2 22 4
2 23 3
2 24 4
2 25 5
2 26 4
2 27 2
2 28 4
2 29 4
2 30 3
2 31 2
2 32 4
2 33 2
2 34 4
2 35 3
2 36 3
2 37 3
2 38 3
2 39 3
2 40 1
2 41 1
2 42 5
2 43 2
2 44 5
2 45 1
2 46 2
2 47 1
2 48 1
2 49 5
2 50 1
3 1 5
3 2 5
3 4 4
3 5 4
3 6 3
3 7 5
3 8 2
3 9 1
3 10 3
3 11 5
3 12 1
3 13 1
3 14 1
3 15 4
3 16 1
3 17 3
3 18 1
3 19 4
3 20 2
3 21 1
3 22 4
3 23 2
3 24 5
3 25 1
3 26 4
3 27 2
3 28 2
3 29 1
3 30 2
3 31 3
3 32 1
3 33 3
3 34 2
3 35 1
3 36 1
3 37 1
3 38 5
3 39 2
3 40 2
3 41 4
3 42 4
3 43 2
3 44 4
3 45 4
3 46 5
3 47 2
3 48 3
3 49 3
3 50 5
4 1 5
4 2 5
4 3 5
4 5 3
4 6 4
4 7 5
4 8 1
4 9 2
4 10 3
4 11 3
4 12 4
4 13 3
4 14 5
4 15 1
4 16 4
4 17 5
4 18 4
4 19 2
4 20 4
4 21 5
4 22 3
4 23 2
4 24 5
4 25 1
4 26 3
4 27 5
4 28 2
4 29 4
4 30 3
4 31 1
4 32 5
4 33 4
4 34 5
4 35 4
4 36 1
4 37 5
4 38 1
4 39 4
4 40 2
4 41 5
4 42 3
4 43 5
4 44 2
4 45 3
4 46 2
4 47 3
4 48 2
4 49 5
4 50 4
5 1 3
5 2 2
5 3 3
5 4 1
5 6 3
5 7 3
5 8 5
5 9 3
5 10 1
5 11 5
5 12 5
5 13 2
5 14 4
5 15 5
5 16 1
5 17 5
5 18 2
5 19 1
5 20 2
5 21 2
5 22 4
5 23 1
5 24 5
5 25 5
5 26 5
5 27 2
5 28 1
5 29 4
5 30 5
5 31 3
5 32 4
5 33 4
5 34 1
5 35 1
5 36 2
5 37 3
5 38 5
5 39 1
5 40 5
5 41 5
5 42 1
5 43 1
5 44 3
5 45 1
5 46 5
5 47 4
5 48 2
5 49 2
5 50 1
6 1 3
6 2 3
6 3 4
6 4 1
6 5 2
6 7 3
6 8 2
6 9 5
6 10 5
6 11 2
6 12 2
6 13 4
6 14 5
6 15 5
6 16 4
6 17 2
6 18 1
6 19 2
6 20 3
6 21 2
6 22 3
6 23 4
6 24 4
6 25 4
6 26 2
6 27 1
6 28 3
6 29 2
6 30 5
6 31 1
6 32 4
6 33 2
6 34 4
6 35 4
6 36 4
6 37 2
6 38 3
6 39 2
6 40 2
6 41 2
6 42 3
6 43 3
6 44 1
6 45 4
6 46 4
6 47 1
6 48 2
6 49 5
6 50 4
7 1 4
7 2 3
7 3 2
7 4 5
7 5 3
7 6 2
7 8 1
7 9 5
7 10 1
7 11 4
7 12 4
7 13 2
7 14 2
7 15 3
7 16 5
7 17 5
7 18 3
7 19 3
7 20 2
7 21 5
7 22 1
7 23 5
7 24 4
7 25 3
7 26 2
7 27 3
7 28 4
7 29 5
7 30 1
7 31 5
7 32 3
7 33 5
7 34 4
7 35 1
7 36 1
7 37 3
7 38 2
7 39 3
7 40 2
7 41 5
7 42 1
7 43 1
7 44 1
7 45 4
7 46 5
7 47 2
7 48 5
7 49 2
7 50 4
8 1 3
8 2 1
8 3 5
8 4 2
8 5 2
8 6 4
8 7 1
8 9 1
8 10 4
8 11 5
8 12 1
8 13 3
8 14 2
8 15 5
8 16 1
8 17 5
8 18 2
8 19 3
8 20 3
8 21 4
8 22 2
8 23 2
8 24 4
8 25 2
8 26 2
8 27 4
8 28 3
8 29 5
8 30 3
8 31 4
8 32 4
8 33 5
8 34 2
8 35 5
8 36 4
8 37 3
8 38 5
8 39 1
8 40 3
8 41 4
8 42 5
8 43 3
8 44 1
8 45 3
8 46 5
8 47 4
8 48 4
8 49 1
8 50 3
9 1 2
9 2 5
9 3 4
9 4 3
9 5 5
9 6 2
9 7 2
9 8 1
9 10 4
9 11 1
9 12 5
9 13 3
9 14 4
9 15 2
9 16 4
9 17 5
9 18 5
9 19 3
9 20 5
9 21 2
9 22 5
9 23 3
9 24 1
9 25 4
9 26 5
9 27 5
9 28 3
9 29 3
9 30 4
9 31 1
9 32 1
9 33 5
9 34 2
9 35 1
9 36 4
9 37 3
9 38 3
9 39 5
9 40 3
9 41 1
9 42 1
9 43 3
9 44 3
9 45 1
9 46 4
9 47 3
9 48 1
9 49 5
9 50 2
10 1 5
10 2 1
10 3 1
10 4 4
10 5 3
10 6 2
10 7 3
10 8 2
10 9 1
10 11 3
10 12 2
10 13 1
10 14 3
10 15 3
10 16 2
10 17 3
10 18 2
10 19 2
10 20 2
10 21 1
10 22 4
10 23 3
10 24 1
10 25 3
10 26 2
10 27 4
10 28 3
10 29 2
10 30 4
10 31 4
10 32 3
10 33 5
10 34 4
10 35 1
10 36 3
10 37 3
10 38 2
10 39 2
10 40 2
10 41 2
10 42 4
10 43 3
10 44 5
10 45 3
10 46 1
10 47 3
10 48 3
10 49 2
10 50 4
11 1 4
11 2 4
11 3 5
11 4 3
11 5 2
11 6 2
11 7 5
11 8 5
11 9 2
11 10 3
11 12 3
11 13 5
11 14 5
11 15 4
11 16 1
11 17 5
11 18 3
11 19 3
11 20 3
11 21 4
11 22 1
11 23 2
11 24 5
11 25 4
11 26 1
11 27 4
11 28 1
11 29 3
11 30 1
11 31 4
11 32 2
11 33 2
11 34 2
11 35 3
11 36 4
11 37 3
11 38 4
11 39 3
11 40 2
11 41 2
11 42 5
11 43 1
11 44 2
11 45 2
11 46 1
11 47 2
11 48 3
11 49 3
11 50 1
12 1 1
12 2 4
12 3 2
12 4 2
12 5 5
12 6 2
12 7 4
12 8 3
12 9 2
12 10 1
12 11 1
12 13 2
12 14 4
12 15 2
12 16 3
12 17 1
12 18 5
12 19 3
12 20 2
12 21 5
12 22 1
12 23 3
12 24 1
12 25 4
12 26 4
12 27 2
12 28 4
12 29 2
12 30 5
12 31 4
12 32 5
12 33 2
12 34 4
12 35 1
12 36 5
12 37 3
12 38 4
12 39 3
12 40 2
12 41 5
12 42 5
12 43 2
12 44 1
12 45 4
12 46 3
12 47 5
12 48 4
12 49 3
12 50 4
13 1 5
13 2 4
13 3 5
13 4 3
13 5 4
13 6 3
13 7 3
13 8 3
13 9 3
13 10 2
13 11 2
13 12 1
13 14 1
13 15 5
13 16 4
13 17 3
13 18 1
13 19 3
13 20 1
13 21 3
13 22 5
13 23 2
13 24 4
13 25 1
13 26 4
13 27 2
13 28 4
13 29 3
13 30 1
13 31 3
13 32 2
13 33 2
13 34 1
13 35 3
13 36 1
13 37 1
13 38 2
13 39 4
13 40 3
13 41 4
13 42 2
13 43 1
13 44 2
13 45 2
13 46 2
13 47 5
13 48 1
13 49 2
13 50 5
14 1 1
14 2 1
14 3 4
14 4 2
14 5 5
14 6 1
14 7 5
14 8 1
14 9 1
14 10 4
14 11 3
14 12 5
14 13 2
14 15 5
14 16 2
14 17 4
14 18 2
14 19 3
14 20 5
14 21 5
14 22 5
14 23 1
14 24 1
14 25 3
14 26 2
14 27 4
14 28 4
14 29 3
14 30 4
14 31 1
14 32 2
14 33 1
14 34 3
14 35 2
14 36 4
14 37 2
14 38 3
14 39 5
14 40 5
14 41 3
14 42 4
14 43 4
14 44 3
14 45 2
14 46 5
14 47 4
14 48 1
14 49 2
14 50 3
15 1 2
15 2 1
15 3 3
15 4 2
15 5 4
15 6 2
15 7 3
15 8 4
15 9 5
15 10 3
15 11 5
15 12 2
15 13 4
15 14 5
15 16 5
15 17 1
15 18 1
15 19 3
15 20 3
15 21 5
15 22 2
15 23 2
15 24 3
15 25 1
15 26 4
15 27 5
15 28 5
15 29 5
15 30 2
15 31 1
15 32 2
15 33 5
15 34 4
15 35 1
15 36 4
15 37 4
15 38 2
15 39 3
15 40 4
15 41 4
15 42 5
15 43 3
15 44 5
15 45 4
15 46 5
15 47 1
15 48 4
15 49 5
15 50 4
16 1 3
16 2 4
16 3 2
16 4 4
16 5 4
16 6 2
16 7 5
16 8 5
16 9 4
16 10 1
16 11 3
16 12 1
16 13 2
16 14 2
16 15 1
16 17 3
16 18 5
16 19 1
16 20 1
16 21 3
16 22 5
16 23 1
16 24 2
16 25 4
16 26 1
16 27 2
16 28 3
16 29 3
16 30 2
16 31 4
16 32 1
16 33 1
16 34 5
16 35 5
16 36 2
16 37 3
16 38 3
16 39 1
16 40 4
16 41 1
16 42 1
16 43 1
16 44 4
16 45 4
16 46 2
16 47 4
16 48 3
16 49 4
16 50 5
17 1 4
17 2 3
17 3 1
17 4 1
17 5 1
17 6 4
17 7 1
17 8 3
17 9 4
17 10 1
17 11 1
17 12 4
17 13 3
17 14 2
17 15 3
17 16 2
17 18 3
17 19 2
17 20 5
17 21 3
17 22 5
17 23 2
17 24 5
17 25 2
17 26 5
17 27 3
17 28 1
17 29 1
17 30 3
17 31 4
17 32 2
17 33 1
17 34 1
17 35 2
17 36 3
17 37 1
17 38 5
17 39 4
17 40 5
17 41 5
17 42 1
17 43 1
17 44 4
17 45 3
17 46 2
17 47 1
17 48 5
17 49 4
17 50 5
18 1 1
18 2 3
18 3 1
18 4 2
18 5 4
18 6 3
18 7 2
18 8 3
18 9 3
18 10 2
18 11 5
18 12 1
18 13 3
18 14 2
18 15 3
18 16 1
18 17 5
18 19 5
18 20 5
18 21 5
18 22 5
18 23 2
18 24 5
18 25 5
18 26 5
18 27 2
18 28 1
18 29 2
18 30 3
18 31 1
18 32 1
18 33 3
18 34 5
18 35 2
18 36 5
18 37 3
18 38 1
18 39 3
18 40 5
18 41 3
18 42 1
18 43 5
18 44 5
18 45 3
18 46 1
18 47 2
18 48 5
18 49 5
18 50 1
19 1 1
19 2 4
19 3 2
19 4 2
19 5 5
19 6 1
19 7 1
19 8 2
19 9 3
19 10 3
19 11 1
19 12 5
19 13 5
19 14 4
19 15 4
19 16 1
19 17 5
19 18 1
19 20 3
19 21 2
19 22 3
19 23 5
19 24 2
19 25 2
19 26 4
19 27 1
19 28 4
19 29 2
19 30 5
19 31 1
19 32 5
19 33 5
19 34 1
19 35 1
19 36 2
19 37 1
19 38 2
19 39 4
19 40 4
19 41 1
19 42 3
19 43 4
19 44 1
19 45 3
19 46 4
19 47 4
19 48 5
19 49 3
19 50 2
20 1 3
20 2 4
20 3 4
20 4 4
20 5 2
20 6 2
20 7 5
20 8 4
20 9 5
20 10 1
20 11 3
20 12 5
20 13 2
20 14 5
20 15 1
20 16 3
20 17 3
20 18 3
20 19 1
20 21 3
20 22 1
20 23 1
20 24 1
20 25 4
20 26 3
20 27 3
20 28 3
20 29 2
20 30 4
20 31 2
20 32 5
20 33 3
20 34 3
20 35 3
20 36 2
20 37 4
20 38 1
20 39 1
20 40 5
20 41 5
20 42 1
20 43 2
20 44 2
20 45 3
20 46 3
20 47 4
20 48 2
20 49 5
20 50 1
21 1 4
21 2 3
21 3 3
21 4 4
21 5 5
21 6 1
21 7 4
21 8 4
21 9 5
21 10 2
21 11 2
21 12 2
21 13 1
21 14 5
21 15 1
21 16 5
21 17 1
21 18 1
21 19 5
21 20 1
21 22 5
21 23 1
21 24 3
21 25 4
21 26 4
21 27 2
21 28 1
21 29 2
21 30 5
21 31 3
21 32 4
21 33 3
21 34 2
21 35 1
21 36 4
21 37 1
21 38 4
21 39 2
21 40 4
21 41 5
21 42 3
21 43 2
21 44 1
21 45 5
21 46 1
21 47 3
21 48 4
21 49 3
21 50 4
22 1 3
22 2 5
22 3 3
22 4 5
22 5 5
22 6 1
22 7 4
22 8 3
22 9 4
22 10 2
22 11 3
22 12 1
22 13 3
22 14 2
22 15 2
22 16 3
22 17 5
22 18 4
22 19 3
22 20 1
22 21 4
22 23 3
22 24 5
22 25 5
22 26 5
22 27 4
22 28 3
22 29 3
22 30 4
22 31 2
22 32 3
22 33 1
22 34 2
22 35 5
22 36 3
22 37 3
22 38 3
22 39 3
22 40 5
22 41 3
22 42 4
22 43 4
22 44 3
22 45 1
22 46 1
22 47 1
22 48 1
22 49 5
22 50 1
23 1 5
23 2 3
23 3 4
23 4 2
23 5 4
23 6 3
23 7 2
23 8 3
23 9 2
23 10 1
23 11 1
23 12 4
23 13 3
23 14 4
23 15 2
23 16 4
23 17 3
23 18 4
23 19 3
23 20 5
23 21 5
23 22 5
23 24 3
23 25 1
23 26 4
23 27 1
23 28 1
23 29 4
23 30 3
23 31 2
23 32 4
23 33 2
23 34 1
23 35 4
23 36 1
23 37 5
23 38 2
23 39 2
23 40 4
23 41 3
23 42 4
23 43 1
23 44 1
23 45 1
23 46 1
23 47 4
23 48 1
23 49 3
23 50 2
24 1 4
24 2 4
24 3 4
24 4 5
24 5 4
24 6 4
24 7 4
24 8 4
24 9 1
24 10 2
24 11 3
24 12 2
24 13 3
24 14 4
24 15 3
24 16 1
24 17 1
24 18 4
24 19 4
24 20 2
24 21 4
24 22 4
24 23 2
24 25 4
24 26 1
24 27 4
24 28 5
24 29 5
24 30 5
24 31 4
24 32 3
24 33 5
24 34 3
24 35 1
24 36 4
24 37 1
24 38 4
24 39 2
24 40 1
24 41 1
24 42 1
24 43 3
24 44 3
24 45 5
24 46 3
24 47 2
24 48 2
24 49 4
24 50 2
25 1 3
25 2 2
25 3 5
25 4 1
25 5 1
25 6 3
25 7 1
25 8 4
25 9 4
25 10 2
25 11 3
25 12 5
25 13 5
25 14 4
25 15 4
25 16 5
25 17 3
25 18 1
25 19 1
25 20 1
25 21 1
25 22 1
25 23 3
25 24 5
25 26 5
25 27 4
25 28 4
25 29 3
25 30 1
25 31 4
25 32 4
25 33 3
25 34 3
25 35 3
25 36 5
25 37 3
25 38 3
25 39 5
25 40 1
25 41 3
25 42 4
25 43 1
25 44 4
25 45 3
25 46 4
25 47 4
25 48 4
25 49 3
25 50 4
26 1 1
26 2 1
26 3 1
26 4 4
26 5 5
26 6 5
26 7 5
26 8 4
26 9 1
26 10 3
26 11 4
26 12 4
26 13 3
26 14 3
26 15 1
26 16 3
26 17 2
26 18 5
26 19 2
26 20 3
26 21 1
26 22 4
26 23 1
26 24 1
26 25 5
26 27 5
26 28 1
26 29 3
26 30 4
26 31 1
26 32 2
26 33 1
26 34 3
26 35 4
26 36 4
26 37 2
26 38 1
26 39 1
26 40 5
26 41 1
26 42 3
26 43 5
26 44 1
26 45 5
26 46 2
26 47 4
26 48 2
26 49 5
26 50 3
27 1 3
27 2 3
27 3 3
27 4 4
27 5 5
27 6 5
27 7 5
27 8 5
27 9 3
27 10 2
27 11 5
27 12 3
27 13 5
27 14 2
27 15 5
27 16 1
27 17 3
27 18 3
27 19 1
27 20 3
27 21 3
27 22 1
27 23 5
27 24 2
27 25 3
27 26 1
27 28 1
27 29 1
27 30 5
27 31 5
27 32 4
27 33 2
27 34 2
27 35 3
27 36 2
27 37 4
27 38 3
27 39 1
27 40 5
27 41 2
27 42 5
27 43 4
27 44 4
27 45 1
27 46 5
27 47 5
27 48 3
27 49 2
27 50 4
28 1 3
28 2 1
28 3 1
28 4 5
28 5 5
28 6 5
28 7 3
28 8 3
28 9 5
28 10 3
28 11 2
28 12 4
28 13 1
28 14 3
28 15 3
28 16 1
28 17 2
28 18 1
28 19 3
28 20 4
28 21 5
28 22 4
28 23 5
28 24 5
28 25 4
28 26 1
28 27 1
28 29 5
28 30 3
28 31 5
28 32 3
28 33 3
28 34 5
28 35 1
28 36 2
28 37 5
28 38 5
28 39 4
28 40 2
28 41 4
28 42 2
28 43 3
28 44 4
28 45 4
28 46 2
28 47 1
28 48 4
28 49 5
28 50 1
29 1 3
29 2 4
29 3 2
29 4 3
29 5 3
29 6 1
29 7 1
29 8 5
29 9 2
29 10 2
29 11 5
29 12 1
29 13 2
29 14 2
29 15 5
29 16 2
29 17 3
29 18 1
29 19 1
29 20 2
29 21 4
29 22 4
29 23 5
29 24 3
29 25 2
29 26 5
29 27 2
29 28 5
29 30 4
29 31 1
29 32 2
29 33 3
29 34 4
29 35 4
29 36 1
29 37 4
29 38 1
29 39 3
29 40 3
29 41 4
29 42 2
29 43 2
29 44 1
29 45 3
29 46 5
29 47 3
29 48 4
29 49 5
29 50 5
30 1 4
30 2 3
30 3 4
30 4 4
30 5 2
30 6 3
30 7 2
30 8 3
30 9 4
30 10 1
30 11 1
30 12 5
30 13 3
30 14 1
30 15 5
30 16 3
30 17 1
30 18 3
30 19 5
30 20 5
30 21 3
30 22 4
30 23 1
30 24 1
30 25 1
30 26 3
30 27 1
30 28 3
30 29 1
30 31 5
30 32 3
30 33 1
30 34 4
30 35 3
30 36 4
30 37 5
30 38 5
30 39 3
30 40 4
30 41 4
30 42 3
30 43 5
30 44 5
30 45 2
30 46 2
30 47 4
30 48 1
30 49 2
30 50 4
31 1 1
31 2 1
31 3 1
31 4 1
31 5 4
31 6 1
31 7 1
31 8 1
31 9 3
31 10 1
31 11 2
31 12 4
31 13 5
31 14 2
31 15 2
31 16 4
31 17 3
31 18 3
31 19 5
31 20 5
31 21 2
31 22 3
31 23 4
31 24 3
31 25 4
31 26 1
31 27 4
31 28 5
31 29 3
31 30 2
31 32 3
31 33 3
31 34 4
31 35 5
31 36 5
31 37 2
31 38 2
31 39 3
31 40 3
31 41 2
31 42 5
31 43 1
31 44 5
31 45 4
31 46 2
31 47 4
31 48 4
31 49 1
31 50 1
32 1 3
32 2 5
32 3 4
32 4 3
32 5 4
32 6 1
32 7 1
32 8 1
32 9 1
32 10 2
32 11 3
32 12 2
32 13 4
32 14 3
32 15 3
32 16 5
32 17 2
32 18 4
32 19 2
32 20 4
32 21 1
32 22 3
32 23 5
32 24 3
32 25 4
32 26 3
32 27 2
32 28 2
32 29 1
32 30 2
32 31 5
32 33 4
32 34 2
32 35 3
32 36 1
32 37 2
32 38 1
32 39 3
32 40 2
32 41 1
32 42 5
32 43 4
32 44 5
32 45 5
32 46 1
32 47 2
32 48 5
32 49 5
32 50 2
33 1 3
33 2 5
33 3 5
33 4 2
33 5 5
33 6 2
33 7 5
33 8 2
33 9 3
33 10 4
33 11 5
33 12 5
33 13 3
33 14 5
33 15 3
33 16 5
33 17 2
33 18 4
33 19 2
33 20 4
33 21 5
33 22 5
33 23 3
33 24 3
33 25 4
33 26 5
33 27 1
33 28 2
33 29 4
33 30 5
33 31 5
33 32 3
33 34 4
33 35 4
33 36 4
33 37 3
33 38 1
33 39 5
33 40 2
33 41 3
33 42 5
33 43 1
33 44 4
33 45 2
33 46 2
33 47 1
33 48 4
33 49 3
33 50 4
34 1 5
34 2 1
34 3 3
34 4 4
34 5 1
34 6 3
34 7 4
34 8 5
34 9 3
34 10 2
34 11 5
34 12 2
34 13 2
34 14 2
34 15 2
34 16 5
34 17 2
34 18 5
34 19 2
34 20 3
34 21 1
34 22 2
34 23 3
34 24 3
34 25 5
34 26 1
34 27 4
34 28 1
34 29 4
34 30 1
34 31 1
34 32 1
34 33 3
34 35 4
34 36 1
34 37 3
34 38 3
34 39 2
34 40 4
34 41 5
34 42 3
34 43 3
34 44 3
34 45 1
34 46 1
34 47 4
34 48 3
34 49 4
34 50 3
35 1 4
35 2 2
35 3 5
35 4 5
35 5 1
35 6 2
35 7 2
35 8 1
35 9 2
35 10 4
35 11 2
35 12 2
35 13 4
35 14 2
35 15 2
35 16 4
35 17 4
35 18 4
35 19 1
35 20 5
35 21 5
35 22 2
35 23 5
35 24 2
35 25 4
35 26 5
35 27 5
35 28 3
35 29 2
35 30 3
35 31 2
35 32 3
35 33 1
35 34 2
35 36 4
35 37 1
35 38 5
35 39 5
35 40 2
35 41 2
35 42 3
35 43 3
35 44 5
35 45 4
35 46 1
35 47 1
35 48 2
35 49 4
35 50 5
36 1 5
36 2 4
36 3 1
36 4 1
36 5 3
36 6 2
36 7 5
36 8 4
36 9 3
36 10 4
36 11 3
36 12 1
36 13 5
36 14 2
36 15 1
36 16 1
36 17 5
36 18 4
36 19 3
36 20 2
36 21 2
36 22 4
36 23 1
36 24 4
36 25 3
36 26 4
36 27 1
36 28 4
36 29 3
36 30 4
36 31 5
36 32 2
36 33 4
36 34 5
36 35 2
36 37 3
36 38 3
36 39 1
36 40 4
36 41 3
36 42 4
36 43 1
36 44 3
36 45 1
36 46 4
36 47 5
36 48 3
36 49 3
36 50 3
37 1 5
37 2 1
37 3 4
37 4 5
37 5 2
37 6 4
37 7 3
37 8 2
37 9 4
37 10 3
37 11 4
37 12 5
37 13 4
37 14 5
37 15 5
37 16 5
37 17 2
37 18 3
37 19 4
37 20 4
37 21 3
37 22 1
37 23 5
37 24 5
37 25 5
37 26 5
37 27 3
37 28 5
37 29 2
37 30 2
37 31 4
37 32 2
37 33 3
37 34 3
37 35 1
37 36 1
37 38 3
37 39 5
37 40 2
37 41 4
37 42 4
37 43 3
37 44 5
37 45 4
37 46 2
37 47 4
37 48 3
37 49 5
37 50 3
38 1 4
38 2 1
38 3 5
38 4 4
38 5 5
38 6 4
38 7 4
38 8 1
38 9 1
38 10 5
38 11 2
38 12 3
38 13 3
38 14 5
38 15 2
38 16 2
38 17 3
38 18 2
38 19 2
38 20 4
38 21 5
38 22 5
38 23 3
38 24 2
38 25 4
38 26 1
38 27 1
38 28 2
38 29 1
38 30 2
38 31 2
38 32 4
38 33 4
38 34 1
38 35 4
38 36 5
38 37 5
38 39 4
38 40 5
38 41 2
38 42 3
38 43 4
38 44 1
38 45 3
38 46 5
38 47 2
38 48 4
38 49 2
38 50 5
39 1 5
39 2 3
39 3 2
39 4 1
39 5 2
39 6 5
39 7 4
39 8 4
39 9 5
39 10 3
39 11 1
39 12 4
39 13 4
39 14 4
39 15 2
39 16 1
39 17 5
39 18 2
39 19 5
39 20 3
39 21 3
39 22 4
39 23 3
39 24 1
39 25 4
39 26 5
39 27 1
39 28 3
39 29 3
39 30 4
39 31 4
39 32 5
39 33 3
39 34 5
39 35 5
39 36 4
39 37 5
39 38 1
39 40 3
39 41 1
39 42 3
39 43 3
39 44 1
39 45 3
39 46 4
39 47 5
39 48 3
39 49 3
39 50 3
40 1 5
40 2 2
40 3 5
40 4 3
40 5 4
40 6 3
40 7 3
40 8 3
40 9 3
40 10 2
40 11 3
40 12 3
40 13 1
40 14 4
40 15 1
40 16 5
40 17 5
40 18 4
40 19 1
40 20 5
40 21 3
40 22 4
40 23 4
40 24 3
40 25 4
40 26 3
40 27 3
40 28 3
40 29 1
40 30 5
40 31 5
40 32 2
40 33 3
40 34 2
40 35 1
40 36 2
40 37 4
40 38 3
40 39 1
40 41 3
40 42 5
40 43 5
40 44 5
40 45 2
40 46 3
40 47 5
40 48 3
40 49 3
40 50 1
41 1 4
41 2 4
41 3 5
41 4 2
41 5 3
41 6 2
41 7 5
41 8 5
41 9 4
41 10 5
41 11 2
41 12 5
41 13 1
41 14 3
41 15 5
41 16 2
41 17 3
41 18 1
41 19 5
41 20 3
41 21 3
41 22 2
41 23 4
41 24 3
41 25 4
41 26 5
41 27 2
41 28 5
41 29 2
41 30 1
41 31 5
41 32 2
41 33 5
41 34 5
41 35 3
41 36 4
41 37 3
41 38 5
41 39 5
41 40 4
41 42 1
41 43 4
41 44 3
41 45 1
41 46 1
41 47 2
41 48 5
41 49 1
41 50 4
42 1 4
42 2 3
42 3 4
42 4 3
42 5 3
42 6 3
42 7 1
42 8 2
42 9 4
42 10 5
42 11 5
42 12 5
42 13 2
42 14 2
42 15 1
42 16 3
42 17 1
42 18 1
42 19 5
42 20 5
42 21 5
42 22 5
42 23 2
42 24 3
42 25 3
42 26 3
42 27 1
42 28 1
42 29 2
42 30 1
42 31 2
42 32 2
42 33 5
42 34 5
42 35 1
42 36 2
42 37 4
42 38 1
42 39 5
42 40 2
42 41 3
42 43 4
42 44 3
42 45 1
42 46 2
42 47 3
42 48 3
42 49 3
42 50 3
43 1 4
43 2 4
43 3 5
43 4 4
43 5 1
43 6 4
43 7 3
43 8 3
43 9 4
43 10 5
43 11 1
43 12 1
43 13 1
43 14 4
43 15 2
43 16 2
43 17 5
43 18 5
43 19 5
43 20 2
43 21 1
43 22 4
43 23 4
43 24 5
43 25 1
43 26 4
43 27 1
43 28 1
43 29 3
43 30 3
43 31 5
43 32 2
43 33 2
43 34 1
43 35 2
43 36 4
43 37 5
43 38 4
43 39 3
43 40 5
43 41 3
43 42 3
43 44 3
43 45 1
43 46 1
43 47 4
43 48 4
43 49 2
43 50 1
44 1 1
44 2 4
44 3 1
44 4 4
44 5 4
44 6 2
44 7 1
44 8 3
44 9 3
44 10 3
44 11 2
44 12 2
44 13 3
44 14 5
44 15 5
44 16 3
44 17 1
44 18 3
44 19 4
44 20 4
44 21 5
44 22 4
44 23 4
44 24 4
44 25 3
44 26 1
44 27 2
44 28 3
44 29 4
44 30 3
44 31 3
44 32 4
44 33 1
44 34 4
44 35 4
44 36 5
44 37 2
44 38 2
44 39 4
44 40 4
44 41 4
44 42 2
44 43 3
44 45 3
44 46 2
44 47 4
44 48 1
44 49 2
44 50 2
45 1 1
45 2 3
45 3 3
45 4 1
45 5 1
45 6 2
45 7 3
45 8 3
45 9 5
45 10 1
45 11 1
45 12 2
45 13 5
45 14 2
45 15 5
45 16 5
45 17 2
45 18 1
45 19 2
45 20 3
45 21 4
45 22 2
45 23 2
45 24 5
45 25 4
45 26 4
45 27 3
45 28 3
45 29 1
45 30 5
45 31 1
45 32 4
45 33 4
45 34 3
45 35 4
45 36 4
45 37 1
45 38 4
45 39 3
45 40 5
45 41 4
45 42 3
45 43 2
45 44 3
45 46 1
45 47 3
45 48 5
45 49 3
45 50 3
46 1 1
46 2 2
46 3 3
46 4 2
46 5 3
46 6 4
46 7 1
46 8 4
46 9 2
46 10 5
46 11 1
46 12 3
46 13 5
46 14 4
46 15 1
46 16 4
46 17 5
46 18 1
46 19 5
46 20 3
46 21 3
46 22 1
46 23 1
46 24 5
46 25 2
46 26 5
46 27 3
46 28 1
46 29 4
46 30 5
46 31 3
46 32 1
46 33 3
46 34 5
46 35 3
46 36 3
46 37 1
46 38 5
46 39 1
46 40 2
46 41 4
46 42 3
46 43 4
46 44 5
46 45 4
46 47 4
46 48 3
46 49 3
46 50 4
47 1 4
47 2 5
47 3 3
47 4 5
47 5 2
47 6 2
47 7 3
47 8 3
47 9 1
47 10 4
47 11 4
47 12 2
47 13 3
47 14 4
47 15 5
47 16 5
47 17 3
47 18 2
47 19 5
47 20 2
47 21 4
47 22 1
47 23 2
47 24 1
47 25 1
47 26 1
47 27 1
47 28 1
47 29 1
47 30 3
47 31 1
47 32 1
47 33 4
47 34 3
47 35 5
47 36 5
47 37 1
47 38 5
47 39 5
47 40 2
47 41 5
47 42 3
47 43 3
47 44 2
47 45 3
47 46 4
47 48 1
47 49 1
47 50 5
48 1 2
48 2 2
48 3 5
48 4 4
48 5 4
48 6 1
48 7 4
48 8 1
48 9 1
48 10 1
48 11 3
48 12 1
48 13 1
48 14 4
48 15 4
48 16 5
48 17 5
48 18 1
48 19 3
48 20 4
48 21 5
48 22 1
48 23 5
48 24 2
48 25 5
48 26 2
48 27 4
48 28 4
48 29 4
48 30 4
48 31 5
48 32 1
48 33 3
48 34 5
48 35 1
48 36 1
48 37 2
48 38 5
48 39 3
48 40 2
48 41 2
48 42 1
48 43 4
48 44 5
48 45 4
48 46 3
48 47 4
48 49 3
48 50 3
49 1 3
49 2 4
49 3 2
49 4 3
49 5 3
49 6 5
49 7 3
49 8 1
49 9 5
49 10 1
49 11 2
49 12 4
49 13 5
49 14 4
49 15 1
49 16 1
49 17 4
49 18 3
49 19 2
49 20 5
49 21 5
49 22 1
49 23 2
49 24 2
49 25 4
49 26 1
49 27 5
49 28 3
49 29 1
49 30 5
49 31 5
49 32 1
49 33 5
49 34 3
49 35 3
49 36 2
49 37 4
49 38 5
49 39 5
49 40 4
49 41 2
49 42 1
49 43 4
49 44 4
49 45 1
49 46 1
49 47 4
49 48 4
49 50 3
50 1 1
50 2 4
50 3 4
50 4 3
50 5 2
50 6 1
50 7 1
50 8 4
50 9 2
50 10 4
50 11 4
50 12 3
50 13 5
50 14 1
50 15 2
50 16 5
50 17 4
50 18 1
50 19 5
50 20 5
50 21 5
50 22 3
50 23 4
50 24 2
50 25 1
50 26 4
50 27 2
50 28 3
50 29 2
50 30 5
50 31 2
50 32 4
50 33 5
50 34 3
50 35 1
50 36 1
50 37 3
50 38 4
50 39 4
50 40 1
50 41 4
50 42 5
50 43 4
50 44 5
50 45 5
50 46 5
50 47 4
50 48 5
50 49 5

END
