INSTANCE_NAME b08.dat
NB_VERTICES 75
NB_ARCS 123
NB_REQUESTS 0
NB_BLOCKAGES 30
NB_A' 5427
NB_TERMINALS 19

VERTICES
1 0 0
2 0 0
3 0 0
4 0 0
5 0 0
6 0 0
7 0 0
8 0 0
9 0 0
10 0 0
11 0 0
12 0 0
13 0 0
14 0 0
15 0 0
16 0 0
17 0 0
18 0 0
19 0 0
20 0 0
21 0 0
22 0 0
23 0 0
24 0 0
25 0 0
26 0 0
27 0 0
28 0 0
29 0 0
30 0 0
31 0 0
32 0 0
33 0 0
34 0 0
35 0 0
36 0 0
37 0 0
38 0 0
39 0 0
40 0 0
41 0 0
42 0 0
43 0 0
44 0 0
45 0 0
46 0 0
47 0 0
48 0 0
49 0 0
50 0 0
51 0 0
52 0 0
53 0 0
54 0 0
55 0 0
56 0 0
57 0 0
58 0 0
59 0 0
60 0 0
61 0 0
62 0 0
63 0 0
64 0 0
65 0 0
66 0 0
67 0 0
68 0 0
69 0 0
70 0 0
71 0 0
72 0 0
73 0 0
74 0 0
75 0 0

ARCS
1 20 1
20 39 4
39 26 3
26 16 10
16 13 6
13 44 4
44 15 7
15 53 7
53 69 4
69 29 2
29 33 2
33 23 3
23 58 6
58 39 1
39 18 5
18 46 8
46 35 1
35 27 2
27 8 3
8 7 7
7 16 4
16 54 3
54 31 3
31 3 9
3 47 8
47 54 9
54 2 9
2 62 6
62 30 8
30 52 9
52 48 2
48 27 5
27 34 4
34 53 6
27 43 6
43 6 4
6 40 8
40 46 3
46 4 7
4 42 4
42 46 6
46 6 9
6 56 6
56 74 2
74 63 9
63 31 8
31 5 9
5 64 3
64 1 8
31 37 1
37 11 9
11 36 4
36 24 10
24 59 7
59 70 4
70 73 8
73 8 1
8 10 2
10 16 7
8 17 7
17 9 2
9 69 4
69 55 3
55 71 2
71 6 1
6 73 5
73 17 3
73 50 7
50 35 3
35 33 4
33 38 5
38 61 10
61 75 3
75 31 9
31 57 9
57 27 7
57 65 8
65 19 10
19 22 6
22 21 9
21 46 4
21 70 9
70 13 5
13 51 6
51 14 5
14 48 9
48 45 2
45 41 8
41 3 7
3 25 3
25 50 3
50 13 1
50 28 2
28 66 8
66 45 9
45 60 2
60 32 6
32 12 8
12 63 5
12 66 9
66 49 10
49 71 9
71 4 3
60 9 3
50 30 5
30 72 4
72 47 8
47 29 5
30 31 5
48 62 4
51 35 2
35 36 9
22 74 6
65 38 2
57 24 7
33 68 10
68 44 4
68 67 2
67 8 1
11 43 7
11 15 5
15 54 10
56 58 10

REQUESTS

BLOCKAGES
3 47
13 44
71 6
50 13
70 73
63 31
15 53
35 33
62 30
13 51
27 8
16 54
57 65
6 73
35 27
29 33
43 6
45 60
48 27
15 54
46 35
47 54
56 58
8 17
48 45
30 31
21 46
11 36
71 4
12 66

A'
1 2 663
3 1 325
4 1 910
5 1 482
6 1 184
7 1 809
1 8 925
9 1 168
10 1 330
1 11 377
12 1 385
1 13 704
1 14 988
1 15 556
16 1 570
1 17 454
1 18 960
1 19 139
20 1 542
1 21 632
1 22 658
1 23 273
24 1 759
1 25 533
1 26 135
27 1 677
28 1 942
1 29 692
30 1 583
31 1 806
1 32 699
33 1 736
1 34 741
1 35 879
1 36 493
37 1 359
38 1 6
39 1 437
1 40 774
41 1 204
1 42 229
1 43 130
1 44 611
45 1 450
46 1 772
47 1 344
1 48 218
49 1 479
1 50 952
1 51 943
52 1 924
1 53 651
54 1 988
55 1 45
1 56 55
1 57 21
58 1 479
59 1 804
60 1 323
61 1 281
1 62 212
1 63 915
65 1 746
1 66 358
67 1 384
1 68 82
69 1 156
1 70 377
1 71 406
1 72 648
73 1 158
1 74 483
1 75 437
3 2 983
2 4 203
2 5 605
6 2 695
7 2 585
2 8 826
2 9 598
10 2 152
11 2 950
12 2 40
2 13 901
2 14 815
2 15 802
2 16 182
17 2 984
2 18 559
2 19 11
2 20 745
21 2 644
22 2 351
2 23 230
2 24 873
25 2 89
2 26 505
2 27 683
28 2 363
29 2 694
30 2 834
31 2 500
32 2 483
33 2 337
2 34 152
35 2 507
36 2 666
2 37 39
2 38 81
39 2 896
40 2 447
2 41 329
2 42 373
43 2 848
44 2 945
45 2 263
2 46 739
2 47 497
2 48 301
49 2 967
2 50 235
51 2 52
2 52 326
53 2 620
2 54 711
55 2 710
56 2 850
2 57 460
2 58 400
59 2 660
2 60 551
2 61 826
62 2 739
2 63 863
64 2 858
65 2 843
2 66 357
2 67 344
2 68 336
69 2 439
2 70 181
2 71 203
2 72 538
2 73 955
74 2 673
2 75 633
4 3 887
3 5 864
6 3 131
3 7 16
3 8 258
3 9 431
3 10 103
3 11 647
12 3 440
13 3 188
3 14 937
3 15 705
3 16 756
17 3 114
3 18 624
3 19 650
3 20 555
3 21 839
22 3 943
3 23 376
24 3 415
25 3 166
26 3 284
27 3 659
3 28 953
29 3 399
30 3 588
3 31 66
32 3 114
3 33 122
3 34 925
3 35 303
3 36 989
37 3 868
38 3 698
3 39 835
3 40 754
42 3 389
43 3 991
3 44 469
45 3 215
3 46 129
47 3 775
48 3 135
3 49 945
3 50 231
3 51 879
3 52 760
53 3 281
3 54 69
3 55 877
3 56 333
57 3 864
3 58 745
59 3 889
60 3 43
61 3 626
62 3 124
63 3 994
64 3 58
3 65 834
3 66 61
3 67 701
3 68 83
3 69 861
70 3 913
71 3 386
3 72 965
3 73 967
74 3 456
75 3 978
4 5 310
6 4 21
7 4 707
4 8 43
9 4 7
10 4 404
11 4 940
12 4 886
4 13 790
4 14 876
4 15 835
4 16 299
17 4 511
18 4 212
4 19 472
20 4 815
21 4 495
22 4 917
4 23 904
4 24 966
4 25 540
26 4 976
27 4 825
28 4 853
4 29 311
4 30 20
31 4 341
4 32 647
33 4 935
4 34 520
4 35 750
36 4 890
37 4 225
4 38 798
39 4 821
40 4 38
4 41 835
42 4 191
4 43 930
44 4 977
4 45 474
4 46 88
47 4 314
48 4 369
4 49 648
50 4 357
4 51 279
4 52 346
53 4 755
54 4 631
4 55 609
56 4 287
57 4 386
58 4 454
59 4 223
60 4 907
61 4 778
4 62 215
63 4 784
64 4 42
4 65 175
4 66 533
67 4 995
4 68 308
4 69 372
4 70 677
4 71 958
72 4 774
73 4 144
4 74 658
4 75 10
5 6 414
7 5 613
5 8 582
9 5 915
10 5 180
11 5 373
5 12 246
13 5 941
14 5 468
5 15 842
5 16 643
5 17 459
5 18 142
5 19 995
20 5 319
5 21 66
22 5 847
23 5 64
5 24 427
5 25 402
5 26 123
5 27 669
5 28 493
29 5 624
5 30 920
5 32 914
5 33 914
34 5 758
35 5 28
5 36 185
37 5 326
38 5 581
5 39 685
5 40 782
5 41 114
42 5 136
43 5 407
44 5 731
45 5 478
46 5 286
47 5 498
48 5 910
49 5 231
50 5 277
5 51 279
52 5 345
5 53 434
54 5 311
5 55 637
5 56 483
5 57 182
58 5 988
5 59 825
60 5 602
61 5 113
62 5 949
5 63 789
64 5 372
65 5 877
5 66 629
67 5 164
68 5 110
69 5 601
5 70 714
71 5 863
72 5 338
5 73 167
5 74 631
75 5 100
6 7 997
6 8 822
9 6 173
6 10 155
6 11 980
12 6 247
6 13 537
6 14 284
6 15 359
16 6 417
6 17 473
18 6 620
19 6 674
6 20 192
6 21 481
22 6 239
23 6 854
6 24 774
6 25 21
6 26 273
6 27 310
28 6 960
6 29 280
30 6 843
6 31 479
32 6 62
6 33 889
34 6 466
6 35 171
36 6 569
37 6 299
38 6 479
6 39 570
40 6 881
6 41 179
42 6 941
6 43 23
6 44 685
6 45 495
6 47 325
48 6 57
6 49 377
50 6 445
6 51 611
52 6 858
53 6 103
6 54 92
6 55 585
56 6 486
6 57 874
6 58 819
59 6 12
6 60 750
6 61 916
6 62 13
63 6 765
64 6 868
65 6 861
66 6 431
6 67 117
6 68 436
6 69 656
70 6 177
6 71 574
72 6 470
73 6 652
6 74 863
6 75 357
7 8 385
9 7 240
10 7 513
7 11 817
7 12 144
13 7 748
7 14 852
15 7 566
16 7 788
17 7 166
7 18 164
19 7 978
20 7 889
7 21 272
7 22 645
23 7 363
24 7 253
7 25 777
26 7 957
27 7 200
28 7 973
7 29 378
30 7 164
31 7 464
32 7 515
33 7 266
34 7 72
7 35 663
7 36 225
37 7 63
38 7 563
7 39 249
40 7 731
41 7 283
7 42 673
7 43 492
44 7 429
45 7 821
7 46 164
7 47 246
7 48 617
7 49 708
7 50 107
51 7 647
52 7 305
7 53 551
54 7 487
55 7 385
56 7 527
57 7 256
58 7 852
59 7 195
60 7 968
7 61 576
62 7 3
7 63 808
64 7 685
7 65 306
66 7 238
67 7 473
7 68 366
69 7 112
7 70 173
7 71 420
72 7 218
7 73 249
74 7 774
75 7 701
9 8 162
10 8 223
11 8 802
12 8 135
8 13 250
14 8 628
15 8 449
8 16 380
17 8 474
18 8 665
8 19 690
8 20 48
21 8 463
8 22 975
23 8 442
8 24 681
8 25 656
8 26 472
8 28 958
8 29 887
8 30 273
31 8 550
8 32 752
33 8 549
8 34 379
8 35 283
36 8 593
37 8 629
8 38 515
39 8 681
8 40 250
8 41 549
42 8 107
43 8 142
44 8 650
8 45 166
8 46 752
8 47 997
48 8 78
49 8 800
50 8 442
8 51 623
8 52 974
53 8 625
8 54 820
8 55 734
56 8 941
8 57 573
8 58 639
8 59 464
8 60 445
61 8 914
8 62 696
8 63 402
8 64 159
65 8 582
8 66 634
8 67 986
68 8 158
8 69 798
70 8 267
71 8 45
8 72 813
74 8 803
8 75 774
9 10 830
9 11 707
12 9 450
13 9 778
14 9 479
9 15 508
9 16 315
18 9 273
9 19 25
20 9 197
21 9 953
22 9 850
23 9 914
9 24 919
25 9 933
26 9 129
27 9 123
28 9 136
29 9 635
9 30 921
9 31 217
32 9 631
33 9 413
34 9 850
35 9 677
9 36 80
9 37 343
38 9 746
9 39 441
40 9 554
41 9 81
9 42 59
43 9 539
9 44 646
45 9 255
9 46 488
47 9 916
9 48 453
49 9 77
50 9 469
51 9 52
9 52 382
9 53 181
9 54 649
55 9 496
56 9 993
9 57 236
9 58 130
9 59 597
9 61 852
62 9 138
9 63 608
64 9 479
9 65 35
66 9 461
9 67 184
9 68 873
69 9 540
9 70 226
9 71 847
9 72 505
9 73 368
9 74 904
75 9 504
10 11 143
12 10 722
10 13 381
10 14 590
15 10 321
16 10 991
17 10 116
10 18 141
10 19 103
10 20 340
21 10 544
10 22 460
10 23 312
24 10 955
25 10 672
10 26 596
10 27 165
10 28 445
29 10 999
10 30 755
31 10 362
32 10 452
33 10 622
10 34 817
35 10 975
10 36 405
10 37 45
10 38 917
10 39 395
40 10 274
10 41 33
10 42 231
43 10 187
44 10 93
45 10 412
46 10 855
10 47 647
10 48 602
10 49 601
10 50 344
10 51 925
10 52 797
10 53 316
10 54 677
10 55 640
56 10 127
10 57 172
58 10 868
10 59 87
10 60 894
10 61 510
10 62 623
10 63 758
64 10 776
10 65 994
66 10 637
67 10 867
10 68 240
10 69 851
10 70 243
10 71 218
72 10 514
73 10 781
74 10 746
75 10 45
12 11 68
11 13 91
14 11 62
15 11 619
16 11 205
11 17 955
11 18 234
19 11 627
20 11 706
21 11 389
11 22 670
11 23 372
24 11 347
11 25 916
11 26 370
11 27 787
11 28 865
29 11 480
11 30 724
11 31 114
11 32 413
33 11 473
34 11 593
35 11 119
36 11 279
11 38 301
39 11 674
40 11 515
41 11 750
11 42 547
43 11 96
11 44 278
11 45 815
46 11 47
11 47 21
48 11 676
49 11 151
11 50 737
11 51 793
52 11 232
53 11 689
11 54 171
11 55 367
56 11 538
11 57 347
11 58 881
11 59 771
11 60 766
61 11 416
11 62 200
11 63 842
11 64 580
65 11 901
66 11 946
67 11 55
68 11 696
69 11 413
11 70 808
71 11 903
11 72 598
73 11 133
11 74 42
11 75 339
13 12 488
14 12 323
12 15 542
12 16 267
12 17 860
18 12 790
19 12 860
12 20 686
21 12 939
12 22 124
12 23 228
12 24 443
25 12 978
12 26 7
12 27 479
28 12 882
12 29 451
12 30 357
31 12 72
12 33 931
12 34 607
12 35 353
12 36 477
37 12 388
12 38 734
12 39 505
12 40 576
41 12 793
42 12 687
12 43 333
12 44 398
45 12 834
46 12 359
12 47 24
12 48 995
49 12 475
50 12 746
51 12 51
12 52 789
12 53 499
12 54 923
55 12 337
56 12 683
12 57 353
12 58 997
12 59 105
12 60 688
12 61 347
12 62 468
63 12 83
12 64 28
65 12 415
66 12 87
67 12 698
68 12 606
12 69 749
70 12 550
71 12 731
72 12 918
73 12 658
74 12 472
12 75 308
14 13 403
13 15 261
13 16 728
17 13 36
18 13 252
13 19 232
13 20 618
21 13 213
22 13 829
23 13 103
13 24 397
25 13 666
26 13 972
27 13 581
28 13 436
13 29 658
30 13 598
13 31 412
32 13 260
33 13 431
34 13 248
13 35 849
36 13 647
37 13 440
38 13 373
13 39 556
40 13 79
13 41 787
13 42 896
43 13 196
44 13 959
45 13 874
13 46 122
47 13 232
13 48 84
13 49 244
51 13 444
13 52 26
13 53 987
13 54 580
13 55 759
56 13 958
13 57 839
58 13 580
13 59 259
60 13 868
61 13 488
62 13 585
13 63 358
13 64 559
65 13 265
13 66 454
67 13 789
68 13 916
69 13 682
13 70 654
71 13 548
13 72 476
13 73 674
74 13 647
13 75 669
14 15 395
14 16 640
17 14 632
18 14 1000
14 19 424
14 20 431
21 14 324
22 14 356
14 23 345
24 14 439
25 14 533
14 26 314
27 14 75
28 14 415
14 29 271
14 30 939
31 14 943
32 14 699
14 33 279
14 34 468
14 35 665
14 36 579
37 14 469
14 38 932
39 14 26
14 40 163
41 14 59
14 42 919
43 14 815
44 14 558
45 14 120
46 14 453
47 14 427
48 14 340
49 14 552
50 14 759
14 51 409
52 14 556
53 14 974
54 14 393
55 14 208
14 56 909
14 57 383
58 14 103
59 14 864
14 60 985
61 14 156
62 14 397
14 63 939
64 14 639
14 65 247
66 14 58
67 14 85
68 14 883
14 69 452
14 70 408
71 14 183
72 14 981
73 14 847
74 14 114
14 75 742
15 16 397
15 17 887
18 15 183
19 15 233
20 15 19
15 21 921
15 22 486
23 15 40
24 15 414
25 15 644
15 26 206
15 27 194
15 28 742
15 29 268
30 15 454
31 15 657
15 32 962
33 15 994
34 15 423
35 15 669
36 15 410
15 37 868
38 15 946
15 39 263
15 40 750
15 41 237
42 15 435
15 43 492
45 15 111
46 15 274
15 47 391
48 15 785
49 15 821
50 15 708
51 15 302
15 52 160
53 15 368
54 15 188
55 15 669
56 15 376
15 57 487
58 15 713
15 59 174
60 15 89
61 15 623
15 62 460
15 63 189
15 64 650
65 15 525
66 15 111
15 67 857
15 68 68
15 69 675
70 15 850
71 15 858
72 15 973
15 73 259
74 15 964
75 15 277
16 17 421
18 16 117
16 19 264
20 16 475
16 21 17
22 16 622
23 16 528
16 24 748
25 16 405
16 27 606
28 16 763
29 16 441
16 30 793
31 16 125
32 16 105
16 33 701
16 34 645
16 35 971
36 16 407
16 37 670
38 16 210
16 39 637
40 16 544
41 16 796
16 42 488
43 16 786
16 44 935
45 16 412
16 46 407
16 47 8
16 48 64
49 16 219
16 50 640
51 16 712
16 52 425
53 16 155
54 16 529
55 16 24
16 56 725
57 16 93
58 16 572
16 59 814
16 60 808
61 16 937
62 16 113
63 16 78
16 64 5
16 65 587
16 66 836
16 67 42
16 68 31
16 69 893
70 16 690
71 16 334
16 72 87
16 73 626
16 74 655
16 75 868
18 17 16
17 19 381
17 20 452
17 21 7
17 22 105
23 17 452
17 24 243
25 17 552
26 17 392
17 27 535
28 17 712
17 29 494
30 17 997
17 31 512
32 17 263
33 17 169
17 34 887
35 17 110
17 36 6
17 37 146
17 38 61
39 17 754
40 17 441
41 17 631
17 42 100
43 17 264
17 44 736
45 17 314
17 46 580
47 17 438
17 48 556
49 17 824
17 50 155
51 17 131
52 17 400
17 53 326
17 54 224
55 17 818
17 56 383
17 57 847
58 17 964
17 59 998
60 17 219
61 17 486
17 62 487
17 63 992
17 64 882
65 17 187
17 66 99
17 67 900
17 68 945
17 69 14
70 17 304
71 17 536
72 17 631
74 17 946
17 75 222
19 18 414
18 20 482
18 21 370
22 18 907
18 23 990
24 18 950
18 25 171
26 18 277
18 27 564
18 28 385
18 29 510
18 30 971
18 31 550
32 18 772
33 18 549
34 18 843
18 35 876
36 18 525
37 18 433
38 18 8
40 18 958
18 41 377
18 42 428
43 18 491
18 44 485
18 45 791
46 18 249
18 47 953
48 18 813
18 49 501
50 18 290
51 18 384
18 52 691
18 53 751
18 54 988
55 18 328
56 18 676
57 18 224
58 18 805
59 18 736
60 18 344
18 61 693
18 62 919
63 18 545
64 18 444
65 18 239
18 66 563
18 67 51
18 68 602
69 18 79
70 18 29
18 71 589
18 72 462
18 73 511
18 74 230
18 75 907
19 20 476
21 19 165
22 19 243
23 19 477
24 19 810
25 19 772
19 26 689
19 27 329
19 28 679
29 19 934
30 19 165
19 31 115
19 32 37
33 19 244
34 19 574
19 35 840
36 19 100
19 37 147
19 38 769
39 19 380
19 40 689
41 19 653
42 19 677
19 43 722
44 19 740
45 19 765
19 46 528
47 19 234
48 19 503
49 19 183
50 19 330
19 51 477
52 19 729
53 19 122
54 19 597
19 55 778
19 56 708
57 19 718
19 58 116
19 59 442
60 19 446
61 19 111
19 62 85
19 63 890
19 64 524
19 65 368
66 19 797
19 67 633
68 19 171
19 69 726
70 19 311
71 19 756
72 19 637
19 73 754
19 74 265
19 75 959
20 21 402
22 20 387
20 23 116
20 24 777
25 20 51
20 26 195
27 20 692
28 20 724
20 29 284
30 20 980
31 20 303
20 32 965
20 33 265
20 34 43
35 20 265
36 20 942
20 37 773
38 20 208
39 20 956
20 40 230
41 20 832
20 42 205
43 20 602
20 44 736
20 45 80
46 20 184
47 20 506
20 48 674
20 49 569
20 50 650
20 51 69
20 52 555
53 20 920
20 54 433
55 20 98
20 56 585
57 20 438
20 58 803
59 20 773
20 60 980
61 20 956
62 20 235
20 63 14
20 64 231
65 20 327
66 20 472
67 20 824
20 68 940
69 20 140
20 70 321
71 20 385
20 72 869
20 73 751
74 20 917
75 20 560
21 22 375
23 21 411
24 21 328
21 25 220
26 21 62
27 21 791
28 21 293
21 29 911
21 30 708
21 31 955
21 32 342
21 33 989
21 34 865
35 21 232
36 21 262
37 21 677
21 38 9
39 21 949
40 21 566
21 41 247
21 42 66
43 21 512
44 21 354
21 45 942
46 21 527
47 21 792
21 48 588
49 21 429
21 50 871
21 51 585
21 52 154
53 21 472
54 21 403
21 55 851
21 56 291
57 21 299
58 21 837
59 21 715
21 60 288
21 61 602
62 21 256
63 21 34
64 21 877
65 21 999
21 66 826
67 21 583
21 68 899
21 69 846
70 21 177
21 71 972
21 72 496
73 21 176
21 74 785
21 75 225
22 23 249
22 24 886
25 22 922
22 26 699
27 22 86
28 22 250
29 22 983
22 30 890
31 22 590
32 22 533
22 33 134
34 22 937
35 22 127
22 36 664
37 22 705
22 38 334
22 39 65
22 40 810
41 22 843
22 42 841
22 43 909
22 44 838
45 22 273
22 46 124
22 47 166
22 48 332
22 49 864
22 50 280
22 51 732
22 52 604
22 53 535
22 54 389
22 55 509
22 56 290
57 22 410
22 58 630
22 59 571
60 22 560
61 22 898
62 22 409
22 63 691
22 64 67
22 65 359
22 66 248
22 67 993
68 22 526
22 69 788
22 70 479
22 71 816
22 72 702
73 22 601
74 22 894
75 22 502
24 23 717
25 23 488
26 23 166
23 27 568
23 28 83
29 23 282
23 30 16
23 31 533
32 23 153
23 33 159
34 23 672
23 35 454
36 23 550
23 37 56
38 23 928
39 23 247
40 23 307
23 41 473
42 23 263
43 23 408
23 44 967
45 23 379
23 46 315
47 23 227
48 23 935
49 23 802
23 50 358
51 23 330
52 23 661
53 23 53
23 54 293
55 23 936
23 56 385
57 23 776
58 23 801
59 23 696
60 23 872
61 23 452
23 62 689
23 63 4
64 23 62
65 23 580
66 23 412
23 67 381
23 68 998
69 23 11
70 23 84
71 23 242
23 72 707
73 23 818
74 23 551
23 75 977
24 25 292
24 26 311
24 27 458
28 24 955
29 24 823
24 30 994
24 31 147
24 32 657
33 24 159
24 34 787
24 35 966
24 36 413
24 37 748
24 38 530
24 39 447
24 40 424
24 41 285
24 42 718
24 43 400
24 44 965
45 24 909
24 46 808
24 47 683
48 24 552
49 24 836
24 50 434
51 24 421
24 52 176
24 53 780
54 24 169
24 55 914
24 56 964
24 57 326
58 24 292
59 24 56
24 60 651
24 61 917
62 24 723
63 24 627
24 64 792
24 65 667
66 24 966
67 24 775
68 24 606
24 69 197
70 24 131
24 71 366
24 72 659
73 24 830
24 74 120
75 24 909
25 26 553
27 25 580
28 25 776
25 29 253
30 25 19
31 25 143
25 32 6
33 25 476
34 25 822
25 35 737
36 25 485
37 25 398
25 38 849
25 39 797
25 40 464
25 41 442
25 42 882
43 25 643
44 25 579
45 25 223
46 25 165
25 47 285
25 48 634
25 49 485
50 25 136
51 25 408
25 52 27
53 25 763
25 54 384
25 55 195
25 56 617
25 57 567
25 58 9
59 25 859
60 25 807
61 25 239
25 62 150
63 25 845
25 64 635
65 25 239
25 66 254
25 67 389
25 68 154
25 69 507
25 70 415
25 71 441
72 25 41
73 25 232
74 25 568
25 75 691
26 27 523
26 28 401
26 29 804
26 30 807
26 31 278
32 26 559
33 26 746
26 34 515
26 35 803
36 26 141
37 26 426
38 26 951
40 26 182
41 26 858
26 42 910
26 43 498
44 26 336
45 26 994
46 26 328
26 47 211
26 48 694
49 26 822
50 26 607
51 26 147
26 52 213
53 26 757
54 26 17
55 26 83
56 26 146
57 26 174
58 26 876
59 26 597
60 26 191
26 61 144
26 62 725
26 63 946
64 26 798
65 26 411
66 26 839
26 67 736
68 26 976
26 69 899
70 26 67
71 26 543
26 72 625
26 73 618
26 74 738
26 75 415
27 28 155
27 29 150
27 30 615
31 27 650
27 32 861
27 33 168
34 27 321
36 27 297
37 27 703
38 27 813
39 27 183
27 40 660
27 41 993
42 27 987
43 27 925
27 44 416
27 45 767
46 27 800
47 27 296
27 48 73
27 49 731
50 27 380
27 51 279
27 52 380
53 27 668
27 54 368
27 55 567
56 27 99
58 27 437
27 59 166
60 27 235
61 27 821
27 62 151
27 63 529
27 64 106
27 65 444
66 27 968
67 27 859
68 27 808
27 69 663
70 27 559
27 71 917
72 27 315
73 27 825
74 27 998
27 75 157
29 28 341
28 30 818
31 28 11
28 32 556
28 33 286
34 28 48
35 28 428
36 28 599
37 28 450
38 28 938
28 39 477
28 40 296
41 28 385
28 42 541
28 43 462
28 44 318
28 45 27
46 28 996
47 28 833
48 28 504
28 49 901
28 50 74
28 51 162
28 52 267
53 28 285
28 54 970
55 28 761
56 28 551
57 28 736
58 28 879
59 28 492
28 60 702
28 61 683
62 28 258
63 28 951
28 64 336
28 65 17
66 28 235
28 67 432
68 28 140
28 69 408
70 28 828
71 28 373
28 72 313
28 73 525
74 28 9
28 75 739
29 30 238
31 29 463
32 29 287
33 29 960
29 34 968
29 35 734
36 29 505
37 29 55
29 38 233
39 29 104
29 40 983
29 41 142
42 29 288
29 43 838
29 44 385
29 45 709
29 46 348
48 29 986
29 49 780
50 29 255
29 51 44
52 29 964
29 53 512
29 54 792
29 55 711
29 56 308
57 29 697
29 58 178
29 59 143
60 29 450
29 61 533
29 62 769
29 63 596
29 64 343
65 29 64
66 29 186
67 29 406
29 68 667
70 29 458
29 71 171
72 29 901
73 29 709
29 74 238
29 75 349
31 30 224
30 32 299
33 30 539
30 34 946
30 35 48
30 36 708
30 37 858
30 38 401
39 30 184
40 30 819
30 41 262
42 30 6
30 43 50
44 30 720
45 30 488
30 46 53
47 30 189
48 30 709
49 30 56
30 50 371
51 30 678
52 30 98
53 30 947
54 30 597
55 30 167
56 30 476
57 30 403
58 30 294
30 59 547
60 30 795
61 30 784
63 30 973
64 30 806
65 30 956
66 30 773
30 67 840
30 68 859
30 69 501
70 30 674
71 30 228
72 30 810
30 73 843
30 74 301
30 75 189
31 32 144
33 31 449
31 34 319
35 31 594
31 36 176
37 31 639
31 38 310
31 39 854
40 31 908
31 41 229
42 31 688
31 43 373
44 31 815
45 31 138
31 46 564
31 47 781
31 48 900
49 31 753
50 31 706
51 31 46
52 31 599
31 53 532
31 55 385
56 31 773
57 31 361
58 31 777
59 31 77
60 31 983
61 31 763
31 62 559
31 63 230
31 64 340
65 31 722
31 66 868
31 67 307
31 68 371
69 31 983
70 31 208
31 71 411
31 72 457
73 31 36
31 74 291
32 33 274
34 32 972
35 32 17
32 36 953
32 37 455
38 32 60
32 39 334
40 32 670
41 32 553
32 42 119
43 32 571
32 44 945
32 45 295
32 46 938
32 47 358
32 48 89
49 32 508
50 32 706
51 32 176
32 52 214
32 53 124
54 32 345
55 32 456
32 56 945
32 57 730
58 32 543
32 59 901
32 61 195
32 62 787
32 63 912
32 64 514
32 65 47
32 66 599
67 32 101
32 68 489
32 69 83
70 32 426
71 32 920
32 72 187
32 73 521
32 74 822
32 75 502
33 34 21
33 35 862
36 33 769
37 33 698
38 33 370
39 33 560
40 33 371
33 41 928
42 33 94
43 33 324
44 33 253
45 33 14
33 46 522
33 47 393
48 33 58
33 49 355
33 50 589
33 51 589
52 33 692
33 53 342
54 33 734
55 33 381
56 33 913
57 33 315
33 58 671
33 59 580
60 33 233
33 61 66
33 62 831
33 63 801
33 64 351
65 33 318
66 33 74
33 67 999
68 33 895
69 33 529
70 33 593
33 71 85
72 33 922
73 33 566
33 74 389
33 75 866
35 34 91
34 36 726
37 34 741
34 38 161
34 39 384
34 40 382
41 34 439
42 34 573
43 34 425
34 44 313
45 34 363
46 34 226
34 47 500
48 34 227
34 49 288
34 50 860
34 51 727
52 34 3
53 34 167
54 34 911
34 55 344
34 56 359
34 57 376
58 34 818
34 59 384
60 34 169
34 61 231
34 62 381
34 63 888
64 34 969
34 65 403
34 66 257
67 34 117
68 34 596
69 34 125
34 70 184
34 71 502
34 72 601
73 34 825
74 34 677
34 75 901
36 35 306
37 35 942
35 38 565
39 35 645
40 35 356
41 35 65
42 35 527
43 35 575
44 35 167
35 45 332
35 46 167
47 35 244
35 48 710
35 49 890
35 50 275
35 51 934
35 52 624
53 35 970
35 54 703
35 55 425
56 35 12
57 35 375
35 58 373
59 35 364
60 35 648
35 61 240
62 35 528
63 35 286
64 35 902
65 35 326
66 35 668
67 35 460
68 35 133
69 35 831
35 70 394
71 35 598
72 35 95
35 73 647
74 35 272
35 75 357
36 37 57
36 38 86
39 36 783
40 36 525
36 41 249
42 36 564
36 43 461
36 44 558
36 45 156
36 46 133
36 47 994
36 48 658
36 49 53
36 50 906
36 51 18
36 52 243
36 53 562
36 54 10
36 55 402
56 36 731
36 57 89
58 36 917
59 36 22
60 36 494
61 36 214
36 62 430
36 63 707
36 64 647
65 36 95
66 36 83
36 67 518
68 36 538
69 36 357
70 36 126
36 71 785
72 36 112
73 36 503
36 74 774
36 75 206
38 37 404
37 39 245
37 40 331
41 37 273
42 37 710
43 37 233
37 44 183
45 37 820
37 46 181
37 47 970
48 37 638
49 37 867
50 37 331
51 37 128
37 52 596
37 53 723
54 37 105
55 37 184
56 37 917
37 57 763
37 58 879
37 59 769
60 37 98
61 37 484
37 62 468
63 37 288
64 37 911
37 65 205
37 66 874
67 37 697
68 37 18
69 37 820
37 70 385
71 37 260
37 72 163
37 73 279
74 37 721
37 75 805
38 39 340
38 40 800
41 38 92
42 38 912
43 38 593
38 44 596
38 45 800
38 46 639
47 38 63
38 48 994
49 38 164
50 38 100
38 51 979
52 38 70
53 38 130
38 54 869
55 38 161
38 56 627
57 38 458
38 58 607
38 59 358
38 60 572
61 38 845
38 62 678
63 38 19
64 38 706
38 65 276
66 38 212
38 67 239
68 38 304
38 69 155
38 70 540
71 38 543
72 38 271
73 38 760
74 38 754
75 38 430
40 39 978
41 39 886
42 39 885
39 43 29
39 44 438
39 45 99
46 39 909
47 39 281
48 39 57
49 39 88
39 50 454
51 39 466
39 52 335
39 53 953
39 54 694
39 55 765
56 39 360
39 57 29
39 59 58
39 60 343
61 39 636
62 39 974
63 39 623
39 64 733
39 65 977
39 66 863
67 39 498
39 68 293
69 39 242
70 39 768
39 71 849
72 39 335
39 73 819
74 39 755
39 75 469
41 40 293
40 42 143
40 43 428
40 44 155
40 45 527
46 40 192
47 40 442
48 40 678
40 49 763
40 50 170
40 51 247
40 52 320
53 40 868
54 40 864
40 55 70
40 56 423
40 57 435
58 40 979
59 40 682
60 40 726
40 61 320
62 40 948
63 40 605
40 64 198
65 40 249
40 66 249
67 40 737
40 68 427
40 69 410
40 70 930
40 71 973
40 72 193
40 73 620
40 74 326
40 75 8
42 41 861
43 41 320
44 41 439
41 45 138
46 41 643
41 47 708
48 41 232
41 49 810
41 50 400
41 51 652
52 41 403
41 53 736
54 41 735
55 41 470
41 56 8
41 57 463
58 41 156
41 59 381
60 41 57
41 61 935
62 41 607
41 63 941
41 64 437
65 41 199
41 66 26
41 67 868
41 68 178
69 41 374
41 70 310
41 71 676
72 41 673
41 73 889
41 74 271
75 41 126
43 42 842
42 44 730
42 45 405
46 42 341
42 47 124
42 48 381
49 42 741
50 42 928
42 51 555
42 52 182
42 53 497
54 42 885
55 42 698
56 42 348
42 57 98
42 58 646
59 42 589
60 42 91
42 61 749
62 42 539
42 63 322
64 42 373
65 42 223
42 66 332
42 67 305
68 42 993
69 42 73
70 42 969
42 71 354
72 42 89
73 42 846
74 42 93
42 75 813
44 43 779
45 43 614
46 43 785
47 43 292
48 43 349
43 49 512
50 43 643
51 43 249
43 52 617
43 53 216
43 54 443
55 43 606
43 56 723
57 43 970
43 58 236
43 59 350
60 43 695
61 43 387
62 43 602
43 63 339
43 64 192
43 65 334
43 66 18
67 43 821
68 43 256
69 43 924
43 70 309
71 43 581
43 72 683
43 73 199
43 74 332
43 75 636
44 45 215
46 44 208
44 47 52
44 48 117
49 44 99
50 44 429
51 44 385
52 44 103
44 53 989
44 54 689
44 55 906
44 56 33
44 57 171
58 44 505
44 59 130
60 44 231
44 61 515
44 62 511
44 63 335
44 64 513
44 65 430
66 44 902
44 67 893
44 68 805
44 69 29
70 44 883
44 71 114
72 44 873
73 44 497
74 44 138
44 75 221
46 45 674
47 45 158
45 48 5
49 45 163
50 45 630
45 51 809
52 45 757
53 45 886
54 45 286
45 55 406
45 56 551
57 45 434
58 45 155
45 59 151
60 45 260
45 61 365
62 45 458
45 63 468
45 64 366
65 45 330
45 67 490
68 45 979
69 45 114
70 45 476
71 45 648
45 72 281
73 45 429
74 45 25
75 45 558
47 46 970
48 46 385
46 49 90
50 46 369
46 51 624
52 46 585
53 46 573
54 46 551
55 46 617
56 46 793
46 57 747
58 46 439
46 59 959
46 60 434
61 46 578
62 46 4
63 46 623
46 64 800
65 46 646
46 66 616
46 67 519
46 68 944
69 46 626
46 70 993
46 71 510
72 46 686
73 46 577
46 74 636
75 46 343
48 47 870
47 49 116
50 47 818
47 51 612
52 47 450
47 53 489
54 47 231
55 47 969
47 56 801
47 57 19
58 47 836
59 47 929
60 47 137
47 61 996
47 62 392
63 47 544
64 47 610
65 47 837
47 66 749
67 47 100
47 68 410
47 69 319
47 70 946
71 47 517
47 72 232
73 47 242
74 47 415
75 47 291
49 48 28
50 48 674
51 48 329
48 52 384
48 53 580
48 54 69
48 55 20
56 48 230
57 48 108
48 58 124
48 59 538
48 60 503
61 48 527
62 48 540
63 48 267
48 64 844
48 65 172
66 48 768
48 67 438
68 48 790
48 69 723
48 70 49
48 71 730
48 72 875
48 73 529
48 74 595
48 75 990
50 49 187
49 51 193
49 52 808
53 49 611
54 49 808
55 49 520
49 56 634
57 49 78
58 49 326
49 59 337
60 49 894
49 61 356
49 62 607
63 49 469
64 49 302
49 65 650
49 66 325
49 67 269
68 49 357
49 69 135
49 70 14
71 49 739
72 49 963
73 49 774
49 74 968
49 75 366
51 50 527
50 52 684
50 53 310
54 50 686
55 50 314
56 50 803
57 50 881
58 50 475
59 50 302
60 50 752
61 50 967
62 50 666
63 50 11
64 50 920
50 65 252
50 66 895
50 67 711
50 68 263
50 69 434
70 50 334
50 71 635
50 72 90
74 50 564
75 50 564
51 52 207
53 51 842
54 51 248
51 55 763
51 56 394
51 57 289
58 51 986
51 59 93
51 60 681
51 61 349
62 51 797
51 63 967
64 51 537
51 65 195
51 66 288
51 67 328
51 68 988
69 51 598
70 51 995
51 71 976
51 72 452
51 73 770
74 51 34
51 75 704
52 53 677
54 52 398
55 52 852
52 56 109
57 52 197
58 52 840
59 52 61
60 52 34
52 61 40
52 62 987
52 63 343
52 64 125
52 65 578
52 66 935
67 52 459
52 68 28
69 52 394
70 52 959
52 71 140
52 72 986
73 52 722
74 52 525
52 75 696
53 54 534
55 53 893
53 56 120
53 57 833
53 58 381
53 59 841
60 53 724
61 53 305
62 53 785
53 63 879
64 53 943
65 53 514
53 66 707
53 67 105
68 53 369
69 53 492
53 70 886
71 53 125
72 53 972
53 73 952
53 74 71
53 75 19
55 54 442
56 54 249
54 57 20
54 58 320
59 54 146
54 60 594
54 61 421
54 62 786
63 54 201
64 54 395
54 65 365
66 54 794
54 67 828
68 54 40
69 54 240
54 70 45
71 54 380
72 54 258
73 54 772
54 74 417
75 54 115
56 55 120
57 55 60
58 55 379
59 55 886
60 55 698
55 61 644
55 62 586
63 55 292
64 55 721
55 65 34
66 55 564
67 55 410
55 68 515
70 55 932
71 55 217
55 72 921
73 55 705
55 74 833
75 55 63
56 57 367
58 56 601
56 59 601
60 56 501
61 56 144
56 62 610
56 63 948
56 64 669
65 56 889
56 66 223
56 67 651
68 56 113
69 56 245
70 56 452
71 56 486
56 72 34
56 73 530
74 56 413
56 75 57
58 57 707
57 59 1
57 60 811
57 61 338
57 62 420
57 63 33
57 64 397
65 57 432
66 57 957
57 67 29
68 57 456
57 69 274
57 70 69
71 57 475
72 57 285
73 57 98
74 57 434
57 75 306
59 58 397
60 58 428
58 61 572
58 62 809
58 63 846
58 64 180
58 65 619
66 58 914
58 67 778
58 68 915
69 58 694
58 70 327
58 71 624
58 72 968
58 73 873
58 74 6
75 58 620
60 59 436
59 61 244
59 62 863
63 59 187
64 59 594
65 59 955
59 66 231
59 67 47
68 59 578
59 69 886
70 59 70
59 71 384
72 59 623
73 59 662
59 74 229
59 75 412
61 60 825
62 60 260
63 60 447
64 60 81
60 65 603
66 60 899
67 60 471
68 60 978
60 69 389
70 60 656
60 71 428
60 72 846
60 73 648
60 74 677
60 75 141
61 62 892
63 61 446
61 64 355
61 65 950
61 66 636
61 67 174
61 68 385
61 69 183
61 70 44
71 61 280
72 61 380
61 73 90
74 61 757
75 61 436
62 63 965
62 64 225
62 65 596
66 62 359
67 62 914
62 68 738
69 62 212
70 62 787
62 71 259
72 62 661
62 73 891
62 74 352
62 75 999
63 64 198
63 65 530
63 66 893
63 67 913
68 63 350
69 63 139
63 70 459
71 63 368
63 72 305
73 63 162
63 75 420
65 64 538
66 64 301
67 64 777
64 68 180
64 69 472
70 64 99
71 64 179
72 64 721
73 64 646
74 64 786
75 64 39
65 66 72
65 67 494
65 68 452
69 65 527
70 65 995
65 71 296
65 72 597
65 73 921
65 74 993
65 75 414
67 66 552
66 68 387
69 66 590
66 70 853
71 66 737
66 72 564
66 73 181
66 74 162
66 75 346
67 68 855
67 69 456
67 70 339
67 71 573
67 72 179
73 67 3
67 74 7
75 67 887
68 69 179
68 70 777
71 68 203
72 68 274
68 73 25
74 68 527
68 75 86
69 70 225
69 71 564
69 72 793
69 73 83
74 69 161
75 69 281
70 71 556
70 72 422
73 70 385
70 74 270
75 70 630
71 72 26
71 73 589
71 74 710
71 75 939
73 72 339
74 72 439
72 75 195
74 73 156
75 73 948
74 75 242

TERMINALS
1
2
5
11
13
17
27
28
29
30
34
38
46
50
51
54
56
65
71

R
1 2 5
1 3 3
1 4 4
1 5 4
1 6 1
1 7 3
1 8 3
1 9 5
1 10 2
1 11 1
1 12 2
1 13 5
1 14 3
1 15 5
1 16 5
1 17 4
1 18 1
1 19 2
1 20 2
1 21 2
1 22 1
1 23 1
1 24 2
1 25 4
1 26 2
1 27 3
1 28 4
1 29 3
1 30 2
1 31 4
1 32 1
1 33 1
1 34 3
1 35 4
1 36 2
1 37 4
1 38 1
1 39 1
1 40 3
1 41 4
1 42 1
1 43 4
1 44 5
1 45 5
1 46 5
1 47 5
1 48 3
1 49 5
1 50 1
1 51 1
1 52 4
1 53 1
1 54 4
1 55 5
1 56 2
1 57 5
1 58 4
1 59 2
1 60 4
1 61 5
1 62 5
1 63 4
1 64 3
1 65 3
1 66 5
1 67 1
1 68 3
1 69 5
1 70 1
1 71 2
1 72 1
1 73 4
1 74 1
1 75 5
2 1 3
2 3 2
2 4 4
2 5 3
2 6 4
2 7 2
2 8 3
2 9 2
2 10 2
2 11 3
2 12 3
2 13 5
2 14 3
2 15 2
2 16 2
2 17 3
2 18 3
2 19 3
2 20 2
2 21 2
2 22 5
2 23 1
2 24 2
2 25 4
2 26 2
2 27 5
2 28 1
2 29 2
2 30 3
2 31 3
2 32 4
2 33 2
2 34 4
2 35 4
2 36 4
2 37 4
2 38 5
2 39 4
2 40 2
2 41 4
2 42 1
2 43 5
2 44 3
2 45 5
2 46 3
2 47 4
2 48 3
2 49 5
2 50 2
2 51 1
2 52 2
2 53 3
2 54 1
2 55 5
2 56 4
2 57 4
2 58 4
2 59 4
2 60 3
2 61 3
2 62 1
2 63 1
2 64 2
2 65 1
2 66 1
2 67 2
2 68 5
2 69 3
2 70 5
2 71 3
2 72 1
2 73 3
2 74 4
2 75 3
3 1 4
3 2 1
3 4 4
3 5 3
3 6 3
3 7 2
3 8 3
3 9 1
3 10 1
3 11 5
3 12 5
3 13 4
3 14 4
3 15 1
3 16 2
3 17 3
3 18 5
3 19 4
3 20 5
3 21 1
3 22 5
3 23 5
3 24 3
3 25 1
3 26 2
3 27 4
3 28 3
3 29 4
3 30 1
3 31 4
3 32 4
3 33 2
3 34 4
3 35 2
3 36 4
3 37 1
3 38 5
3 39 4
3 40 1
3 41 5
3 42 3
3 43 3
3 44 4
3 45 3
3 46 3
3 47 2
3 48 2
3 49 4
3 50 1
3 51 1
3 52 5
3 53 2
3 54 3
3 55 4
3 56 2
3 57 4
3 58 2
3 59 1
3 60 3
3 61 5
3 62 4
3 63 3
3 64 1
3 65 5
3 66 4
3 67 1
3 68 2
3 69 3
3 70 1
3 71 5
3 72 4
3 73 4
3 74 2
3 75 4
4 1 3
4 2 1
4 3 1
4 5 2
4 6 4
4 7 1
4 8 2
4 9 5
4 10 4
4 11 4
4 12 3
4 13 5
4 14 5
4 15 2
4 16 2
4 17 4
4 18 1
4 19 1
4 20 1
4 21 3
4 22 2
4 23 4
4 24 5
4 25 3
4 26 3
4 27 1
4 28 2
4 29 3
4 30 1
4 31 3
4 32 2
4 33 5
4 34 5
4 35 2
4 36 1
4 37 4
4 38 4
4 39 3
4 40 3
4 41 2
4 42 1
4 43 3
4 44 3
4 45 2
4 46 4
4 47 4
4 48 5
4 49 4
4 50 1
4 51 5
4 52 3
4 53 2
4 54 5
4 55 2
4 56 5
4 57 4
4 58 2
4 59 1
4 60 2
4 61 4
4 62 1
4 63 3
4 64 4
4 65 5
4 66 4
4 67 4
4 68 3
4 69 4
4 70 1
4 71 3
4 72 5
4 73 4
4 74 5
4 75 2
5 1 5
5 2 3
5 3 5
5 4 2
5 6 3
5 7 1
5 8 1
5 9 2
5 10 2
5 11 3
5 12 3
5 13 3
5 14 1
5 15 2
5 16 4
5 17 2
5 18 5
5 19 4
5 20 4
5 21 5
5 22 3
5 23 4
5 24 4
5 25 3
5 26 2
5 27 1
5 28 2
5 29 1
5 30 1
5 31 3
5 32 4
5 33 3
5 34 5
5 35 4
5 36 4
5 37 4
5 38 1
5 39 1
5 40 5
5 41 4
5 42 3
5 43 4
5 44 2
5 45 4
5 46 2
5 47 5
5 48 5
5 49 4
5 50 5
5 51 4
5 52 3
5 53 4
5 54 2
5 55 3
5 56 1
5 57 4
5 58 4
5 59 4
5 60 1
5 61 1
5 62 1
5 63 5
5 64 3
5 65 2
5 66 5
5 67 1
5 68 2
5 69 5
5 70 2
5 71 1
5 72 3
5 73 4
5 74 2
5 75 4
6 1 2
6 2 5
6 3 5
6 4 4
6 5 3
6 7 4
6 8 4
6 9 3
6 10 5
6 11 5
6 12 5
6 13 5
6 14 5
6 15 5
6 16 1
6 17 3
6 18 1
6 19 1
6 20 2
6 21 5
6 22 3
6 23 3
6 24 1
6 25 4
6 26 2
6 27 4
6 28 2
6 29 1
6 30 4
6 31 5
6 32 2
6 33 3
6 34 4
6 35 1
6 36 1
6 37 4
6 38 2
6 39 4
6 40 3
6 41 1
6 42 5
6 43 2
6 44 2
6 45 2
6 46 4
6 47 2
6 48 4
6 49 1
6 50 5
6 51 2
6 52 5
6 53 2
6 54 4
6 55 2
6 56 2
6 57 2
6 58 2
6 59 5
6 60 2
6 61 1
6 62 4
6 63 5
6 64 5
6 65 5
6 66 1
6 67 5
6 68 5
6 69 4
6 70 5
6 71 2
6 72 1
6 73 4
6 74 5
6 75 2
7 1 2
7 2 5
7 3 1
7 4 5
7 5 5
7 6 5
7 8 3
7 9 2
7 10 3
7 11 3
7 12 3
7 13 1
7 14 4
7 15 2
7 16 1
7 17 3
7 18 2
7 19 1
7 20 4
7 21 3
7 22 2
7 23 1
7 24 2
7 25 3
7 26 4
7 27 3
7 28 4
7 29 4
7 30 3
7 31 1
7 32 3
7 33 5
7 34 5
7 35 3
7 36 1
7 37 2
7 38 4
7 39 4
7 40 3
7 41 1
7 42 1
7 43 2
7 44 3
7 45 2
7 46 3
7 47 5
7 48 1
7 49 1
7 50 3
7 51 4
7 52 3
7 53 4
7 54 5
7 55 1
7 56 2
7 57 5
7 58 3
7 59 2
7 60 4
7 61 1
7 62 2
7 63 1
7 64 5
7 65 4
7 66 5
7 67 5
7 68 5
7 69 3
7 70 5
7 71 2
7 72 5
7 73 3
7 74 3
7 75 2
8 1 4
8 2 3
8 3 2
8 4 1
8 5 3
8 6 4
8 7 1
8 9 1
8 10 4
8 11 2
8 12 1
8 13 2
8 14 4
8 15 4
8 16 4
8 17 2
8 18 1
8 19 2
8 20 4
8 21 5
8 22 5
8 23 5
8 24 4
8 25 4
8 26 2
8 27 1
8 28 2
8 29 3
8 30 3
8 31 2
8 32 1
8 33 1
8 34 4
8 35 2
8 36 3
8 37 1
8 38 2
8 39 5
8 40 3
8 41 3
8 42 2
8 43 1
8 44 4
8 45 5
8 46 1
8 47 4
8 48 3
8 49 1
8 50 3
8 51 3
8 52 2
8 53 4
8 54 2
8 55 5
8 56 5
8 57 5
8 58 2
8 59 1
8 60 4
8 61 4
8 62 4
8 63 4
8 64 4
8 65 2
8 66 3
8 67 3
8 68 5
8 69 1
8 70 3
8 71 4
8 72 3
8 73 1
8 74 4
8 75 4
9 1 2
9 2 1
9 3 4
9 4 1
9 5 1
9 6 1
9 7 3
9 8 2
9 10 2
9 11 1
9 12 4
9 13 1
9 14 2
9 15 5
9 16 3
9 17 5
9 18 4
9 19 2
9 20 5
9 21 4
9 22 3
9 23 2
9 24 4
9 25 4
9 26 3
9 27 3
9 28 3
9 29 2
9 30 3
9 31 3
9 32 5
9 33 1
9 34 4
9 35 1
9 36 1
9 37 1
9 38 1
9 39 5
9 40 5
9 41 2
9 42 2
9 43 3
9 44 4
9 45 5
9 46 4
9 47 2
9 48 4
9 49 4
9 50 3
9 51 5
9 52 5
9 53 2
9 54 2
9 55 3
9 56 3
9 57 1
9 58 5
9 59 5
9 60 4
9 61 4
9 62 4
9 63 1
9 64 4
9 65 4
9 66 1
9 67 1
9 68 5
9 69 3
9 70 5
9 71 4
9 72 2
9 73 3
9 74 3
9 75 5
10 1 2
10 2 3
10 3 1
10 4 2
10 5 2
10 6 5
10 7 1
10 8 1
10 9 4
10 11 4
10 12 5
10 13 1
10 14 1
10 15 1
10 16 5
10 17 5
10 18 4
10 19 5
10 20 5
10 21 4
10 22 4
10 23 5
10 24 4
10 25 5
10 26 4
10 27 5
10 28 3
10 29 5
10 30 2
10 31 2
10 32 5
10 33 5
10 34 4
10 35 2
10 36 1
10 37 2
10 38 4
10 39 1
10 40 4
10 41 2
10 42 2
10 43 3
10 44 2
10 45 2
10 46 5
10 47 3
10 48 1
10 49 3
10 50 2
10 51 2
10 52 1
10 53 2
10 54 3
10 55 1
10 56 1
10 57 2
10 58 2
10 59 5
10 60 1
10 61 5
10 62 1
10 63 2
10 64 4
10 65 2
10 66 4
10 67 4
10 68 5
10 69 2
10 70 5
10 71 4
10 72 3
10 73 3
10 74 3
10 75 1
11 1 4
11 2 3
11 3 3
11 4 2
11 5 2
11 6 1
11 7 5
11 8 5
11 9 3
11 10 3
11 12 2
11 13 3
11 14 4
11 15 4
11 16 5
11 17 1
11 18 3
11 19 5
11 20 3
11 21 2
11 22 3
11 23 3
11 24 5
11 25 5
11 26 1
11 27 1
11 28 3
11 29 5
11 30 5
11 31 2
11 32 5
11 33 4
11 34 1
11 35 2
11 36 2
11 37 5
11 38 4
11 39 1
11 40 4
11 41 1
11 42 5
11 43 2
11 44 1
11 45 3
11 46 5
11 47 5
11 48 1
11 49 5
11 50 1
11 51 3
11 52 1
11 53 1
11 54 2
11 55 2
11 56 5
11 57 2
11 58 5
11 59 4
11 60 1
11 61 4
11 62 5
11 63 5
11 64 4
11 65 3
11 66 3
11 67 5
11 68 4
11 69 1
11 70 3
11 71 2
11 72 4
11 73 2
11 74 5
11 75 4
12 1 2
12 2 5
12 3 5
12 4 2
12 5 4
12 6 5
12 7 1
12 8 1
12 9 5
12 10 2
12 11 2
12 13 4
12 14 5
12 15 3
12 16 2
12 17 5
12 18 2
12 19 4
12 20 1
12 21 5
12 22 3
12 23 5
12 24 2
12 25 1
12 26 2
12 27 1
12 28 4
12 29 2
12 30 2
12 31 3
12 32 5
12 33 5
12 34 4
12 35 1
12 36 1
12 37 2
12 38 1
12 39 3
12 40 4
12 41 2
12 42 1
12 43 3
12 44 1
12 45 5
12 46 5
12 47 4
12 48 1
12 49 1
12 50 4
12 51 3
12 52 3
12 53 3
12 54 4
12 55 1
12 56 3
12 57 3
12 58 1
12 59 3
12 60 4
12 61 4
12 62 3
12 63 1
12 64 4
12 65 1
12 66 1
12 67 1
12 68 5
12 69 1
12 70 4
12 71 3
12 72 5
12 73 1
12 74 5
12 75 5
13 1 1
13 2 5
13 3 5
13 4 3
13 5 2
13 6 1
13 7 3
13 8 1
13 9 3
13 10 1
13 11 1
13 12 3
13 14 5
13 15 3
13 16 5
13 17 4
13 18 2
13 19 2
13 20 1
13 21 5
13 22 3
13 23 1
13 24 2
13 25 2
13 26 4
13 27 5
13 28 1
13 29 3
13 30 1
13 31 1
13 32 4
13 33 3
13 34 5
13 35 5
13 36 2
13 37 3
13 38 5
13 39 4
13 40 4
13 41 3
13 42 2
13 43 1
13 44 5
13 45 3
13 46 1
13 47 1
13 48 1
13 49 2
13 50 3
13 51 3
13 52 3
13 53 2
13 54 1
13 55 4
13 56 5
13 57 1
13 58 1
13 59 5
13 60 3
13 61 3
13 62 5
13 63 3
13 64 5
13 65 1
13 66 4
13 67 3
13 68 1
13 69 4
13 70 4
13 71 4
13 72 3
13 73 2
13 74 1
13 75 4
14 1 4
14 2 1
14 3 4
14 4 2
14 5 4
14 6 3
14 7 4
14 8 1
14 9 4
14 10 4
14 11 2
14 12 3
14 13 4
14 15 2
14 16 5
14 17 3
14 18 4
14 19 4
14 20 2
14 21 5
14 22 2
14 23 1
14 24 2
14 25 2
14 26 4
14 27 5
14 28 2
14 29 3
14 30 3
14 31 2
14 32 1
14 33 2
14 34 5
14 35 4
14 36 3
14 37 3
14 38 4
14 39 3
14 40 1
14 41 2
14 42 2
14 43 2
14 44 2
14 45 2
14 46 5
14 47 1
14 48 2
14 49 3
14 50 1
14 51 3
14 52 4
14 53 2
14 54 3
14 55 2
14 56 5
14 57 3
14 58 4
14 59 1
14 60 5
14 61 1
14 62 5
14 63 2
14 64 2
14 65 1
14 66 3
14 67 4
14 68 5
14 69 1
14 70 4
14 71 5
14 72 4
14 73 5
14 74 3
14 75 5
15 1 3
15 2 2
15 3 2
15 4 4
15 5 1
15 6 5
15 7 4
15 8 1
15 9 1
15 10 1
15 11 3
15 12 3
15 13 1
15 14 1
15 16 3
15 17 2
15 18 1
15 19 4
15 20 4
15 21 3
15 22 1
15 23 1
15 24 3
15 25 1
15 26 1
15 27 1
15 28 5
15 29 1
15 30 2
15 31 5
15 32 3
15 33 2
15 34 3
15 35 4
15 36 5
15 37 4
15 38 3
15 39 5
15 40 1
15 41 1
15 42 1
15 43 3
15 44 5
15 45 3
15 46 3
15 47 4
15 48 4
15 49 4
15 50 3
15 51 2
15 52 3
15 53 3
15 54 4
15 55 2
15 56 5
15 57 1
15 58 5
15 59 5
15 60 2
15 61 3
15 62 1
15 63 4
15 64 4
15 65 3
15 66 4
15 67 1
15 68 3
15 69 4
15 70 5
15 71 4
15 72 1
15 73 2
15 74 1
15 75 5
16 1 4
16 2 1
16 3 3
16 4 5
16 5 1
16 6 2
16 7 1
16 8 3
16 9 2
16 10 2
16 11 1
16 12 1
16 13 2
16 14 5
16 15 2
16 17 5
16 18 3
16 19 2
16 20 5
16 21 3
16 22 2
16 23 1
16 24 3
16 25 4
16 26 1
16 27 3
16 28 4
16 29 1
16 30 4
16 31 2
16 32 2
16 33 5
16 34 2
16 35 1
16 36 4
16 37 2
16 38 5
16 39 1
16 40 1
16 41 1
16 42 2
16 43 1
16 44 3
16 45 1
16 46 3
16 47 2
16 48 5
16 49 5
16 50 3
16 51 2
16 52 2
16 53 1
16 54 2
16 55 2
16 56 2
16 57 2
16 58 4
16 59 5
16 60 4
16 61 4
16 62 1
16 63 2
16 64 5
16 65 4
16 66 2
16 67 3
16 68 5
16 69 3
16 70 1
16 71 2
16 72 5
16 73 2
16 74 3
16 75 3
17 1 4
17 2 2
17 3 4
17 4 1
17 5 1
17 6 3
17 7 2
17 8 4
17 9 1
17 10 5
17 11 5
17 12 2
17 13 1
17 14 5
17 15 1
17 16 1
17 18 1
17 19 4
17 20 2
17 21 5
17 22 2
17 23 5
17 24 5
17 25 4
17 26 5
17 27 5
17 28 2
17 29 4
17 30 1
17 31 1
17 32 1
17 33 2
17 34 2
17 35 1
17 36 2
17 37 4
17 38 1
17 39 3
17 40 5
17 41 1
17 42 2
17 43 4
17 44 2
17 45 4
17 46 1
17 47 4
17 48 1
17 49 1
17 50 2
17 51 4
17 52 2
17 53 1
17 54 5
17 55 1
17 56 1
17 57 4
17 58 5
17 59 2
17 60 3
17 61 3
17 62 3
17 63 5
17 64 4
17 65 4
17 66 1
17 67 2
17 68 5
17 69 1
17 70 4
17 71 4
17 72 1
17 73 2
17 74 4
17 75 4
18 1 2
18 2 4
18 3 2
18 4 4
18 5 1
18 6 1
18 7 2
18 8 5
18 9 1
18 10 3
18 11 5
18 12 1
18 13 2
18 14 2
18 15 4
18 16 1
18 17 1
18 19 1
18 20 5
18 21 1
18 22 2
18 23 5
18 24 2
18 25 1
18 26 2
18 27 2
18 28 4
18 29 4
18 30 3
18 31 2
18 32 2
18 33 1
18 34 3
18 35 1
18 36 4
18 37 5
18 38 1
18 39 2
18 40 4
18 41 1
18 42 4
18 43 1
18 44 3
18 45 2
18 46 4
18 47 1
18 48 2
18 49 4
18 50 4
18 51 2
18 52 4
18 53 2
18 54 3
18 55 2
18 56 2
18 57 2
18 58 3
18 59 2
18 60 5
18 61 2
18 62 5
18 63 4
18 64 2
18 65 4
18 66 1
18 67 2
18 68 4
18 69 1
18 70 5
18 71 4
18 72 3
18 73 3
18 74 1
18 75 5
19 1 2
19 2 4
19 3 2
19 4 3
19 5 4
19 6 5
19 7 1
19 8 2
19 9 1
19 10 1
19 11 5
19 12 4
19 13 2
19 14 2
19 15 2
19 16 3
19 17 3
19 18 4
19 20 3
19 21 4
19 22 4
19 23 3
19 24 2
19 25 4
19 26 3
19 27 1
19 28 3
19 29 5
19 30 1
19 31 3
19 32 1
19 33 2
19 34 4
19 35 3
19 36 1
19 37 2
19 38 4
19 39 4
19 40 1
19 41 2
19 42 4
19 43 5
19 44 2
19 45 2
19 46 2
19 47 1
19 48 1
19 49 4
19 50 4
19 51 1
19 52 5
19 53 2
19 54 3
19 55 1
19 56 1
19 57 3
19 58 4
19 59 5
19 60 4
19 61 4
19 62 4
19 63 2
19 64 5
19 65 2
19 66 4
19 67 2
19 68 4
19 69 4
19 70 5
19 71 4
19 72 2
19 73 5
19 74 3
19 75 4
20 1 3
20 2 1
20 3 4
20 4 1
20 5 5
20 6 4
20 7 1
20 8 1
20 9 2
20 10 5
20 11 1
20 12 2
20 13 4
20 14 4
20 15 3
20 16 3
20 17 4
20 18 2
20 19 1
20 21 5
20 22 3
20 23 1
20 24 2
20 25 3
20 26 4
20 27 3
20 28 3
20 29 1
20 30 5
20 31 1
20 32 1
20 33 4
20 34 3
20 35 4
20 36 4
20 37 2
20 38 4
20 39 4
20 40 2
20 41 5
20 42 1
20 43 5
20 44 4
20 45 4
20 46 5
20 47 1
20 48 3
20 49 4
20 50 4
20 51 3
20 52 5
20 53 4
20 54 3
20 55 1
20 56 1
20 57 2
20 58 1
20 59 4
20 60 4
20 61 2
20 62 1
20 63 4
20 64 5
20 65 3
20 66 4
20 67 4
20 68 2
20 69 4
20 70 4
20 71 5
20 72 3
20 73 4
20 74 1
20 75 3
21 1 5
21 2 1
21 3 1
21 4 2
21 5 1
21 6 4
21 7 5
21 8 5
21 9 2
21 10 4
21 11 3
21 12 5
21 13 2
21 14 5
21 15 5
21 16 5
21 17 1
21 18 2
21 19 5
21 20 2
21 22 1
21 23 5
21 24 2
21 25 2
21 26 3
21 27 3
21 28 2
21 29 3
21 30 3
21 31 4
21 32 5
21 33 2
21 34 4
21 35 2
21 36 4
21 37 1
21 38 1
21 39 5
21 40 3
21 41 4
21 42 3
21 43 2
21 44 3
21 45 5
21 46 3
21 47 4
21 48 1
21 49 5
21 50 5
21 51 3
21 52 1
21 53 1
21 54 2
21 55 3
21 56 4
21 57 2
21 58 2
21 59 2
21 60 1
21 61 4
21 62 1
21 63 2
21 64 1
21 65 1
21 66 4
21 67 1
21 68 2
21 69 4
21 70 2
21 71 1
21 72 4
21 73 1
21 74 2
21 75 2
22 1 2
22 2 4
22 3 2
22 4 3
22 5 3
22 6 2
22 7 2
22 8 5
22 9 4
22 10 3
22 11 4
22 12 2
22 13 1
22 14 5
22 15 4
22 16 1
22 17 4
22 18 4
22 19 3
22 20 1
22 21 4
22 23 1
22 24 3
22 25 5
22 26 1
22 27 4
22 28 2
22 29 4
22 30 1
22 31 3
22 32 2
22 33 3
22 34 3
22 35 4
22 36 2
22 37 2
22 38 2
22 39 3
22 40 2
22 41 5
22 42 2
22 43 5
22 44 1
22 45 3
22 46 2
22 47 4
22 48 3
22 49 2
22 50 4
22 51 2
22 52 2
22 53 3
22 54 4
22 55 4
22 56 4
22 57 4
22 58 4
22 59 1
22 60 5
22 61 4
22 62 5
22 63 3
22 64 1
22 65 3
22 66 3
22 67 2
22 68 4
22 69 4
22 70 1
22 71 2
22 72 5
22 73 3
22 74 4
22 75 1
23 1 5
23 2 5
23 3 1
23 4 4
23 5 1
23 6 5
23 7 1
23 8 4
23 9 4
23 10 4
23 11 2
23 12 2
23 13 5
23 14 2
23 15 2
23 16 1
23 17 5
23 18 2
23 19 3
23 20 3
23 21 1
23 22 1
23 24 1
23 25 4
23 26 1
23 27 2
23 28 3
23 29 1
23 30 1
23 31 1
23 32 3
23 33 5
23 34 5
23 35 3
23 36 5
23 37 2
23 38 4
23 39 2
23 40 5
23 41 2
23 42 3
23 43 1
23 44 1
23 45 2
23 46 4
23 47 2
23 48 2
23 49 5
23 50 5
23 51 1
23 52 2
23 53 5
23 54 1
23 55 5
23 56 1
23 57 4
23 58 3
23 59 5
23 60 4
23 61 3
23 62 5
23 63 1
23 64 2
23 65 1
23 66 5
23 67 1
23 68 2
23 69 1
23 70 3
23 71 1
23 72 4
23 73 5
23 74 1
23 75 4
24 1 3
24 2 1
24 3 3
24 4 1
24 5 5
24 6 4
24 7 3
24 8 2
24 9 1
24 10 1
24 11 3
24 12 3
24 13 4
24 14 5
24 15 2
24 16 2
24 17 2
24 18 1
24 19 4
24 20 5
24 21 1
24 22 5
24 23 5
24 25 2
24 26 2
24 27 4
24 28 4
24 29 1
24 30 5
24 31 1
24 32 1
24 33 4
24 34 1
24 35 3
24 36 1
24 37 5
24 38 2
24 39 4
24 40 3
24 41 2
24 42 4
24 43 5
24 44 4
24 45 2
24 46 4
24 47 2
24 48 5
24 49 5
24 50 2
24 51 5
24 52 4
24 53 4
24 54 4
24 55 1
24 56 2
24 57 1
24 58 1
24 59 5
24 60 3
24 61 3
24 62 5
24 63 3
24 64 3
24 65 5
24 66 1
24 67 4
24 68 1
24 69 4
24 70 2
24 71 4
24 72 5
24 73 5
24 74 5
24 75 5
25 1 3
25 2 4
25 3 1
25 4 2
25 5 5
25 6 4
25 7 1
25 8 1
25 9 4
25 10 1
25 11 3
25 12 2
25 13 1
25 14 5
25 15 1
25 16 3
25 17 2
25 18 2
25 19 3
25 20 5
25 21 3
25 22 3
25 23 5
25 24 3
25 26 1
25 27 1
25 28 3
25 29 2
25 30 2
25 31 3
25 32 3
25 33 4
25 34 1
25 35 5
25 36 2
25 37 2
25 38 5
25 39 4
25 40 2
25 41 3
25 42 4
25 43 1
25 44 4
25 45 2
25 46 1
25 47 1
25 48 1
25 49 2
25 50 2
25 51 3
25 52 3
25 53 1
25 54 5
25 55 2
25 56 3
25 57 2
25 58 4
25 59 1
25 60 5
25 61 5
25 62 5
25 63 4
25 64 5
25 65 2
25 66 3
25 67 3
25 68 3
25 69 2
25 70 1
25 71 2
25 72 1
25 73 5
25 74 2
25 75 1
26 1 3
26 2 4
26 3 1
26 4 3
26 5 3
26 6 4
26 7 1
26 8 5
26 9 4
26 10 2
26 11 4
26 12 4
26 13 1
26 14 4
26 15 1
26 16 2
26 17 4
26 18 5
26 19 1
26 20 5
26 21 1
26 22 5
26 23 3
26 24 5
26 25 4
26 27 5
26 28 1
26 29 4
26 30 4
26 31 5
26 32 5
26 33 3
26 34 3
26 35 2
26 36 1
26 37 5
26 38 1
26 39 3
26 40 2
26 41 1
26 42 4
26 43 5
26 44 4
26 45 1
26 46 3
26 47 4
26 48 3
26 49 3
26 50 5
26 51 3
26 52 5
26 53 5
26 54 2
26 55 4
26 56 5
26 57 5
26 58 3
26 59 2
26 60 1
26 61 4
26 62 1
26 63 2
26 64 1
26 65 4
26 66 3
26 67 3
26 68 5
26 69 3
26 70 5
26 71 1
26 72 4
26 73 1
26 74 2
26 75 4
27 1 1
27 2 5
27 3 3
27 4 3
27 5 4
27 6 2
27 7 2
27 8 5
27 9 4
27 10 1
27 11 3
27 12 5
27 13 2
27 14 1
27 15 1
27 16 4
27 17 1
27 18 4
27 19 5
27 20 1
27 21 4
27 22 3
27 23 4
27 24 3
27 25 2
27 26 5
27 28 4
27 29 2
27 30 5
27 31 5
27 32 1
27 33 1
27 34 1
27 35 5
27 36 5
27 37 2
27 38 3
27 39 2
27 40 1
27 41 1
27 42 4
27 43 4
27 44 2
27 45 5
27 46 1
27 47 5
27 48 4
27 49 1
27 50 3
27 51 5
27 52 3
27 53 1
27 54 2
27 55 3
27 56 5
27 57 4
27 58 3
27 59 5
27 60 2
27 61 2
27 62 2
27 63 2
27 64 4
27 65 2
27 66 1
27 67 4
27 68 5
27 69 1
27 70 2
27 71 1
27 72 3
27 73 5
27 74 1
27 75 5
28 1 1
28 2 1
28 3 4
28 4 4
28 5 3
28 6 1
28 7 1
28 8 2
28 9 3
28 10 2
28 11 5
28 12 4
28 13 2
28 14 4
28 15 4
28 16 4
28 17 2
28 18 5
28 19 2
28 20 1
28 21 3
28 22 5
28 23 1
28 24 3
28 25 5
28 26 2
28 27 5
28 29 2
28 30 1
28 31 5
28 32 3
28 33 1
28 34 2
28 35 1
28 36 2
28 37 1
28 38 3
28 39 2
28 40 2
28 41 2
28 42 5
28 43 3
28 44 1
28 45 2
28 46 3
28 47 4
28 48 2
28 49 5
28 50 3
28 51 5
28 52 2
28 53 2
28 54 4
28 55 2
28 56 4
28 57 5
28 58 3
28 59 5
28 60 4
28 61 5
28 62 4
28 63 1
28 64 5
28 65 2
28 66 4
28 67 3
28 68 2
28 69 1
28 70 4
28 71 1
28 72 5
28 73 4
28 74 3
28 75 5
29 1 2
29 2 1
29 3 3
29 4 5
29 5 2
29 6 2
29 7 4
29 8 3
29 9 5
29 10 5
29 11 1
29 12 4
29 13 1
29 14 3
29 15 3
29 16 4
29 17 4
29 18 4
29 19 2
29 20 3
29 21 5
29 22 5
29 23 1
29 24 4
29 25 2
29 26 1
29 27 4
29 28 1
29 30 1
29 31 1
29 32 2
29 33 4
29 34 3
29 35 4
29 36 3
29 37 1
29 38 2
29 39 4
29 40 5
29 41 2
29 42 3
29 43 5
29 44 2
29 45 5
29 46 4
29 47 1
29 48 4
29 49 2
29 50 1
29 51 2
29 52 2
29 53 1
29 54 1
29 55 2
29 56 4
29 57 4
29 58 4
29 59 2
29 60 5
29 61 5
29 62 4
29 63 1
29 64 3
29 65 4
29 66 2
29 67 3
29 68 4
29 69 5
29 70 1
29 71 4
29 72 3
29 73 5
29 74 3
29 75 1
30 1 4
30 2 4
30 3 2
30 4 2
30 5 5
30 6 4
30 7 3
30 8 1
30 9 4
30 10 5
30 11 4
30 12 4
30 13 1
30 14 3
30 15 2
30 16 2
30 17 4
30 18 3
30 19 4
30 20 1
30 21 1
30 22 5
30 23 5
30 24 4
30 25 2
30 26 5
30 27 4
30 28 1
30 29 4
30 31 2
30 32 2
30 33 3
30 34 2
30 35 5
30 36 1
30 37 1
30 38 3
30 39 1
30 40 4
30 41 4
30 42 2
30 43 2
30 44 2
30 45 2
30 46 1
30 47 1
30 48 3
30 49 4
30 50 3
30 51 2
30 52 2
30 53 5
30 54 3
30 55 1
30 56 3
30 57 1
30 58 3
30 59 2
30 60 2
30 61 1
30 62 5
30 63 3
30 64 5
30 65 1
30 66 2
30 67 3
30 68 3
30 69 1
30 70 3
30 71 1
30 72 4
30 73 4
30 74 5
30 75 1
31 1 3
31 2 5
31 3 3
31 4 5
31 5 1
31 6 5
31 7 1
31 8 4
31 9 4
31 10 1
31 11 1
31 12 3
31 13 1
31 14 3
31 15 1
31 16 2
31 17 1
31 18 2
31 19 1
31 20 2
31 21 2
31 22 4
31 23 4
31 24 2
31 25 5
31 26 1
31 27 2
31 28 3
31 29 2
31 30 3
31 32 5
31 33 4
31 34 3
31 35 2
31 36 5
31 37 5
31 38 3
31 39 3
31 40 5
31 41 3
31 42 3
31 43 5
31 44 3
31 45 5
31 46 5
31 47 3
31 48 2
31 49 2
31 50 5
31 51 2
31 52 3
31 53 3
31 54 1
31 55 2
31 56 4
31 57 5
31 58 4
31 59 3
31 60 4
31 61 2
31 62 5
31 63 4
31 64 2
31 65 4
31 66 5
31 67 2
31 68 3
31 69 5
31 70 4
31 71 4
31 72 2
31 73 3
31 74 4
31 75 4
32 1 2
32 2 5
32 3 4
32 4 5
32 5 1
32 6 3
32 7 2
32 8 5
32 9 2
32 10 4
32 11 1
32 12 1
32 13 5
32 14 2
32 15 3
32 16 3
32 17 3
32 18 4
32 19 3
32 20 5
32 21 3
32 22 5
32 23 3
32 24 2
32 25 4
32 26 3
32 27 1
32 28 2
32 29 5
32 30 1
32 31 1
32 33 1
32 34 5
32 35 4
32 36 1
32 37 2
32 38 3
32 39 4
32 40 1
32 41 1
32 42 4
32 43 4
32 44 1
32 45 5
32 46 5
32 47 5
32 48 2
32 49 4
32 50 4
32 51 2
32 52 5
32 53 3
32 54 1
32 55 2
32 56 4
32 57 4
32 58 4
32 59 4
32 60 5
32 61 3
32 62 4
32 63 2
32 64 1
32 65 5
32 66 2
32 67 3
32 68 1
32 69 1
32 70 3
32 71 4
32 72 2
32 73 1
32 74 2
32 75 4
33 1 2
33 2 1
33 3 1
33 4 5
33 5 1
33 6 1
33 7 1
33 8 1
33 9 3
33 10 1
33 11 2
33 12 1
33 13 1
33 14 1
33 15 2
33 16 1
33 17 5
33 18 5
33 19 4
33 20 2
33 21 2
33 22 1
33 23 4
33 24 4
33 25 3
33 26 3
33 27 2
33 28 4
33 29 3
33 30 3
33 31 5
33 32 1
33 34 5
33 35 5
33 36 1
33 37 1
33 38 5
33 39 1
33 40 1
33 41 2
33 42 2
33 43 4
33 44 2
33 45 2
33 46 1
33 47 3
33 48 4
33 49 1
33 50 5
33 51 5
33 52 2
33 53 3
33 54 5
33 55 3
33 56 1
33 57 4
33 58 5
33 59 5
33 60 3
33 61 5
33 62 2
33 63 2
33 64 5
33 65 4
33 66 3
33 67 5
33 68 1
33 69 2
33 70 3
33 71 3
33 72 5
33 73 4
33 74 1
33 75 3
34 1 2
34 2 2
34 3 3
34 4 3
34 5 4
34 6 2
34 7 2
34 8 2
34 9 1
34 10 3
34 11 1
34 12 1
34 13 1
34 14 1
34 15 5
34 16 5
34 17 2
34 18 4
34 19 3
34 20 3
34 21 4
34 22 5
34 23 5
34 24 4
34 25 3
34 26 2
34 27 1
34 28 2
34 29 2
34 30 3
34 31 5
34 32 3
34 33 4
34 35 2
34 36 5
34 37 4
34 38 5
34 39 3
34 40 3
34 41 5
34 42 5
34 43 3
34 44 2
34 45 1
34 46 5
34 47 4
34 48 5
34 49 3
34 50 2
34 51 5
34 52 1
34 53 5
34 54 4
34 55 5
34 56 5
34 57 2
34 58 3
34 59 5
34 60 3
34 61 4
34 62 2
34 63 4
34 64 3
34 65 3
34 66 5
34 67 3
34 68 3
34 69 4
34 70 2
34 71 5
34 72 3
34 73 2
34 74 3
34 75 2
35 1 4
35 2 4
35 3 5
35 4 5
35 5 2
35 6 3
35 7 4
35 8 2
35 9 2
35 10 3
35 11 3
35 12 3
35 13 1
35 14 5
35 15 2
35 16 5
35 17 5
35 18 5
35 19 4
35 20 2
35 21 4
35 22 5
35 23 1
35 24 2
35 25 4
35 26 3
35 27 1
35 28 3
35 29 1
35 30 5
35 31 1
35 32 4
35 33 4
35 34 5
35 36 3
35 37 5
35 38 2
35 39 2
35 40 3
35 41 5
35 42 1
35 43 2
35 44 2
35 45 3
35 46 3
35 47 5
35 48 4
35 49 2
35 50 2
35 51 4
35 52 5
35 53 5
35 54 4
35 55 1
35 56 3
35 57 4
35 58 3
35 59 4
35 60 3
35 61 3
35 62 5
35 63 4
35 64 3
35 65 5
35 66 5
35 67 5
35 68 1
35 69 2
35 70 3
35 71 3
35 72 3
35 73 3
35 74 1
35 75 2
36 1 2
36 2 3
36 3 1
36 4 1
36 5 1
36 6 4
36 7 4
36 8 1
36 9 1
36 10 4
36 11 3
36 12 3
36 13 2
36 14 2
36 15 3
36 16 2
36 17 1
36 18 3
36 19 5
36 20 3
36 21 2
36 22 4
36 23 4
36 24 3
36 25 2
36 26 2
36 27 2
36 28 5
36 29 1
36 30 5
36 31 3
36 32 3
36 33 4
36 34 5
36 35 5
36 37 2
36 38 4
36 39 5
36 40 2
36 41 4
36 42 4
36 43 1
36 44 1
36 45 2
36 46 2
36 47 4
36 48 3
36 49 2
36 50 3
36 51 2
36 52 1
36 53 1
36 54 3
36 55 4
36 56 3
36 57 1
36 58 5
36 59 2
36 60 2
36 61 3
36 62 3
36 63 4
36 64 5
36 65 1
36 66 4
36 67 1
36 68 2
36 69 4
36 70 5
36 71 5
36 72 2
36 73 3
36 74 5
36 75 4
37 1 5
37 2 3
37 3 4
37 4 4
37 5 1
37 6 1
37 7 1
37 8 1
37 9 4
37 10 5
37 11 5
37 12 3
37 13 5
37 14 1
37 15 4
37 16 4
37 17 3
37 18 1
37 19 2
37 20 4
37 21 4
37 22 2
37 23 1
37 24 2
37 25 5
37 26 1
37 27 2
37 28 3
37 29 5
37 30 3
37 31 4
37 32 1
37 33 1
37 34 2
37 35 5
37 36 1
37 38 5
37 39 2
37 40 4
37 41 3
37 42 1
37 43 5
37 44 5
37 45 2
37 46 2
37 47 1
37 48 5
37 49 5
37 50 3
37 51 4
37 52 5
37 53 1
37 54 5
37 55 1
37 56 3
37 57 2
37 58 3
37 59 1
37 60 4
37 61 4
37 62 3
37 63 2
37 64 5
37 65 5
37 66 1
37 67 4
37 68 3
37 69 5
37 70 5
37 71 1
37 72 4
37 73 2
37 74 2
37 75 5
38 1 5
38 2 3
38 3 5
38 4 5
38 5 4
38 6 5
38 7 5
38 8 4
38 9 2
38 10 4
38 11 1
38 12 1
38 13 5
38 14 5
38 15 1
38 16 1
38 17 3
38 18 1
38 19 2
38 20 2
38 21 5
38 22 2
38 23 2
38 24 4
38 25 3
38 26 3
38 27 1
38 28 3
38 29 4
38 30 2
38 31 3
38 32 1
38 33 5
38 34 4
38 35 2
38 36 3
38 37 3
38 39 1
38 40 3
38 41 5
38 42 4
38 43 3
38 44 5
38 45 1
38 46 4
38 47 1
38 48 1
38 49 2
38 50 3
38 51 4
38 52 5
38 53 4
38 54 1
38 55 2
38 56 3
38 57 5
38 58 1
38 59 3
38 60 3
38 61 2
38 62 5
38 63 2
38 64 2
38 65 1
38 66 5
38 67 3
38 68 3
38 69 3
38 70 3
38 71 1
38 72 2
38 73 3
38 74 5
38 75 3
39 1 3
39 2 4
39 3 5
39 4 5
39 5 2
39 6 2
39 7 4
39 8 1
39 9 3
39 10 1
39 11 4
39 12 5
39 13 5
39 14 5
39 15 4
39 16 4
39 17 3
39 18 5
39 19 5
39 20 4
39 21 5
39 22 2
39 23 1
39 24 3
39 25 4
39 26 5
39 27 5
39 28 2
39 29 4
39 30 4
39 31 1
39 32 2
39 33 2
39 34 1
39 35 1
39 36 3
39 37 4
39 38 1
39 40 1
39 41 1
39 42 1
39 43 1
39 44 2
39 45 3
39 46 2
39 47 1
39 48 1
39 49 4
39 50 2
39 51 3
39 52 2
39 53 2
39 54 4
39 55 4
39 56 1
39 57 4
39 58 5
39 59 5
39 60 2
39 61 4
39 62 3
39 63 4
39 64 5
39 65 2
39 66 4
39 67 2
39 68 1
39 69 3
39 70 5
39 71 3
39 72 5
39 73 5
39 74 4
39 75 2
40 1 2
40 2 5
40 3 4
40 4 5
40 5 4
40 6 5
40 7 2
40 8 2
40 9 3
40 10 2
40 11 3
40 12 3
40 13 2
40 14 2
40 15 4
40 16 5
40 17 5
40 18 4
40 19 3
40 20 1
40 21 5
40 22 4
40 23 5
40 24 2
40 25 1
40 26 4
40 27 5
40 28 5
40 29 3
40 30 5
40 31 1
40 32 2
40 33 4
40 34 4
40 35 1
40 36 4
40 37 1
40 38 2
40 39 1
40 41 3
40 42 5
40 43 5
40 44 3
40 45 3
40 46 1
40 47 1
40 48 2
40 49 1
40 50 4
40 51 1
40 52 3
40 53 5
40 54 4
40 55 2
40 56 2
40 57 4
40 58 2
40 59 3
40 60 1
40 61 2
40 62 2
40 63 3
40 64 3
40 65 5
40 66 4
40 67 3
40 68 1
40 69 1
40 70 1
40 71 3
40 72 3
40 73 5
40 74 2
40 75 5
41 1 4
41 2 2
41 3 3
41 4 5
41 5 4
41 6 3
41 7 5
41 8 2
41 9 3
41 10 4
41 11 5
41 12 1
41 13 4
41 14 2
41 15 3
41 16 1
41 17 3
41 18 4
41 19 1
41 20 2
41 21 5
41 22 4
41 23 4
41 24 2
41 25 1
41 26 1
41 27 4
41 28 3
41 29 5
41 30 2
41 31 5
41 32 3
41 33 1
41 34 2
41 35 4
41 36 1
41 37 4
41 38 5
41 39 2
41 40 3
41 42 5
41 43 4
41 44 5
41 45 1
41 46 2
41 47 2
41 48 1
41 49 1
41 50 2
41 51 1
41 52 2
41 53 4
41 54 1
41 55 2
41 56 2
41 57 1
41 58 2
41 59 1
41 60 1
41 61 3
41 62 4
41 63 5
41 64 2
41 65 4
41 66 3
41 67 2
41 68 5
41 69 3
41 70 1
41 71 3
41 72 3
41 73 1
41 74 3
41 75 2
42 1 1
42 2 1
42 3 1
42 4 3
42 5 1
42 6 4
42 7 1
42 8 4
42 9 2
42 10 1
42 11 2
42 12 4
42 13 4
42 14 3
42 15 1
42 16 1
42 17 2
42 18 1
42 19 2
42 20 3
42 21 5
42 22 1
42 23 4
42 24 1
42 25 3
42 26 2
42 27 5
42 28 2
42 29 2
42 30 3
42 31 4
42 32 4
42 33 3
42 34 4
42 35 1
42 36 1
42 37 4
42 38 1
42 39 4
42 40 1
42 41 4
42 43 1
42 44 1
42 45 2
42 46 5
42 47 3
42 48 4
42 49 2
42 50 3
42 51 5
42 52 1
42 53 4
42 54 5
42 55 2
42 56 4
42 57 4
42 58 3
42 59 1
42 60 1
42 61 4
42 62 3
42 63 1
42 64 2
42 65 2
42 66 1
42 67 4
42 68 4
42 69 4
42 70 5
42 71 3
42 72 4
42 73 3
42 74 5
42 75 1
43 1 1
43 2 1
43 3 3
43 4 1
43 5 2
43 6 3
43 7 5
43 8 5
43 9 1
43 10 1
43 11 1
43 12 2
43 13 4
43 14 3
43 15 2
43 16 1
43 17 3
43 18 1
43 19 1
43 20 1
43 21 4
43 22 1
43 23 4
43 24 3
43 25 2
43 26 5
43 27 2
43 28 2
43 29 2
43 30 1
43 31 3
43 32 4
43 33 3
43 34 2
43 35 4
43 36 2
43 37 4
43 38 5
43 39 1
43 40 5
43 41 5
43 42 1
43 44 3
43 45 1
43 46 5
43 47 4
43 48 1
43 49 2
43 50 1
43 51 2
43 52 4
43 53 4
43 54 4
43 55 2
43 56 1
43 57 5
43 58 2
43 59 2
43 60 2
43 61 5
43 62 4
43 63 1
43 64 1
43 65 4
43 66 2
43 67 1
43 68 5
43 69 1
43 70 1
43 71 5
43 72 2
43 73 2
43 74 2
43 75 4
44 1 2
44 2 3
44 3 4
44 4 5
44 5 4
44 6 4
44 7 3
44 8 4
44 9 2
44 10 1
44 11 5
44 12 5
44 13 3
44 14 3
44 15 3
44 16 4
44 17 5
44 18 2
44 19 4
44 20 2
44 21 5
44 22 2
44 23 2
44 24 1
44 25 2
44 26 4
44 27 5
44 28 5
44 29 1
44 30 3
44 31 5
44 32 4
44 33 5
44 34 3
44 35 3
44 36 5
44 37 1
44 38 5
44 39 3
44 40 5
44 41 3
44 42 4
44 43 1
44 45 5
44 46 4
44 47 3
44 48 5
44 49 3
44 50 4
44 51 5
44 52 4
44 53 5
44 54 1
44 55 2
44 56 5
44 57 5
44 58 1
44 59 1
44 60 1
44 61 3
44 62 5
44 63 1
44 64 1
44 65 1
44 66 3
44 67 1
44 68 2
44 69 1
44 70 2
44 71 1
44 72 2
44 73 4
44 74 5
44 75 2
45 1 5
45 2 5
45 3 4
45 4 4
45 5 4
45 6 5
45 7 5
45 8 4
45 9 4
45 10 3
45 11 5
45 12 1
45 13 2
45 14 2
45 15 3
45 16 4
45 17 4
45 18 3
45 19 4
45 20 2
45 21 5
45 22 4
45 23 4
45 24 2
45 25 4
45 26 5
45 27 2
45 28 2
45 29 1
45 30 3
45 31 3
45 32 2
45 33 2
45 34 3
45 35 3
45 36 5
45 37 2
45 38 2
45 39 3
45 40 3
45 41 4
45 42 5
45 43 5
45 44 2
45 46 1
45 47 2
45 48 1
45 49 2
45 50 1
45 51 4
45 52 5
45 53 1
45 54 4
45 55 3
45 56 2
45 57 4
45 58 4
45 59 3
45 60 5
45 61 4
45 62 3
45 63 2
45 64 3
45 65 4
45 66 2
45 67 5
45 68 1
45 69 3
45 70 1
45 71 5
45 72 5
45 73 2
45 74 4
45 75 4
46 1 3
46 2 2
46 3 3
46 4 3
46 5 3
46 6 3
46 7 4
46 8 2
46 9 3
46 10 4
46 11 1
46 12 1
46 13 3
46 14 4
46 15 1
46 16 2
46 17 5
46 18 3
46 19 1
46 20 2
46 21 1
46 22 2
46 23 1
46 24 3
46 25 4
46 26 3
46 27 3
46 28 1
46 29 4
46 30 3
46 31 1
46 32 2
46 33 4
46 34 5
46 35 1
46 36 3
46 37 3
46 38 1
46 39 4
46 40 2
46 41 5
46 42 4
46 43 5
46 44 2
46 45 5
46 47 5
46 48 5
46 49 4
46 50 2
46 51 5
46 52 2
46 53 4
46 54 3
46 55 2
46 56 4
46 57 4
46 58 1
46 59 1
46 60 1
46 61 5
46 62 3
46 63 1
46 64 3
46 65 4
46 66 1
46 67 3
46 68 1
46 69 5
46 70 1
46 71 5
46 72 3
46 73 2
46 74 5
46 75 2
47 1 5
47 2 1
47 3 1
47 4 4
47 5 1
47 6 4
47 7 1
47 8 2
47 9 5
47 10 3
47 11 5
47 12 3
47 13 3
47 14 1
47 15 5
47 16 3
47 17 5
47 18 2
47 19 4
47 20 4
47 21 5
47 22 1
47 23 1
47 24 3
47 25 5
47 26 3
47 27 4
47 28 2
47 29 4
47 30 3
47 31 1
47 32 3
47 33 1
47 34 1
47 35 4
47 36 1
47 37 2
47 38 4
47 39 3
47 40 3
47 41 3
47 42 2
47 43 5
47 44 1
47 45 4
47 46 4
47 48 3
47 49 5
47 50 2
47 51 3
47 52 3
47 53 4
47 54 3
47 55 1
47 56 3
47 57 4
47 58 3
47 59 1
47 60 3
47 61 4
47 62 5
47 63 3
47 64 3
47 65 5
47 66 5
47 67 1
47 68 1
47 69 1
47 70 4
47 71 5
47 72 5
47 73 4
47 74 3
47 75 4
48 1 4
48 2 2
48 3 4
48 4 1
48 5 1
48 6 3
48 7 4
48 8 1
48 9 3
48 10 3
48 11 1
48 12 5
48 13 2
48 14 5
48 15 5
48 16 1
48 17 3
48 18 4
48 19 3
48 20 1
48 21 4
48 22 4
48 23 1
48 24 1
48 25 2
48 26 2
48 27 5
48 28 1
48 29 5
48 30 2
48 31 5
48 32 5
48 33 5
48 34 5
48 35 5
48 36 1
48 37 2
48 38 5
48 39 3
48 40 1
48 41 3
48 42 3
48 43 5
48 44 1
48 45 2
48 46 1
48 47 1
48 49 2
48 50 5
48 51 3
48 52 4
48 53 5
48 54 1
48 55 1
48 56 5
48 57 2
48 58 2
48 59 1
48 60 3
48 61 3
48 62 4
48 63 4
48 64 2
48 65 4
48 66 5
48 67 4
48 68 1
48 69 4
48 70 3
48 71 3
48 72 4
48 73 5
48 74 5
48 75 1
49 1 5
49 2 3
49 3 1
49 4 5
49 5 4
49 6 2
49 7 4
49 8 4
49 9 1
49 10 2
49 11 5
49 12 2
49 13 5
49 14 3
49 15 4
49 16 2
49 17 1
49 18 3
49 19 2
49 20 4
49 21 1
49 22 2
49 23 2
49 24 1
49 25 5
49 26 2
49 27 3
49 28 5
49 29 1
49 30 4
49 31 5
49 32 3
49 33 1
49 34 1
49 35 4
49 36 2
49 37 2
49 38 5
49 39 5
49 40 5
49 41 1
49 42 1
49 43 3
49 44 5
49 45 4
49 46 2
49 47 4
49 48 4
49 50 4
49 51 2
49 52 4
49 53 4
49 54 5
49 55 1
49 56 1
49 57 4
49 58 2
49 59 3
49 60 1
49 61 4
49 62 1
49 63 5
49 64 3
49 65 3
49 66 2
49 67 4
49 68 1
49 69 1
49 70 3
49 71 3
49 72 5
49 73 5
49 74 3
49 75 2
50 1 1
50 2 1
50 3 3
50 4 1
50 5 1
50 6 1
50 7 3
50 8 5
50 9 1
50 10 4
50 11 2
50 12 1
50 13 5
50 14 5
50 15 5
50 16 5
50 17 5
50 18 2
50 19 4
50 20 5
50 21 5
50 22 3
50 23 3
50 24 2
50 25 3
50 26 2
50 27 4
50 28 2
50 29 3
50 30 2
50 31 5
50 32 5
50 33 2
50 34 3
50 35 1
50 36 5
50 37 5
50 38 5
50 39 1
50 40 3
50 41 3
50 42 2
50 43 5
50 44 2
50 45 3
50 46 5
50 47 1
50 48 4
50 49 1
50 51 2
50 52 3
50 53 2
50 54 4
50 55 2
50 56 1
50 57 1
50 58 5
50 59 4
50 60 4
50 61 2
50 62 5
50 63 3
50 64 2
50 65 4
50 66 2
50 67 4
50 68 5
50 69 2
50 70 3
50 71 5
50 72 1
50 73 2
50 74 3
50 75 5
51 1 1
51 2 5
51 3 4
51 4 1
51 5 3
51 6 2
51 7 4
51 8 3
51 9 5
51 10 2
51 11 4
51 12 5
51 13 4
51 14 4
51 15 4
51 16 2
51 17 2
51 18 5
51 19 2
51 20 5
51 21 5
51 22 3
51 23 5
51 24 4
51 25 1
51 26 2
51 27 5
51 28 1
51 29 1
51 30 2
51 31 1
51 32 1
51 33 1
51 34 1
51 35 3
51 36 1
51 37 2
51 38 2
51 39 5
51 40 4
51 41 5
51 42 3
51 43 3
51 44 1
51 45 3
51 46 3
51 47 4
51 48 2
51 49 5
51 50 5
51 52 3
51 53 4
51 54 5
51 55 3
51 56 5
51 57 5
51 58 4
51 59 4
51 60 3
51 61 1
51 62 3
51 63 3
51 64 1
51 65 5
51 66 5
51 67 1
51 68 5
51 69 4
51 70 4
51 71 1
51 72 2
51 73 3
51 74 4
51 75 1
52 1 5
52 2 3
52 3 4
52 4 4
52 5 1
52 6 3
52 7 3
52 8 4
52 9 3
52 10 4
52 11 1
52 12 4
52 13 4
52 14 1
52 15 5
52 16 1
52 17 2
52 18 2
52 19 5
52 20 4
52 21 1
52 22 4
52 23 4
52 24 3
52 25 2
52 26 4
52 27 3
52 28 5
52 29 2
52 30 3
52 31 1
52 32 1
52 33 3
52 34 4
52 35 1
52 36 3
52 37 3
52 38 1
52 39 1
52 40 2
52 41 4
52 42 1
52 43 1
52 44 4
52 45 2
52 46 5
52 47 4
52 48 5
52 49 3
52 50 5
52 51 5
52 53 3
52 54 4
52 55 1
52 56 2
52 57 2
52 58 4
52 59 5
52 60 2
52 61 5
52 62 4
52 63 2
52 64 3
52 65 1
52 66 2
52 67 5
52 68 4
52 69 1
52 70 5
52 71 1
52 72 2
52 73 4
52 74 2
52 75 2
53 1 2
53 2 5
53 3 3
53 4 3
53 5 1
53 6 2
53 7 2
53 8 5
53 9 5
53 10 2
53 11 5
53 12 3
53 13 1
53 14 4
53 15 4
53 16 2
53 17 5
53 18 3
53 19 5
53 20 4
53 21 3
53 22 3
53 23 4
53 24 3
53 25 3
53 26 3
53 27 4
53 28 1
53 29 3
53 30 2
53 31 3
53 32 5
53 33 3
53 34 2
53 35 4
53 36 3
53 37 4
53 38 5
53 39 2
53 40 5
53 41 4
53 42 4
53 43 2
53 44 4
53 45 2
53 46 1
53 47 2
53 48 3
53 49 5
53 50 3
53 51 2
53 52 2
53 54 2
53 55 5
53 56 2
53 57 4
53 58 2
53 59 2
53 60 4
53 61 2
53 62 3
53 63 3
53 64 1
53 65 2
53 66 2
53 67 1
53 68 4
53 69 5
53 70 2
53 71 2
53 72 1
53 73 5
53 74 5
53 75 4
54 1 5
54 2 3
54 3 4
54 4 1
54 5 3
54 6 3
54 7 5
54 8 4
54 9 2
54 10 1
54 11 3
54 12 5
54 13 1
54 14 1
54 15 1
54 16 2
54 17 4
54 18 5
54 19 1
54 20 4
54 21 1
54 22 2
54 23 1
54 24 1
54 25 3
54 26 3
54 27 2
54 28 3
54 29 2
54 30 4
54 31 2
54 32 2
54 33 3
54 34 2
54 35 4
54 36 5
54 37 2
54 38 1
54 39 3
54 40 5
54 41 1
54 42 2
54 43 4
54 44 2
54 45 5
54 46 1
54 47 5
54 48 3
54 49 5
54 50 5
54 51 4
54 52 5
54 53 2
54 55 4
54 56 5
54 57 4
54 58 1
54 59 3
54 60 4
54 61 5
54 62 1
54 63 2
54 64 3
54 65 1
54 66 3
54 67 3
54 68 5
54 69 1
54 70 3
54 71 5
54 72 5
54 73 4
54 74 3
54 75 3
55 1 2
55 2 2
55 3 5
55 4 1
55 5 2
55 6 4
55 7 5
55 8 5
55 9 5
55 10 3
55 11 5
55 12 1
55 13 4
55 14 3
55 15 4
55 16 2
55 17 2
55 18 1
55 19 5
55 20 1
55 21 1
55 22 2
55 23 3
55 24 3
55 25 3
55 26 1
55 27 2
55 28 4
55 29 1
55 30 4
55 31 2
55 32 2
55 33 3
55 34 1
55 35 4
55 36 1
55 37 2
55 38 5
55 39 2
55 40 1
55 41 3
55 42 1
55 43 2
55 44 3
55 45 3
55 46 2
55 47 1
55 48 1
55 49 2
55 50 5
55 51 3
55 52 5
55 53 1
55 54 1
55 56 4
55 57 5
55 58 1
55 59 5
55 60 4
55 61 1
55 62 5
55 63 2
55 64 4
55 65 4
55 66 4
55 67 2
55 68 4
55 69 5
55 70 3
55 71 5
55 72 3
55 73 2
55 74 3
55 75 1
56 1 4
56 2 2
56 3 2
56 4 1
56 5 5
56 6 5
56 7 5
56 8 2
56 9 4
56 10 3
56 11 2
56 12 2
56 13 2
56 14 4
56 15 3
56 16 2
56 17 1
56 18 5
56 19 5
56 20 4
56 21 5
56 22 4
56 23 2
56 24 1
56 25 5
56 26 2
56 27 5
56 28 4
56 29 3
56 30 4
56 31 4
56 32 4
56 33 1
56 34 2
56 35 4
56 36 5
56 37 2
56 38 4
56 39 1
56 40 2
56 41 3
56 42 5
56 43 1
56 44 4
56 45 3
56 46 5
56 47 3
56 48 1
56 49 4
56 50 2
56 51 4
56 52 1
56 53 2
56 54 3
56 55 1
56 57 2
56 58 4
56 59 2
56 60 2
56 61 3
56 62 1
56 63 1
56 64 1
56 65 1
56 66 4
56 67 2
56 68 2
56 69 5
56 70 2
56 71 4
56 72 4
56 73 4
56 74 5
56 75 4
57 1 4
57 2 5
57 3 5
57 4 1
57 5 5
57 6 4
57 7 5
57 8 5
57 9 1
57 10 1
57 11 2
57 12 1
57 13 4
57 14 2
57 15 2
57 16 1
57 17 5
57 18 4
57 19 3
57 20 2
57 21 1
57 22 1
57 23 3
57 24 2
57 25 3
57 26 4
57 27 3
57 28 3
57 29 4
57 30 2
57 31 3
57 32 3
57 33 1
57 34 2
57 35 3
57 36 5
57 37 2
57 38 2
57 39 5
57 40 2
57 41 5
57 42 3
57 43 2
57 44 3
57 45 5
57 46 1
57 47 5
57 48 1
57 49 4
57 50 4
57 51 4
57 52 5
57 53 2
57 54 4
57 55 3
57 56 1
57 58 4
57 59 5
57 60 3
57 61 3
57 62 4
57 63 5
57 64 5
57 65 4
57 66 1
57 67 2
57 68 1
57 69 3
57 70 1
57 71 2
57 72 4
57 73 2
57 74 4
57 75 3
58 1 1
58 2 5
58 3 5
58 4 1
58 5 5
58 6 3
58 7 1
58 8 1
58 9 4
58 10 2
58 11 4
58 12 2
58 13 2
58 14 2
58 15 1
58 16 1
58 17 4
58 18 4
58 19 5
58 20 3
58 21 5
58 22 3
58 23 2
58 24 2
58 25 5
58 26 4
58 27 3
58 28 5
58 29 5
58 30 1
58 31 4
58 32 2
58 33 1
58 34 3
58 35 4
58 36 2
58 37 3
58 38 5
58 39 2
58 40 1
58 41 3
58 42 5
58 43 2
58 44 5
58 45 4
58 46 5
58 47 5
58 48 2
58 49 5
58 50 2
58 51 2
58 52 4
58 53 4
58 54 3
58 55 5
58 56 5
58 57 3
58 59 4
58 60 1
58 61 4
58 62 5
58 63 5
58 64 5
58 65 2
58 66 4
58 67 4
58 68 3
58 69 1
58 70 5
58 71 2
58 72 2
58 73 2
58 74 3
58 75 3
59 1 3
59 2 1
59 3 2
59 4 5
59 5 3
59 6 2
59 7 1
59 8 4
59 9 2
59 10 1
59 11 3
59 12 4
59 13 5
59 14 2
59 15 2
59 16 5
59 17 5
59 18 3
59 19 1
59 20 1
59 21 4
59 22 5
59 23 1
59 24 4
59 25 5
59 26 5
59 27 2
59 28 1
59 29 4
59 30 4
59 31 1
59 32 1
59 33 5
59 34 2
59 35 2
59 36 4
59 37 5
59 38 2
59 39 4
59 40 4
59 41 4
59 42 3
59 43 2
59 44 3
59 45 4
59 46 5
59 47 5
59 48 3
59 49 5
59 50 2
59 51 5
59 52 3
59 53 1
59 54 1
59 55 3
59 56 3
59 57 2
59 58 4
59 60 5
59 61 5
59 62 3
59 63 5
59 64 3
59 65 4
59 66 4
59 67 4
59 68 2
59 69 3
59 70 3
59 71 2
59 72 3
59 73 1
59 74 4
59 75 1
60 1 1
60 2 2
60 3 1
60 4 2
60 5 1
60 6 5
60 7 3
60 8 5
60 9 4
60 10 1
60 11 2
60 12 4
60 13 3
60 14 4
60 15 2
60 16 2
60 17 5
60 18 1
60 19 2
60 20 2
60 21 1
60 22 5
60 23 3
60 24 2
60 25 4
60 26 2
60 27 5
60 28 2
60 29 4
60 30 3
60 31 2
60 32 4
60 33 1
60 34 4
60 35 2
60 36 1
60 37 5
60 38 5
60 39 1
60 40 4
60 41 5
60 42 4
60 43 4
60 44 4
60 45 2
60 46 5
60 47 5
60 48 2
60 49 3
60 50 3
60 51 5
60 52 3
60 53 4
60 54 2
60 55 2
60 56 5
60 57 5
60 58 1
60 59 1
60 61 4
60 62 4
60 63 4
60 64 2
60 65 4
60 66 5
60 67 1
60 68 2
60 69 4
60 70 5
60 71 4
60 72 4
60 73 1
60 74 2
60 75 2
61 1 1
61 2 4
61 3 4
61 4 2
61 5 2
61 6 1
61 7 2
61 8 1
61 9 3
61 10 5
61 11 5
61 12 4
61 13 4
61 14 4
61 15 2
61 16 1
61 17 4
61 18 2
61 19 2
61 20 1
61 21 2
61 22 1
61 23 3
61 24 3
61 25 4
61 26 2
61 27 3
61 28 5
61 29 4
61 30 5
61 31 1
61 32 1
61 33 5
61 34 4
61 35 2
61 36 3
61 37 1
61 38 3
61 39 3
61 40 4
61 41 5
61 42 4
61 43 4
61 44 5
61 45 5
61 46 2
61 47 1
61 48 3
61 49 3
61 50 4
61 51 5
61 52 5
61 53 4
61 54 2
61 55 4
61 56 4
61 57 5
61 58 2
61 59 3
61 60 5
61 62 3
61 63 1
61 64 5
61 65 4
61 66 1
61 67 4
61 68 1
61 69 2
61 70 1
61 71 5
61 72 2
61 73 5
61 74 4
61 75 2
62 1 5
62 2 5
62 3 4
62 4 2
62 5 4
62 6 1
62 7 5
62 8 4
62 9 2
62 10 5
62 11 2
62 12 3
62 13 3
62 14 2
62 15 1
62 16 3
62 17 3
62 18 3
62 19 5
62 20 3
62 21 1
62 22 5
62 23 1
62 24 1
62 25 3
62 26 3
62 27 2
62 28 4
62 29 5
62 30 5
62 31 1
62 32 4
62 33 1
62 34 4
62 35 2
62 36 5
62 37 1
62 38 1
62 39 3
62 40 5
62 41 2
62 42 1
62 43 2
62 44 4
62 45 4
62 46 2
62 47 3
62 48 2
62 49 1
62 50 2
62 51 1
62 52 3
62 53 2
62 54 3
62 55 3
62 56 4
62 57 5
62 58 1
62 59 5
62 60 4
62 61 1
62 63 5
62 64 4
62 65 3
62 66 5
62 67 2
62 68 2
62 69 2
62 70 4
62 71 1
62 72 1
62 73 5
62 74 2
62 75 4
63 1 4
63 2 2
63 3 2
63 4 1
63 5 3
63 6 2
63 7 3
63 8 5
63 9 4
63 10 1
63 11 2
63 12 3
63 13 1
63 14 2
63 15 4
63 16 5
63 17 2
63 18 1
63 19 1
63 20 3
63 21 3
63 22 2
63 23 4
63 24 2
63 25 4
63 26 3
63 27 4
63 28 1
63 29 2
63 30 2
63 31 2
63 32 2
63 33 4
63 34 3
63 35 5
63 36 1
63 37 2
63 38 4
63 39 1
63 40 5
63 41 4
63 42 4
63 43 5
63 44 1
63 45 2
63 46 5
63 47 1
63 48 4
63 49 5
63 50 3
63 51 3
63 52 4
63 53 5
63 54 1
63 55 2
63 56 5
63 57 5
63 58 1
63 59 2
63 60 4
63 61 2
63 62 3
63 64 5
63 65 2
63 66 3
63 67 4
63 68 5
63 69 4
63 70 2
63 71 2
63 72 5
63 73 2
63 74 5
63 75 1
64 1 3
64 2 2
64 3 5
64 4 5
64 5 2
64 6 1
64 7 2
64 8 4
64 9 2
64 10 1
64 11 1
64 12 5
64 13 2
64 14 3
64 15 5
64 16 4
64 17 1
64 18 4
64 19 3
64 20 5
64 21 5
64 22 2
64 23 4
64 24 1
64 25 2
64 26 2
64 27 2
64 28 2
64 29 4
64 30 2
64 31 4
64 32 3
64 33 5
64 34 4
64 35 2
64 36 1
64 37 1
64 38 3
64 39 1
64 40 2
64 41 1
64 42 3
64 43 4
64 44 4
64 45 5
64 46 3
64 47 2
64 48 5
64 49 3
64 50 2
64 51 5
64 52 5
64 53 3
64 54 5
64 55 5
64 56 5
64 57 3
64 58 2
64 59 3
64 60 3
64 61 5
64 62 1
64 63 5
64 65 4
64 66 1
64 67 1
64 68 1
64 69 2
64 70 4
64 71 3
64 72 5
64 73 1
64 74 5
64 75 3
65 1 4
65 2 5
65 3 3
65 4 3
65 5 1
65 6 2
65 7 1
65 8 5
65 9 1
65 10 5
65 11 1
65 12 3
65 13 1
65 14 1
65 15 1
65 16 3
65 17 3
65 18 5
65 19 1
65 20 3
65 21 5
65 22 3
65 23 3
65 24 2
65 25 1
65 26 3
65 27 4
65 28 1
65 29 5
65 30 5
65 31 5
65 32 4
65 33 4
65 34 4
65 35 3
65 36 5
65 37 1
65 38 3
65 39 1
65 40 3
65 41 2
65 42 4
65 43 5
65 44 3
65 45 4
65 46 5
65 47 2
65 48 1
65 49 1
65 50 2
65 51 3
65 52 2
65 53 5
65 54 3
65 55 5
65 56 5
65 57 2
65 58 3
65 59 2
65 60 2
65 61 3
65 62 4
65 63 2
65 64 3
65 66 4
65 67 4
65 68 4
65 69 1
65 70 1
65 71 5
65 72 4
65 73 2
65 74 5
65 75 5
66 1 1
66 2 3
66 3 2
66 4 3
66 5 3
66 6 4
66 7 1
66 8 3
66 9 1
66 10 2
66 11 2
66 12 5
66 13 4
66 14 3
66 15 5
66 16 2
66 17 4
66 18 4
66 19 5
66 20 2
66 21 3
66 22 1
66 23 5
66 24 2
66 25 1
66 26 5
66 27 3
66 28 1
66 29 4
66 30 2
66 31 1
66 32 1
66 33 1
66 34 2
66 35 3
66 36 5
66 37 2
66 38 1
66 39 2
66 40 2
66 41 2
66 42 5
66 43 4
66 44 5
66 45 3
66 46 5
66 47 2
66 48 3
66 49 3
66 50 3
66 51 5
66 52 5
66 53 5
66 54 1
66 55 1
66 56 1
66 57 3
66 58 5
66 59 1
66 60 1
66 61 3
66 62 3
66 63 1
66 64 3
66 65 1
66 67 1
66 68 3
66 69 3
66 70 1
66 71 1
66 72 1
66 73 2
66 74 1
66 75 4
67 1 4
67 2 5
67 3 3
67 4 2
67 5 2
67 6 2
67 7 1
67 8 3
67 9 2
67 10 1
67 11 4
67 12 4
67 13 1
67 14 3
67 15 1
67 16 3
67 17 3
67 18 3
67 19 1
67 20 5
67 21 1
67 22 1
67 23 2
67 24 5
67 25 5
67 26 2
67 27 5
67 28 1
67 29 1
67 30 2
67 31 1
67 32 1
67 33 1
67 34 4
67 35 2
67 36 5
67 37 2
67 38 2
67 39 4
67 40 5
67 41 4
67 42 2
67 43 1
67 44 4
67 45 4
67 46 1
67 47 4
67 48 3
67 49 3
67 50 4
67 51 5
67 52 5
67 53 1
67 54 3
67 55 4
67 56 3
67 57 5
67 58 1
67 59 3
67 60 2
67 61 2
67 62 3
67 63 4
67 64 3
67 65 3
67 66 2
67 68 4
67 69 5
67 70 5
67 71 2
67 72 4
67 73 4
67 74 1
67 75 4
68 1 4
68 2 1
68 3 1
68 4 2
68 5 4
68 6 4
68 7 2
68 8 5
68 9 5
68 10 5
68 11 2
68 12 4
68 13 2
68 14 3
68 15 4
68 16 1
68 17 1
68 18 2
68 19 3
68 20 4
68 21 4
68 22 3
68 23 5
68 24 4
68 25 4
68 26 5
68 27 1
68 28 4
68 29 5
68 30 1
68 31 3
68 32 3
68 33 1
68 34 5
68 35 5
68 36 1
68 37 5
68 38 1
68 39 5
68 40 5
68 41 2
68 42 4
68 43 5
68 44 3
68 45 1
68 46 3
68 47 3
68 48 4
68 49 1
68 50 3
68 51 2
68 52 2
68 53 5
68 54 4
68 55 5
68 56 5
68 57 5
68 58 5
68 59 3
68 60 4
68 61 5
68 62 2
68 63 1
68 64 1
68 65 2
68 66 2
68 67 1
68 69 1
68 70 5
68 71 3
68 72 5
68 73 1
68 74 1
68 75 4
69 1 1
69 2 3
69 3 3
69 4 5
69 5 1
69 6 4
69 7 2
69 8 5
69 9 5
69 10 3
69 11 3
69 12 4
69 13 2
69 14 4
69 15 1
69 16 5
69 17 2
69 18 5
69 19 3
69 20 4
69 21 2
69 22 4
69 23 3
69 24 5
69 25 2
69 26 2
69 27 2
69 28 1
69 29 4
69 30 4
69 31 2
69 32 4
69 33 3
69 34 1
69 35 4
69 36 4
69 37 1
69 38 2
69 39 5
69 40 5
69 41 5
69 42 4
69 43 1
69 44 3
69 45 2
69 46 1
69 47 4
69 48 5
69 49 2
69 50 2
69 51 5
69 52 4
69 53 2
69 54 2
69 55 5
69 56 3
69 57 3
69 58 3
69 59 1
69 60 2
69 61 1
69 62 2
69 63 2
69 64 5
69 65 4
69 66 5
69 67 5
69 68 5
69 70 2
69 71 4
69 72 1
69 73 3
69 74 2
69 75 1
70 1 2
70 2 5
70 3 3
70 4 3
70 5 1
70 6 2
70 7 1
70 8 1
70 9 2
70 10 2
70 11 2
70 12 1
70 13 2
70 14 2
70 15 3
70 16 2
70 17 5
70 18 5
70 19 5
70 20 1
70 21 4
70 22 3
70 23 3
70 24 4
70 25 4
70 26 1
70 27 4
70 28 5
70 29 5
70 30 3
70 31 2
70 32 1
70 33 2
70 34 2
70 35 5
70 36 3
70 37 3
70 38 5
70 39 3
70 40 4
70 41 4
70 42 1
70 43 4
70 44 5
70 45 4
70 46 3
70 47 3
70 48 3
70 49 2
70 50 4
70 51 4
70 52 5
70 53 3
70 54 1
70 55 5
70 56 2
70 57 3
70 58 4
70 59 1
70 60 2
70 61 1
70 62 2
70 63 2
70 64 4
70 65 3
70 66 2
70 67 1
70 68 5
70 69 3
70 71 5
70 72 5
70 73 3
70 74 3
70 75 5
71 1 4
71 2 1
71 3 2
71 4 1
71 5 4
71 6 3
71 7 1
71 8 4
71 9 5
71 10 4
71 11 1
71 12 1
71 13 5
71 14 3
71 15 1
71 16 5
71 17 4
71 18 3
71 19 1
71 20 5
71 21 2
71 22 1
71 23 3
71 24 4
71 25 2
71 26 3
71 27 1
71 28 2
71 29 5
71 30 3
71 31 1
71 32 1
71 33 3
71 34 5
71 35 3
71 36 1
71 37 2
71 38 4
71 39 4
71 40 3
71 41 2
71 42 4
71 43 1
71 44 1
71 45 3
71 46 1
71 47 2
71 48 1
71 49 1
71 50 4
71 51 3
71 52 2
71 53 4
71 54 2
71 55 2
71 56 1
71 57 4
71 58 2
71 59 4
71 60 1
71 61 4
71 62 4
71 63 1
71 64 2
71 65 3
71 66 3
71 67 4
71 68 2
71 69 3
71 70 5
71 72 1
71 73 4
71 74 5
71 75 1
72 1 4
72 2 3
72 3 4
72 4 2
72 5 3
72 6 4
72 7 1
72 8 5
72 9 2
72 10 4
72 11 4
72 12 3
72 13 1
72 14 4
72 15 5
72 16 4
72 17 4
72 18 5
72 19 5
72 20 1
72 21 3
72 22 2
72 23 1
72 24 2
72 25 5
72 26 3
72 27 1
72 28 3
72 29 4
72 30 5
72 31 5
72 32 4
72 33 2
72 34 3
72 35 1
72 36 2
72 37 3
72 38 1
72 39 3
72 40 1
72 41 4
72 42 1
72 43 4
72 44 5
72 45 5
72 46 5
72 47 3
72 48 5
72 49 1
72 50 2
72 51 3
72 52 4
72 53 1
72 54 5
72 55 5
72 56 2
72 57 2
72 58 5
72 59 4
72 60 2
72 61 1
72 62 1
72 63 1
72 64 5
72 65 3
72 66 1
72 67 1
72 68 3
72 69 1
72 70 3
72 71 3
72 73 1
72 74 1
72 75 3
73 1 2
73 2 2
73 3 2
73 4 5
73 5 1
73 6 3
73 7 3
73 8 5
73 9 3
73 10 5
73 11 4
73 12 2
73 13 4
73 14 3
73 15 3
73 16 2
73 17 4
73 18 3
73 19 4
73 20 4
73 21 2
73 22 2
73 23 1
73 24 4
73 25 1
73 26 1
73 27 4
73 28 3
73 29 4
73 30 4
73 31 1
73 32 5
73 33 5
73 34 4
73 35 4
73 36 2
73 37 3
73 38 4
73 39 2
73 40 5
73 41 5
73 42 5
73 43 3
73 44 3
73 45 2
73 46 5
73 47 2
73 48 3
73 49 5
73 50 5
73 51 1
73 52 3
73 53 3
73 54 2
73 55 2
73 56 3
73 57 4
73 58 2
73 59 3
73 60 2
73 61 2
73 62 5
73 63 2
73 64 3
73 65 3
73 66 2
73 67 4
73 68 3
73 69 2
73 70 2
73 71 4
73 72 2
73 74 4
73 75 2
74 1 1
74 2 2
74 3 1
74 4 2
74 5 4
74 6 2
74 7 4
74 8 2
74 9 5
74 10 1
74 11 5
74 12 1
74 13 1
74 14 3
74 15 4
74 16 3
74 17 2
74 18 5
74 19 2
74 20 3
74 21 2
74 22 1
74 23 1
74 24 5
74 25 5
74 26 3
74 27 4
74 28 4
74 29 1
74 30 2
74 31 5
74 32 1
74 33 3
74 34 2
74 35 5
74 36 2
74 37 4
74 38 3
74 39 5
74 40 5
74 41 5
74 42 4
74 43 2
74 44 5
74 45 1
74 46 5
74 47 2
74 48 2
74 49 4
74 50 5
74 51 1
74 52 5
74 53 1
74 54 4
74 55 1
74 56 5
74 57 3
74 58 4
74 59 5
74 60 5
74 61 2
74 62 1
74 63 2
74 64 5
74 65 3
74 66 1
74 67 3
74 68 3
74 69 5
74 70 2
74 71 4
74 72 5
74 73 5
74 75 5
75 1 4
75 2 2
75 3 4
75 4 1
75 5 1
75 6 4
75 7 5
75 8 3
75 9 3
75 10 2
75 11 1
75 12 5
75 13 4
75 14 5
75 15 1
75 16 3
75 17 4
75 18 2
75 19 4
75 20 1
75 21 3
75 22 3
75 23 3
75 24 5
75 25 2
75 26 3
75 27 3
75 28 5
75 29 2
75 30 4
75 31 1
75 32 5
75 33 1
75 34 4
75 35 2
75 36 3
75 37 2
75 38 4
75 39 5
75 40 1
75 41 2
75 42 3
75 43 2
75 44 5
75 45 2
75 46 2
75 47 5
75 48 3
75 49 4
75 50 5
75 51 3
75 52 3
75 53 4
75 54 5
75 55 3
75 56 2
75 57 4
75 58 2
75 59 3
75 60 5
75 61 1
75 62 3
75 63 2
75 64 3
75 65 3
75 66 5
75 67 5
75 68 4
75 69 5
75 70 1
75 71 1
75 72 2
75 73 3
75 74 2

END
