INSTANCE_NAME b10.dat
NB_VERTICES 75
NB_ARCS 156
NB_REQUESTS 0
NB_BLOCKAGES 39
NB_A' 5394
NB_TERMINALS 13

VERTICES
1 0 0
2 0 0
3 0 0
4 0 0
5 0 0
6 0 0
7 0 0
8 0 0
9 0 0
10 0 0
11 0 0
12 0 0
13 0 0
14 0 0
15 0 0
16 0 0
17 0 0
18 0 0
19 0 0
20 0 0
21 0 0
22 0 0
23 0 0
24 0 0
25 0 0
26 0 0
27 0 0
28 0 0
29 0 0
30 0 0
31 0 0
32 0 0
33 0 0
34 0 0
35 0 0
36 0 0
37 0 0
38 0 0
39 0 0
40 0 0
41 0 0
42 0 0
43 0 0
44 0 0
45 0 0
46 0 0
47 0 0
48 0 0
49 0 0
50 0 0
51 0 0
52 0 0
53 0 0
54 0 0
55 0 0
56 0 0
57 0 0
58 0 0
59 0 0
60 0 0
61 0 0
62 0 0
63 0 0
64 0 0
65 0 0
66 0 0
67 0 0
68 0 0
69 0 0
70 0 0
71 0 0
72 0 0
73 0 0
74 0 0
75 0 0

ARCS
2 8 9
8 40 2
40 12 8
12 15 4
15 16 10
16 51 8
51 1 8
1 7 8
7 61 2
61 26 4
26 2 7
2 24 6
24 62 6
62 22 4
22 40 2
40 71 4
71 7 4
7 66 1
66 18 1
18 5 2
5 51 5
51 44 5
44 27 4
27 1 3
1 56 4
56 11 8
11 30 5
30 29 3
29 23 5
23 8 6
8 17 8
17 12 5
12 39 4
39 10 1
10 35 9
35 45 10
45 23 3
23 27 9
27 24 3
24 65 6
65 35 9
35 59 6
59 45 3
45 34 7
34 9 8
9 41 8
41 32 5
32 14 6
14 21 4
21 60 7
60 25 4
25 39 9
39 29 7
29 64 7
64 46 10
46 23 3
23 48 9
48 2 4
2 58 3
58 49 3
49 48 10
48 34 5
34 16 7
16 59 2
59 66 1
66 54 4
54 48 6
48 65 8
65 56 7
56 52 6
52 47 8
47 68 6
68 12 7
12 70 1
70 6 4
6 18 8
18 13 4
13 16 4
16 64 10
64 57 8
57 63 2
63 16 7
57 75 7
75 27 1
75 61 9
75 67 2
67 34 4
34 36 6
36 26 8
26 4 10
4 60 6
60 42 8
42 18 8
18 73 7
73 23 5
23 26 5
26 73 6
73 11 2
11 28 9
28 46 5
46 34 4
34 42 1
42 53 2
53 35 7
35 73 3
73 12 9
73 22 4
22 72 4
72 67 6
67 29 8
67 32 8
32 43 10
43 9 3
9 31 6
31 37 8
37 10 9
10 30 7
30 74 10
74 1 4
31 46 3
46 3 8
3 75 9
75 7 5
75 33 9
33 14 9
14 49 8
33 38 4
38 9 7
9 46 5
46 55 4
55 53 2
53 73 4
73 38 5
73 44 7
55 58 7
58 23 4
33 45 10
45 36 4
45 71 6
71 60 1
60 64 1
64 31 8
60 72 9
71 19 6
19 39 10
71 20 9
20 50 7
50 17 8
50 43 7
50 71 7
20 69 7
69 5 3
69 24 5
69 41 5
75 47 8
32 62 3

REQUESTS

BLOCKAGES
26 2
53 73
73 11
35 73
34 9
58 49
20 50
51 1
50 43
48 2
18 73
64 57
45 36
75 7
67 29
40 71
59 66
33 14
73 44
34 16
23 27
69 41
5 51
8 17
9 31
24 65
60 64
29 23
53 35
2 58
69 24
75 47
23 48
33 38
9 46
45 71
75 27
22 72
32 14

A'
1 2 961
1 3 557
4 1 457
5 1 162
1 6 856
7 1 354
1 8 298
9 1 571
1 10 393
1 11 317
1 12 893
1 13 737
1 14 150
1 15 205
1 16 660
17 1 455
18 1 322
1 19 177
20 1 908
1 21 954
22 1 438
23 1 797
24 1 538
25 1 193
1 26 663
28 1 555
1 29 61
1 30 411
1 31 687
32 1 196
33 1 615
1 34 599
1 35 696
36 1 237
37 1 682
1 38 822
1 39 852
1 40 525
1 41 100
1 42 232
1 43 130
44 1 870
1 45 620
1 46 726
1 47 792
48 1 935
49 1 440
50 1 88
52 1 677
53 1 942
1 54 692
55 1 583
56 1 806
1 57 699
58 1 736
1 59 741
1 60 879
1 61 493
62 1 359
63 1 6
64 1 437
1 65 774
66 1 204
1 67 229
1 68 130
1 69 611
70 1 450
71 1 772
72 1 344
1 73 218
75 1 310
2 3 710
4 2 797
2 5 654
6 2 929
2 7 87
8 2 762
9 2 248
10 2 635
11 2 151
2 12 89
13 2 605
14 2 94
2 15 976
16 2 781
17 2 746
2 18 358
19 2 384
2 20 82
21 2 156
2 22 377
2 23 406
24 2 648
25 2 158
2 26 483
2 27 437
28 2 983
2 29 203
2 30 605
31 2 695
32 2 585
2 33 826
2 34 598
35 2 152
36 2 950
37 2 40
2 38 901
2 39 815
2 40 802
2 41 182
42 2 984
2 43 559
2 44 11
2 45 745
46 2 644
47 2 351
2 48 230
2 49 873
50 2 89
2 51 505
2 52 683
53 2 363
54 2 694
55 2 834
56 2 500
57 2 483
58 2 337
2 59 152
60 2 507
61 2 666
2 62 39
2 63 81
64 2 896
65 2 447
2 66 329
2 67 373
68 2 848
69 2 945
70 2 263
2 71 739
2 72 497
2 73 301
74 2 967
2 75 235
4 3 52
3 5 326
6 3 620
3 7 711
8 3 710
9 3 850
3 10 460
3 11 400
12 3 660
3 13 551
3 14 826
3 15 739
3 16 863
17 3 858
18 3 843
3 19 357
3 20 344
3 21 336
22 3 439
3 23 181
3 24 203
3 25 538
3 26 955
27 3 673
3 28 633
29 3 887
3 30 864
31 3 131
3 32 16
3 33 258
3 34 431
3 35 103
3 36 647
37 3 440
38 3 188
3 39 937
3 40 705
3 41 756
42 3 114
3 43 624
3 44 650
3 45 555
3 46 839
47 3 943
3 48 376
49 3 415
50 3 166
51 3 284
52 3 659
3 53 953
54 3 399
55 3 588
3 56 66
57 3 114
3 58 122
3 59 925
3 60 303
3 61 989
62 3 868
63 3 698
3 64 835
3 65 754
66 3 981
67 3 517
68 3 816
69 3 189
70 3 710
71 3 670
72 3 823
73 3 954
74 3 224
75 3 420
5 4 414
4 6 371
7 4 42
8 4 228
9 4 532
10 4 229
4 11 722
12 4 855
13 4 565
14 4 103
4 15 171
4 16 753
4 17 259
4 18 290
4 19 288
20 4 712
21 4 820
22 4 334
23 4 503
24 4 737
4 25 246
4 27 967
28 4 456
29 4 978
4 30 310
31 4 21
32 4 707
4 33 43
34 4 7
35 4 404
36 4 940
37 4 886
4 38 790
4 39 876
4 40 835
4 41 299
42 4 511
43 4 212
4 44 472
45 4 815
46 4 495
47 4 917
4 48 904
4 49 966
4 50 540
51 4 976
52 4 825
53 4 853
4 54 311
4 55 20
56 4 341
4 57 647
58 4 935
4 59 520
60 4 750
61 4 890
62 4 225
4 63 798
64 4 821
65 4 38
4 66 835
4 67 191
4 68 930
69 4 977
4 70 474
4 71 88
72 4 314
73 4 369
4 74 648
75 4 357
5 6 279
5 7 346
8 5 755
9 5 631
5 10 609
11 5 287
12 5 386
13 5 454
14 5 223
15 5 907
16 5 778
5 17 215
5 19 935
5 20 432
21 5 398
22 5 805
23 5 878
5 24 750
5 25 938
26 5 980
5 27 963
5 28 343
5 29 228
5 30 366
5 31 916
5 32 139
33 5 980
5 34 397
35 5 623
5 36 441
37 5 712
5 38 367
39 5 905
5 40 312
5 41 144
42 5 800
43 5 768
5 44 602
45 5 151
46 5 356
5 47 85
48 5 679
5 49 428
50 5 330
51 5 606
52 5 126
53 5 368
54 5 609
5 55 960
5 56 465
5 57 914
5 58 914
59 5 758
60 5 28
5 61 185
62 5 326
63 5 581
5 64 685
5 65 782
5 66 114
67 5 136
68 5 407
70 5 15
5 71 43
5 72 295
5 73 199
5 74 411
75 5 667
7 6 610
8 6 813
9 6 604
6 10 277
11 6 118
12 6 92
13 6 750
6 14 619
6 15 588
16 6 71
6 17 655
18 6 239
19 6 610
20 6 858
6 21 19
22 6 1000
23 6 155
6 24 325
6 25 597
26 6 420
6 27 589
28 6 197
6 29 44
30 6 678
31 6 343
6 32 584
33 6 212
6 34 945
35 6 610
36 6 896
6 37 31
38 6 608
39 6 410
6 40 646
41 6 885
42 6 72
43 6 279
6 44 163
6 45 138
6 46 656
47 6 291
48 6 477
6 49 412
6 50 378
51 6 928
52 6 1000
6 53 871
6 54 846
6 55 243
56 6 638
57 6 259
6 58 304
59 6 33
6 60 914
61 6 9
62 6 651
63 6 159
64 6 152
6 65 252
66 6 590
67 6 153
68 6 488
69 6 252
6 71 495
72 6 644
73 6 137
74 6 628
75 6 441
8 7 290
9 7 453
7 10 613
11 7 16
7 12 606
13 7 695
7 14 526
7 15 638
16 7 713
7 17 70
7 18 18
7 19 276
20 7 241
21 7 421
7 22 141
23 7 665
24 7 472
25 7 640
7 26 572
7 27 879
28 7 592
7 29 663
7 30 799
7 31 288
32 7 16
33 7 612
34 7 273
7 35 397
36 7 4
37 7 732
7 38 29
7 39 926
7 40 217
7 41 288
7 42 221
7 43 964
7 44 91
7 45 633
46 7 630
7 47 752
48 7 629
49 7 29
50 7 954
51 7 117
52 7 945
7 53 453
54 7 948
7 55 825
7 56 943
7 57 951
58 7 629
7 59 679
7 60 244
61 7 960
62 7 935
63 7 869
64 7 778
65 7 167
66 7 377
67 7 688
68 7 482
7 69 645
70 7 869
7 72 164
7 73 246
7 74 617
7 75 708
8 9 107
10 8 647
11 8 305
8 12 551
13 8 487
14 8 385
15 8 527
16 8 256
17 8 852
18 8 195
19 8 968
8 20 576
21 8 3
8 22 808
24 8 516
8 25 791
8 26 305
27 8 542
8 28 23
8 29 852
30 8 848
8 31 51
8 32 28
33 8 69
8 34 795
35 8 93
8 36 629
37 8 517
8 38 383
39 8 486
40 8 793
8 41 487
42 8 452
8 43 814
8 44 491
45 8 998
8 46 436
8 47 907
48 8 296
49 8 589
8 50 28
51 8 604
8 52 256
8 53 457
8 54 958
8 55 887
8 56 273
57 8 550
8 58 752
59 8 549
8 60 379
8 61 283
62 8 593
63 8 629
8 64 515
65 8 681
8 66 250
8 67 549
68 8 107
69 8 142
70 8 650
8 71 166
8 72 752
8 73 997
74 8 78
75 8 800
10 9 442
9 11 623
9 12 974
13 9 625
9 14 820
9 15 734
16 9 941
9 17 573
9 18 639
9 19 464
9 20 445
21 9 914
9 22 696
9 23 402
9 24 159
25 9 582
9 26 634
9 27 986
28 9 158
9 29 798
30 9 267
31 9 45
9 32 813
33 9 959
9 35 774
9 36 830
9 37 707
9 39 321
9 40 575
41 9 330
9 42 78
44 9 63
45 9 220
46 9 71
47 9 291
48 9 593
9 49 117
9 50 808
51 9 299
52 9 65
53 9 687
54 9 505
9 55 443
56 9 710
57 9 316
58 9 999
59 9 631
60 9 255
9 61 789
62 9 398
9 63 630
64 9 281
9 65 256
66 9 17
9 67 373
68 9 682
69 9 203
70 9 194
9 71 173
72 9 566
9 73 823
9 74 470
75 9 681
11 10 303
12 10 753
10 13 900
10 14 394
15 10 480
16 10 621
10 17 203
18 10 576
10 19 52
10 20 774
21 10 775
10 22 852
23 10 138
10 24 608
25 10 479
10 26 35
27 10 461
10 28 184
10 29 873
30 10 540
10 31 226
10 32 847
10 33 505
10 34 368
35 10 904
36 10 504
10 37 143
38 10 722
10 39 381
10 40 590
41 10 321
42 10 991
43 10 116
10 44 141
10 45 103
10 46 340
47 10 544
10 48 460
10 49 312
50 10 955
51 10 672
10 52 596
10 53 165
10 54 445
55 10 999
10 56 755
57 10 362
58 10 452
59 10 622
10 60 817
61 10 975
10 62 405
10 63 45
10 64 917
10 65 395
66 10 274
10 67 33
10 68 231
69 10 187
70 10 93
71 10 412
72 10 855
10 73 647
10 74 602
10 75 601
11 12 344
11 13 925
11 14 797
11 15 316
11 16 677
11 17 640
18 11 127
11 19 172
20 11 868
11 21 87
11 22 894
11 23 510
11 24 623
11 25 758
26 11 776
11 27 994
28 11 637
29 11 867
30 11 240
11 31 851
11 32 243
11 33 218
34 11 514
35 11 781
36 11 746
37 11 45
38 11 68
11 39 91
40 11 62
11 41 619
42 11 205
11 43 955
11 44 234
45 11 627
46 11 706
47 11 389
11 48 670
11 49 372
50 11 347
11 51 916
11 52 370
11 53 787
11 54 865
55 11 480
11 56 724
11 57 114
11 58 413
59 11 473
60 11 593
61 11 119
62 11 279
63 11 302
64 11 817
11 65 835
66 11 825
11 67 310
68 11 61
11 69 984
11 70 972
71 11 907
72 11 264
74 11 676
75 11 151
12 13 737
12 14 793
15 12 232
16 12 689
12 17 171
12 18 367
19 12 538
12 20 347
12 21 881
12 22 771
12 23 766
24 12 416
12 25 200
12 26 842
12 27 580
28 12 901
29 12 946
30 12 55
31 12 696
32 12 413
12 33 808
34 12 903
12 35 598
36 12 133
12 37 42
12 38 339
39 12 488
41 12 40
12 42 516
43 12 122
12 44 167
12 45 157
12 46 844
12 47 907
48 12 98
12 49 746
12 50 378
51 12 177
12 52 576
53 12 372
54 12 345
12 55 318
56 12 556
57 12 345
12 58 975
12 59 931
12 60 607
12 61 353
12 62 477
63 12 388
12 64 734
12 65 505
12 66 576
67 12 793
69 12 516
70 12 384
12 71 651
12 72 953
12 74 24
12 75 995
14 13 475
15 13 746
16 13 51
13 17 789
13 18 499
13 19 923
20 13 337
21 13 683
13 22 353
13 23 997
13 24 105
13 25 688
13 26 347
13 27 468
13 28 83
13 29 28
30 13 415
31 13 87
32 13 698
33 13 606
13 34 749
35 13 550
36 13 731
37 13 918
38 13 658
39 13 472
13 40 308
41 13 403
13 42 261
13 43 728
44 13 36
45 13 252
13 46 232
13 47 618
48 13 213
49 13 829
50 13 103
13 51 397
52 13 666
53 13 972
54 13 581
55 13 436
13 56 658
57 13 598
13 58 412
59 13 260
60 13 431
61 13 248
13 62 849
63 13 647
64 13 440
65 13 373
13 66 556
67 13 79
13 68 787
13 69 896
70 13 196
13 71 959
72 13 874
13 73 122
74 13 232
13 75 84
14 15 244
16 14 380
14 17 548
14 18 856
19 14 852
14 20 880
21 14 701
14 22 332
23 14 711
14 24 558
25 14 263
14 26 463
14 27 775
28 14 124
14 29 670
30 14 723
31 14 890
14 32 709
34 14 916
35 14 682
14 36 654
37 14 548
14 38 476
14 39 674
40 14 647
14 41 669
14 42 395
14 43 640
44 14 632
45 14 1000
14 46 424
14 47 431
48 14 324
49 14 356
14 50 345
51 14 439
52 14 533
14 53 314
54 14 75
55 14 415
14 56 271
14 57 939
58 14 943
59 14 699
14 60 279
14 61 468
14 62 665
14 63 579
64 14 469
14 65 932
66 14 26
14 67 163
68 14 59
14 69 919
70 14 815
71 14 558
72 14 120
73 14 453
74 14 427
75 14 340
16 15 552
17 15 759
15 18 409
19 15 556
20 15 974
21 15 393
22 15 208
15 23 909
15 24 383
25 15 103
26 15 864
15 27 985
28 15 156
29 15 397
15 30 939
31 15 639
15 32 247
33 15 58
34 15 85
35 15 883
15 36 452
15 37 408
38 15 183
39 15 981
40 15 847
41 15 114
15 42 742
15 43 397
15 44 887
45 15 183
46 15 233
47 15 19
15 48 921
15 49 486
50 15 40
51 15 414
52 15 644
15 53 206
15 54 194
15 55 742
15 56 268
57 15 454
58 15 657
15 59 962
60 15 994
61 15 423
62 15 669
63 15 410
15 64 868
65 15 946
15 66 263
15 67 750
15 68 237
69 15 435
15 70 492
71 15 821
72 15 383
15 73 472
74 15 475
75 15 285
17 16 281
16 18 399
16 19 148
16 20 891
16 21 54
16 22 275
23 16 251
16 24 278
25 16 683
26 16 268
16 27 889
28 16 637
29 16 714
16 30 14
31 16 244
16 32 361
33 16 357
16 35 857
16 36 68
16 37 675
38 16 850
39 16 858
40 16 973
16 41 259
42 16 964
43 16 277
16 44 421
45 16 117
16 46 264
47 16 475
16 48 17
49 16 622
50 16 528
51 16 748
52 16 405
53 16 554
16 54 469
55 16 183
56 16 810
57 16 829
58 16 929
59 16 528
60 16 356
61 16 932
62 16 301
64 16 670
65 16 210
16 66 637
67 16 544
68 16 796
16 69 488
70 16 786
16 71 935
72 16 412
16 73 407
16 74 8
16 75 64
18 17 219
17 19 640
20 17 712
17 21 425
22 17 155
17 23 529
24 17 24
17 25 725
26 17 93
27 17 572
17 28 814
17 29 808
30 17 937
31 17 113
32 17 78
17 33 5
17 34 587
17 35 836
17 36 42
17 37 31
17 38 893
39 17 690
40 17 334
17 41 87
17 42 626
17 43 655
17 44 868
45 17 16
17 46 381
17 47 452
17 48 7
17 49 105
17 51 940
52 17 493
17 53 625
17 54 444
55 17 81
17 56 220
17 57 151
58 17 472
17 59 3
60 17 731
61 17 630
62 17 549
17 63 338
17 64 468
17 65 462
66 17 597
17 67 655
68 17 305
69 17 832
17 70 517
17 71 164
17 72 109
17 73 84
17 74 825
17 75 842
18 19 607
18 20 794
21 18 933
22 18 513
18 23 628
18 24 812
18 25 79
18 26 664
27 18 448
28 18 835
18 29 110
18 30 51
31 18 311
18 32 150
33 18 924
18 34 42
18 35 815
36 18 36
37 18 318
18 38 850
39 18 226
18 40 521
18 41 831
18 42 39
43 18 383
44 18 946
18 45 222
46 18 414
18 47 482
18 48 370
49 18 907
18 50 990
51 18 950
18 52 171
53 18 277
18 54 564
18 55 385
18 56 510
18 57 971
18 58 550
59 18 772
60 18 549
61 18 843
18 62 876
63 18 525
64 18 433
65 18 8
67 18 958
18 68 377
18 69 428
70 18 491
18 71 485
18 72 791
73 18 249
18 74 953
75 18 813
19 20 501
21 19 290
22 19 384
19 23 691
19 24 751
19 25 988
26 19 328
27 19 676
28 19 224
29 19 805
30 19 736
31 19 344
19 32 693
19 33 919
34 19 545
35 19 444
36 19 239
19 37 563
19 38 51
39 19 602
40 19 79
41 19 29
19 42 589
19 43 462
19 44 511
19 45 230
19 46 907
19 47 476
48 19 165
19 49 243
50 19 477
51 19 810
52 19 772
19 53 689
19 54 329
19 55 679
56 19 934
57 19 165
19 58 115
19 59 37
60 19 244
61 19 574
19 62 840
63 19 100
19 64 147
19 65 769
66 19 380
19 67 689
68 19 653
69 19 677
19 70 722
19 72 655
73 19 256
19 74 879
19 75 565
21 20 829
22 20 429
20 23 374
24 20 429
25 20 623
20 26 849
27 20 854
20 28 638
20 29 783
20 30 736
20 31 440
20 32 855
20 33 207
34 20 326
35 20 696
20 36 940
20 37 424
20 38 205
39 20 196
40 20 525
41 20 106
20 42 119
43 20 503
20 44 19
45 20 826
20 46 752
47 20 196
48 20 62
20 49 421
50 20 838
20 51 628
52 20 991
53 20 496
54 20 847
20 55 179
20 56 862
20 57 449
20 58 947
59 20 88
60 20 940
61 20 70
62 20 529
63 20 1
20 64 18
65 20 329
20 66 240
20 67 984
20 68 359
69 20 424
70 20 523
20 71 280
20 72 238
20 73 67
20 74 383
20 75 500
21 22 770
23 21 716
21 24 186
25 21 592
26 21 193
21 27 762
28 21 227
21 29 662
30 21 929
21 31 142
32 21 391
33 21 538
21 34 853
21 35 515
36 21 462
21 37 260
38 21 935
39 21 881
21 40 747
21 41 26
21 42 95
21 43 372
44 21 589
45 21 258
46 21 174
47 21 671
48 21 523
21 49 896
50 21 515
51 21 961
21 52 776
21 53 559
21 54 547
55 21 533
56 21 614
57 21 232
21 58 402
59 21 380
60 21 692
61 21 210
62 21 739
21 63 781
21 64 143
65 21 988
66 21 439
67 21 337
21 68 168
69 21 980
21 70 389
21 71 359
21 72 774
21 73 413
74 21 897
21 75 868
22 23 781
24 22 804
25 22 12
26 22 484
22 27 613
22 28 515
29 22 772
30 22 320
31 22 449
32 22 357
33 22 163
34 22 190
22 35 8
22 36 815
22 37 745
22 38 843
39 22 463
40 22 100
22 41 935
42 22 980
43 22 406
22 44 653
45 22 48
22 46 820
22 47 271
22 48 684
49 22 242
50 22 72
51 22 178
22 52 505
22 53 272
54 22 151
22 55 49
22 56 911
57 22 832
22 58 881
22 59 87
60 22 118
22 61 857
63 22 127
22 64 664
65 22 705
22 66 334
22 67 65
22 68 810
69 22 843
22 70 841
22 71 909
72 22 838
74 22 80
22 75 214
23 24 8
23 25 300
26 23 268
27 23 342
23 28 296
23 29 436
30 23 938
31 23 952
32 23 550
23 33 703
23 34 482
23 35 318
36 23 819
23 37 195
23 38 683
39 23 416
40 23 740
41 23 906
42 23 698
23 43 90
44 23 851
23 45 528
23 46 266
47 23 648
48 23 120
23 49 225
50 23 331
23 51 523
23 52 453
53 23 751
23 54 477
23 55 178
23 56 232
57 23 927
23 58 682
23 59 274
60 23 541
61 23 672
62 23 983
23 63 974
23 64 373
23 65 54
23 66 443
23 67 557
68 23 997
69 23 734
70 23 825
71 23 41
23 72 698
74 23 379
23 75 315
25 24 227
26 24 935
24 28 958
24 29 255
24 30 259
31 24 385
32 24 588
33 24 299
24 34 952
35 24 409
24 36 999
37 24 183
24 38 119
24 39 427
24 40 538
41 24 678
24 42 623
24 43 157
24 44 771
24 45 262
46 24 72
24 47 433
48 24 291
24 49 947
24 50 820
51 24 369
24 52 507
53 24 866
54 24 774
24 55 428
56 24 980
24 57 667
58 24 871
59 24 886
24 60 234
61 24 374
62 24 145
63 24 20
64 24 594
65 24 380
66 24 24
24 67 582
24 68 650
24 70 424
24 71 285
24 72 718
24 73 400
24 74 965
75 24 909
25 26 808
25 27 683
28 25 552
29 25 836
25 30 434
31 25 421
25 32 176
25 33 780
34 25 169
25 35 914
25 36 964
25 37 326
38 25 292
39 25 56
25 40 651
25 41 917
42 25 723
43 25 627
25 44 792
25 45 667
46 25 966
47 25 775
48 25 606
25 49 197
50 25 131
25 51 366
25 52 659
53 25 830
25 54 120
55 25 909
25 56 553
57 25 580
58 25 776
25 59 253
61 25 919
62 25 984
25 63 917
25 64 963
25 65 24
66 25 953
67 25 455
25 68 144
69 25 228
70 25 320
25 71 706
25 72 368
25 73 21
74 25 657
75 25 247
27 26 949
28 26 718
29 26 522
26 30 760
31 26 456
26 32 573
26 33 620
34 26 157
35 26 876
26 36 560
37 26 200
38 26 636
39 26 850
40 26 561
41 26 939
42 26 433
43 26 324
26 44 523
45 26 784
46 26 681
47 26 770
26 48 998
49 26 632
26 50 504
51 26 890
52 26 54
53 26 383
54 26 7
26 55 401
26 56 90
57 26 726
58 26 930
59 26 672
26 60 246
26 62 278
63 26 559
64 26 746
26 65 515
26 66 803
67 26 141
68 26 426
69 26 951
70 26 939
26 71 219
26 72 624
73 26 584
26 74 191
26 75 521
27 28 581
27 29 784
30 27 76
27 31 93
27 32 993
33 27 73
34 27 980
35 27 715
36 27 145
37 27 575
38 27 551
27 39 293
27 40 407
27 41 671
42 27 563
43 27 590
27 44 870
45 27 706
27 46 419
27 47 767
48 27 405
49 27 910
27 50 403
27 51 492
52 27 993
53 27 333
54 27 212
55 27 716
27 56 852
27 57 566
58 27 280
59 27 910
27 60 232
61 27 95
27 62 412
63 27 412
27 64 51
65 27 903
66 27 297
67 27 703
68 27 813
69 27 183
27 70 660
27 71 993
72 27 987
27 73 925
27 74 416
27 75 767
29 28 800
30 28 296
28 31 73
28 32 731
33 28 380
28 34 279
28 35 380
36 28 668
28 37 368
28 38 567
39 28 99
40 28 889
41 28 820
28 42 55
43 28 351
44 28 882
45 28 682
46 28 714
28 47 588
28 48 581
28 49 429
50 28 995
28 51 192
52 28 999
53 28 864
54 28 937
55 28 179
56 28 751
28 57 990
58 28 585
59 28 978
28 60 843
61 28 698
28 62 116
28 63 999
28 64 253
28 65 907
66 28 587
28 67 613
28 68 8
69 28 854
28 70 791
71 28 120
72 28 382
28 73 698
28 74 154
75 28 135
29 30 389
31 29 903
29 32 470
33 29 904
29 34 680
29 35 672
36 29 611
37 29 556
29 38 761
40 29 551
41 29 736
42 29 879
43 29 492
29 44 702
29 45 683
46 29 258
47 29 951
29 48 336
29 49 17
50 29 235
29 51 432
52 29 140
29 53 408
54 29 828
55 29 373
29 56 313
29 57 525
58 29 9
29 59 739
29 60 238
61 29 463
62 29 287
63 29 960
64 29 968
29 65 734
66 29 505
68 29 644
69 29 463
29 70 412
71 29 476
29 72 295
29 73 18
29 74 648
75 29 928
31 30 974
30 32 171
33 30 986
30 34 780
35 30 255
30 36 44
37 30 964
30 38 512
30 39 792
30 40 711
30 41 308
42 30 697
30 43 178
30 44 143
45 30 450
30 46 533
30 47 769
30 48 596
30 49 343
50 30 64
51 30 186
52 30 406
30 53 667
54 30 109
30 55 594
56 30 661
57 30 61
58 30 206
30 59 422
60 30 414
30 61 770
62 30 999
63 30 354
30 64 292
30 65 672
30 66 644
30 67 166
68 30 359
30 69 317
70 30 994
30 71 989
30 72 514
30 73 715
74 30 639
30 75 420
32 31 711
33 31 351
34 31 727
31 35 6
36 31 103
37 31 430
31 38 887
39 31 499
40 31 483
41 31 415
31 42 781
43 31 481
31 44 804
45 31 13
46 31 35
31 47 199
48 31 973
49 31 806
50 31 956
51 31 773
31 52 840
31 53 859
31 54 501
55 31 674
56 31 228
31 57 810
31 58 843
31 59 301
31 60 189
31 61 144
62 31 449
31 63 319
31 65 476
31 66 901
67 31 300
31 68 830
31 69 521
31 70 354
71 31 933
31 72 456
73 31 497
74 31 567
31 75 116
32 33 326
34 32 60
32 35 581
36 32 219
32 37 347
32 38 233
39 32 684
32 40 261
32 41 385
42 32 773
43 32 361
44 32 777
45 32 77
46 32 983
47 32 763
32 48 559
32 49 230
32 50 340
51 32 722
32 52 868
32 53 307
32 54 371
55 32 983
56 32 208
32 57 411
32 58 457
59 32 36
32 60 291
61 32 210
62 32 107
32 63 723
64 32 764
65 32 986
66 32 467
32 67 364
32 68 831
32 69 785
70 32 12
71 32 183
72 32 486
73 32 550
74 32 68
32 75 880
33 34 402
35 33 631
33 36 413
33 37 877
38 33 658
33 39 630
33 40 625
41 33 809
33 42 366
43 33 8
33 44 63
45 33 300
46 33 487
33 47 195
33 48 787
33 49 912
33 50 514
33 51 47
33 52 599
53 33 101
33 54 489
33 55 83
56 33 426
57 33 920
33 58 187
33 59 521
33 60 822
33 61 502
33 62 21
33 63 862
64 33 769
65 33 698
33 66 370
67 33 560
68 33 371
33 69 928
70 33 94
71 33 324
72 33 253
73 33 14
33 74 522
33 75 393
35 34 58
36 34 355
34 37 589
34 38 589
39 34 692
34 40 342
41 34 734
42 34 381
43 34 913
44 34 315
34 45 671
34 46 580
47 34 233
34 48 66
34 49 831
34 50 801
34 51 351
52 34 318
53 34 74
34 54 999
55 34 895
56 34 529
57 34 593
34 58 85
59 34 922
60 34 566
34 61 389
34 62 866
63 34 91
34 64 726
65 34 741
34 66 161
34 67 384
34 68 382
69 34 439
70 34 573
71 34 425
34 72 313
73 34 363
74 34 226
34 75 500
36 35 227
35 37 288
35 38 860
35 39 727
40 35 3
35 41 167
42 35 911
35 43 344
35 44 359
45 35 376
46 35 818
35 47 384
48 35 169
35 49 231
35 50 381
35 51 888
52 35 969
35 53 403
35 54 257
55 35 117
56 35 596
57 35 125
35 58 184
59 35 502
35 60 601
61 35 825
62 35 677
35 63 901
64 35 306
35 66 686
67 35 829
68 35 885
35 69 47
70 35 965
71 35 533
72 35 475
73 35 700
35 74 350
75 35 833
36 37 120
36 38 68
36 39 738
40 36 142
36 41 932
36 42 875
36 43 188
44 36 614
46 36 12
47 36 375
36 48 373
49 36 364
50 36 648
36 51 240
52 36 528
53 36 286
54 36 902
55 36 326
56 36 668
57 36 460
58 36 133
59 36 831
36 60 394
61 36 598
62 36 95
36 63 647
64 36 272
36 65 357
36 66 57
36 67 86
68 36 783
69 36 525
36 70 249
71 36 564
36 72 461
36 73 558
36 74 156
36 75 133
37 38 994
37 39 658
37 40 53
37 41 906
37 42 18
37 43 243
37 44 562
37 45 10
37 46 402
47 37 731
37 48 89
49 37 917
50 37 22
51 37 494
52 37 214
37 53 430
37 54 707
37 55 647
56 37 95
57 37 83
37 58 518
59 37 538
60 37 357
61 37 126
37 62 785
63 37 112
64 37 503
37 65 774
37 66 206
67 37 404
37 68 245
37 69 331
70 37 273
71 37 710
72 37 233
37 73 183
74 37 820
37 75 181
38 39 970
40 38 638
41 38 867
42 38 331
43 38 128
38 44 596
38 45 723
46 38 105
47 38 184
48 38 917
38 49 763
38 50 879
38 51 769
52 38 98
53 38 484
38 54 468
55 38 288
56 38 911
38 57 205
38 58 874
59 38 697
60 38 18
61 38 820
38 62 385
63 38 260
38 64 163
38 65 279
66 38 721
38 67 805
38 68 340
38 69 800
70 38 92
71 38 912
72 38 593
38 73 596
38 74 800
38 75 639
40 39 63
39 41 994
42 39 164
43 39 100
39 44 979
45 39 70
46 39 130
39 47 869
48 39 161
39 49 627
50 39 458
39 51 607
39 52 358
39 53 572
54 39 845
39 55 678
56 39 19
57 39 706
39 58 276
59 39 212
39 60 239
61 39 304
39 62 155
39 63 540
64 39 543
65 39 271
66 39 760
67 39 754
68 39 430
69 39 978
70 39 886
71 39 885
39 72 29
39 73 438
39 74 99
75 39 909
41 40 281
42 40 57
43 40 88
40 44 454
45 40 466
40 46 335
40 47 953
40 48 694
40 49 765
50 40 360
40 51 29
52 40 906
40 53 186
54 40 713
40 55 343
40 56 325
57 40 538
58 40 410
59 40 680
60 40 959
40 61 938
62 40 723
40 63 733
40 64 976
65 40 791
66 40 850
67 40 931
68 40 228
69 40 449
70 40 104
71 40 618
40 72 766
73 40 160
74 40 483
40 75 741
41 42 689
41 43 86
44 41 920
41 45 530
46 41 18
41 47 933
41 48 491
41 49 974
41 50 332
51 41 362
52 41 565
53 41 215
41 54 485
41 55 208
41 56 917
41 57 761
58 41 978
41 59 367
60 41 368
61 41 495
62 41 920
63 41 956
41 64 642
41 65 480
66 41 704
67 41 760
41 68 524
41 69 654
41 70 51
71 41 327
41 72 161
73 41 924
41 74 989
75 41 738
42 43 891
42 44 444
42 45 10
42 46 572
42 47 681
48 42 976
42 49 595
50 42 355
42 51 412
42 52 478
53 42 221
42 54 782
55 42 947
56 42 870
57 42 51
58 42 994
59 42 190
61 42 199
42 62 26
42 63 868
42 64 178
65 42 374
42 66 310
42 67 676
68 42 673
42 69 889
42 70 271
71 42 126
72 42 842
42 73 730
42 74 405
42 75 341
43 44 124
43 45 381
46 43 741
47 43 928
43 48 555
43 49 182
43 50 497
51 43 885
52 43 698
53 43 348
43 54 98
43 55 646
56 43 589
57 43 91
43 58 749
59 43 539
43 60 322
61 43 373
62 43 223
43 63 332
43 64 305
65 43 993
66 43 73
67 43 969
43 68 354
69 43 89
70 43 846
71 43 93
43 72 813
73 43 779
74 43 614
75 43 785
45 44 292
46 44 349
44 47 512
48 44 643
49 44 249
44 50 617
44 51 216
44 52 443
53 44 606
44 54 723
55 44 970
44 56 236
44 57 350
58 44 695
59 44 387
60 44 602
44 61 339
44 62 192
44 63 334
44 64 18
65 44 821
66 44 256
67 44 924
44 68 309
69 44 581
44 70 683
44 71 199
44 72 332
44 73 636
44 74 215
75 44 208
45 46 52
45 47 117
48 45 99
49 45 429
50 45 385
51 45 103
45 52 989
45 53 689
45 54 906
45 55 33
45 56 171
57 45 505
45 58 130
60 45 344
61 45 438
62 45 918
63 45 628
64 45 786
45 65 941
45 66 814
67 45 4
68 45 234
69 45 493
70 45 934
71 45 915
72 45 285
73 45 377
45 74 978
75 45 369
46 47 87
46 48 184
49 46 845
50 46 517
46 51 592
52 46 531
53 46 701
46 54 561
55 46 266
46 56 168
57 46 871
46 58 423
59 46 930
60 46 645
46 61 372
62 46 933
46 63 522
46 64 814
46 65 631
46 66 347
46 67 490
68 46 979
69 46 114
70 46 476
71 46 648
46 72 281
73 46 429
74 46 25
75 46 558
48 47 970
49 47 385
47 50 90
51 47 369
47 52 624
53 47 585
54 47 573
55 47 551
56 47 617
57 47 793
47 58 747
59 47 439
47 60 959
47 61 434
62 47 578
63 47 4
64 47 623
47 65 800
66 47 646
47 67 616
68 47 519
47 69 944
70 47 626
47 71 993
47 72 510
73 47 686
74 47 577
47 75 636
50 48 421
48 51 920
48 52 225
48 53 738
48 54 969
48 55 610
56 48 417
57 48 359
58 48 526
59 48 594
60 48 793
48 61 529
62 48 873
63 48 506
48 64 124
65 48 339
48 66 613
48 67 11
68 48 780
69 48 801
48 70 550
48 71 588
72 48 992
48 73 639
74 48 98
48 75 535
49 50 419
51 49 523
52 49 551
49 53 639
49 54 771
55 49 570
49 56 290
49 57 220
49 59 20
60 49 230
61 49 108
49 62 124
49 63 538
49 64 503
65 49 527
66 49 540
67 49 267
49 68 844
49 69 172
70 49 768
49 71 438
72 49 790
49 73 723
49 74 49
49 75 730
50 51 875
50 52 529
50 53 595
50 54 990
55 50 187
50 56 193
50 57 808
58 50 611
59 50 808
60 50 520
50 61 634
62 50 78
63 50 326
50 64 337
65 50 894
50 66 356
50 67 607
68 50 469
69 50 302
50 70 650
71 50 325
50 72 269
73 50 357
50 74 135
50 75 14
51 52 739
53 51 963
54 51 774
51 55 968
51 56 366
57 51 527
51 58 684
51 59 310
60 51 686
61 51 314
62 51 803
63 51 881
64 51 475
65 51 302
66 51 752
67 51 967
68 51 666
69 51 11
70 51 920
51 71 252
51 72 895
51 73 711
51 74 263
51 75 434
53 52 334
52 54 635
52 55 90
57 52 564
58 52 564
52 59 207
60 52 842
61 52 248
52 62 763
52 63 394
52 64 289
65 52 986
52 66 93
52 67 681
52 68 349
69 52 797
52 70 967
71 52 537
52 72 195
52 73 288
52 74 328
52 75 988
54 53 598
56 53 360
53 57 388
53 58 264
53 59 789
53 60 214
53 61 66
62 53 405
53 63 473
53 64 364
65 53 389
66 53 303
53 67 837
68 53 519
53 69 400
53 70 632
71 53 386
72 53 962
73 53 794
53 74 894
75 53 963
55 54 638
54 56 135
54 57 425
58 54 246
54 59 420
54 60 689
54 61 825
62 54 782
54 63 910
54 64 735
65 54 872
54 66 236
67 54 596
68 54 762
69 54 315
54 70 299
71 54 103
72 54 698
73 54 95
74 54 19
54 75 928
56 55 236
57 55 583
58 55 800
55 59 254
55 60 737
61 55 357
55 62 958
55 63 352
64 55 792
65 55 795
55 66 323
67 55 226
55 68 128
55 69 315
55 70 186
55 71 204
72 55 50
55 73 141
74 55 629
75 55 86
57 56 519
56 58 336
56 59 97
56 60 899
56 61 58
62 56 681
56 63 293
56 64 751
56 65 930
66 56 917
67 56 11
56 68 887
56 69 257
70 56 613
56 71 773
56 72 250
56 73 844
56 74 471
56 75 625
58 57 532
57 59 765
57 60 413
57 61 822
62 57 181
63 57 932
57 64 217
57 65 921
66 57 705
57 67 833
68 57 63
57 69 367
57 70 601
57 71 601
72 57 501
73 57 144
57 74 610
75 57 948
58 59 669
60 58 889
58 61 223
58 62 651
63 58 113
64 58 245
65 58 452
66 58 486
58 67 34
58 68 530
58 69 413
58 70 57
71 58 707
58 72 1
58 73 811
58 74 338
58 75 420
59 60 33
59 61 397
62 59 432
63 59 957
59 64 29
65 59 456
66 59 274
59 67 69
68 59 475
69 59 285
70 59 98
71 59 434
59 72 306
73 59 397
74 59 428
59 75 572
60 61 809
60 62 846
60 63 180
64 60 619
65 60 914
60 66 778
60 67 915
68 60 694
60 69 327
60 70 624
60 71 968
72 60 873
60 73 6
74 60 620
75 60 436
61 62 244
61 63 863
64 61 187
65 61 594
66 61 955
61 67 231
61 68 47
69 61 578
61 70 886
71 61 70
61 72 384
73 61 623
74 61 662
61 75 229
62 63 412
64 62 825
65 62 260
66 62 447
67 62 81
62 68 603
69 62 899
70 62 471
71 62 978
62 72 389
73 62 656
62 74 428
62 75 846
63 64 648
63 65 677
63 66 141
63 67 892
68 63 446
63 69 355
63 70 950
63 71 636
63 72 174
63 73 385
63 74 183
63 75 44
65 64 280
66 64 380
64 67 90
68 64 757
69 64 436
64 70 965
64 71 225
64 72 596
73 64 359
74 64 914
64 75 738
66 65 212
67 65 787
65 68 259
69 65 661
65 70 891
65 71 352
65 72 999
65 73 198
65 74 530
65 75 893
66 67 913
68 66 350
69 66 139
66 70 459
71 66 368
66 72 305
73 66 162
74 66 526
66 75 59
67 68 73
69 67 829
70 67 274
67 71 570
67 72 287
73 67 457
74 67 945
69 68 646
70 68 786
71 68 39
68 72 72
68 73 494
68 74 452
75 68 527
70 69 995
69 71 296
69 72 597
69 73 921
69 74 993
69 75 414
71 70 552
70 72 387
73 70 590
70 74 853
75 70 737
71 72 564
71 73 181
71 74 162
71 75 346
72 73 855
72 74 456
72 75 339
73 74 573
73 75 179
75 74 3

TERMINALS
2
5
9
13
28
36
39
44
50
52
58
59
60

R
1 2 4
1 3 2
1 4 5
1 5 2
1 6 4
1 7 4
1 8 1
1 9 2
1 10 1
1 11 3
1 12 5
1 13 4
1 14 1
1 15 5
1 16 5
1 17 2
1 18 1
1 19 1
1 20 2
1 21 5
1 22 2
1 23 4
1 24 2
1 25 3
1 26 2
1 27 3
1 28 5
1 29 1
1 30 3
1 31 1
1 32 1
1 33 1
1 34 5
1 35 2
1 36 2
1 37 5
1 38 5
1 39 5
1 40 1
1 41 5
1 42 2
1 43 1
1 44 4
1 45 4
1 46 2
1 47 5
1 48 1
1 49 4
1 50 2
1 51 4
1 52 3
1 53 4
1 54 2
1 55 5
1 56 1
1 57 1
1 58 4
1 59 3
1 60 3
1 61 2
1 62 5
1 63 3
1 64 4
1 65 4
1 66 1
1 67 3
1 68 3
1 69 5
1 70 2
1 71 1
1 72 2
1 73 5
1 74 3
1 75 5
2 1 5
2 3 4
2 4 1
2 5 2
2 6 2
2 7 2
2 8 1
2 9 1
2 10 2
2 11 4
2 12 2
2 13 3
2 14 4
2 15 3
2 16 2
2 17 4
2 18 1
2 19 1
2 20 3
2 21 4
2 22 2
2 23 4
2 24 1
2 25 1
2 26 3
2 27 4
2 28 1
2 29 4
2 30 5
2 31 5
2 32 5
2 33 5
2 34 3
2 35 5
2 36 1
2 37 1
2 38 4
2 39 1
2 40 4
2 41 5
2 42 2
2 43 5
2 44 4
2 45 2
2 46 4
2 47 5
2 48 5
2 49 4
2 50 3
2 51 3
2 52 5
2 53 1
2 54 3
2 55 5
2 56 1
2 57 2
2 58 1
2 59 4
2 60 1
2 61 5
2 62 3
2 63 2
2 64 4
2 65 3
2 66 4
2 67 2
2 68 3
2 69 2
2 70 2
2 71 3
2 72 3
2 73 5
2 74 3
2 75 2
3 1 2
3 2 3
3 4 3
3 5 3
3 6 2
3 7 2
3 8 5
3 9 1
3 10 2
3 11 4
3 12 2
3 13 5
3 14 1
3 15 2
3 16 3
3 17 3
3 18 4
3 19 2
3 20 4
3 21 4
3 22 4
3 23 4
3 24 5
3 25 4
3 26 2
3 27 4
3 28 1
3 29 5
3 30 3
3 31 5
3 32 3
3 33 4
3 34 3
3 35 5
3 36 2
3 37 1
3 38 2
3 39 3
3 40 1
3 41 5
3 42 4
3 43 4
3 44 4
3 45 4
3 46 3
3 47 3
3 48 1
3 49 1
3 50 2
3 51 1
3 52 1
3 53 2
3 54 5
3 55 3
3 56 5
3 57 3
3 58 1
3 59 3
3 60 4
3 61 3
3 62 4
3 63 1
3 64 4
3 65 3
3 66 3
3 67 2
3 68 3
3 69 1
3 70 1
3 71 5
3 72 5
3 73 4
3 74 4
3 75 1
4 1 2
4 2 3
4 3 5
4 5 4
4 6 5
4 7 1
4 8 5
4 9 5
4 10 3
4 11 1
4 12 2
4 13 4
4 14 3
4 15 4
4 16 1
4 17 4
4 18 4
4 19 2
4 20 4
4 21 2
4 22 4
4 23 1
4 24 5
4 25 4
4 26 1
4 27 5
4 28 3
4 29 3
4 30 4
4 31 3
4 32 3
4 33 2
4 34 2
4 35 4
4 36 1
4 37 1
4 38 5
4 39 2
4 40 3
4 41 4
4 42 2
4 43 4
4 44 2
4 45 1
4 46 3
4 47 5
4 48 4
4 49 3
4 50 1
4 51 5
4 52 4
4 53 1
4 54 2
4 55 3
4 56 1
4 57 5
4 58 4
4 59 4
4 60 2
4 61 4
4 62 3
4 63 1
4 64 1
4 65 2
4 66 4
4 67 1
4 68 2
4 69 5
4 70 4
4 71 4
4 72 3
4 73 5
4 74 5
4 75 2
5 1 2
5 2 4
5 3 1
5 4 1
5 6 1
5 7 3
5 8 2
5 9 4
5 10 5
5 11 3
5 12 3
5 13 1
5 14 2
5 15 3
5 16 1
5 17 3
5 18 2
5 19 5
5 20 5
5 21 2
5 22 1
5 23 4
5 24 4
5 25 3
5 26 3
5 27 2
5 28 1
5 29 3
5 30 3
5 31 2
5 32 4
5 33 4
5 34 5
5 35 4
5 36 1
5 37 5
5 38 3
5 39 2
5 40 5
5 41 2
5 42 5
5 43 4
5 44 2
5 45 1
5 46 2
5 47 4
5 48 1
5 49 3
5 50 4
5 51 5
5 52 4
5 53 4
5 54 3
5 55 4
5 56 1
5 57 3
5 58 5
5 59 4
5 60 5
5 61 2
5 62 5
5 63 3
5 64 5
5 65 2
5 66 3
5 67 1
5 68 1
5 69 2
5 70 2
5 71 3
5 72 3
5 73 3
5 74 1
5 75 2
6 1 4
6 2 2
6 3 5
6 4 4
6 5 4
6 7 5
6 8 3
6 9 4
6 10 4
6 11 3
6 12 2
6 13 1
6 14 2
6 15 1
6 16 1
6 17 3
6 18 4
6 19 3
6 20 5
6 21 4
6 22 4
6 23 4
6 24 1
6 25 1
6 26 5
6 27 4
6 28 3
6 29 4
6 30 2
6 31 4
6 32 2
6 33 5
6 34 5
6 35 4
6 36 5
6 37 4
6 38 3
6 39 4
6 40 2
6 41 3
6 42 1
6 43 4
6 44 4
6 45 4
6 46 1
6 47 1
6 48 1
6 49 5
6 50 3
6 51 2
6 52 5
6 53 1
6 54 2
6 55 5
6 56 2
6 57 1
6 58 3
6 59 4
6 60 2
6 61 4
6 62 2
6 63 5
6 64 5
6 65 4
6 66 3
6 67 4
6 68 4
6 69 3
6 70 5
6 71 5
6 72 5
6 73 5
6 74 5
6 75 5
7 1 1
7 2 3
7 3 1
7 4 1
7 5 2
7 6 5
7 8 3
7 9 3
7 10 1
7 11 4
7 12 2
7 13 4
7 14 2
7 15 1
7 16 4
7 17 5
7 18 2
7 19 3
7 20 4
7 21 1
7 22 1
7 23 4
7 24 2
7 25 4
7 26 3
7 27 1
7 28 5
7 29 2
7 30 2
7 31 2
7 32 4
7 33 2
7 34 4
7 35 1
7 36 5
7 37 2
7 38 5
7 39 2
7 40 4
7 41 2
7 42 2
7 43 2
7 44 2
7 45 5
7 46 2
7 47 1
7 48 4
7 49 5
7 50 5
7 51 5
7 52 1
7 53 5
7 54 5
7 55 4
7 56 5
7 57 2
7 58 1
7 59 4
7 60 5
7 61 2
7 62 2
7 63 5
7 64 1
7 65 5
7 66 5
7 67 5
7 68 3
7 69 2
7 70 3
7 71 3
7 72 3
7 73 1
7 74 4
7 75 2
8 1 1
8 2 3
8 3 2
8 4 1
8 5 4
8 6 3
8 7 2
8 9 1
8 10 2
8 11 3
8 12 4
8 13 3
8 14 4
8 15 4
8 16 3
8 17 1
8 18 3
8 19 5
8 20 5
8 21 3
8 22 1
8 23 2
8 24 4
8 25 4
8 26 3
8 27 1
8 28 1
8 29 2
8 30 3
8 31 2
8 32 3
8 33 5
8 34 1
8 35 1
8 36 3
8 37 4
8 38 3
8 39 4
8 40 5
8 41 1
8 42 2
8 43 5
8 44 3
8 45 2
8 46 4
8 47 1
8 48 2
8 49 1
8 50 5
8 51 4
8 52 5
8 53 5
8 54 5
8 55 3
8 56 5
8 57 2
8 58 5
8 59 3
8 60 3
8 61 2
8 62 4
8 63 3
8 64 2
8 65 1
8 66 3
8 67 4
8 68 1
8 69 1
8 70 4
8 71 2
8 72 1
8 73 2
8 74 4
8 75 4
9 1 4
9 2 2
9 3 1
9 4 2
9 5 4
9 6 5
9 7 5
9 8 5
9 10 4
9 11 4
9 12 2
9 13 1
9 14 2
9 15 3
9 16 3
9 17 2
9 18 1
9 19 1
9 20 4
9 21 2
9 22 3
9 23 1
9 24 2
9 25 5
9 26 3
9 27 3
9 28 2
9 29 1
9 30 4
9 31 5
9 32 1
9 33 4
9 34 3
9 35 1
9 36 3
9 37 3
9 38 2
9 39 4
9 40 2
9 41 5
9 42 5
9 43 5
9 44 2
9 45 1
9 46 4
9 47 4
9 48 4
9 49 4
9 50 4
9 51 2
9 52 3
9 53 3
9 54 5
9 55 1
9 56 3
9 57 4
9 58 3
9 59 1
9 60 4
9 61 4
9 62 2
9 63 1
9 64 4
9 65 1
9 66 1
9 67 1
9 68 3
9 69 2
9 70 2
9 71 1
9 72 4
9 73 1
9 74 2
9 75 5
10 1 3
10 2 5
10 3 4
10 4 2
10 5 5
10 6 4
10 7 3
10 8 2
10 9 4
10 11 4
10 12 3
10 13 3
10 14 3
10 15 2
10 16 3
10 17 3
10 18 5
10 19 1
10 20 4
10 21 1
10 22 1
10 23 1
10 24 1
10 25 5
10 26 5
10 27 2
10 28 2
10 29 3
10 30 4
10 31 5
10 32 4
10 33 2
10 34 4
10 35 4
10 36 3
10 37 5
10 38 5
10 39 2
10 40 2
10 41 3
10 42 3
10 43 1
10 44 5
10 45 5
10 46 4
10 47 4
10 48 4
10 49 1
10 50 4
10 51 4
10 52 1
10 53 1
10 54 5
10 55 3
10 56 5
10 57 4
10 58 2
10 59 3
10 60 3
10 61 5
10 62 2
10 63 3
10 64 1
10 65 2
10 66 2
10 67 5
10 68 1
10 69 1
10 70 4
10 71 4
10 72 5
10 73 1
10 74 1
10 75 1
11 1 5
11 2 5
11 3 4
11 4 5
11 5 5
11 6 4
11 7 4
11 8 5
11 9 4
11 10 5
11 12 4
11 13 5
11 14 3
11 15 5
11 16 2
11 17 2
11 18 5
11 19 5
11 20 4
11 21 2
11 22 1
11 23 2
11 24 4
11 25 1
11 26 4
11 27 2
11 28 2
11 29 3
11 30 2
11 31 2
11 32 5
11 33 3
11 34 1
11 35 3
11 36 2
11 37 2
11 38 1
11 39 2
11 40 3
11 41 1
11 42 1
11 43 2
11 44 2
11 45 5
11 46 1
11 47 5
11 48 1
11 49 2
11 50 4
11 51 2
11 52 4
11 53 4
11 54 5
11 55 2
11 56 5
11 57 4
11 58 3
11 59 3
11 60 3
11 61 1
11 62 4
11 63 3
11 64 3
11 65 2
11 66 2
11 67 1
11 68 5
11 69 5
11 70 3
11 71 3
11 72 2
11 73 3
11 74 4
11 75 4
12 1 5
12 2 1
12 3 3
12 4 5
12 5 3
12 6 2
12 7 3
12 8 3
12 9 5
12 10 5
12 11 1
12 13 1
12 14 3
12 15 5
12 16 5
12 17 2
12 18 5
12 19 4
12 20 1
12 21 2
12 22 2
12 23 5
12 24 4
12 25 1
12 26 4
12 27 1
12 28 5
12 29 2
12 30 1
12 31 3
12 32 5
12 33 5
12 34 1
12 35 5
12 36 1
12 37 3
12 38 1
12 39 1
12 40 2
12 41 2
12 42 5
12 43 2
12 44 5
12 45 4
12 46 1
12 47 4
12 48 5
12 49 5
12 50 4
12 51 3
12 52 3
12 53 5
12 54 4
12 55 1
12 56 3
12 57 2
12 58 4
12 59 2
12 60 5
12 61 4
12 62 2
12 63 5
12 64 5
12 65 2
12 66 4
12 67 5
12 68 1
12 69 1
12 70 5
12 71 2
12 72 2
12 73 4
12 74 5
12 75 3
13 1 2
13 2 5
13 3 2
13 4 4
13 5 1
13 6 5
13 7 3
13 8 5
13 9 2
13 10 1
13 11 2
13 12 1
13 14 4
13 15 2
13 16 2
13 17 3
13 18 5
13 19 5
13 20 4
13 21 1
13 22 1
13 23 2
13 24 1
13 25 3
13 26 4
13 27 2
13 28 1
13 29 3
13 30 1
13 31 5
13 32 5
13 33 4
13 34 1
13 35 1
13 36 4
13 37 3
13 38 3
13 39 3
13 40 4
13 41 1
13 42 3
13 43 3
13 44 1
13 45 3
13 46 4
13 47 4
13 48 3
13 49 1
13 50 4
13 51 1
13 52 1
13 53 1
13 54 5
13 55 1
13 56 4
13 57 3
13 58 5
13 59 1
13 60 5
13 61 5
13 62 1
13 63 5
13 64 5
13 65 3
13 66 2
13 67 1
13 68 3
13 69 1
13 70 3
13 71 1
13 72 1
13 73 3
13 74 5
13 75 3
14 1 5
14 2 4
14 3 2
14 4 2
14 5 1
14 6 5
14 7 3
14 8 1
14 9 2
14 10 2
14 11 4
14 12 5
14 13 1
14 15 3
14 16 1
14 17 1
14 18 4
14 19 3
14 20 5
14 21 5
14 22 2
14 23 3
14 24 5
14 25 4
14 26 4
14 27 3
14 28 2
14 29 1
14 30 5
14 31 3
14 32 1
14 33 1
14 34 1
14 35 2
14 36 3
14 37 3
14 38 3
14 39 2
14 40 1
14 41 4
14 42 5
14 43 1
14 44 1
14 45 5
14 46 3
14 47 3
14 48 5
14 49 3
14 50 5
14 51 1
14 52 4
14 53 3
14 54 1
14 55 4
14 56 4
14 57 4
14 58 3
14 59 2
14 60 1
14 61 4
14 62 4
14 63 1
14 64 4
14 65 2
14 66 4
14 67 3
14 68 4
14 69 1
14 70 4
14 71 4
14 72 2
14 73 3
14 74 4
14 75 2
15 1 5
15 2 3
15 3 4
15 4 4
15 5 2
15 6 5
15 7 2
15 8 1
15 9 2
15 10 2
15 11 4
15 12 5
15 13 2
15 14 3
15 16 3
15 17 2
15 18 1
15 19 2
15 20 5
15 21 4
15 22 3
15 23 3
15 24 4
15 25 3
15 26 1
15 27 2
15 28 2
15 29 2
15 30 2
15 31 2
15 32 5
15 33 1
15 34 2
15 35 3
15 36 1
15 37 3
15 38 4
15 39 2
15 40 3
15 41 2
15 42 5
15 43 3
15 44 4
15 45 1
15 46 5
15 47 1
15 48 5
15 49 2
15 50 2
15 51 1
15 52 3
15 53 4
15 54 5
15 55 1
15 56 4
15 57 5
15 58 4
15 59 5
15 60 3
15 61 5
15 62 3
15 63 2
15 64 2
15 65 4
15 66 1
15 67 5
15 68 4
15 69 1
15 70 1
15 71 1
15 72 3
15 73 3
15 74 1
15 75 1
16 1 3
16 2 2
16 3 1
16 4 4
16 5 4
16 6 3
16 7 1
16 8 1
16 9 3
16 10 1
16 11 1
16 12 1
16 13 5
16 14 1
16 15 2
16 17 5
16 18 3
16 19 2
16 20 3
16 21 4
16 22 5
16 23 4
16 24 3
16 25 5
16 26 1
16 27 1
16 28 1
16 29 3
16 30 5
16 31 3
16 32 3
16 33 4
16 34 4
16 35 4
16 36 3
16 37 2
16 38 3
16 39 3
16 40 4
16 41 2
16 42 5
16 43 1
16 44 5
16 45 5
16 46 2
16 47 3
16 48 1
16 49 4
16 50 4
16 51 3
16 52 4
16 53 1
16 54 3
16 55 4
16 56 5
16 57 4
16 58 1
16 59 2
16 60 1
16 61 5
16 62 4
16 63 1
16 64 3
16 65 5
16 66 1
16 67 2
16 68 1
16 69 3
16 70 2
16 71 2
16 72 1
16 73 1
16 74 2
16 75 5
17 1 2
17 2 5
17 3 3
17 4 2
17 5 5
17 6 3
17 7 2
17 8 1
17 9 3
17 10 4
17 11 1
17 12 3
17 13 4
17 14 1
17 15 4
17 16 2
17 18 2
17 19 5
17 20 2
17 21 1
17 22 4
17 23 2
17 24 5
17 25 1
17 26 1
17 27 1
17 28 2
17 29 1
17 30 3
17 31 1
17 32 3
17 33 2
17 34 5
17 35 5
17 36 3
17 37 2
17 38 2
17 39 1
17 40 2
17 41 2
17 42 2
17 43 2
17 44 4
17 45 5
17 46 4
17 47 4
17 48 1
17 49 2
17 50 5
17 51 4
17 52 2
17 53 3
17 54 5
17 55 3
17 56 1
17 57 2
17 58 5
17 59 2
17 60 3
17 61 3
17 62 4
17 63 2
17 64 4
17 65 1
17 66 1
17 67 3
17 68 2
17 69 4
17 70 1
17 71 5
17 72 5
17 73 2
17 74 1
17 75 5
18 1 1
18 2 1
18 3 1
18 4 4
18 5 2
18 6 5
18 7 2
18 8 5
18 9 5
18 10 4
18 11 5
18 12 5
18 13 2
18 14 4
18 15 1
18 16 1
18 17 1
18 19 2
18 20 2
18 21 1
18 22 2
18 23 4
18 24 1
18 25 3
18 26 5
18 27 1
18 28 2
18 29 4
18 30 2
18 31 4
18 32 1
18 33 4
18 34 1
18 35 1
18 36 2
18 37 4
18 38 2
18 39 1
18 40 5
18 41 1
18 42 1
18 43 4
18 44 5
18 45 2
18 46 3
18 47 3
18 48 3
18 49 5
18 50 4
18 51 4
18 52 1
18 53 2
18 54 5
18 55 1
18 56 4
18 57 4
18 58 1
18 59 2
18 60 4
18 61 4
18 62 2
18 63 4
18 64 2
18 65 4
18 66 1
18 67 1
18 68 2
18 69 5
18 70 1
18 71 3
18 72 5
18 73 1
18 74 2
18 75 2
19 1 4
19 2 1
19 3 1
19 4 1
19 5 5
19 6 1
19 7 2
19 8 5
19 9 2
19 10 1
19 11 2
19 12 2
19 13 4
19 14 4
19 15 3
19 16 2
19 17 2
19 18 1
19 20 3
19 21 1
19 22 4
19 23 5
19 24 1
19 25 2
19 26 4
19 27 1
19 28 4
19 29 1
19 30 3
19 31 2
19 32 4
19 33 1
19 34 2
19 35 4
19 36 4
19 37 2
19 38 4
19 39 2
19 40 3
19 41 2
19 42 2
19 43 2
19 44 3
19 45 2
19 46 5
19 47 2
19 48 5
19 49 4
19 50 2
19 51 4
19 52 1
19 53 2
19 54 4
19 55 1
19 56 5
19 57 4
19 58 3
19 59 3
19 60 1
19 61 5
19 62 2
19 63 4
19 64 2
19 65 3
19 66 4
19 67 5
19 68 1
19 69 2
19 70 1
19 71 1
19 72 5
19 73 4
19 74 2
19 75 2
20 1 2
20 2 3
20 3 3
20 4 4
20 5 3
20 6 4
20 7 4
20 8 3
20 9 2
20 10 4
20 11 3
20 12 1
20 13 3
20 14 5
20 15 1
20 16 3
20 17 1
20 18 2
20 19 4
20 21 3
20 22 1
20 23 2
20 24 4
20 25 4
20 26 1
20 27 2
20 28 4
20 29 5
20 30 2
20 31 2
20 32 2
20 33 1
20 34 1
20 35 4
20 36 4
20 37 1
20 38 5
20 39 2
20 40 3
20 41 1
20 42 1
20 43 3
20 44 4
20 45 5
20 46 4
20 47 4
20 48 4
20 49 2
20 50 5
20 51 2
20 52 4
20 53 2
20 54 4
20 55 4
20 56 5
20 57 4
20 58 2
20 59 5
20 60 3
20 61 4
20 62 3
20 63 1
20 64 4
20 65 1
20 66 5
20 67 4
20 68 1
20 69 1
20 70 2
20 71 5
20 72 1
20 73 2
20 74 4
20 75 4
21 1 3
21 2 3
21 3 4
21 4 2
21 5 1
21 6 5
21 7 3
21 8 1
21 9 2
21 10 3
21 11 4
21 12 3
21 13 3
21 14 1
21 15 5
21 16 1
21 17 1
21 18 4
21 19 3
21 20 4
21 22 4
21 23 2
21 24 4
21 25 4
21 26 2
21 27 5
21 28 1
21 29 5
21 30 4
21 31 4
21 32 5
21 33 1
21 34 3
21 35 4
21 36 4
21 37 3
21 38 5
21 39 4
21 40 3
21 41 1
21 42 1
21 43 2
21 44 1
21 45 4
21 46 4
21 47 2
21 48 1
21 49 4
21 50 5
21 51 3
21 52 4
21 53 4
21 54 2
21 55 4
21 56 4
21 57 5
21 58 3
21 59 4
21 60 1
21 61 3
21 62 5
21 63 1
21 64 1
21 65 2
21 66 1
21 67 4
21 68 5
21 69 5
21 70 2
21 71 4
21 72 3
21 73 5
21 74 2
21 75 5
22 1 5
22 2 5
22 3 1
22 4 2
22 5 5
22 6 2
22 7 1
22 8 5
22 9 2
22 10 2
22 11 3
22 12 3
22 13 2
22 14 3
22 15 3
22 16 4
22 17 5
22 18 2
22 19 4
22 20 2
22 21 4
22 23 1
22 24 1
22 25 5
22 26 3
22 27 4
22 28 3
22 29 2
22 30 3
22 31 5
22 32 3
22 33 4
22 34 1
22 35 5
22 36 5
22 37 3
22 38 1
22 39 1
22 40 2
22 41 3
22 42 4
22 43 2
22 44 2
22 45 2
22 46 1
22 47 4
22 48 1
22 49 2
22 50 1
22 51 1
22 52 4
22 53 1
22 54 2
22 55 4
22 56 2
22 57 1
22 58 4
22 59 1
22 60 2
22 61 2
22 62 2
22 63 4
22 64 2
22 65 3
22 66 3
22 67 2
22 68 2
22 69 5
22 70 4
22 71 3
22 72 4
22 73 2
22 74 1
22 75 5
23 1 4
23 2 1
23 3 4
23 4 4
23 5 3
23 6 1
23 7 4
23 8 1
23 9 3
23 10 5
23 11 1
23 12 4
23 13 2
23 14 4
23 15 1
23 16 3
23 17 2
23 18 3
23 19 3
23 20 4
23 21 2
23 22 2
23 24 2
23 25 3
23 26 2
23 27 5
23 28 2
23 29 5
23 30 1
23 31 3
23 32 2
23 33 4
23 34 3
23 35 2
23 36 4
23 37 2
23 38 2
23 39 3
23 40 4
23 41 4
23 42 4
23 43 4
23 44 4
23 45 1
23 46 5
23 47 4
23 48 5
23 49 3
23 50 1
23 51 3
23 52 3
23 53 2
23 54 4
23 55 4
23 56 1
23 57 2
23 58 5
23 59 3
23 60 4
23 61 1
23 62 5
23 63 5
23 64 1
23 65 4
23 66 1
23 67 5
23 68 1
23 69 4
23 70 4
23 71 4
23 72 2
23 73 2
23 74 5
23 75 2
24 1 2
24 2 1
24 3 5
24 4 2
24 5 3
24 6 3
24 7 1
24 8 1
24 9 1
24 10 4
24 11 1
24 12 2
24 13 3
24 14 1
24 15 1
24 16 1
24 17 3
24 18 5
24 19 5
24 20 3
24 21 5
24 22 2
24 23 4
24 25 2
24 26 5
24 27 2
24 28 3
24 29 1
24 30 1
24 31 2
24 32 4
24 33 2
24 34 2
24 35 5
24 36 5
24 37 1
24 38 2
24 39 5
24 40 1
24 41 5
24 42 1
24 43 4
24 44 3
24 45 5
24 46 4
24 47 3
24 48 5
24 49 1
24 50 2
24 51 1
24 52 5
24 53 1
24 54 2
24 55 1
24 56 3
24 57 1
24 58 4
24 59 5
24 60 1
24 61 4
24 62 3
24 63 1
24 64 3
24 65 1
24 66 5
24 67 4
24 68 3
24 69 2
24 70 1
24 71 1
24 72 3
24 73 3
24 74 4
24 75 5
25 1 2
25 2 2
25 3 2
25 4 1
25 5 4
25 6 5
25 7 1
25 8 5
25 9 5
25 10 2
25 11 2
25 12 4
25 13 4
25 14 1
25 15 5
25 16 1
25 17 1
25 18 4
25 19 1
25 20 3
25 21 1
25 22 5
25 23 2
25 24 4
25 26 3
25 27 2
25 28 4
25 29 5
25 30 4
25 31 2
25 32 4
25 33 2
25 34 5
25 35 5
25 36 2
25 37 5
25 38 4
25 39 4
25 40 4
25 41 1
25 42 2
25 43 1
25 44 1
25 45 5
25 46 3
25 47 3
25 48 5
25 49 3
25 50 3
25 51 5
25 52 1
25 53 4
25 54 1
25 55 4
25 56 2
25 57 4
25 58 5
25 59 5
25 60 5
25 61 5
25 62 3
25 63 4
25 64 1
25 65 2
25 66 5
25 67 4
25 68 1
25 69 1
25 70 4
25 71 1
25 72 3
25 73 2
25 74 1
25 75 5
26 1 1
26 2 3
26 3 2
26 4 2
26 5 3
26 6 5
26 7 3
26 8 3
26 9 5
26 10 3
26 11 1
26 12 1
26 13 3
26 14 2
26 15 2
26 16 3
26 17 3
26 18 4
26 19 1
26 20 5
26 21 2
26 22 2
26 23 5
26 24 4
26 25 2
26 27 3
26 28 4
26 29 1
26 30 4
26 31 2
26 32 1
26 33 1
26 34 1
26 35 2
26 36 2
26 37 3
26 38 3
26 39 1
26 40 5
26 41 2
26 42 3
26 43 2
26 44 4
26 45 1
26 46 5
26 47 5
26 48 5
26 49 4
26 50 5
26 51 2
26 52 3
26 53 3
26 54 3
26 55 2
26 56 1
26 57 2
26 58 1
26 59 5
26 60 2
26 61 1
26 62 3
26 63 4
26 64 1
26 65 3
26 66 3
26 67 4
26 68 1
26 69 5
26 70 4
26 71 2
26 72 4
26 73 4
26 74 1
26 75 4
27 1 1
27 2 2
27 3 4
27 4 5
27 5 1
27 6 5
27 7 1
27 8 5
27 9 3
27 10 5
27 11 4
27 12 5
27 13 1
27 14 4
27 15 4
27 16 5
27 17 5
27 18 3
27 19 3
27 20 2
27 21 1
27 22 5
27 23 1
27 24 3
27 25 2
27 26 1
27 28 4
27 29 5
27 30 4
27 31 1
27 32 3
27 33 4
27 34 3
27 35 3
27 36 5
27 37 3
27 38 5
27 39 5
27 40 2
27 41 4
27 42 5
27 43 5
27 44 3
27 45 2
27 46 1
27 47 4
27 48 1
27 49 2
27 50 1
27 51 4
27 52 3
27 53 3
27 54 5
27 55 3
27 56 5
27 57 1
27 58 4
27 59 1
27 60 2
27 61 4
27 62 1
27 63 5
27 64 3
27 65 3
27 66 4
27 67 2
27 68 2
27 69 5
27 70 4
27 71 1
27 72 3
27 73 5
27 74 2
27 75 1
28 1 1
28 2 4
28 3 1
28 4 4
28 5 5
28 6 1
28 7 4
28 8 3
28 9 4
28 10 3
28 11 2
28 12 5
28 13 4
28 14 2
28 15 5
28 16 5
28 17 1
28 18 1
28 19 1
28 20 5
28 21 5
28 22 2
28 23 3
28 24 2
28 25 1
28 26 1
28 27 4
28 29 4
28 30 2
28 31 5
28 32 1
28 33 5
28 34 4
28 35 1
28 36 3
28 37 5
28 38 3
28 39 1
28 40 2
28 41 3
28 42 5
28 43 4
28 44 3
28 45 5
28 46 2
28 47 2
28 48 2
28 49 2
28 50 4
28 51 2
28 52 1
28 53 4
28 54 5
28 55 1
28 56 2
28 57 1
28 58 3
28 59 5
28 60 1
28 61 5
28 62 1
28 63 1
28 64 4
28 65 4
28 66 3
28 67 1
28 68 1
28 69 2
28 70 3
28 71 2
28 72 5
28 73 4
28 74 2
28 75 4
29 1 4
29 2 4
29 3 2
29 4 5
29 5 2
29 6 1
29 7 3
29 8 5
29 9 1
29 10 3
29 11 5
29 12 2
29 13 5
29 14 2
29 15 1
29 16 5
29 17 3
29 18 1
29 19 2
29 20 1
29 21 2
29 22 1
29 23 3
29 24 2
29 25 2
29 26 2
29 27 5
29 28 3
29 30 1
29 31 2
29 32 3
29 33 4
29 34 2
29 35 5
29 36 3
29 37 5
29 38 2
29 39 2
29 40 4
29 41 2
29 42 4
29 43 5
29 44 3
29 45 5
29 46 4
29 47 5
29 48 4
29 49 1
29 50 5
29 51 2
29 52 4
29 53 3
29 54 2
29 55 1
29 56 4
29 57 1
29 58 5
29 59 4
29 60 3
29 61 5
29 62 2
29 63 1
29 64 3
29 65 5
29 66 2
29 67 2
29 68 4
29 69 3
29 70 5
29 71 5
29 72 1
29 73 4
29 74 1
29 75 3
30 1 3
30 2 4
30 3 4
30 4 4
30 5 2
30 6 3
30 7 5
30 8 5
30 9 1
30 10 4
30 11 2
30 12 1
30 13 4
30 14 1
30 15 1
30 16 1
30 17 2
30 18 4
30 19 3
30 20 4
30 21 3
30 22 1
30 23 2
30 24 4
30 25 5
30 26 2
30 27 3
30 28 5
30 29 2
30 31 5
30 32 4
30 33 1
30 34 4
30 35 2
30 36 1
30 37 2
30 38 2
30 39 1
30 40 1
30 41 2
30 42 4
30 43 4
30 44 4
30 45 2
30 46 5
30 47 5
30 48 4
30 49 1
30 50 3
30 51 4
30 52 2
30 53 3
30 54 4
30 55 5
30 56 1
30 57 4
30 58 3
30 59 5
30 60 3
30 61 1
30 62 4
30 63 4
30 64 2
30 65 2
30 66 5
30 67 4
30 68 3
30 69 1
30 70 4
30 71 5
30 72 4
30 73 4
30 74 1
30 75 3
31 1 2
31 2 2
31 3 4
31 4 3
31 5 4
31 6 1
31 7 1
31 8 5
31 9 5
31 10 4
31 11 2
31 12 5
31 13 4
31 14 1
31 15 4
31 16 2
31 17 2
31 18 3
31 19 2
31 20 5
31 21 1
31 22 1
31 23 3
31 24 1
31 25 4
31 26 4
31 27 2
31 28 2
31 29 2
31 30 2
31 32 1
31 33 1
31 34 3
31 35 4
31 36 3
31 37 2
31 38 2
31 39 5
31 40 3
31 41 1
31 42 3
31 43 1
31 44 3
31 45 2
31 46 2
31 47 1
31 48 5
31 49 3
31 50 5
31 51 1
31 52 2
31 53 3
31 54 3
31 55 1
31 56 3
31 57 1
31 58 4
31 59 4
31 60 5
31 61 1
31 62 3
31 63 5
31 64 3
31 65 5
31 66 1
31 67 5
31 68 1
31 69 4
31 70 4
31 71 1
31 72 1
31 73 3
31 74 1
31 75 3
32 1 1
32 2 2
32 3 1
32 4 2
32 5 1
32 6 2
32 7 2
32 8 4
32 9 4
32 10 2
32 11 5
32 12 1
32 13 2
32 14 3
32 15 2
32 16 3
32 17 5
32 18 4
32 19 3
32 20 2
32 21 5
32 22 5
32 23 3
32 24 3
32 25 5
32 26 3
32 27 3
32 28 5
32 29 3
32 30 5
32 31 5
32 33 3
32 34 2
32 35 2
32 36 5
32 37 2
32 38 3
32 39 3
32 40 1
32 41 2
32 42 4
32 43 5
32 44 4
32 45 3
32 46 4
32 47 2
32 48 5
32 49 4
32 50 2
32 51 4
32 52 5
32 53 2
32 54 3
32 55 5
32 56 4
32 57 4
32 58 2
32 59 3
32 60 4
32 61 4
32 62 2
32 63 5
32 64 4
32 65 5
32 66 1
32 67 3
32 68 2
32 69 5
32 70 2
32 71 4
32 72 1
32 73 1
32 74 5
32 75 2
33 1 3
33 2 3
33 3 3
33 4 4
33 5 3
33 6 5
33 7 3
33 8 5
33 9 3
33 10 2
33 11 4
33 12 3
33 13 1
33 14 2
33 15 5
33 16 1
33 17 1
33 18 1
33 19 5
33 20 4
33 21 1
33 22 2
33 23 3
33 24 4
33 25 1
33 26 1
33 27 4
33 28 4
33 29 1
33 30 5
33 31 5
33 32 5
33 34 2
33 35 4
33 36 4
33 37 2
33 38 5
33 39 3
33 40 1
33 41 2
33 42 4
33 43 4
33 44 4
33 45 4
33 46 5
33 47 3
33 48 4
33 49 2
33 50 1
33 51 5
33 52 2
33 53 3
33 54 1
33 55 1
33 56 3
33 57 4
33 58 2
33 59 1
33 60 2
33 61 4
33 62 2
33 63 1
33 64 1
33 65 5
33 66 1
33 67 1
33 68 1
33 69 1
33 70 3
33 71 1
33 72 2
33 73 1
33 74 1
33 75 1
34 1 2
34 2 1
34 3 5
34 4 5
34 5 4
34 6 2
34 7 2
34 8 1
34 9 4
34 10 4
34 11 3
34 12 3
34 13 2
34 14 4
34 15 3
34 16 3
34 17 5
34 18 1
34 19 5
34 20 5
34 21 1
34 22 1
34 23 5
34 24 1
34 25 1
34 26 2
34 27 2
34 28 4
34 29 2
34 30 2
34 31 1
34 32 3
34 33 4
34 35 1
34 36 5
34 37 5
34 38 2
34 39 3
34 40 5
34 41 3
34 42 1
34 43 4
34 44 5
34 45 5
34 46 3
34 47 5
34 48 2
34 49 2
34 50 5
34 51 4
34 52 3
34 53 5
34 54 1
34 55 2
34 56 3
34 57 3
34 58 5
34 59 4
34 60 1
34 61 3
34 62 2
34 63 2
34 64 3
34 65 3
34 66 4
34 67 2
34 68 2
34 69 2
34 70 1
34 71 3
34 72 1
34 73 1
34 74 1
34 75 1
35 1 5
35 2 5
35 3 2
35 4 4
35 5 3
35 6 3
35 7 4
35 8 5
35 9 5
35 10 4
35 11 3
35 12 2
35 13 1
35 14 2
35 15 2
35 16 3
35 17 5
35 18 3
35 19 4
35 20 2
35 21 5
35 22 4
35 23 5
35 24 3
35 25 3
35 26 5
35 27 5
35 28 3
35 29 2
35 30 1
35 31 5
35 32 4
35 33 5
35 34 3
35 36 2
35 37 5
35 38 1
35 39 5
35 40 4
35 41 5
35 42 5
35 43 2
35 44 3
35 45 5
35 46 3
35 47 4
35 48 2
35 49 4
35 50 3
35 51 3
35 52 5
35 53 3
35 54 3
35 55 4
35 56 2
35 57 5
35 58 3
35 59 2
35 60 3
35 61 2
35 62 4
35 63 4
35 64 5
35 65 5
35 66 2
35 67 3
35 68 4
35 69 2
35 70 2
35 71 3
35 72 3
35 73 3
35 74 1
35 75 5
36 1 2
36 2 5
36 3 5
36 4 5
36 5 4
36 6 2
36 7 4
36 8 5
36 9 1
36 10 2
36 11 4
36 12 3
36 13 1
36 14 3
36 15 1
36 16 5
36 17 1
36 18 4
36 19 4
36 20 5
36 21 3
36 22 5
36 23 2
36 24 2
36 25 3
36 26 5
36 27 1
36 28 2
36 29 2
36 30 3
36 31 3
36 32 5
36 33 4
36 34 2
36 35 2
36 37 4
36 38 5
36 39 5
36 40 4
36 41 1
36 42 3
36 43 4
36 44 3
36 45 4
36 46 3
36 47 3
36 48 5
36 49 4
36 50 3
36 51 5
36 52 5
36 53 5
36 54 1
36 55 2
36 56 3
36 57 3
36 58 3
36 59 3
36 60 1
36 61 2
36 62 2
36 63 3
36 64 1
36 65 1
36 66 1
36 67 4
36 68 4
36 69 1
36 70 1
36 71 4
36 72 3
36 73 3
36 74 2
36 75 2
37 1 3
37 2 2
37 3 1
37 4 3
37 5 5
37 6 3
37 7 2
37 8 4
37 9 4
37 10 3
37 11 2
37 12 2
37 13 2
37 14 5
37 15 1
37 16 5
37 17 3
37 18 3
37 19 4
37 20 5
37 21 5
37 22 2
37 23 4
37 24 5
37 25 2
37 26 4
37 27 4
37 28 1
37 29 1
37 30 2
37 31 2
37 32 4
37 33 3
37 34 2
37 35 3
37 36 2
37 38 1
37 39 1
37 40 3
37 41 4
37 42 3
37 43 1
37 44 5
37 45 2
37 46 2
37 47 3
37 48 3
37 49 4
37 50 5
37 51 1
37 52 4
37 53 1
37 54 2
37 55 4
37 56 5
37 57 5
37 58 2
37 59 3
37 60 5
37 61 4
37 62 5
37 63 3
37 64 4
37 65 4
37 66 1
37 67 1
37 68 1
37 69 1
37 70 4
37 71 5
37 72 5
37 73 3
37 74 5
37 75 1
38 1 4
38 2 4
38 3 3
38 4 1
38 5 2
38 6 4
38 7 4
38 8 2
38 9 1
38 10 2
38 11 5
38 12 1
38 13 2
38 14 3
38 15 5
38 16 3
38 17 4
38 18 1
38 19 1
38 20 2
38 21 5
38 22 1
38 23 5
38 24 2
38 25 4
38 26 3
38 27 1
38 28 5
38 29 5
38 30 2
38 31 2
38 32 1
38 33 5
38 34 5
38 35 3
38 36 4
38 37 5
38 39 1
38 40 5
38 41 1
38 42 3
38 43 2
38 44 3
38 45 1
38 46 4
38 47 4
38 48 3
38 49 2
38 50 5
38 51 5
38 52 1
38 53 4
38 54 3
38 55 5
38 56 5
38 57 1
38 58 4
38 59 2
38 60 2
38 61 5
38 62 5
38 63 3
38 64 5
38 65 5
38 66 4
38 67 5
38 68 5
38 69 4
38 70 2
38 71 4
38 72 1
38 73 1
38 74 5
38 75 5
39 1 1
39 2 1
39 3 3
39 4 1
39 5 2
39 6 2
39 7 5
39 8 2
39 9 2
39 10 4
39 11 3
39 12 3
39 13 1
39 14 3
39 15 4
39 16 2
39 17 3
39 18 1
39 19 5
39 20 4
39 21 2
39 22 3
39 23 3
39 24 1
39 25 3
39 26 5
39 27 4
39 28 3
39 29 5
39 30 1
39 31 4
39 32 1
39 33 1
39 34 2
39 35 3
39 36 4
39 37 5
39 38 4
39 40 1
39 41 2
39 42 3
39 43 5
39 44 1
39 45 3
39 46 3
39 47 2
39 48 5
39 49 2
39 50 2
39 51 1
39 52 5
39 53 3
39 54 3
39 55 3
39 56 3
39 57 1
39 58 2
39 59 3
39 60 5
39 61 3
39 62 3
39 63 4
39 64 5
39 65 5
39 66 2
39 67 2
39 68 4
39 69 1
39 70 3
39 71 1
39 72 4
39 73 5
39 74 5
39 75 5
40 1 4
40 2 4
40 3 3
40 4 5
40 5 5
40 6 4
40 7 5
40 8 2
40 9 1
40 10 3
40 11 4
40 12 5
40 13 5
40 14 2
40 15 4
40 16 4
40 17 1
40 18 2
40 19 2
40 20 1
40 21 1
40 22 3
40 23 4
40 24 1
40 25 1
40 26 1
40 27 1
40 28 1
40 29 2
40 30 3
40 31 2
40 32 1
40 33 1
40 34 4
40 35 2
40 36 3
40 37 2
40 38 2
40 39 4
40 41 4
40 42 1
40 43 4
40 44 5
40 45 5
40 46 2
40 47 4
40 48 3
40 49 4
40 50 5
40 51 2
40 52 4
40 53 2
40 54 1
40 55 3
40 56 5
40 57 3
40 58 5
40 59 5
40 60 4
40 61 2
40 62 2
40 63 5
40 64 4
40 65 5
40 66 4
40 67 5
40 68 2
40 69 2
40 70 3
40 71 2
40 72 3
40 73 3
40 74 2
40 75 2
41 1 4
41 2 5
41 3 5
41 4 4
41 5 3
41 6 1
41 7 5
41 8 4
41 9 5
41 10 2
41 11 1
41 12 4
41 13 5
41 14 5
41 15 3
41 16 5
41 17 1
41 18 2
41 19 4
41 20 4
41 21 1
41 22 4
41 23 1
41 24 2
41 25 1
41 26 3
41 27 5
41 28 5
41 29 3
41 30 3
41 31 1
41 32 1
41 33 2
41 34 1
41 35 4
41 36 1
41 37 3
41 38 5
41 39 4
41 40 2
41 42 2
41 43 4
41 44 2
41 45 3
41 46 1
41 47 2
41 48 2
41 49 3
41 50 3
41 51 5
41 52 4
41 53 3
41 54 1
41 55 1
41 56 1
41 57 3
41 58 3
41 59 5
41 60 2
41 61 5
41 62 4
41 63 2
41 64 3
41 65 5
41 66 4
41 67 3
41 68 5
41 69 2
41 70 3
41 71 4
41 72 5
41 73 1
41 74 4
41 75 2
42 1 3
42 2 1
42 3 3
42 4 4
42 5 1
42 6 2
42 7 5
42 8 4
42 9 4
42 10 2
42 11 1
42 12 1
42 13 4
42 14 3
42 15 5
42 16 2
42 17 5
42 18 3
42 19 1
42 20 2
42 21 4
42 22 1
42 23 4
42 24 5
42 25 2
42 26 3
42 27 5
42 28 4
42 29 5
42 30 1
42 31 2
42 32 2
42 33 1
42 34 1
42 35 2
42 36 1
42 37 2
42 38 4
42 39 1
42 40 2
42 41 2
42 43 1
42 44 2
42 45 1
42 46 1
42 47 3
42 48 4
42 49 5
42 50 2
42 51 4
42 52 3
42 53 2
42 54 5
42 55 3
42 56 1
42 57 3
42 58 3
42 59 1
42 60 3
42 61 2
42 62 1
42 63 1
42 64 1
42 65 3
42 66 1
42 67 4
42 68 1
42 69 4
42 70 2
42 71 1
42 72 2
42 73 4
42 74 4
42 75 3
43 1 1
43 2 1
43 3 2
43 4 1
43 5 2
43 6 3
43 7 5
43 8 1
43 9 4
43 10 1
43 11 3
43 12 2
43 13 5
43 14 2
43 15 2
43 16 3
43 17 4
43 18 4
43 19 3
43 20 4
43 21 1
43 22 1
43 23 4
43 24 1
43 25 4
43 26 1
43 27 4
43 28 1
43 29 1
43 30 2
43 31 5
43 32 3
43 33 4
43 34 2
43 35 3
43 36 5
43 37 1
43 38 4
43 39 5
43 40 2
43 41 4
43 42 4
43 44 3
43 45 1
43 46 1
43 47 4
43 48 3
43 49 1
43 50 2
43 51 2
43 52 1
43 53 4
43 54 4
43 55 4
43 56 5
43 57 3
43 58 4
43 59 3
43 60 5
43 61 1
43 62 1
43 63 1
43 64 3
43 65 1
43 66 2
43 67 3
43 68 5
43 69 5
43 70 1
43 71 1
43 72 1
43 73 2
43 74 4
43 75 3
44 1 2
44 2 1
44 3 3
44 4 1
44 5 1
44 6 1
44 7 4
44 8 1
44 9 4
44 10 3
44 11 2
44 12 5
44 13 2
44 14 2
44 15 2
44 16 1
44 17 3
44 18 4
44 19 3
44 20 2
44 21 4
44 22 2
44 23 4
44 24 5
44 25 1
44 26 5
44 27 5
44 28 1
44 29 3
44 30 1
44 31 5
44 32 4
44 33 1
44 34 2
44 35 1
44 36 2
44 37 4
44 38 4
44 39 4
44 40 2
44 41 1
44 42 5
44 43 2
44 45 2
44 46 2
44 47 5
44 48 4
44 49 1
44 50 1
44 51 4
44 52 2
44 53 1
44 54 5
44 55 1
44 56 1
44 57 5
44 58 2
44 59 2
44 60 2
44 61 4
44 62 2
44 63 3
44 64 4
44 65 5
44 66 4
44 67 4
44 68 3
44 69 4
44 70 2
44 71 1
44 72 5
44 73 5
44 74 3
44 75 3
45 1 3
45 2 4
45 3 5
45 4 2
45 5 4
45 6 2
45 7 5
45 8 2
45 9 2
45 10 1
45 11 2
45 12 4
45 13 5
45 14 5
45 15 1
45 16 3
45 17 5
45 18 4
45 19 5
45 20 3
45 21 3
45 22 5
45 23 1
45 24 5
45 25 3
45 26 5
45 27 3
45 28 4
45 29 1
45 30 5
45 31 4
45 32 3
45 33 5
45 34 3
45 35 4
45 36 5
45 37 4
45 38 5
45 39 1
45 40 2
45 41 5
45 42 5
45 43 1
45 44 1
45 46 1
45 47 3
45 48 5
45 49 1
45 50 1
45 51 1
45 52 3
45 53 1
45 54 2
45 55 1
45 56 2
45 57 1
45 58 2
45 59 4
45 60 5
45 61 2
45 62 5
45 63 5
45 64 4
45 65 4
45 66 4
45 67 5
45 68 5
45 69 4
45 70 4
45 71 3
45 72 5
45 73 1
45 74 2
45 75 2
46 1 3
46 2 4
46 3 4
46 4 3
46 5 4
46 6 2
46 7 5
46 8 4
46 9 4
46 10 2
46 11 4
46 12 5
46 13 2
46 14 2
46 15 1
46 16 3
46 17 3
46 18 2
46 19 2
46 20 3
46 21 3
46 22 5
46 23 2
46 24 2
46 25 3
46 26 3
46 27 4
46 28 5
46 29 5
46 30 2
46 31 1
46 32 2
46 33 1
46 34 2
46 35 1
46 36 4
46 37 5
46 38 1
46 39 4
46 40 3
46 41 2
46 42 4
46 43 4
46 44 3
46 45 5
46 47 4
46 48 3
46 49 2
46 50 3
46 51 4
46 52 2
46 53 5
46 54 1
46 55 3
46 56 1
46 57 5
46 58 5
46 59 2
46 60 4
46 61 4
46 62 3
46 63 2
46 64 3
46 65 3
46 66 3
46 67 3
46 68 4
46 69 2
46 70 3
46 71 4
46 72 1
46 73 1
46 74 3
46 75 4
47 1 1
47 2 2
47 3 5
47 4 3
47 5 1
47 6 2
47 7 1
47 8 2
47 9 1
47 10 3
47 11 4
47 12 3
47 13 3
47 14 1
47 15 4
47 16 3
47 17 1
47 18 2
47 19 4
47 20 5
47 21 1
47 22 3
47 23 3
47 24 1
47 25 4
47 26 2
47 27 5
47 28 4
47 29 5
47 30 2
47 31 5
47 32 5
47 33 5
47 34 4
47 35 2
47 36 5
47 37 2
47 38 4
47 39 3
47 40 2
47 41 4
47 42 4
47 43 1
47 44 1
47 45 1
47 46 5
47 48 3
47 49 1
47 50 3
47 51 4
47 52 1
47 53 3
47 54 1
47 55 5
47 56 1
47 57 5
47 58 3
47 59 2
47 60 5
47 61 2
47 62 5
47 63 1
47 64 1
47 65 4
47 66 1
47 67 4
47 68 1
47 69 2
47 70 5
47 71 3
47 72 5
47 73 3
47 74 3
47 75 1
48 1 5
48 2 3
48 3 5
48 4 2
48 5 4
48 6 4
48 7 5
48 8 1
48 9 1
48 10 3
48 11 5
48 12 3
48 13 4
48 14 2
48 15 4
48 16 3
48 17 1
48 18 3
48 19 1
48 20 1
48 21 4
48 22 1
48 23 2
48 24 4
48 25 3
48 26 3
48 27 3
48 28 2
48 29 5
48 30 1
48 31 4
48 32 4
48 33 3
48 34 5
48 35 2
48 36 3
48 37 3
48 38 4
48 39 3
48 40 1
48 41 3
48 42 4
48 43 3
48 44 1
48 45 3
48 46 4
48 47 5
48 49 3
48 50 3
48 51 5
48 52 5
48 53 1
48 54 1
48 55 1
48 56 4
48 57 5
48 58 5
48 59 4
48 60 3
48 61 4
48 62 4
48 63 2
48 64 4
48 65 1
48 66 1
48 67 3
48 68 4
48 69 1
48 70 3
48 71 3
48 72 1
48 73 5
48 74 2
48 75 5
49 1 5
49 2 1
49 3 3
49 4 4
49 5 3
49 6 1
49 7 4
49 8 4
49 9 1
49 10 1
49 11 2
49 12 2
49 13 5
49 14 1
49 15 5
49 16 2
49 17 5
49 18 5
49 19 5
49 20 5
49 21 5
49 22 1
49 23 2
49 24 5
49 25 3
49 26 1
49 27 3
49 28 3
49 29 5
49 30 1
49 31 2
49 32 1
49 33 1
49 34 2
49 35 5
49 36 3
49 37 4
49 38 5
49 39 1
49 40 1
49 41 5
49 42 2
49 43 2
49 44 1
49 45 3
49 46 3
49 47 4
49 48 4
49 50 2
49 51 4
49 52 5
49 53 4
49 54 1
49 55 4
49 56 3
49 57 3
49 58 4
49 59 5
49 60 5
49 61 1
49 62 5
49 63 3
49 64 1
49 65 5
49 66 4
49 67 2
49 68 4
49 69 4
49 70 1
49 71 2
49 72 5
49 73 2
49 74 5
49 75 3
50 1 4
50 2 2
50 3 1
50 4 3
50 5 2
50 6 4
50 7 1
50 8 2
50 9 2
50 10 1
50 11 5
50 12 2
50 13 3
50 14 5
50 15 1
50 16 4
50 17 5
50 18 3
50 19 1
50 20 1
50 21 4
50 22 2
50 23 2
50 24 5
50 25 5
50 26 5
50 27 1
50 28 1
50 29 3
50 30 5
50 31 4
50 32 2
50 33 4
50 34 4
50 35 4
50 36 2
50 37 4
50 38 4
50 39 5
50 40 1
50 41 1
50 42 4
50 43 2
50 44 3
50 45 1
50 46 4
50 47 1
50 48 5
50 49 3
50 51 3
50 52 2
50 53 4
50 54 1
50 55 1
50 56 3
50 57 3
50 58 5
50 59 5
50 60 3
50 61 2
50 62 1
50 63 1
50 64 3
50 65 1
50 66 1
50 67 1
50 68 3
50 69 5
50 70 1
50 71 4
50 72 2
50 73 1
50 74 5
50 75 5
51 1 5
51 2 5
51 3 5
51 4 2
51 5 4
51 6 5
51 7 5
51 8 3
51 9 3
51 10 2
51 11 3
51 12 2
51 13 4
51 14 2
51 15 3
51 16 2
51 17 5
51 18 5
51 19 2
51 20 3
51 21 1
51 22 5
51 23 5
51 24 5
51 25 1
51 26 3
51 27 3
51 28 2
51 29 5
51 30 2
51 31 3
51 32 5
51 33 1
51 34 4
51 35 1
51 36 2
51 37 3
51 38 2
51 39 4
51 40 2
51 41 1
51 42 1
51 43 5
51 44 4
51 45 4
51 46 2
51 47 5
51 48 3
51 49 2
51 50 4
51 52 2
51 53 4
51 54 5
51 55 2
51 56 3
51 57 5
51 58 1
51 59 2
51 60 3
51 61 5
51 62 1
51 63 5
51 64 4
51 65 1
51 66 3
51 67 2
51 68 4
51 69 3
51 70 5
51 71 2
51 72 4
51 73 5
51 74 4
51 75 4
52 1 4
52 2 2
52 3 2
52 4 5
52 5 2
52 6 5
52 7 5
52 8 3
52 9 5
52 10 4
52 11 1
52 12 2
52 13 5
52 14 1
52 15 1
52 16 2
52 17 1
52 18 1
52 19 1
52 20 1
52 21 3
52 22 1
52 23 2
52 24 2
52 25 5
52 26 4
52 27 5
52 28 3
52 29 3
52 30 1
52 31 3
52 32 3
52 33 4
52 34 2
52 35 5
52 36 5
52 37 3
52 38 4
52 39 5
52 40 3
52 41 5
52 42 5
52 43 4
52 44 4
52 45 3
52 46 1
52 47 3
52 48 3
52 49 1
52 50 5
52 51 5
52 53 1
52 54 5
52 55 4
52 56 4
52 57 1
52 58 2
52 59 3
52 60 4
52 61 1
52 62 5
52 63 3
52 64 4
52 65 4
52 66 1
52 67 3
52 68 3
52 69 4
52 70 3
52 71 4
52 72 1
52 73 4
52 74 4
52 75 1
53 1 5
53 2 1
53 3 2
53 4 2
53 5 5
53 6 4
53 7 1
53 8 4
53 9 4
53 10 3
53 11 2
53 12 4
53 13 3
53 14 5
53 15 2
53 16 3
53 17 1
53 18 1
53 19 3
53 20 4
53 21 1
53 22 3
53 23 3
53 24 1
53 25 1
53 26 2
53 27 4
53 28 1
53 29 1
53 30 4
53 31 2
53 32 5
53 33 4
53 34 5
53 35 3
53 36 5
53 37 5
53 38 3
53 39 4
53 40 1
53 41 2
53 42 2
53 43 4
53 44 5
53 45 2
53 46 5
53 47 4
53 48 2
53 49 3
53 50 1
53 51 2
53 52 5
53 54 4
53 55 1
53 56 5
53 57 1
53 58 2
53 59 4
53 60 2
53 61 2
53 62 2
53 63 5
53 64 3
53 65 3
53 66 1
53 67 2
53 68 2
53 69 5
53 70 5
53 71 2
53 72 5
53 73 3
53 74 1
53 75 4
54 1 4
54 2 2
54 3 5
54 4 3
54 5 5
54 6 4
54 7 3
54 8 3
54 9 4
54 10 3
54 11 3
54 12 3
54 13 4
54 14 1
54 15 3
54 16 2
54 17 3
54 18 5
54 19 3
54 20 2
54 21 4
54 22 3
54 23 4
54 24 5
54 25 2
54 26 5
54 27 4
54 28 4
54 29 2
54 30 4
54 31 2
54 32 1
54 33 2
54 34 3
54 35 5
54 36 3
54 37 2
54 38 2
54 39 2
54 40 5
54 41 2
54 42 4
54 43 2
54 44 2
54 45 4
54 46 2
54 47 3
54 48 3
54 49 1
54 50 2
54 51 2
54 52 1
54 53 4
54 55 5
54 56 2
54 57 2
54 58 1
54 59 5
54 60 5
54 61 4
54 62 5
54 63 3
54 64 4
54 65 1
54 66 3
54 67 3
54 68 5
54 69 4
54 70 2
54 71 1
54 72 3
54 73 5
54 74 1
54 75 1
55 1 1
55 2 2
55 3 4
55 4 5
55 5 1
55 6 4
55 7 1
55 8 2
55 9 1
55 10 1
55 11 3
55 12 3
55 13 2
55 14 3
55 15 2
55 16 4
55 17 2
55 18 2
55 19 3
55 20 2
55 21 4
55 22 5
55 23 2
55 24 1
55 25 3
55 26 5
55 27 1
55 28 2
55 29 4
55 30 2
55 31 5
55 32 1
55 33 5
55 34 3
55 35 5
55 36 5
55 37 4
55 38 5
55 39 2
55 40 4
55 41 5
55 42 4
55 43 1
55 44 3
55 45 4
55 46 5
55 47 1
55 48 2
55 49 3
55 50 1
55 51 3
55 52 3
55 53 5
55 54 1
55 56 3
55 57 5
55 58 5
55 59 4
55 60 3
55 61 3
55 62 2
55 63 2
55 64 5
55 65 1
55 66 2
55 67 4
55 68 5
55 69 5
55 70 5
55 71 3
55 72 5
55 73 1
55 74 4
55 75 3
56 1 4
56 2 2
56 3 2
56 4 1
56 5 5
56 6 1
56 7 1
56 8 2
56 9 3
56 10 3
56 11 3
56 12 1
56 13 2
56 14 4
56 15 1
56 16 4
56 17 2
56 18 2
56 19 3
56 20 1
56 21 4
56 22 1
56 23 2
56 24 5
56 25 2
56 26 1
56 27 3
56 28 1
56 29 2
56 30 3
56 31 3
56 32 2
56 33 1
56 34 1
56 35 2
56 36 5
56 37 3
56 38 5
56 39 1
56 40 1
56 41 4
56 42 5
56 43 1
56 44 5
56 45 4
56 46 1
56 47 5
56 48 2
56 49 4
56 50 4
56 51 4
56 52 2
56 53 4
56 54 5
56 55 3
56 57 5
56 58 3
56 59 2
56 60 3
56 61 1
56 62 4
56 63 2
56 64 2
56 65 1
56 66 5
56 67 5
56 68 5
56 69 2
56 70 4
56 71 3
56 72 2
56 73 2
56 74 2
56 75 4
57 1 3
57 2 2
57 3 1
57 4 5
57 5 5
57 6 4
57 7 5
57 8 4
57 9 2
57 10 1
57 11 5
57 12 2
57 13 5
57 14 4
57 15 3
57 16 4
57 17 4
57 18 4
57 19 1
57 20 2
57 21 4
57 22 5
57 23 2
57 24 4
57 25 1
57 26 2
57 27 3
57 28 5
57 29 1
57 30 4
57 31 3
57 32 5
57 33 3
57 34 1
57 35 4
57 36 2
57 37 4
57 38 1
57 39 2
57 40 3
57 41 1
57 42 2
57 43 4
57 44 2
57 45 2
57 46 3
57 47 1
57 48 1
57 49 1
57 50 1
57 51 4
57 52 2
57 53 2
57 54 5
57 55 2
57 56 4
57 58 4
57 59 4
57 60 5
57 61 4
57 62 4
57 63 5
57 64 5
57 65 1
57 66 5
57 67 4
57 68 5
57 69 5
57 70 1
57 71 1
57 72 2
57 73 1
57 74 4
57 75 2
58 1 2
58 2 1
58 3 5
58 4 4
58 5 3
58 6 2
58 7 1
58 8 1
58 9 3
58 10 2
58 11 3
58 12 4
58 13 3
58 14 3
58 15 4
58 16 2
58 17 3
58 18 3
58 19 1
58 20 2
58 21 3
58 22 5
58 23 2
58 24 2
58 25 5
58 26 2
58 27 5
58 28 3
58 29 2
58 30 3
58 31 5
58 32 1
58 33 5
58 34 1
58 35 4
58 36 4
58 37 4
58 38 5
58 39 2
58 40 4
58 41 3
58 42 1
58 43 4
58 44 5
58 45 3
58 46 3
58 47 4
58 48 5
58 49 5
58 50 4
58 51 1
58 52 2
58 53 1
58 54 3
58 55 1
58 56 2
58 57 4
58 59 2
58 60 4
58 61 3
58 62 1
58 63 5
58 64 5
58 65 1
58 66 5
58 67 3
58 68 1
58 69 1
58 70 4
58 71 2
58 72 4
58 73 2
58 74 2
58 75 2
59 1 1
59 2 1
59 3 4
59 4 4
59 5 5
59 6 3
59 7 5
59 8 3
59 9 2
59 10 2
59 11 5
59 12 4
59 13 3
59 14 5
59 15 5
59 16 1
59 17 4
59 18 2
59 19 1
59 20 3
59 21 4
59 22 2
59 23 3
59 24 5
59 25 2
59 26 1
59 27 3
59 28 5
59 29 2
59 30 5
59 31 4
59 32 5
59 33 5
59 34 2
59 35 5
59 36 2
59 37 2
59 38 4
59 39 4
59 40 3
59 41 5
59 42 5
59 43 3
59 44 4
59 45 1
59 46 4
59 47 5
59 48 5
59 49 5
59 50 2
59 51 4
59 52 4
59 53 3
59 54 1
59 55 5
59 56 2
59 57 2
59 58 2
59 60 3
59 61 3
59 62 3
59 63 1
59 64 2
59 65 5
59 66 3
59 67 2
59 68 1
59 69 4
59 70 2
59 71 1
59 72 3
59 73 4
59 74 5
59 75 2
60 1 2
60 2 5
60 3 5
60 4 3
60 5 1
60 6 1
60 7 4
60 8 5
60 9 1
60 10 4
60 11 5
60 12 5
60 13 2
60 14 1
60 15 4
60 16 4
60 17 1
60 18 1
60 19 5
60 20 2
60 21 2
60 22 4
60 23 5
60 24 2
60 25 4
60 26 4
60 27 4
60 28 3
60 29 2
60 30 3
60 31 4
60 32 5
60 33 5
60 34 3
60 35 5
60 36 2
60 37 5
60 38 3
60 39 1
60 40 1
60 41 3
60 42 3
60 43 2
60 44 4
60 45 5
60 46 5
60 47 3
60 48 5
60 49 3
60 50 4
60 51 4
60 52 4
60 53 2
60 54 3
60 55 3
60 56 2
60 57 3
60 58 1
60 59 4
60 61 1
60 62 1
60 63 2
60 64 1
60 65 2
60 66 1
60 67 5
60 68 3
60 69 5
60 70 4
60 71 1
60 72 2
60 73 4
60 74 3
60 75 4
61 1 2
61 2 2
61 3 5
61 4 1
61 5 2
61 6 2
61 7 1
61 8 5
61 9 3
61 10 2
61 11 4
61 12 2
61 13 5
61 14 2
61 15 4
61 16 3
61 17 2
61 18 4
61 19 1
61 20 4
61 21 2
61 22 1
61 23 5
61 24 5
61 25 1
61 26 4
61 27 5
61 28 4
61 29 4
61 30 4
61 31 2
61 32 5
61 33 5
61 34 2
61 35 3
61 36 3
61 37 5
61 38 3
61 39 4
61 40 2
61 41 2
61 42 5
61 43 5
61 44 1
61 45 1
61 46 4
61 47 4
61 48 4
61 49 2
61 50 4
61 51 5
61 52 1
61 53 2
61 54 4
61 55 5
61 56 4
61 57 4
61 58 1
61 59 2
61 60 2
61 62 1
61 63 4
61 64 4
61 65 2
61 66 2
61 67 1
61 68 2
61 69 1
61 70 3
61 71 5
61 72 5
61 73 4
61 74 4
61 75 4
62 1 2
62 2 1
62 3 4
62 4 2
62 5 2
62 6 1
62 7 2
62 8 1
62 9 3
62 10 3
62 11 4
62 12 2
62 13 3
62 14 5
62 15 4
62 16 5
62 17 1
62 18 1
62 19 5
62 20 4
62 21 2
62 22 3
62 23 1
62 24 3
62 25 3
62 26 4
62 27 5
62 28 4
62 29 4
62 30 5
62 31 5
62 32 2
62 33 1
62 34 3
62 35 3
62 36 4
62 37 5
62 38 5
62 39 4
62 40 2
62 41 4
62 42 4
62 43 5
62 44 2
62 45 3
62 46 5
62 47 3
62 48 1
62 49 5
62 50 4
62 51 1
62 52 4
62 53 1
62 54 2
62 55 1
62 56 5
62 57 2
62 58 5
62 59 4
62 60 2
62 61 5
62 63 5
62 64 4
62 65 2
62 66 4
62 67 1
62 68 5
62 69 4
62 70 2
62 71 5
62 72 2
62 73 3
62 74 3
62 75 2
63 1 1
63 2 3
63 3 3
63 4 3
63 5 5
63 6 3
63 7 1
63 8 5
63 9 1
63 10 1
63 11 3
63 12 3
63 13 2
63 14 4
63 15 5
63 16 5
63 17 1
63 18 4
63 19 1
63 20 4
63 21 2
63 22 5
63 23 1
63 24 1
63 25 3
63 26 5
63 27 2
63 28 1
63 29 2
63 30 4
63 31 4
63 32 2
63 33 3
63 34 2
63 35 1
63 36 2
63 37 1
63 38 3
63 39 2
63 40 3
63 41 3
63 42 4
63 43 5
63 44 1
63 45 5
63 46 4
63 47 1
63 48 5
63 49 4
63 50 3
63 51 5
63 52 2
63 53 2
63 54 2
63 55 4
63 56 1
63 57 1
63 58 5
63 59 2
63 60 4
63 61 4
63 62 2
63 64 2
63 65 1
63 66 3
63 67 2
63 68 3
63 69 5
63 70 4
63 71 1
63 72 2
63 73 3
63 74 1
63 75 2
64 1 4
64 2 5
64 3 2
64 4 1
64 5 1
64 6 3
64 7 3
64 8 2
64 9 4
64 10 2
64 11 4
64 12 3
64 13 4
64 14 1
64 15 2
64 16 2
64 17 2
64 18 2
64 19 4
64 20 3
64 21 5
64 22 1
64 23 2
64 24 4
64 25 1
64 26 5
64 27 4
64 28 4
64 29 5
64 30 1
64 31 2
64 32 5
64 33 1
64 34 4
64 35 5
64 36 3
64 37 3
64 38 4
64 39 5
64 40 1
64 41 2
64 42 5
64 43 5
64 44 1
64 45 2
64 46 4
64 47 2
64 48 3
64 49 5
64 50 2
64 51 3
64 52 4
64 53 5
64 54 4
64 55 2
64 56 2
64 57 5
64 58 2
64 59 5
64 60 1
64 61 3
64 62 2
64 63 5
64 65 5
64 66 2
64 67 1
64 68 2
64 69 4
64 70 2
64 71 1
64 72 1
64 73 5
64 74 2
64 75 3
65 1 5
65 2 4
65 3 1
65 4 4
65 5 3
65 6 5
65 7 5
65 8 2
65 9 4
65 10 1
65 11 2
65 12 2
65 13 2
65 14 2
65 15 4
65 16 2
65 17 4
65 18 3
65 19 5
65 20 4
65 21 2
65 22 1
65 23 1
65 24 3
65 25 1
65 26 2
65 27 1
65 28 3
65 29 4
65 30 4
65 31 5
65 32 3
65 33 2
65 34 5
65 35 3
65 36 2
65 37 5
65 38 5
65 39 3
65 40 5
65 41 5
65 42 5
65 43 3
65 44 2
65 45 3
65 46 3
65 47 5
65 48 1
65 49 5
65 50 4
65 51 1
65 52 1
65 53 1
65 54 2
65 55 4
65 56 3
65 57 5
65 58 1
65 59 5
65 60 3
65 61 4
65 62 5
65 63 3
65 64 3
65 66 1
65 67 2
65 68 1
65 69 5
65 70 1
65 71 5
65 72 1
65 73 3
65 74 1
65 75 1
66 1 1
66 2 3
66 3 3
66 4 5
66 5 1
66 6 3
66 7 5
66 8 3
66 9 3
66 10 2
66 11 1
66 12 3
66 13 4
66 14 1
66 15 5
66 16 5
66 17 5
66 18 4
66 19 4
66 20 4
66 21 3
66 22 5
66 23 1
66 24 3
66 25 1
66 26 3
66 27 2
66 28 4
66 29 5
66 30 3
66 31 4
66 32 5
66 33 2
66 34 1
66 35 1
66 36 2
66 37 3
66 38 2
66 39 5
66 40 3
66 41 5
66 42 5
66 43 2
66 44 3
66 45 2
66 46 2
66 47 3
66 48 4
66 49 2
66 50 3
66 51 4
66 52 4
66 53 4
66 54 1
66 55 1
66 56 5
66 57 4
66 58 2
66 59 5
66 60 5
66 61 1
66 62 3
66 63 2
66 64 3
66 65 3
66 67 4
66 68 1
66 69 3
66 70 1
66 71 2
66 72 2
66 73 5
66 74 4
66 75 3
67 1 5
67 2 2
67 3 4
67 4 4
67 5 5
67 6 2
67 7 3
67 8 1
67 9 5
67 10 2
67 11 1
67 12 5
67 13 3
67 14 1
67 15 4
67 16 2
67 17 1
67 18 1
67 19 1
67 20 2
67 21 3
67 22 5
67 23 2
67 24 1
67 25 2
67 26 2
67 27 2
67 28 5
67 29 4
67 30 5
67 31 3
67 32 5
67 33 2
67 34 3
67 35 3
67 36 3
67 37 5
67 38 5
67 39 5
67 40 1
67 41 1
67 42 1
67 43 3
67 44 5
67 45 1
67 46 1
67 47 3
67 48 3
67 49 1
67 50 3
67 51 1
67 52 1
67 53 3
67 54 3
67 55 1
67 56 1
67 57 1
67 58 2
67 59 1
67 60 4
67 61 4
67 62 5
67 63 3
67 64 2
67 65 2
67 66 2
67 68 1
67 69 3
67 70 2
67 71 1
67 72 4
67 73 4
67 74 1
67 75 3
68 1 1
68 2 3
68 3 3
68 4 3
68 5 1
68 6 5
68 7 1
68 8 1
68 9 2
68 10 5
68 11 5
68 12 2
68 13 5
68 14 1
68 15 1
68 16 2
68 17 1
68 18 1
68 19 1
68 20 4
68 21 2
68 22 5
68 23 2
68 24 2
68 25 4
68 26 5
68 27 4
68 28 2
68 29 1
68 30 4
68 31 4
68 32 1
68 33 4
68 34 3
68 35 3
68 36 4
68 37 5
68 38 5
68 39 1
68 40 3
68 41 4
68 42 3
68 43 5
68 44 1
68 45 3
68 46 2
68 47 2
68 48 3
68 49 4
68 50 3
68 51 3
68 52 2
68 53 4
68 54 5
68 55 5
68 56 2
68 57 4
68 58 4
68 59 1
68 60 4
68 61 4
68 62 1
68 63 1
68 64 2
68 65 4
68 66 4
68 67 2
68 69 5
68 70 5
68 71 5
68 72 2
68 73 4
68 74 2
68 75 3
69 1 4
69 2 1
69 3 1
69 4 2
69 5 3
69 6 4
69 7 4
69 8 3
69 9 5
69 10 4
69 11 4
69 12 5
69 13 1
69 14 4
69 15 5
69 16 1
69 17 3
69 18 3
69 19 1
69 20 5
69 21 5
69 22 1
69 23 5
69 24 1
69 25 5
69 26 5
69 27 2
69 28 4
69 29 5
69 30 3
69 31 1
69 32 3
69 33 3
69 34 4
69 35 1
69 36 3
69 37 2
69 38 2
69 39 5
69 40 4
69 41 5
69 42 5
69 43 5
69 44 5
69 45 3
69 46 4
69 47 5
69 48 2
69 49 1
69 50 1
69 51 2
69 52 2
69 53 1
69 54 1
69 55 5
69 56 3
69 57 5
69 58 1
69 59 1
69 60 4
69 61 1
69 62 3
69 63 3
69 64 5
69 65 1
69 66 4
69 67 2
69 68 5
69 70 5
69 71 3
69 72 3
69 73 4
69 74 2
69 75 4
70 1 1
70 2 5
70 3 2
70 4 5
70 5 3
70 6 4
70 7 2
70 8 4
70 9 3
70 10 5
70 11 2
70 12 2
70 13 2
70 14 1
70 15 4
70 16 4
70 17 2
70 18 4
70 19 3
70 20 1
70 21 4
70 22 4
70 23 1
70 24 2
70 25 5
70 26 5
70 27 5
70 28 4
70 29 1
70 30 3
70 31 2
70 32 1
70 33 4
70 34 5
70 35 2
70 36 2
70 37 5
70 38 4
70 39 2
70 40 2
70 41 5
70 42 3
70 43 3
70 44 3
70 45 1
70 46 2
70 47 1
70 48 2
70 49 2
70 50 5
70 51 4
70 52 5
70 53 5
70 54 5
70 55 2
70 56 4
70 57 1
70 58 3
70 59 2
70 60 1
70 61 2
70 62 5
70 63 3
70 64 3
70 65 1
70 66 2
70 67 1
70 68 1
70 69 2
70 71 2
70 72 2
70 73 1
70 74 2
70 75 2
71 1 3
71 2 2
71 3 5
71 4 5
71 5 5
71 6 1
71 7 4
71 8 3
71 9 3
71 10 4
71 11 4
71 12 1
71 13 4
71 14 5
71 15 5
71 16 3
71 17 2
71 18 1
71 19 2
71 20 2
71 21 5
71 22 3
71 23 3
71 24 5
71 25 3
71 26 4
71 27 4
71 28 1
71 29 4
71 30 5
71 31 4
71 32 3
71 33 3
71 34 3
71 35 2
71 36 4
71 37 4
71 38 5
71 39 3
71 40 1
71 41 5
71 42 2
71 43 3
71 44 4
71 45 1
71 46 2
71 47 1
71 48 2
71 49 2
71 50 4
71 51 3
71 52 2
71 53 1
71 54 5
71 55 3
71 56 5
71 57 5
71 58 3
71 59 3
71 60 5
71 61 4
71 62 1
71 63 2
71 64 1
71 65 4
71 66 3
71 67 1
71 68 4
71 69 5
71 70 4
71 72 1
71 73 1
71 74 5
71 75 3
72 1 1
72 2 5
72 3 4
72 4 3
72 5 1
72 6 5
72 7 2
72 8 1
72 9 3
72 10 4
72 11 2
72 12 3
72 13 1
72 14 2
72 15 5
72 16 3
72 17 1
72 18 1
72 19 3
72 20 5
72 21 3
72 22 1
72 23 2
72 24 4
72 25 4
72 26 3
72 27 2
72 28 4
72 29 1
72 30 1
72 31 3
72 32 1
72 33 2
72 34 1
72 35 1
72 36 4
72 37 3
72 38 2
72 39 4
72 40 2
72 41 2
72 42 1
72 43 4
72 44 2
72 45 4
72 46 1
72 47 4
72 48 4
72 49 1
72 50 2
72 51 3
72 52 3
72 53 4
72 54 2
72 55 3
72 56 5
72 57 1
72 58 4
72 59 5
72 60 1
72 61 4
72 62 3
72 63 4
72 64 2
72 65 3
72 66 4
72 67 1
72 68 5
72 69 2
72 70 4
72 71 4
72 73 3
72 74 1
72 75 4
73 1 5
73 2 4
73 3 4
73 4 5
73 5 5
73 6 1
73 7 3
73 8 2
73 9 1
73 10 2
73 11 5
73 12 3
73 13 1
73 14 3
73 15 4
73 16 5
73 17 5
73 18 4
73 19 2
73 20 3
73 21 1
73 22 2
73 23 3
73 24 1
73 25 3
73 26 1
73 27 4
73 28 1
73 29 4
73 30 5
73 31 5
73 32 5
73 33 3
73 34 5
73 35 1
73 36 2
73 37 3
73 38 4
73 39 1
73 40 5
73 41 5
73 42 2
73 43 2
73 44 5
73 45 4
73 46 2
73 47 1
73 48 1
73 49 1
73 50 5
73 51 3
73 52 1
73 53 1
73 54 3
73 55 1
73 56 3
73 57 3
73 58 1
73 59 1
73 60 3
73 61 2
73 62 2
73 63 2
73 64 5
73 65 1
73 66 3
73 67 3
73 68 5
73 69 3
73 70 5
73 71 4
73 72 2
73 74 4
73 75 3
74 1 3
74 2 2
74 3 4
74 4 3
74 5 4
74 6 4
74 7 2
74 8 2
74 9 1
74 10 4
74 11 1
74 12 1
74 13 4
74 14 3
74 15 4
74 16 4
74 17 1
74 18 5
74 19 5
74 20 4
74 21 4
74 22 2
74 23 3
74 24 4
74 25 2
74 26 5
74 27 5
74 28 5
74 29 3
74 30 3
74 31 2
74 32 5
74 33 2
74 34 3
74 35 5
74 36 5
74 37 1
74 38 3
74 39 3
74 40 2
74 41 2
74 42 3
74 43 4
74 44 2
74 45 3
74 46 2
74 47 2
74 48 5
74 49 2
74 50 3
74 51 3
74 52 2
74 53 4
74 54 3
74 55 2
74 56 2
74 57 4
74 58 2
74 59 4
74 60 2
74 61 1
74 62 2
74 63 1
74 64 2
74 65 4
74 66 2
74 67 4
74 68 2
74 69 5
74 70 1
74 71 5
74 72 1
74 73 1
74 75 3
75 1 4
75 2 3
75 3 2
75 4 5
75 5 2
75 6 3
75 7 2
75 8 1
75 9 1
75 10 5
75 11 5
75 12 3
75 13 4
75 14 4
75 15 1
75 16 2
75 17 5
75 18 1
75 19 3
75 20 2
75 21 5
75 22 2
75 23 4
75 24 3
75 25 5
75 26 5
75 27 5
75 28 4
75 29 2
75 30 5
75 31 1
75 32 5
75 33 2
75 34 2
75 35 4
75 36 5
75 37 1
75 38 5
75 39 1
75 40 4
75 41 1
75 42 5
75 43 3
75 44 4
75 45 5
75 46 5
75 47 2
75 48 1
75 49 2
75 50 5
75 51 3
75 52 1
75 53 3
75 54 3
75 55 5
75 56 2
75 57 4
75 58 5
75 59 5
75 60 5
75 61 4
75 62 2
75 63 4
75 64 1
75 65 1
75 66 4
75 67 5
75 68 3
75 69 3
75 70 2
75 71 1
75 72 5
75 73 4
75 74 5

END
