INSTANCE_NAME b11.dat
NB_VERTICES 75
NB_ARCS 154
NB_REQUESTS 0
NB_BLOCKAGES 38
NB_A' 5396
NB_TERMINALS 19

VERTICES
1 0 0
2 0 0
3 0 0
4 0 0
5 0 0
6 0 0
7 0 0
8 0 0
9 0 0
10 0 0
11 0 0
12 0 0
13 0 0
14 0 0
15 0 0
16 0 0
17 0 0
18 0 0
19 0 0
20 0 0
21 0 0
22 0 0
23 0 0
24 0 0
25 0 0
26 0 0
27 0 0
28 0 0
29 0 0
30 0 0
31 0 0
32 0 0
33 0 0
34 0 0
35 0 0
36 0 0
37 0 0
38 0 0
39 0 0
40 0 0
41 0 0
42 0 0
43 0 0
44 0 0
45 0 0
46 0 0
47 0 0
48 0 0
49 0 0
50 0 0
51 0 0
52 0 0
53 0 0
54 0 0
55 0 0
56 0 0
57 0 0
58 0 0
59 0 0
60 0 0
61 0 0
62 0 0
63 0 0
64 0 0
65 0 0
66 0 0
67 0 0
68 0 0
69 0 0
70 0 0
71 0 0
72 0 0
73 0 0
74 0 0
75 0 0

ARCS
12 18 9
18 52 8
52 23 1
23 8 6
8 32 1
32 45 5
45 17 4
17 2 2
2 19 6
19 26 7
26 16 7
16 13 5
13 39 2
39 37 5
37 23 7
23 36 1
36 20 7
20 40 10
40 16 6
16 22 10
22 17 1
17 5 2
5 2 6
2 29 5
29 26 1
26 66 9
66 10 1
10 15 6
15 16 10
16 69 3
69 67 2
67 10 3
10 22 8
22 24 3
24 25 3
25 54 7
54 8 9
8 9 1
9 37 7
37 55 2
55 2 4
2 27 7
27 30 4
30 6 5
6 16 4
16 68 7
68 59 2
59 29 10
29 73 8
73 35 5
35 38 4
38 23 4
23 66 6
66 55 2
55 46 3
46 20 2
20 30 2
30 8 9
8 67 8
67 1 9
1 57 2
57 5 9
5 60 3
60 47 9
47 17 5
17 33 6
33 12 10
12 42 9
42 19 5
42 11 6
11 3 2
3 31 3
31 30 5
30 41 6
41 31 3
31 71 3
71 60 1
60 14 7
14 75 2
75 59 9
59 39 4
39 48 8
48 22 6
22 34 4
34 56 10
56 28 3
28 44 7
44 11 7
11 63 3
63 39 3
44 65 2
65 30 3
30 47 8
47 21 5
21 7 3
7 49 5
49 65 5
65 64 1
64 51 2
51 40 5
40 24 3
24 57 7
24 55 3
55 44 7
44 62 3
62 48 10
62 52 2
52 13 8
52 32 6
32 75 8
75 64 2
75 27 2
52 51 5
51 53 4
53 38 4
38 45 3
45 21 3
38 74 9
74 65 2
65 73 6
73 67 4
67 7 5
67 52 1
73 28 9
28 54 2
28 61 8
61 42 3
42 58 7
58 3 4
58 43 2
43 59 5
59 24 2
43 70 5
70 47 5
47 9 10
47 53 7
53 2 7
47 4 8
4 66 8
43 71 7
71 17 4
71 40 5
42 73 6
73 37 7
73 46 7
46 50 4
50 74 6
61 72 6
72 1 9
72 33 8
33 36 9
36 34 10
36 69 7
51 56 2

REQUESTS

BLOCKAGES
73 37
28 61
37 55
72 1
20 30
44 62
5 60
36 20
16 13
8 32
29 73
12 42
42 73
59 39
11 3
71 40
16 69
22 17
17 5
29 26
36 34
65 64
65 30
73 46
30 8
47 17
24 55
32 45
56 28
47 53
73 28
17 33
39 48
23 8
44 65
9 37
75 27
45 21

A'
1 2 859
1 3 598
1 4 990
5 1 748
1 6 278
7 1 537
8 1 410
9 1 84
10 1 205
11 1 545
1 12 824
1 13 397
1 14 682
1 15 879
16 1 106
17 1 944
18 1 396
19 1 402
20 1 576
1 21 124
22 1 46
1 23 887
24 1 621
1 25 364
26 1 779
1 27 690
1 28 115
1 29 307
30 1 735
1 31 367
32 1 930
33 1 509
34 1 555
1 35 61
1 36 411
1 37 687
38 1 196
39 1 615
1 40 599
1 41 696
42 1 237
43 1 682
1 44 822
1 45 852
1 46 525
1 47 100
1 48 232
1 49 130
50 1 870
1 51 620
1 52 726
1 53 792
54 1 935
55 1 440
56 1 88
57 1 261
58 1 871
1 59 380
1 60 929
61 1 599
1 62 152
63 1 611
1 64 658
65 1 874
66 1 634
68 1 359
69 1 6
70 1 437
1 71 774
1 73 260
74 1 880
1 75 170
3 2 821
2 4 193
2 5 607
2 6 822
2 7 79
8 2 310
2 9 710
10 2 797
2 11 654
12 2 929
2 13 87
14 2 762
15 2 248
16 2 635
18 2 804
19 2 323
20 2 281
2 21 212
2 22 915
23 2 55
2 24 90
2 25 807
2 26 506
27 2 389
2 28 362
29 2 242
2 30 138
2 31 5
2 32 282
33 2 660
34 2 923
35 2 42
36 2 428
37 2 179
38 2 385
39 2 440
2 40 294
2 41 561
2 42 679
2 43 307
2 44 326
45 2 798
46 2 900
2 47 972
2 48 637
2 49 970
50 2 318
51 2 114
52 2 967
2 53 439
54 2 228
2 55 528
56 2 827
57 2 24
58 2 38
59 2 897
60 2 935
2 61 177
2 62 847
2 63 367
64 2 835
65 2 394
2 66 699
67 2 249
2 68 502
69 2 368
70 2 269
2 71 953
72 2 984
73 2 952
74 2 11
2 75 87
4 3 893
5 3 130
6 3 114
7 3 574
8 3 185
9 3 804
10 3 825
3 11 252
3 12 91
3 13 406
14 3 867
3 15 157
3 16 38
3 17 574
3 18 659
3 19 344
20 3 274
3 21 290
22 3 322
23 3 39
3 24 181
25 3 92
26 3 894
3 27 682
3 28 315
29 3 46
30 3 500
31 3 382
3 32 14
33 3 937
34 3 614
35 3 223
36 3 458
3 37 977
38 3 78
3 39 340
3 40 858
41 3 614
42 3 126
43 3 791
3 44 437
3 45 972
46 3 742
47 3 826
3 48 11
3 49 428
3 50 746
3 51 862
52 3 866
53 3 37
54 3 206
3 55 553
56 3 159
3 57 869
3 58 165
59 3 76
60 3 847
61 3 889
3 62 104
3 63 695
3 64 180
3 65 90
66 3 124
67 3 832
68 3 493
3 69 283
3 70 596
71 3 112
3 72 353
73 3 389
74 3 991
3 75 469
5 4 215
4 6 129
4 7 775
8 4 135
4 9 945
4 10 231
4 11 879
4 12 760
13 4 281
4 14 69
4 15 877
4 16 333
17 4 864
4 18 745
19 4 889
20 4 43
21 4 626
22 4 124
23 4 994
24 4 58
4 25 834
4 26 61
4 27 701
4 28 83
4 29 861
30 4 913
31 4 386
4 32 965
4 33 967
34 4 456
35 4 978
4 36 310
37 4 21
38 4 707
4 39 43
40 4 7
41 4 404
42 4 940
43 4 886
4 44 790
4 45 876
4 46 835
4 47 299
48 4 511
49 4 212
4 50 472
51 4 815
52 4 495
53 4 917
4 54 904
4 55 966
4 56 540
57 4 976
58 4 825
59 4 853
4 60 311
4 61 20
62 4 341
4 63 647
64 4 935
4 65 520
66 4 750
67 4 890
68 4 225
4 69 798
70 4 821
71 4 38
4 72 835
4 73 191
4 74 930
75 4 977
5 6 474
5 7 88
8 5 314
9 5 369
5 10 648
11 5 357
5 12 279
5 13 346
14 5 755
15 5 631
5 16 609
18 5 443
5 19 829
5 20 315
21 5 431
22 5 49
5 23 346
24 5 443
5 25 935
5 26 432
27 5 398
28 5 805
29 5 878
5 30 750
5 31 938
32 5 980
5 33 963
5 34 343
5 35 228
5 36 366
5 37 916
5 38 139
39 5 980
5 40 397
41 5 623
5 42 441
43 5 712
5 44 367
45 5 905
5 46 312
5 47 144
48 5 800
49 5 768
5 50 602
51 5 151
52 5 356
5 53 85
54 5 679
5 55 428
56 5 330
5 57 606
58 5 126
59 5 368
60 5 609
5 61 960
5 62 465
5 63 914
5 64 914
65 5 758
66 5 28
5 67 185
68 5 326
69 5 581
5 70 685
5 71 782
5 72 114
73 5 136
74 5 407
75 5 731
7 6 478
8 6 286
9 6 498
10 6 910
11 6 231
12 6 277
6 13 279
14 6 345
6 15 434
16 6 311
6 17 637
6 18 483
6 19 182
20 6 988
6 21 825
22 6 602
23 6 113
24 6 949
6 25 789
6 26 372
27 6 877
6 28 629
29 6 164
6 31 597
32 6 420
6 33 589
34 6 197
6 35 44
36 6 678
37 6 343
6 38 584
39 6 212
6 40 945
41 6 610
42 6 896
6 43 31
44 6 608
45 6 410
6 46 646
47 6 885
48 6 72
49 6 279
6 50 163
6 51 138
6 52 656
53 6 291
54 6 477
6 55 412
6 56 378
57 6 928
58 6 1000
6 59 871
6 60 846
6 61 243
62 6 638
63 6 259
6 64 304
65 6 33
6 66 914
67 6 9
68 6 651
69 6 159
70 6 152
6 71 252
72 6 590
73 6 153
74 6 488
75 6 252
8 7 654
9 7 527
7 10 325
11 7 57
7 12 377
13 7 445
7 14 611
15 7 858
16 7 103
7 17 92
7 18 585
19 7 486
7 20 874
7 21 819
22 7 12
7 23 750
7 24 916
7 25 13
26 7 765
27 7 868
28 7 861
29 7 431
7 30 117
7 31 436
7 32 656
33 7 177
7 34 574
35 7 470
36 7 652
7 37 863
7 38 357
7 39 385
40 7 240
41 7 513
7 42 817
7 43 144
44 7 748
7 45 852
46 7 566
7 47 788
48 7 166
49 7 164
50 7 978
51 7 889
7 52 272
7 53 645
54 7 363
55 7 253
7 56 777
57 7 957
58 7 200
59 7 973
7 60 378
61 7 164
62 7 464
63 7 515
64 7 266
65 7 72
7 66 663
7 67 225
68 7 63
69 7 563
7 70 249
71 7 731
72 7 283
7 73 673
7 74 492
75 7 429
9 8 821
8 10 164
8 11 246
8 12 617
8 13 708
8 14 107
15 8 647
16 8 305
8 17 551
18 8 487
19 8 385
20 8 527
21 8 256
22 8 852
24 8 633
8 25 368
8 26 131
27 8 822
8 28 619
29 8 516
8 30 791
8 31 305
32 8 542
8 33 23
8 34 852
35 8 848
8 36 51
8 37 28
38 8 69
8 39 795
40 8 93
8 41 629
42 8 517
8 43 383
44 8 486
8 45 793
8 46 487
47 8 452
8 48 814
8 49 491
50 8 998
8 51 436
8 52 907
53 8 296
55 8 442
8 56 681
8 57 656
8 58 472
59 8 638
8 60 294
61 8 750
62 8 373
8 63 724
8 64 363
65 8 594
66 8 546
67 8 815
68 8 541
69 8 240
70 8 217
71 8 894
8 72 636
73 8 505
74 8 357
8 75 65
9 10 380
9 11 274
9 12 716
13 9 855
9 14 545
9 15 457
9 16 434
17 9 34
9 18 251
19 9 840
9 20 306
9 21 69
22 9 282
23 9 400
24 9 66
9 25 640
26 9 629
9 27 548
9 28 262
9 29 774
30 9 201
9 31 600
9 32 556
9 33 959
9 34 610
9 35 977
36 9 531
37 9 560
38 9 969
39 9 803
9 40 774
9 41 830
9 42 707
43 9 450
44 9 778
45 9 479
9 46 508
9 47 315
48 9 63
49 9 220
50 9 71
51 9 291
52 9 593
9 53 117
9 54 808
55 9 299
56 9 65
57 9 687
58 9 505
9 59 443
60 9 710
61 9 316
62 9 999
63 9 631
64 9 255
9 65 789
66 9 398
9 67 630
68 9 281
9 69 256
70 9 17
9 71 373
72 9 682
73 9 203
74 9 194
9 75 173
11 10 566
10 12 823
10 13 470
14 10 681
15 10 303
16 10 753
10 17 900
10 18 394
19 10 480
20 10 621
10 21 203
22 10 576
10 23 52
10 24 774
25 10 775
10 26 852
27 10 138
10 28 608
29 10 479
10 30 35
31 10 461
10 32 184
10 33 873
10 34 540
10 35 226
10 36 847
10 37 505
10 38 368
10 39 904
40 10 504
10 41 143
42 10 722
10 43 381
10 44 590
45 10 321
46 10 991
47 10 116
10 48 141
10 49 103
10 50 340
51 10 544
10 52 460
10 53 312
54 10 955
55 10 672
10 56 596
10 57 165
10 58 445
59 10 999
10 60 755
61 10 362
62 10 452
63 10 622
10 64 817
65 10 975
10 66 405
10 67 45
10 68 917
10 69 395
70 10 274
10 71 33
10 72 231
73 10 187
74 10 93
75 10 412
12 11 855
11 13 647
11 14 602
11 15 601
11 16 344
11 17 925
11 18 797
11 19 316
11 20 677
11 21 640
22 11 127
11 23 172
24 11 868
11 25 87
11 26 894
11 27 510
11 28 623
11 29 758
30 11 776
11 31 994
32 11 637
33 11 867
11 34 240
11 35 851
11 36 243
11 37 218
38 11 514
39 11 781
40 11 746
41 11 45
11 43 554
45 11 62
11 46 619
47 11 205
11 48 955
11 49 234
50 11 627
51 11 706
52 11 389
11 53 670
11 54 372
55 11 347
11 56 916
11 57 370
11 58 787
11 59 865
60 11 480
11 61 724
11 62 114
63 11 413
64 11 473
65 11 593
66 11 119
67 11 279
68 11 302
69 11 817
11 70 835
71 11 825
11 72 310
73 11 61
11 74 984
11 75 972
13 12 907
14 12 264
15 12 679
12 16 793
17 12 674
18 12 602
19 12 387
12 20 3
21 12 532
22 12 714
23 12 685
12 24 468
25 12 436
26 12 442
27 12 510
12 28 585
12 29 164
12 30 788
12 31 228
12 32 345
34 12 946
35 12 55
36 12 696
37 12 413
12 38 808
39 12 903
12 40 598
41 12 133
42 12 42
12 43 339
44 12 488
45 12 323
12 46 542
12 47 267
12 48 860
49 12 790
50 12 860
12 51 686
52 12 939
12 53 124
12 54 228
12 55 443
56 12 978
12 57 7
12 58 479
59 12 882
12 60 451
12 61 357
62 12 72
63 12 466
64 12 142
65 12 440
66 12 450
67 12 611
12 68 926
12 69 134
70 12 464
12 71 681
72 12 503
73 12 516
74 12 384
12 75 651
13 14 953
15 13 178
13 16 334
17 13 307
18 13 601
13 19 179
20 13 574
21 13 790
22 13 874
23 13 3
24 13 851
25 13 482
26 13 722
27 13 38
28 13 394
13 29 290
30 13 398
13 31 722
32 13 814
13 33 557
34 13 125
35 13 817
13 36 875
13 37 548
38 13 881
39 13 437
40 13 585
13 41 435
13 42 915
13 43 114
13 44 511
45 13 6
46 13 222
13 47 343
13 48 107
13 49 450
13 50 338
13 51 281
53 13 829
54 13 103
13 55 397
56 13 666
57 13 972
58 13 581
59 13 436
13 60 658
61 13 598
13 62 412
63 13 260
64 13 431
65 13 248
13 66 849
67 13 647
68 13 440
69 13 373
13 70 556
71 13 79
13 72 787
13 73 896
74 13 196
13 75 959
15 14 874
14 16 122
17 14 232
14 18 84
14 19 244
20 14 380
14 21 548
14 22 856
23 14 852
14 24 880
25 14 701
14 26 332
27 14 711
14 28 558
29 14 263
14 30 463
14 31 775
32 14 124
14 33 670
34 14 723
35 14 890
14 36 709
37 14 479
14 38 775
14 39 848
14 40 793
14 41 964
14 42 738
14 43 55
44 14 932
45 14 866
46 14 508
14 47 331
14 48 349
14 49 190
14 50 616
51 14 877
14 52 219
14 53 592
54 14 389
55 14 999
56 14 338
14 57 9
58 14 987
59 14 74
14 61 939
62 14 943
63 14 699
14 64 279
14 65 468
14 66 665
14 67 579
68 14 469
14 69 932
70 14 26
14 71 163
72 14 59
14 73 919
74 14 815
75 14 558
16 15 120
17 15 453
18 15 427
19 15 340
20 15 552
21 15 759
15 22 409
23 15 556
24 15 974
25 15 393
26 15 208
15 27 909
15 28 383
29 15 103
30 15 864
15 31 985
32 15 156
33 15 397
15 34 939
35 15 639
15 36 247
37 15 58
38 15 85
39 15 883
15 40 452
15 41 408
42 15 183
43 15 981
44 15 847
45 15 114
15 46 742
15 47 397
15 48 887
49 15 183
50 15 233
51 15 19
15 52 921
15 53 486
54 15 40
55 15 414
56 15 644
15 57 206
15 58 194
15 59 742
15 60 268
61 15 454
62 15 657
15 63 962
64 15 994
65 15 423
66 15 669
67 15 410
15 68 868
69 15 946
15 70 263
15 71 750
15 72 237
73 15 435
15 74 492
75 15 821
17 16 383
16 18 472
19 16 475
20 16 285
21 16 281
22 16 399
16 23 148
16 24 891
16 25 54
16 26 275
27 16 251
16 28 278
29 16 683
30 16 268
16 31 889
32 16 637
33 16 714
16 34 14
35 16 244
16 36 361
37 16 357
38 16 178
39 16 270
16 40 224
41 16 607
16 42 695
16 43 577
44 16 696
45 16 37
16 46 785
47 16 404
48 16 899
49 16 880
16 50 657
51 16 266
52 16 351
16 53 127
16 54 830
16 55 947
56 16 423
16 57 606
58 16 763
59 16 441
16 60 793
61 16 125
62 16 105
16 63 701
16 64 645
16 65 971
66 16 407
16 67 670
68 16 210
69 16 637
70 16 544
71 16 796
16 72 488
73 16 786
16 74 935
75 16 412
17 18 407
17 19 8
17 20 64
21 17 219
17 22 640
23 17 712
17 24 425
25 17 155
17 26 529
27 17 24
17 28 725
29 17 93
30 17 572
17 31 814
17 32 808
33 17 937
34 17 113
35 17 78
17 36 5
17 37 587
17 38 836
17 39 42
17 40 31
17 41 893
42 17 690
43 17 334
17 44 87
17 45 626
17 46 655
17 47 868
48 17 16
17 49 381
17 50 452
17 51 7
17 52 105
53 17 452
17 54 243
55 17 552
56 17 392
17 57 535
58 17 712
17 59 494
60 17 997
17 61 512
62 17 263
63 17 169
17 64 887
65 17 110
17 66 6
17 67 146
17 68 61
69 17 754
70 17 441
72 17 832
17 73 517
17 74 164
17 75 109
18 19 84
18 20 825
18 21 842
18 22 607
18 23 794
24 18 933
25 18 513
18 26 628
18 27 812
18 28 79
18 29 664
30 18 448
31 18 835
18 32 110
18 33 51
34 18 311
18 35 150
36 18 924
18 37 42
18 38 815
39 18 36
40 18 318
18 41 850
42 18 226
18 43 521
18 44 831
18 45 39
46 18 383
47 18 946
18 48 222
49 18 414
18 50 482
18 51 370
52 18 907
18 53 990
54 18 950
18 55 171
56 18 277
18 57 564
18 58 385
18 59 510
18 60 971
18 61 550
62 18 772
63 18 549
64 18 843
18 65 876
66 18 525
67 18 433
68 18 8
69 18 855
18 70 800
71 18 576
18 72 749
73 18 282
74 18 926
75 18 52
20 19 690
21 19 953
22 19 448
23 19 157
19 24 815
19 25 318
26 19 980
27 19 474
19 28 525
19 29 297
19 30 705
19 31 455
32 19 67
19 33 289
19 34 878
35 19 592
36 19 645
37 19 731
19 38 397
39 19 734
40 19 622
41 19 254
19 42 153
43 19 941
44 19 758
45 19 56
19 46 164
47 19 266
19 48 598
49 19 574
19 50 599
51 19 746
52 19 61
53 19 687
19 54 67
19 55 724
56 19 174
57 19 642
58 19 407
19 59 707
60 19 874
61 19 978
62 19 625
19 63 267
19 64 502
19 65 49
19 66 356
67 19 694
68 19 623
19 69 930
70 19 503
71 19 729
72 19 982
19 73 707
19 74 655
75 19 256
20 21 879
20 22 565
23 20 829
24 20 429
20 25 374
26 20 429
27 20 623
20 28 849
29 20 854
30 20 638
20 31 783
20 32 736
20 33 440
20 34 855
20 35 207
20 37 85
20 38 890
20 39 524
40 20 368
41 20 797
20 42 633
43 20 171
20 44 726
45 20 311
20 47 19
48 20 826
20 49 752
50 20 196
51 20 62
20 52 421
53 20 838
20 54 628
55 20 991
56 20 496
57 20 847
20 58 179
20 59 862
20 60 449
20 61 947
62 20 88
63 20 940
64 20 70
65 20 529
66 20 1
20 67 18
68 20 329
20 69 240
20 70 984
20 71 359
20 72 424
73 20 523
20 74 280
20 75 238
21 22 67
21 23 383
21 24 500
21 25 770
26 21 716
21 27 186
28 21 592
29 21 193
21 30 762
31 21 227
21 32 662
33 21 929
21 34 142
35 21 391
36 21 538
21 37 853
21 38 515
39 21 462
21 40 260
41 21 935
42 21 881
21 43 747
21 44 26
21 45 95
21 46 372
48 21 385
21 49 869
21 50 751
51 21 917
52 21 560
21 53 375
54 21 411
55 21 328
21 56 220
57 21 62
58 21 791
59 21 293
21 60 911
21 61 708
21 62 955
21 63 342
21 64 989
21 65 865
66 21 232
67 21 262
68 21 677
21 69 9
70 21 949
71 21 566
21 72 247
21 73 66
74 21 512
75 21 354
22 23 942
24 22 527
25 22 792
22 26 588
27 22 429
22 28 871
22 29 585
22 30 154
31 22 472
32 22 403
22 33 851
34 22 291
35 22 299
36 22 837
37 22 715
22 38 288
22 39 602
40 22 256
41 22 34
42 22 877
43 22 999
22 44 826
45 22 583
22 46 899
22 47 846
49 22 48
22 50 820
22 51 271
22 52 684
53 22 242
54 22 72
55 22 178
22 56 505
22 57 272
58 22 151
22 59 49
22 60 911
61 22 832
22 62 881
22 63 87
64 22 118
22 65 857
66 22 629
67 22 112
22 68 263
69 22 888
22 70 954
71 22 572
22 72 339
73 22 860
74 22 928
75 22 90
23 24 891
25 23 80
23 26 214
23 27 8
23 28 300
23 29 268
23 30 342
23 31 296
23 32 436
33 23 938
34 23 952
35 23 550
36 23 703
23 37 482
23 38 318
39 23 819
23 40 195
23 41 683
42 23 416
43 23 740
44 23 906
45 23 698
23 46 90
47 23 851
23 48 528
23 49 266
50 23 648
23 51 120
23 52 225
53 23 331
23 54 523
23 55 453
56 23 751
23 57 477
23 58 178
23 59 232
60 23 927
23 61 682
23 62 274
63 23 541
64 23 672
65 23 983
66 23 974
23 67 373
23 68 54
23 69 443
23 70 557
71 23 997
72 23 734
73 23 825
74 23 41
23 75 698
25 24 689
26 24 334
27 24 263
28 24 467
29 24 385
24 30 958
24 31 255
24 32 259
33 24 385
34 24 588
35 24 299
24 36 952
37 24 409
24 38 999
39 24 183
24 40 119
24 41 427
24 42 538
43 24 678
24 44 623
24 45 157
24 46 771
24 47 262
48 24 72
24 49 433
50 24 291
24 51 947
24 52 820
53 24 369
24 54 507
55 24 866
56 24 774
57 24 428
58 24 980
24 59 667
60 24 871
61 24 886
24 62 234
63 24 374
64 24 145
65 24 20
66 24 594
24 67 380
68 24 24
24 69 582
24 70 650
71 24 506
24 72 738
73 24 734
24 74 94
24 75 24
26 25 223
27 25 958
25 28 408
29 25 817
25 30 841
25 31 690
25 32 153
33 25 198
25 34 168
25 35 57
36 25 226
25 37 592
25 38 198
25 39 33
25 40 77
25 41 608
42 25 316
43 25 459
44 25 599
45 25 626
25 46 462
47 25 225
25 48 87
49 25 141
25 50 554
51 25 775
52 25 110
25 53 446
54 25 43
25 55 302
25 56 237
57 25 122
58 25 825
25 59 275
25 60 206
61 25 567
62 25 919
63 25 984
25 64 917
25 65 963
25 66 24
67 25 953
68 25 455
25 69 144
70 25 228
71 25 320
25 72 706
25 73 368
25 74 21
75 25 657
27 26 247
28 26 949
26 30 285
26 31 634
26 32 485
26 33 136
34 26 408
26 35 27
36 26 763
26 37 384
26 38 195
26 39 617
26 40 567
26 41 9
42 26 859
43 26 807
44 26 239
26 45 150
46 26 845
26 47 635
48 26 239
26 49 254
26 50 389
26 51 154
26 52 507
26 53 415
26 54 441
55 26 41
56 26 232
57 26 568
26 58 691
26 59 523
26 60 401
26 61 804
26 62 807
26 63 278
64 26 559
65 26 746
66 26 515
26 67 803
68 26 141
69 26 426
70 26 951
71 26 939
26 72 219
26 73 624
26 74 584
26 75 191
27 28 521
27 29 581
30 27 784
31 27 76
27 32 93
27 33 993
34 27 73
35 27 980
36 27 715
37 27 145
38 27 575
39 27 551
27 40 293
27 41 407
27 42 671
43 27 563
44 27 590
27 45 870
46 27 706
27 47 419
27 48 767
49 27 405
50 27 910
27 51 403
27 52 492
53 27 993
54 27 333
55 27 212
56 27 716
27 57 852
27 58 566
59 27 280
60 27 910
27 61 232
62 27 95
27 63 412
64 27 412
27 65 51
66 27 903
67 27 297
68 27 703
69 27 813
70 27 183
27 71 660
27 72 993
73 27 987
27 74 925
27 75 416
28 29 767
30 28 800
31 28 296
28 32 73
28 33 731
34 28 380
28 35 279
28 36 380
37 28 668
28 38 368
28 39 567
40 28 99
41 28 889
42 28 820
28 43 55
44 28 351
45 28 882
46 28 682
47 28 714
28 48 588
28 49 581
28 50 429
51 28 995
28 52 192
53 28 999
54 28 864
55 28 937
57 28 825
58 28 998
28 59 157
60 28 341
61 28 818
62 28 11
28 63 556
28 64 286
65 28 48
66 28 428
67 28 599
68 28 450
69 28 938
28 70 477
28 71 296
72 28 385
28 73 541
28 74 462
28 75 318
29 30 27
31 29 996
32 29 833
33 29 504
29 34 901
29 35 74
29 36 162
29 37 267
38 29 285
29 39 970
40 29 761
41 29 551
42 29 736
43 29 879
44 29 492
29 45 702
29 46 683
47 29 258
48 29 951
29 49 336
29 50 17
51 29 235
29 52 432
53 29 140
29 54 408
55 29 828
56 29 373
29 57 313
29 58 525
60 29 368
61 29 62
29 62 421
63 29 847
64 29 413
29 65 974
29 66 976
29 67 203
68 29 165
69 29 644
70 29 463
29 71 412
72 29 476
73 29 295
29 74 18
29 75 648
30 32 709
30 33 348
34 30 821
30 35 936
30 36 311
37 30 108
30 38 457
30 39 208
30 40 608
41 30 326
42 30 204
30 43 539
44 30 954
30 45 714
46 30 825
47 30 70
48 30 776
49 30 56
30 50 754
51 30 727
30 52 597
30 53 459
30 54 150
55 30 917
56 30 458
30 57 171
58 30 901
59 30 709
30 60 238
30 61 349
30 62 224
30 63 299
64 30 539
30 65 946
30 66 48
30 67 708
30 68 858
30 69 401
70 30 184
71 30 819
30 72 262
73 30 6
30 74 50
75 30 720
32 31 488
31 33 53
34 31 189
35 31 709
36 31 56
31 37 371
38 31 678
31 39 98
40 31 947
42 31 483
43 31 415
31 44 781
45 31 481
31 46 804
47 31 13
48 31 35
31 49 199
50 31 973
51 31 806
52 31 956
53 31 773
31 54 840
31 55 859
31 56 501
57 31 674
58 31 228
31 59 810
31 60 843
31 61 301
31 62 189
31 63 144
64 31 449
31 65 319
66 31 594
31 67 176
68 31 639
31 69 310
31 70 854
71 31 908
31 72 229
73 31 688
31 74 373
75 31 815
33 32 138
32 34 564
32 35 781
32 36 900
37 32 753
38 32 706
39 32 46
40 32 599
32 41 532
42 32 866
43 32 781
44 32 90
45 32 705
46 32 169
47 32 625
48 32 643
49 32 98
50 32 440
32 51 970
32 52 163
32 53 910
32 54 420
55 32 100
56 32 343
57 32 631
32 58 368
59 32 980
60 32 123
32 61 586
62 32 465
32 63 274
64 32 972
65 32 17
32 66 953
32 67 455
68 32 60
32 69 334
70 32 670
71 32 553
32 72 119
73 32 571
32 74 945
75 32 295
33 34 938
33 35 358
36 33 89
37 33 508
38 33 706
39 33 176
33 40 214
33 41 124
42 33 345
43 33 456
33 44 945
33 45 730
46 33 543
33 47 901
48 33 850
49 33 554
50 33 74
33 51 188
33 52 894
53 33 926
54 33 275
55 33 608
56 33 82
57 33 113
33 58 891
33 59 792
60 33 280
61 33 602
33 62 820
33 63 308
64 33 696
33 65 159
66 33 125
33 67 282
33 68 97
33 69 969
70 33 12
33 71 859
33 72 11
33 73 871
74 33 243
33 75 792
34 35 886
37 34 58
34 38 355
34 39 589
34 40 589
41 34 692
34 42 342
43 34 734
44 34 381
45 34 913
46 34 315
34 47 671
34 48 580
49 34 233
34 50 66
34 51 831
34 52 801
34 53 351
54 34 318
55 34 74
56 34 999
57 34 895
58 34 529
59 34 593
34 60 85
61 34 922
62 34 566
34 63 389
34 64 866
65 34 91
34 66 726
67 34 741
34 68 161
34 69 384
34 70 382
71 34 439
72 34 573
73 34 425
34 74 313
75 34 363
36 35 226
35 37 500
38 35 227
35 39 288
35 40 860
35 41 727
42 35 3
35 43 167
44 35 911
35 45 344
35 46 359
35 47 376
48 35 818
35 49 384
50 35 169
35 51 231
35 52 381
35 53 888
54 35 969
35 55 403
35 56 257
57 35 117
58 35 596
59 35 125
35 60 184
35 61 502
35 62 601
63 35 825
64 35 677
35 65 901
66 35 306
67 35 942
35 68 565
69 35 645
70 35 356
71 35 65
72 35 527
74 35 475
75 35 700
36 37 350
38 36 833
36 39 120
36 40 68
36 41 738
42 36 142
36 43 932
36 44 875
36 45 188
46 36 614
47 36 411
36 48 489
49 36 890
50 36 949
36 51 539
36 52 696
36 53 167
36 54 835
36 55 589
36 56 527
36 57 529
36 58 259
36 59 291
60 36 429
61 36 188
36 62 255
36 63 757
64 36 972
65 36 467
36 66 10
67 36 920
68 36 948
69 36 937
70 36 723
71 36 36
72 36 851
36 73 916
74 36 376
36 75 594
37 38 388
37 40 994
37 41 658
37 42 53
37 43 906
37 44 18
37 45 243
37 46 562
37 47 10
37 48 402
49 37 731
37 50 89
51 37 917
52 37 22
53 37 494
54 37 214
55 37 430
37 56 707
37 57 647
58 37 95
59 37 83
37 60 518
61 37 538
62 37 357
63 37 126
37 64 785
65 37 112
66 37 503
37 67 774
37 68 206
69 37 404
37 70 245
37 71 331
72 37 273
37 74 719
75 37 144
39 38 751
38 40 72
41 38 176
38 42 659
38 43 107
44 38 749
45 38 369
38 46 104
38 47 334
48 38 999
49 38 967
38 50 435
51 38 808
52 38 626
38 54 769
55 38 98
56 38 484
38 57 468
58 38 288
59 38 911
38 60 205
38 61 874
62 38 697
63 38 18
64 38 820
38 65 385
66 38 260
38 67 163
38 68 279
69 38 721
38 70 805
38 71 340
38 72 800
73 38 92
74 38 912
75 38 593
39 40 596
39 41 800
39 42 639
43 39 63
39 44 994
45 39 164
46 39 100
39 47 979
48 39 70
49 39 130
39 50 869
51 39 161
39 52 627
53 39 458
39 54 607
39 55 358
39 56 572
57 39 845
39 58 678
60 39 671
39 61 182
39 62 157
39 63 254
64 39 281
39 65 720
66 39 524
39 67 667
68 39 519
69 39 353
39 70 877
39 71 117
39 72 325
39 73 627
39 74 7
75 39 904
41 40 590
40 42 656
43 40 649
44 40 337
45 40 565
46 40 435
40 47 948
40 48 983
40 49 724
50 40 226
40 52 694
40 53 765
54 40 360
40 55 29
56 40 906
40 57 186
58 40 713
40 59 343
40 60 325
61 40 538
62 40 410
63 40 680
64 40 959
40 65 938
66 40 723
40 67 733
40 68 976
69 40 791
70 40 850
72 40 755
40 73 469
74 40 293
40 75 143
41 42 428
41 43 155
41 44 527
45 41 192
46 41 442
47 41 678
41 48 763
41 49 170
41 50 247
41 51 320
52 41 868
53 41 864
41 54 70
41 55 423
41 56 435
57 41 979
58 41 682
59 41 726
41 60 320
61 41 948
62 41 605
41 63 198
64 41 249
41 65 249
66 41 737
41 67 427
41 68 410
41 69 930
41 70 973
41 71 193
41 72 620
41 73 326
41 74 8
75 41 861
43 42 320
44 42 439
42 45 138
46 42 643
42 47 708
48 42 232
42 49 810
42 50 400
42 51 652
52 42 403
42 53 736
54 42 735
55 42 470
42 56 8
42 57 463
58 42 156
42 59 381
60 42 57
42 61 935
62 42 607
42 63 941
42 64 437
65 42 199
42 66 26
42 67 868
42 68 178
69 42 374
42 70 310
42 71 676
72 42 673
73 42 889
42 74 271
75 42 126
44 43 842
43 45 730
43 46 405
43 47 341
43 48 124
43 49 381
50 43 741
51 43 928
43 52 555
43 53 182
43 54 497
55 43 885
56 43 698
57 43 348
43 58 98
59 43 646
60 43 589
61 43 91
43 62 749
63 43 539
43 64 322
65 43 373
66 43 223
43 67 332
43 68 305
69 43 993
70 43 73
71 43 969
43 72 354
73 43 89
74 43 846
75 43 93
44 45 813
46 44 779
47 44 614
48 44 785
49 44 292
50 44 349
44 51 512
52 44 643
53 44 249
44 54 617
44 55 216
44 56 443
57 44 606
44 58 723
59 44 970
44 60 236
44 61 350
62 44 695
63 44 387
64 44 602
65 44 339
44 66 192
44 67 334
44 68 18
69 44 821
70 44 256
71 44 924
44 72 309
73 44 581
44 74 683
44 75 199
45 46 332
45 47 636
45 48 215
49 45 208
45 50 52
45 51 117
52 45 99
53 45 429
54 45 385
55 45 103
45 56 989
45 57 689
45 58 906
45 59 33
45 60 171
61 45 505
45 62 130
63 45 231
45 64 515
45 65 511
45 66 335
45 67 513
45 68 430
69 45 902
45 70 893
45 71 805
45 72 29
73 45 883
45 74 114
75 45 873
47 46 497
48 46 138
46 49 221
50 46 674
51 46 158
46 52 5
53 46 163
54 46 630
46 55 809
56 46 757
57 46 886
58 46 286
46 59 406
46 60 551
61 46 434
62 46 155
46 63 151
64 46 260
46 65 365
66 46 458
46 67 468
46 68 366
69 46 330
70 46 222
46 71 229
72 46 191
46 73 891
46 74 731
46 75 996
48 47 519
49 47 55
50 47 711
47 51 669
47 52 281
53 47 902
47 54 907
55 47 904
47 56 999
57 47 971
58 47 75
59 47 551
61 47 793
47 62 747
63 47 439
47 64 959
47 65 434
66 47 578
67 47 4
68 47 623
47 69 800
47 71 520
47 72 622
73 47 200
47 74 91
47 75 494
49 48 242
48 50 785
48 51 257
52 48 124
48 53 535
54 48 421
48 55 920
48 56 225
48 57 738
48 58 969
48 59 610
60 48 417
61 48 359
48 63 801
48 64 19
65 48 836
66 48 929
67 48 137
48 68 996
48 69 392
70 48 544
71 48 610
72 48 837
48 73 749
74 48 100
48 75 410
49 50 319
49 51 946
52 49 517
49 53 232
54 49 242
55 49 415
56 49 291
57 49 28
58 49 674
59 49 329
49 60 384
49 61 580
49 62 69
49 63 20
64 49 230
65 49 108
49 66 124
49 67 538
49 68 503
69 49 527
70 49 540
71 49 267
49 72 844
49 73 172
74 49 768
49 75 438
51 50 790
50 52 723
50 53 49
50 54 730
50 55 875
50 56 529
50 57 595
50 58 990
59 50 187
50 60 193
50 61 808
62 50 611
63 50 808
64 50 520
50 65 634
66 50 78
67 50 326
50 68 337
69 50 894
50 70 356
50 71 607
72 50 469
73 50 302
74 50 650
50 75 325
51 52 269
53 51 357
51 54 135
51 55 14
56 51 739
57 51 963
58 51 774
51 59 968
51 60 366
61 51 527
51 62 684
51 63 310
51 65 963
51 66 687
67 51 991
68 51 423
69 51 237
51 70 961
51 71 667
72 51 843
51 73 281
74 51 791
51 75 330
52 53 638
54 52 778
55 52 578
56 52 20
52 57 949
52 58 748
59 52 136
52 60 867
61 52 564
52 63 876
64 52 231
52 65 401
52 66 474
52 68 394
52 69 289
70 52 986
52 71 93
52 72 681
52 73 349
74 52 797
52 75 967
54 53 537
53 55 195
53 56 288
53 57 328
53 58 988
59 53 598
60 53 995
53 61 976
53 62 452
53 63 770
64 53 34
53 65 704
53 66 677
67 53 398
68 53 852
53 69 109
70 53 197
71 53 840
72 53 61
73 53 34
53 74 40
53 75 987
54 55 343
54 56 125
54 57 578
54 58 935
59 54 459
54 60 28
61 54 394
62 54 959
54 63 140
54 64 986
65 54 722
66 54 525
54 67 696
54 68 534
69 54 893
54 70 120
54 71 833
54 72 381
54 73 841
74 54 724
75 54 305
56 55 785
55 57 879
58 55 943
59 55 514
55 60 707
55 61 105
62 55 369
55 63 492
55 64 886
65 55 125
55 67 958
55 68 352
69 55 792
70 55 795
55 71 323
72 55 226
55 73 128
55 74 315
55 75 186
56 57 204
58 56 50
56 59 141
60 56 629
61 56 86
62 56 519
56 63 336
56 64 97
56 65 899
56 66 58
67 56 681
56 68 293
56 69 751
56 70 930
71 56 917
72 56 11
56 73 887
56 74 257
75 56 613
57 58 773
57 59 250
57 60 844
57 61 471
57 62 625
63 57 532
57 64 765
57 65 413
57 66 822
67 57 181
68 57 932
57 69 217
57 70 921
71 57 705
57 72 833
73 57 63
57 74 367
57 75 601
58 59 601
60 58 501
61 58 144
58 62 610
58 63 948
58 64 669
65 58 889
58 66 223
58 67 651
68 58 113
69 58 245
70 58 452
71 58 486
58 72 34
58 73 530
58 74 413
58 75 57
60 59 707
59 61 1
59 62 811
59 63 338
59 64 420
59 65 33
59 66 397
67 59 432
69 59 28
70 59 409
59 71 866
59 72 490
73 59 803
74 59 481
61 60 98
62 60 434
60 63 306
64 60 397
65 60 428
60 66 572
60 67 809
60 68 846
60 69 180
60 70 619
60 72 74
60 73 540
74 60 847
60 75 742
62 61 978
61 63 776
61 64 410
65 61 274
61 66 621
61 67 433
61 68 192
61 69 244
70 61 441
71 61 43
72 61 805
73 61 508
74 61 732
75 61 145
62 63 740
62 64 257
62 65 862
62 66 37
67 62 257
62 68 628
69 62 282
62 70 665
71 62 7
62 72 687
73 62 447
74 62 392
75 62 387
64 63 833
65 63 297
63 66 48
67 63 215
63 68 458
63 69 40
63 70 50
63 71 860
72 63 876
73 63 440
63 74 317
63 75 152
64 66 950
64 67 636
64 68 174
64 69 385
64 70 183
64 71 44
72 64 280
73 64 380
64 74 90
66 65 737
65 67 786
68 65 928
69 65 856
65 70 671
71 65 951
65 72 308
73 65 901
65 74 263
75 65 948
67 66 969
68 66 302
69 66 292
66 70 622
71 66 442
66 72 108
66 73 986
74 66 494
75 66 117
67 68 509
67 70 459
71 67 368
67 72 305
67 74 91
67 75 420
69 68 538
70 68 301
71 68 777
68 72 180
68 73 472
74 68 99
75 68 179
70 69 721
71 69 646
72 69 786
73 69 39
69 74 72
69 75 494
70 71 452
72 70 527
73 70 995
70 74 296
70 75 597
71 72 921
71 73 993
71 74 414
75 71 552
72 73 387
74 72 590
72 75 853
74 73 737
73 75 564
74 75 181

TERMINALS
12
17
20
24
27
28
30
31
34
35
42
44
48
49
53
54
64
68
74

R
1 2 5
1 3 2
1 4 2
1 5 1
1 6 3
1 7 5
1 8 5
1 9 1
1 10 5
1 11 4
1 12 2
1 13 3
1 14 5
1 15 4
1 16 5
1 17 3
1 18 4
1 19 2
1 20 5
1 21 2
1 22 4
1 23 4
1 24 1
1 25 2
1 26 1
1 27 3
1 28 5
1 29 4
1 30 1
1 31 5
1 32 5
1 33 2
1 34 1
1 35 1
1 36 2
1 37 5
1 38 2
1 39 4
1 40 2
1 41 3
1 42 2
1 43 3
1 44 5
1 45 1
1 46 3
1 47 1
1 48 1
1 49 1
1 50 5
1 51 2
1 52 2
1 53 5
1 54 5
1 55 5
1 56 1
1 57 5
1 58 2
1 59 1
1 60 4
1 61 4
1 62 2
1 63 5
1 64 1
1 65 4
1 66 2
1 67 4
1 68 3
1 69 4
1 70 2
1 71 5
1 72 1
1 73 1
1 74 4
1 75 3
2 1 3
2 3 2
2 4 5
2 5 3
2 6 4
2 7 4
2 8 1
2 9 3
2 10 3
2 11 5
2 12 2
2 13 1
2 14 2
2 15 5
2 16 3
2 17 5
2 18 5
2 19 4
2 20 1
2 21 2
2 22 2
2 23 2
2 24 1
2 25 1
2 26 2
2 27 4
2 28 2
2 29 3
2 30 4
2 31 3
2 32 2
2 33 4
2 34 1
2 35 1
2 36 3
2 37 4
2 38 2
2 39 4
2 40 1
2 41 1
2 42 3
2 43 4
2 44 1
2 45 4
2 46 5
2 47 5
2 48 5
2 49 5
2 50 3
2 51 5
2 52 1
2 53 1
2 54 4
2 55 1
2 56 4
2 57 5
2 58 2
2 59 5
2 60 4
2 61 2
2 62 4
2 63 5
2 64 5
2 65 4
2 66 3
2 67 3
2 68 5
2 69 1
2 70 3
2 71 5
2 72 1
2 73 2
2 74 1
2 75 4
3 1 1
3 2 5
3 4 3
3 5 2
3 6 4
3 7 3
3 8 4
3 9 2
3 10 3
3 11 2
3 12 2
3 13 3
3 14 3
3 15 5
3 16 3
3 17 2
3 18 2
3 19 3
3 20 3
3 21 3
3 22 2
3 23 2
3 24 5
3 25 1
3 26 2
3 27 4
3 28 2
3 29 5
3 30 1
3 31 2
3 32 3
3 33 3
3 34 4
3 35 2
3 36 4
3 37 4
3 38 4
3 39 4
3 40 5
3 41 4
3 42 2
3 43 4
3 44 1
3 45 5
3 46 3
3 47 5
3 48 3
3 49 4
3 50 3
3 51 5
3 52 2
3 53 1
3 54 2
3 55 3
3 56 1
3 57 5
3 58 4
3 59 4
3 60 4
3 61 4
3 62 3
3 63 3
3 64 1
3 65 1
3 66 2
3 67 1
3 68 1
3 69 2
3 70 5
3 71 3
3 72 5
3 73 3
3 74 1
3 75 3
4 1 4
4 2 3
4 3 4
4 5 1
4 6 4
4 7 3
4 8 3
4 9 2
4 10 3
4 11 1
4 12 1
4 13 5
4 14 5
4 15 4
4 16 4
4 17 1
4 18 2
4 19 3
4 20 5
4 21 4
4 22 5
4 23 1
4 24 5
4 25 5
4 26 3
4 27 1
4 28 2
4 29 4
4 30 3
4 31 4
4 32 1
4 33 4
4 34 4
4 35 2
4 36 4
4 37 2
4 38 4
4 39 1
4 40 5
4 41 4
4 42 1
4 43 5
4 44 3
4 45 3
4 46 4
4 47 3
4 48 3
4 49 2
4 50 2
4 51 4
4 52 1
4 53 1
4 54 5
4 55 2
4 56 3
4 57 4
4 58 2
4 59 4
4 60 2
4 61 1
4 62 3
4 63 5
4 64 4
4 65 3
4 66 1
4 67 5
4 68 4
4 69 1
4 70 2
4 71 3
4 72 1
4 73 5
4 74 4
4 75 4
5 1 2
5 2 4
5 3 3
5 4 1
5 6 1
5 7 2
5 8 4
5 9 1
5 10 2
5 11 5
5 12 4
5 13 4
5 14 3
5 15 5
5 16 5
5 17 2
5 18 2
5 19 4
5 20 1
5 21 1
5 22 1
5 23 3
5 24 2
5 25 4
5 26 5
5 27 3
5 28 3
5 29 1
5 30 2
5 31 3
5 32 1
5 33 3
5 34 2
5 35 5
5 36 5
5 37 2
5 38 1
5 39 4
5 40 4
5 41 3
5 42 3
5 43 2
5 44 1
5 45 3
5 46 3
5 47 2
5 48 4
5 49 4
5 50 5
5 51 4
5 52 1
5 53 5
5 54 3
5 55 2
5 56 5
5 57 2
5 58 5
5 59 4
5 60 2
5 61 1
5 62 2
5 63 4
5 64 1
5 65 3
5 66 4
5 67 5
5 68 4
5 69 4
5 70 3
5 71 4
5 72 1
5 73 3
5 74 5
5 75 4
6 1 5
6 2 2
6 3 5
6 4 3
6 5 5
6 7 2
6 8 3
6 9 1
6 10 1
6 11 2
6 12 2
6 13 3
6 14 3
6 15 3
6 16 1
6 17 2
6 18 4
6 19 2
6 20 5
6 21 4
6 22 4
6 23 5
6 24 3
6 25 4
6 26 4
6 27 3
6 28 2
6 29 1
6 30 2
6 31 1
6 32 1
6 33 3
6 34 4
6 35 3
6 36 5
6 37 4
6 38 4
6 39 4
6 40 1
6 41 1
6 42 5
6 43 4
6 44 3
6 45 4
6 46 2
6 47 4
6 48 2
6 49 5
6 50 5
6 51 4
6 52 5
6 53 4
6 54 3
6 55 4
6 56 2
6 57 3
6 58 1
6 59 4
6 60 4
6 61 4
6 62 1
6 63 1
6 64 1
6 65 5
6 66 3
6 67 2
6 68 5
6 69 1
6 70 2
6 71 5
6 72 2
6 73 1
6 74 3
6 75 4
7 1 2
7 2 4
7 3 2
7 4 5
7 5 5
7 6 4
7 8 3
7 9 4
7 10 4
7 11 3
7 12 5
7 13 5
7 14 5
7 15 5
7 16 5
7 17 5
7 18 1
7 19 3
7 20 1
7 21 1
7 22 2
7 23 5
7 24 3
7 25 3
7 26 1
7 27 4
7 28 2
7 29 4
7 30 2
7 31 1
7 32 4
7 33 5
7 34 2
7 35 3
7 36 4
7 37 1
7 38 1
7 39 4
7 40 2
7 41 4
7 42 3
7 43 1
7 44 5
7 45 2
7 46 2
7 47 2
7 48 4
7 49 2
7 50 4
7 51 1
7 52 5
7 53 2
7 54 5
7 55 2
7 56 4
7 57 2
7 58 2
7 59 2
7 60 2
7 61 5
7 62 2
7 63 1
7 64 4
7 65 5
7 66 5
7 67 5
7 68 1
7 69 5
7 70 5
7 71 4
7 72 5
7 73 2
7 74 1
7 75 4
8 1 5
8 2 2
8 3 2
8 4 5
8 5 1
8 6 5
8 7 5
8 9 5
8 10 3
8 11 2
8 12 3
8 13 3
8 14 3
8 15 1
8 16 4
8 17 2
8 18 1
8 19 3
8 20 2
8 21 1
8 22 4
8 23 3
8 24 2
8 25 1
8 26 2
8 27 3
8 28 4
8 29 3
8 30 4
8 31 4
8 32 3
8 33 1
8 34 3
8 35 5
8 36 5
8 37 3
8 38 1
8 39 2
8 40 4
8 41 4
8 42 3
8 43 1
8 44 1
8 45 2
8 46 3
8 47 2
8 48 3
8 49 5
8 50 1
8 51 1
8 52 3
8 53 4
8 54 3
8 55 4
8 56 5
8 57 1
8 58 2
8 59 5
8 60 3
8 61 2
8 62 4
8 63 1
8 64 2
8 65 1
8 66 5
8 67 4
8 68 5
8 69 5
8 70 5
8 71 3
8 72 5
8 73 2
8 74 5
8 75 3
9 1 3
9 2 2
9 3 4
9 4 3
9 5 2
9 6 1
9 7 3
9 8 4
9 10 1
9 11 1
9 12 4
9 13 2
9 14 1
9 15 2
9 16 4
9 17 4
9 18 4
9 19 2
9 20 1
9 21 2
9 22 4
9 23 5
9 24 5
9 25 5
9 26 4
9 27 4
9 28 2
9 29 1
9 30 2
9 31 3
9 32 3
9 33 2
9 34 1
9 35 1
9 36 4
9 37 2
9 38 3
9 39 1
9 40 2
9 41 5
9 42 3
9 43 3
9 44 2
9 45 1
9 46 4
9 47 5
9 48 1
9 49 4
9 50 3
9 51 1
9 52 3
9 53 3
9 54 2
9 55 4
9 56 2
9 57 5
9 58 5
9 59 5
9 60 2
9 61 1
9 62 4
9 63 4
9 64 4
9 65 4
9 66 4
9 67 2
9 68 3
9 69 3
9 70 5
9 71 1
9 72 3
9 73 4
9 74 3
9 75 1
10 1 4
10 2 4
10 3 2
10 4 1
10 5 4
10 6 1
10 7 1
10 8 1
10 9 3
10 11 2
10 12 2
10 13 1
10 14 4
10 15 1
10 16 2
10 17 5
10 18 3
10 19 5
10 20 4
10 21 2
10 22 5
10 23 4
10 24 3
10 25 2
10 26 4
10 27 4
10 28 3
10 29 3
10 30 3
10 31 2
10 32 3
10 33 3
10 34 5
10 35 1
10 36 4
10 37 1
10 38 1
10 39 1
10 40 1
10 41 5
10 42 5
10 43 2
10 44 2
10 45 3
10 46 4
10 47 5
10 48 4
10 49 2
10 50 4
10 51 4
10 52 3
10 53 5
10 54 5
10 55 2
10 56 2
10 57 3
10 58 3
10 59 1
10 60 5
10 61 5
10 62 4
10 63 4
10 64 4
10 65 1
10 66 4
10 67 4
10 68 1
10 69 1
10 70 5
10 71 3
10 72 5
10 73 4
10 74 2
10 75 3
11 1 3
11 2 5
11 3 2
11 4 3
11 5 1
11 6 2
11 7 2
11 8 5
11 9 1
11 10 1
11 12 4
11 13 4
11 14 5
11 15 1
11 16 1
11 17 1
11 18 5
11 19 5
11 20 4
11 21 5
11 22 5
11 23 4
11 24 4
11 25 5
11 26 4
11 27 5
11 28 4
11 29 5
11 30 3
11 31 5
11 32 2
11 33 2
11 34 5
11 35 5
11 36 4
11 37 2
11 38 1
11 39 2
11 40 4
11 41 1
11 42 4
11 43 2
11 44 2
11 45 3
11 46 2
11 47 2
11 48 5
11 49 3
11 50 1
11 51 3
11 52 2
11 53 2
11 54 1
11 55 2
11 56 3
11 57 1
11 58 1
11 59 2
11 60 2
11 61 5
11 62 1
11 63 5
11 64 1
11 65 2
11 66 4
11 67 2
11 68 4
11 69 4
11 70 5
11 71 2
11 72 5
11 73 4
11 74 3
11 75 3
12 1 3
12 2 1
12 3 4
12 4 3
12 5 3
12 6 2
12 7 2
12 8 1
12 9 5
12 10 5
12 11 3
12 13 3
12 14 2
12 15 3
12 16 4
12 17 4
12 18 5
12 19 1
12 20 3
12 21 5
12 22 3
12 23 2
12 24 3
12 25 3
12 26 5
12 27 5
12 28 1
12 29 1
12 30 3
12 31 5
12 32 5
12 33 2
12 34 5
12 35 4
12 36 1
12 37 2
12 38 2
12 39 5
12 40 4
12 41 1
12 42 4
12 43 1
12 44 5
12 45 2
12 46 1
12 47 3
12 48 5
12 49 5
12 50 1
12 51 5
12 52 1
12 53 3
12 54 1
12 55 1
12 56 2
12 57 2
12 58 5
12 59 2
12 60 5
12 61 4
12 62 1
12 63 4
12 64 5
12 65 5
12 66 4
12 67 3
12 68 3
12 69 5
12 70 4
12 71 1
12 72 3
12 73 2
12 74 4
12 75 2
13 1 5
13 2 4
13 3 2
13 4 5
13 5 5
13 6 2
13 7 4
13 8 5
13 9 1
13 10 1
13 11 5
13 12 2
13 14 2
13 15 4
13 16 5
13 17 3
13 18 2
13 19 5
13 20 2
13 21 4
13 22 1
13 23 5
13 24 3
13 25 5
13 26 2
13 27 1
13 28 2
13 29 1
13 30 4
13 31 2
13 32 2
13 33 3
13 34 5
13 35 5
13 36 4
13 37 1
13 38 1
13 39 2
13 40 1
13 41 3
13 42 4
13 43 2
13 44 1
13 45 3
13 46 1
13 47 5
13 48 5
13 49 4
13 50 1
13 51 1
13 52 4
13 53 3
13 54 3
13 55 3
13 56 4
13 57 1
13 58 3
13 59 3
13 60 1
13 61 3
13 62 4
13 63 4
13 64 3
13 65 1
13 66 4
13 67 1
13 68 1
13 69 1
13 70 5
13 71 1
13 72 4
13 73 3
13 74 5
13 75 1
14 1 5
14 2 5
14 3 1
14 4 5
14 5 5
14 6 3
14 7 2
14 8 1
14 9 3
14 10 1
14 11 3
14 12 1
14 13 1
14 15 3
14 16 5
14 17 3
14 18 5
14 19 4
14 20 2
14 21 2
14 22 1
14 23 5
14 24 3
14 25 1
14 26 2
14 27 2
14 28 4
14 29 5
14 30 1
14 31 3
14 32 1
14 33 1
14 34 4
14 35 3
14 36 5
14 37 5
14 38 2
14 39 3
14 40 5
14 41 4
14 42 4
14 43 3
14 44 2
14 45 1
14 46 5
14 47 3
14 48 1
14 49 1
14 50 1
14 51 2
14 52 3
14 53 3
14 54 3
14 55 2
14 56 1
14 57 4
14 58 5
14 59 1
14 60 1
14 61 5
14 62 3
14 63 3
14 64 5
14 65 3
14 66 5
14 67 1
14 68 4
14 69 3
14 70 1
14 71 4
14 72 4
14 73 4
14 74 3
14 75 2
15 1 1
15 2 4
15 3 4
15 4 1
15 5 4
15 6 2
15 7 4
15 8 3
15 9 4
15 10 1
15 11 4
15 12 4
15 13 2
15 14 3
15 16 4
15 17 2
15 18 5
15 19 3
15 20 4
15 21 4
15 22 2
15 23 5
15 24 2
15 25 1
15 26 2
15 27 2
15 28 4
15 29 5
15 30 2
15 31 3
15 32 3
15 33 2
15 34 1
15 35 2
15 36 5
15 37 4
15 38 3
15 39 3
15 40 4
15 41 3
15 42 1
15 43 2
15 44 2
15 45 2
15 46 2
15 47 2
15 48 5
15 49 1
15 50 2
15 51 3
15 52 1
15 53 3
15 54 4
15 55 2
15 56 3
15 57 2
15 58 5
15 59 3
15 60 4
15 61 1
15 62 5
15 63 1
15 64 5
15 65 2
15 66 2
15 67 1
15 68 3
15 69 4
15 70 5
15 71 1
15 72 4
15 73 5
15 74 4
15 75 5
16 1 3
16 2 5
16 3 3
16 4 2
16 5 2
16 6 4
16 7 1
16 8 5
16 9 4
16 10 1
16 11 1
16 12 1
16 13 3
16 14 3
16 15 1
16 17 1
16 18 3
16 19 2
16 20 1
16 21 4
16 22 4
16 23 3
16 24 1
16 25 1
16 26 3
16 27 1
16 28 1
16 29 1
16 30 5
16 31 1
16 32 2
16 33 5
16 34 3
16 35 2
16 36 3
16 37 4
16 38 5
16 39 4
16 40 3
16 41 5
16 42 1
16 43 1
16 44 1
16 45 3
16 46 5
16 47 3
16 48 3
16 49 4
16 50 4
16 51 4
16 52 3
16 53 2
16 54 3
16 55 3
16 56 4
16 57 2
16 58 5
16 59 1
16 60 5
16 61 5
16 62 2
16 63 3
16 64 1
16 65 4
16 66 4
16 67 3
16 68 4
16 69 1
16 70 3
16 71 4
16 72 5
16 73 4
16 74 1
16 75 2
17 1 1
17 2 5
17 3 4
17 4 1
17 5 3
17 6 5
17 7 1
17 8 2
17 9 1
17 10 3
17 11 2
17 12 2
17 13 1
17 14 1
17 15 2
17 16 5
17 18 2
17 19 5
17 20 3
17 21 2
17 22 5
17 23 3
17 24 2
17 25 1
17 26 3
17 27 4
17 28 1
17 29 3
17 30 4
17 31 1
17 32 4
17 33 2
17 34 2
17 35 5
17 36 2
17 37 1
17 38 4
17 39 2
17 40 5
17 41 1
17 42 1
17 43 1
17 44 2
17 45 1
17 46 3
17 47 1
17 48 3
17 49 2
17 50 5
17 51 5
17 52 3
17 53 2
17 54 2
17 55 1
17 56 2
17 57 2
17 58 2
17 59 2
17 60 4
17 61 5
17 62 4
17 63 4
17 64 1
17 65 2
17 66 5
17 67 4
17 68 2
17 69 3
17 70 5
17 71 3
17 72 1
17 73 2
17 74 5
17 75 2
18 1 3
18 2 3
18 3 4
18 4 2
18 5 4
18 6 1
18 7 1
18 8 3
18 9 2
18 10 4
18 11 1
18 12 5
18 13 5
18 14 2
18 15 1
18 16 5
18 17 1
18 19 1
18 20 1
18 21 4
18 22 2
18 23 5
18 24 2
18 25 5
18 26 5
18 27 4
18 28 5
18 29 5
18 30 2
18 31 4
18 32 1
18 33 1
18 34 1
18 35 2
18 36 2
18 37 1
18 38 2
18 39 4
18 40 1
18 41 3
18 42 5
18 43 1
18 44 2
18 45 4
18 46 2
18 47 4
18 48 1
18 49 4
18 50 1
18 51 1
18 52 2
18 53 4
18 54 2
18 55 1
18 56 5
18 57 1
18 58 1
18 59 4
18 60 5
18 61 2
18 62 3
18 63 3
18 64 3
18 65 5
18 66 4
18 67 4
18 68 1
18 69 2
18 70 5
18 71 1
18 72 4
18 73 4
18 74 1
18 75 2
19 1 4
19 2 4
19 3 2
19 4 4
19 5 2
19 6 4
19 7 1
19 8 1
19 9 2
19 10 5
19 11 1
19 12 3
19 13 5
19 14 1
19 15 2
19 16 2
19 17 4
19 18 1
19 20 1
19 21 1
19 22 5
19 23 1
19 24 2
19 25 5
19 26 2
19 27 1
19 28 2
19 29 2
19 30 4
19 31 4
19 32 3
19 33 2
19 34 2
19 35 1
19 36 3
19 37 1
19 38 4
19 39 5
19 40 1
19 41 2
19 42 4
19 43 1
19 44 4
19 45 1
19 46 3
19 47 2
19 48 4
19 49 1
19 50 2
19 51 4
19 52 4
19 53 2
19 54 4
19 55 2
19 56 3
19 57 2
19 58 2
19 59 2
19 60 3
19 61 2
19 62 5
19 63 2
19 64 5
19 65 4
19 66 2
19 67 4
19 68 1
19 69 2
19 70 4
19 71 1
19 72 5
19 73 4
19 74 3
19 75 3
20 1 1
20 2 5
20 3 2
20 4 4
20 5 2
20 6 3
20 7 4
20 8 5
20 9 1
20 10 2
20 11 1
20 12 1
20 13 5
20 14 4
20 15 2
20 16 2
20 17 2
20 18 3
20 19 3
20 21 4
20 22 3
20 23 4
20 24 4
20 25 3
20 26 2
20 27 4
20 28 3
20 29 1
20 30 3
20 31 5
20 32 1
20 33 3
20 34 1
20 35 2
20 36 4
20 37 3
20 38 1
20 39 2
20 40 4
20 41 4
20 42 1
20 43 2
20 44 4
20 45 5
20 46 2
20 47 2
20 48 2
20 49 1
20 50 1
20 51 4
20 52 4
20 53 1
20 54 5
20 55 2
20 56 3
20 57 1
20 58 1
20 59 3
20 60 4
20 61 5
20 62 4
20 63 4
20 64 4
20 65 2
20 66 5
20 67 2
20 68 4
20 69 2
20 70 4
20 71 4
20 72 5
20 73 4
20 74 2
20 75 5
21 1 3
21 2 4
21 3 3
21 4 1
21 5 4
21 6 1
21 7 5
21 8 4
21 9 1
21 10 1
21 11 2
21 12 5
21 13 1
21 14 2
21 15 4
21 16 4
21 17 3
21 18 3
21 19 4
21 20 2
21 22 1
21 23 5
21 24 3
21 25 1
21 26 2
21 27 3
21 28 4
21 29 3
21 30 3
21 31 1
21 32 5
21 33 1
21 34 1
21 35 4
21 36 3
21 37 4
21 38 4
21 39 2
21 40 4
21 41 4
21 42 2
21 43 5
21 44 1
21 45 5
21 46 4
21 47 4
21 48 5
21 49 1
21 50 3
21 51 4
21 52 4
21 53 3
21 54 5
21 55 4
21 56 3
21 57 1
21 58 1
21 59 2
21 60 1
21 61 4
21 62 4
21 63 2
21 64 1
21 65 4
21 66 5
21 67 3
21 68 4
21 69 4
21 70 2
21 71 4
21 72 4
21 73 5
21 74 3
21 75 4
22 1 1
22 2 3
22 3 5
22 4 1
22 5 1
22 6 2
22 7 1
22 8 4
22 9 5
22 10 5
22 11 2
22 12 4
22 13 3
22 14 5
22 15 2
22 16 5
22 17 5
22 18 5
22 19 1
22 20 2
22 21 5
22 23 2
22 24 1
22 25 5
22 26 2
22 27 2
22 28 3
22 29 3
22 30 2
22 31 3
22 32 3
22 33 4
22 34 5
22 35 2
22 36 4
22 37 2
22 38 4
22 39 1
22 40 1
22 41 5
22 42 3
22 43 4
22 44 3
22 45 2
22 46 3
22 47 5
22 48 3
22 49 4
22 50 1
22 51 5
22 52 5
22 53 3
22 54 1
22 55 1
22 56 2
22 57 3
22 58 4
22 59 2
22 60 2
22 61 2
22 62 1
22 63 4
22 64 1
22 65 2
22 66 1
22 67 1
22 68 4
22 69 1
22 70 2
22 71 4
22 72 2
22 73 1
22 74 4
22 75 1
23 1 2
23 2 2
23 3 2
23 4 4
23 5 2
23 6 3
23 7 3
23 8 2
23 9 2
23 10 5
23 11 4
23 12 3
23 13 4
23 14 2
23 15 1
23 16 5
23 17 4
23 18 1
23 19 4
23 20 4
23 21 3
23 22 1
23 24 4
23 25 1
23 26 3
23 27 5
23 28 1
23 29 4
23 30 2
23 31 4
23 32 1
23 33 3
23 34 2
23 35 3
23 36 3
23 37 4
23 38 2
23 39 2
23 40 2
23 41 3
23 42 2
23 43 5
23 44 2
23 45 5
23 46 1
23 47 3
23 48 2
23 49 4
23 50 3
23 51 2
23 52 4
23 53 2
23 54 2
23 55 3
23 56 4
23 57 4
23 58 4
23 59 4
23 60 4
23 61 1
23 62 5
23 63 4
23 64 5
23 65 3
23 66 1
23 67 3
23 68 3
23 69 2
23 70 4
23 71 4
23 72 1
23 73 2
23 74 5
23 75 3
24 1 4
24 2 1
24 3 5
24 4 5
24 5 1
24 6 4
24 7 1
24 8 5
24 9 1
24 10 4
24 11 4
24 12 4
24 13 2
24 14 2
24 15 5
24 16 2
24 17 2
24 18 1
24 19 5
24 20 2
24 21 3
24 22 3
24 23 1
24 25 1
24 26 1
24 27 4
24 28 1
24 29 2
24 30 3
24 31 1
24 32 1
24 33 1
24 34 3
24 35 5
24 36 5
24 37 3
24 38 5
24 39 2
24 40 4
24 41 2
24 42 5
24 43 2
24 44 3
24 45 1
24 46 1
24 47 2
24 48 4
24 49 2
24 50 2
24 51 5
24 52 5
24 53 1
24 54 2
24 55 5
24 56 1
24 57 5
24 58 1
24 59 4
24 60 3
24 61 5
24 62 4
24 63 3
24 64 5
24 65 1
24 66 2
24 67 1
24 68 5
24 69 1
24 70 2
24 71 1
24 72 3
24 73 1
24 74 4
24 75 5
25 1 1
25 2 4
25 3 3
25 4 1
25 5 3
25 6 1
25 7 5
25 8 4
25 9 3
25 10 2
25 11 1
25 12 1
25 13 3
25 14 3
25 15 4
25 16 5
25 17 2
25 18 2
25 19 2
25 20 1
25 21 4
25 22 5
25 23 1
25 24 5
25 26 5
25 27 2
25 28 2
25 29 4
25 30 4
25 31 1
25 32 5
25 33 1
25 34 1
25 35 4
25 36 1
25 37 3
25 38 1
25 39 5
25 40 2
25 41 4
25 42 3
25 43 2
25 44 4
25 45 5
25 46 4
25 47 2
25 48 4
25 49 2
25 50 5
25 51 5
25 52 2
25 53 5
25 54 4
25 55 4
25 56 4
25 57 1
25 58 2
25 59 1
25 60 1
25 61 5
25 62 3
25 63 3
25 64 5
25 65 3
25 66 3
25 67 5
25 68 1
25 69 4
25 70 1
25 71 4
25 72 2
25 73 4
25 74 5
25 75 5
26 1 5
26 2 5
26 3 3
26 4 4
26 5 1
26 6 2
26 7 5
26 8 4
26 9 1
26 10 1
26 11 4
26 12 1
26 13 3
26 14 2
26 15 1
26 16 5
26 17 1
26 18 3
26 19 2
26 20 2
26 21 3
26 22 5
26 23 3
26 24 3
26 25 5
26 27 3
26 28 1
26 29 1
26 30 3
26 31 2
26 32 2
26 33 3
26 34 3
26 35 4
26 36 1
26 37 5
26 38 2
26 39 2
26 40 5
26 41 4
26 42 2
26 43 3
26 44 4
26 45 1
26 46 4
26 47 2
26 48 1
26 49 1
26 50 1
26 51 2
26 52 2
26 53 3
26 54 3
26 55 1
26 56 5
26 57 2
26 58 3
26 59 2
26 60 4
26 61 1
26 62 5
26 63 5
26 64 5
26 65 4
26 66 5
26 67 2
26 68 3
26 69 3
26 70 3
26 71 2
26 72 1
26 73 2
26 74 1
26 75 5
27 1 2
27 2 1
27 3 3
27 4 4
27 5 1
27 6 3
27 7 3
27 8 4
27 9 1
27 10 5
27 11 4
27 12 2
27 13 4
27 14 4
27 15 1
27 16 4
27 17 1
27 18 2
27 19 4
27 20 5
27 21 1
27 22 5
27 23 1
27 24 5
27 25 3
27 26 5
27 28 4
27 29 5
27 30 1
27 31 4
27 32 4
27 33 5
27 34 5
27 35 3
27 36 3
27 37 2
27 38 1
27 39 5
27 40 1
27 41 3
27 42 2
27 43 1
27 44 4
27 45 5
27 46 4
27 47 1
27 48 3
27 49 4
27 50 3
27 51 3
27 52 5
27 53 3
27 54 5
27 55 5
27 56 2
27 57 4
27 58 5
27 59 5
27 60 3
27 61 2
27 62 1
27 63 4
27 64 1
27 65 2
27 66 1
27 67 4
27 68 3
27 69 3
27 70 5
27 71 3
27 72 5
27 73 1
27 74 4
27 75 1
28 1 2
28 2 4
28 3 1
28 4 5
28 5 3
28 6 3
28 7 4
28 8 2
28 9 2
28 10 5
28 11 4
28 12 1
28 13 3
28 14 5
28 15 2
28 16 1
28 17 1
28 18 4
28 19 1
28 20 4
28 21 5
28 22 1
28 23 4
28 24 3
28 25 4
28 26 3
28 27 2
28 29 5
28 30 4
28 31 2
28 32 5
28 33 5
28 34 1
28 35 1
28 36 1
28 37 5
28 38 5
28 39 2
28 40 3
28 41 2
28 42 1
28 43 1
28 44 4
28 45 4
28 46 2
28 47 5
28 48 1
28 49 5
28 50 4
28 51 1
28 52 3
28 53 5
28 54 3
28 55 1
28 56 2
28 57 3
28 58 5
28 59 4
28 60 3
28 61 5
28 62 2
28 63 2
28 64 2
28 65 2
28 66 4
28 67 2
28 68 1
28 69 4
28 70 5
28 71 1
28 72 2
28 73 1
28 74 3
28 75 5
29 1 1
29 2 5
29 3 1
29 4 1
29 5 4
29 6 4
29 7 3
29 8 1
29 9 1
29 10 2
29 11 3
29 12 2
29 13 5
29 14 4
29 15 2
29 16 4
29 17 4
29 18 4
29 19 2
29 20 5
29 21 2
29 22 1
29 23 3
29 24 5
29 25 1
29 26 3
29 27 5
29 28 2
29 30 5
29 31 2
29 32 1
29 33 5
29 34 3
29 35 1
29 36 2
29 37 1
29 38 2
29 39 1
29 40 3
29 41 2
29 42 2
29 43 2
29 44 5
29 45 3
29 46 1
29 47 2
29 48 3
29 49 4
29 50 2
29 51 5
29 52 3
29 53 5
29 54 2
29 55 2
29 56 4
29 57 2
29 58 4
29 59 5
29 60 3
29 61 5
29 62 4
29 63 5
29 64 4
29 65 1
29 66 5
29 67 2
29 68 4
29 69 3
29 70 2
29 71 1
29 72 4
29 73 1
29 74 5
29 75 4
30 1 3
30 2 5
30 3 2
30 4 1
30 5 3
30 6 5
30 7 2
30 8 2
30 9 4
30 10 3
30 11 5
30 12 5
30 13 1
30 14 4
30 15 1
30 16 3
30 17 3
30 18 4
30 19 4
30 20 4
30 21 2
30 22 3
30 23 5
30 24 5
30 25 1
30 26 4
30 27 2
30 28 1
30 29 4
30 31 1
30 32 1
30 33 1
30 34 2
30 35 4
30 36 3
30 37 4
30 38 3
30 39 1
30 40 2
30 41 4
30 42 5
30 43 2
30 44 3
30 45 5
30 46 2
30 47 5
30 48 4
30 49 1
30 50 4
30 51 2
30 52 1
30 53 2
30 54 2
30 55 1
30 56 1
30 57 2
30 58 4
30 59 4
30 60 4
30 61 2
30 62 5
30 63 5
30 64 4
30 65 1
30 66 3
30 67 4
30 68 2
30 69 3
30 70 4
30 71 5
30 72 1
30 73 4
30 74 3
30 75 5
31 1 3
31 2 1
31 3 4
31 4 4
31 5 2
31 6 2
31 7 5
31 8 4
31 9 3
31 10 1
31 11 4
31 12 5
31 13 4
31 14 4
31 15 1
31 16 3
31 17 2
31 18 2
31 19 4
31 20 3
31 21 4
31 22 1
31 23 1
31 24 5
31 25 5
31 26 4
31 27 2
31 28 5
31 29 4
31 30 1
31 32 4
31 33 2
31 34 2
31 35 3
31 36 2
31 37 5
31 38 1
31 39 1
31 40 3
31 41 1
31 42 4
31 43 4
31 44 2
31 45 2
31 46 2
31 47 2
31 48 1
31 49 1
31 50 3
31 51 4
31 52 3
31 53 2
31 54 2
31 55 5
31 56 3
31 57 1
31 58 3
31 59 1
31 60 3
31 61 2
31 62 2
31 63 1
31 64 5
31 65 3
31 66 5
31 67 1
31 68 2
31 69 3
31 70 3
31 71 1
31 72 3
31 73 1
31 74 4
31 75 4
32 1 5
32 2 1
32 3 3
32 4 5
32 5 3
32 6 5
32 7 1
32 8 5
32 9 1
32 10 4
32 11 4
32 12 1
32 13 1
32 14 3
32 15 1
32 16 3
32 17 1
32 18 2
32 19 1
32 20 2
32 21 1
32 22 2
32 23 2
32 24 4
32 25 4
32 26 2
32 27 5
32 28 1
32 29 2
32 30 3
32 31 2
32 33 3
32 34 5
32 35 4
32 36 3
32 37 2
32 38 5
32 39 5
32 40 3
32 41 3
32 42 5
32 43 3
32 44 3
32 45 5
32 46 3
32 47 5
32 48 5
32 49 3
32 50 2
32 51 2
32 52 5
32 53 2
32 54 3
32 55 3
32 56 1
32 57 2
32 58 4
32 59 5
32 60 4
32 61 3
32 62 4
32 63 2
32 64 5
32 65 4
32 66 2
32 67 4
32 68 5
32 69 2
32 70 3
32 71 5
32 72 4
32 73 4
32 74 2
32 75 3
33 1 4
33 2 4
33 3 2
33 4 5
33 5 4
33 6 5
33 7 1
33 8 3
33 9 2
33 10 5
33 11 2
33 12 4
33 13 1
33 14 1
33 15 5
33 16 2
33 17 3
33 18 3
33 19 3
33 20 4
33 21 3
33 22 5
33 23 3
33 24 5
33 25 3
33 26 2
33 27 4
33 28 3
33 29 1
33 30 2
33 31 5
33 32 1
33 34 1
33 35 1
33 36 5
33 37 4
33 38 1
33 39 2
33 40 3
33 41 4
33 42 1
33 43 1
33 44 4
33 45 4
33 46 1
33 47 5
33 48 5
33 49 5
33 50 2
33 51 4
33 52 4
33 53 2
33 54 5
33 55 3
33 56 1
33 57 2
33 58 4
33 59 4
33 60 4
33 61 4
33 62 5
33 63 3
33 64 4
33 65 2
33 66 1
33 67 5
33 68 2
33 69 3
33 70 1
33 71 1
33 72 3
33 73 4
33 74 2
33 75 1
34 1 2
34 2 4
34 3 2
34 4 1
34 5 1
34 6 5
34 7 1
34 8 1
34 9 1
34 10 1
34 11 3
34 12 1
34 13 2
34 14 1
34 15 1
34 16 1
34 17 2
34 18 1
34 19 5
34 20 5
34 21 4
34 22 2
34 23 2
34 24 1
34 25 4
34 26 4
34 27 3
34 28 3
34 29 2
34 30 4
34 31 3
34 32 3
34 33 5
34 35 1
34 36 5
34 37 5
34 38 1
34 39 1
34 40 5
34 41 1
34 42 1
34 43 2
34 44 2
34 45 4
34 46 2
34 47 2
34 48 1
34 49 3
34 50 4
34 51 1
34 52 5
34 53 5
34 54 2
34 55 3
34 56 5
34 57 3
34 58 1
34 59 4
34 60 5
34 61 5
34 62 3
34 63 5
34 64 2
34 65 2
34 66 5
34 67 4
34 68 3
34 69 5
34 70 1
34 71 2
34 72 3
34 73 3
34 74 5
34 75 4
35 1 1
35 2 3
35 3 2
35 4 2
35 5 3
35 6 3
35 7 4
35 8 2
35 9 2
35 10 2
35 11 1
35 12 3
35 13 1
35 14 1
35 15 1
35 16 1
35 17 5
35 18 5
35 19 2
35 20 4
35 21 3
35 22 3
35 23 4
35 24 5
35 25 5
35 26 4
35 27 3
35 28 2
35 29 1
35 30 2
35 31 2
35 32 3
35 33 5
35 34 3
35 36 4
35 37 2
35 38 5
35 39 4
35 40 5
35 41 3
35 42 3
35 43 5
35 44 5
35 45 3
35 46 2
35 47 1
35 48 5
35 49 4
35 50 5
35 51 3
35 52 2
35 53 5
35 54 1
35 55 5
35 56 4
35 57 5
35 58 5
35 59 2
35 60 3
35 61 5
35 62 3
35 63 4
35 64 2
35 65 4
35 66 3
35 67 3
35 68 5
35 69 3
35 70 3
35 71 4
35 72 2
35 73 5
35 74 3
35 75 2
36 1 3
36 2 2
36 3 4
36 4 4
36 5 5
36 6 5
36 7 2
36 8 3
36 9 4
36 10 2
36 11 2
36 12 3
36 13 3
36 14 3
36 15 1
36 16 5
36 17 2
36 18 5
36 19 5
36 20 5
36 21 4
36 22 2
36 23 4
36 24 5
36 25 1
36 26 2
36 27 4
36 28 3
36 29 1
36 30 3
36 31 1
36 32 5
36 33 1
36 34 4
36 35 4
36 37 5
36 38 3
36 39 5
36 40 2
36 41 2
36 42 3
36 43 5
36 44 1
36 45 2
36 46 2
36 47 3
36 48 3
36 49 5
36 50 4
36 51 2
36 52 2
36 53 4
36 54 5
36 55 5
36 56 4
36 57 1
36 58 3
36 59 4
36 60 3
36 61 4
36 62 3
36 63 3
36 64 5
36 65 4
36 66 3
36 67 5
36 68 5
36 69 5
36 70 1
36 71 2
36 72 3
36 73 3
36 74 3
36 75 3
37 1 1
37 2 2
37 3 2
37 4 3
37 5 1
37 6 1
37 7 1
37 8 4
37 9 4
37 10 1
37 11 1
37 12 4
37 13 3
37 14 3
37 15 2
37 16 2
37 17 3
37 18 2
37 19 1
37 20 3
37 21 5
37 22 3
37 23 2
37 24 4
37 25 4
37 26 3
37 27 2
37 28 2
37 29 2
37 30 5
37 31 1
37 32 5
37 33 3
37 34 3
37 35 4
37 36 5
37 38 5
37 39 2
37 40 4
37 41 5
37 42 2
37 43 4
37 44 4
37 45 1
37 46 1
37 47 2
37 48 2
37 49 4
37 50 3
37 51 2
37 52 3
37 53 2
37 54 1
37 55 1
37 56 3
37 57 4
37 58 3
37 59 1
37 60 5
37 61 2
37 62 2
37 63 3
37 64 3
37 65 4
37 66 5
37 67 1
37 68 4
37 69 1
37 70 2
37 71 4
37 72 5
37 73 5
37 74 2
37 75 3
38 1 5
38 2 4
38 3 5
38 4 3
38 5 4
38 6 4
38 7 1
38 8 1
38 9 1
38 10 1
38 11 4
38 12 5
38 13 5
38 14 3
38 15 5
38 16 1
38 17 4
38 18 4
38 19 3
38 20 1
38 21 2
38 22 4
38 23 4
38 24 2
38 25 1
38 26 2
38 27 5
38 28 1
38 29 2
38 30 3
38 31 5
38 32 3
38 33 4
38 34 1
38 35 1
38 36 2
38 37 5
38 39 1
38 40 5
38 41 2
38 42 4
38 43 3
38 44 1
38 45 5
38 46 5
38 47 2
38 48 2
38 49 1
38 50 5
38 51 5
38 52 3
38 53 4
38 54 5
38 55 1
38 56 5
38 57 1
38 58 3
38 59 2
38 60 3
38 61 1
38 62 4
38 63 4
38 64 3
38 65 2
38 66 5
38 67 5
38 68 1
38 69 4
38 70 3
38 71 5
38 72 5
38 73 1
38 74 4
38 75 2
39 1 2
39 2 5
39 3 5
39 4 3
39 5 5
39 6 5
39 7 4
39 8 5
39 9 5
39 10 4
39 11 2
39 12 4
39 13 1
39 14 1
39 15 5
39 16 5
39 17 1
39 18 1
39 19 3
39 20 1
39 21 2
39 22 2
39 23 5
39 24 2
39 25 2
39 26 4
39 27 3
39 28 3
39 29 1
39 30 3
39 31 4
39 32 2
39 33 3
39 34 1
39 35 5
39 36 4
39 37 2
39 38 3
39 40 3
39 41 1
39 42 3
39 43 5
39 44 4
39 45 3
39 46 5
39 47 1
39 48 4
39 49 1
39 50 1
39 51 2
39 52 3
39 53 4
39 54 5
39 55 4
39 56 1
39 57 2
39 58 3
39 59 5
39 60 1
39 61 3
39 62 3
39 63 2
39 64 5
39 65 2
39 66 2
39 67 1
39 68 5
39 69 3
39 70 3
39 71 3
39 72 3
39 73 1
39 74 2
39 75 3
40 1 5
40 2 3
40 3 3
40 4 4
40 5 5
40 6 5
40 7 2
40 8 2
40 9 4
40 10 1
40 11 3
40 12 1
40 13 4
40 14 5
40 15 5
40 16 5
40 17 4
40 18 4
40 19 3
40 20 5
40 21 5
40 22 4
40 23 5
40 24 2
40 25 1
40 26 3
40 27 4
40 28 5
40 29 5
40 30 2
40 31 4
40 32 4
40 33 1
40 34 2
40 35 2
40 36 1
40 37 1
40 38 3
40 39 4
40 41 1
40 42 1
40 43 1
40 44 1
40 45 1
40 46 2
40 47 3
40 48 2
40 49 1
40 50 1
40 51 4
40 52 2
40 53 3
40 54 2
40 55 2
40 56 4
40 57 4
40 58 1
40 59 4
40 60 5
40 61 5
40 62 2
40 63 4
40 64 3
40 65 4
40 66 5
40 67 2
40 68 4
40 69 2
40 70 1
40 71 3
40 72 5
40 73 3
40 74 5
40 75 5
41 1 4
41 2 2
41 3 2
41 4 5
41 5 4
41 6 5
41 7 4
41 8 5
41 9 2
41 10 2
41 11 3
41 12 2
41 13 3
41 14 3
41 15 2
41 16 2
41 17 4
41 18 5
41 19 5
41 20 4
41 21 3
41 22 1
41 23 5
41 24 4
41 25 5
41 26 2
41 27 1
41 28 4
41 29 5
41 30 5
41 31 3
41 32 5
41 33 1
41 34 2
41 35 4
41 36 4
41 37 1
41 38 4
41 39 1
41 40 2
41 42 1
41 43 3
41 44 5
41 45 5
41 46 3
41 47 3
41 48 1
41 49 1
41 50 2
41 51 1
41 52 4
41 53 1
41 54 3
41 55 5
41 56 4
41 57 2
41 58 2
41 59 4
41 60 2
41 61 3
41 62 1
41 63 2
41 64 2
41 65 3
41 66 3
41 67 5
41 68 4
41 69 3
41 70 1
41 71 1
41 72 1
41 73 3
41 74 3
41 75 5
42 1 2
42 2 5
42 3 4
42 4 2
42 5 3
42 6 5
42 7 4
42 8 3
42 9 5
42 10 2
42 11 3
42 12 4
42 13 5
42 14 1
42 15 4
42 16 2
42 17 3
42 18 1
42 19 3
42 20 4
42 21 1
42 22 2
42 23 5
42 24 4
42 25 4
42 26 2
42 27 1
42 28 1
42 29 4
42 30 3
42 31 5
42 32 2
42 33 5
42 34 3
42 35 1
42 36 2
42 37 4
42 38 1
42 39 4
42 40 5
42 41 2
42 43 3
42 44 5
42 45 4
42 46 5
42 47 1
42 48 2
42 49 2
42 50 1
42 51 1
42 52 2
42 53 1
42 54 2
42 55 4
42 56 1
42 57 2
42 58 2
42 59 1
42 60 2
42 61 1
42 62 1
42 63 3
42 64 4
42 65 5
42 66 2
42 67 4
42 68 3
42 69 2
42 70 5
42 71 3
42 72 1
42 73 3
42 74 3
42 75 1
43 1 3
43 2 2
43 3 1
43 4 1
43 5 1
43 6 3
43 7 1
43 8 4
43 9 1
43 10 4
43 11 2
43 12 1
43 13 2
43 14 4
43 15 4
43 16 3
43 17 1
43 18 1
43 19 2
43 20 1
43 21 2
43 22 3
43 23 5
43 24 1
43 25 4
43 26 1
43 27 3
43 28 2
43 29 5
43 30 2
43 31 2
43 32 3
43 33 4
43 34 4
43 35 3
43 36 4
43 37 1
43 38 1
43 39 4
43 40 1
43 41 4
43 42 1
43 44 4
43 45 1
43 46 1
43 47 2
43 48 5
43 49 3
43 50 4
43 51 2
43 52 3
43 53 5
43 54 1
43 55 4
43 56 5
43 57 2
43 58 4
43 59 4
43 60 3
43 61 1
43 62 1
43 63 4
43 64 3
43 65 1
43 66 2
43 67 2
43 68 1
43 69 4
43 70 4
43 71 4
43 72 5
43 73 3
43 74 4
43 75 3
44 1 5
44 2 1
44 3 1
44 4 1
44 5 3
44 6 1
44 7 2
44 8 3
44 9 5
44 10 5
44 11 1
44 12 1
44 13 1
44 14 2
44 15 4
44 16 3
44 17 2
44 18 1
44 19 3
44 20 1
44 21 1
44 22 1
44 23 4
44 24 1
44 25 4
44 26 3
44 27 2
44 28 5
44 29 2
44 30 2
44 31 2
44 32 1
44 33 3
44 34 4
44 35 3
44 36 2
44 37 4
44 38 2
44 39 4
44 40 5
44 41 1
44 42 5
44 43 5
44 45 1
44 46 3
44 47 1
44 48 5
44 49 4
44 50 1
44 51 2
44 52 1
44 53 2
44 54 4
44 55 4
44 56 4
44 57 2
44 58 1
44 59 5
44 60 2
44 61 2
44 62 2
44 63 5
44 64 4
44 65 1
44 66 1
44 67 4
44 68 2
44 69 1
44 70 5
44 71 1
44 72 1
44 73 5
44 74 2
44 75 2
45 1 2
45 2 4
45 3 2
45 4 3
45 5 4
45 6 5
45 7 4
45 8 4
45 9 3
45 10 4
45 11 2
45 12 1
45 13 5
45 14 5
45 15 3
45 16 3
45 17 3
45 18 4
45 19 5
45 20 2
45 21 4
45 22 2
45 23 5
45 24 2
45 25 2
45 26 1
45 27 2
45 28 4
45 29 5
45 30 5
45 31 1
45 32 3
45 33 5
45 34 4
45 35 5
45 36 3
45 37 3
45 38 5
45 39 1
45 40 5
45 41 3
45 42 5
45 43 3
45 44 4
45 46 1
45 47 5
45 48 4
45 49 3
45 50 5
45 51 3
45 52 4
45 53 5
45 54 4
45 55 5
45 56 1
45 57 2
45 58 5
45 59 5
45 60 1
45 61 1
45 62 1
45 63 3
45 64 5
45 65 1
45 66 1
45 67 1
45 68 3
45 69 1
45 70 2
45 71 1
45 72 2
45 73 1
45 74 2
45 75 4
46 1 5
46 2 2
46 3 5
46 4 5
46 5 4
46 6 4
46 7 4
46 8 5
46 9 5
46 10 4
46 11 4
46 12 3
46 13 5
46 14 1
46 15 2
46 16 2
46 17 3
46 18 4
46 19 4
46 20 3
46 21 4
46 22 2
46 23 5
46 24 4
46 25 4
46 26 2
46 27 4
46 28 5
46 29 2
46 30 2
46 31 1
46 32 3
46 33 3
46 34 2
46 35 2
46 36 3
46 37 3
46 38 5
46 39 2
46 40 2
46 41 3
46 42 3
46 43 4
46 44 5
46 45 5
46 47 2
46 48 1
46 49 2
46 50 1
46 51 2
46 52 1
46 53 4
46 54 5
46 55 1
46 56 4
46 57 3
46 58 2
46 59 4
46 60 4
46 61 3
46 62 5
46 63 4
46 64 3
46 65 2
46 66 3
46 67 4
46 68 2
46 69 5
46 70 1
46 71 3
46 72 1
46 73 5
46 74 5
46 75 2
47 1 4
47 2 4
47 3 3
47 4 2
47 5 3
47 6 3
47 7 3
47 8 3
47 9 4
47 10 2
47 11 3
47 12 4
47 13 1
47 14 1
47 15 3
47 16 4
47 17 1
47 18 2
47 19 5
47 20 3
47 21 1
47 22 2
47 23 1
47 24 2
47 25 1
47 26 3
47 27 4
47 28 3
47 29 3
47 30 1
47 31 4
47 32 3
47 33 1
47 34 2
47 35 4
47 36 5
47 37 1
47 38 3
47 39 3
47 40 1
47 41 4
47 42 2
47 43 5
47 44 4
47 45 5
47 46 2
47 48 5
47 49 5
47 50 5
47 51 4
47 52 2
47 53 5
47 54 2
47 55 4
47 56 3
47 57 2
47 58 4
47 59 4
47 60 1
47 61 1
47 62 1
47 63 5
47 64 3
47 65 1
47 66 3
47 67 4
47 68 1
47 69 3
47 70 1
47 71 5
47 72 1
47 73 5
47 74 3
47 75 2
48 1 5
48 2 2
48 3 5
48 4 1
48 5 1
48 6 4
48 7 1
48 8 4
48 9 1
48 10 2
48 11 5
48 12 3
48 13 5
48 14 3
48 15 3
48 16 1
48 17 5
48 18 3
48 19 5
48 20 2
48 21 4
48 22 4
48 23 5
48 24 1
48 25 1
48 26 3
48 27 5
48 28 3
48 29 4
48 30 2
48 31 4
48 32 3
48 33 1
48 34 3
48 35 1
48 36 1
48 37 4
48 38 1
48 39 2
48 40 4
48 41 3
48 42 3
48 43 3
48 44 2
48 45 5
48 46 1
48 47 4
48 49 4
48 50 3
48 51 5
48 52 2
48 53 3
48 54 3
48 55 4
48 56 3
48 57 1
48 58 3
48 59 4
48 60 3
48 61 1
48 62 3
48 63 4
48 64 5
48 65 3
48 66 3
48 67 5
48 68 5
48 69 1
48 70 1
48 71 1
48 72 4
48 73 5
48 74 5
48 75 4
49 1 3
49 2 4
49 3 4
49 4 2
49 5 4
49 6 1
49 7 1
49 8 3
49 9 4
49 10 1
49 11 3
49 12 3
49 13 1
49 14 5
49 15 2
49 16 5
49 17 5
49 18 1
49 19 3
49 20 4
49 21 3
49 22 1
49 23 4
49 24 4
49 25 1
49 26 1
49 27 2
49 28 2
49 29 5
49 30 1
49 31 5
49 32 2
49 33 5
49 34 5
49 35 5
49 36 5
49 37 5
49 38 1
49 39 2
49 40 5
49 41 3
49 42 1
49 43 3
49 44 3
49 45 5
49 46 1
49 47 2
49 48 1
49 50 1
49 51 2
49 52 5
49 53 3
49 54 4
49 55 5
49 56 1
49 57 1
49 58 5
49 59 2
49 60 2
49 61 1
49 62 3
49 63 3
49 64 4
49 65 4
49 66 2
49 67 4
49 68 5
49 69 4
49 70 1
49 71 4
49 72 3
49 73 3
49 74 4
49 75 5
50 1 5
50 2 1
50 3 5
50 4 3
50 5 1
50 6 5
50 7 4
50 8 2
50 9 4
50 10 4
50 11 1
50 12 2
50 13 5
50 14 2
50 15 5
50 16 3
50 17 4
50 18 2
50 19 1
50 20 3
50 21 2
50 22 4
50 23 1
50 24 2
50 25 2
50 26 1
50 27 5
50 28 2
50 29 3
50 30 5
50 31 1
50 32 4
50 33 5
50 34 3
50 35 1
50 36 1
50 37 4
50 38 2
50 39 2
50 40 5
50 41 5
50 42 5
50 43 1
50 44 1
50 45 3
50 46 5
50 47 4
50 48 2
50 49 4
50 51 4
50 52 4
50 53 2
50 54 4
50 55 4
50 56 5
50 57 1
50 58 1
50 59 4
50 60 2
50 61 3
50 62 1
50 63 4
50 64 1
50 65 5
50 66 3
50 67 3
50 68 2
50 69 4
50 70 1
50 71 1
50 72 3
50 73 3
50 74 5
50 75 5
51 1 3
51 2 2
51 3 1
51 4 1
51 5 3
51 6 1
51 7 1
51 8 1
51 9 3
51 10 5
51 11 1
51 12 4
51 13 2
51 14 1
51 15 5
51 16 5
51 17 5
51 18 5
51 19 5
51 20 2
51 21 4
51 22 5
51 23 5
51 24 3
51 25 3
51 26 2
51 27 3
51 28 2
51 29 4
51 30 2
51 31 3
51 32 2
51 33 5
51 34 5
51 35 2
51 36 3
51 37 1
51 38 5
51 39 5
51 40 5
51 41 1
51 42 3
51 43 3
51 44 2
51 45 5
51 46 2
51 47 3
51 48 5
51 49 1
51 50 4
51 52 1
51 53 2
51 54 3
51 55 2
51 56 4
51 57 2
51 58 1
51 59 1
51 60 5
51 61 4
51 62 4
51 63 2
51 64 5
51 65 3
51 66 2
51 67 4
51 68 2
51 69 4
51 70 5
51 71 2
51 72 3
51 73 5
51 74 1
51 75 2
52 1 3
52 2 5
52 3 1
52 4 5
52 5 4
52 6 1
52 7 3
52 8 2
52 9 4
52 10 3
52 11 5
52 12 2
52 13 4
52 14 5
52 15 4
52 16 4
52 17 4
52 18 2
52 19 2
52 20 5
52 21 2
52 22 5
52 23 5
52 24 3
52 25 5
52 26 4
52 27 1
52 28 2
52 29 5
52 30 1
52 31 1
52 32 2
52 33 1
52 34 1
52 35 1
52 36 1
52 37 3
52 38 1
52 39 2
52 40 2
52 41 5
52 42 4
52 43 5
52 44 3
52 45 3
52 46 1
52 47 3
52 48 3
52 49 4
52 50 2
52 51 5
52 53 5
52 54 3
52 55 4
52 56 5
52 57 3
52 58 5
52 59 5
52 60 4
52 61 4
52 62 3
52 63 1
52 64 3
52 65 3
52 66 1
52 67 5
52 68 5
52 69 1
52 70 5
52 71 4
52 72 4
52 73 1
52 74 2
52 75 3
53 1 4
53 2 1
53 3 5
53 4 3
53 5 4
53 6 4
53 7 1
53 8 3
53 9 3
53 10 4
53 11 3
53 12 4
53 13 1
53 14 4
53 15 4
53 16 1
53 17 5
53 18 1
53 19 2
53 20 2
53 21 5
53 22 4
53 23 1
53 24 4
53 25 4
53 26 3
53 27 2
53 28 4
53 29 3
53 30 5
53 31 2
53 32 3
53 33 1
53 34 1
53 35 3
53 36 4
53 37 1
53 38 3
53 39 3
53 40 1
53 41 1
53 42 2
53 43 4
53 44 1
53 45 1
53 46 4
53 47 2
53 48 5
53 49 4
53 50 5
53 51 3
53 52 5
53 54 5
53 55 3
53 56 4
53 57 1
53 58 2
53 59 2
53 60 4
53 61 5
53 62 2
53 63 5
53 64 4
53 65 2
53 66 3
53 67 1
53 68 2
53 69 5
53 70 4
53 71 1
53 72 5
53 73 1
53 74 2
53 75 4
54 1 2
54 2 2
54 3 2
54 4 5
54 5 3
54 6 3
54 7 1
54 8 2
54 9 2
54 10 5
54 11 5
54 12 2
54 13 5
54 14 3
54 15 1
54 16 4
54 17 4
54 18 2
54 19 5
54 20 3
54 21 5
54 22 4
54 23 3
54 24 3
54 25 4
54 26 3
54 27 3
54 28 3
54 29 4
54 30 1
54 31 3
54 32 2
54 33 3
54 34 5
54 35 3
54 36 2
54 37 4
54 38 3
54 39 4
54 40 5
54 41 2
54 42 5
54 43 4
54 44 4
54 45 2
54 46 4
54 47 2
54 48 1
54 49 2
54 50 3
54 51 5
54 52 3
54 53 2
54 55 2
54 56 2
54 57 5
54 58 2
54 59 4
54 60 2
54 61 2
54 62 4
54 63 2
54 64 3
54 65 3
54 66 1
54 67 2
54 68 2
54 69 1
54 70 4
54 71 5
54 72 2
54 73 2
54 74 1
54 75 5
55 1 5
55 2 4
55 3 5
55 4 3
55 5 4
55 6 1
55 7 3
55 8 3
55 9 5
55 10 4
55 11 2
55 12 1
55 13 3
55 14 5
55 15 1
55 16 1
55 17 1
55 18 2
55 19 4
55 20 5
55 21 1
55 22 4
55 23 1
55 24 2
55 25 1
55 26 1
55 27 3
55 28 3
55 29 2
55 30 3
55 31 2
55 32 4
55 33 2
55 34 2
55 35 3
55 36 2
55 37 4
55 38 5
55 39 2
55 40 1
55 41 3
55 42 5
55 43 1
55 44 2
55 45 4
55 46 2
55 47 5
55 48 1
55 49 5
55 50 3
55 51 5
55 52 5
55 53 4
55 54 5
55 56 2
55 57 4
55 58 5
55 59 4
55 60 1
55 61 3
55 62 4
55 63 5
55 64 1
55 65 2
55 66 3
55 67 1
55 68 3
55 69 3
55 70 5
55 71 1
55 72 3
55 73 5
55 74 5
55 75 4
56 1 3
56 2 3
56 3 2
56 4 2
56 5 5
56 6 1
56 7 2
56 8 4
56 9 5
56 10 5
56 11 5
56 12 3
56 13 5
56 14 1
56 15 4
56 16 3
56 17 4
56 18 2
56 19 2
56 20 1
56 21 5
56 22 1
56 23 1
56 24 2
56 25 3
56 26 3
56 27 3
56 28 1
56 29 2
56 30 4
56 31 1
56 32 4
56 33 2
56 34 2
56 35 3
56 36 1
56 37 4
56 38 1
56 39 2
56 40 5
56 41 2
56 42 1
56 43 3
56 44 1
56 45 2
56 46 3
56 47 3
56 48 2
56 49 1
56 50 1
56 51 2
56 52 5
56 53 3
56 54 5
56 55 1
56 57 1
56 58 4
56 59 5
56 60 1
56 61 5
56 62 4
56 63 1
56 64 5
56 65 2
56 66 4
56 67 4
56 68 4
56 69 2
56 70 4
56 71 5
56 72 3
56 73 5
56 74 3
56 75 2
57 1 3
57 2 1
57 3 4
57 4 2
57 5 2
57 6 1
57 7 5
57 8 5
57 9 5
57 10 2
57 11 4
57 12 3
57 13 2
57 14 2
57 15 2
57 16 4
57 17 3
57 18 2
57 19 1
57 20 5
57 21 5
57 22 4
57 23 5
57 24 4
57 25 2
57 26 1
57 27 5
57 28 2
57 29 5
57 30 4
57 31 3
57 32 4
57 33 4
57 34 4
57 35 1
57 36 2
57 37 4
57 38 5
57 39 2
57 40 4
57 41 1
57 42 2
57 43 3
57 44 5
57 45 1
57 46 4
57 47 3
57 48 5
57 49 3
57 50 1
57 51 4
57 52 2
57 53 4
57 54 1
57 55 2
57 56 3
57 58 1
57 59 2
57 60 4
57 61 2
57 62 2
57 63 3
57 64 1
57 65 1
57 66 1
57 67 1
57 68 4
57 69 2
57 70 2
57 71 5
57 72 2
57 73 4
57 74 4
57 75 4
58 1 5
58 2 4
58 3 4
58 4 5
58 5 5
58 6 1
58 7 5
58 8 4
58 9 5
58 10 5
58 11 1
58 12 1
58 13 2
58 14 1
58 15 4
58 16 2
58 17 2
58 18 1
58 19 5
58 20 4
58 21 3
58 22 2
58 23 1
58 24 1
58 25 3
58 26 2
58 27 3
58 28 4
58 29 3
58 30 3
58 31 4
58 32 2
58 33 3
58 34 3
58 35 1
58 36 2
58 37 3
58 38 5
58 39 2
58 40 2
58 41 5
58 42 2
58 43 5
58 44 3
58 45 2
58 46 3
58 47 5
58 48 1
58 49 5
58 50 1
58 51 4
58 52 4
58 53 4
58 54 5
58 55 2
58 56 4
58 57 3
58 59 1
58 60 4
58 61 5
58 62 3
58 63 3
58 64 4
58 65 5
58 66 5
58 67 4
58 68 1
58 69 2
58 70 1
58 71 3
58 72 1
58 73 2
58 74 4
58 75 2
59 1 4
59 2 3
59 3 1
59 4 5
59 5 5
59 6 1
59 7 5
59 8 3
59 9 1
59 10 1
59 11 4
59 12 2
59 13 4
59 14 2
59 15 2
59 16 2
59 17 1
59 18 1
59 19 4
59 20 4
59 21 5
59 22 3
59 23 5
59 24 3
59 25 2
59 26 2
59 27 5
59 28 4
59 29 3
59 30 5
59 31 5
59 32 1
59 33 4
59 34 2
59 35 1
59 36 3
59 37 4
59 38 2
59 39 3
59 40 5
59 41 2
59 42 1
59 43 3
59 44 5
59 45 2
59 46 5
59 47 4
59 48 5
59 49 5
59 50 2
59 51 5
59 52 2
59 53 2
59 54 4
59 55 4
59 56 3
59 57 5
59 58 5
59 60 3
59 61 4
59 62 1
59 63 4
59 64 5
59 65 5
59 66 5
59 67 2
59 68 4
59 69 4
59 70 3
59 71 1
59 72 5
59 73 2
59 74 2
59 75 2
60 1 3
60 2 3
60 3 3
60 4 1
60 5 2
60 6 5
60 7 3
60 8 2
60 9 1
60 10 4
60 11 2
60 12 1
60 13 3
60 14 4
60 15 5
60 16 2
60 17 2
60 18 5
60 19 5
60 20 3
60 21 1
60 22 1
60 23 4
60 24 5
60 25 1
60 26 4
60 27 5
60 28 5
60 29 2
60 30 1
60 31 4
60 32 4
60 33 1
60 34 1
60 35 5
60 36 2
60 37 2
60 38 4
60 39 5
60 40 2
60 41 4
60 42 4
60 43 4
60 44 3
60 45 2
60 46 3
60 47 4
60 48 5
60 49 5
60 50 3
60 51 5
60 52 2
60 53 5
60 54 3
60 55 1
60 56 1
60 57 3
60 58 3
60 59 2
60 61 4
60 62 5
60 63 5
60 64 3
60 65 5
60 66 3
60 67 4
60 68 4
60 69 4
60 70 2
60 71 3
60 72 3
60 73 2
60 74 3
60 75 1
61 1 4
61 2 1
61 3 1
61 4 2
61 5 1
61 6 2
61 7 1
61 8 5
61 9 3
61 10 5
61 11 4
61 12 1
61 13 2
61 14 4
61 15 3
61 16 4
61 17 2
61 18 2
61 19 5
61 20 1
61 21 2
61 22 2
61 23 1
61 24 5
61 25 3
61 26 2
61 27 4
61 28 2
61 29 5
61 30 2
61 31 4
61 32 3
61 33 2
61 34 4
61 35 1
61 36 4
61 37 2
61 38 1
61 39 5
61 40 5
61 41 1
61 42 4
61 43 5
61 44 4
61 45 4
61 46 4
61 47 2
61 48 5
61 49 5
61 50 2
61 51 3
61 52 3
61 53 5
61 54 3
61 55 4
61 56 2
61 57 2
61 58 5
61 59 5
61 60 1
61 62 1
61 63 4
61 64 4
61 65 4
61 66 2
61 67 4
61 68 5
61 69 1
61 70 2
61 71 4
61 72 5
61 73 4
61 74 4
61 75 1
62 1 2
62 2 2
62 3 1
62 4 4
62 5 4
62 6 2
62 7 2
62 8 1
62 9 2
62 10 1
62 11 3
62 12 5
62 13 5
62 14 4
62 15 4
62 16 4
62 17 2
62 18 1
62 19 4
62 20 2
62 21 2
62 22 1
62 23 2
62 24 1
62 25 3
62 26 3
62 27 4
62 28 2
62 29 3
62 30 5
62 31 4
62 32 5
62 33 1
62 34 1
62 35 5
62 36 4
62 37 2
62 38 3
62 39 1
62 40 3
62 41 3
62 42 4
62 43 5
62 44 4
62 45 4
62 46 5
62 47 5
62 48 2
62 49 1
62 50 3
62 51 3
62 52 4
62 53 5
62 54 5
62 55 4
62 56 2
62 57 4
62 58 4
62 59 5
62 60 2
62 61 3
62 63 5
62 64 3
62 65 1
62 66 5
62 67 4
62 68 1
62 69 4
62 70 1
62 71 2
62 72 1
62 73 5
62 74 2
62 75 5
63 1 4
63 2 2
63 3 5
63 4 5
63 5 4
63 6 2
63 7 4
63 8 1
63 9 5
63 10 4
63 11 2
63 12 5
63 13 2
63 14 3
63 15 3
63 16 2
63 17 1
63 18 3
63 19 3
63 20 3
63 21 5
63 22 3
63 23 1
63 24 5
63 25 1
63 26 1
63 27 3
63 28 3
63 29 2
63 30 4
63 31 5
63 32 5
63 33 1
63 34 4
63 35 1
63 36 4
63 37 2
63 38 5
63 39 1
63 40 1
63 41 3
63 42 5
63 43 2
63 44 1
63 45 2
63 46 4
63 47 4
63 48 2
63 49 3
63 50 2
63 51 1
63 52 2
63 53 1
63 54 3
63 55 2
63 56 3
63 57 3
63 58 4
63 59 5
63 60 1
63 61 5
63 62 4
63 64 1
63 65 5
63 66 4
63 67 3
63 68 5
63 69 2
63 70 2
63 71 2
63 72 4
63 73 1
63 74 1
63 75 5
64 1 2
64 2 4
64 3 4
64 4 2
64 5 2
64 6 1
64 7 3
64 8 2
64 9 3
64 10 5
64 11 4
64 12 1
64 13 2
64 14 3
64 15 1
64 16 2
64 17 4
64 18 5
64 19 2
64 20 1
64 21 1
64 22 3
64 23 3
64 24 2
64 25 4
64 26 2
64 27 4
64 28 3
64 29 4
64 30 1
64 31 2
64 32 2
64 33 2
64 34 2
64 35 4
64 36 3
64 37 5
64 38 1
64 39 2
64 40 4
64 41 1
64 42 5
64 43 4
64 44 4
64 45 5
64 46 1
64 47 2
64 48 5
64 49 1
64 50 4
64 51 5
64 52 3
64 53 3
64 54 4
64 55 5
64 56 1
64 57 2
64 58 5
64 59 5
64 60 1
64 61 2
64 62 4
64 63 2
64 65 3
64 66 5
64 67 2
64 68 3
64 69 4
64 70 5
64 71 4
64 72 2
64 73 2
64 74 5
64 75 2
65 1 5
65 2 1
65 3 3
65 4 2
65 5 5
65 6 5
65 7 2
65 8 1
65 9 2
65 10 4
65 11 2
65 12 1
65 13 1
65 14 5
65 15 2
65 16 3
65 17 5
65 18 4
65 19 1
65 20 4
65 21 3
65 22 5
65 23 5
65 24 2
65 25 4
65 26 1
65 27 2
65 28 2
65 29 2
65 30 2
65 31 4
65 32 2
65 33 4
65 34 3
65 35 5
65 36 4
65 37 2
65 38 1
65 39 1
65 40 3
65 41 1
65 42 2
65 43 1
65 44 3
65 45 4
65 46 4
65 47 5
65 48 3
65 49 2
65 50 5
65 51 3
65 52 2
65 53 5
65 54 5
65 55 3
65 56 5
65 57 5
65 58 5
65 59 3
65 60 2
65 61 3
65 62 3
65 63 5
65 64 1
65 66 5
65 67 4
65 68 1
65 69 1
65 70 1
65 71 2
65 72 4
65 73 3
65 74 5
65 75 1
66 1 5
66 2 3
66 3 4
66 4 5
66 5 3
66 6 3
66 7 1
66 8 2
66 9 1
66 10 5
66 11 1
66 12 5
66 13 1
66 14 3
66 15 1
66 16 1
66 17 1
66 18 3
66 19 3
66 20 5
66 21 1
66 22 3
66 23 5
66 24 3
66 25 3
66 26 2
66 27 1
66 28 3
66 29 4
66 30 1
66 31 5
66 32 5
66 33 5
66 34 4
66 35 4
66 36 4
66 37 3
66 38 5
66 39 1
66 40 3
66 41 1
66 42 3
66 43 2
66 44 4
66 45 5
66 46 3
66 47 4
66 48 5
66 49 2
66 50 1
66 51 1
66 52 2
66 53 3
66 54 2
66 55 5
66 56 3
66 57 5
66 58 5
66 59 2
66 60 3
66 61 2
66 62 2
66 63 3
66 64 4
66 65 2
66 67 3
66 68 4
66 69 4
66 70 4
66 71 1
66 72 1
66 73 5
66 74 4
66 75 2
67 1 5
67 2 5
67 3 1
67 4 3
67 5 2
67 6 3
67 7 3
67 8 4
67 9 1
67 10 3
67 11 1
67 12 2
67 13 2
67 14 5
67 15 4
67 16 3
67 17 5
67 18 2
67 19 4
67 20 4
67 21 5
67 22 2
67 23 3
67 24 1
67 25 5
67 26 2
67 27 1
67 28 5
67 29 3
67 30 1
67 31 4
67 32 2
67 33 1
67 34 1
67 35 1
67 36 2
67 37 3
67 38 5
67 39 2
67 40 1
67 41 2
67 42 2
67 43 2
67 44 5
67 45 4
67 46 5
67 47 3
67 48 5
67 49 2
67 50 3
67 51 3
67 52 3
67 53 5
67 54 5
67 55 5
67 56 1
67 57 1
67 58 1
67 59 3
67 60 5
67 61 1
67 62 1
67 63 3
67 64 3
67 65 1
67 66 3
67 68 1
67 69 1
67 70 3
67 71 3
67 72 1
67 73 1
67 74 1
67 75 2
68 1 1
68 2 4
68 3 4
68 4 5
68 5 3
68 6 2
68 7 2
68 8 2
68 9 1
68 10 3
68 11 2
68 12 1
68 13 4
68 14 4
68 15 1
68 16 3
68 17 1
68 18 3
68 19 3
68 20 3
68 21 1
68 22 5
68 23 1
68 24 1
68 25 2
68 26 5
68 27 5
68 28 2
68 29 5
68 30 1
68 31 1
68 32 2
68 33 1
68 34 1
68 35 1
68 36 4
68 37 2
68 38 5
68 39 2
68 40 2
68 41 4
68 42 5
68 43 4
68 44 2
68 45 1
68 46 4
68 47 4
68 48 1
68 49 4
68 50 3
68 51 3
68 52 4
68 53 5
68 54 5
68 55 1
68 56 3
68 57 4
68 58 3
68 59 5
68 60 1
68 61 3
68 62 2
68 63 2
68 64 3
68 65 4
68 66 3
68 67 3
68 69 2
68 70 4
68 71 5
68 72 5
68 73 2
68 74 4
68 75 4
69 1 1
69 2 4
69 3 4
69 4 1
69 5 1
69 6 2
69 7 4
69 8 4
69 9 2
69 10 5
69 11 5
69 12 5
69 13 2
69 14 4
69 15 2
69 16 3
69 17 4
69 18 1
69 19 1
69 20 2
69 21 3
69 22 4
69 23 4
69 24 3
69 25 5
69 26 4
69 27 4
69 28 5
69 29 1
69 30 4
69 31 5
69 32 1
69 33 3
69 34 3
69 35 1
69 36 5
69 37 5
69 38 1
69 39 5
69 40 1
69 41 5
69 42 5
69 43 2
69 44 4
69 45 5
69 46 3
69 47 1
69 48 3
69 49 3
69 50 4
69 51 1
69 52 3
69 53 2
69 54 2
69 55 5
69 56 4
69 57 5
69 58 5
69 59 5
69 60 5
69 61 3
69 62 4
69 63 5
69 64 2
69 65 1
69 66 1
69 67 2
69 68 2
69 70 1
69 71 1
69 72 5
69 73 3
69 74 5
69 75 1
70 1 1
70 2 4
70 3 1
70 4 3
70 5 3
70 6 5
70 7 1
70 8 4
70 9 2
70 10 5
70 11 5
70 12 3
70 13 3
70 14 4
70 15 2
70 16 4
70 17 1
70 18 5
70 19 2
70 20 5
70 21 3
70 22 4
70 23 2
70 24 4
70 25 3
70 26 5
70 27 2
70 28 2
70 29 2
70 30 1
70 31 4
70 32 4
70 33 2
70 34 4
70 35 3
70 36 1
70 37 4
70 38 4
70 39 1
70 40 2
70 41 5
70 42 5
70 43 5
70 44 4
70 45 1
70 46 3
70 47 2
70 48 1
70 49 4
70 50 5
70 51 2
70 52 2
70 53 5
70 54 4
70 55 2
70 56 2
70 57 5
70 58 3
70 59 3
70 60 3
70 61 1
70 62 2
70 63 1
70 64 2
70 65 2
70 66 5
70 67 4
70 68 5
70 69 5
70 71 5
70 72 2
70 73 4
70 74 1
70 75 3
71 1 2
71 2 1
71 3 2
71 4 5
71 5 3
71 6 3
71 7 1
71 8 2
71 9 1
71 10 1
71 11 2
71 12 2
71 13 2
71 14 1
71 15 2
71 16 2
71 17 3
71 18 2
71 19 5
71 20 5
71 21 5
71 22 1
71 23 4
71 24 3
71 25 3
71 26 4
71 27 4
71 28 1
71 29 4
71 30 5
71 31 5
71 32 3
71 33 2
71 34 1
71 35 2
71 36 2
71 37 5
71 38 3
71 39 3
71 40 5
71 41 3
71 42 4
71 43 4
71 44 1
71 45 4
71 46 5
71 47 4
71 48 3
71 49 3
71 50 3
71 51 2
71 52 4
71 53 4
71 54 5
71 55 3
71 56 1
71 57 5
71 58 2
71 59 3
71 60 4
71 61 1
71 62 2
71 63 1
71 64 2
71 65 2
71 66 4
71 67 3
71 68 2
71 69 1
71 70 5
71 72 3
71 73 5
71 74 5
71 75 3
72 1 3
72 2 5
72 3 4
72 4 1
72 5 2
72 6 1
72 7 4
72 8 3
72 9 1
72 10 4
72 11 5
72 12 4
72 13 1
72 14 1
72 15 5
72 16 3
72 17 1
72 18 5
72 19 4
72 20 3
72 21 1
72 22 5
72 23 2
72 24 1
72 25 3
72 26 4
72 27 2
72 28 3
72 29 1
72 30 2
72 31 5
72 32 3
72 33 1
72 34 1
72 35 3
72 36 5
72 37 3
72 38 1
72 39 2
72 40 4
72 41 4
72 42 3
72 43 2
72 44 4
72 45 1
72 46 1
72 47 3
72 48 1
72 49 2
72 50 1
72 51 1
72 52 4
72 53 3
72 54 2
72 55 4
72 56 2
72 57 2
72 58 1
72 59 4
72 60 2
72 61 4
72 62 1
72 63 4
72 64 4
72 65 1
72 66 2
72 67 3
72 68 3
72 69 4
72 70 2
72 71 3
72 73 5
72 74 1
72 75 4
73 1 5
73 2 1
73 3 4
73 4 3
73 5 4
73 6 2
73 7 3
73 8 4
73 9 1
73 10 5
73 11 2
73 12 4
73 13 4
73 14 3
73 15 1
73 16 4
73 17 5
73 18 4
73 19 4
73 20 5
73 21 5
73 22 1
73 23 3
73 24 2
73 25 1
73 26 2
73 27 5
73 28 3
73 29 1
73 30 3
73 31 4
73 32 5
73 33 5
73 34 4
73 35 2
73 36 3
73 37 1
73 38 2
73 39 3
73 40 1
73 41 3
73 42 1
73 43 4
73 44 1
73 45 4
73 46 5
73 47 5
73 48 5
73 49 3
73 50 5
73 51 1
73 52 2
73 53 3
73 54 4
73 55 1
73 56 5
73 57 5
73 58 2
73 59 2
73 60 5
73 61 4
73 62 2
73 63 1
73 64 1
73 65 1
73 66 5
73 67 3
73 68 1
73 69 1
73 70 3
73 71 1
73 72 3
73 74 3
73 75 1
74 1 1
74 2 3
74 3 2
74 4 2
74 5 2
74 6 5
74 7 1
74 8 3
74 9 3
74 10 5
74 11 3
74 12 5
74 13 4
74 14 2
74 15 4
74 16 3
74 17 3
74 18 2
74 19 4
74 20 3
74 21 4
74 22 4
74 23 2
74 24 2
74 25 1
74 26 4
74 27 1
74 28 1
74 29 4
74 30 3
74 31 4
74 32 4
74 33 1
74 34 5
74 35 5
74 36 4
74 37 4
74 38 2
74 39 3
74 40 4
74 41 2
74 42 5
74 43 5
74 44 5
74 45 3
74 46 3
74 47 2
74 48 5
74 49 2
74 50 3
74 51 5
74 52 5
74 53 1
74 54 3
74 55 3
74 56 2
74 57 2
74 58 3
74 59 4
74 60 2
74 61 3
74 62 2
74 63 2
74 64 5
74 65 2
74 66 3
74 67 3
74 68 2
74 69 4
74 70 3
74 71 2
74 72 2
74 73 4
74 75 2
75 1 4
75 2 2
75 3 1
75 4 2
75 5 1
75 6 2
75 7 4
75 8 2
75 9 4
75 10 2
75 11 5
75 12 1
75 13 5
75 14 1
75 15 1
75 16 3
75 17 4
75 18 3
75 19 2
75 20 5
75 21 2
75 22 3
75 23 2
75 24 1
75 25 1
75 26 5
75 27 5
75 28 3
75 29 4
75 30 4
75 31 1
75 32 2
75 33 5
75 34 1
75 35 3
75 36 2
75 37 5
75 38 2
75 39 4
75 40 3
75 41 5
75 42 5
75 43 5
75 44 4
75 45 2
75 46 5
75 47 1
75 48 5
75 49 2
75 50 2
75 51 4
75 52 5
75 53 1
75 54 5
75 55 1
75 56 4
75 57 1
75 58 5
75 59 3
75 60 4
75 61 5
75 62 5
75 63 2
75 64 1
75 65 2
75 66 5
75 67 3
75 68 1
75 69 3
75 70 3
75 71 5
75 72 2
75 73 4
75 74 5

END
