INSTANCE_NAME b02.dat
NB_VERTICES 50
NB_ARCS 77
NB_REQUESTS 0
NB_BLOCKAGES 7
NB_A' 2373

VERTICES
1 0 0
2 0 0
3 0 0
4 0 0
5 0 0
6 0 0
7 0 0
8 0 0
9 0 0
10 0 0
11 0 0
12 0 0
13 0 0
14 0 0
15 0 0
16 0 0
17 0 0
18 0 0
19 0 0
20 0 0
21 0 0
22 0 0
23 0 0
24 0 0
25 0 0
26 0 0
27 0 0
28 0 0
29 0 0
30 0 0
31 0 0
32 0 0
33 0 0
34 0 0
35 0 0
36 0 0
37 0 0
38 0 0
39 0 0
40 0 0
41 0 0
42 0 0
43 0 0
44 0 0
45 0 0
46 0 0
47 0 0
48 0 0
49 0 0
50 0 0

ARCS
6 29 7
29 12 9
12 4 5
4 21 9
21 19 10
19 10 4
10 18 7
18 44 6
44 43 6
43 28 7
28 40 1
40 10 9
10 30 8
30 17 2
17 26 5
26 31 2
31 40 7
40 37 1
37 45 4
45 4 9
4 33 10
33 43 3
43 27 7
27 9 5
9 34 8
34 26 7
26 49 6
49 23 3
23 22 7
22 24 6
24 8 8
8 48 10
48 5 4
5 29 5
29 27 6
27 14 9
14 2 7
2 15 2
15 13 9
13 42 3
42 49 7
49 24 8
49 46 10
46 11 2
11 44 1
11 30 4
14 39 6
39 7 1
7 35 1
35 27 2
27 50 7
50 6 9
35 41 2
41 48 2
48 25 9
25 21 6
25 16 9
16 3 9
3 5 7
3 32 7
32 43 9
32 47 10
47 25 6
47 28 8
47 45 2
45 7 8
45 17 5
17 38 7
38 34 5
45 20 4
20 36 3
36 19 1
19 16 5
45 22 3
45 26 7
40 1 4
1 12 9

REQUESTS

BLOCKAGES
3 32
45 22
19 16
45 26
45 4
11 44
10 30

A'
1 2 157
1 3 798
1 4 724
1 5 770
1 6 983
1 7 107
1 8 838
1 9 481
1 10 948
1 11 593
1 13 432
1 14 828
1 15 448
1 16 474
1 17 163
1 18 214
1 19 174
1 20 393
1 21 354
1 22 148
1 23 522
1 24 493
1 25 103
1 26 614
1 27 35
1 28 974
1 29 662
1 30 151
1 31 994
1 32 112
1 33 444
1 34 502
1 35 261
1 36 519
1 37 271
1 38 595
1 39 978
1 40 460
1 41 76
1 42 925
1 43 405
1 44 859
1 45 104
1 46 852
1 47 332
1 48 266
1 49 417
1 50 506
2 1 11
2 3 122
2 4 5
2 5 884
2 6 966
2 7 107
2 8 497
2 9 1000
2 10 80
2 11 158
2 12 151
2 13 425
2 14 621
2 16 594
2 17 926
2 18 881
2 19 464
2 20 548
2 21 476
2 22 441
2 23 8
2 24 903
2 25 366
2 26 412
2 27 761
2 28 821
2 29 615
2 30 93
2 31 87
2 32 32
2 33 950
2 34 449
2 35 153
2 36 954
2 37 332
2 38 119
2 39 412
2 40 829
2 41 470
2 42 491
2 43 338
2 44 620
2 45 268
2 46 959
2 47 565
2 48 193
2 49 839
2 50 29
3 1 741
3 2 314
3 4 821
3 6 100
3 7 568
3 8 538
3 9 863
3 10 329
3 11 359
3 12 477
3 13 773
3 14 797
3 15 508
3 16 722
3 17 245
3 18 13
3 19 27
3 20 576
3 21 483
3 22 790
3 23 756
3 24 952
3 25 632
3 26 94
3 27 924
3 28 899
3 29 52
3 30 840
3 31 92
3 33 890
3 34 220
3 35 184
3 36 556
3 37 41
3 38 635
3 39 475
3 40 930
3 41 497
3 42 803
3 43 288
3 44 973
3 45 575
3 46 84
3 47 833
3 48 648
3 49 328
3 50 197
4 1 26
4 2 256
4 3 679
4 5 167
4 6 11
4 7 982
4 8 799
4 9 456
4 10 257
4 11 697
4 12 507
4 13 449
4 14 140
4 15 749
4 16 668
4 17 675
4 18 656
4 19 60
4 20 309
4 22 130
4 23 990
4 24 805
4 25 285
4 26 629
4 27 778
4 28 211
4 29 713
4 30 962
4 31 211
4 32 392
4 34 158
4 35 588
4 36 999
4 37 188
4 38 755
4 39 362
4 40 521
4 41 553
4 42 817
4 43 778
4 44 601
4 45 676
4 46 578
4 47 93
4 48 776
4 49 245
4 50 767
5 1 431
5 2 657
5 3 76
5 4 912
5 6 998
5 7 232
5 8 548
5 9 626
5 10 361
5 11 759
5 12 690
5 13 322
5 14 321
5 15 82
5 16 831
5 17 908
5 18 80
5 19 18
5 20 14
5 21 793
5 22 539
5 23 918
5 24 610
5 25 668
5 26 519
5 27 285
5 28 245
5 30 611
5 31 60
5 32 841
5 33 729
5 34 842
5 35 849
5 36 156
5 37 105
5 38 846
5 39 388
5 40 5
5 41 824
5 42 100
5 43 115
5 44 513
5 45 422
5 46 435
5 47 594
5 48 604
5 49 694
5 50 26
6 1 622
6 2 708
6 3 818
6 4 512
6 5 625
6 7 779
6 8 531
6 9 495
6 10 415
6 11 127
6 12 105
6 13 826
6 14 319
6 15 186
6 16 667
6 17 168
6 18 341
6 19 124
6 20 365
6 21 728
6 22 128
6 23 188
6 24 180
6 25 242
6 26 53
6 27 953
6 28 28
6 30 998
6 31 556
6 32 721
6 33 23
6 34 529
6 35 428
6 36 193
6 37 392
6 38 405
6 39 323
6 40 922
6 41 899
6 42 738
6 43 400
6 44 356
6 45 563
6 46 719
6 47 541
6 48 582
6 49 238
6 50 881
7 1 57
7 2 954
7 3 961
7 4 184
7 5 142
7 6 140
7 8 777
7 9 194
7 10 92
7 11 804
7 12 191
7 13 999
7 14 524
7 15 566
7 16 528
7 17 304
7 18 110
7 19 919
7 20 60
7 21 432
7 22 193
7 23 958
7 24 521
7 25 592
7 26 665
7 27 84
7 28 310
7 29 205
7 30 17
7 31 899
7 32 438
7 33 73
7 34 853
7 36 750
7 37 608
7 38 346
7 39 241
7 40 384
7 41 891
7 42 332
7 43 187
7 44 433
7 45 682
7 46 62
7 47 998
7 48 209
7 49 717
7 50 459
8 1 480
8 2 128
8 3 243
8 4 672
8 5 438
8 6 763
8 7 263
8 9 102
8 10 198
8 11 925
8 12 659
8 13 566
8 14 823
8 15 96
8 16 638
8 17 27
8 18 845
8 19 245
8 20 372
8 21 85
8 22 980
8 23 262
8 24 768
8 25 166
8 26 695
8 27 449
8 28 580
8 29 44
8 30 10
8 31 648
8 32 855
8 33 841
8 34 776
8 35 97
8 36 512
8 37 213
8 38 211
8 39 126
8 40 666
8 41 761
8 42 402
8 43 324
8 44 326
8 45 577
8 46 419
8 47 316
8 49 603
8 50 615
9 1 560
9 2 975
9 3 51
9 4 540
9 5 236
9 6 818
9 7 57
9 8 282
9 10 619
9 11 988
9 12 326
9 13 980
9 14 988
9 15 532
9 16 820
9 17 763
9 18 628
9 19 683
9 20 327
9 21 190
9 22 808
9 23 992
9 24 302
9 25 210
9 26 316
9 27 628
9 28 786
9 29 86
9 30 943
9 31 740
9 32 701
9 33 854
9 35 714
9 36 751
9 37 745
9 38 302
9 39 921
9 40 154
9 41 935
9 42 539
9 43 141
9 44 612
9 45 870
9 46 128
9 47 143
9 48 689
9 49 242
9 50 122
10 1 371
10 2 920
10 3 312
10 4 530
10 5 912
10 6 613
10 7 91
10 8 579
10 9 592
10 11 876
10 12 664
10 13 886
10 14 616
10 15 716
10 16 92
10 17 681
10 19 467
10 20 836
10 21 334
10 22 739
10 23 341
10 24 269
10 25 629
10 26 482
10 27 880
10 28 498
10 29 961
10 31 23
10 32 538
10 33 555
10 34 144
10 35 260
10 36 474
10 37 807
10 38 789
10 39 385
10 40 772
10 41 880
10 42 315
10 43 715
10 44 107
10 45 979
10 46 601
10 47 74
10 48 694
10 49 44
10 50 107
11 1 512
11 2 231
11 3 440
11 4 602
11 5 572
11 6 708
11 7 230
11 8 53
11 9 588
11 10 79
11 12 365
11 13 610
11 14 616
11 15 919
11 16 105
11 17 875
11 18 745
11 19 912
11 20 664
11 21 481
11 22 683
11 23 895
11 24 796
11 25 749
11 26 1
11 27 774
11 28 349
11 29 427
11 31 819
11 32 744
11 33 533
11 34 683
11 35 975
11 36 972
11 37 284
11 38 546
11 39 680
11 40 866
11 41 950
11 42 619
11 43 944
11 45 314
11 46 580
11 47 560
11 48 585
11 49 684
11 50 434
12 1 329
12 2 947
12 3 449
12 5 809
12 6 981
12 7 695
12 8 604
12 9 730
12 10 48
12 11 729
12 13 430
12 14 474
12 15 900
12 16 174
12 17 358
12 18 934
12 19 148
12 20 681
12 21 217
12 22 693
12 23 360
12 24 434
12 25 642
12 26 330
12 27 378
12 28 307
12 29 909
12 30 289
12 31 891
12 32 593
12 33 74
12 34 571
12 35 539
12 36 523
12 37 380
12 38 872
12 39 569
12 40 335
12 41 601
12 42 616
12 43 416
12 44 30
12 45 441
12 46 315
12 47 203
12 48 798
12 49 248
12 50 350
13 1 479
13 2 816
13 3 394
13 4 190
13 5 250
13 6 35
13 7 520
13 8 979
13 9 694
13 10 780
13 11 267
13 12 584
13 14 724
13 15 340
13 16 507
13 17 615
13 18 214
13 19 886
13 20 486
13 21 783
13 22 572
13 23 86
13 24 398
13 25 987
13 26 115
13 27 839
13 28 653
13 29 318
13 30 988
13 31 900
13 32 19
13 33 466
13 34 68
13 35 413
13 36 656
13 37 669
13 38 447
13 39 527
13 40 647
13 41 492
13 43 658
13 44 913
13 45 76
13 46 382
13 47 252
13 48 582
13 49 996
13 50 466
14 1 819
14 3 481
14 4 600
14 5 742
14 6 918
14 7 997
14 8 729
14 9 32
14 10 187
14 11 381
14 12 701
14 13 175
14 15 633
14 16 720
14 17 640
14 18 700
14 19 132
14 20 647
14 21 368
14 22 930
14 23 525
14 24 14
14 25 422
14 26 183
14 27 278
14 28 849
14 29 564
14 30 881
14 31 782
14 32 911
14 33 346
14 34 600
14 35 391
14 36 297
14 37 693
14 38 308
14 40 294
14 41 421
14 42 691
14 43 480
14 44 154
14 45 392
14 46 654
14 47 786
14 48 111
14 49 646
14 50 837
15 1 594
15 2 644
15 3 204
15 4 523
15 5 169
15 6 569
15 7 296
15 8 351
15 9 198
15 10 144
15 11 266
15 12 78
15 14 925
15 16 176
15 17 776
15 18 876
15 19 918
15 20 72
15 21 569
15 22 577
15 23 365
15 24 341
15 25 267
15 26 197
15 27 494
15 28 10
15 29 202
15 30 631
15 31 472
15 32 847
15 33 467
15 34 65
15 35 491
15 36 22
15 37 940
15 38 11
15 39 590
15 40 235
15 41 361
15 42 787
15 43 731
15 44 978
15 45 865
15 46 7
15 47 153
15 48 640
15 49 883
15 50 422
16 1 63
16 2 803
16 4 998
16 5 428
16 6 143
16 7 616
16 8 976
16 9 989
16 10 626
16 11 177
16 12 619
16 13 97
16 14 24
16 15 86
16 17 514
16 18 866
16 19 107
16 20 453
16 21 876
16 22 49
16 23 39
16 24 588
16 25 835
16 26 769
16 27 917
16 28 51
16 29 776
16 30 69
16 31 42
16 32 10
16 33 490
16 34 105
16 35 812
16 36 487
16 37 884
16 38 306
16 39 102
16 40 859
16 41 294
16 42 79
16 43 387
16 44 913
16 45 176
16 46 762
16 47 350
16 48 689
16 49 627
16 50 456
17 1 493
17 2 854
17 3 856
17 4 531
17 5 793
17 6 43
17 7 300
17 8 709
17 9 93
17 10 75
17 11 129
17 12 487
17 13 84
17 14 618
17 15 943
17 16 247
17 18 456
17 19 826
17 20 552
17 21 910
17 22 36
17 23 846
17 24 340
17 25 422
17 27 110
17 28 515
17 29 184
17 30 459
17 31 555
17 32 162
17 33 266
17 34 47
17 35 368
17 36 122
17 37 930
17 39 160
17 40 164
17 41 229
17 42 221
17 43 608
17 44 655
17 45 349
17 46 94
17 47 90
17 48 319
17 49 388
17 50 336
18 1 126
18 2 565
18 3 239
18 4 35
18 5 600
18 6 84
18 7 727
18 8 374
18 9 193
18 10 593
18 11 909
18 12 3
18 13 148
18 14 422
18 15 269
18 16 546
18 17 789
18 19 742
18 20 475
18 21 301
18 22 905
18 23 55
18 24 521
18 25 512
18 26 61
18 27 869
18 28 958
18 29 150
18 30 187
18 31 345
18 32 837
18 33 665
18 34 910
18 35 76
18 36 51
18 37 861
18 38 511
18 39 777
18 40 586
18 41 56
18 42 370
18 43 494
18 45 58
18 46 517
18 47 916
18 48 678
18 49 414
18 50 56
19 1 419
19 2 241
19 3 356
19 4 323
19 5 647
19 6 876
19 7 187
19 8 708
19 9 97
19 11 496
19 12 209
19 13 635
19 14 840
19 15 46
19 17 299
19 18 101
19 20 473
19 21 350
19 22 962
19 23 983
19 24 126
19 25 547
19 26 38
19 27 495
19 28 393
19 29 448
19 30 363
19 31 308
19 32 477
19 33 777
19 34 363
19 35 896
19 36 369
19 37 71
19 38 570
19 39 15
19 40 946
19 41 108
19 42 722
19 43 42
19 44 603
19 45 931
19 46 29
19 47 443
19 48 328
19 49 327
19 50 543
20 1 800
20 2 676
20 3 856
20 4 134
20 5 154
20 6 403
20 7 524
20 8 648
20 9 795
20 10 971
20 11 11
20 12 454
20 13 799
20 14 139
20 15 168
20 16 694
20 17 859
20 18 238
20 19 616
20 21 873
20 22 536
20 23 723
20 24 947
20 25 577
20 26 326
20 27 229
20 28 605
20 29 120
20 30 908
20 31 284
20 32 14
20 33 707
20 34 959
20 35 870
20 37 192
20 38 464
20 39 272
20 40 715
20 41 112
20 42 418
20 43 37
20 44 474
20 45 223
20 46 836
20 47 964
20 48 390
20 49 881
20 50 822
21 1 980
21 2 496
21 3 46
21 4 515
21 5 219
21 6 992
21 7 443
21 8 896
21 9 572
21 10 48
21 11 15
21 12 479
21 13 683
21 14 28
21 15 537
21 16 993
21 17 249
21 18 729
21 20 457
21 22 872
21 23 795
21 24 568
21 25 289
21 26 832
21 27 393
21 28 863
21 29 667
21 30 356
21 31 253
21 32 899
21 33 177
21 34 584
21 35 395
21 36 574
21 37 98
21 38 965
21 39 566
21 40 540
21 41 860
21 42 489
21 43 939
21 44 226
21 45 968
21 46 621
21 47 605
21 48 504
21 49 614
21 50 854
22 1 584
22 2 422
22 3 725
22 4 379
22 5 341
22 6 366
22 7 210
22 8 733
22 9 228
22 10 228
22 11 88
22 12 832
22 13 126
22 14 616
22 15 415
22 16 872
22 17 189
22 18 512
22 19 836
22 20 106
22 21 404
22 23 47
22 25 595
22 26 342
22 27 272
22 28 562
22 29 315
22 30 229
22 31 417
22 32 928
22 33 82
22 34 1
22 35 349
22 36 158
22 37 731
22 38 41
22 39 523
22 40 940
22 41 773
22 42 103
22 43 519
22 44 212
22 45 934
22 46 996
22 47 827
22 48 701
22 49 868
22 50 367
23 1 564
23 2 703
23 3 825
23 4 967
23 5 102
23 6 419
23 7 661
23 8 373
23 9 332
23 10 975
23 11 953
23 12 100
23 13 902
23 14 34
23 15 452
23 16 602
23 17 192
23 18 182
23 19 642
23 20 66
23 21 473
23 24 766
23 25 168
23 26 991
23 27 977
23 28 102
23 29 339
23 30 155
23 31 154
23 32 206
23 33 873
23 34 717
23 35 260
23 36 697
23 37 36
23 38 361
23 39 467
23 40 696
23 41 86
23 42 798
23 43 670
23 44 38
23 45 250
23 46 923
23 47 424
23 48 701
23 49 876
23 50 615
24 1 883
24 2 517
24 3 32
24 4 707
24 5 634
24 6 200
24 7 50
24 9 610
24 10 653
24 11 388
24 12 116
24 13 806
24 14 593
24 15 988
24 16 874
24 17 204
24 18 685
24 19 909
24 20 917
24 21 503
24 22 604
24 23 2
24 25 653
24 26 273
24 27 391
24 28 902
24 29 195
24 30 814
24 31 602
24 32 70
24 33 780
24 34 836
24 35 938
24 36 812
24 37 543
24 38 571
24 39 363
24 40 944
24 41 532
24 42 15
24 43 331
24 44 647
24 45 820
24 46 275
24 47 987
24 48 693
24 49 478
24 50 23
25 1 602
25 2 394
25 3 525
25 4 557
25 5 747
25 6 177
25 7 830
25 8 490
25 9 78
25 10 376
25 11 655
25 12 32
25 13 446
25 14 787
25 15 219
25 17 735
25 18 950
25 19 761
25 20 658
25 22 312
25 23 56
25 24 189
25 26 326
25 27 386
25 28 188
25 29 145
25 30 660
25 31 526
25 32 189
25 33 490
25 34 548
25 35 142
25 36 235
25 37 72
25 38 699
25 39 982
25 40 249
25 41 528
25 42 823
25 43 678
25 44 255
25 45 477
25 46 709
25 47 700
25 48 615
25 49 928
25 50 787
26 1 564
26 2 40
26 3 444
26 4 875
26 5 96
26 6 984
26 7 200
26 8 481
26 9 523
26 10 696
26 11 493
26 12 48
26 13 237
26 14 982
26 15 595
26 16 378
26 17 216
26 18 19
26 19 76
26 20 549
26 21 267
26 22 955
26 23 371
26 24 944
26 25 210
26 27 200
26 28 5
26 29 261
26 30 814
26 32 932
26 33 47
26 34 378
26 35 323
26 36 842
26 37 252
26 38 418
26 39 826
26 40 804
26 41 251
26 42 700
26 43 499
26 44 743
26 45 748
26 46 87
26 47 724
26 48 694
26 50 465
27 1 939
27 2 712
27 3 892
27 4 488
27 5 978
27 6 199
27 7 210
27 8 274
27 10 408
27 11 409
27 12 278
27 13 20
27 15 575
27 16 561
27 17 419
27 18 304
27 19 883
27 20 260
27 21 907
27 22 301
27 23 437
27 24 710
27 25 551
27 26 137
27 28 561
27 29 645
27 30 236
27 31 647
27 32 368
27 33 929
27 34 463
27 35 658
27 36 641
27 37 355
27 38 497
27 39 970
27 40 553
27 41 59
27 42 243
27 43 312
27 44 819
27 45 872
27 46 331
27 47 393
27 48 432
27 49 749
28 1 696
28 2 315
28 3 361
28 4 603
28 5 967
28 6 797
28 7 664
28 8 517
28 9 285
28 10 224
28 11 513
28 12 520
28 13 223
28 14 880
28 15 449
28 16 685
28 17 889
28 18 441
28 19 39
28 20 386
28 21 410
28 22 943
28 23 796
28 24 653
28 25 254
28 26 614
28 27 524
28 29 937
28 30 7
28 31 308
28 32 37
28 33 54
28 34 622
28 35 397
28 36 8
28 37 940
28 38 546
28 39 672
28 41 808
28 42 182
28 43 895
28 44 320
28 45 702
28 46 469
28 47 551
28 48 502
28 49 154
28 50 439
29 1 942
29 2 544
29 3 176
29 4 351
29 5 487
29 6 971
29 7 3
29 8 92
29 9 585
29 10 879
29 11 28
29 13 943
29 14 538
29 15 417
29 16 996
29 17 511
29 18 813
29 19 4
29 20 450
29 21 710
29 22 675
29 23 257
29 24 892
29 25 921
29 26 576
29 28 945
29 30 390
29 31 126
29 32 446
29 33 543
29 34 916
29 35 387
29 36 86
29 37 92
29 38 737
29 39 924
29 40 62
29 41 92
29 42 16
29 43 998
29 44 322
29 45 395
29 46 940
29 47 859
29 48 811
29 49 288
29 50 721
30 1 976
30 2 291
30 3 170
30 4 685
30 5 317
30 6 778
30 7 928
30 8 237
30 9 353
30 10 872
30 11 978
30 12 830
30 13 669
30 14 872
30 15 745
30 16 55
30 18 310
30 19 188
30 20 792
30 21 233
30 22 250
30 23 235
30 24 600
30 25 599
30 26 556
30 27 995
30 28 539
30 29 766
30 31 157
30 32 826
30 33 486
30 34 132
30 35 468
30 36 7
30 37 169
30 38 784
30 39 784
30 40 448
30 41 372
30 42 488
30 43 320
30 44 702
30 45 317
30 46 988
30 47 573
30 48 413
30 49 395
30 50 882
31 1 601
31 2 538
31 3 467
31 4 202
31 5 772
31 6 66
31 7 800
31 8 679
31 9 412
31 10 690
31 11 444
31 12 569
31 13 867
31 14 281
31 15 700
31 16 334
31 17 287
31 18 220
31 19 469
31 20 422
31 21 668
31 22 193
31 23 909
31 24 987
31 25 894
31 26 577
31 27 326
31 28 466
31 29 989
31 30 72
31 32 348
31 33 941
31 34 609
31 35 166
31 36 142
31 37 380
31 38 231
31 39 294
31 41 58
31 42 995
31 43 983
31 44 853
31 45 563
31 46 202
31 47 133
31 48 262
31 49 887
31 50 771
32 1 482
32 2 356
32 3 544
32 4 501
32 5 548
32 6 452
32 7 487
32 8 441
32 9 380
32 10 164
32 11 258
32 12 721
32 13 236
32 14 957
32 15 661
32 16 196
32 17 122
32 18 155
32 19 576
32 20 705
32 21 800
32 22 985
32 23 699
32 24 782
32 25 838
32 26 261
32 27 335
32 28 322
32 29 874
32 30 222
32 31 445
32 33 707
32 34 577
32 35 988
32 36 207
32 37 476
32 38 792
32 39 45
32 40 268
32 41 171
32 42 561
32 44 877
32 45 891
32 46 148
32 48 834
32 49 904
32 50 343
33 1 307
33 2 58
33 3 270
33 4 11
33 5 857
33 6 255
33 7 709
33 8 990
33 9 92
33 10 321
33 11 677
33 12 765
33 13 547
33 14 898
33 15 209
33 16 605
33 17 826
33 18 197
33 19 812
33 20 653
33 21 340
33 22 208
33 23 272
33 24 510
33 25 768
33 26 148
33 27 753
33 28 267
33 29 981
33 30 656
33 31 610
33 32 640
33 34 65
33 35 879
33 36 650
33 37 273
33 38 133
33 39 711
33 40 614
33 41 576
33 42 383
33 44 290
33 45 341
33 46 929
33 47 539
33 48 901
33 49 534
33 50 364
34 1 449
34 2 697
34 3 16
34 4 788
34 5 904
34 6 287
34 7 650
34 8 24
34 9 787
34 10 402
34 11 290
34 12 119
34 13 409
34 14 251
34 15 758
34 16 473
34 17 130
34 18 408
34 19 97
34 20 614
34 21 470
34 22 710
34 23 542
34 24 852
34 25 352
34 27 234
34 28 133
34 29 890
34 30 134
34 31 18
34 32 254
34 33 935
34 35 714
34 36 621
34 37 722
34 38 969
34 39 260
34 40 371
34 41 344
34 42 46
34 43 124
34 44 634
34 45 164
34 46 532
34 47 236
34 48 274
34 49 356
34 50 717
35 1 33
35 2 452
35 3 331
35 4 502
35 5 162
35 6 224
35 7 705
35 8 865
35 9 457
35 10 189
35 11 754
35 12 942
35 13 206
35 14 7
35 15 876
35 16 271
35 17 980
35 18 950
35 19 592
35 20 239
35 21 672
35 22 935
35 23 636
35 24 796
35 25 920
35 26 151
35 28 327
35 29 156
35 30 424
35 31 683
35 32 872
35 33 456
35 34 486
35 36 554
35 37 309
35 38 999
35 39 129
35 40 14
35 42 863
35 43 937
35 44 202
35 45 617
35 46 879
35 47 760
35 48 975
35 49 106
35 50 30
36 1 954
36 2 407
36 3 621
36 4 544
36 5 79
36 6 908
36 7 531
36 8 874
36 9 827
36 10 682
36 11 552
36 12 982
36 13 457
36 14 586
36 15 206
36 16 265
36 17 72
36 18 111
36 20 925
36 21 70
36 22 240
36 23 290
36 24 933
36 25 176
36 26 844
36 27 901
36 28 406
36 29 603
36 30 875
36 31 864
36 32 984
36 33 181
36 34 270
36 35 605
36 37 724
36 38 700
36 39 512
36 40 255
36 41 573
36 42 690
36 43 288
36 44 477
36 45 24
36 46 96
36 47 62
36 48 229
36 49 712
36 50 133
37 1 691
37 2 637
37 3 555
37 4 930
37 5 926
37 6 839
37 7 458
37 8 769
37 9 739
37 10 215
37 11 723
37 12 613
37 13 78
37 14 707
37 15 793
37 16 348
37 17 663
37 18 869
37 19 47
37 20 526
37 21 475
37 22 972
37 23 215
37 24 114
37 25 448
37 26 238
37 27 209
37 28 861
37 29 818
37 30 921
37 31 346
37 32 861
37 33 909
37 34 900
37 35 790
37 36 834
37 38 738
37 39 599
37 40 955
37 41 476
37 42 814
37 43 677
37 44 440
37 46 891
37 47 735
37 48 585
37 49 590
37 50 397
38 1 453
38 2 989
38 3 274
38 4 927
38 5 960
38 6 841
38 7 40
38 8 759
38 9 430
38 10 600
38 11 971
38 12 248
38 13 872
38 14 316
38 15 108
38 16 780
38 17 215
38 18 249
38 19 966
38 20 952
38 21 200
38 22 272
38 23 779
38 24 13
38 25 300
38 26 219
38 27 255
38 28 35
38 29 803
38 30 197
38 31 783
38 32 607
38 33 185
38 35 57
38 36 885
38 37 496
38 39 897
38 40 924
38 41 606
38 42 678
38 43 875
38 44 576
38 45 925
38 46 99
38 47 892
38 48 384
38 49 878
38 50 106
39 1 985
39 2 195
39 3 410
39 4 184
39 5 818
39 6 188
39 8 548
39 9 118
39 10 758
39 11 154
39 12 504
39 13 912
39 14 350
39 15 286
39 16 518
39 17 534
39 18 694
39 19 402
39 20 381
39 21 942
39 22 677
39 23 986
39 24 620
39 25 904
39 26 562
39 27 896
39 28 2
39 29 805
39 30 632
39 31 231
39 32 910
39 33 616
39 34 426
39 35 671
39 36 151
39 37 595
39 38 211
39 40 50
39 41 712
39 42 320
39 43 203
39 44 215
39 45 232
39 46 553
39 47 853
39 48 749
39 49 438
39 50 898
40 2 503
40 3 819
40 4 192
40 5 531
40 6 156
40 7 811
40 8 434
40 9 717
40 11 58
40 12 435
40 13 873
40 14 689
40 15 666
40 16 135
40 17 656
40 18 443
40 19 805
40 20 158
40 21 37
40 22 367
40 23 207
40 24 101
40 25 687
40 26 762
40 27 315
40 28 918
40 29 666
40 30 519
40 31 18
40 32 103
40 33 417
40 34 520
40 35 273
40 36 960
40 38 51
40 39 429
40 41 122
40 42 836
40 43 497
40 44 179
40 45 271
40 46 370
40 47 220
40 48 288
40 49 504
40 50 227
41 1 730
41 2 308
41 3 385
41 4 118
41 5 675
41 6 943
41 7 218
41 8 361
41 9 704
41 10 885
41 11 630
41 12 721
41 13 403
41 14 647
41 15 824
41 16 171
41 17 519
41 18 96
41 19 130
41 20 569
41 21 524
41 22 251
41 23 404
41 24 373
41 25 782
41 26 26
41 27 742
41 28 1
41 29 313
41 30 245
41 31 227
41 32 394
41 33 904
41 34 963
41 35 512
41 36 930
41 37 258
41 38 729
41 39 642
41 40 313
41 42 965
41 43 271
41 44 34
41 45 368
41 46 918
41 47 857
41 49 890
41 50 788
42 1 304
42 2 20
42 3 708
42 4 180
42 5 622
42 6 463
42 7 552
42 8 403
42 9 489
42 10 293
42 11 403
42 12 153
42 13 889
42 14 982
42 15 547
42 16 792
42 17 296
42 18 410
42 19 722
42 20 553
42 21 490
42 22 363
42 23 866
42 24 455
42 25 986
42 26 251
42 27 174
42 28 255
42 29 107
42 30 63
42 31 42
42 32 762
42 33 82
42 34 749
42 35 941
42 36 56
42 37 211
42 38 844
42 39 458
42 40 51
42 41 136
42 43 213
42 44 204
42 45 24
42 46 546
42 47 102
42 48 168
42 50 841
43 1 511
43 2 241
43 3 746
43 4 352
43 5 955
43 6 611
43 7 806
43 8 940
43 9 861
43 10 979
43 11 194
43 12 319
43 13 394
43 14 587
43 15 432
43 16 827
43 17 687
43 18 373
43 19 882
43 20 898
43 21 216
43 22 340
43 23 300
43 24 704
43 25 904
43 26 855
43 29 79
43 30 449
43 31 956
43 32 246
43 33 641
43 34 818
43 35 486
43 36 386
43 37 170
43 38 441
43 39 348
43 40 327
43 41 732
43 42 560
43 44 658
43 45 926
43 46 878
43 47 51
43 48 864
43 49 310
43 50 877
44 1 551
44 2 34
44 3 111
44 4 800
44 5 601
44 6 450
44 7 99
44 8 304
44 9 705
44 10 954
44 11 383
44 12 153
44 13 261
44 14 980
44 15 793
44 16 79
44 17 466
44 18 531
44 19 600
44 20 258
44 21 878
44 22 278
44 23 989
44 24 438
44 25 935
44 26 266
44 27 667
44 28 985
44 29 130
44 30 328
44 31 214
44 32 680
44 33 361
44 34 324
44 35 831
44 36 314
44 37 125
44 38 929
44 39 617
44 40 829
44 41 234
44 42 351
44 45 333
44 46 495
44 47 331
44 48 477
44 49 573
44 50 148
45 1 7
45 2 524
45 3 757
45 5 885
45 6 801
45 8 745
45 9 322
45 10 736
45 11 11
45 12 340
45 13 72
45 14 492
45 15 668
45 16 637
45 18 523
45 19 28
45 21 312
45 23 353
45 24 341
45 25 436
45 27 281
45 28 310
45 29 616
45 30 515
45 31 12
45 32 300
45 33 361
45 34 342
45 35 777
45 36 285
45 37 841
45 38 783
45 39 808
45 40 597
45 41 19
45 42 960
45 43 694
45 44 692
45 46 47
45 47 56
45 48 32
45 49 119
45 50 899
46 1 699
46 2 107
46 3 421
46 4 78
46 5 419
46 6 773
46 7 771
46 8 854
46 9 405
46 10 80
46 12 822
46 13 271
46 14 443
46 15 121
46 16 983
46 17 137
46 18 897
46 19 267
46 20 977
46 21 32
46 22 426
46 23 926
46 24 402
46 25 386
46 26 971
46 27 94
46 28 432
46 29 378
46 30 477
46 31 902
46 32 276
46 33 175
46 34 9
46 35 696
46 36 604
46 37 779
46 38 820
46 39 374
46 40 984
46 41 576
46 42 805
46 43 805
46 44 199
46 45 248
46 47 278
46 48 181
46 49 384
46 50 526
47 1 800
47 2 712
47 3 909
47 4 225
47 5 989
47 6 311
47 7 610
47 8 959
47 9 756
47 10 394
47 11 336
47 12 232
47 13 295
47 14 963
47 15 758
47 16 655
47 17 10
47 18 361
47 19 433
47 20 829
47 21 87
47 22 769
47 23 757
47 24 891
47 26 573
47 27 307
47 29 490
47 30 202
47 31 487
47 32 225
47 33 728
47 34 638
47 35 937
47 36 636
47 37 863
47 38 277
47 39 946
47 40 472
47 41 588
47 42 53
47 43 865
47 44 923
47 46 284
47 48 512
47 49 238
47 50 41
48 1 518
48 2 247
48 3 754
48 4 303
48 6 428
48 7 840
48 8 71
48 9 184
48 10 82
48 11 995
48 12 842
48 13 924
48 14 197
48 15 680
48 16 148
48 17 924
48 18 318
48 19 436
48 20 559
48 21 180
48 22 713
48 23 857
48 24 3
48 26 300
48 27 909
48 28 868
48 29 574
48 30 545
48 31 731
48 32 811
48 33 937
48 34 248
48 35 410
48 36 690
48 37 902
48 38 837
48 39 881
48 40 972
48 41 20
48 42 315
48 43 967
48 44 213
48 45 238
48 46 515
48 47 892
48 49 737
48 50 790
49 1 209
49 2 173
49 3 700
49 4 388
49 5 237
49 6 556
49 7 391
49 8 888
49 9 817
49 10 610
49 11 461
49 12 361
49 13 692
49 14 624
49 15 649
49 16 939
49 17 33
49 18 691
49 19 841
49 20 221
49 21 571
49 22 164
49 25 240
49 26 237
49 27 482
49 28 804
49 29 826
49 30 996
49 31 695
49 32 563
49 33 137
49 34 904
49 35 87
49 36 837
49 37 291
49 38 675
49 39 744
49 40 33
49 41 562
49 42 560
49 43 642
49 44 374
49 45 272
49 47 333
49 48 349
49 50 921
50 1 624
50 2 381
50 3 611
50 4 816
50 5 601
50 7 533
50 8 979
50 9 192
50 10 122
50 11 813
50 12 995
50 13 947
50 14 160
50 15 690
50 16 861
50 17 297
50 18 945
50 19 947
50 20 133
50 21 235
50 22 621
50 23 228
50 24 268
50 25 534
50 26 788
50 27 261
50 28 908
50 29 411
50 30 946
50 31 256
50 32 683
50 33 569
50 34 989
50 35 645
50 36 736
50 37 941
50 38 530
50 39 714
50 40 485
50 41 651
50 42 878
50 43 831
50 44 597
50 45 38
50 46 872
50 47 810
50 48 686
50 49 816

END

R
1 2 5
1 3 3
1 4 2
1 5 4
1 6 5
1 7 2
1 8 3
1 9 3
1 10 4
1 11 1
1 12 5
1 13 5
1 14 3
1 15 3
1 16 5
1 17 3
1 18 3
1 19 4
1 20 4
1 21 5
1 22 1
1 23 4
1 24 4
1 25 1
1 26 1
1 27 5
1 28 3
1 29 1
1 30 3
1 31 2
1 32 3
1 33 2
1 34 1
1 35 1
1 36 5
1 37 1
1 38 2
1 39 2
1 40 5
1 41 3
1 42 3
1 43 4
1 44 4
1 45 2
1 46 1
1 47 3
1 48 4
1 49 1
1 50 3
2 1 4
2 3 2
2 4 4
2 5 3
2 6 2
2 7 1
2 8 5
2 9 1
2 10 3
2 11 3
2 12 3
2 13 1
2 14 5
2 15 4
2 16 2
2 17 3
2 18 4
2 19 2
2 20 4
2 21 2
2 22 1
2 23 3
2 24 1
2 25 1
2 26 1
2 27 2
2 28 2
2 29 3
2 30 2
2 31 4
2 32 1
2 33 1
2 34 5
2 35 1
2 36 5
2 37 2
2 38 1
2 39 4
2 40 2
2 41 1
2 42 1
2 43 5
2 44 1
2 45 3
2 46 5
2 47 4
2 48 5
2 49 3
2 50 5
3 1 5
3 2 2
3 4 2
3 5 3
3 6 2
3 7 3
3 8 3
3 9 4
3 10 1
3 11 3
3 12 5
3 13 4
3 14 3
3 15 2
3 16 3
3 17 3
3 18 1
3 19 4
3 20 5
3 21 5
3 22 3
3 23 2
3 24 5
3 25 4
3 26 5
3 27 4
3 28 3
3 29 3
3 30 3
3 31 1
3 32 5
3 33 3
3 34 2
3 35 1
3 36 2
3 37 5
3 38 5
3 39 4
3 40 3
3 41 5
3 42 1
3 43 5
3 44 3
3 45 5
3 46 3
3 47 3
3 48 4
3 49 4
3 50 3
4 1 4
4 2 5
4 3 5
4 5 2
4 6 1
4 7 3
4 8 1
4 9 5
4 10 3
4 11 4
4 12 2
4 13 5
4 14 3
4 15 1
4 16 1
4 17 5
4 18 4
4 19 2
4 20 5
4 21 3
4 22 2
4 23 4
4 24 5
4 25 3
4 26 4
4 27 5
4 28 5
4 29 1
4 30 3
4 31 3
4 32 5
4 33 3
4 34 2
4 35 5
4 36 5
4 37 3
4 38 4
4 39 2
4 40 4
4 41 1
4 42 5
4 43 5
4 44 5
4 45 4
4 46 3
4 47 2
4 48 4
4 49 1
4 50 1
5 1 5
5 2 5
5 3 2
5 4 5
5 6 5
5 7 4
5 8 3
5 9 4
5 10 3
5 11 5
5 12 3
5 13 3
5 14 5
5 15 3
5 16 1
5 17 1
5 18 2
5 19 3
5 20 1
5 21 5
5 22 1
5 23 4
5 24 5
5 25 3
5 26 5
5 27 5
5 28 2
5 29 4
5 30 5
5 31 4
5 32 4
5 33 4
5 34 4
5 35 2
5 36 4
5 37 5
5 38 5
5 39 3
5 40 5
5 41 4
5 42 5
5 43 2
5 44 1
5 45 1
5 46 4
5 47 2
5 48 3
5 49 2
5 50 1
6 1 5
6 2 2
6 3 4
6 4 5
6 5 3
6 7 3
6 8 5
6 9 4
6 10 1
6 11 5
6 12 4
6 13 4
6 14 5
6 15 2
6 16 4
6 17 1
6 18 2
6 19 3
6 20 2
6 21 2
6 22 2
6 23 5
6 24 3
6 25 1
6 26 3
6 27 5
6 28 1
6 29 1
6 30 2
6 31 5
6 32 1
6 33 3
6 34 3
6 35 1
6 36 3
6 37 2
6 38 3
6 39 4
6 40 5
6 41 3
6 42 3
6 43 3
6 44 4
6 45 4
6 46 2
6 47 2
6 48 4
6 49 3
6 50 2
7 1 2
7 2 1
7 3 5
7 4 1
7 5 3
7 6 5
7 8 5
7 9 2
7 10 3
7 11 5
7 12 5
7 13 2
7 14 3
7 15 5
7 16 1
7 17 3
7 18 2
7 19 2
7 20 3
7 21 5
7 22 1
7 23 5
7 24 4
7 25 1
7 26 5
7 27 2
7 28 2
7 29 2
7 30 2
7 31 1
7 32 5
7 33 3
7 34 2
7 35 4
7 36 5
7 37 1
7 38 1
7 39 5
7 40 5
7 41 3
7 42 1
7 43 1
7 44 1
7 45 3
7 46 5
7 47 1
7 48 3
7 49 1
7 50 4
8 1 5
8 2 2
8 3 4
8 4 1
8 5 2
8 6 1
8 7 1
8 9 5
8 10 2
8 11 4
8 12 1
8 13 3
8 14 3
8 15 5
8 16 4
8 17 3
8 18 2
8 19 1
8 20 3
8 21 3
8 22 5
8 23 2
8 24 3
8 25 1
8 26 2
8 27 3
8 28 5
8 29 4
8 30 5
8 31 3
8 32 2
8 33 1
8 34 4
8 35 3
8 36 1
8 37 1
8 38 3
8 39 3
8 40 5
8 41 5
8 42 3
8 43 3
8 44 4
8 45 2
8 46 4
8 47 2
8 48 5
8 49 5
8 50 2
9 1 4
9 2 2
9 3 4
9 4 1
9 5 5
9 6 4
9 7 4
9 8 4
9 10 5
9 11 3
9 12 3
9 13 2
9 14 1
9 15 3
9 16 1
9 17 3
9 18 5
9 19 3
9 20 3
9 21 5
9 22 2
9 23 2
9 24 4
9 25 1
9 26 5
9 27 1
9 28 5
9 29 3
9 30 2
9 31 4
9 32 1
9 33 2
9 34 3
9 35 1
9 36 2
9 37 2
9 38 4
9 39 3
9 40 5
9 41 4
9 42 5
9 43 4
9 44 2
9 45 5
9 46 3
9 47 2
9 48 5
9 49 4
9 50 4
10 1 2
10 2 3
10 3 3
10 4 5
10 5 2
10 6 5
10 7 1
10 8 4
10 9 4
10 11 5
10 12 2
10 13 5
10 14 2
10 15 3
10 16 2
10 17 3
10 18 5
10 19 5
10 20 3
10 21 2
10 22 1
10 23 3
10 24 3
10 25 1
10 26 5
10 27 4
10 28 3
10 29 1
10 30 5
10 31 1
10 32 2
10 33 1
10 34 1
10 35 1
10 36 2
10 37 4
10 38 5
10 39 4
10 40 4
10 41 1
10 42 3
10 43 5
10 44 2
10 45 2
10 46 2
10 47 5
10 48 4
10 49 1
10 50 1
11 1 1
11 2 4
11 3 3
11 4 4
11 5 3
11 6 3
11 7 3
11 8 2
11 9 5
11 10 5
11 12 1
11 13 2
11 14 3
11 15 4
11 16 4
11 17 3
11 18 2
11 19 4
11 20 5
11 21 1
11 22 2
11 23 2
11 24 5
11 25 1
11 26 3
11 27 1
11 28 3
11 29 4
11 30 1
11 31 5
11 32 4
11 33 4
11 34 1
11 35 1
11 36 4
11 37 3
11 38 5
11 39 1
11 40 1
11 41 1
11 42 2
11 43 4
11 44 2
11 45 5
11 46 2
11 47 3
11 48 4
11 49 5
11 50 1
12 1 3
12 2 2
12 3 3
12 4 4
12 5 2
12 6 3
12 7 3
12 8 4
12 9 2
12 10 3
12 11 2
12 13 2
12 14 3
12 15 5
12 16 2
12 17 3
12 18 3
12 19 1
12 20 4
12 21 5
12 22 2
12 23 4
12 24 3
12 25 5
12 26 3
12 27 2
12 28 3
12 29 5
12 30 1
12 31 4
12 32 5
12 33 5
12 34 1
12 35 4
12 36 1
12 37 4
12 38 4
12 39 3
12 40 4
12 41 5
12 42 3
12 43 5
12 44 3
12 45 5
12 46 1
12 47 1
12 48 5
12 49 5
12 50 2
13 1 3
13 2 4
13 3 5
13 4 2
13 5 2
13 6 1
13 7 4
13 8 5
13 9 5
13 10 5
13 11 2
13 12 3
13 14 1
13 15 2
13 16 3
13 17 5
13 18 2
13 19 3
13 20 5
13 21 1
13 22 2
13 23 4
13 24 3
13 25 1
13 26 2
13 27 3
13 28 2
13 29 2
13 30 2
13 31 1
13 32 5
13 33 1
13 34 2
13 35 4
13 36 2
13 37 5
13 38 4
13 39 2
13 40 4
13 41 3
13 42 1
13 43 1
13 44 1
13 45 4
13 46 2
13 47 5
13 48 3
13 49 5
13 50 3
14 1 2
14 2 5
14 3 4
14 4 2
14 5 3
14 6 1
14 7 5
14 8 5
14 9 4
14 10 4
14 11 3
14 12 2
14 13 3
14 15 3
14 16 3
14 17 2
14 18 2
14 19 4
14 20 2
14 21 5
14 22 2
14 23 5
14 24 1
14 25 4
14 26 2
14 27 4
14 28 2
14 29 3
14 30 3
14 31 1
14 32 5
14 33 1
14 34 3
14 35 5
14 36 4
14 37 5
14 38 3
14 39 4
14 40 1
14 41 1
14 42 2
14 43 5
14 44 2
14 45 4
14 46 4
14 47 1
14 48 2
14 49 5
14 50 4
15 1 4
15 2 5
15 3 3
15 4 5
15 5 2
15 6 1
15 7 3
15 8 2
15 9 5
15 10 5
15 11 1
15 12 2
15 13 2
15 14 1
15 16 4
15 17 1
15 18 4
15 19 3
15 20 5
15 21 4
15 22 5
15 23 1
15 24 5
15 25 4
15 26 4
15 27 1
15 28 3
15 29 5
15 30 4
15 31 4
15 32 3
15 33 2
15 34 5
15 35 5
15 36 3
15 37 3
15 38 3
15 39 5
15 40 4
15 41 4
15 42 5
15 43 1
15 44 5
15 45 1
15 46 3
15 47 4
15 48 3
15 49 4
15 50 3
16 1 3
16 2 2
16 3 5
16 4 5
16 5 4
16 6 5
16 7 3
16 8 4
16 9 4
16 10 2
16 11 2
16 12 3
16 13 2
16 14 1
16 15 4
16 17 3
16 18 3
16 19 2
16 20 5
16 21 3
16 22 2
16 23 5
16 24 4
16 25 3
16 26 5
16 27 1
16 28 5
16 29 5
16 30 3
16 31 3
16 32 4
16 33 2
16 34 5
16 35 3
16 36 3
16 37 3
16 38 5
16 39 1
16 40 3
16 41 3
16 42 4
16 43 1
16 44 5
16 45 2
16 46 1
16 47 1
16 48 5
16 49 4
16 50 2
17 1 1
17 2 3
17 3 3
17 4 1
17 5 1
17 6 2
17 7 2
17 8 1
17 9 2
17 10 1
17 11 5
17 12 4
17 13 1
17 14 4
17 15 5
17 16 1
17 18 1
17 19 4
17 20 5
17 21 3
17 22 1
17 23 2
17 24 4
17 25 2
17 26 4
17 27 5
17 28 4
17 29 4
17 30 4
17 31 4
17 32 5
17 33 5
17 34 1
17 35 4
17 36 2
17 37 3
17 38 1
17 39 3
17 40 5
17 41 2
17 42 5
17 43 2
17 44 2
17 45 5
17 46 5
17 47 4
17 48 5
17 49 2
17 50 2
18 1 4
18 2 2
18 3 5
18 4 3
18 5 5
18 6 3
18 7 1
18 8 1
18 9 1
18 10 4
18 11 5
18 12 5
18 13 3
18 14 1
18 15 2
18 16 3
18 17 2
18 19 5
18 20 3
18 21 1
18 22 1
18 23 4
18 24 5
18 25 2
18 26 3
18 27 1
18 28 3
18 29 1
18 30 1
18 31 2
18 32 4
18 33 1
18 34 5
18 35 3
18 36 3
18 37 4
18 38 5
18 39 3
18 40 1
18 41 3
18 42 3
18 43 5
18 44 4
18 45 2
18 46 2
18 47 5
18 48 5
18 49 5
18 50 1
19 1 2
19 2 5
19 3 2
19 4 3
19 5 1
19 6 5
19 7 5
19 8 2
19 9 5
19 10 2
19 11 4
19 12 1
19 13 5
19 14 1
19 15 5
19 16 3
19 17 4
19 18 5
19 20 4
19 21 3
19 22 5
19 23 3
19 24 3
19 25 2
19 26 1
19 27 4
19 28 5
19 29 1
19 30 3
19 31 5
19 32 3
19 33 2
19 34 1
19 35 4
19 36 4
19 37 4
19 38 1
19 39 5
19 40 5
19 41 5
19 42 1
19 43 5
19 44 2
19 45 5
19 46 5
19 47 1
19 48 4
19 49 5
19 50 2
20 1 5
20 2 5
20 3 3
20 4 2
20 5 2
20 6 1
20 7 3
20 8 2
20 9 1
20 10 5
20 11 5
20 12 2
20 13 2
20 14 3
20 15 4
20 16 3
20 17 1
20 18 2
20 19 3
20 21 5
20 22 3
20 23 4
20 24 5
20 25 4
20 26 5
20 27 1
20 28 4
20 29 2
20 30 5
20 31 5
20 32 3
20 33 4
20 34 1
20 35 2
20 36 5
20 37 2
20 38 3
20 39 4
20 40 1
20 41 5
20 42 3
20 43 5
20 44 3
20 45 2
20 46 2
20 47 1
20 48 4
20 49 4
20 50 5
21 1 3
21 2 3
21 3 4
21 4 1
21 5 4
21 6 3
21 7 5
21 8 4
21 9 3
21 10 3
21 11 5
21 12 4
21 13 5
21 14 3
21 15 5
21 16 3
21 17 5
21 18 3
21 19 2
21 20 5
21 22 3
21 23 1
21 24 3
21 25 4
21 26 3
21 27 1
21 28 2
21 29 1
21 30 4
21 31 5
21 32 2
21 33 3
21 34 4
21 35 2
21 36 3
21 37 4
21 38 4
21 39 4
21 40 3
21 41 3
21 42 1
21 43 4
21 44 2
21 45 2
21 46 2
21 47 3
21 48 4
21 49 3
21 50 5
22 1 1
22 2 2
22 3 3
22 4 3
22 5 1
22 6 1
22 7 3
22 8 1
22 9 5
22 10 5
22 11 1
22 12 4
22 13 1
22 14 3
22 15 5
22 16 2
22 17 2
22 18 3
22 19 3
22 20 5
22 21 5
22 23 2
22 24 2
22 25 4
22 26 5
22 27 3
22 28 2
22 29 2
22 30 4
22 31 1
22 32 2
22 33 1
22 34 4
22 35 1
22 36 5
22 37 5
22 38 3
22 39 2
22 40 2
22 41 2
22 42 1
22 43 3
22 44 3
22 45 3
22 46 2
22 47 2
22 48 2
22 49 4
22 50 4
23 1 1
23 2 3
23 3 1
23 4 2
23 5 2
23 6 1
23 7 2
23 8 1
23 9 4
23 10 3
23 11 4
23 12 4
23 13 1
23 14 1
23 15 2
23 16 3
23 17 1
23 18 3
23 19 1
23 20 2
23 21 2
23 22 4
23 24 5
23 25 4
23 26 1
23 27 4
23 28 5
23 29 2
23 30 5
23 31 3
23 32 1
23 33 5
23 34 3
23 35 3
23 36 2
23 37 1
23 38 3
23 39 5
23 40 1
23 41 1
23 42 4
23 43 5
23 44 4
23 45 5
23 46 5
23 47 2
23 48 4
23 49 2
23 50 2
24 1 4
24 2 4
24 3 3
24 4 5
24 5 5
24 6 1
24 7 5
24 8 3
24 9 2
24 10 4
24 11 5
24 12 2
24 13 1
24 14 4
24 15 1
24 16 3
24 17 2
24 18 1
24 19 5
24 20 3
24 21 1
24 22 5
24 23 2
24 25 2
24 26 5
24 27 3
24 28 4
24 29 3
24 30 1
24 31 5
24 32 4
24 33 2
24 34 5
24 35 1
24 36 1
24 37 1
24 38 3
24 39 5
24 40 4
24 41 2
24 42 5
24 43 3
24 44 3
24 45 5
24 46 3
24 47 5
24 48 4
24 49 2
24 50 2
25 1 3
25 2 4
25 3 2
25 4 4
25 5 2
25 6 1
25 7 3
25 8 4
25 9 4
25 10 1
25 11 5
25 12 5
25 13 4
25 14 1
25 15 5
25 16 2
25 17 1
25 18 5
25 19 1
25 20 2
25 21 5
25 22 2
25 23 2
25 24 4
25 26 1
25 27 3
25 28 2
25 29 2
25 30 2
25 31 5
25 32 3
25 33 1
25 34 5
25 35 5
25 36 5
25 37 2
25 38 5
25 39 2
25 40 5
25 41 5
25 42 4
25 43 1
25 44 4
25 45 5
25 46 3
25 47 5
25 48 3
25 49 5
25 50 2
26 1 3
26 2 2
26 3 1
26 4 2
26 5 5
26 6 2
26 7 2
26 8 4
26 9 5
26 10 4
26 11 2
26 12 4
26 13 1
26 14 3
26 15 3
26 16 2
26 17 2
26 18 1
26 19 3
26 20 5
26 21 3
26 22 4
26 23 1
26 24 3
26 25 3
26 27 5
26 28 1
26 29 4
26 30 2
26 31 2
26 32 5
26 33 1
26 34 5
26 35 3
26 36 2
26 37 1
26 38 4
26 39 1
26 40 5
26 41 3
26 42 1
26 43 1
26 44 3
26 45 3
26 46 5
26 47 2
26 48 5
26 49 1
26 50 3
27 1 4
27 2 3
27 3 5
27 4 3
27 5 3
27 6 4
27 7 2
27 8 4
27 9 1
27 10 5
27 11 2
27 12 3
27 13 2
27 14 2
27 15 2
27 16 1
27 17 1
27 18 3
27 19 4
27 20 1
27 21 4
27 22 3
27 23 1
27 24 4
27 25 5
27 26 3
27 28 4
27 29 1
27 30 4
27 31 1
27 32 5
27 33 3
27 34 3
27 35 4
27 36 2
27 37 2
27 38 3
27 39 5
27 40 5
27 41 5
27 42 1
27 43 1
27 44 2
27 45 2
27 46 5
27 47 4
27 48 2
27 49 5
27 50 3
28 1 2
28 2 5
28 3 1
28 4 1
28 5 2
28 6 1
28 7 5
28 8 1
28 9 4
28 10 3
28 11 5
28 12 2
28 13 4
28 14 4
28 15 1
28 16 5
28 17 2
28 18 3
28 19 4
28 20 1
28 21 2
28 22 3
28 23 1
28 24 5
28 25 5
28 26 5
28 27 4
28 29 3
28 30 3
28 31 3
28 32 2
28 33 5
28 34 4
28 35 2
28 36 2
28 37 2
28 38 2
28 39 4
28 40 2
28 41 3
28 42 3
28 43 3
28 44 4
28 45 1
28 46 3
28 47 1
28 48 5
28 49 1
28 50 3
29 1 3
29 2 1
29 3 2
29 4 1
29 5 4
29 6 3
29 7 2
29 8 3
29 9 1
29 10 1
29 11 2
29 12 5
29 13 2
29 14 3
29 15 5
29 16 3
29 17 5
29 18 1
29 19 4
29 20 3
29 21 4
29 22 3
29 23 5
29 24 4
29 25 1
29 26 2
29 27 1
29 28 4
29 30 2
29 31 2
29 32 3
29 33 1
29 34 4
29 35 4
29 36 3
29 37 4
29 38 1
29 39 4
29 40 3
29 41 3
29 42 4
29 43 5
29 44 2
29 45 2
29 46 2
29 47 3
29 48 4
29 49 3
29 50 3
30 1 5
30 2 5
30 3 2
30 4 2
30 5 1
30 6 2
30 7 5
30 8 3
30 9 2
30 10 5
30 11 1
30 12 5
30 13 2
30 14 1
30 15 1
30 16 1
30 17 4
30 18 4
30 19 3
30 20 4
30 21 2
30 22 3
30 23 5
30 24 1
30 25 1
30 26 1
30 27 4
30 28 4
30 29 2
30 31 2
30 32 1
30 33 3
30 34 3
30 35 4
30 36 1
30 37 4
30 38 5
30 39 5
30 40 1
30 41 4
30 42 4
30 43 3
30 44 5
30 45 3
30 46 3
30 47 5
30 48 3
30 49 3
30 50 4
31 1 2
31 2 2
31 3 5
31 4 1
31 5 3
31 6 2
31 7 2
31 8 3
31 9 5
31 10 5
31 11 1
31 12 1
31 13 2
31 14 3
31 15 1
31 16 3
31 17 4
31 18 4
31 19 4
31 20 5
31 21 1
31 22 2
31 23 1
31 24 3
31 25 4
31 26 3
31 27 5
31 28 3
31 29 2
31 30 5
31 32 1
31 33 5
31 34 3
31 35 2
31 36 1
31 37 5
31 38 5
31 39 4
31 40 4
31 41 5
31 42 3
31 43 5
31 44 2
31 45 1
31 46 4
31 47 2
31 48 3
31 49 2
31 50 5
32 1 4
32 2 4
32 3 2
32 4 2
32 5 4
32 6 4
32 7 5
32 8 1
32 9 1
32 10 3
32 11 4
32 12 5
32 13 5
32 14 3
32 15 4
32 16 4
32 17 3
32 18 3
32 19 3
32 20 1
32 21 1
32 22 4
32 23 5
32 24 2
32 25 1
32 26 3
32 27 1
32 28 4
32 29 2
32 30 4
32 31 1
32 33 5
32 34 4
32 35 2
32 36 2
32 37 2
32 38 3
32 39 3
32 40 4
32 41 3
32 42 2
32 43 2
32 44 4
32 45 4
32 46 2
32 47 2
32 48 2
32 49 1
32 50 1
33 1 1
33 2 4
33 3 3
33 4 5
33 5 5
33 6 2
33 7 2
33 8 2
33 9 4
33 10 5
33 11 4
33 12 4
33 13 5
33 14 5
33 15 3
33 16 4
33 17 3
33 18 4
33 19 1
33 20 1
33 21 5
33 22 5
33 23 2
33 24 3
33 25 5
33 26 5
33 27 4
33 28 3
33 29 3
33 30 2
33 31 5
33 32 4
33 34 5
33 35 2
33 36 5
33 37 1
33 38 3
33 39 1
33 40 3
33 41 3
33 42 5
33 43 3
33 44 2
33 45 2
33 46 2
33 47 4
33 48 2
33 49 5
33 50 4
34 1 4
34 2 2
34 3 5
34 4 3
34 5 5
34 6 3
34 7 4
34 8 5
34 9 3
34 10 1
34 11 4
34 12 4
34 13 5
34 14 4
34 15 5
34 16 3
34 17 3
34 18 1
34 19 3
34 20 3
34 21 5
34 22 5
34 23 5
34 24 2
34 25 1
34 26 3
34 27 5
34 28 1
34 29 4
34 30 1
34 31 5
34 32 2
34 33 2
34 35 1
34 36 1
34 37 2
34 38 3
34 39 4
34 40 3
34 41 3
34 42 1
34 43 3
34 44 3
34 45 5
34 46 2
34 47 3
34 48 2
34 49 4
34 50 5
35 1 4
35 2 4
35 3 1
35 4 1
35 5 5
35 6 2
35 7 3
35 8 2
35 9 3
35 10 4
35 11 2
35 12 4
35 13 5
35 14 5
35 15 2
35 16 5
35 17 2
35 18 3
35 19 5
35 20 5
35 21 2
35 22 2
35 23 5
35 24 5
35 25 4
35 26 1
35 27 3
35 28 3
35 29 2
35 30 1
35 31 4
35 32 3
35 33 1
35 34 4
35 36 5
35 37 5
35 38 2
35 39 2
35 40 3
35 41 5
35 42 5
35 43 1
35 44 3
35 45 1
35 46 2
35 47 1
35 48 3
35 49 3
35 50 4
36 1 2
36 2 2
36 3 2
36 4 5
36 5 3
36 6 3
36 7 3
36 8 3
36 9 5
36 10 3
36 11 2
36 12 3
36 13 1
36 14 1
36 15 5
36 16 2
36 17 5
36 18 5
36 19 3
36 20 1
36 21 4
36 22 4
36 23 3
36 24 2
36 25 3
36 26 3
36 27 3
36 28 4
36 29 2
36 30 1
36 31 4
36 32 3
36 33 4
36 34 2
36 35 2
36 37 2
36 38 5
36 39 2
36 40 4
36 41 1
36 42 4
36 43 2
36 44 3
36 45 1
36 46 2
36 47 5
36 48 4
36 49 1
36 50 1
37 1 4
37 2 4
37 3 4
37 4 2
37 5 1
37 6 2
37 7 2
37 8 5
37 9 5
37 10 5
37 11 2
37 12 5
37 13 5
37 14 1
37 15 5
37 16 1
37 17 3
37 18 1
37 19 2
37 20 1
37 21 2
37 22 3
37 23 1
37 24 3
37 25 2
37 26 3
37 27 2
37 28 1
37 29 2
37 30 2
37 31 1
37 32 2
37 33 5
37 34 2
37 35 5
37 36 2
37 38 3
37 39 1
37 40 4
37 41 4
37 42 2
37 43 5
37 44 5
37 45 1
37 46 2
37 47 5
37 48 2
37 49 1
37 50 5
38 1 3
38 2 1
38 3 3
38 4 2
38 5 3
38 6 1
38 7 4
38 8 1
38 9 4
38 10 1
38 11 4
38 12 5
38 13 4
38 14 5
38 15 2
38 16 5
38 17 4
38 18 5
38 19 4
38 20 2
38 21 3
38 22 3
38 23 3
38 24 4
38 25 2
38 26 4
38 27 1
38 28 3
38 29 2
38 30 1
38 31 3
38 32 1
38 33 4
38 34 2
38 35 3
38 36 1
38 37 4
38 39 3
38 40 1
38 41 2
38 42 3
38 43 1
38 44 4
38 45 3
38 46 5
38 47 2
38 48 2
38 49 1
38 50 1
39 1 3
39 2 2
39 3 1
39 4 5
39 5 4
39 6 4
39 7 3
39 8 4
39 9 1
39 10 1
39 11 2
39 12 2
39 13 5
39 14 3
39 15 2
39 16 3
39 17 2
39 18 2
39 19 2
39 20 1
39 21 5
39 22 3
39 23 5
39 24 5
39 25 1
39 26 3
39 27 2
39 28 2
39 29 4
39 30 2
39 31 5
39 32 3
39 33 5
39 34 5
39 35 2
39 36 5
39 37 3
39 38 2
39 40 4
39 41 4
39 42 4
39 43 5
39 44 2
39 45 5
39 46 4
39 47 3
39 48 2
39 49 2
39 50 1
40 1 3
40 2 2
40 3 5
40 4 3
40 5 2
40 6 2
40 7 3
40 8 4
40 9 3
40 10 2
40 11 4
40 12 1
40 13 1
40 14 2
40 15 5
40 16 2
40 17 5
40 18 4
40 19 4
40 20 3
40 21 4
40 22 4
40 23 1
40 24 1
40 25 2
40 26 2
40 27 4
40 28 1
40 29 4
40 30 1
40 31 2
40 32 1
40 33 4
40 34 3
40 35 3
40 36 5
40 37 1
40 38 3
40 39 5
40 41 5
40 42 1
40 43 1
40 44 5
40 45 3
40 46 4
40 47 1
40 48 4
40 49 5
40 50 5
41 1 4
41 2 3
41 3 5
41 4 3
41 5 5
41 6 5
41 7 1
41 8 2
41 9 4
41 10 2
41 11 5
41 12 1
41 13 5
41 14 2
41 15 4
41 16 4
41 17 2
41 18 1
41 19 5
41 20 1
41 21 5
41 22 4
41 23 1
41 24 5
41 25 4
41 26 5
41 27 5
41 28 1
41 29 3
41 30 5
41 31 5
41 32 1
41 33 2
41 34 5
41 35 5
41 36 1
41 37 1
41 38 1
41 39 4
41 40 4
41 42 4
41 43 3
41 44 1
41 45 3
41 46 2
41 47 5
41 48 1
41 49 3
41 50 5
42 1 5
42 2 5
42 3 1
42 4 1
42 5 2
42 6 3
42 7 1
42 8 1
42 9 2
42 10 1
42 11 3
42 12 1
42 13 1
42 14 5
42 15 4
42 16 2
42 17 2
42 18 5
42 19 4
42 20 4
42 21 3
42 22 3
42 23 2
42 24 3
42 25 5
42 26 1
42 27 4
42 28 4
42 29 1
42 30 3
42 31 5
42 32 3
42 33 2
42 34 3
42 35 3
42 36 3
42 37 5
42 38 5
42 39 5
42 40 3
42 41 5
42 43 4
42 44 4
42 45 2
42 46 3
42 47 2
42 48 5
42 49 1
42 50 3
43 1 4
43 2 4
43 3 3
43 4 3
43 5 2
43 6 2
43 7 2
43 8 2
43 9 2
43 10 3
43 11 5
43 12 4
43 13 4
43 14 4
43 15 2
43 16 1
43 17 3
43 18 1
43 19 5
43 20 2
43 21 5
43 22 3
43 23 1
43 24 3
43 25 3
43 26 5
43 27 2
43 28 1
43 29 4
43 30 5
43 31 4
43 32 2
43 33 5
43 34 3
43 35 4
43 36 2
43 37 4
43 38 3
43 39 5
43 40 5
43 41 5
43 42 1
43 44 3
43 45 3
43 46 1
43 47 1
43 48 4
43 49 3
43 50 3
44 1 5
44 2 4
44 3 2
44 4 4
44 5 2
44 6 1
44 7 3
44 8 1
44 9 2
44 10 4
44 11 1
44 12 1
44 13 4
44 14 3
44 15 1
44 16 1
44 17 3
44 18 4
44 19 4
44 20 5
44 21 5
44 22 3
44 23 4
44 24 1
44 25 2
44 26 4
44 27 1
44 28 2
44 29 4
44 30 1
44 31 4
44 32 3
44 33 1
44 34 2
44 35 4
44 36 4
44 37 2
44 38 3
44 39 4
44 40 5
44 41 1
44 42 5
44 43 3
44 45 4
44 46 4
44 47 5
44 48 4
44 49 1
44 50 5
45 1 4
45 2 1
45 3 4
45 4 1
45 5 1
45 6 1
45 7 4
45 8 4
45 9 4
45 10 5
45 11 2
45 12 1
45 13 5
45 14 2
45 15 1
45 16 3
45 17 2
45 18 5
45 19 1
45 20 4
45 21 5
45 22 3
45 23 5
45 24 1
45 25 2
45 26 5
45 27 4
45 28 1
45 29 1
45 30 5
45 31 2
45 32 4
45 33 2
45 34 2
45 35 2
45 36 2
45 37 3
45 38 5
45 39 3
45 40 3
45 41 2
45 42 4
45 43 3
45 44 3
45 46 2
45 47 5
45 48 1
45 49 3
45 50 4
46 1 3
46 2 2
46 3 1
46 4 5
46 5 3
46 6 1
46 7 1
46 8 4
46 9 5
46 10 3
46 11 4
46 12 1
46 13 4
46 14 5
46 15 4
46 16 3
46 17 1
46 18 2
46 19 2
46 20 5
46 21 4
46 22 4
46 23 1
46 24 3
46 25 3
46 26 1
46 27 1
46 28 2
46 29 1
46 30 4
46 31 3
46 32 3
46 33 2
46 34 5
46 35 5
46 36 4
46 37 5
46 38 5
46 39 4
46 40 1
46 41 5
46 42 3
46 43 3
46 44 5
46 45 4
46 47 1
46 48 2
46 49 4
46 50 3
47 1 3
47 2 5
47 3 1
47 4 3
47 5 3
47 6 5
47 7 5
47 8 3
47 9 3
47 10 4
47 11 5
47 12 1
47 13 3
47 14 4
47 15 2
47 16 2
47 17 3
47 18 2
47 19 3
47 20 5
47 21 5
47 22 4
47 23 4
47 24 4
47 25 1
47 26 5
47 27 2
47 28 2
47 29 2
47 30 2
47 31 1
47 32 4
47 33 2
47 34 3
47 35 2
47 36 1
47 37 5
47 38 3
47 39 3
47 40 2
47 41 3
47 42 2
47 43 2
47 44 5
47 45 5
47 46 5
47 48 3
47 49 5
47 50 3
48 1 1
48 2 4
48 3 4
48 4 1
48 5 4
48 6 5
48 7 1
48 8 3
48 9 1
48 10 4
48 11 4
48 12 5
48 13 1
48 14 5
48 15 1
48 16 4
48 17 3
48 18 1
48 19 3
48 20 2
48 21 5
48 22 1
48 23 5
48 24 3
48 25 4
48 26 1
48 27 4
48 28 5
48 29 4
48 30 3
48 31 2
48 32 1
48 33 1
48 34 2
48 35 1
48 36 1
48 37 1
48 38 3
48 39 4
48 40 2
48 41 2
48 42 4
48 43 3
48 44 2
48 45 5
48 46 5
48 47 2
48 49 2
48 50 5
49 1 1
49 2 4
49 3 1
49 4 1
49 5 3
49 6 3
49 7 1
49 8 5
49 9 1
49 10 5
49 11 3
49 12 1
49 13 1
49 14 5
49 15 1
49 16 5
49 17 5
49 18 4
49 19 5
49 20 3
49 21 2
49 22 3
49 23 1
49 24 2
49 25 5
49 26 4
49 27 2
49 28 4
49 29 1
49 30 3
49 31 5
49 32 3
49 33 3
49 34 5
49 35 4
49 36 2
49 37 4
49 38 1
49 39 2
49 40 2
49 41 1
49 42 1
49 43 2
49 44 3
49 45 1
49 46 4
49 47 2
49 48 2
49 50 2
50 1 2
50 2 4
50 3 5
50 4 4
50 5 4
50 6 2
50 7 4
50 8 5
50 9 3
50 10 4
50 11 5
50 12 2
50 13 4
50 14 2
50 15 5
50 16 5
50 17 2
50 18 1
50 19 1
50 20 3
50 21 4
50 22 2
50 23 5
50 24 5
50 25 5
50 26 2
50 27 5
50 28 5
50 29 4
50 30 1
50 31 4
50 32 5
50 33 2
50 34 3
50 35 5
50 36 2
50 37 4
50 38 5
50 39 1
50 40 3
50 41 4
50 42 2
50 43 5
50 44 4
50 45 1
50 46 1
50 47 5
50 48 2
50 49 3

END
