INSTANCE_NAME b03.dat
NB_VERTICES 50
NB_ARCS 83
NB_REQUESTS 0
NB_BLOCKAGES 8
NB_A' 2367

VERTICES
1 0 0
2 0 0
3 0 0
4 0 0
5 0 0
6 0 0
7 0 0
8 0 0
9 0 0
10 0 0
11 0 0
12 0 0
13 0 0
14 0 0
15 0 0
16 0 0
17 0 0
18 0 0
19 0 0
20 0 0
21 0 0
22 0 0
23 0 0
24 0 0
25 0 0
26 0 0
27 0 0
28 0 0
29 0 0
30 0 0
31 0 0
32 0 0
33 0 0
34 0 0
35 0 0
36 0 0
37 0 0
38 0 0
39 0 0
40 0 0
41 0 0
42 0 0
43 0 0
44 0 0
45 0 0
46 0 0
47 0 0
48 0 0
49 0 0
50 0 0

ARCS
1 49 6
49 10 8
10 9 4
9 18 5
18 16 4
16 38 2
38 23 2
23 20 7
20 11 5
11 3 8
3 7 5
7 17 4
17 50 7
50 22 5
22 9 8
9 21 1
21 8 7
8 2 7
2 48 8
48 4 1
4 5 1
5 22 4
22 4 5
4 32 10
32 30 4
30 10 8
10 6 4
6 45 3
45 9 9
9 41 10
41 29 4
29 7 4
7 33 5
33 36 5
36 42 8
42 41 6
42 44 9
44 30 4
30 21 9
21 11 8
11 15 8
15 47 9
47 16 8
16 14 1
14 28 7
28 40 4
40 19 8
19 12 9
12 35 8
35 14 6
14 50 7
50 39 1
39 26 6
26 30 10
30 12 5
12 21 1
30 31 8
31 5 2
31 37 2
37 29 2
31 13 1
13 10 1
10 48 1
48 23 2
10 20 4
13 34 2
34 1 10
1 40 1
40 24 1
24 27 5
27 9 1
9 43 2
43 50 7
50 40 5
27 15 5
34 46 6
46 38 4
13 22 8
22 25 2
25 47 10
47 49 3
30 18 1
32 2 7

REQUESTS

BLOCKAGES
10 48
32 30
29 7
21 11
31 13
27 15
30 12
5 22

A'
1 2 163
1 3 214
1 4 174
1 5 393
1 6 354
1 7 148
1 8 522
1 9 493
1 10 103
1 11 614
1 12 35
1 13 974
1 14 662
1 15 151
1 16 994
1 17 112
1 18 444
1 19 502
1 20 261
1 21 519
1 22 271
1 23 595
1 24 978
1 25 460
1 26 76
1 27 925
1 28 405
1 29 859
1 30 104
1 31 852
1 32 332
1 33 266
1 34 417
1 35 506
1 36 11
1 37 122
1 38 5
1 39 884
1 41 966
1 42 107
1 43 497
1 44 1000
1 45 80
1 46 158
1 47 151
1 48 425
1 50 621
2 1 594
2 3 926
2 4 881
2 5 464
2 6 548
2 7 476
2 8 441
2 9 8
2 10 903
2 11 366
2 12 412
2 13 761
2 14 821
2 15 615
2 16 93
2 17 87
2 18 32
2 19 950
2 20 449
2 21 153
2 22 954
2 23 332
2 24 119
2 25 412
2 26 829
2 27 470
2 28 491
2 29 338
2 30 620
2 31 268
2 32 959
2 33 565
2 34 193
2 35 839
2 36 29
2 37 741
2 38 314
2 39 821
2 40 100
2 41 568
2 42 538
2 43 863
2 44 329
2 45 359
2 46 477
2 47 773
2 49 797
2 50 508
3 1 722
3 2 245
3 4 13
3 5 27
3 6 576
3 8 483
3 9 790
3 10 756
3 11 952
3 12 632
3 13 94
3 14 924
3 15 899
3 16 52
3 17 840
3 18 92
3 19 890
3 20 220
3 21 184
3 22 556
3 23 41
3 24 635
3 25 475
3 26 930
3 27 497
3 28 803
3 29 288
3 30 973
3 31 575
3 32 84
3 33 833
3 34 648
3 35 328
3 36 197
3 37 26
3 38 256
3 39 679
3 40 167
3 41 11
3 42 982
3 43 799
3 44 456
3 45 257
3 46 697
3 47 507
3 48 449
3 49 140
3 50 749
4 1 668
4 2 675
4 3 656
4 6 60
4 7 309
4 8 130
4 9 990
4 10 805
4 11 285
4 12 629
4 13 778
4 14 211
4 15 713
4 16 962
4 17 211
4 18 392
4 19 158
4 20 588
4 21 999
4 22 188
4 23 755
4 24 362
4 25 521
4 26 553
4 27 817
4 28 778
4 29 601
4 30 676
4 31 578
4 33 93
4 34 776
4 35 245
4 36 767
4 37 431
4 38 657
4 39 76
4 40 912
4 41 998
4 42 232
4 43 548
4 44 626
4 45 361
4 46 759
4 47 690
4 48 322
4 49 321
4 50 82
5 1 831
5 2 908
5 3 80
5 4 18
5 6 14
5 7 793
5 8 539
5 9 918
5 10 610
5 11 668
5 12 519
5 13 285
5 14 245
5 15 611
5 16 60
5 17 841
5 18 729
5 19 842
5 20 849
5 21 156
5 23 105
5 24 846
5 25 388
5 26 5
5 27 824
5 28 100
5 29 115
5 30 513
5 31 422
5 32 435
5 33 594
5 34 604
5 35 694
5 36 26
5 37 622
5 38 708
5 39 818
5 40 512
5 41 625
5 42 779
5 43 531
5 44 495
5 45 415
5 46 127
5 47 105
5 48 826
5 49 319
5 50 186
6 1 667
6 2 168
6 3 341
6 4 124
6 5 365
6 7 728
6 8 128
6 9 188
6 10 180
6 11 242
6 12 53
6 13 953
6 14 28
6 15 998
6 16 556
6 17 721
6 18 23
6 19 529
6 20 428
6 21 193
6 22 392
6 23 405
6 24 323
6 25 922
6 26 899
6 27 738
6 28 400
6 29 356
6 30 563
6 31 719
6 32 541
6 33 582
6 34 238
6 35 881
6 36 57
6 37 954
6 38 961
6 39 184
6 40 142
6 41 140
6 42 777
6 43 194
6 44 92
6 46 804
6 47 191
6 48 999
6 49 524
6 50 566
7 1 528
7 2 304
7 3 110
7 4 919
7 5 60
7 6 432
7 8 193
7 9 958
7 10 521
7 11 592
7 12 665
7 13 84
7 14 310
7 15 205
7 16 17
7 18 899
7 19 438
7 20 73
7 21 853
7 22 750
7 23 608
7 24 346
7 25 241
7 26 384
7 27 891
7 28 332
7 29 187
7 30 433
7 31 682
7 32 62
7 34 998
7 35 209
7 36 717
7 37 459
7 38 480
7 39 128
7 40 243
7 41 672
7 42 438
7 43 763
7 44 263
7 45 102
7 46 198
7 47 925
7 48 659
7 49 566
7 50 823
8 1 96
8 3 638
8 4 27
8 5 845
8 6 245
8 7 372
8 9 85
8 10 980
8 11 262
8 12 768
8 13 166
8 14 695
8 15 449
8 16 580
8 17 44
8 18 10
8 19 648
8 20 855
8 21 841
8 22 776
8 23 97
8 24 512
8 25 213
8 26 211
8 27 126
8 28 666
8 29 761
8 30 402
8 31 324
8 32 326
8 33 577
8 34 419
8 35 316
8 36 603
8 37 615
8 38 560
8 39 975
8 40 51
8 41 540
8 42 236
8 43 818
8 44 57
8 45 282
8 46 619
8 47 988
8 48 326
8 49 980
8 50 988
9 1 532
9 2 820
9 3 763
9 4 628
9 5 683
9 6 327
9 7 190
9 8 808
9 10 992
9 11 302
9 12 210
9 13 316
9 14 628
9 15 786
9 16 86
9 17 943
9 19 740
9 20 701
9 22 854
9 23 714
9 24 751
9 25 745
9 26 302
9 27 921
9 28 154
9 29 935
9 30 539
9 31 141
9 32 612
9 33 870
9 34 128
9 35 143
9 36 689
9 37 242
9 38 122
9 39 371
9 40 920
9 42 312
9 44 530
9 45 912
9 46 613
9 47 91
9 48 579
9 49 592
9 50 876
10 1 664
10 2 886
10 3 616
10 4 716
10 5 92
10 7 681
10 8 467
10 11 836
10 12 334
10 13 739
10 14 341
10 15 269
10 16 629
10 17 482
10 18 880
10 19 498
10 21 961
10 22 23
10 23 538
10 24 555
10 25 144
10 26 260
10 27 474
10 28 807
10 29 789
10 30 385
10 31 772
10 32 880
10 33 315
10 34 715
10 35 107
10 36 979
10 37 601
10 38 74
10 39 694
10 40 44
10 41 107
10 42 512
10 43 231
10 44 440
10 45 602
10 46 572
10 47 708
10 49 230
10 50 53
11 1 588
11 2 79
11 4 365
11 5 610
11 6 616
11 7 919
11 8 105
11 9 875
11 10 745
11 12 912
11 13 664
11 14 481
11 16 683
11 17 895
11 18 796
11 19 749
11 20 1
11 21 774
11 22 349
11 23 427
11 24 819
11 25 744
11 26 533
11 27 683
11 28 975
11 29 972
11 30 284
11 31 546
11 32 680
11 33 866
11 34 950
11 35 619
11 36 944
11 37 314
11 38 580
11 39 560
11 40 585
11 41 684
11 42 434
11 43 329
11 44 947
11 45 449
11 46 809
11 47 981
11 48 695
11 49 604
11 50 730
12 1 48
12 2 729
12 3 430
12 4 474
12 5 900
12 6 174
12 7 358
12 8 934
12 9 148
12 10 681
12 11 217
12 13 693
12 14 360
12 15 434
12 16 642
12 17 330
12 18 378
12 19 307
12 20 909
12 22 289
12 23 891
12 24 593
12 25 74
12 26 571
12 27 539
12 28 523
12 29 380
12 30 872
12 31 569
12 32 335
12 33 601
12 34 616
12 36 416
12 37 30
12 38 441
12 39 315
12 40 203
12 41 798
12 42 248
12 43 350
12 44 479
12 45 816
12 46 394
12 47 190
12 48 250
12 49 35
12 50 520
13 1 979
13 2 694
13 3 780
13 4 267
13 5 584
13 6 724
13 7 340
13 8 507
13 9 615
13 11 214
13 12 886
13 14 486
13 15 783
13 16 572
13 17 86
13 18 398
13 19 987
13 20 115
13 21 839
13 23 653
13 24 318
13 25 988
13 26 900
13 27 19
13 28 466
13 29 68
13 30 413
13 31 656
13 32 669
13 33 447
13 35 527
13 36 647
13 37 492
13 38 658
13 39 913
13 40 76
13 41 382
13 42 252
13 43 582
13 44 996
13 45 466
13 46 819
13 47 481
13 48 600
13 49 742
13 50 918
14 1 997
14 2 729
14 3 32
14 4 187
14 5 381
14 6 701
14 7 175
14 8 633
14 9 720
14 10 640
14 11 700
14 12 132
14 13 647
14 15 368
14 16 930
14 17 525
14 18 14
14 19 422
14 20 183
14 21 278
14 22 849
14 23 564
14 24 881
14 25 782
14 26 911
14 27 346
14 29 600
14 30 391
14 31 297
14 32 693
14 33 308
14 34 294
14 35 421
14 36 691
14 37 480
14 38 154
14 39 392
14 40 654
14 41 786
14 42 111
14 43 646
14 44 837
14 45 594
14 46 644
14 47 204
14 48 523
14 49 169
15 1 569
15 2 296
15 3 351
15 4 198
15 5 144
15 6 266
15 7 78
15 8 925
15 9 176
15 10 776
15 11 876
15 12 918
15 13 72
15 14 569
15 16 577
15 17 365
15 18 341
15 19 267
15 20 197
15 21 494
15 22 10
15 23 202
15 24 631
15 25 472
15 26 847
15 27 467
15 28 65
15 29 491
15 30 22
15 31 940
15 32 11
15 33 590
15 34 235
15 35 361
15 36 787
15 37 731
15 38 978
15 39 865
15 40 7
15 41 153
15 42 640
15 43 883
15 44 422
15 45 63
15 46 803
15 48 998
15 49 428
15 50 143
16 1 616
16 2 976
16 3 989
16 4 626
16 5 177
16 6 619
16 7 97
16 8 24
16 9 86
16 10 514
16 11 866
16 12 107
16 13 453
16 15 876
16 17 49
16 18 39
16 19 588
16 20 835
16 21 769
16 22 917
16 23 51
16 24 776
16 25 69
16 26 42
16 27 10
16 28 490
16 29 105
16 30 812
16 31 487
16 32 884
16 33 306
16 34 102
16 35 859
16 36 294
16 37 79
16 39 387
16 40 913
16 41 176
16 42 762
16 43 350
16 44 689
16 45 627
16 46 456
16 47 493
16 48 854
16 49 856
16 50 531
17 1 793
17 2 43
17 3 300
17 4 709
17 5 93
17 6 75
17 7 129
17 8 487
17 9 84
17 10 618
17 11 943
17 12 247
17 13 456
17 14 826
17 15 552
17 16 910
17 18 36
17 19 846
17 20 340
17 21 422
17 22 110
17 23 515
17 24 184
17 25 459
17 26 555
17 27 162
17 28 266
17 29 47
17 30 368
17 31 122
17 32 930
17 33 160
17 34 164
17 35 229
17 36 221
17 37 608
17 38 655
17 39 349
17 40 94
17 41 90
17 42 319
17 43 388
17 44 336
17 45 126
17 46 565
17 47 239
17 48 35
17 49 600
18 1 84
18 2 727
18 3 374
18 4 193
18 5 593
18 6 909
18 7 3
18 8 148
18 9 422
18 10 269
18 11 546
18 12 789
18 13 742
18 14 475
18 15 301
18 17 905
18 19 55
18 20 521
18 21 512
18 22 61
18 23 869
18 24 958
18 25 150
18 26 187
18 27 345
18 28 837
18 29 665
18 30 910
18 31 76
18 32 51
18 33 861
18 34 511
18 35 777
18 36 586
18 37 56
18 38 370
18 39 494
18 40 58
18 41 517
18 42 916
18 43 678
18 44 414
18 45 56
18 46 419
18 47 241
18 48 356
18 49 323
18 50 647
19 1 876
19 2 187
19 3 708
19 4 97
19 5 496
19 6 209
19 7 635
19 8 840
19 9 46
19 10 299
19 11 101
19 13 473
19 14 350
19 15 962
19 16 983
19 17 126
19 18 547
19 20 38
19 21 495
19 22 393
19 23 448
19 24 363
19 25 308
19 26 477
19 27 777
19 28 363
19 29 896
19 30 369
19 31 71
19 32 570
19 33 15
19 34 946
19 35 108
19 36 722
19 37 42
19 38 603
19 39 931
19 40 29
19 41 443
19 42 328
19 43 327
19 44 543
19 45 800
19 46 676
19 47 856
19 48 134
19 49 154
19 50 403
20 1 524
20 2 648
20 3 795
20 4 971
20 5 11
20 6 454
20 7 799
20 8 139
20 9 168
20 10 694
20 12 859
20 13 238
20 14 616
20 15 873
20 16 536
20 17 723
20 18 947
20 19 577
20 21 326
20 22 229
20 23 605
20 24 120
20 25 908
20 26 284
20 27 14
20 28 707
20 29 959
20 30 870
20 31 192
20 32 464
20 33 272
20 34 715
20 35 112
20 36 418
20 37 37
20 38 474
20 39 223
20 40 836
20 41 964
20 42 390
20 43 881
20 44 822
20 45 980
20 46 496
20 47 46
20 48 515
20 49 219
20 50 992
21 1 443
21 2 896
21 3 572
21 4 48
21 5 15
21 6 479
21 7 683
21 9 28
21 10 537
21 12 993
21 13 249
21 14 729
21 15 457
21 16 872
21 17 795
21 18 568
21 19 289
21 20 832
21 22 393
21 23 863
21 24 667
21 25 356
21 26 253
21 27 899
21 28 177
21 29 584
21 30 395
21 31 574
21 32 98
21 33 965
21 34 566
21 35 540
21 36 860
21 37 489
21 38 939
21 39 226
21 40 968
21 41 621
21 42 605
21 43 504
21 44 614
21 45 854
21 46 584
21 47 422
21 48 725
21 49 379
21 50 341
22 1 366
22 2 210
22 3 733
22 5 228
22 6 228
22 7 88
22 8 832
22 10 126
22 11 616
22 12 415
22 13 872
22 14 189
22 15 512
22 16 836
22 17 106
22 18 404
22 19 47
22 20 595
22 21 342
22 23 272
22 24 562
22 26 315
22 27 229
22 28 417
22 29 928
22 30 82
22 31 1
22 32 349
22 33 158
22 34 731
22 35 41
22 36 523
22 37 940
22 38 773
22 39 103
22 40 519
22 41 212
22 42 934
22 43 996
22 44 827
22 45 701
22 46 868
22 47 367
22 48 564
22 49 703
22 50 825
23 1 967
23 2 102
23 3 419
23 4 661
23 5 373
23 6 332
23 7 975
23 8 953
23 9 100
23 10 902
23 11 34
23 12 452
23 13 602
23 14 192
23 15 182
23 16 642
23 17 66
23 18 473
23 19 766
23 21 168
23 22 991
23 24 977
23 25 102
23 26 339
23 27 155
23 28 154
23 29 206
23 30 873
23 31 717
23 32 260
23 33 697
23 34 36
23 35 361
23 36 467
23 37 696
23 38 86
23 39 798
23 40 670
23 41 38
23 42 250
23 43 923
23 44 424
23 45 701
23 46 876
23 47 615
23 48 883
23 49 517
23 50 32
24 1 707
24 2 634
24 3 200
24 4 50
24 5 610
24 6 653
24 7 388
24 8 116
24 9 806
24 10 593
24 11 988
24 12 874
24 13 204
24 14 685
24 15 909
24 16 917
24 17 503
24 18 604
24 19 2
24 20 653
24 21 273
24 22 391
24 23 902
24 25 195
24 26 814
24 28 602
24 29 70
24 30 780
24 31 836
24 32 938
24 33 812
24 34 543
24 35 571
24 36 363
24 37 944
24 38 532
24 39 15
24 40 331
24 41 647
24 42 820
24 43 275
24 44 987
24 45 693
24 46 478
24 47 23
24 48 602
24 49 394
24 50 525
25 1 557
25 2 747
25 3 177
25 4 830
25 5 490
25 6 78
25 7 376
25 8 655
25 9 32
25 10 446
25 11 787
25 12 219
25 13 735
25 14 950
25 15 761
25 16 658
25 17 312
25 18 56
25 19 189
25 20 326
25 21 386
25 22 188
25 23 145
25 24 660
25 26 526
25 27 189
25 28 490
25 29 548
25 30 142
25 31 235
25 32 72
25 33 699
25 34 982
25 35 249
25 36 528
25 37 823
25 38 678
25 39 255
25 40 477
25 41 709
25 42 700
25 43 615
25 44 928
25 45 787
25 46 564
25 48 40
25 49 444
25 50 875
26 1 96
26 2 984
26 3 200
26 4 481
26 5 523
26 6 696
26 7 493
26 8 48
26 9 237
26 10 982
26 11 595
26 12 378
26 13 216
26 14 19
26 15 76
26 16 549
26 17 267
26 18 955
26 19 371
26 20 944
26 21 210
26 22 200
26 23 5
26 24 261
26 25 814
26 27 932
26 28 47
26 29 378
26 31 323
26 32 842
26 33 252
26 34 418
26 35 826
26 36 804
26 37 251
26 38 700
26 39 499
26 40 743
26 41 748
26 42 87
26 43 724
26 44 694
26 45 465
26 46 939
26 47 712
26 48 892
26 49 488
26 50 978
27 1 199
27 2 210
27 3 274
27 4 408
27 5 409
27 6 278
27 7 20
27 8 575
27 10 561
27 11 419
27 12 304
27 13 883
27 14 260
27 16 907
27 17 301
27 18 437
27 19 710
27 20 551
27 21 137
27 22 561
27 23 645
27 24 236
27 25 647
27 26 368
27 28 929
27 29 463
27 30 658
27 31 641
27 32 355
27 33 497
27 34 970
27 35 553
27 36 59
27 37 243
27 38 312
27 39 819
27 40 872
27 41 331
27 42 393
27 43 432
27 44 749
27 45 696
27 46 315
27 47 361
27 48 603
27 49 967
27 50 797
28 1 664
28 2 517
28 3 285
28 4 224
28 5 513
28 6 520
28 7 223
28 8 880
28 9 449
28 10 685
28 11 889
28 12 441
28 13 39
28 14 386
28 15 410
28 16 943
28 17 796
28 18 653
28 19 254
28 20 614
28 21 524
28 22 937
28 23 7
28 24 308
28 25 37
28 26 54
28 27 622
28 29 397
28 30 8
28 31 940
28 32 546
28 33 672
28 34 808
28 35 182
28 36 895
28 37 320
28 38 702
28 39 469
28 41 551
28 42 502
28 43 154
28 44 439
28 45 942
28 46 544
28 47 176
28 48 351
28 49 487
28 50 971
29 1 3
29 2 92
29 3 585
29 4 879
29 5 28
29 6 943
29 8 538
29 9 417
29 10 996
29 11 511
29 12 813
29 13 4
29 14 450
29 15 710
29 16 675
29 17 257
29 18 892
29 19 921
29 20 576
29 21 945
29 22 390
29 23 126
29 24 446
29 25 543
29 26 916
29 27 387
29 28 86
29 30 92
29 31 737
29 32 924
29 33 62
29 34 92
29 35 16
29 36 998
29 37 322
29 38 395
29 39 940
29 40 859
29 41 811
29 42 288
29 43 721
29 44 976
29 45 291
29 46 170
29 47 685
29 48 317
29 49 778
29 50 928
30 1 237
30 2 353
30 3 872
30 4 978
30 5 830
30 6 669
30 7 872
30 8 745
30 9 55
30 11 310
30 13 188
30 14 792
30 15 233
30 16 250
30 17 235
30 19 600
30 20 599
30 22 556
30 23 995
30 24 539
30 25 766
30 26 157
30 27 826
30 28 486
30 29 132
30 32 468
30 33 7
30 34 169
30 35 784
30 36 784
30 37 448
30 38 372
30 39 488
30 40 320
30 41 702
30 42 317
30 43 988
30 44 573
30 45 413
30 46 395
30 47 882
30 48 601
30 49 538
30 50 467
31 1 202
31 2 772
31 3 66
31 4 800
31 6 679
31 7 412
31 8 690
31 9 444
31 10 569
31 11 867
31 12 281
31 14 700
31 15 334
31 16 287
31 17 220
31 18 469
31 19 422
31 20 668
31 21 193
31 22 909
31 23 987
31 24 894
31 25 577
31 26 326
31 27 466
31 28 989
31 29 72
31 30 348
31 32 941
31 33 609
31 34 166
31 35 142
31 36 380
31 38 231
31 39 294
31 40 58
31 41 995
31 42 983
31 43 853
31 44 563
31 45 202
31 46 133
31 47 262
31 48 887
31 49 771
31 50 482
32 1 356
32 3 544
32 4 501
32 5 548
32 6 452
32 7 487
32 8 441
32 9 380
32 10 164
32 11 258
32 12 721
32 13 236
32 14 957
32 15 661
32 16 196
32 17 122
32 18 155
32 19 576
32 20 705
32 21 800
32 22 985
32 23 699
32 24 782
32 25 838
32 26 261
32 27 335
32 28 322
32 29 874
32 31 222
32 33 445
32 34 707
32 35 577
32 36 988
32 37 207
32 38 476
32 39 792
32 40 45
32 41 268
32 42 171
32 43 561
32 44 877
32 45 891
32 46 148
32 47 834
32 48 904
32 49 343
32 50 307
33 1 58
33 2 270
33 3 11
33 4 857
33 5 255
33 6 709
33 7 990
33 8 92
33 9 321
33 10 677
33 11 765
33 12 547
33 13 898
33 14 209
33 15 605
33 16 826
33 17 197
33 18 812
33 19 653
33 20 340
33 21 208
33 22 272
33 23 510
33 24 768
33 25 148
33 26 753
33 27 267
33 28 981
33 29 656
33 30 610
33 31 640
33 32 65
33 34 879
33 35 650
33 37 273
33 38 133
33 39 711
33 40 614
33 41 576
33 42 383
33 43 290
33 44 341
33 45 929
33 46 539
33 47 901
33 48 534
33 49 364
33 50 449
34 2 697
34 3 16
34 4 788
34 5 904
34 6 287
34 7 650
34 8 24
34 9 787
34 10 402
34 11 290
34 12 119
34 13 409
34 14 251
34 15 758
34 16 473
34 17 130
34 18 408
34 19 97
34 20 614
34 21 470
34 22 710
34 23 542
34 24 852
34 25 352
34 26 234
34 27 133
34 28 890
34 29 134
34 30 18
34 31 254
34 32 935
34 33 714
34 35 621
34 36 722
34 37 969
34 38 260
34 39 371
34 40 344
34 41 46
34 42 124
34 43 634
34 44 164
34 45 532
34 47 236
34 48 274
34 49 356
34 50 717
35 1 33
35 2 452
35 3 331
35 4 502
35 5 162
35 6 224
35 7 705
35 8 865
35 9 457
35 10 189
35 11 754
35 12 942
35 13 206
35 15 7
35 16 876
35 17 271
35 18 980
35 19 950
35 20 592
35 21 239
35 22 672
35 23 935
35 24 636
35 25 796
35 26 920
35 27 151
35 28 327
35 29 156
35 30 424
35 31 683
35 32 872
35 33 456
35 34 486
35 36 554
35 37 309
35 38 999
35 39 129
35 40 14
35 41 863
35 42 937
35 43 202
35 44 617
35 45 879
35 46 760
35 47 975
35 48 106
35 49 30
35 50 954
36 1 407
36 2 621
36 3 544
36 4 79
36 5 908
36 6 531
36 7 874
36 8 827
36 9 682
36 10 552
36 11 982
36 12 457
36 13 586
36 14 206
36 15 265
36 16 72
36 17 111
36 18 925
36 19 70
36 20 240
36 21 290
36 22 933
36 23 176
36 24 844
36 25 901
36 26 406
36 27 603
36 28 875
36 29 864
36 30 984
36 31 181
36 32 270
36 33 605
36 34 724
36 35 700
36 37 512
36 38 255
36 39 573
36 40 690
36 41 288
36 43 477
36 44 24
36 45 96
36 46 62
36 47 229
36 48 712
36 49 133
36 50 691
37 1 637
37 2 555
37 3 930
37 4 926
37 5 839
37 6 458
37 7 769
37 8 739
37 9 215
37 10 723
37 11 613
37 12 78
37 13 707
37 14 793
37 15 348
37 16 663
37 17 869
37 18 47
37 19 526
37 20 475
37 21 972
37 22 215
37 23 114
37 24 448
37 25 238
37 26 209
37 27 861
37 28 818
37 30 921
37 31 346
37 32 861
37 33 909
37 34 900
37 35 790
37 36 834
37 38 738
37 39 599
37 40 955
37 41 476
37 42 814
37 43 677
37 44 440
37 45 891
37 46 735
37 47 585
37 48 590
37 49 397
37 50 453
38 1 989
38 2 274
38 3 927
38 4 960
38 5 841
38 6 40
38 7 759
38 8 430
38 9 600
38 10 971
38 11 248
38 12 872
38 13 316
38 14 108
38 15 780
38 16 215
38 17 249
38 18 966
38 19 952
38 20 200
38 21 272
38 22 779
38 24 13
38 25 300
38 26 219
38 27 255
38 28 35
38 29 803
38 30 197
38 31 783
38 32 607
38 33 185
38 34 57
38 35 885
38 36 496
38 37 897
38 39 924
38 40 606
38 41 678
38 42 875
38 43 576
38 44 925
38 45 99
38 46 892
38 47 384
38 48 878
38 49 106
38 50 985
39 1 195
39 2 410
39 3 184
39 4 818
39 5 188
39 6 548
39 7 118
39 8 758
39 9 154
39 10 504
39 11 912
39 12 350
39 13 286
39 14 518
39 15 534
39 16 694
39 17 402
39 18 381
39 19 942
39 20 677
39 21 986
39 22 620
39 23 904
39 24 562
39 25 896
39 27 2
39 28 805
39 29 632
39 30 231
39 31 910
39 32 616
39 33 426
39 34 671
39 35 151
39 36 595
39 37 211
39 38 50
39 40 712
39 41 320
39 42 203
39 43 215
39 44 232
39 45 553
39 46 853
39 47 749
39 48 438
39 49 898
39 50 503
40 1 819
40 2 192
40 3 531
40 4 156
40 5 811
40 6 434
40 7 717
40 8 58
40 9 435
40 10 873
40 11 689
40 12 666
40 13 135
40 14 656
40 15 443
40 16 805
40 17 158
40 18 37
40 20 367
40 21 207
40 22 101
40 23 687
40 25 762
40 26 315
40 27 918
40 28 666
40 29 519
40 30 18
40 31 103
40 32 417
40 33 520
40 34 273
40 35 960
40 36 51
40 37 429
40 38 122
40 39 836
40 41 497
40 42 179
40 43 271
40 44 370
40 45 220
40 46 288
40 47 504
40 48 227
40 49 730
40 50 308
41 1 385
41 2 118
41 3 675
41 4 943
41 5 218
41 6 361
41 7 704
41 8 885
41 9 630
41 10 721
41 11 403
41 12 647
41 13 824
41 14 171
41 15 519
41 16 96
41 17 130
41 18 569
41 19 524
41 20 251
41 21 404
41 22 373
41 23 782
41 24 26
41 25 742
41 26 1
41 27 313
41 28 245
41 30 227
41 31 394
41 32 904
41 33 963
41 34 512
41 35 930
41 36 258
41 37 729
41 38 642
41 39 313
41 40 965
41 42 271
41 43 34
41 44 368
41 45 918
41 46 857
41 47 890
41 48 788
41 49 304
41 50 20
42 1 708
42 2 180
42 3 622
42 4 463
42 5 552
42 6 403
42 7 489
42 8 293
42 9 403
42 10 153
42 11 889
42 12 982
42 13 547
42 14 792
42 15 296
42 16 410
42 17 722
42 18 553
42 19 490
42 20 363
42 21 866
42 22 455
42 23 986
42 24 251
42 25 174
42 26 255
42 27 107
42 28 63
42 29 42
42 30 762
42 31 82
42 32 749
42 33 941
42 34 56
42 35 211
42 36 844
42 37 458
42 38 51
42 39 136
42 40 213
42 43 204
42 45 24
42 46 546
42 47 102
42 48 168
42 49 841
42 50 511
43 1 241
43 2 746
43 3 352
43 4 955
43 5 611
43 6 806
43 7 940
43 8 861
43 9 979
43 10 194
43 11 319
43 12 394
43 13 587
43 14 432
43 15 827
43 16 687
43 17 373
43 18 882
43 19 898
43 20 216
43 21 340
43 22 300
43 23 704
43 24 904
43 25 855
43 26 79
43 27 449
43 28 956
43 29 246
43 30 641
43 31 818
43 32 486
43 33 386
43 34 170
43 35 441
43 36 348
43 37 327
43 38 732
43 39 560
43 40 658
43 41 926
43 42 878
43 44 51
43 45 864
43 46 310
43 47 877
43 48 551
43 49 34
44 1 111
44 2 800
44 3 601
44 4 450
44 5 99
44 6 304
44 7 705
44 8 954
44 9 383
44 10 153
44 11 261
44 12 980
44 13 793
44 14 79
44 15 466
44 16 531
44 17 600
44 18 258
44 19 878
44 20 278
44 21 989
44 22 438
44 23 935
44 24 266
44 25 667
44 26 985
44 27 130
44 28 328
44 29 214
44 31 680
44 32 361
44 33 324
44 34 831
44 35 314
44 36 125
44 37 929
44 38 617
44 39 829
44 40 234
44 41 351
44 42 333
44 43 495
44 45 331
44 46 477
44 47 573
44 48 148
44 49 7
44 50 524
45 1 757
45 2 885
45 3 801
45 4 745
45 5 322
45 6 736
45 7 11
45 8 340
45 10 72
45 11 492
45 12 668
45 13 637
45 14 523
45 15 28
45 16 312
45 17 353
45 18 341
45 19 436
45 20 281
45 21 310
45 22 616
45 23 515
45 24 12
45 25 300
45 26 361
45 27 342
45 28 777
45 29 285
45 30 841
45 31 783
45 32 808
45 33 597
45 34 19
45 35 960
45 36 694
45 37 692
45 38 47
45 39 56
45 40 32
45 41 119
45 42 899
45 43 699
45 44 107
45 46 421
45 47 78
45 48 419
45 49 773
45 50 771
46 1 854
46 2 405
46 3 80
46 4 822
46 5 271
46 6 443
46 7 121
46 8 983
46 9 137
46 10 897
46 11 267
46 12 977
46 13 32
46 14 426
46 15 926
46 16 402
46 17 386
46 18 971
46 19 94
46 20 432
46 21 378
46 22 477
46 23 902
46 24 276
46 25 175
46 26 9
46 27 696
46 28 604
46 29 779
46 30 820
46 31 374
46 32 984
46 33 576
46 34 805
46 35 805
46 36 199
46 37 248
46 39 278
46 40 181
46 41 384
46 42 526
46 43 800
46 44 712
46 45 909
46 47 225
46 48 989
46 49 311
46 50 610
47 1 959
47 2 756
47 3 394
47 4 336
47 5 232
47 6 295
47 7 963
47 8 758
47 9 655
47 10 10
47 11 361
47 12 433
47 13 829
47 14 87
47 15 769
47 17 757
47 18 891
47 19 573
47 20 307
47 21 490
47 22 202
47 23 487
47 24 225
47 25 728
47 26 638
47 27 937
47 28 636
47 29 863
47 30 277
47 31 946
47 32 472
47 33 588
47 34 53
47 35 865
47 36 923
47 37 284
47 38 512
47 39 238
47 40 41
47 41 518
47 42 247
47 43 754
47 44 303
47 45 428
47 46 840
47 48 71
47 50 184
48 1 82
48 2 995
48 3 842
48 5 924
48 6 197
48 7 680
48 8 148
48 9 924
48 10 318
48 11 436
48 12 559
48 13 180
48 14 713
48 15 857
48 16 3
48 17 300
48 18 909
48 19 868
48 20 574
48 21 545
48 22 731
48 24 811
48 25 937
48 26 248
48 27 410
48 28 690
48 29 902
48 30 837
48 31 881
48 32 972
48 33 20
48 34 315
48 35 967
48 36 213
48 37 238
48 38 515
48 39 892
48 40 737
48 41 790
48 42 209
48 43 173
48 44 700
48 45 388
48 46 237
48 47 556
48 49 391
48 50 888
49 1 817
49 2 610
49 3 461
49 4 361
49 5 692
49 6 624
49 7 649
49 8 939
49 9 33
49 11 691
49 12 841
49 13 221
49 14 571
49 15 164
49 16 240
49 17 237
49 18 482
49 19 804
49 20 826
49 21 996
49 22 695
49 23 563
49 24 137
49 25 904
49 26 87
49 27 837
49 28 291
49 29 675
49 30 744
49 31 33
49 32 562
49 33 560
49 34 642
49 35 374
49 36 272
49 37 333
49 38 349
49 39 921
49 40 624
49 41 381
49 42 611
49 43 816
49 44 601
49 45 533
49 46 979
49 47 192
49 48 122
49 50 813
50 1 995
50 2 947
50 3 160
50 4 690
50 5 861
50 6 297
50 7 945
50 8 947
50 9 133
50 10 235
50 11 621
50 12 228
50 13 268
50 14 534
50 15 788
50 16 261
50 17 908
50 18 411
50 19 946
50 20 256
50 21 683
50 23 569
50 24 989
50 25 645
50 26 736
50 27 941
50 28 530
50 29 714
50 30 485
50 31 651
50 32 878
50 33 831
50 34 597
50 35 38
50 36 872
50 37 810
50 38 686
50 41 816
50 42 756
50 43 818
50 44 403
50 45 729
50 46 397
50 47 670
50 48 262
50 49 184

END

R
1 2 3
1 3 5
1 4 3
1 5 3
1 6 4
1 7 4
1 8 5
1 9 1
1 10 4
1 11 4
1 12 1
1 13 1
1 14 5
1 15 3
1 16 1
1 17 3
1 18 2
1 19 3
1 20 2
1 21 1
1 22 1
1 23 5
1 24 1
1 25 2
1 26 2
1 27 5
1 28 3
1 29 3
1 30 4
1 31 4
1 32 2
1 33 1
1 34 3
1 35 4
1 36 1
1 37 3
1 38 4
1 39 2
1 40 4
1 41 3
1 42 2
1 43 1
1 44 5
1 45 1
1 46 3
1 47 3
1 48 3
1 49 1
1 50 5
2 1 4
2 3 2
2 4 3
2 5 4
2 6 2
2 7 4
2 8 2
2 9 1
2 10 3
2 11 1
2 12 1
2 13 1
2 14 2
2 15 2
2 16 3
2 17 2
2 18 4
2 19 1
2 20 1
2 21 5
2 22 1
2 23 5
2 24 2
2 25 1
2 26 4
2 27 2
2 28 1
2 29 1
2 30 5
2 31 1
2 32 3
2 33 5
2 34 4
2 35 5
2 36 3
2 37 5
2 38 5
2 39 2
2 40 2
2 41 3
2 42 2
2 43 3
2 44 3
2 45 4
2 46 1
2 47 3
2 48 5
2 49 4
2 50 3
3 1 2
3 2 3
3 4 3
3 5 1
3 6 4
3 7 5
3 8 5
3 9 3
3 10 2
3 11 5
3 12 4
3 13 5
3 14 4
3 15 3
3 16 3
3 17 3
3 18 1
3 19 5
3 20 3
3 21 2
3 22 1
3 23 2
3 24 5
3 25 5
3 26 4
3 27 3
3 28 5
3 29 1
3 30 5
3 31 3
3 32 5
3 33 3
3 34 3
3 35 4
3 36 4
3 37 3
3 38 4
3 39 5
3 40 5
3 41 2
3 42 1
3 43 3
3 44 1
3 45 5
3 46 3
3 47 4
3 48 2
3 49 5
3 50 3
4 1 1
4 2 1
4 3 5
4 5 4
4 6 2
4 7 5
4 8 3
4 9 2
4 10 4
4 11 5
4 12 3
4 13 4
4 14 5
4 15 5
4 16 1
4 17 3
4 18 3
4 19 5
4 20 3
4 21 2
4 22 5
4 23 5
4 24 3
4 25 4
4 26 2
4 27 4
4 28 1
4 29 5
4 30 5
4 31 5
4 32 4
4 33 3
4 34 2
4 35 4
4 36 1
4 37 1
4 38 5
4 39 5
4 40 2
4 41 5
4 42 5
4 43 4
4 44 3
4 45 4
4 46 3
4 47 5
4 48 3
4 49 3
4 50 5
5 1 3
5 2 1
5 3 1
5 4 2
5 6 3
5 7 1
5 8 5
5 9 1
5 10 4
5 11 5
5 12 3
5 13 5
5 14 5
5 15 2
5 16 4
5 17 5
5 18 4
5 19 4
5 20 4
5 21 4
5 22 2
5 23 4
5 24 5
5 25 5
5 26 3
5 27 5
5 28 4
5 29 5
5 30 2
5 31 1
5 32 1
5 33 4
5 34 2
5 35 3
5 36 2
5 37 1
5 38 5
5 39 2
5 40 4
5 41 5
5 42 3
5 43 3
5 44 5
5 45 4
5 46 1
5 47 5
5 48 4
5 49 4
5 50 5
6 1 2
6 2 4
6 3 1
6 4 2
6 5 3
6 7 2
6 8 2
6 9 2
6 10 5
6 11 3
6 12 1
6 13 3
6 14 5
6 15 1
6 16 1
6 17 2
6 18 5
6 19 1
6 20 3
6 21 3
6 22 1
6 23 3
6 24 2
6 25 3
6 26 4
6 27 5
6 28 3
6 29 3
6 30 3
6 31 4
6 32 4
6 33 2
6 34 2
6 35 4
6 36 3
6 37 2
6 38 2
6 39 1
6 40 5
6 41 1
6 42 3
6 43 5
6 44 5
6 45 2
6 46 3
6 47 5
6 48 5
6 49 2
6 50 3
7 1 5
7 2 1
7 3 3
7 4 2
7 5 2
7 6 3
7 8 5
7 9 1
7 10 5
7 11 4
7 12 1
7 13 5
7 14 2
7 15 2
7 16 2
7 17 2
7 18 1
7 19 5
7 20 3
7 21 2
7 22 4
7 23 5
7 24 1
7 25 1
7 26 5
7 27 5
7 28 3
7 29 1
7 30 1
7 31 1
7 32 3
7 33 5
7 34 1
7 35 3
7 36 1
7 37 4
7 38 5
7 39 2
7 40 4
7 41 1
7 42 2
7 43 1
7 44 1
7 45 5
7 46 2
7 47 4
7 48 1
7 49 3
7 50 3
8 1 5
8 2 4
8 3 3
8 4 2
8 5 1
8 6 3
8 7 3
8 9 5
8 10 2
8 11 3
8 12 1
8 13 2
8 14 3
8 15 5
8 16 4
8 17 5
8 18 3
8 19 2
8 20 1
8 21 4
8 22 3
8 23 1
8 24 1
8 25 3
8 26 3
8 27 5
8 28 5
8 29 3
8 30 3
8 31 4
8 32 2
8 33 4
8 34 2
8 35 5
8 36 5
8 37 2
8 38 4
8 39 2
8 40 4
8 41 1
8 42 5
8 43 4
8 44 4
8 45 4
8 46 5
8 47 3
8 48 3
8 49 2
8 50 1
9 1 3
9 2 1
9 3 3
9 4 5
9 5 3
9 6 3
9 7 5
9 8 2
9 10 2
9 11 4
9 12 1
9 13 5
9 14 1
9 15 5
9 16 3
9 17 2
9 18 4
9 19 1
9 20 2
9 21 3
9 22 1
9 23 2
9 24 2
9 25 4
9 26 3
9 27 5
9 28 4
9 29 5
9 30 4
9 31 2
9 32 5
9 33 3
9 34 2
9 35 5
9 36 4
9 37 4
9 38 2
9 39 3
9 40 3
9 41 5
9 42 2
9 43 5
9 44 1
9 45 4
9 46 4
9 47 5
9 48 2
9 49 5
9 50 2
10 1 3
10 2 2
10 3 3
10 4 5
10 5 5
10 6 3
10 7 2
10 8 1
10 9 3
10 11 3
10 12 1
10 13 5
10 14 4
10 15 3
10 16 1
10 17 5
10 18 1
10 19 2
10 20 1
10 21 1
10 22 1
10 23 2
10 24 4
10 25 5
10 26 4
10 27 4
10 28 1
10 29 3
10 30 5
10 31 2
10 32 2
10 33 2
10 34 5
10 35 4
10 36 1
10 37 1
10 38 1
10 39 4
10 40 3
10 41 4
10 42 3
10 43 3
10 44 3
10 45 2
10 46 5
10 47 5
10 48 1
10 49 2
10 50 3
11 1 4
11 2 4
11 3 3
11 4 2
11 5 4
11 6 5
11 7 1
11 8 2
11 9 2
11 10 5
11 12 1
11 13 3
11 14 1
11 15 3
11 16 4
11 17 1
11 18 5
11 19 4
11 20 4
11 21 1
11 22 1
11 23 4
11 24 3
11 25 5
11 26 1
11 27 1
11 28 1
11 29 2
11 30 4
11 31 2
11 32 5
11 33 2
11 34 3
11 35 4
11 36 5
11 37 1
11 38 3
11 39 2
11 40 3
11 41 4
11 42 2
11 43 3
11 44 3
11 45 4
11 46 2
11 47 3
11 48 2
11 49 2
11 50 3
12 1 5
12 2 2
12 3 3
12 4 3
12 5 1
12 6 4
12 7 5
12 8 2
12 9 4
12 10 3
12 11 5
12 13 3
12 14 2
12 15 3
12 16 5
12 17 1
12 18 4
12 19 5
12 20 5
12 21 1
12 22 4
12 23 1
12 24 4
12 25 4
12 26 3
12 27 4
12 28 5
12 29 3
12 30 5
12 31 3
12 32 5
12 33 1
12 34 1
12 35 5
12 36 5
12 37 2
12 38 3
12 39 4
12 40 5
12 41 2
12 42 2
12 43 1
12 44 4
12 45 5
12 46 5
12 47 5
12 48 2
12 49 3
12 50 1
13 1 2
13 2 3
13 3 5
13 4 2
13 5 3
13 6 5
13 7 1
13 8 2
13 9 4
13 10 3
13 11 1
13 12 2
13 14 3
13 15 2
13 16 2
13 17 2
13 18 1
13 19 5
13 20 1
13 21 2
13 22 4
13 23 2
13 24 5
13 25 4
13 26 2
13 27 4
13 28 3
13 29 1
13 30 1
13 31 1
13 32 4
13 33 2
13 34 5
13 35 3
13 36 5
13 37 3
13 38 2
13 39 5
13 40 4
13 41 2
13 42 3
13 43 1
13 44 5
13 45 5
13 46 4
13 47 4
13 48 3
13 49 2
13 50 3
14 1 3
14 2 3
14 3 2
14 4 2
14 5 4
14 6 2
14 7 5
14 8 2
14 9 5
14 10 1
14 11 4
14 12 2
14 13 4
14 15 2
14 16 3
14 17 3
14 18 1
14 19 5
14 20 1
14 21 3
14 22 5
14 23 4
14 24 5
14 25 3
14 26 4
14 27 1
14 28 1
14 29 2
14 30 5
14 31 2
14 32 4
14 33 4
14 34 1
14 35 2
14 36 5
14 37 4
14 38 4
14 39 5
14 40 3
14 41 5
14 42 2
14 43 1
14 44 3
14 45 2
14 46 5
14 47 5
14 48 1
14 49 2
14 50 2
15 1 1
15 2 4
15 3 1
15 4 4
15 5 3
15 6 5
15 7 4
15 8 5
15 9 1
15 10 5
15 11 4
15 12 4
15 13 1
15 14 3
15 16 5
15 17 4
15 18 4
15 19 3
15 20 2
15 21 5
15 22 5
15 23 3
15 24 3
15 25 3
15 26 5
15 27 4
15 28 4
15 29 5
15 30 1
15 31 5
15 32 1
15 33 3
15 34 4
15 35 3
15 36 4
15 37 3
15 38 3
15 39 2
15 40 5
15 41 5
15 42 4
15 43 5
15 44 3
15 45 4
15 46 4
15 47 2
15 48 2
15 49 3
15 50 2
16 1 1
16 2 4
16 3 3
16 4 3
16 5 2
16 6 5
16 7 3
16 8 2
16 9 5
16 10 4
16 11 3
16 12 5
16 13 1
16 14 5
16 15 5
16 17 3
16 18 3
16 19 4
16 20 2
16 21 5
16 22 3
16 23 3
16 24 3
16 25 5
16 26 1
16 27 3
16 28 3
16 29 4
16 30 1
16 31 5
16 32 2
16 33 1
16 34 1
16 35 5
16 36 4
16 37 2
16 38 1
16 39 3
16 40 3
16 41 1
16 42 1
16 43 2
16 44 2
16 45 1
16 46 2
16 47 1
16 48 5
16 49 4
16 50 1
17 1 4
17 2 5
17 3 1
17 4 1
17 5 4
17 6 5
17 7 3
17 8 1
17 9 2
17 10 4
17 11 2
17 12 4
17 13 5
17 14 4
17 15 4
17 16 4
17 18 4
17 19 5
17 20 5
17 21 1
17 22 4
17 23 2
17 24 3
17 25 1
17 26 3
17 27 5
17 28 2
17 29 5
17 30 2
17 31 2
17 32 5
17 33 5
17 34 4
17 35 5
17 36 2
17 37 2
17 38 4
17 39 2
17 40 5
17 41 3
17 42 5
17 43 3
17 44 1
17 45 1
17 46 1
17 47 4
17 48 5
17 49 5
17 50 3
18 1 1
18 2 2
18 3 3
18 4 2
18 5 5
18 6 3
18 7 1
18 8 1
18 9 4
18 10 5
18 11 2
18 12 3
18 13 1
18 14 3
18 15 1
18 16 1
18 17 2
18 19 4
18 20 1
18 21 5
18 22 3
18 23 3
18 24 4
18 25 5
18 26 3
18 27 1
18 28 3
18 29 3
18 30 5
18 31 4
18 32 2
18 33 2
18 34 5
18 35 5
18 36 5
18 37 1
18 38 2
18 39 5
18 40 2
18 41 3
18 42 1
18 43 5
18 44 5
18 45 2
18 46 5
18 47 2
18 48 4
18 49 1
18 50 5
19 1 1
19 2 5
19 3 3
19 4 4
19 5 5
19 6 4
19 7 3
19 8 5
19 9 3
19 10 3
19 11 2
19 12 1
19 13 4
19 14 5
19 15 1
19 16 3
19 17 5
19 18 3
19 20 2
19 21 1
19 22 4
19 23 4
19 24 4
19 25 1
19 26 5
19 27 5
19 28 5
19 29 1
19 30 5
19 31 2
19 32 5
19 33 5
19 34 1
19 35 4
19 36 5
19 37 2
19 38 5
19 39 5
19 40 3
19 41 2
19 42 2
19 43 1
19 44 3
19 45 2
19 46 1
19 47 5
19 48 5
19 49 2
19 50 2
20 1 3
20 2 4
20 3 3
20 4 1
20 5 2
20 6 3
20 7 5
20 8 3
20 9 4
20 10 5
20 11 4
20 12 5
20 13 1
20 14 4
20 15 2
20 16 5
20 17 5
20 18 3
20 19 4
20 21 1
20 22 2
20 23 5
20 24 2
20 25 3
20 26 4
20 27 1
20 28 5
20 29 3
20 30 5
20 31 3
20 32 2
20 33 2
20 34 1
20 35 4
20 36 4
20 37 5
20 38 3
20 39 3
20 40 4
20 41 1
20 42 4
20 43 3
20 44 5
20 45 4
20 46 3
20 47 3
20 48 5
20 49 4
20 50 5
21 1 3
21 2 5
21 3 3
21 4 5
21 5 3
21 6 2
21 7 5
21 8 3
21 9 1
21 10 3
21 11 4
21 12 3
21 13 1
21 14 2
21 15 1
21 16 4
21 17 5
21 18 2
21 19 3
21 20 4
21 22 2
21 23 3
21 24 4
21 25 4
21 26 4
21 27 3
21 28 3
21 29 1
21 30 4
21 31 2
21 32 2
21 33 2
21 34 3
21 35 4
21 36 3
21 37 5
21 38 1
21 39 2
21 40 3
21 41 3
21 42 1
21 43 1
21 44 3
21 45 1
21 46 5
21 47 5
21 48 1
21 49 4
21 50 1
22 1 3
22 2 5
22 3 2
22 4 2
22 5 3
22 6 3
22 7 5
22 8 5
22 9 2
22 10 2
22 11 4
22 12 5
22 13 3
22 14 2
22 15 2
22 16 4
22 17 1
22 18 2
22 19 1
22 20 4
22 21 1
22 23 5
22 24 5
22 25 3
22 26 2
22 27 2
22 28 2
22 29 1
22 30 3
22 31 3
22 32 3
22 33 2
22 34 2
22 35 2
22 36 4
22 37 4
22 38 1
22 39 3
22 40 1
22 41 2
22 42 2
22 43 1
22 44 2
22 45 1
22 46 4
22 47 3
22 48 4
22 49 4
22 50 1
23 1 1
23 2 2
23 3 3
23 4 1
23 5 3
23 6 1
23 7 2
23 8 2
23 9 4
23 10 5
23 11 4
23 12 1
23 13 4
23 14 5
23 15 2
23 16 5
23 17 3
23 18 1
23 19 5
23 20 3
23 21 3
23 22 2
23 24 1
23 25 3
23 26 5
23 27 1
23 28 1
23 29 4
23 30 5
23 31 4
23 32 5
23 33 5
23 34 2
23 35 4
23 36 2
23 37 2
23 38 4
23 39 4
23 40 3
23 41 5
23 42 5
23 43 1
23 44 5
23 45 3
23 46 2
23 47 4
23 48 5
23 49 2
23 50 1
24 1 4
24 2 1
24 3 3
24 4 2
24 5 1
24 6 5
24 7 3
24 8 1
24 9 5
24 10 2
24 11 2
24 12 5
24 13 3
24 14 4
24 15 3
24 16 1
24 17 5
24 18 4
24 19 2
24 20 5
24 21 1
24 22 1
24 23 1
24 25 3
24 26 5
24 27 4
24 28 2
24 29 5
24 30 3
24 31 3
24 32 5
24 33 3
24 34 5
24 35 4
24 36 2
24 37 2
24 38 3
24 39 4
24 40 2
24 41 4
24 42 2
24 43 1
24 44 3
24 45 4
24 46 4
24 47 1
24 48 5
24 49 5
24 50 4
25 1 1
25 2 5
25 3 2
25 4 1
25 5 5
25 6 1
25 7 2
25 8 5
25 9 2
25 10 2
25 11 4
25 12 1
25 13 3
25 14 2
25 15 2
25 16 2
25 17 5
25 18 3
25 19 1
25 20 5
25 21 5
25 22 5
25 23 2
25 24 5
25 26 2
25 27 5
25 28 5
25 29 4
25 30 1
25 31 4
25 32 5
25 33 3
25 34 5
25 35 3
25 36 5
25 37 2
25 38 3
25 39 2
25 40 1
25 41 2
25 42 5
25 43 2
25 44 2
25 45 4
25 46 5
25 47 4
25 48 2
25 49 4
25 50 1
26 1 3
26 2 3
26 3 2
26 4 2
26 5 1
26 6 3
26 7 5
26 8 3
26 9 4
26 10 1
26 11 3
26 12 3
26 13 5
26 14 1
26 15 4
26 16 2
26 17 2
26 18 5
26 19 1
26 20 5
26 21 3
26 22 2
26 23 1
26 24 4
26 25 1
26 27 5
26 28 3
26 29 1
26 30 1
26 31 3
26 32 3
26 33 5
26 34 2
26 35 5
26 36 1
26 37 3
26 38 4
26 39 3
26 40 5
26 41 3
26 42 3
26 43 4
26 44 2
26 45 4
26 46 1
26 47 5
26 48 2
26 49 3
26 50 2
27 1 2
27 2 2
27 3 1
27 4 1
27 5 3
27 6 4
27 7 1
27 8 4
27 9 3
27 10 1
27 11 4
27 12 5
27 13 3
27 14 4
27 15 1
27 16 4
27 17 1
27 18 5
27 19 3
27 20 3
27 21 4
27 22 2
27 23 2
27 24 3
27 25 5
27 26 5
27 28 5
27 29 1
27 30 1
27 31 2
27 32 2
27 33 5
27 34 4
27 35 2
27 36 5
27 37 3
27 38 2
27 39 5
27 40 1
27 41 1
27 42 2
27 43 1
27 44 5
27 45 1
27 46 4
27 47 3
27 48 5
27 49 2
27 50 4
28 1 4
28 2 1
28 3 5
28 4 2
28 5 3
28 6 4
28 7 1
28 8 2
28 9 3
28 10 1
28 11 5
28 12 5
28 13 5
28 14 4
28 15 3
28 16 3
28 17 3
28 18 2
28 19 5
28 20 4
28 21 2
28 22 2
28 23 2
28 24 2
28 25 4
28 26 2
28 27 3
28 29 3
28 30 3
28 31 4
28 32 1
28 33 3
28 34 1
28 35 5
28 36 1
28 37 3
28 38 3
28 39 1
28 40 2
28 41 1
28 42 4
28 43 3
28 44 2
28 45 3
28 46 1
28 47 1
28 48 2
28 49 5
28 50 2
29 1 3
29 2 5
29 3 3
29 4 5
29 5 1
29 6 4
29 7 3
29 8 4
29 9 3
29 10 5
29 11 4
29 12 1
29 13 2
29 14 1
29 15 4
29 16 2
29 17 2
29 18 3
29 19 1
29 20 4
29 21 4
29 22 3
29 23 4
29 24 1
29 25 4
29 26 3
29 27 3
29 28 4
29 30 5
29 31 2
29 32 2
29 33 2
29 34 3
29 35 4
29 36 3
29 37 3
29 38 5
29 39 5
29 40 2
29 41 2
29 42 1
29 43 2
29 44 5
29 45 3
29 46 2
29 47 5
29 48 1
29 49 5
29 50 2
30 1 1
30 2 1
30 3 1
30 4 4
30 5 4
30 6 3
30 7 4
30 8 2
30 9 3
30 10 5
30 11 1
30 12 1
30 13 1
30 14 4
30 15 4
30 16 2
30 17 2
30 18 1
30 19 3
30 20 3
30 21 4
30 22 1
30 23 4
30 24 5
30 25 5
30 26 1
30 27 4
30 28 4
30 29 3
30 31 5
30 32 3
30 33 3
30 34 5
30 35 3
30 36 3
30 37 4
30 38 2
30 39 2
30 40 5
30 41 1
30 42 3
30 43 2
30 44 2
30 45 3
30 46 5
30 47 5
30 48 1
30 49 1
30 50 2
31 1 3
31 2 1
31 3 3
31 4 4
31 5 4
31 6 4
31 7 5
31 8 1
31 9 2
31 10 1
31 11 3
31 12 4
31 13 3
31 14 5
31 15 3
31 16 2
31 17 5
31 18 1
31 19 5
31 20 3
31 21 2
31 22 1
31 23 5
31 24 5
31 25 4
31 26 4
31 27 5
31 28 3
31 29 5
31 30 2
31 32 1
31 33 4
31 34 2
31 35 3
31 36 2
31 37 5
31 38 4
31 39 4
31 40 2
31 41 2
31 42 4
31 43 4
31 44 5
31 45 1
31 46 1
31 47 3
31 48 4
31 49 5
31 50 5
32 1 3
32 2 4
32 3 4
32 4 3
32 5 3
32 6 3
32 7 1
32 8 1
32 9 4
32 10 5
32 11 2
32 12 1
32 13 3
32 14 1
32 15 4
32 16 2
32 17 4
32 18 1
32 19 5
32 20 4
32 21 2
32 22 2
32 23 2
32 24 3
32 25 3
32 26 4
32 27 3
32 28 2
32 29 2
32 30 4
32 31 4
32 33 2
32 34 2
32 35 2
32 36 1
32 37 1
32 38 1
32 39 4
32 40 3
32 41 5
32 42 5
32 43 2
32 44 2
32 45 2
32 46 4
32 47 5
32 48 4
32 49 4
32 50 5
33 1 5
33 2 3
33 3 4
33 4 3
33 5 4
33 6 1
33 7 1
33 8 5
33 9 5
33 10 2
33 11 3
33 12 5
33 13 5
33 14 4
33 15 3
33 16 3
33 17 2
33 18 5
33 19 4
33 20 5
33 21 2
33 22 5
33 23 1
33 24 3
33 25 1
33 26 3
33 27 3
33 28 5
33 29 3
33 30 2
33 31 2
33 32 2
33 34 4
33 35 2
33 36 5
33 37 4
33 38 4
33 39 2
33 40 5
33 41 3
33 42 5
33 43 3
33 44 4
33 45 5
33 46 3
33 47 1
33 48 4
33 49 4
33 50 5
34 1 4
34 2 5
34 3 3
34 4 3
34 5 1
34 6 3
34 7 3
34 8 5
34 9 5
34 10 5
34 11 2
34 12 1
34 13 3
34 14 5
34 15 1
34 16 4
34 17 1
34 18 5
34 19 2
34 20 2
34 21 1
34 22 1
34 23 2
34 24 3
34 25 4
34 26 3
34 27 3
34 28 1
34 29 3
34 30 3
34 31 5
34 32 2
34 33 3
34 35 2
34 36 4
34 37 5
34 38 4
34 39 4
34 40 1
34 41 1
34 42 5
34 43 2
34 44 3
34 45 2
34 46 3
34 47 4
34 48 2
34 49 4
34 50 5
35 1 5
35 2 2
35 3 5
35 4 2
35 5 3
35 6 5
35 7 5
35 8 2
35 9 2
35 10 5
35 11 5
35 12 4
35 13 1
35 14 3
35 15 3
35 16 2
35 17 1
35 18 4
35 19 3
35 20 1
35 21 4
35 22 5
35 23 5
35 24 2
35 25 2
35 26 3
35 27 5
35 28 5
35 29 1
35 30 3
35 31 1
35 32 2
35 33 1
35 34 3
35 36 3
35 37 4
35 38 2
35 39 2
35 40 2
35 41 5
35 42 3
35 43 3
35 44 3
35 45 3
35 46 5
35 47 3
35 48 2
35 49 3
35 50 1
36 1 1
36 2 5
36 3 2
36 4 5
36 5 5
36 6 3
36 7 1
36 8 4
36 9 4
36 10 3
36 11 2
36 12 3
36 13 3
36 14 3
36 15 4
36 16 2
36 17 1
36 18 4
36 19 3
36 20 4
36 21 2
36 22 2
36 23 2
36 24 5
36 25 2
36 26 4
36 27 1
36 28 4
36 29 2
36 30 3
36 31 1
36 32 2
36 33 5
36 34 4
36 35 1
36 37 1
36 38 4
36 39 4
36 40 4
36 41 2
36 42 1
36 43 2
36 44 2
36 45 5
36 46 5
36 47 5
36 48 2
36 49 5
36 50 5
37 1 1
37 2 5
37 3 1
37 4 3
37 5 1
37 6 2
37 7 1
37 8 2
37 9 3
37 10 1
37 11 3
37 12 2
37 13 3
37 14 2
37 15 1
37 16 2
37 17 2
37 18 1
37 19 2
37 20 5
37 21 2
37 22 5
37 23 2
37 24 3
37 25 1
37 26 4
37 27 4
37 28 2
37 29 5
37 30 5
37 31 1
37 32 2
37 33 5
37 34 2
37 35 1
37 36 5
37 38 3
37 39 1
37 40 3
37 41 2
37 42 3
37 43 1
37 44 4
37 45 1
37 46 4
37 47 1
37 48 4
37 49 5
37 50 4
38 1 5
38 2 2
38 3 5
38 4 4
38 5 5
38 6 4
38 7 2
38 8 3
38 9 3
38 10 3
38 11 4
38 12 2
38 13 4
38 14 1
38 15 3
38 16 2
38 17 1
38 18 3
38 19 1
38 20 4
38 21 2
38 22 3
38 23 1
38 24 4
38 25 3
38 26 1
38 27 2
38 28 3
38 29 1
38 30 4
38 31 3
38 32 5
38 33 2
38 34 2
38 35 1
38 36 1
38 37 3
38 39 2
38 40 1
38 41 5
38 42 4
38 43 4
38 44 3
38 45 4
38 46 1
38 47 1
38 48 2
38 49 2
38 50 5
39 1 3
39 2 2
39 3 3
39 4 2
39 5 2
39 6 2
39 7 1
39 8 5
39 9 3
39 10 5
39 11 5
39 12 1
39 13 3
39 14 2
39 15 2
39 16 4
39 17 2
39 18 5
39 19 3
39 20 5
39 21 5
39 22 2
39 23 5
39 24 3
39 25 2
39 26 4
39 27 4
39 28 4
39 29 5
39 30 2
39 31 5
39 32 4
39 33 3
39 34 2
39 35 2
39 36 1
39 37 3
39 38 2
39 40 5
39 41 3
39 42 2
39 43 2
39 44 3
39 45 4
39 46 3
39 47 2
39 48 4
39 49 1
39 50 1
40 1 2
40 2 5
40 3 2
40 4 5
40 5 4
40 6 4
40 7 3
40 8 4
40 9 4
40 10 1
40 11 1
40 12 2
40 13 2
40 14 4
40 15 1
40 16 4
40 17 1
40 18 2
40 19 1
40 20 4
40 21 3
40 22 3
40 23 5
40 24 1
40 25 3
40 26 5
40 27 5
40 28 1
40 29 1
40 30 5
40 31 3
40 32 4
40 33 1
40 34 4
40 35 5
40 36 5
40 37 4
40 38 3
40 39 5
40 41 3
40 42 5
40 43 5
40 44 1
40 45 2
40 46 4
40 47 2
40 48 5
40 49 1
40 50 5
41 1 2
41 2 4
41 3 4
41 4 2
41 5 1
41 6 5
41 7 1
41 8 5
41 9 4
41 10 1
41 11 5
41 12 4
41 13 5
41 14 5
41 15 1
41 16 3
41 17 5
41 18 5
41 19 1
41 20 2
41 21 5
41 22 5
41 23 1
41 24 1
41 25 1
41 26 4
41 27 4
41 28 4
41 29 3
41 30 1
41 31 3
41 32 2
41 33 5
41 34 1
41 35 3
41 36 5
41 37 5
41 38 5
41 39 1
41 40 1
41 42 2
41 43 3
41 44 1
41 45 1
41 46 2
41 47 1
41 48 3
41 49 1
41 50 1
42 1 5
42 2 4
42 3 2
42 4 2
42 5 5
42 6 4
42 7 4
42 8 3
42 9 3
42 10 2
42 11 3
42 12 5
42 13 1
42 14 4
42 15 4
42 16 1
42 17 3
42 18 5
42 19 3
42 20 2
42 21 3
42 22 3
42 23 3
42 24 5
42 25 5
42 26 5
42 27 3
42 28 5
42 29 4
42 30 4
42 31 2
42 32 3
42 33 2
42 34 5
42 35 1
42 36 3
42 37 4
42 38 4
42 39 3
42 40 3
42 41 2
42 43 2
42 44 2
42 45 2
42 46 2
42 47 3
42 48 5
42 49 4
42 50 4
43 1 4
43 2 2
43 3 1
43 4 3
43 5 1
43 6 5
43 7 2
43 8 5
43 9 3
43 10 1
43 11 3
43 12 3
43 13 5
43 14 2
43 15 1
43 16 4
43 17 5
43 18 4
43 19 2
43 20 5
43 21 3
43 22 4
43 23 2
43 24 4
43 25 3
43 26 5
43 27 5
43 28 5
43 29 1
43 30 3
43 31 3
43 32 1
43 33 1
43 34 4
43 35 3
43 36 3
43 37 5
43 38 4
43 39 2
43 40 4
43 41 2
43 42 1
43 44 3
43 45 1
43 46 2
43 47 4
43 48 1
43 49 1
43 50 4
44 1 3
44 2 1
44 3 1
44 4 3
44 5 4
44 6 4
44 7 5
44 8 5
44 9 3
44 10 4
44 11 1
44 12 2
44 13 4
44 14 1
44 15 2
44 16 4
44 17 1
44 18 4
44 19 3
44 20 1
44 21 2
44 22 4
44 23 4
44 24 2
44 25 3
44 26 4
44 27 5
44 28 1
44 29 5
44 30 3
44 31 4
44 32 4
44 33 5
44 34 4
44 35 1
44 36 5
44 37 4
44 38 1
44 39 4
44 40 1
44 41 1
44 42 1
44 43 4
44 45 4
44 46 4
44 47 5
44 48 2
44 49 1
44 50 5
45 1 2
45 2 1
45 3 3
45 4 2
45 5 5
45 6 1
45 7 4
45 8 5
45 9 3
45 10 5
45 11 1
45 12 2
45 13 5
45 14 4
45 15 1
45 16 1
45 17 5
45 18 2
45 19 4
45 20 2
45 21 2
45 22 2
45 23 2
45 24 3
45 25 5
45 26 3
45 27 3
45 28 2
45 29 4
45 30 3
45 31 3
45 32 2
45 33 5
45 34 1
45 35 3
45 36 4
45 37 3
45 38 2
45 39 1
45 40 5
45 41 3
45 42 1
45 43 1
45 44 4
45 46 5
45 47 3
45 48 4
45 49 1
45 50 4
46 1 5
46 2 4
46 3 3
46 4 1
46 5 2
46 6 2
46 7 5
46 8 4
46 9 4
46 10 1
46 11 3
46 12 3
46 13 1
46 14 1
46 15 2
46 16 1
46 17 4
46 18 3
46 19 3
46 20 2
46 21 5
46 22 5
46 23 4
46 24 5
46 25 5
46 26 4
46 27 1
46 28 5
46 29 3
46 30 3
46 31 5
46 32 4
46 33 1
46 34 2
46 35 4
46 36 3
46 37 3
46 38 5
46 39 1
46 40 3
46 41 3
46 42 5
46 43 5
46 44 3
46 45 3
46 47 4
46 48 5
46 49 1
46 50 3
47 1 4
47 2 2
47 3 2
47 4 3
47 5 2
47 6 3
47 7 5
47 8 5
47 9 4
47 10 4
47 11 4
47 12 1
47 13 5
47 14 2
47 15 2
47 16 2
47 17 2
47 18 1
47 19 4
47 20 2
47 21 3
47 22 2
47 23 1
47 24 5
47 25 3
47 26 3
47 27 2
47 28 3
47 29 2
47 30 2
47 31 5
47 32 5
47 33 5
47 34 3
47 35 5
47 36 3
47 37 1
47 38 4
47 39 4
47 40 1
47 41 4
47 42 5
47 43 1
47 44 3
47 45 1
47 46 4
47 48 4
47 49 5
47 50 1
48 1 5
48 2 1
48 3 4
48 4 3
48 5 1
48 6 3
48 7 2
48 8 5
48 9 1
48 10 5
48 11 3
48 12 4
48 13 1
48 14 4
48 15 5
48 16 4
48 17 3
48 18 2
48 19 1
48 20 1
48 21 2
48 22 1
48 23 1
48 24 1
48 25 3
48 26 4
48 27 2
48 28 2
48 29 4
48 30 3
48 31 2
48 32 5
48 33 5
48 34 2
48 35 2
48 36 5
48 37 1
48 38 4
48 39 1
48 40 1
48 41 3
48 42 3
48 43 1
48 44 5
48 45 1
48 46 5
48 47 3
48 49 1
48 50 1
49 1 5
49 2 1
49 3 5
49 4 5
49 5 4
49 6 5
49 7 3
49 8 2
49 9 3
49 10 1
49 11 2
49 12 5
49 13 4
49 14 2
49 15 4
49 16 1
49 17 3
49 18 5
49 19 3
49 20 3
49 21 5
49 22 4
49 23 2
49 24 4
49 25 1
49 26 2
49 27 2
49 28 1
49 29 1
49 30 2
49 31 3
49 32 1
49 33 4
49 34 2
49 35 2
49 36 2
49 37 2
49 38 4
49 39 5
49 40 4
49 41 4
49 42 2
49 43 4
49 44 5
49 45 3
49 46 4
49 47 5
49 48 2
49 50 4
50 1 2
50 2 5
50 3 5
50 4 2
50 5 1
50 6 1
50 7 3
50 8 4
50 9 2
50 10 5
50 11 5
50 12 5
50 13 2
50 14 5
50 15 5
50 16 4
50 17 1
50 18 4
50 19 5
50 20 2
50 21 3
50 22 5
50 23 2
50 24 4
50 25 5
50 26 1
50 27 3
50 28 4
50 29 2
50 30 5
50 31 4
50 32 1
50 33 1
50 34 5
50 35 2
50 36 3
50 37 5
50 38 1
50 39 2
50 40 3
50 41 5
50 42 3
50 43 2
50 44 2
50 45 2
50 46 4
50 47 2
50 48 4
50 49 2

END
