INSTANCE_NAME b04.dat
NB_VERTICES 50
NB_ARCS 104
NB_REQUESTS 0
NB_BLOCKAGES 10
NB_A' 2346

VERTICES
1 0 0
2 0 0
3 0 0
4 0 0
5 0 0
6 0 0
7 0 0
8 0 0
9 0 0
10 0 0
11 0 0
12 0 0
13 0 0
14 0 0
15 0 0
16 0 0
17 0 0
18 0 0
19 0 0
20 0 0
21 0 0
22 0 0
23 0 0
24 0 0
25 0 0
26 0 0
27 0 0
28 0 0
29 0 0
30 0 0
31 0 0
32 0 0
33 0 0
34 0 0
35 0 0
36 0 0
37 0 0
38 0 0
39 0 0
40 0 0
41 0 0
42 0 0
43 0 0
44 0 0
45 0 0
46 0 0
47 0 0
48 0 0
49 0 0
50 0 0

ARCS
22 4 9
4 3 10
3 6 5
6 47 1
47 18 2
18 1 10
1 13 10
13 4 10
4 45 5
45 2 9
2 39 5
39 10 10
10 25 10
25 14 7
14 15 5
15 11 4
11 8 5
8 3 2
3 12 8
12 7 3
7 18 8
18 2 8
2 40 2
40 3 7
3 21 5
21 32 6
32 15 3
15 23 2
23 16 6
16 5 9
5 22 7
22 7 6
7 23 10
23 19 5
19 48 10
48 3 6
3 26 9
26 1 3
26 43 6
43 11 9
11 9 6
9 10 8
11 42 10
42 17 1
17 14 8
17 27 7
27 3 7
3 49 10
49 40 7
40 13 1
13 12 2
13 27 6
27 20 6
20 8 10
8 30 10
30 20 10
20 28 7
28 11 2
11 33 3
33 15 9
15 29 4
29 31 1
31 8 1
8 45 5
45 31 6
31 16 9
16 40 4
40 38 3
38 20 8
20 36 9
36 32 1
32 25 7
32 29 1
29 33 5
33 27 2
27 15 9
33 35 4
35 23 6
23 22 7
22 18 4
35 47 9
47 29 7
47 41 2
41 38 1
38 46 9
46 32 9
32 30 6
30 50 3
50 36 3
50 38 4
32 34 3
34 24 7
24 4 9
24 44 7
44 39 9
34 41 2
41 45 3
45 37 7
37 8 10
37 43 3
43 31 9
45 35 8
45 49 10
33 48 10

REQUESTS

BLOCKAGES
15 29
15 11
10 25
32 29
35 47
7 23
45 2
23 16
27 3
4 3

A'
1 2 490
1 3 404
1 4 600
1 5 880
1 6 504
1 7 690
1 8 984
1 9 766
1 10 701
1 11 231
1 12 141
1 14 622
1 15 778
1 16 788
1 17 604
1 18 740
1 19 191
1 20 520
1 21 49
1 22 765
1 23 20
1 24 451
1 25 293
1 26 157
1 27 798
1 28 724
1 29 770
1 30 983
1 31 107
1 32 838
1 33 481
1 34 948
1 35 593
1 36 432
1 37 828
1 38 448
1 39 474
1 40 163
1 41 214
1 42 174
1 43 393
1 44 354
1 45 148
1 46 522
1 47 493
1 48 103
1 49 614
1 50 35
2 1 974
2 3 662
2 4 151
2 5 994
2 6 112
2 7 444
2 8 502
2 9 261
2 10 519
2 11 271
2 12 595
2 13 978
2 14 460
2 15 76
2 16 925
2 17 405
2 18 859
2 19 104
2 20 852
2 21 332
2 22 266
2 23 417
2 24 506
2 25 11
2 26 122
2 27 5
2 28 884
2 29 966
2 30 107
2 31 497
2 32 1000
2 33 80
2 34 158
2 35 151
2 36 425
2 37 621
2 38 594
2 41 926
2 42 881
2 43 464
2 44 548
2 45 476
2 46 441
2 47 8
2 48 903
2 49 366
2 50 412
3 1 761
3 2 821
3 4 615
3 5 93
3 7 87
3 8 32
3 9 950
3 10 449
3 11 153
3 13 954
3 14 332
3 15 119
3 16 412
3 17 829
3 18 470
3 19 491
3 20 338
3 22 620
3 23 268
3 24 959
3 25 565
3 27 193
3 28 839
3 29 29
3 30 741
3 31 314
3 32 821
3 33 100
3 34 568
3 35 538
3 36 863
3 37 329
3 38 359
3 39 477
3 40 773
3 41 797
3 42 508
3 43 722
3 44 245
3 45 13
3 46 27
3 47 576
3 48 483
3 50 790
4 1 756
4 2 952
4 5 632
4 6 94
4 7 924
4 8 899
4 9 52
4 10 840
4 11 92
4 12 890
4 13 220
4 14 184
4 15 556
4 16 41
4 17 635
4 18 475
4 19 930
4 20 497
4 21 803
4 22 288
4 23 973
4 24 575
4 25 84
4 26 833
4 27 648
4 28 328
4 29 197
4 30 26
4 31 256
4 32 679
4 33 167
4 34 11
4 35 982
4 36 799
4 37 456
4 38 257
4 39 697
4 40 507
4 41 449
4 42 140
4 43 749
4 44 668
4 46 675
4 47 656
4 48 60
4 49 309
4 50 130
5 1 990
5 2 805
5 3 285
5 4 629
5 6 778
5 7 211
5 8 713
5 9 962
5 10 211
5 11 392
5 12 158
5 13 588
5 14 999
5 15 188
5 16 755
5 17 362
5 18 521
5 19 553
5 20 817
5 21 778
5 23 601
5 24 676
5 25 578
5 26 93
5 27 776
5 28 245
5 29 767
5 30 431
5 31 657
5 32 76
5 33 912
5 34 998
5 35 232
5 36 548
5 37 626
5 38 361
5 39 759
5 40 690
5 41 322
5 42 321
5 43 82
5 44 831
5 45 908
5 46 80
5 47 18
5 48 14
5 49 793
5 50 539
6 1 918
6 2 610
6 3 668
6 4 519
6 5 285
6 7 245
6 8 611
6 9 60
6 10 841
6 11 729
6 12 842
6 13 849
6 14 156
6 15 105
6 16 846
6 17 388
6 18 5
6 19 824
6 20 100
6 21 115
6 22 513
6 23 422
6 24 435
6 25 594
6 26 604
6 27 694
6 28 26
6 29 622
6 30 708
6 31 818
6 32 512
6 33 625
6 34 779
6 35 531
6 36 495
6 37 415
6 38 127
6 39 105
6 40 826
6 41 319
6 42 186
6 43 667
6 44 168
6 45 341
6 46 124
6 48 365
6 49 728
6 50 128
7 1 188
7 2 180
7 3 242
7 4 53
7 5 953
7 6 28
7 8 998
7 9 556
7 10 721
7 11 23
7 12 529
7 13 428
7 14 193
7 15 392
7 16 405
7 17 323
7 19 922
7 20 899
7 21 738
7 22 400
7 24 356
7 25 563
7 26 719
7 27 541
7 28 582
7 29 238
7 30 881
7 31 57
7 32 954
7 33 961
7 34 184
7 35 142
7 36 140
7 37 777
7 38 194
7 39 92
7 40 804
7 41 191
7 42 999
7 43 524
7 44 566
7 45 528
7 46 304
7 47 110
7 48 919
7 49 60
7 50 432
8 1 193
8 2 958
8 4 521
8 5 592
8 6 665
8 7 84
8 9 310
8 10 205
8 11 17
8 12 899
8 13 438
8 14 73
8 15 853
8 16 750
8 17 608
8 18 346
8 19 241
8 20 384
8 21 891
8 22 332
8 23 187
8 24 433
8 25 682
8 26 62
8 27 998
8 28 209
8 29 717
8 31 459
8 32 480
8 33 128
8 34 243
8 35 672
8 36 438
8 37 763
8 38 263
8 39 102
8 40 198
8 41 925
8 42 659
8 43 566
8 44 823
8 46 96
8 47 638
8 48 27
8 49 845
8 50 245
9 1 372
9 2 85
9 3 980
9 4 262
9 5 768
9 6 166
9 7 695
9 8 449
9 11 580
9 12 44
9 13 10
9 14 648
9 15 855
9 16 841
9 17 776
9 18 97
9 19 512
9 20 213
9 21 211
9 22 126
9 23 666
9 24 761
9 25 402
9 26 324
9 27 326
9 28 577
9 29 419
9 30 316
9 31 603
9 32 615
9 33 560
9 34 975
9 35 51
9 36 540
9 37 236
9 38 818
9 39 57
9 40 282
9 41 619
9 42 988
9 43 326
9 44 980
9 45 988
9 46 532
9 47 820
9 48 763
9 49 628
9 50 683
10 1 327
10 2 190
10 3 808
10 4 992
10 5 302
10 6 210
10 7 316
10 8 628
10 9 786
10 11 86
10 12 943
10 13 740
10 14 701
10 15 854
10 16 714
10 17 751
10 18 745
10 19 302
10 20 921
10 21 154
10 22 935
10 23 539
10 24 141
10 26 612
10 27 870
10 28 128
10 29 143
10 30 689
10 31 242
10 32 122
10 33 371
10 34 920
10 35 312
10 36 530
10 37 912
10 38 613
10 39 91
10 40 579
10 41 592
10 42 876
10 43 664
10 44 886
10 45 616
10 46 716
10 47 92
10 48 681
10 49 467
10 50 836
11 1 334
11 2 739
11 3 341
11 4 269
11 5 629
11 6 482
11 7 880
11 10 498
11 12 961
11 13 23
11 14 538
11 15 555
11 16 144
11 17 260
11 18 474
11 19 807
11 20 789
11 21 385
11 22 772
11 23 880
11 24 315
11 25 715
11 26 107
11 27 979
11 28 601
11 29 74
11 30 694
11 31 44
11 32 107
11 34 512
11 35 231
11 36 440
11 37 602
11 38 572
11 39 708
11 40 230
11 41 53
11 43 588
11 44 79
11 45 365
11 46 610
11 47 616
11 48 919
11 49 105
11 50 875
12 1 745
12 2 912
12 3 664
12 4 481
12 5 683
12 6 895
12 8 796
12 9 749
12 10 1
12 11 774
12 13 349
12 14 427
12 15 819
12 16 744
12 17 533
12 18 683
12 19 975
12 20 972
12 21 284
12 22 546
12 23 680
12 24 866
12 25 950
12 26 619
12 27 944
12 28 314
12 29 580
12 30 560
12 31 585
12 32 684
12 33 434
12 34 329
12 35 947
12 36 449
12 37 809
12 38 981
12 39 695
12 40 604
12 41 730
12 42 48
12 43 729
12 44 430
12 45 474
12 46 900
12 47 174
12 48 358
12 49 934
12 50 148
13 1 681
13 2 217
13 3 693
13 5 360
13 6 434
13 7 642
13 8 330
13 9 378
13 10 307
13 11 909
13 14 289
13 15 891
13 16 593
13 17 74
13 18 571
13 19 539
13 20 523
13 21 380
13 22 872
13 23 569
13 24 335
13 25 601
13 26 616
13 28 416
13 29 30
13 30 441
13 31 315
13 32 203
13 33 798
13 34 248
13 35 350
13 36 479
13 37 816
13 38 394
13 39 190
13 40 250
13 41 35
13 42 520
13 43 979
13 44 694
13 45 780
13 46 267
13 47 584
13 48 724
13 49 340
13 50 507
14 1 615
14 2 214
14 3 886
14 4 486
14 5 783
14 6 572
14 7 86
14 8 398
14 9 987
14 10 115
14 11 839
14 12 653
14 13 318
14 16 988
14 17 900
14 18 19
14 19 466
14 20 68
14 21 413
14 22 656
14 23 669
14 24 447
14 25 527
14 26 647
14 27 492
14 28 658
14 29 913
14 30 76
14 31 382
14 32 252
14 33 582
14 34 996
14 35 466
14 36 819
14 37 481
14 38 600
14 39 742
14 40 918
14 41 997
14 42 729
14 43 32
14 44 187
14 45 381
14 46 701
14 47 175
14 48 633
14 49 720
14 50 640
15 1 700
15 2 132
15 3 647
15 4 368
15 5 930
15 6 525
15 7 14
15 8 422
15 9 183
15 10 278
15 12 849
15 13 564
15 14 881
15 16 782
15 17 911
15 18 346
15 19 600
15 20 391
15 21 297
15 22 693
15 24 308
15 25 294
15 26 421
15 27 691
15 28 480
15 30 154
15 31 392
15 32 654
15 33 786
15 34 111
15 35 646
15 36 837
15 37 594
15 38 644
15 39 204
15 40 523
15 41 169
15 42 569
15 43 296
15 44 351
15 45 198
15 46 144
15 47 266
15 48 78
15 49 925
15 50 176
16 1 776
16 2 876
16 3 918
16 4 72
16 6 569
16 7 577
16 8 365
16 9 341
16 10 267
16 11 197
16 12 494
16 13 10
16 14 202
16 15 631
16 17 472
16 18 847
16 19 467
16 20 65
16 21 491
16 22 22
16 23 940
16 24 11
16 25 590
16 26 235
16 27 361
16 28 787
16 29 731
16 30 978
16 31 865
16 32 7
16 33 153
16 34 640
16 35 883
16 36 422
16 37 63
16 38 803
16 39 998
16 41 428
16 42 143
16 43 616
16 44 976
16 45 989
16 46 626
16 47 177
16 48 619
16 49 97
16 50 24
17 1 86
17 2 514
17 3 866
17 4 107
17 5 453
17 6 876
17 7 49
17 8 39
17 9 588
17 10 835
17 11 769
17 12 917
17 13 51
17 15 776
17 16 69
17 18 42
17 19 10
17 20 490
17 21 105
17 22 812
17 23 487
17 24 884
17 25 306
17 26 102
17 28 859
17 29 294
17 30 79
17 31 387
17 32 913
17 33 176
17 34 762
17 35 350
17 36 689
17 37 627
17 38 456
17 39 493
17 40 854
17 41 856
17 42 531
17 43 793
17 44 43
17 45 300
17 46 709
17 47 93
17 48 75
17 49 129
17 50 487
18 3 84
18 4 618
18 5 943
18 6 247
18 7 456
18 8 826
18 9 552
18 10 910
18 11 36
18 12 846
18 13 340
18 14 422
18 15 110
18 16 515
18 17 184
18 19 459
18 20 555
18 21 162
18 22 266
18 23 47
18 24 368
18 25 122
18 26 930
18 27 160
18 28 164
18 29 229
18 30 221
18 31 608
18 32 655
18 33 349
18 34 94
18 35 90
18 36 319
18 37 388
18 38 336
18 39 126
18 40 565
18 41 239
18 42 35
18 43 600
18 44 84
18 45 727
18 46 374
18 47 193
18 48 593
18 49 909
18 50 3
19 1 148
19 2 422
19 3 269
19 4 546
19 5 789
19 6 742
19 7 475
19 8 301
19 9 905
19 10 55
19 11 521
19 12 512
19 13 61
19 14 869
19 15 958
19 16 150
19 17 187
19 18 345
19 20 837
19 21 665
19 22 910
19 23 76
19 24 51
19 25 861
19 26 511
19 27 777
19 28 586
19 29 56
19 30 370
19 31 494
19 32 58
19 33 517
19 34 916
19 35 678
19 36 414
19 37 56
19 38 419
19 39 241
19 40 356
19 41 323
19 42 647
19 43 876
19 44 187
19 45 708
19 46 97
19 47 496
19 49 209
19 50 635
20 1 840
20 2 46
20 3 299
20 4 101
20 5 473
20 6 350
20 7 962
20 9 983
20 10 126
20 11 547
20 12 38
20 13 495
20 14 393
20 15 448
20 16 363
20 17 308
20 18 477
20 19 777
20 21 363
20 22 896
20 23 369
20 24 71
20 25 570
20 26 15
20 27 946
20 29 108
20 30 722
20 31 42
20 32 603
20 33 931
20 34 29
20 35 443
20 37 328
20 38 327
20 39 543
20 40 800
20 41 676
20 42 856
20 43 134
20 44 154
20 45 403
20 46 524
20 47 648
20 48 795
20 49 971
20 50 11
21 1 454
21 2 799
21 3 139
21 4 168
21 5 694
21 6 859
21 7 238
21 8 616
21 9 873
21 10 536
21 11 723
21 12 947
21 13 577
21 14 326
21 15 229
21 16 605
21 17 120
21 18 908
21 19 284
21 20 14
21 22 707
21 23 959
21 24 870
21 25 192
21 26 464
21 27 272
21 28 715
21 29 112
21 30 418
21 31 37
21 33 474
21 34 223
21 35 836
21 36 964
21 37 390
21 38 881
21 39 822
21 40 980
21 41 496
21 42 46
21 43 515
21 44 219
21 45 992
21 46 443
21 47 896
21 48 572
21 49 48
21 50 15
22 1 479
22 2 683
22 3 28
22 5 537
22 6 993
22 8 249
22 9 729
22 10 457
22 11 872
22 12 795
22 13 568
22 14 289
22 15 832
22 16 393
22 17 863
22 19 667
22 20 356
22 21 253
22 23 899
22 24 177
22 25 584
22 26 395
22 27 574
22 28 98
22 29 965
22 30 566
22 31 540
22 32 860
22 33 489
22 34 939
22 35 226
22 36 968
22 37 621
22 38 605
22 39 504
22 40 614
22 41 854
22 42 584
22 43 422
22 44 725
22 45 379
22 46 341
22 47 366
22 48 210
22 49 733
22 50 228
23 1 228
23 2 88
23 3 832
23 4 126
23 5 616
23 6 415
23 7 872
23 8 189
23 9 512
23 10 836
23 11 106
23 12 404
23 13 47
23 14 595
23 15 342
23 17 272
23 18 562
23 20 315
23 21 229
23 24 417
23 25 928
23 26 82
23 27 1
23 28 349
23 29 158
23 30 731
23 31 41
23 32 523
23 33 940
23 34 773
23 35 103
23 36 519
23 37 212
23 38 934
23 39 996
23 40 827
23 41 701
23 42 868
23 43 367
23 44 564
23 45 703
23 46 825
23 47 967
23 48 102
23 49 419
23 50 661
24 1 373
24 2 332
24 3 975
24 5 953
24 6 100
24 7 902
24 8 34
24 9 452
24 10 602
24 11 192
24 12 182
24 13 642
24 14 66
24 15 473
24 16 766
24 17 168
24 18 991
24 19 977
24 20 102
24 21 339
24 22 155
24 23 154
24 25 206
24 26 873
24 27 717
24 28 260
24 29 697
24 30 36
24 31 361
24 32 467
24 33 696
24 34 86
24 35 798
24 36 670
24 37 38
24 38 250
24 39 923
24 40 424
24 41 701
24 42 876
24 43 615
24 45 883
24 46 517
24 47 32
24 48 707
24 49 634
24 50 200
25 1 50
25 2 610
25 3 653
25 4 388
25 5 116
25 6 806
25 7 593
25 8 988
25 9 874
25 10 204
25 11 685
25 12 909
25 13 917
25 15 503
25 16 604
25 17 2
25 18 653
25 19 273
25 20 391
25 21 902
25 22 195
25 23 814
25 24 602
25 26 70
25 27 780
25 28 836
25 29 938
25 30 812
25 31 543
25 32 571
25 33 363
25 34 944
25 35 532
25 36 15
25 37 331
25 38 647
25 39 820
25 40 275
25 41 987
25 42 693
25 43 478
25 44 23
25 45 602
25 46 394
25 47 525
25 48 557
25 49 747
25 50 177
26 2 830
26 3 490
26 4 78
26 5 376
26 6 655
26 7 32
26 8 446
26 9 787
26 10 219
26 11 735
26 12 950
26 13 761
26 14 658
26 15 312
26 16 56
26 17 189
26 18 326
26 19 386
26 20 188
26 21 145
26 22 660
26 23 526
26 24 189
26 25 490
26 27 548
26 28 142
26 29 235
26 30 72
26 31 699
26 32 982
26 33 249
26 34 528
26 35 823
26 36 678
26 37 255
26 38 477
26 39 709
26 40 700
26 41 615
26 42 928
26 44 787
26 45 564
26 46 40
26 47 444
26 48 875
26 49 96
26 50 984
27 1 200
27 2 481
27 4 523
27 5 696
27 6 493
27 7 48
27 8 237
27 9 982
27 10 595
27 11 378
27 12 216
27 13 19
27 14 76
27 16 549
27 17 267
27 18 955
27 19 371
27 21 944
27 22 210
27 23 200
27 24 5
27 25 261
27 26 814
27 28 932
27 29 47
27 30 378
27 31 323
27 32 842
27 33 252
27 34 418
27 35 826
27 36 804
27 37 251
27 38 700
27 39 499
27 40 743
27 41 748
27 42 87
27 43 724
27 44 694
27 45 465
27 46 939
27 47 712
27 48 892
27 49 488
27 50 978
28 1 199
28 2 210
28 3 274
28 4 408
28 5 409
28 6 278
28 7 20
28 8 575
28 9 561
28 10 419
28 12 304
28 13 883
28 14 260
28 15 907
28 16 301
28 17 437
28 18 710
28 19 551
28 20 137
28 21 561
28 22 645
28 23 236
28 24 647
28 25 368
28 26 929
28 27 463
28 29 658
28 30 641
28 31 355
28 32 497
28 33 970
28 34 553
28 35 59
28 36 243
28 37 312
28 38 819
28 39 872
28 40 331
28 41 393
28 42 432
28 43 749
28 44 696
28 45 315
28 46 361
28 47 603
28 48 967
28 49 797
28 50 664
29 1 517
29 2 285
29 3 224
29 4 513
29 5 520
29 6 223
29 7 880
29 8 449
29 9 685
29 10 889
29 11 441
29 12 39
29 13 386
29 14 410
29 15 943
29 16 796
29 17 653
29 18 254
29 19 614
29 20 524
29 21 937
29 22 7
29 23 308
29 24 37
29 25 54
29 26 622
29 27 397
29 28 8
29 30 940
29 32 546
29 34 672
29 35 808
29 36 182
29 37 895
29 38 320
29 39 702
29 40 469
29 41 551
29 42 502
29 43 154
29 44 439
29 45 942
29 46 544
29 47 176
29 48 351
29 49 487
29 50 971
30 1 3
30 2 92
30 3 585
30 4 879
30 5 28
30 6 943
30 7 538
30 8 417
30 9 996
30 10 511
30 11 813
30 12 4
30 13 450
30 14 710
30 15 675
30 16 257
30 17 892
30 18 921
30 19 576
30 21 945
30 22 390
30 23 126
30 24 446
30 25 543
30 26 916
30 27 387
30 28 86
30 29 92
30 31 737
30 32 924
30 33 62
30 34 92
30 35 16
30 36 998
30 37 322
30 38 395
30 39 940
30 40 859
30 41 811
30 42 288
30 43 721
30 44 976
30 45 291
30 46 170
30 47 685
30 48 317
30 49 778
31 1 928
31 2 237
31 3 353
31 4 872
31 5 978
31 6 830
31 7 669
31 9 872
31 10 745
31 11 55
31 12 310
31 13 188
31 14 792
31 15 233
31 17 250
31 18 235
31 19 600
31 20 599
31 21 556
31 22 995
31 23 539
31 24 766
31 25 157
31 26 826
31 27 486
31 28 132
31 29 468
31 30 7
31 32 169
31 33 784
31 34 784
31 35 448
31 36 372
31 37 488
31 38 320
31 39 702
31 40 317
31 41 988
31 42 573
31 43 413
31 44 395
31 45 882
31 46 601
31 47 538
31 48 467
31 49 202
31 50 772
32 1 66
32 2 800
32 3 679
32 4 412
32 5 690
32 6 444
32 7 569
32 8 867
32 9 281
32 10 700
32 11 334
32 12 287
32 13 220
32 14 469
32 16 422
32 17 668
32 18 193
32 19 909
32 20 987
32 21 894
32 22 577
32 23 326
32 24 466
32 26 989
32 27 72
32 28 348
32 31 941
32 33 609
32 35 166
32 36 142
32 37 380
32 38 231
32 39 294
32 40 58
32 41 995
32 42 983
32 43 853
32 44 563
32 45 202
32 46 133
32 47 262
32 48 887
32 49 771
32 50 482
33 1 356
33 2 544
33 3 501
33 4 548
33 5 452
33 6 487
33 7 441
33 8 380
33 9 164
33 10 258
33 11 721
33 12 236
33 13 957
33 14 661
33 16 196
33 17 122
33 18 155
33 19 576
33 20 705
33 21 800
33 22 985
33 23 699
33 24 782
33 25 838
33 26 261
33 28 335
33 29 322
33 30 874
33 31 222
33 32 445
33 34 707
33 36 577
33 37 988
33 38 207
33 39 476
33 40 792
33 41 45
33 42 268
33 43 171
33 44 561
33 45 877
33 46 891
33 47 148
33 49 834
33 50 904
34 1 343
34 2 307
34 3 58
34 4 270
34 5 11
34 6 857
34 7 255
34 8 709
34 9 990
34 10 92
34 11 321
34 12 677
34 13 765
34 14 547
34 15 898
34 16 209
34 17 605
34 18 826
34 19 197
34 20 812
34 21 653
34 22 340
34 23 208
34 25 272
34 26 510
34 27 768
34 28 148
34 29 753
34 30 267
34 31 981
34 32 656
34 33 610
34 35 640
34 36 65
34 37 879
34 38 650
34 39 273
34 40 133
34 42 711
34 43 614
34 44 576
34 45 383
34 46 290
34 47 341
34 48 929
34 49 539
34 50 901
35 1 534
35 2 364
35 3 449
35 4 697
35 5 16
35 6 788
35 7 904
35 8 287
35 9 650
35 10 24
35 11 787
35 12 402
35 13 290
35 14 119
35 15 409
35 16 251
35 17 758
35 18 473
35 19 130
35 20 408
35 21 97
35 22 614
35 24 470
35 25 710
35 26 542
35 27 852
35 28 352
35 29 234
35 30 133
35 31 890
35 32 134
35 33 18
35 34 254
35 36 935
35 37 714
35 38 621
35 39 722
35 40 969
35 41 260
35 42 371
35 43 344
35 44 46
35 45 124
35 46 634
35 48 164
35 49 532
35 50 236
36 1 274
36 2 356
36 3 717
36 4 33
36 5 452
36 6 331
36 7 502
36 8 162
36 9 224
36 10 705
36 11 865
36 12 457
36 13 189
36 14 754
36 15 942
36 16 206
36 17 7
36 18 876
36 19 271
36 20 980
36 21 950
36 22 592
36 23 239
36 24 672
36 25 935
36 26 636
36 27 796
36 28 920
36 29 151
36 30 327
36 31 156
36 33 424
36 34 683
36 35 872
36 37 456
36 38 486
36 39 554
36 40 309
36 41 999
36 42 129
36 43 14
36 44 863
36 45 937
36 46 202
36 47 617
36 48 879
36 49 760
36 50 975
37 1 106
37 2 30
37 3 954
37 4 407
37 5 621
37 6 544
37 7 79
37 9 908
37 10 531
37 11 874
37 12 827
37 13 682
37 14 552
37 15 982
37 16 457
37 17 586
37 18 206
37 19 265
37 20 72
37 21 111
37 22 925
37 23 70
37 24 240
37 25 290
37 26 933
37 27 176
37 28 844
37 29 901
37 30 406
37 31 603
37 32 875
37 33 864
37 34 984
37 35 181
37 36 270
37 38 605
37 39 724
37 40 700
37 41 512
37 42 255
37 44 573
37 45 690
37 46 288
37 47 477
37 48 24
37 49 96
37 50 62
38 1 229
38 2 712
38 3 133
38 4 691
38 5 637
38 6 555
38 7 930
38 8 926
38 9 839
38 10 458
38 11 769
38 12 739
38 13 215
38 14 723
38 15 613
38 16 78
38 17 707
38 18 793
38 19 348
38 21 663
38 22 869
38 23 47
38 24 526
38 25 475
38 26 972
38 27 215
38 28 114
38 29 448
38 30 238
38 31 209
38 32 861
38 33 818
38 34 921
38 35 346
38 36 861
38 37 909
38 39 900
38 40 790
38 41 834
38 42 738
38 43 599
38 44 955
38 45 476
38 47 814
38 48 677
38 49 440
38 50 891
39 1 735
39 2 585
39 3 590
39 4 397
39 5 453
39 6 989
39 7 274
39 8 927
39 9 960
39 11 841
39 12 40
39 13 759
39 14 430
39 15 600
39 16 971
39 17 248
39 18 872
39 19 316
39 20 108
39 21 780
39 22 215
39 23 249
39 24 966
39 25 952
39 26 200
39 27 272
39 28 779
39 29 13
39 30 300
39 31 219
39 32 255
39 33 35
39 34 803
39 35 197
39 36 783
39 37 607
39 38 185
39 40 57
39 41 885
39 42 496
39 43 897
39 44 924
39 45 606
39 46 678
39 47 875
39 48 576
39 49 925
39 50 99
40 1 892
40 2 384
40 4 878
40 5 106
40 6 985
40 7 195
40 8 410
40 9 184
40 10 818
40 11 188
40 12 548
40 14 118
40 15 758
40 16 154
40 17 504
40 18 912
40 19 350
40 20 286
40 21 518
40 22 534
40 23 694
40 24 402
40 25 381
40 26 942
40 27 677
40 28 986
40 29 620
40 30 904
40 31 562
40 32 896
40 33 2
40 34 805
40 35 632
40 36 231
40 37 910
40 39 616
40 41 426
40 42 671
40 43 151
40 44 595
40 45 211
40 46 50
40 47 712
40 48 320
40 49 203
40 50 215
41 1 232
41 2 553
41 3 853
41 4 749
41 5 438
41 6 898
41 7 503
41 8 819
41 9 192
41 10 531
41 11 156
41 12 811
41 13 434
41 14 717
41 15 58
41 16 435
41 17 873
41 18 689
41 19 666
41 20 135
41 21 656
41 22 443
41 23 805
41 24 158
41 25 37
41 26 367
41 27 207
41 28 101
41 29 687
41 30 762
41 31 315
41 32 918
41 33 666
41 34 519
41 35 18
41 36 103
41 37 417
41 39 520
41 40 273
41 42 960
41 43 51
41 44 429
41 46 122
41 47 836
41 48 497
41 49 179
41 50 271
42 1 370
42 2 220
42 3 288
42 4 504
42 5 227
42 6 730
42 7 308
42 8 385
42 9 118
42 10 675
42 11 943
42 12 218
42 13 361
42 14 704
42 15 885
42 16 630
42 18 721
42 19 403
42 20 647
42 21 824
42 22 171
42 23 519
42 24 96
42 25 130
42 26 569
42 27 524
42 28 251
42 29 404
42 30 373
42 31 782
42 32 26
42 33 742
42 34 1
42 35 313
42 36 245
42 37 227
42 38 394
42 39 904
42 40 963
42 41 512
42 43 930
42 44 258
42 45 729
42 46 642
42 47 313
42 48 965
42 49 271
42 50 34
43 1 368
43 2 918
43 3 857
43 4 890
43 5 788
43 6 304
43 7 20
43 8 708
43 9 180
43 10 622
43 12 463
43 13 552
43 14 403
43 15 489
43 16 293
43 17 403
43 18 153
43 19 889
43 20 982
43 21 547
43 22 792
43 23 296
43 24 410
43 25 722
43 26 553
43 27 490
43 28 363
43 29 866
43 30 455
43 32 986
43 33 251
43 34 174
43 35 255
43 36 107
43 37 63
43 38 42
43 39 762
43 40 82
43 41 749
43 42 941
43 44 56
43 45 211
43 46 844
43 47 458
43 48 51
43 49 136
43 50 213
44 1 204
44 2 24
44 3 546
44 4 102
44 5 168
44 6 841
44 7 511
44 8 241
44 9 746
44 10 352
44 11 955
44 12 611
44 13 806
44 14 940
44 15 861
44 16 979
44 17 194
44 18 319
44 19 394
44 20 587
44 21 432
44 22 827
44 23 687
44 24 373
44 25 882
44 26 898
44 27 216
44 28 340
44 29 300
44 30 704
44 31 904
44 32 855
44 33 79
44 34 449
44 35 956
44 36 246
44 37 641
44 38 818
44 40 486
44 41 386
44 42 170
44 43 441
44 45 348
44 46 327
44 47 732
44 48 560
44 49 658
44 50 926
45 1 878
45 3 51
45 4 864
45 5 310
45 6 877
45 7 551
45 8 34
45 9 111
45 10 800
45 11 601
45 12 450
45 13 99
45 14 304
45 15 705
45 16 954
45 17 383
45 18 153
45 19 261
45 20 980
45 21 793
45 22 79
45 23 466
45 24 531
45 25 600
45 26 258
45 27 878
45 28 278
45 29 989
45 30 438
45 32 935
45 33 266
45 34 667
45 36 985
45 38 130
45 39 328
45 40 214
45 41 680
45 42 361
45 43 324
45 44 831
45 46 314
45 47 125
45 48 929
45 50 617
46 1 829
46 2 234
46 3 351
46 4 333
46 5 495
46 6 331
46 7 477
46 8 573
46 9 148
46 10 7
46 11 524
46 12 757
46 13 885
46 14 801
46 15 745
46 16 322
46 17 736
46 18 11
46 19 340
46 20 72
46 21 492
46 22 668
46 23 637
46 24 523
46 25 28
46 26 312
46 27 353
46 28 341
46 29 436
46 30 281
46 31 310
46 33 616
46 34 515
46 35 12
46 36 300
46 37 361
46 38 342
46 39 777
46 40 285
46 41 841
46 42 783
46 43 808
46 44 597
46 45 19
46 47 960
46 48 694
46 49 692
46 50 47
47 1 56
47 2 32
47 3 119
47 4 899
47 5 699
47 6 107
47 7 421
47 8 78
47 9 419
47 10 773
47 11 771
47 12 854
47 13 405
47 14 80
47 15 822
47 16 271
47 17 443
47 19 121
47 20 983
47 21 137
47 22 897
47 23 267
47 24 977
47 25 32
47 26 426
47 27 926
47 28 402
47 30 386
47 31 971
47 32 94
47 33 432
47 34 378
47 35 477
47 36 902
47 37 276
47 38 175
47 39 9
47 40 696
47 42 604
47 43 779
47 44 820
47 45 374
47 46 984
47 48 576
47 49 805
47 50 805
48 1 199
48 2 248
48 4 278
48 5 181
48 6 384
48 7 526
48 8 800
48 9 712
48 10 909
48 11 225
48 12 989
48 13 311
48 14 610
48 15 959
48 16 756
48 17 394
48 18 336
48 19 232
48 20 295
48 21 963
48 22 758
48 23 655
48 24 10
48 25 361
48 26 433
48 27 829
48 28 87
48 29 769
48 30 757
48 31 891
48 32 573
48 33 307
48 34 490
48 35 202
48 36 487
48 37 225
48 38 728
48 39 638
48 40 937
48 41 636
48 42 863
48 43 277
48 44 946
48 45 472
48 46 588
48 47 53
48 49 865
48 50 923
49 1 284
49 2 512
49 3 238
49 4 41
49 5 518
49 6 247
49 7 754
49 8 303
49 9 428
49 10 840
49 11 71
49 12 184
49 13 82
49 14 995
49 15 842
49 16 924
49 17 197
49 18 680
49 19 148
49 20 924
49 21 318
49 22 436
49 23 559
49 24 180
49 25 713
49 26 857
49 27 3
49 28 300
49 29 909
49 30 868
49 31 574
49 32 545
49 33 731
49 34 811
49 35 937
49 36 248
49 37 410
49 38 690
49 39 902
49 41 837
49 42 881
49 43 972
49 44 20
49 45 315
49 46 967
49 47 213
49 48 238
49 50 515
50 1 892
50 2 737
50 3 790
50 4 209
50 5 173
50 6 700
50 7 388
50 8 237
50 9 556
50 10 391
50 11 888
50 12 817
50 13 610
50 14 461
50 15 361
50 16 692
50 17 624
50 18 649
50 19 939
50 20 33
50 21 691
50 22 841
50 23 221
50 24 571
50 25 164
50 26 240
50 27 237
50 28 482
50 29 804
50 30 826
50 31 996
50 32 695
50 33 563
50 34 137
50 35 904
50 37 87
50 39 837
50 40 291
50 41 675
50 42 744
50 43 33
50 44 562
50 45 560
50 46 642
50 47 374
50 48 272
50 49 333

END

R
1 2 4
1 3 5
1 4 1
1 5 4
1 6 1
1 7 1
1 8 5
1 9 5
1 10 1
1 11 1
1 12 4
1 13 2
1 14 1
1 15 3
1 16 5
1 17 5
1 18 1
1 19 2
1 20 3
1 21 3
1 22 5
1 23 3
1 24 2
1 25 4
1 26 5
1 27 2
1 28 3
1 29 3
1 30 4
1 31 1
1 32 5
1 33 5
1 34 3
1 35 3
1 36 5
1 37 3
1 38 3
1 39 4
1 40 4
1 41 5
1 42 1
1 43 4
1 44 4
1 45 1
1 46 1
1 47 5
1 48 3
1 49 1
1 50 3
2 1 2
2 3 3
2 4 2
2 5 1
2 6 1
2 7 5
2 8 1
2 9 2
2 10 2
2 11 5
2 12 3
2 13 3
2 14 4
2 15 4
2 16 2
2 17 1
2 18 3
2 19 4
2 20 1
2 21 3
2 22 4
2 23 2
2 24 4
2 25 3
2 26 2
2 27 1
2 28 5
2 29 1
2 30 3
2 31 3
2 32 3
2 33 1
2 34 5
2 35 4
2 36 2
2 37 3
2 38 4
2 39 2
2 40 4
2 41 2
2 42 1
2 43 3
2 44 1
2 45 1
2 46 1
2 47 2
2 48 2
2 49 3
2 50 2
3 1 4
3 2 1
3 4 1
3 5 5
3 6 1
3 7 5
3 8 2
3 9 1
3 10 4
3 11 2
3 12 1
3 13 1
3 14 5
3 15 1
3 16 3
3 17 5
3 18 4
3 19 5
3 20 3
3 21 5
3 22 5
3 23 2
3 24 2
3 25 3
3 26 2
3 27 3
3 28 3
3 29 4
3 30 1
3 31 3
3 32 5
3 33 4
3 34 3
3 35 2
3 36 3
3 37 3
3 38 1
3 39 4
3 40 5
3 41 5
3 42 3
3 43 2
3 44 5
3 45 4
3 46 5
3 47 4
3 48 3
3 49 3
3 50 3
4 1 1
4 2 5
4 3 3
4 5 2
4 6 1
4 7 2
4 8 5
4 9 5
4 10 4
4 11 3
4 12 5
4 13 1
4 14 5
4 15 3
4 16 5
4 17 3
4 18 3
4 19 4
4 20 4
4 21 3
4 22 4
4 23 5
4 24 5
4 25 2
4 26 1
4 27 3
4 28 1
4 29 5
4 30 3
4 31 4
4 32 2
4 33 5
4 34 3
4 35 1
4 36 1
4 37 5
4 38 4
4 39 2
4 40 5
4 41 3
4 42 2
4 43 4
4 44 5
4 45 3
4 46 4
4 47 5
4 48 5
4 49 1
4 50 3
5 1 3
5 2 5
5 3 3
5 4 2
5 6 5
5 7 5
5 8 3
5 9 4
5 10 2
5 11 4
5 12 1
5 13 5
5 14 5
5 15 5
5 16 4
5 17 3
5 18 2
5 19 4
5 20 1
5 21 1
5 22 5
5 23 5
5 24 2
5 25 5
5 26 5
5 27 4
5 28 3
5 29 4
5 30 3
5 31 5
5 32 3
5 33 3
5 34 5
5 35 3
5 36 1
5 37 1
5 38 2
5 39 3
5 40 1
5 41 5
5 42 1
5 43 4
5 44 5
5 45 3
5 46 5
5 47 5
5 48 2
5 49 4
5 50 5
6 1 4
6 2 4
6 3 4
6 4 4
6 5 2
6 7 4
6 8 5
6 9 5
6 10 3
6 11 5
6 12 4
6 13 5
6 14 2
6 15 1
6 16 1
6 17 4
6 18 2
6 19 3
6 20 2
6 21 1
6 22 5
6 23 2
6 24 4
6 25 5
6 26 3
6 27 3
6 28 5
6 29 4
6 30 1
6 31 5
6 32 4
6 33 4
6 34 5
6 35 2
6 36 4
6 37 1
6 38 2
6 39 3
6 40 2
6 41 2
6 42 2
6 43 5
6 44 3
6 45 1
6 46 3
6 47 5
6 48 1
6 49 1
6 50 2
7 1 5
7 2 1
7 3 3
7 4 3
7 5 1
7 6 3
7 8 2
7 9 3
7 10 4
7 11 5
7 12 3
7 13 3
7 14 3
7 15 4
7 16 4
7 17 2
7 18 2
7 19 4
7 20 3
7 21 2
7 22 2
7 23 1
7 24 5
7 25 1
7 26 3
7 27 5
7 28 5
7 29 2
7 30 3
7 31 5
7 32 5
7 33 2
7 34 3
7 35 5
7 36 1
7 37 3
7 38 2
7 39 2
7 40 3
7 41 5
7 42 1
7 43 5
7 44 4
7 45 1
7 46 5
7 47 2
7 48 2
7 49 2
7 50 2
8 1 1
8 2 5
8 3 3
8 4 2
8 5 4
8 6 5
8 7 1
8 9 1
8 10 5
8 11 5
8 12 3
8 13 1
8 14 1
8 15 1
8 16 3
8 17 5
8 18 1
8 19 3
8 20 1
8 21 4
8 22 5
8 23 2
8 24 4
8 25 1
8 26 2
8 27 1
8 28 1
8 29 5
8 30 2
8 31 4
8 32 1
8 33 3
8 34 3
8 35 5
8 36 4
8 37 3
8 38 2
8 39 1
8 40 3
8 41 3
8 42 5
8 43 2
8 44 3
8 45 1
8 46 2
8 47 3
8 48 5
8 49 4
8 50 5
9 1 3
9 2 2
9 3 1
9 4 4
9 5 3
9 6 1
9 7 1
9 8 3
9 10 3
9 11 5
9 12 5
9 13 3
9 14 3
9 15 4
9 16 2
9 17 4
9 18 2
9 19 5
9 20 5
9 21 2
9 22 4
9 23 2
9 24 4
9 25 1
9 26 5
9 27 4
9 28 4
9 29 4
9 30 5
9 31 3
9 32 3
9 33 2
9 34 1
9 35 3
9 36 1
9 37 3
9 38 5
9 39 3
9 40 3
9 41 5
9 42 2
9 43 2
9 44 4
9 45 1
9 46 5
9 47 1
9 48 5
9 49 3
9 50 2
10 1 4
10 2 1
10 3 2
10 4 3
10 5 1
10 6 2
10 7 2
10 8 4
10 9 3
10 11 5
10 12 4
10 13 5
10 14 4
10 15 2
10 16 5
10 17 3
10 18 2
10 19 5
10 20 4
10 21 4
10 22 2
10 23 3
10 24 3
10 25 5
10 26 2
10 27 5
10 28 1
10 29 4
10 30 4
10 31 5
10 32 2
10 33 5
10 34 2
10 35 3
10 36 2
10 37 3
10 38 5
10 39 5
10 40 3
10 41 2
10 42 1
10 43 3
10 44 3
10 45 1
10 46 5
10 47 4
10 48 3
10 49 1
10 50 5
11 1 1
11 2 2
11 3 1
11 4 1
11 5 1
11 6 2
11 7 4
11 8 5
11 9 4
11 10 4
11 12 1
11 13 3
11 14 5
11 15 2
11 16 2
11 17 2
11 18 5
11 19 4
11 20 1
11 21 1
11 22 1
11 23 4
11 24 3
11 25 4
11 26 3
11 27 3
11 28 3
11 29 2
11 30 5
11 31 5
11 32 1
11 33 2
11 34 3
11 35 4
11 36 4
11 37 3
11 38 2
11 39 4
11 40 5
11 41 1
11 42 2
11 43 2
11 44 5
11 45 1
11 46 3
11 47 1
11 48 3
11 49 4
11 50 1
12 1 5
12 2 4
12 3 4
12 4 1
12 5 1
12 6 4
12 7 3
12 8 5
12 9 1
12 10 1
12 11 1
12 13 2
12 14 4
12 15 2
12 16 5
12 17 2
12 18 3
12 19 4
12 20 5
12 21 1
12 22 3
12 23 2
12 24 3
12 25 4
12 26 2
12 27 3
12 28 3
12 29 4
12 30 2
12 31 3
12 32 2
12 33 2
12 34 3
12 35 5
12 36 2
12 37 3
12 38 3
12 39 1
12 40 4
12 41 5
12 42 2
12 43 4
12 44 3
12 45 5
12 46 3
12 47 2
12 48 3
12 49 5
12 50 1
13 1 4
13 2 5
13 3 5
13 4 1
13 5 4
13 6 1
13 7 4
13 8 4
13 9 3
13 10 4
13 11 5
13 12 3
13 14 5
13 15 3
13 16 5
13 17 1
13 18 1
13 19 5
13 20 5
13 21 2
13 22 3
13 23 4
13 24 5
13 25 2
13 26 2
13 27 1
13 28 4
13 29 5
13 30 5
13 31 5
13 32 2
13 33 3
13 34 1
13 35 2
13 36 3
13 37 5
13 38 2
13 39 3
13 40 5
13 41 1
13 42 2
13 43 4
13 44 3
13 45 1
13 46 2
13 47 3
13 48 2
13 49 2
13 50 2
14 1 1
14 2 5
14 3 1
14 4 2
14 5 4
14 6 2
14 7 5
14 8 4
14 9 2
14 10 4
14 11 3
14 12 1
14 13 1
14 15 1
14 16 4
14 17 2
14 18 5
14 19 3
14 20 5
14 21 3
14 22 2
14 23 5
14 24 4
14 25 2
14 26 3
14 27 1
14 28 5
14 29 5
14 30 4
14 31 4
14 32 3
14 33 2
14 34 3
14 35 3
14 36 3
14 37 2
14 38 2
14 39 4
14 40 2
14 41 5
14 42 2
14 43 5
14 44 1
14 45 4
14 46 2
14 47 4
14 48 2
14 49 3
14 50 3
15 1 1
15 2 5
15 3 1
15 4 3
15 5 5
15 6 4
15 7 5
15 8 3
15 9 4
15 10 1
15 11 1
15 12 2
15 13 5
15 14 2
15 16 4
15 17 4
15 18 1
15 19 2
15 20 5
15 21 4
15 22 4
15 23 5
15 24 3
15 25 5
15 26 2
15 27 1
15 28 3
15 29 2
15 30 5
15 31 5
15 32 1
15 33 2
15 34 2
15 35 1
15 36 4
15 37 1
15 38 4
15 39 3
15 40 5
15 41 4
15 42 5
15 43 1
15 44 5
15 45 4
15 46 4
15 47 1
15 48 3
15 49 5
15 50 4
16 1 4
16 2 3
16 3 2
16 4 5
16 5 5
16 6 3
16 7 3
16 8 3
16 9 5
16 10 4
16 11 4
16 12 5
16 13 1
16 14 5
16 15 1
16 17 3
16 18 4
16 19 3
16 20 4
16 21 3
16 22 3
16 23 2
16 24 5
16 25 5
16 26 4
16 27 5
16 28 3
16 29 4
16 30 4
16 31 2
16 32 2
16 33 3
16 34 2
16 35 1
16 36 4
16 37 3
16 38 3
16 39 2
16 40 5
16 41 3
16 42 2
16 43 5
16 44 4
16 45 3
16 46 5
16 47 1
16 48 5
16 49 5
16 50 3
17 1 3
17 2 4
17 3 2
17 4 5
17 5 3
17 6 3
17 7 3
17 8 5
17 9 1
17 10 3
17 11 3
17 12 4
17 13 1
17 14 5
17 15 2
17 16 1
17 18 1
17 19 5
17 20 4
17 21 2
17 22 1
17 23 3
17 24 3
17 25 1
17 26 1
17 27 2
17 28 2
17 29 1
17 30 2
17 31 1
17 32 5
17 33 4
17 34 1
17 35 4
17 36 5
17 37 1
17 38 1
17 39 4
17 40 5
17 41 3
17 42 1
17 43 2
17 44 4
17 45 2
17 46 4
17 47 5
17 48 4
17 49 4
17 50 4
18 1 4
18 2 5
18 3 5
18 4 1
18 5 4
18 6 2
18 7 3
18 8 1
18 9 3
18 10 5
18 11 2
18 12 5
18 13 2
18 14 2
18 15 5
18 16 5
18 17 4
18 19 5
18 20 2
18 21 2
18 22 4
18 23 2
18 24 5
18 25 3
18 26 5
18 27 3
18 28 1
18 29 1
18 30 1
18 31 4
18 32 5
18 33 5
18 34 3
18 35 1
18 36 2
18 37 3
18 38 2
18 39 5
18 40 3
18 41 1
18 42 1
18 43 4
18 44 5
18 45 2
18 46 3
18 47 1
18 48 3
18 49 1
18 50 1
19 1 2
19 2 4
19 3 1
19 4 5
19 5 3
19 6 3
19 7 4
19 8 5
19 9 3
19 10 1
19 11 3
19 12 3
19 13 5
19 14 4
19 15 2
19 16 2
19 17 5
19 18 5
19 20 5
19 21 1
19 22 2
19 23 5
19 24 2
19 25 3
19 26 1
19 27 5
19 28 5
19 29 2
19 30 5
19 31 2
19 32 4
19 33 1
19 34 5
19 35 1
19 36 5
19 37 3
19 38 4
19 39 5
19 40 4
19 41 3
19 42 5
19 43 3
19 44 3
19 45 2
19 46 1
19 47 4
19 48 5
19 49 1
19 50 3
20 1 5
20 2 3
20 3 2
20 4 1
20 5 4
20 6 4
20 7 4
20 8 1
20 9 5
20 10 5
20 11 5
20 12 1
20 13 5
20 14 2
20 15 5
20 16 5
20 17 1
20 18 4
20 19 5
20 21 2
20 22 5
20 23 5
20 24 3
20 25 2
20 26 2
20 27 1
20 28 3
20 29 2
20 30 1
20 31 5
20 32 5
20 33 2
20 34 2
20 35 3
20 36 4
20 37 3
20 38 1
20 39 2
20 40 3
20 41 5
20 42 3
20 43 4
20 44 5
20 45 4
20 46 5
20 47 1
20 48 4
20 49 2
20 50 5
21 1 5
21 2 3
21 3 4
21 4 1
21 5 2
21 6 5
21 7 2
21 8 3
21 9 4
21 10 1
21 11 5
21 12 3
21 13 5
21 14 3
21 15 2
21 16 2
21 17 1
21 18 4
21 19 4
21 20 5
21 22 3
21 23 3
21 24 4
21 25 1
21 26 4
21 27 3
21 28 5
21 29 4
21 30 3
21 31 3
21 32 5
21 33 4
21 34 5
21 35 3
21 36 5
21 37 3
21 38 5
21 39 3
21 40 2
21 41 5
21 42 3
21 43 1
21 44 3
21 45 4
21 46 3
21 47 1
21 48 2
21 49 1
21 50 4
22 1 5
22 2 2
22 3 3
22 4 4
22 5 2
22 6 3
22 7 4
22 8 4
22 9 4
22 10 3
22 11 3
22 12 1
22 13 4
22 14 2
22 15 2
22 16 2
22 17 3
22 18 4
22 19 3
22 20 5
22 21 1
22 23 2
22 24 3
22 25 3
22 26 1
22 27 1
22 28 3
22 29 1
22 30 5
22 31 5
22 32 1
22 33 4
22 34 1
22 35 3
22 36 5
22 37 2
22 38 2
22 39 3
22 40 3
22 41 5
22 42 5
22 43 2
22 44 2
22 45 4
22 46 5
22 47 3
22 48 2
22 49 2
22 50 4
23 1 1
23 2 2
23 3 1
23 4 4
23 5 1
23 6 5
23 7 5
23 8 3
23 9 2
23 10 2
23 11 2
23 12 1
23 13 3
23 14 3
23 15 3
23 16 2
23 17 2
23 18 2
23 19 4
23 20 4
23 21 1
23 22 3
23 24 1
23 25 2
23 26 2
23 27 1
23 28 2
23 29 1
23 30 4
23 31 3
23 32 4
23 33 4
23 34 1
23 35 1
23 36 2
23 37 3
23 38 1
23 39 3
23 40 1
23 41 2
23 42 2
23 43 4
23 44 5
23 45 4
23 46 1
23 47 4
23 48 5
23 49 2
23 50 5
24 1 3
24 2 1
24 3 5
24 4 3
24 5 3
24 6 2
24 7 1
24 8 3
24 9 5
24 10 1
24 11 1
24 12 4
24 13 5
24 14 4
24 15 5
24 16 5
24 17 2
24 18 4
24 19 2
24 20 2
24 21 4
24 22 4
24 23 3
24 25 5
24 26 5
24 27 1
24 28 5
24 29 3
24 30 2
24 31 4
24 32 5
24 33 2
24 34 1
24 35 4
24 36 1
24 37 3
24 38 2
24 39 1
24 40 5
24 41 3
24 42 1
24 43 5
24 44 2
24 45 2
24 46 5
24 47 3
24 48 4
24 49 3
24 50 1
25 1 5
25 2 4
25 3 2
25 4 5
25 5 1
25 6 1
25 7 1
25 8 3
25 9 5
25 10 4
25 11 2
25 12 5
25 13 3
25 14 3
25 15 5
25 16 3
25 17 5
25 18 4
25 19 2
25 20 2
25 21 3
25 22 4
25 23 2
25 24 4
25 26 2
25 27 1
25 28 3
25 29 4
25 30 4
25 31 1
25 32 5
25 33 5
25 34 4
25 35 1
25 36 5
25 37 2
25 38 1
25 39 5
25 40 1
25 41 2
25 42 5
25 43 2
25 44 2
25 45 4
25 46 1
25 47 3
25 48 2
25 49 2
25 50 2
26 1 5
26 2 3
26 3 1
26 4 5
26 5 5
26 6 5
26 7 2
26 8 5
26 9 2
26 10 5
26 11 5
26 12 4
26 13 1
26 14 4
26 15 5
26 16 3
26 17 5
26 18 3
26 19 5
26 20 2
26 21 3
26 22 2
26 23 1
26 24 2
26 25 5
26 27 2
26 28 2
26 29 4
26 30 5
26 31 4
26 32 2
26 33 4
26 34 1
26 35 3
26 36 3
26 37 2
26 38 2
26 39 1
26 40 3
26 41 5
26 42 3
26 43 4
26 44 1
26 45 3
26 46 3
26 47 5
26 48 1
26 49 4
26 50 2
27 1 2
27 2 5
27 3 1
27 4 5
27 5 3
27 6 2
27 7 1
27 8 4
27 9 1
27 10 5
27 11 3
27 12 1
27 13 1
27 14 3
27 15 3
27 16 5
27 17 2
27 18 5
27 19 1
27 20 3
27 21 4
27 22 3
27 23 5
27 24 3
27 25 3
27 26 4
27 28 2
27 29 4
27 30 1
27 31 5
27 32 2
27 33 3
27 34 2
27 35 2
27 36 2
27 37 1
27 38 1
27 39 3
27 40 4
27 41 1
27 42 4
27 43 3
27 44 1
27 45 4
27 46 5
27 47 3
27 48 4
27 49 1
27 50 4
28 1 1
28 2 5
28 3 3
28 4 3
28 5 4
28 6 2
28 7 2
28 8 3
28 9 5
28 10 5
28 11 5
28 12 1
28 13 1
28 14 2
28 15 2
28 16 5
28 17 4
28 18 2
28 19 5
28 20 3
28 21 2
28 22 5
28 23 1
28 24 1
28 25 2
28 26 1
28 27 5
28 29 1
28 30 4
28 31 3
28 32 5
28 33 2
28 34 4
28 35 4
28 36 1
28 37 5
28 38 2
28 39 3
28 40 4
28 41 1
28 42 2
28 43 3
28 44 1
28 45 5
28 46 5
28 47 5
28 48 4
28 49 3
28 50 3
29 1 3
29 2 2
29 3 5
29 4 4
29 5 2
29 6 2
29 7 2
29 8 2
29 9 4
29 10 2
29 11 3
29 12 3
29 13 3
29 14 4
29 15 1
29 16 3
29 17 1
29 18 5
29 19 1
29 20 3
29 21 3
29 22 1
29 23 2
29 24 1
29 25 4
29 26 3
29 27 2
29 28 3
29 30 1
29 31 1
29 32 2
29 33 5
29 34 2
29 35 3
29 36 5
29 37 3
29 38 5
29 39 1
29 40 4
29 41 3
29 42 4
29 43 3
29 44 5
29 45 4
29 46 1
29 47 2
29 48 1
29 49 4
29 50 2
30 1 2
30 2 3
30 3 1
30 4 4
30 5 4
30 6 3
30 7 4
30 8 1
30 9 4
30 10 3
30 11 3
30 12 4
30 13 5
30 14 2
30 15 2
30 16 2
30 17 3
30 18 4
30 19 3
30 20 3
30 21 5
30 22 5
30 23 2
30 24 2
30 25 1
30 26 2
30 27 5
30 28 3
30 29 2
30 31 5
30 32 1
30 33 5
30 34 2
30 35 1
30 36 1
30 37 1
30 38 4
30 39 4
30 40 3
30 41 4
30 42 2
30 43 3
30 44 5
30 45 1
30 46 1
30 47 1
30 48 4
30 49 4
30 50 2
31 1 2
31 2 1
31 3 3
31 4 3
31 5 4
31 6 1
31 7 4
31 8 5
31 9 5
31 10 1
31 11 4
31 12 4
31 13 3
31 14 5
31 15 3
31 16 3
31 17 5
31 18 3
31 19 3
31 20 4
31 21 2
31 22 2
31 23 5
31 24 1
31 25 3
31 26 2
31 27 2
31 28 3
31 29 5
31 30 5
31 32 1
31 33 1
31 34 2
31 35 3
31 36 1
31 37 3
31 38 4
31 39 4
31 40 4
31 41 5
31 42 1
31 43 2
31 44 1
31 45 3
31 46 4
31 47 3
31 48 5
31 49 3
31 50 2
32 1 5
32 2 1
32 3 5
32 4 3
32 5 2
32 6 1
32 7 5
32 8 5
32 9 4
32 10 4
32 11 5
32 12 3
32 13 5
32 14 2
32 15 1
32 16 4
32 17 2
32 18 3
32 19 2
32 20 5
32 21 4
32 22 4
32 23 2
32 24 2
32 25 4
32 26 4
32 27 5
32 28 1
32 29 1
32 30 3
32 31 4
32 33 5
32 34 5
32 35 3
32 36 4
32 37 4
32 38 3
32 39 3
32 40 3
32 41 1
32 42 1
32 43 4
32 44 5
32 45 2
32 46 1
32 47 3
32 48 1
32 49 4
32 50 2
33 1 4
33 2 1
33 3 5
33 4 4
33 5 2
33 6 2
33 7 2
33 8 3
33 9 3
33 10 4
33 11 3
33 12 2
33 13 2
33 14 4
33 15 4
33 16 2
33 17 2
33 18 2
33 19 1
33 20 1
33 21 1
33 22 4
33 23 3
33 24 5
33 25 5
33 26 2
33 27 2
33 28 2
33 29 4
33 30 5
33 31 4
33 32 4
33 34 5
33 35 5
33 36 3
33 37 4
33 38 3
33 39 4
33 40 1
33 41 1
33 42 5
33 43 5
33 44 2
33 45 3
33 46 5
33 47 5
33 48 4
33 49 3
33 50 3
34 1 2
34 2 5
34 3 4
34 4 5
34 5 2
34 6 5
34 7 1
34 8 3
34 9 1
34 10 3
34 11 3
34 12 5
34 13 3
34 14 2
34 15 2
34 16 2
34 17 4
34 18 2
34 19 5
34 20 4
34 21 4
34 22 2
34 23 5
34 24 3
34 25 5
34 26 3
34 27 4
34 28 5
34 29 3
34 30 1
34 31 4
34 32 4
34 33 5
34 35 4
34 36 5
34 37 3
34 38 3
34 39 1
34 40 3
34 41 3
34 42 5
34 43 5
34 44 5
34 45 2
34 46 1
34 47 3
34 48 5
34 49 1
34 50 4
35 1 1
35 2 5
35 3 2
35 4 2
35 5 1
35 6 1
35 7 2
35 8 3
35 9 4
35 10 3
35 11 3
35 12 1
35 13 3
35 14 3
35 15 5
35 16 2
35 17 3
35 18 2
35 19 4
35 20 5
35 21 4
35 22 4
35 23 1
35 24 1
35 25 5
35 26 2
35 27 3
35 28 2
35 29 3
35 30 4
35 31 2
35 32 4
35 33 5
35 34 5
35 36 2
35 37 5
35 38 2
35 39 3
35 40 5
35 41 5
35 42 2
35 43 2
35 44 5
35 45 5
35 46 4
35 47 1
35 48 3
35 49 3
35 50 2
36 1 1
36 2 4
36 3 3
36 4 1
36 5 4
36 6 5
36 7 5
36 8 2
36 9 2
36 10 3
36 11 5
36 12 5
36 13 1
36 14 3
36 15 1
36 16 2
36 17 1
36 18 3
36 19 3
36 20 4
36 21 2
36 22 2
36 23 2
36 24 5
36 25 3
36 26 3
36 27 3
36 28 3
36 29 5
36 30 3
36 31 2
36 32 3
36 33 1
36 34 1
36 35 5
36 37 2
36 38 5
36 39 5
36 40 3
36 41 1
36 42 4
36 43 4
36 44 3
36 45 2
36 46 3
36 47 3
36 48 3
36 49 4
36 50 2
37 1 1
37 2 4
37 3 3
37 4 4
37 5 2
37 6 2
37 7 2
37 8 5
37 9 2
37 10 4
37 11 1
37 12 4
37 13 2
37 14 3
37 15 1
37 16 2
37 17 5
37 18 4
37 19 1
37 20 1
37 21 4
37 22 4
37 23 4
37 24 2
37 25 1
37 26 2
37 27 2
37 28 5
37 29 5
37 30 5
37 31 2
37 32 5
37 33 5
37 34 1
37 35 5
37 36 1
37 38 3
37 39 1
37 40 2
37 41 1
37 42 2
37 43 3
37 44 1
37 45 3
37 46 2
37 47 3
37 48 2
37 49 1
37 50 2
38 1 2
38 2 1
38 3 2
38 4 5
38 5 2
38 6 5
38 7 2
38 8 3
38 9 1
38 10 4
38 11 4
38 12 2
38 13 5
38 14 5
38 15 1
38 16 2
38 17 5
38 18 2
38 19 1
38 20 5
38 21 3
38 22 1
38 23 3
38 24 2
38 25 3
38 26 1
38 27 4
38 28 1
38 29 4
38 30 1
38 31 4
38 32 5
38 33 4
38 34 5
38 35 2
38 36 5
38 37 4
38 39 5
38 40 4
38 41 2
38 42 3
38 43 3
38 44 3
38 45 4
38 46 2
38 47 4
38 48 1
38 49 3
38 50 2
39 1 1
39 2 3
39 3 1
39 4 4
39 5 2
39 6 3
39 7 1
39 8 4
39 9 3
39 10 1
39 11 2
39 12 3
39 13 1
39 14 4
39 15 3
39 16 5
39 17 2
39 18 2
39 19 1
39 20 1
39 21 3
39 22 2
39 23 1
39 24 5
39 25 4
39 26 4
39 27 3
39 28 4
39 29 1
39 30 1
39 31 2
39 32 2
39 33 5
39 34 3
39 35 2
39 36 3
39 37 2
39 38 2
39 40 2
39 41 1
39 42 5
39 43 3
39 44 5
39 45 5
39 46 1
39 47 3
39 48 2
39 49 2
39 50 4
40 1 2
40 2 5
40 3 3
40 4 5
40 5 5
40 6 2
40 7 5
40 8 3
40 9 2
40 10 4
40 11 4
40 12 4
40 13 5
40 14 2
40 15 5
40 16 4
40 17 3
40 18 2
40 19 2
40 20 1
40 21 3
40 22 2
40 23 5
40 24 3
40 25 2
40 26 2
40 27 3
40 28 4
40 29 3
40 30 2
40 31 4
40 32 1
40 33 1
40 34 2
40 35 5
40 36 2
40 37 5
40 38 4
40 39 4
40 41 3
40 42 4
40 43 4
40 44 1
40 45 1
40 46 2
40 47 2
40 48 4
40 49 1
40 50 4
41 1 1
41 2 2
41 3 1
41 4 4
41 5 3
41 6 3
41 7 5
41 8 1
41 9 3
41 10 5
41 11 5
41 12 1
41 13 1
41 14 5
41 15 3
41 16 4
41 17 1
41 18 4
41 19 5
41 20 5
41 21 4
41 22 3
41 23 5
41 24 3
41 25 5
41 26 5
41 27 1
41 28 2
41 29 4
41 30 2
41 31 5
41 32 1
41 33 5
41 34 2
41 35 4
41 36 4
41 37 2
41 38 1
41 39 5
41 40 1
41 42 5
41 43 4
41 44 1
41 45 5
41 46 4
41 47 5
41 48 5
41 49 1
41 50 3
42 1 5
42 2 5
42 3 1
42 4 2
42 5 5
42 6 5
42 7 1
42 8 1
42 9 1
42 10 4
42 11 4
42 12 4
42 13 3
42 14 1
42 15 3
42 16 2
42 17 5
42 18 1
42 19 3
42 20 5
42 21 5
42 22 5
42 23 1
42 24 1
42 25 2
42 26 3
42 27 1
42 28 1
42 29 2
42 30 1
42 31 3
42 32 1
42 33 1
42 34 5
42 35 4
42 36 2
42 37 2
42 38 5
42 39 4
42 40 4
42 41 3
42 43 3
42 44 2
42 45 3
42 46 5
42 47 1
42 48 4
42 49 4
42 50 1
43 1 3
43 2 5
43 3 3
43 4 2
43 5 3
43 6 3
43 7 3
43 8 5
43 9 5
43 10 5
43 11 3
43 12 5
43 13 4
43 14 4
43 15 2
43 16 3
43 17 2
43 18 5
43 19 1
43 20 3
43 21 4
43 22 4
43 23 3
43 24 3
43 25 2
43 26 2
43 27 2
43 28 2
43 29 2
43 30 3
43 31 5
43 32 4
43 33 4
43 34 4
43 35 2
43 36 1
43 37 3
43 38 1
43 39 5
43 40 2
43 41 5
43 42 3
43 44 1
43 45 3
43 46 3
43 47 5
43 48 2
43 49 1
43 50 4
44 1 5
44 2 4
44 3 2
44 4 5
44 5 3
44 6 4
44 7 2
44 8 4
44 9 3
44 10 5
44 11 5
44 12 5
44 13 1
44 14 3
44 15 3
44 16 1
44 17 1
44 18 4
44 19 3
44 20 3
44 21 5
44 22 4
44 23 2
44 24 4
44 25 2
44 26 1
44 27 3
44 28 1
44 29 2
44 30 4
44 31 1
44 32 1
44 33 4
44 34 3
44 35 1
44 36 1
44 37 3
44 38 4
44 39 4
44 40 5
44 41 5
44 42 3
44 43 4
44 45 1
44 46 2
44 47 4
44 48 1
44 49 2
44 50 4
45 1 1
45 2 4
45 3 3
45 4 1
45 5 2
45 6 4
45 7 4
45 8 2
45 9 3
45 10 4
45 11 5
45 12 1
45 13 5
45 14 3
45 15 4
45 16 4
45 17 5
45 18 4
45 19 1
45 20 5
45 21 4
45 22 1
45 23 4
45 24 1
45 25 1
45 26 1
45 27 4
45 28 4
45 29 4
45 30 5
45 31 2
45 32 1
45 33 5
45 34 2
45 35 1
45 36 3
45 37 2
45 38 5
45 39 1
45 40 4
45 41 5
45 42 3
45 43 5
45 44 1
45 46 2
45 47 5
45 48 4
45 49 1
45 50 1
46 1 5
46 2 2
46 3 4
46 4 2
46 5 2
46 6 2
46 7 2
46 8 3
46 9 5
46 10 3
46 11 3
46 12 2
46 13 4
46 14 3
46 15 3
46 16 2
46 17 5
46 18 1
46 19 3
46 20 4
46 21 3
46 22 2
46 23 1
46 24 5
46 25 3
46 26 1
46 27 1
46 28 4
46 29 5
46 30 3
46 31 4
46 32 1
46 33 4
46 34 5
46 35 4
46 36 3
46 37 1
46 38 2
46 39 2
46 40 5
46 41 4
46 42 4
46 43 1
46 44 3
46 45 3
46 47 1
46 48 1
46 49 2
46 50 1
47 1 4
47 2 3
47 3 3
47 4 2
47 5 5
47 6 5
47 7 4
47 8 5
47 9 5
47 10 4
47 11 1
47 12 5
47 13 3
47 14 3
47 15 5
47 16 4
47 17 1
47 18 2
47 19 4
47 20 3
47 21 3
47 22 5
47 23 1
47 24 3
47 25 3
47 26 5
47 27 5
47 28 3
47 29 3
47 30 4
47 31 5
47 32 1
47 33 3
47 34 4
47 35 2
47 36 2
47 37 3
47 38 2
47 39 3
47 40 5
47 41 5
47 42 4
47 43 4
47 44 4
47 45 1
47 46 5
47 48 2
47 49 2
47 50 2
48 1 2
48 2 1
48 3 4
48 4 2
48 5 3
48 6 2
48 7 1
48 8 5
48 9 3
48 10 3
48 11 2
48 12 3
48 13 2
48 14 2
48 15 5
48 16 5
48 17 5
48 18 3
48 19 5
48 20 3
48 21 1
48 22 4
48 23 4
48 24 1
48 25 4
48 26 5
48 27 1
48 28 3
48 29 1
48 30 4
48 31 4
48 32 5
48 33 1
48 34 5
48 35 1
48 36 4
48 37 3
48 38 1
48 39 3
48 40 2
48 41 5
48 42 1
48 43 5
48 44 3
48 45 4
48 46 1
48 47 4
48 49 5
48 50 4
49 1 3
49 2 2
49 3 1
49 4 1
49 5 2
49 6 1
49 7 1
49 8 1
49 9 3
49 10 4
49 11 2
49 12 2
49 13 4
49 14 3
49 15 2
49 16 5
49 17 5
49 18 2
49 19 2
49 20 5
49 21 1
49 22 4
49 23 1
49 24 1
49 25 3
49 26 3
49 27 1
49 28 5
49 29 1
49 30 5
49 31 3
49 32 1
49 33 1
49 34 5
49 35 1
49 36 5
49 37 5
49 38 4
49 39 5
49 40 3
49 41 2
49 42 3
49 43 1
49 44 2
49 45 5
49 46 4
49 47 2
49 48 4
49 50 1
50 1 3
50 2 5
50 3 3
50 4 3
50 5 5
50 6 4
50 7 2
50 8 4
50 9 1
50 10 2
50 11 2
50 12 1
50 13 1
50 14 2
50 15 3
50 16 1
50 17 4
50 18 2
50 19 2
50 20 2
50 21 2
50 22 4
50 23 5
50 24 4
50 25 4
50 26 2
50 27 4
50 28 5
50 29 3
50 30 4
50 31 5
50 32 2
50 33 4
50 34 2
50 35 5
50 36 5
50 37 2
50 38 1
50 39 1
50 40 3
50 41 4
50 42 2
50 43 5
50 44 5
50 45 5
50 46 2
50 47 5
50 48 5
50 49 4

END
