INSTANCE_NAME b05.dat
NB_VERTICES 50
NB_ARCS 106
NB_REQUESTS 0
NB_BLOCKAGES 10
NB_A' 2344

VERTICES
1 0 0
2 0 0
3 0 0
4 0 0
5 0 0
6 0 0
7 0 0
8 0 0
9 0 0
10 0 0
11 0 0
12 0 0
13 0 0
14 0 0
15 0 0
16 0 0
17 0 0
18 0 0
19 0 0
20 0 0
21 0 0
22 0 0
23 0 0
24 0 0
25 0 0
26 0 0
27 0 0
28 0 0
29 0 0
30 0 0
31 0 0
32 0 0
33 0 0
34 0 0
35 0 0
36 0 0
37 0 0
38 0 0
39 0 0
40 0 0
41 0 0
42 0 0
43 0 0
44 0 0
45 0 0
46 0 0
47 0 0
48 0 0
49 0 0
50 0 0

ARCS
3 20 1
20 19 10
19 10 9
10 13 4
13 48 3
48 5 3
5 18 3
18 1 3
1 7 2
7 46 2
46 6 5
6 12 8
12 2 10
2 16 10
16 21 7
21 6 6
6 18 2
18 10 1
10 40 9
40 37 4
37 4 9
4 2 5
2 28 10
28 4 5
4 24 1
24 14 6
14 3 1
3 39 4
39 20 1
20 49 2
49 4 10
4 41 10
41 22 7
22 47 10
47 2 2
47 20 2
47 46 1
46 17 5
17 12 10
12 35 6
35 1 10
1 21 5
21 9 6
9 25 5
25 5 2
5 49 4
49 21 7
21 17 5
17 27 5
27 48 4
48 25 9
25 14 10
25 15 8
15 12 7
25 30 1
30 11 2
11 32 7
32 1 9
1 40 8
32 30 1
30 28 5
32 36 9
36 9 8
9 42 6
42 6 2
6 26 9
26 31 2
31 23 8
23 10 5
23 33 10
33 11 2
11 44 4
44 42 6
42 16 4
42 23 3
23 34 5
34 3 4
3 21 6
21 37 1
37 34 3
37 8 6
8 36 4
36 24 7
24 45 8
45 38 5
38 46 4
46 18 1
46 36 10
36 45 2
45 8 4
45 42 6
42 27 9
42 32 8
42 49 3
49 35 1
49 38 7
37 19 8
19 44 4
23 43 2
43 25 1
25 50 9
50 6 1
31 29 9
29 17 7
26 48 10
48 22 10

REQUESTS

BLOCKAGES
37 8
42 32
9 25
42 27
21 6
48 25
18 10
4 24
21 37
35 1

A'
1 2 880
1 3 504
1 4 690
1 5 984
1 6 766
1 8 701
1 9 231
1 10 141
1 11 622
1 12 778
1 13 788
1 14 604
1 15 740
1 16 191
1 17 520
1 18 49
1 19 765
1 20 20
1 22 451
1 23 293
1 24 157
1 25 798
1 26 724
1 27 770
1 28 983
1 29 107
1 30 838
1 31 481
1 32 948
1 33 593
1 34 432
1 35 828
1 36 448
1 37 474
1 38 163
1 39 214
1 41 174
1 42 393
1 43 354
1 44 148
1 45 522
1 46 493
1 47 103
1 48 614
1 49 35
1 50 974
2 1 662
2 3 151
2 4 994
2 5 112
2 6 444
2 7 502
2 8 261
2 9 519
2 10 271
2 11 595
2 12 978
2 13 460
2 14 76
2 15 925
2 17 405
2 18 859
2 19 104
2 20 852
2 21 332
2 22 266
2 23 417
2 24 506
2 25 11
2 26 122
2 27 5
2 29 884
2 30 966
2 31 107
2 32 497
2 33 1000
2 34 80
2 35 158
2 36 151
2 37 425
2 38 621
2 39 594
2 40 926
2 41 881
2 42 464
2 43 548
2 44 476
2 45 441
2 46 8
2 47 903
2 48 366
2 49 412
2 50 761
3 1 821
3 2 615
3 4 93
3 5 87
3 6 32
3 7 950
3 8 449
3 9 153
3 10 954
3 11 332
3 12 119
3 13 412
3 14 829
3 15 470
3 16 491
3 17 338
3 18 620
3 19 268
3 22 959
3 23 565
3 24 193
3 25 839
3 26 29
3 27 741
3 28 314
3 29 821
3 30 100
3 31 568
3 32 538
3 33 863
3 34 329
3 35 359
3 36 477
3 37 773
3 38 797
3 40 508
3 41 722
3 42 245
3 43 13
3 44 27
3 45 576
3 46 483
3 47 790
3 48 756
3 49 952
3 50 632
4 1 94
4 3 924
4 5 899
4 6 52
4 7 840
4 8 92
4 9 890
4 10 220
4 11 184
4 12 556
4 13 41
4 14 635
4 15 475
4 16 930
4 17 497
4 18 803
4 19 288
4 20 973
4 21 575
4 22 84
4 23 833
4 25 648
4 26 328
4 27 197
4 28 26
4 29 256
4 30 679
4 31 167
4 32 11
4 33 982
4 34 799
4 35 456
4 36 257
4 37 697
4 38 507
4 39 449
4 40 140
4 42 749
4 43 668
4 44 675
4 45 656
4 46 60
4 47 309
4 48 130
4 49 990
4 50 805
5 1 285
5 2 629
5 3 778
5 4 211
5 6 713
5 7 962
5 8 211
5 9 392
5 10 158
5 11 588
5 12 999
5 13 188
5 14 755
5 15 362
5 16 521
5 17 553
5 19 817
5 20 778
5 21 601
5 22 676
5 23 578
5 24 93
5 25 776
5 26 245
5 27 767
5 28 431
5 29 657
5 30 76
5 31 912
5 32 998
5 33 232
5 34 548
5 35 626
5 36 361
5 37 759
5 38 690
5 39 322
5 40 321
5 41 82
5 42 831
5 43 908
5 44 80
5 45 18
5 46 14
5 47 793
5 48 539
5 50 918
6 1 610
6 2 668
6 3 519
6 4 285
6 5 245
6 7 611
6 8 60
6 9 841
6 10 729
6 11 842
6 13 849
6 14 156
6 15 105
6 16 846
6 17 388
6 19 5
6 20 824
6 21 100
6 22 115
6 23 513
6 24 422
6 25 435
6 27 594
6 28 604
6 29 694
6 30 26
6 31 622
6 32 708
6 33 818
6 34 512
6 35 625
6 36 779
6 37 531
6 38 495
6 39 415
6 40 127
6 41 105
6 42 826
6 43 319
6 44 186
6 45 667
6 46 168
6 47 341
6 48 124
6 49 365
6 50 728
7 1 128
7 2 188
7 3 180
7 4 242
7 5 53
7 6 953
7 8 28
7 9 998
7 10 556
7 11 721
7 12 23
7 13 529
7 14 428
7 15 193
7 16 392
7 17 405
7 18 323
7 19 922
7 20 899
7 21 738
7 22 400
7 23 356
7 24 563
7 25 719
7 26 541
7 27 582
7 28 238
7 29 881
7 30 57
7 31 954
7 32 961
7 33 184
7 34 142
7 35 140
7 36 777
7 37 194
7 38 92
7 39 804
7 40 191
7 41 999
7 42 524
7 43 566
7 44 528
7 45 304
7 47 110
7 48 919
7 49 60
7 50 432
8 1 193
8 2 958
8 3 521
8 4 592
8 5 665
8 6 84
8 7 310
8 9 205
8 10 17
8 11 899
8 12 438
8 13 73
8 14 853
8 15 750
8 16 608
8 17 346
8 18 241
8 19 384
8 20 891
8 21 332
8 22 187
8 23 433
8 24 682
8 25 62
8 26 998
8 27 209
8 28 717
8 29 459
8 30 480
8 31 128
8 32 243
8 33 672
8 34 438
8 35 763
8 37 263
8 38 102
8 39 198
8 40 925
8 41 659
8 42 566
8 43 823
8 44 96
8 45 638
8 46 27
8 47 845
8 48 245
8 49 372
8 50 85
9 1 980
9 2 262
9 3 768
9 4 166
9 5 695
9 6 449
9 7 580
9 8 44
9 10 10
9 11 648
9 12 855
9 13 841
9 14 776
9 15 97
9 16 512
9 17 213
9 18 211
9 19 126
9 20 666
9 21 761
9 22 402
9 23 324
9 24 326
9 26 577
9 27 419
9 28 316
9 29 603
9 30 615
9 31 560
9 32 975
9 33 51
9 34 540
9 35 236
9 36 818
9 37 57
9 38 282
9 39 619
9 40 988
9 41 326
9 43 980
9 44 988
9 45 532
9 46 820
9 47 763
9 48 628
9 49 683
9 50 327
10 1 190
10 2 808
10 3 992
10 4 302
10 5 210
10 6 316
10 7 628
10 8 786
10 9 86
10 11 943
10 12 740
10 14 701
10 15 854
10 16 714
10 17 751
10 18 745
10 19 302
10 20 921
10 21 154
10 22 935
10 23 539
10 24 141
10 25 612
10 26 870
10 27 128
10 28 143
10 29 689
10 30 242
10 31 122
10 32 371
10 33 920
10 34 312
10 35 530
10 36 912
10 37 613
10 38 91
10 39 579
10 41 592
10 42 876
10 43 664
10 44 886
10 45 616
10 46 716
10 47 92
10 48 681
10 49 467
10 50 836
11 1 334
11 2 739
11 3 341
11 4 269
11 5 629
11 6 482
11 7 880
11 8 498
11 9 961
11 10 23
11 12 538
11 13 555
11 14 144
11 15 260
11 16 474
11 17 807
11 18 789
11 19 385
11 20 772
11 21 880
11 22 315
11 23 715
11 24 107
11 25 979
11 26 601
11 27 74
11 28 694
11 29 44
11 30 107
11 31 512
11 33 231
11 34 440
11 35 602
11 36 572
11 37 708
11 38 230
11 39 53
11 40 588
11 41 79
11 42 365
11 43 610
11 45 616
11 46 919
11 47 105
11 48 875
11 49 745
11 50 912
12 1 664
12 3 481
12 4 683
12 5 895
12 6 796
12 7 749
12 8 1
12 9 774
12 10 349
12 11 427
12 13 819
12 14 744
12 15 533
12 16 683
12 17 975
12 18 972
12 19 284
12 20 546
12 21 680
12 22 866
12 23 950
12 24 619
12 25 944
12 26 314
12 27 580
12 28 560
12 29 585
12 30 684
12 31 434
12 32 329
12 33 947
12 34 449
12 36 809
12 37 981
12 38 695
12 39 604
12 40 730
12 41 48
12 42 729
12 43 430
12 44 474
12 45 900
12 46 174
12 47 358
12 48 934
12 49 148
12 50 681
13 1 217
13 2 693
13 3 360
13 4 434
13 5 642
13 6 330
13 7 378
13 8 307
13 9 909
13 10 289
13 11 891
13 12 593
13 14 74
13 15 571
13 16 539
13 17 523
13 18 380
13 19 872
13 20 569
13 21 335
13 22 601
13 23 616
13 24 416
13 25 30
13 26 441
13 27 315
13 28 203
13 29 798
13 30 248
13 31 350
13 32 479
13 33 816
13 34 394
13 35 190
13 36 250
13 37 35
13 38 520
13 39 979
13 40 694
13 41 780
13 42 267
13 43 584
13 44 724
13 45 340
13 46 507
13 47 615
13 49 214
13 50 886
14 1 486
14 2 783
14 4 572
14 5 86
14 6 398
14 7 987
14 8 115
14 9 839
14 10 653
14 11 318
14 12 988
14 13 900
14 15 19
14 16 466
14 17 68
14 18 413
14 19 656
14 20 669
14 21 447
14 22 527
14 23 647
14 24 492
14 25 658
14 26 913
14 27 76
14 28 382
14 29 252
14 30 582
14 31 996
14 32 466
14 33 819
14 34 481
14 35 600
14 36 742
14 37 918
14 38 997
14 39 729
14 40 32
14 41 187
14 42 381
14 43 701
14 44 175
14 45 633
14 46 720
14 47 640
14 48 700
14 49 132
14 50 647
15 1 368
15 2 930
15 3 525
15 4 14
15 5 422
15 6 183
15 7 278
15 8 849
15 9 564
15 10 881
15 11 782
15 13 911
15 14 346
15 16 600
15 17 391
15 18 297
15 19 693
15 20 308
15 21 294
15 22 421
15 23 691
15 24 480
15 25 154
15 26 392
15 27 654
15 28 786
15 29 111
15 30 646
15 31 837
15 32 594
15 33 644
15 34 204
15 35 523
15 36 169
15 37 569
15 38 296
15 39 351
15 40 198
15 41 144
15 42 266
15 43 78
15 44 925
15 45 176
15 46 776
15 47 876
15 48 918
15 49 72
15 50 569
16 1 577
16 2 365
16 3 341
16 4 267
16 5 197
16 6 494
16 7 10
16 8 202
16 9 631
16 10 472
16 11 847
16 12 467
16 13 65
16 14 491
16 15 22
16 17 940
16 18 11
16 19 590
16 20 235
16 22 361
16 23 787
16 24 731
16 25 978
16 26 865
16 27 7
16 28 153
16 29 640
16 30 883
16 31 422
16 32 63
16 33 803
16 34 998
16 35 428
16 36 143
16 37 616
16 38 976
16 39 989
16 40 626
16 41 177
16 42 619
16 43 97
16 44 24
16 45 86
16 46 514
16 47 866
16 48 107
16 49 453
16 50 876
17 1 49
17 2 39
17 3 588
17 4 835
17 5 769
17 6 917
17 7 51
17 8 776
17 9 69
17 10 42
17 11 10
17 13 490
17 14 105
17 15 812
17 16 487
17 18 884
17 19 306
17 20 102
17 21 859
17 22 294
17 23 79
17 24 387
17 25 913
17 26 176
17 28 762
17 29 350
17 30 689
17 31 627
17 32 456
17 33 493
17 34 854
17 35 856
17 36 531
17 37 793
17 38 43
17 39 300
17 40 709
17 41 93
17 42 75
17 43 129
17 44 487
17 45 84
17 46 618
17 47 943
17 48 247
17 49 456
17 50 826
18 2 552
18 3 910
18 4 36
18 5 846
18 6 340
18 7 422
18 8 110
18 9 515
18 11 184
18 12 459
18 13 555
18 14 162
18 15 266
18 16 47
18 17 368
18 19 122
18 20 930
18 21 160
18 22 164
18 23 229
18 24 221
18 25 608
18 26 655
18 27 349
18 28 94
18 29 90
18 30 319
18 31 388
18 32 336
18 33 126
18 34 565
18 35 239
18 36 35
18 37 600
18 38 84
18 39 727
18 40 374
18 41 193
18 42 593
18 43 909
18 44 3
18 45 148
18 46 422
18 47 269
18 48 546
18 49 789
18 50 742
19 1 475
19 2 301
19 3 905
19 4 55
19 5 521
19 6 512
19 7 61
19 8 869
19 9 958
19 11 150
19 12 187
19 13 345
19 14 837
19 15 665
19 16 910
19 17 76
19 18 51
19 20 861
19 21 511
19 22 777
19 23 586
19 24 56
19 25 370
19 26 494
19 27 58
19 28 517
19 29 916
19 30 678
19 31 414
19 32 56
19 33 419
19 34 241
19 35 356
19 36 323
19 37 647
19 38 876
19 39 187
19 40 708
19 41 97
19 42 496
19 43 209
19 45 635
19 46 840
19 47 46
19 48 299
19 49 101
19 50 473
20 1 350
20 2 962
20 3 983
20 4 126
20 5 547
20 6 38
20 7 495
20 8 393
20 9 448
20 10 363
20 11 308
20 12 477
20 13 777
20 14 363
20 15 896
20 16 369
20 17 71
20 18 570
20 21 15
20 22 946
20 23 108
20 24 722
20 25 42
20 26 603
20 27 931
20 28 29
20 29 443
20 30 328
20 31 327
20 32 543
20 33 800
20 34 676
20 35 856
20 36 134
20 37 154
20 38 403
20 39 524
20 40 648
20 41 795
20 42 971
20 43 11
20 44 454
20 45 799
20 46 139
20 47 168
20 48 694
20 50 859
21 1 238
21 2 616
21 3 873
21 4 536
21 5 723
21 7 947
21 8 577
21 10 326
21 11 229
21 12 605
21 13 120
21 14 908
21 15 284
21 16 14
21 18 707
21 19 959
21 20 870
21 22 192
21 23 464
21 24 272
21 25 715
21 26 112
21 27 418
21 28 37
21 29 474
21 30 223
21 31 836
21 32 964
21 33 390
21 34 881
21 35 822
21 36 980
21 38 496
21 39 46
21 40 515
21 41 219
21 42 992
21 43 443
21 44 896
21 45 572
21 46 48
21 47 15
21 48 479
21 49 683
21 50 28
22 1 537
22 2 993
22 3 249
22 4 729
22 5 457
22 6 872
22 7 795
22 8 568
22 9 289
22 10 832
22 11 393
22 12 863
22 13 667
22 14 356
22 15 253
22 16 899
22 17 177
22 18 584
22 19 395
22 20 574
22 21 98
22 23 965
22 24 566
22 25 540
22 26 860
22 27 489
22 28 939
22 29 226
22 30 968
22 31 621
22 32 605
22 33 504
22 34 614
22 35 854
22 36 584
22 37 422
22 38 725
22 39 379
22 40 341
22 41 366
22 42 210
22 43 733
22 44 228
22 45 228
22 46 88
22 48 832
22 49 126
22 50 616
23 1 415
23 2 872
23 3 189
23 4 512
23 5 836
23 6 106
23 7 404
23 8 47
23 9 595
23 11 342
23 12 272
23 13 562
23 14 315
23 15 229
23 16 417
23 17 928
23 18 82
23 19 1
23 20 349
23 21 158
23 22 731
23 24 41
23 25 523
23 26 940
23 27 773
23 28 103
23 29 519
23 30 212
23 31 934
23 32 996
23 35 827
23 36 701
23 37 868
23 38 367
23 39 564
23 40 703
23 41 825
23 42 967
23 44 102
23 45 419
23 46 661
23 47 373
23 48 332
23 49 975
23 50 953
24 1 100
24 2 902
24 3 34
24 4 452
24 5 602
24 6 192
24 7 182
24 8 642
24 9 66
24 10 473
24 11 766
24 12 168
24 13 991
24 15 977
24 16 102
24 17 339
24 18 155
24 19 154
24 20 206
24 21 873
24 22 717
24 23 260
24 25 697
24 26 36
24 27 361
24 28 467
24 29 696
24 30 86
24 31 798
24 32 670
24 33 38
24 34 250
24 35 923
24 36 424
24 37 701
24 38 876
24 39 615
24 40 883
24 41 517
24 42 32
24 43 707
24 44 634
24 46 200
24 47 50
24 48 610
24 49 653
24 50 388
25 1 116
25 2 806
25 3 593
25 4 988
25 6 874
25 7 204
25 8 685
25 9 909
25 10 917
25 11 503
25 12 604
25 13 2
25 16 653
25 17 273
25 18 391
25 19 902
25 20 195
25 21 814
25 22 602
25 23 70
25 24 780
25 26 836
25 27 938
25 28 812
25 29 543
25 31 571
25 32 363
25 33 944
25 34 532
25 35 15
25 36 331
25 37 647
25 38 820
25 39 275
25 40 987
25 41 693
25 42 478
25 43 23
25 44 602
25 45 394
25 46 525
25 47 557
25 48 747
25 49 177
26 1 830
26 2 490
26 3 78
26 4 376
26 5 655
26 6 32
26 7 446
26 8 787
26 9 219
26 10 735
26 11 950
26 12 761
26 13 658
26 14 312
26 15 56
26 16 189
26 17 326
26 18 386
26 19 188
26 20 145
26 21 660
26 22 526
26 23 189
26 24 490
26 25 548
26 27 142
26 28 235
26 29 72
26 30 699
26 32 982
26 33 249
26 34 528
26 35 823
26 36 678
26 37 255
26 38 477
26 39 709
26 40 700
26 41 615
26 42 928
26 43 787
26 44 564
26 45 40
26 46 444
26 47 875
26 49 96
26 50 984
27 1 200
27 2 481
27 3 523
27 4 696
27 5 493
27 6 48
27 7 237
27 8 982
27 9 595
27 10 378
27 11 216
27 12 19
27 13 76
27 14 549
27 15 267
27 16 955
27 17 371
27 18 944
27 19 210
27 20 200
27 21 5
27 22 261
27 23 814
27 24 932
27 25 47
27 26 378
27 28 323
27 29 842
27 30 252
27 31 418
27 32 826
27 33 804
27 34 251
27 35 700
27 36 499
27 37 743
27 38 748
27 39 87
27 40 724
27 41 694
27 42 465
27 43 939
27 44 712
27 45 892
27 46 488
27 47 978
27 49 199
27 50 210
28 1 274
28 2 408
28 3 409
28 5 278
28 6 20
28 7 575
28 8 561
28 9 419
28 10 304
28 11 883
28 12 260
28 13 907
28 14 301
28 15 437
28 16 710
28 17 551
28 18 137
28 19 561
28 20 645
28 21 236
28 22 647
28 23 368
28 24 929
28 25 463
28 26 658
28 27 641
28 29 355
28 30 497
28 31 970
28 32 553
28 33 59
28 34 243
28 35 312
28 36 819
28 37 872
28 38 331
28 39 393
28 40 432
28 41 749
28 42 696
28 43 315
28 44 361
28 45 603
28 46 967
28 47 797
28 48 664
28 49 517
28 50 285
29 1 224
29 2 513
29 3 520
29 4 223
29 5 880
29 6 449
29 7 685
29 8 889
29 9 441
29 10 39
29 11 386
29 12 410
29 13 943
29 14 796
29 15 653
29 16 254
29 18 614
29 19 524
29 20 937
29 21 7
29 22 308
29 23 37
29 24 54
29 25 622
29 26 397
29 27 8
29 28 940
29 30 546
29 31 672
29 32 808
29 33 182
29 34 895
29 35 320
29 36 702
29 37 469
29 38 551
29 39 502
29 40 154
29 41 439
29 42 942
29 43 544
29 44 176
29 45 351
29 46 487
29 47 971
29 48 3
29 49 92
29 50 585
30 1 879
30 2 28
30 3 943
30 4 538
30 5 417
30 6 996
30 7 511
30 8 813
30 9 4
30 10 450
30 12 710
30 13 675
30 14 257
30 15 892
30 16 921
30 17 576
30 18 945
30 19 390
30 20 126
30 21 446
30 22 543
30 23 916
30 24 387
30 25 86
30 26 92
30 27 737
30 29 924
30 31 62
30 32 92
30 33 16
30 34 998
30 35 322
30 36 395
30 37 940
30 38 859
30 39 811
30 40 288
30 41 721
30 42 976
30 43 291
30 44 170
30 45 685
30 46 317
30 47 778
30 48 928
30 49 237
30 50 353
31 1 872
31 2 978
31 3 830
31 4 669
31 5 872
31 6 745
31 7 55
31 8 310
31 9 188
31 10 792
31 11 233
31 12 250
31 13 235
31 14 600
31 15 599
31 16 556
31 17 995
31 18 539
31 19 766
31 20 157
31 21 826
31 22 486
31 24 132
31 25 468
31 26 7
31 27 169
31 28 784
31 30 784
31 32 448
31 33 372
31 34 488
31 35 320
31 36 702
31 37 317
31 38 988
31 39 573
31 40 413
31 41 395
31 42 882
31 43 601
31 44 538
31 45 467
31 46 202
31 47 772
31 48 66
31 49 800
31 50 679
32 2 412
32 3 690
32 4 444
32 5 569
32 6 867
32 7 281
32 8 700
32 9 334
32 10 287
32 11 220
32 12 469
32 13 422
32 14 668
32 15 193
32 16 909
32 17 987
32 18 894
32 19 577
32 20 326
32 21 466
32 22 989
32 23 72
32 24 348
32 25 941
32 26 609
32 27 166
32 28 142
32 29 380
32 31 231
32 33 294
32 34 58
32 35 995
32 37 983
32 38 853
32 39 563
32 40 202
32 41 133
32 42 262
32 43 887
32 44 771
32 45 482
32 46 356
32 47 544
32 48 501
32 49 548
32 50 452
33 1 487
33 2 441
33 3 380
33 4 164
33 5 258
33 6 721
33 7 236
33 8 957
33 9 661
33 10 196
33 12 122
33 13 155
33 14 576
33 15 705
33 16 800
33 17 985
33 18 699
33 19 782
33 20 838
33 21 261
33 22 335
33 23 322
33 24 874
33 25 222
33 26 445
33 27 707
33 28 577
33 29 988
33 30 207
33 31 476
33 32 792
33 34 45
33 35 268
33 36 171
33 37 561
33 38 877
33 39 891
33 40 148
33 41 834
33 42 904
33 43 343
33 44 307
33 45 58
33 46 270
33 47 11
33 48 857
33 49 255
33 50 709
34 1 990
34 2 92
34 4 321
34 5 677
34 6 765
34 7 547
34 8 898
34 9 209
34 10 605
34 11 826
34 12 197
34 13 812
34 14 653
34 15 340
34 16 208
34 17 272
34 18 510
34 19 768
34 20 148
34 21 753
34 22 267
34 23 981
34 24 656
34 25 610
34 26 640
34 27 65
34 28 879
34 29 650
34 30 273
34 31 133
34 32 711
34 33 614
34 35 576
34 36 383
34 37 290
34 38 341
34 39 929
34 40 539
34 41 901
34 42 534
34 43 364
34 44 449
34 45 697
34 46 16
34 47 788
34 48 904
34 49 287
34 50 650
35 2 24
35 3 787
35 4 402
35 5 290
35 6 119
35 7 409
35 8 251
35 9 758
35 10 473
35 11 130
35 12 408
35 13 97
35 14 614
35 15 470
35 16 710
35 17 542
35 18 852
35 19 352
35 20 234
35 21 133
35 22 890
35 23 134
35 24 18
35 25 254
35 26 935
35 27 714
35 28 621
35 29 722
35 30 969
35 31 260
35 32 371
35 33 344
35 34 46
35 36 124
35 37 634
35 38 164
35 39 532
35 40 236
35 41 274
35 42 356
35 43 717
35 44 33
35 45 452
35 46 331
35 47 502
35 48 162
35 49 224
35 50 705
36 1 865
36 2 457
36 3 189
36 4 754
36 5 942
36 6 206
36 7 7
36 8 876
36 10 271
36 11 980
36 12 950
36 13 592
36 14 239
36 15 672
36 16 935
36 17 636
36 18 796
36 19 920
36 20 151
36 21 327
36 22 156
36 23 424
36 25 683
36 26 872
36 27 456
36 28 486
36 29 554
36 30 309
36 31 999
36 32 129
36 33 14
36 34 863
36 35 937
36 37 202
36 38 617
36 39 879
36 40 760
36 41 975
36 42 106
36 43 30
36 44 954
36 46 407
36 47 621
36 48 544
36 49 79
36 50 908
37 1 531
37 2 874
37 3 827
37 5 682
37 6 552
37 7 982
37 9 457
37 10 586
37 11 206
37 12 265
37 13 72
37 14 111
37 15 925
37 16 70
37 17 240
37 18 290
37 20 933
37 21 176
37 22 844
37 23 901
37 24 406
37 25 603
37 26 875
37 27 864
37 28 984
37 29 181
37 30 270
37 31 605
37 32 724
37 33 700
37 35 512
37 36 255
37 38 573
37 39 690
37 40 288
37 41 477
37 42 24
37 43 96
37 44 62
37 45 229
37 46 712
37 47 133
37 48 691
37 49 637
37 50 555
38 1 930
38 2 926
38 3 839
38 4 458
38 5 769
38 6 739
38 7 215
38 8 723
38 9 613
38 10 78
38 11 707
38 12 793
38 13 348
38 14 663
38 15 869
38 16 47
38 17 526
38 18 475
38 19 972
38 20 215
38 21 114
38 22 448
38 23 238
38 24 209
38 25 861
38 26 818
38 27 921
38 28 346
38 29 861
38 30 909
38 31 900
38 32 790
38 33 834
38 34 738
38 35 599
38 36 955
38 37 476
38 39 814
38 40 677
38 41 440
38 42 891
38 43 735
38 44 585
38 45 590
38 47 397
38 48 453
38 49 989
38 50 274
39 1 927
39 2 960
39 3 841
39 4 40
39 5 759
39 6 430
39 7 600
39 8 971
39 9 248
39 10 872
39 11 316
39 12 108
39 13 780
39 14 215
39 15 249
39 16 966
39 17 952
39 18 200
39 19 272
39 21 779
39 22 13
39 23 300
39 24 219
39 25 255
39 26 35
39 27 803
39 28 197
39 29 783
39 30 607
39 31 185
39 32 57
39 33 885
39 34 496
39 35 897
39 36 924
39 37 606
39 38 678
39 40 875
39 41 576
39 42 925
39 43 99
39 44 892
39 45 384
39 46 878
39 47 106
39 48 985
39 49 195
39 50 410
40 1 184
40 2 818
40 3 188
40 4 548
40 5 118
40 6 758
40 7 154
40 8 504
40 9 912
40 10 350
40 11 286
40 12 518
40 13 534
40 14 694
40 15 402
40 16 381
40 17 942
40 18 677
40 19 986
40 20 620
40 21 904
40 22 562
40 23 896
40 24 2
40 25 805
40 26 632
40 27 231
40 28 910
40 29 616
40 30 426
40 31 671
40 32 151
40 33 595
40 34 211
40 35 50
40 36 712
40 38 320
40 39 203
40 41 215
40 42 232
40 43 553
40 44 853
40 45 749
40 46 438
40 47 898
40 48 503
40 49 819
40 50 192
41 1 531
41 2 156
41 3 811
41 4 434
41 5 717
41 6 58
41 7 435
41 8 873
41 9 689
41 10 666
41 11 135
41 12 656
41 13 443
41 14 805
41 15 158
41 16 37
41 17 367
41 18 207
41 19 101
41 20 687
41 21 762
41 23 315
41 24 918
41 25 666
41 26 519
41 27 18
41 28 103
41 29 417
41 30 520
41 31 273
41 32 960
41 33 51
41 34 429
41 35 122
41 36 836
41 37 497
41 38 179
41 39 271
41 40 370
41 42 220
41 43 288
41 44 504
41 45 227
41 46 730
41 47 308
41 48 385
41 49 118
41 50 675
42 1 943
42 2 218
42 3 361
42 4 704
42 5 885
42 7 630
42 8 721
42 9 403
42 10 647
42 11 824
42 12 171
42 13 519
42 14 96
42 15 130
42 17 569
42 18 524
42 19 251
42 20 404
42 21 373
42 22 782
42 24 26
42 25 742
42 26 1
42 28 313
42 29 245
42 30 227
42 31 394
42 33 904
42 34 963
42 35 512
42 36 930
42 37 258
42 38 729
42 39 642
42 40 313
42 41 965
42 43 271
42 44 34
42 45 368
42 46 918
42 47 857
42 48 890
42 50 788
43 1 304
43 2 20
43 3 708
43 4 180
43 5 622
43 6 463
43 7 552
43 8 403
43 9 489
43 10 293
43 11 403
43 12 153
43 13 889
43 14 982
43 15 547
43 16 792
43 17 296
43 18 410
43 19 722
43 20 553
43 21 490
43 22 363
43 23 866
43 24 455
43 26 986
43 27 251
43 28 174
43 29 255
43 30 107
43 31 63
43 32 42
43 33 762
43 34 82
43 35 749
43 36 941
43 37 56
43 38 211
43 39 844
43 40 458
43 41 51
43 42 136
43 44 213
43 45 204
43 46 24
43 47 546
43 48 102
43 49 168
43 50 841
44 1 511
44 2 241
44 3 746
44 4 352
44 5 955
44 6 611
44 7 806
44 8 940
44 9 861
44 10 979
44 11 194
44 12 319
44 13 394
44 14 587
44 15 432
44 16 827
44 17 687
44 18 373
44 19 882
44 20 898
44 21 216
44 22 340
44 23 300
44 24 704
44 25 904
44 26 855
44 27 79
44 28 449
44 29 956
44 30 246
44 31 641
44 32 818
44 33 486
44 34 386
44 35 170
44 36 441
44 37 348
44 38 327
44 39 732
44 40 560
44 41 658
44 43 926
44 45 878
44 46 51
44 47 864
44 48 310
44 49 877
44 50 551
45 1 34
45 2 111
45 3 800
45 4 601
45 5 450
45 6 99
45 7 304
45 9 705
45 10 954
45 11 383
45 12 153
45 13 261
45 14 980
45 15 793
45 16 79
45 17 466
45 18 531
45 19 600
45 20 258
45 21 878
45 22 278
45 23 989
45 24 438
45 25 935
45 26 266
45 27 667
45 28 985
45 29 130
45 30 328
45 31 214
45 32 680
45 33 361
45 34 324
45 35 831
45 36 314
45 37 125
45 39 929
45 40 617
45 41 829
45 43 234
45 44 351
45 46 333
45 47 495
45 48 331
45 49 477
45 50 573
46 1 148
46 2 7
46 3 524
46 4 757
46 5 885
46 7 801
46 8 745
46 9 322
46 10 736
46 11 11
46 12 340
46 13 72
46 14 492
46 15 668
46 16 637
46 19 523
46 20 28
46 21 312
46 22 353
46 23 341
46 24 436
46 25 281
46 26 310
46 27 616
46 28 515
46 29 12
46 30 300
46 31 361
46 32 342
46 33 777
46 34 285
46 35 841
46 37 783
46 38 808
46 39 597
46 40 19
46 41 960
46 42 694
46 43 692
46 44 47
46 45 56
46 47 32
46 48 119
46 49 899
46 50 699
47 1 107
47 3 421
47 4 78
47 5 419
47 6 773
47 7 771
47 8 854
47 9 405
47 10 80
47 11 822
47 12 271
47 13 443
47 14 121
47 15 983
47 16 137
47 17 897
47 18 267
47 19 977
47 21 32
47 22 426
47 23 926
47 24 402
47 25 386
47 26 971
47 27 94
47 28 432
47 29 378
47 30 477
47 31 902
47 32 276
47 33 175
47 34 9
47 35 696
47 36 604
47 37 779
47 38 820
47 39 374
47 40 984
47 41 576
47 42 805
47 43 805
47 44 199
47 45 248
47 48 278
47 49 181
47 50 384
48 1 526
48 2 800
48 3 712
48 4 909
48 6 225
48 7 989
48 8 311
48 9 610
48 10 959
48 11 756
48 12 394
48 13 336
48 14 232
48 15 295
48 16 963
48 17 758
48 18 655
48 19 10
48 20 361
48 21 433
48 23 829
48 24 87
48 26 769
48 27 757
48 28 891
48 29 573
48 30 307
48 31 490
48 32 202
48 33 487
48 34 225
48 35 728
48 36 638
48 37 937
48 38 636
48 39 863
48 40 277
48 41 946
48 42 472
48 43 588
48 44 53
48 45 865
48 46 923
48 47 284
48 49 512
48 50 238
49 1 41
49 2 518
49 3 247
49 5 754
49 6 303
49 7 428
49 8 840
49 9 71
49 10 184
49 11 82
49 12 995
49 13 842
49 14 924
49 15 197
49 16 680
49 17 148
49 18 924
49 19 318
49 20 436
49 22 559
49 23 180
49 24 713
49 25 857
49 26 3
49 27 300
49 28 909
49 29 868
49 30 574
49 31 545
49 32 731
49 33 811
49 34 937
49 36 248
49 37 410
49 39 690
49 40 902
49 41 837
49 42 881
49 43 972
49 44 20
49 45 315
49 46 967
49 47 213
49 48 238
49 50 515
50 1 892
50 2 737
50 3 790
50 4 209
50 5 173
50 7 700
50 8 388
50 9 237
50 10 556
50 11 391
50 12 888
50 13 817
50 14 610
50 15 461
50 16 361
50 17 692
50 18 624
50 19 649
50 20 939
50 21 33
50 22 691
50 23 841
50 24 221
50 25 571
50 26 164
50 27 240
50 28 237
50 29 482
50 30 804
50 31 826
50 32 996
50 33 695
50 34 563
50 35 137
50 36 904
50 37 87
50 38 837
50 39 291
50 40 675
50 41 744
50 42 33
50 43 562
50 44 560
50 45 642
50 46 374
50 47 272
50 48 333
50 49 349

END

R
1 2 1
1 3 5
1 4 5
1 5 1
1 6 1
1 7 4
1 8 2
1 9 1
1 10 3
1 11 5
1 12 5
1 13 1
1 14 2
1 15 3
1 16 3
1 17 5
1 18 3
1 19 2
1 20 4
1 21 5
1 22 2
1 23 3
1 24 3
1 25 4
1 26 1
1 27 5
1 28 5
1 29 3
1 30 3
1 31 5
1 32 3
1 33 3
1 34 4
1 35 4
1 36 5
1 37 1
1 38 4
1 39 4
1 40 1
1 41 1
1 42 5
1 43 3
1 44 1
1 45 3
1 46 2
1 47 3
1 48 2
1 49 1
1 50 1
2 1 5
2 3 1
2 4 2
2 5 2
2 6 5
2 7 3
2 8 3
2 9 4
2 10 4
2 11 2
2 12 1
2 13 3
2 14 4
2 15 1
2 16 3
2 17 4
2 18 2
2 19 4
2 20 3
2 21 2
2 22 1
2 23 5
2 24 1
2 25 3
2 26 3
2 27 3
2 28 1
2 29 5
2 30 4
2 31 2
2 32 3
2 33 4
2 34 2
2 35 4
2 36 2
2 37 1
2 38 3
2 39 1
2 40 1
2 41 1
2 42 2
2 43 2
2 44 3
2 45 2
2 46 4
2 47 1
2 48 1
2 49 5
2 50 1
3 1 5
3 2 2
3 4 1
3 5 4
3 6 2
3 7 1
3 8 1
3 9 5
3 10 1
3 11 3
3 12 5
3 13 4
3 14 5
3 15 3
3 16 5
3 17 5
3 18 2
3 19 2
3 20 3
3 21 2
3 22 3
3 23 3
3 24 4
3 25 1
3 26 3
3 27 5
3 28 4
3 29 3
3 30 2
3 31 3
3 32 3
3 33 1
3 34 4
3 35 5
3 36 5
3 37 3
3 38 2
3 39 5
3 40 4
3 41 5
3 42 4
3 43 3
3 44 3
3 45 3
3 46 1
3 47 5
3 48 3
3 49 2
3 50 1
4 1 2
4 2 5
4 3 5
4 5 4
4 6 3
4 7 5
4 8 1
4 9 5
4 10 3
4 11 5
4 12 3
4 13 3
4 14 4
4 15 4
4 16 3
4 17 4
4 18 5
4 19 5
4 20 2
4 21 1
4 22 3
4 23 1
4 24 5
4 25 3
4 26 4
4 27 2
4 28 5
4 29 3
4 30 1
4 31 1
4 32 5
4 33 4
4 34 2
4 35 5
4 36 3
4 37 2
4 38 4
4 39 5
4 40 3
4 41 4
4 42 5
4 43 5
4 44 1
4 45 3
4 46 3
4 47 5
4 48 3
4 49 2
4 50 5
5 1 5
5 2 3
5 3 4
5 4 2
5 6 4
5 7 1
5 8 5
5 9 5
5 10 5
5 11 4
5 12 3
5 13 2
5 14 4
5 15 1
5 16 1
5 17 5
5 18 5
5 19 2
5 20 5
5 21 5
5 22 4
5 23 3
5 24 4
5 25 3
5 26 5
5 27 3
5 28 3
5 29 5
5 30 3
5 31 1
5 32 1
5 33 2
5 34 3
5 35 1
5 36 5
5 37 1
5 38 4
5 39 5
5 40 3
5 41 5
5 42 5
5 43 2
5 44 4
5 45 5
5 46 4
5 47 4
5 48 4
5 49 4
5 50 2
6 1 4
6 2 5
6 3 5
6 4 3
6 5 5
6 7 4
6 8 5
6 9 2
6 10 1
6 11 1
6 12 4
6 13 2
6 14 3
6 15 2
6 16 1
6 17 5
6 18 2
6 19 4
6 20 5
6 21 3
6 22 3
6 23 5
6 24 4
6 25 1
6 26 5
6 27 4
6 28 4
6 29 5
6 30 2
6 31 4
6 32 1
6 33 2
6 34 3
6 35 2
6 36 2
6 37 2
6 38 5
6 39 3
6 40 1
6 41 3
6 42 5
6 43 1
6 44 1
6 45 2
6 46 5
6 47 1
6 48 3
6 49 3
6 50 1
7 1 3
7 2 2
7 3 3
7 4 4
7 5 5
7 6 3
7 8 3
7 9 3
7 10 4
7 11 4
7 12 2
7 13 2
7 14 4
7 15 3
7 16 2
7 17 2
7 18 1
7 19 5
7 20 1
7 21 3
7 22 5
7 23 5
7 24 2
7 25 3
7 26 5
7 27 5
7 28 2
7 29 3
7 30 5
7 31 1
7 32 3
7 33 2
7 34 2
7 35 3
7 36 5
7 37 1
7 38 5
7 39 4
7 40 1
7 41 5
7 42 2
7 43 2
7 44 2
7 45 2
7 46 1
7 47 5
7 48 3
7 49 2
7 50 4
8 1 5
8 2 1
8 3 1
8 4 5
8 5 5
8 6 3
8 7 1
8 9 1
8 10 1
8 11 3
8 12 5
8 13 1
8 14 3
8 15 1
8 16 4
8 17 5
8 18 2
8 19 4
8 20 1
8 21 2
8 22 1
8 23 1
8 24 5
8 25 2
8 26 4
8 27 1
8 28 3
8 29 3
8 30 5
8 31 4
8 32 3
8 33 2
8 34 1
8 35 3
8 36 3
8 37 5
8 38 2
8 39 3
8 40 1
8 41 2
8 42 3
8 43 5
8 44 4
8 45 5
8 46 3
8 47 2
8 48 1
8 49 4
8 50 3
9 1 1
9 2 1
9 3 3
9 4 3
9 5 5
9 6 5
9 7 3
9 8 3
9 10 4
9 11 2
9 12 4
9 13 2
9 14 5
9 15 5
9 16 2
9 17 4
9 18 2
9 19 4
9 20 1
9 21 5
9 22 4
9 23 4
9 24 4
9 25 5
9 26 3
9 27 3
9 28 2
9 29 1
9 30 3
9 31 1
9 32 3
9 33 5
9 34 3
9 35 3
9 36 5
9 37 2
9 38 2
9 39 4
9 40 1
9 41 5
9 42 1
9 43 5
9 44 3
9 45 2
9 46 4
9 47 1
9 48 2
9 49 3
9 50 1
10 1 2
10 2 2
10 3 4
10 4 3
10 5 5
10 6 4
10 7 5
10 8 4
10 9 2
10 11 5
10 12 3
10 13 2
10 14 5
10 15 4
10 16 4
10 17 2
10 18 3
10 19 3
10 20 5
10 21 2
10 22 5
10 23 1
10 24 4
10 25 4
10 26 5
10 27 2
10 28 5
10 29 2
10 30 3
10 31 2
10 32 3
10 33 5
10 34 5
10 35 3
10 36 2
10 37 1
10 38 3
10 39 3
10 40 1
10 41 5
10 42 4
10 43 3
10 44 1
10 45 5
10 46 1
10 47 2
10 48 1
10 49 1
10 50 1
11 1 2
11 2 4
11 3 5
11 4 4
11 5 4
11 6 1
11 7 3
11 8 5
11 9 2
11 10 2
11 12 2
11 13 5
11 14 4
11 15 1
11 16 1
11 17 1
11 18 4
11 19 3
11 20 4
11 21 3
11 22 3
11 23 3
11 24 2
11 25 5
11 26 5
11 27 1
11 28 2
11 29 3
11 30 4
11 31 4
11 32 3
11 33 2
11 34 4
11 35 5
11 36 1
11 37 2
11 38 2
11 39 5
11 40 1
11 41 3
11 42 1
11 43 3
11 44 4
11 45 1
11 46 5
11 47 4
11 48 4
11 49 1
11 50 1
12 1 4
12 2 3
12 3 5
12 4 1
12 5 1
12 6 1
12 7 2
12 8 4
12 9 2
12 10 5
12 11 2
12 13 3
12 14 4
12 15 5
12 16 1
12 17 3
12 18 2
12 19 3
12 20 4
12 21 2
12 22 3
12 23 3
12 24 4
12 25 2
12 26 3
12 27 2
12 28 2
12 29 3
12 30 5
12 31 2
12 32 3
12 33 3
12 34 1
12 35 4
12 36 5
12 37 2
12 38 4
12 39 3
12 40 5
12 41 3
12 42 2
12 43 3
12 44 5
12 45 1
12 46 4
12 47 5
12 48 5
12 49 1
12 50 4
13 1 1
13 2 4
13 3 4
13 4 3
13 5 4
13 6 5
13 7 3
13 8 5
13 9 3
13 10 5
13 11 1
13 12 1
13 14 5
13 15 5
13 16 2
13 17 3
13 18 4
13 19 5
13 20 2
13 21 2
13 22 1
13 23 4
13 24 5
13 25 5
13 26 5
13 27 2
13 28 3
13 29 1
13 30 2
13 31 3
13 32 5
13 33 2
13 34 3
13 35 5
13 36 1
13 37 2
13 38 4
13 39 3
13 40 1
13 41 2
13 42 3
13 43 2
13 44 2
13 45 2
13 46 1
13 47 5
13 48 1
13 49 2
13 50 4
14 1 2
14 2 5
14 3 4
14 4 2
14 5 4
14 6 3
14 7 1
14 8 1
14 9 1
14 10 4
14 11 2
14 12 5
14 13 3
14 15 5
14 16 3
14 17 2
14 18 5
14 19 4
14 20 2
14 21 3
14 22 1
14 23 5
14 24 5
14 25 4
14 26 4
14 27 3
14 28 2
14 29 3
14 30 3
14 31 3
14 32 2
14 33 2
14 34 4
14 35 2
14 36 5
14 37 2
14 38 5
14 39 1
14 40 4
14 41 2
14 42 4
14 43 2
14 44 3
14 45 3
14 46 1
14 47 5
14 48 1
14 49 3
14 50 5
15 1 4
15 2 5
15 3 3
15 4 4
15 5 1
15 6 1
15 7 2
15 8 5
15 9 2
15 10 4
15 11 4
15 12 1
15 13 2
15 14 5
15 16 4
15 17 4
15 18 5
15 19 3
15 20 5
15 21 2
15 22 1
15 23 3
15 24 2
15 25 5
15 26 5
15 27 1
15 28 2
15 29 2
15 30 1
15 31 4
15 32 1
15 33 4
15 34 3
15 35 5
15 36 4
15 37 5
15 38 1
15 39 5
15 40 4
15 41 4
15 42 1
15 43 3
15 44 5
15 45 4
15 46 4
15 47 3
15 48 2
15 49 5
15 50 5
16 1 3
16 2 3
16 3 3
16 4 5
16 5 4
16 6 4
16 7 5
16 8 1
16 9 5
16 10 1
16 11 3
16 12 4
16 13 3
16 14 4
16 15 3
16 17 3
16 18 2
16 19 5
16 20 5
16 21 4
16 22 5
16 23 3
16 24 4
16 25 4
16 26 2
16 27 2
16 28 3
16 29 2
16 30 1
16 31 4
16 32 3
16 33 3
16 34 2
16 35 5
16 36 3
16 37 2
16 38 5
16 39 4
16 40 3
16 41 5
16 42 1
16 43 5
16 44 5
16 45 3
16 46 3
16 47 4
16 48 2
16 49 5
16 50 3
17 1 3
17 2 3
17 3 5
17 4 1
17 5 3
17 6 3
17 7 4
17 8 1
17 9 5
17 10 2
17 11 1
17 12 1
17 13 5
17 14 4
17 15 2
17 16 1
17 18 3
17 19 3
17 20 1
17 21 1
17 22 2
17 23 2
17 24 1
17 25 2
17 26 1
17 27 5
17 28 4
17 29 1
17 30 4
17 31 5
17 32 1
17 33 1
17 34 4
17 35 5
17 36 3
17 37 1
17 38 2
17 39 4
17 40 2
17 41 4
17 42 5
17 43 4
17 44 4
17 45 4
17 46 4
17 47 5
17 48 5
17 49 1
17 50 4
18 1 2
18 2 3
18 3 1
18 4 3
18 5 5
18 6 2
18 7 5
18 8 2
18 9 2
18 10 5
18 11 5
18 12 4
18 13 5
18 14 2
18 15 2
18 16 4
18 17 2
18 19 5
18 20 3
18 21 5
18 22 3
18 23 1
18 24 1
18 25 1
18 26 4
18 27 5
18 28 5
18 29 3
18 30 1
18 31 2
18 32 3
18 33 2
18 34 5
18 35 3
18 36 1
18 37 1
18 38 4
18 39 5
18 40 2
18 41 3
18 42 1
18 43 3
18 44 1
18 45 1
18 46 2
18 47 4
18 48 1
18 49 5
18 50 3
19 1 3
19 2 4
19 3 5
19 4 3
19 5 1
19 6 3
19 7 3
19 8 5
19 9 4
19 10 2
19 11 2
19 12 5
19 13 5
19 14 5
19 15 1
19 16 2
19 17 5
19 18 2
19 20 3
19 21 1
19 22 5
19 23 5
19 24 2
19 25 5
19 26 2
19 27 4
19 28 1
19 29 5
19 30 1
19 31 5
19 32 3
19 33 4
19 34 5
19 35 4
19 36 3
19 37 5
19 38 3
19 39 3
19 40 2
19 41 1
19 42 4
19 43 5
19 44 1
19 45 3
19 46 5
19 47 3
19 48 2
19 49 1
19 50 4
20 1 4
20 2 4
20 3 1
20 4 5
20 5 5
20 6 5
20 7 1
20 8 5
20 9 2
20 10 5
20 11 5
20 12 1
20 13 4
20 14 5
20 15 2
20 16 5
20 17 5
20 18 3
20 19 2
20 21 2
20 22 1
20 23 3
20 24 2
20 25 1
20 26 5
20 27 5
20 28 2
20 29 2
20 30 3
20 31 4
20 32 3
20 33 1
20 34 2
20 35 3
20 36 5
20 37 3
20 38 4
20 39 5
20 40 4
20 41 5
20 42 1
20 43 4
20 44 2
20 45 5
20 46 5
20 47 3
20 48 4
20 49 1
20 50 2
21 1 5
21 2 2
21 3 3
21 4 4
21 5 1
21 6 5
21 7 3
21 8 5
21 9 3
21 10 2
21 11 2
21 12 1
21 13 4
21 14 4
21 15 5
21 16 3
21 17 3
21 18 4
21 19 1
21 20 4
21 22 3
21 23 5
21 24 4
21 25 3
21 26 3
21 27 5
21 28 4
21 29 5
21 30 3
21 31 5
21 32 3
21 33 5
21 34 3
21 35 2
21 36 5
21 37 3
21 38 1
21 39 3
21 40 4
21 41 3
21 42 1
21 43 2
21 44 1
21 45 4
21 46 5
21 47 2
21 48 3
21 49 4
21 50 2
22 1 3
22 2 4
22 3 4
22 4 4
22 5 3
22 6 3
22 7 1
22 8 4
22 9 2
22 10 2
22 11 2
22 12 3
22 13 4
22 14 3
22 15 5
22 16 1
22 17 2
22 18 3
22 19 3
22 20 1
22 21 1
22 23 3
22 24 1
22 25 5
22 26 5
22 27 1
22 28 4
22 29 1
22 30 3
22 31 5
22 32 2
22 33 2
22 34 3
22 35 3
22 36 5
22 37 5
22 38 2
22 39 2
22 40 4
22 41 5
22 42 3
22 43 2
22 44 2
22 45 4
22 46 1
22 47 2
22 48 1
22 49 4
22 50 1
23 1 5
23 2 5
23 3 3
23 4 2
23 5 2
23 6 2
23 7 1
23 8 3
23 9 3
23 10 3
23 11 2
23 12 2
23 13 2
23 14 4
23 15 4
23 16 1
23 17 3
23 18 1
23 19 2
23 20 2
23 21 1
23 22 2
23 24 1
23 25 4
23 26 3
23 27 4
23 28 4
23 29 1
23 30 1
23 31 2
23 32 3
23 33 1
23 34 3
23 35 1
23 36 2
23 37 2
23 38 4
23 39 5
23 40 4
23 41 1
23 42 4
23 43 5
23 44 2
23 45 5
23 46 3
23 47 1
23 48 5
23 49 3
23 50 3
24 1 2
24 2 1
24 3 3
24 4 5
24 5 1
24 6 1
24 7 4
24 8 5
24 9 4
24 10 5
24 11 5
24 12 2
24 13 4
24 14 2
24 15 2
24 16 4
24 17 4
24 18 3
24 19 5
24 20 5
24 21 1
24 22 5
24 23 3
24 25 2
24 26 4
24 27 5
24 28 2
24 29 1
24 30 4
24 31 1
24 32 3
24 33 2
24 34 1
24 35 5
24 36 3
24 37 1
24 38 5
24 39 2
24 40 2
24 41 5
24 42 3
24 43 4
24 44 3
24 45 1
24 46 5
24 47 4
24 48 2
24 49 5
24 50 1
25 1 1
25 2 1
25 3 3
25 4 5
25 5 4
25 6 2
25 7 5
25 8 3
25 9 3
25 10 5
25 11 3
25 12 5
25 13 4
25 14 2
25 15 2
25 16 3
25 17 4
25 18 2
25 19 4
25 20 2
25 21 1
25 22 3
25 23 4
25 24 4
25 26 1
25 27 5
25 28 5
25 29 4
25 30 1
25 31 5
25 32 2
25 33 1
25 34 5
25 35 1
25 36 2
25 37 5
25 38 2
25 39 2
25 40 4
25 41 1
25 42 3
25 43 2
25 44 2
25 45 2
25 46 5
25 47 3
25 48 1
25 49 5
25 50 5
26 1 5
26 2 2
26 3 5
26 4 2
26 5 5
26 6 5
26 7 4
26 8 1
26 9 4
26 10 5
26 11 3
26 12 5
26 13 3
26 14 5
26 15 2
26 16 3
26 17 2
26 18 1
26 19 2
26 20 5
26 21 2
26 22 2
26 23 4
26 24 5
26 25 4
26 27 2
26 28 4
26 29 1
26 30 3
26 31 3
26 32 2
26 33 2
26 34 1
26 35 3
26 36 5
26 37 3
26 38 4
26 39 1
26 40 3
26 41 3
26 42 5
26 43 1
26 44 4
26 45 2
26 46 2
26 47 5
26 48 1
26 49 5
26 50 3
27 1 2
27 2 1
27 3 4
27 4 1
27 5 5
27 6 3
27 7 1
27 8 1
27 9 3
27 10 3
27 11 5
27 12 2
27 13 5
27 14 1
27 15 3
27 16 4
27 17 3
27 18 5
27 19 3
27 20 3
27 21 4
27 22 2
27 23 4
27 24 1
27 25 5
27 26 2
27 28 3
27 29 2
27 30 2
27 31 2
27 32 1
27 33 1
27 34 3
27 35 4
27 36 1
27 37 4
27 38 3
27 39 1
27 40 4
27 41 5
27 42 3
27 43 4
27 44 1
27 45 4
27 46 1
27 47 5
27 48 3
27 49 3
27 50 4
28 1 2
28 2 2
28 3 3
28 4 5
28 5 5
28 6 5
28 7 1
28 8 1
28 9 2
28 10 2
28 11 5
28 12 4
28 13 2
28 14 5
28 15 3
28 16 2
28 17 5
28 18 1
28 19 1
28 20 2
28 21 1
28 22 5
28 23 1
28 24 4
28 25 3
28 26 5
28 27 2
28 29 4
28 30 4
28 31 1
28 32 5
28 33 2
28 34 3
28 35 4
28 36 1
28 37 2
28 38 3
28 39 1
28 40 5
28 41 5
28 42 5
28 43 4
28 44 3
28 45 3
28 46 3
28 47 2
28 48 5
28 49 4
28 50 2
29 1 2
29 2 2
29 3 2
29 4 4
29 5 2
29 6 3
29 7 3
29 8 3
29 9 4
29 10 1
29 11 3
29 12 1
29 13 5
29 14 1
29 15 3
29 16 3
29 17 1
29 18 2
29 19 1
29 20 4
29 21 3
29 22 2
29 23 3
29 24 1
29 25 1
29 26 2
29 27 5
29 28 2
29 30 3
29 31 5
29 32 3
29 33 5
29 34 1
29 35 4
29 36 3
29 37 4
29 38 3
29 39 5
29 40 4
29 41 1
29 42 2
29 43 1
29 44 4
29 45 2
29 46 2
29 47 3
29 48 1
29 49 4
29 50 4
30 1 3
30 2 4
30 3 1
30 4 4
30 5 3
30 6 3
30 7 4
30 8 5
30 9 2
30 10 2
30 11 2
30 12 3
30 13 4
30 14 3
30 15 3
30 16 5
30 17 5
30 18 2
30 19 2
30 20 1
30 21 2
30 22 5
30 23 3
30 24 2
30 25 5
30 26 1
30 27 5
30 28 2
30 29 1
30 31 1
30 32 1
30 33 4
30 34 4
30 35 3
30 36 4
30 37 2
30 38 3
30 39 5
30 40 1
30 41 1
30 42 1
30 43 4
30 44 4
30 45 2
30 46 2
30 47 1
30 48 3
30 49 3
30 50 4
31 1 1
31 2 4
31 3 5
31 4 5
31 5 1
31 6 4
31 7 4
31 8 3
31 9 5
31 10 3
31 11 3
31 12 5
31 13 3
31 14 3
31 15 4
31 16 2
31 17 2
31 18 5
31 19 1
31 20 3
31 21 2
31 22 2
31 23 3
31 24 5
31 25 5
31 26 1
31 27 1
31 28 2
31 29 3
31 30 1
31 32 3
31 33 4
31 34 4
31 35 4
31 36 5
31 37 1
31 38 2
31 39 1
31 40 3
31 41 4
31 42 3
31 43 5
31 44 3
31 45 2
31 46 5
31 47 1
31 48 5
31 49 3
31 50 2
32 1 1
32 2 5
32 3 5
32 4 4
32 5 4
32 6 5
32 7 3
32 8 5
32 9 2
32 10 1
32 11 4
32 12 2
32 13 3
32 14 2
32 15 5
32 16 4
32 17 4
32 18 2
32 19 2
32 20 4
32 21 4
32 22 5
32 23 1
32 24 1
32 25 3
32 26 4
32 27 5
32 28 5
32 29 3
32 30 4
32 31 4
32 33 3
32 34 3
32 35 3
32 36 1
32 37 1
32 38 4
32 39 5
32 40 2
32 41 1
32 42 3
32 43 1
32 44 4
32 45 2
32 46 4
32 47 1
32 48 5
32 49 4
32 50 2
33 1 2
33 2 2
33 3 3
33 4 3
33 5 4
33 6 3
33 7 2
33 8 2
33 9 4
33 10 4
33 11 2
33 12 2
33 13 2
33 14 1
33 15 1
33 16 1
33 17 4
33 18 3
33 19 5
33 20 5
33 21 2
33 22 2
33 23 2
33 24 4
33 25 5
33 26 4
33 27 4
33 28 5
33 29 5
33 30 3
33 31 4
33 32 3
33 34 4
33 35 1
33 36 1
33 37 5
33 38 5
33 39 2
33 40 3
33 41 5
33 42 5
33 43 4
33 44 3
33 45 3
33 46 2
33 47 5
33 48 4
33 49 5
33 50 2
34 1 5
34 2 1
34 3 3
34 4 1
34 5 3
34 6 3
34 7 5
34 8 3
34 9 2
34 10 2
34 11 2
34 12 4
34 13 2
34 14 5
34 15 4
34 16 4
34 17 2
34 18 5
34 19 3
34 20 5
34 21 3
34 22 4
34 23 5
34 24 3
34 25 1
34 26 4
34 27 4
34 28 5
34 29 4
34 30 5
34 31 3
34 32 3
34 33 1
34 35 3
34 36 3
34 37 5
34 38 5
34 39 5
34 40 2
34 41 1
34 42 3
34 43 5
34 44 1
34 45 4
34 46 1
34 47 5
34 48 2
34 49 2
34 50 1
35 1 1
35 2 2
35 3 3
35 4 4
35 5 3
35 6 3
35 7 1
35 8 3
35 9 3
35 10 5
35 11 2
35 12 3
35 13 2
35 14 4
35 15 5
35 16 4
35 17 4
35 18 1
35 19 1
35 20 5
35 21 2
35 22 3
35 23 2
35 24 3
35 25 4
35 26 2
35 27 4
35 28 5
35 29 5
35 30 2
35 31 5
35 32 2
35 33 3
35 34 5
35 36 5
35 37 2
35 38 2
35 39 5
35 40 5
35 41 4
35 42 1
35 43 3
35 44 3
35 45 2
35 46 1
35 47 4
35 48 3
35 49 1
35 50 4
36 1 5
36 2 5
36 3 2
36 4 2
36 5 3
36 6 5
36 7 5
36 8 1
36 9 3
36 10 1
36 11 2
36 12 1
36 13 3
36 14 3
36 15 4
36 16 2
36 17 2
36 18 2
36 19 5
36 20 3
36 21 3
36 22 3
36 23 3
36 24 5
36 25 3
36 26 2
36 27 3
36 28 1
36 29 1
36 30 5
36 31 2
36 32 5
36 33 5
36 34 3
36 35 1
36 37 4
36 38 4
36 39 3
36 40 2
36 41 3
36 42 3
36 43 3
36 44 4
36 45 2
36 46 1
36 47 4
36 48 3
36 49 4
36 50 2
37 1 2
37 2 2
37 3 5
37 4 2
37 5 4
37 6 1
37 7 4
37 8 2
37 9 3
37 10 1
37 11 2
37 12 5
37 13 4
37 14 1
37 15 1
37 16 4
37 17 4
37 18 4
37 19 2
37 20 1
37 21 2
37 22 2
37 23 5
37 24 5
37 25 5
37 26 2
37 27 5
37 28 5
37 29 1
37 30 5
37 31 1
37 32 3
37 33 1
37 34 2
37 35 1
37 36 2
37 38 3
37 39 1
37 40 3
37 41 2
37 42 3
37 43 2
37 44 1
37 45 2
37 46 2
37 47 1
37 48 2
37 49 5
37 50 2
38 1 5
38 2 2
38 3 3
38 4 1
38 5 4
38 6 4
38 7 2
38 8 5
38 9 5
38 10 1
38 11 2
38 12 5
38 13 2
38 14 1
38 15 5
38 16 3
38 17 1
38 18 3
38 19 2
38 20 3
38 21 1
38 22 4
38 23 1
38 24 4
38 25 1
38 26 4
38 27 5
38 28 4
38 29 5
38 30 2
38 31 5
38 32 4
38 33 5
38 34 4
38 35 2
38 36 3
38 37 3
38 39 3
38 40 4
38 41 2
38 42 4
38 43 1
38 44 3
38 45 2
38 46 1
38 47 3
38 48 1
38 49 4
38 50 2
39 1 3
39 2 1
39 3 4
39 4 3
39 5 1
39 6 2
39 7 3
39 8 1
39 9 4
39 10 3
39 11 5
39 12 2
39 13 2
39 14 1
39 15 1
39 16 3
39 17 2
39 18 1
39 19 5
39 20 4
39 21 4
39 22 3
39 23 4
39 24 1
39 25 1
39 26 2
39 27 2
39 28 5
39 29 3
39 30 2
39 31 3
39 32 2
39 33 2
39 34 2
39 35 1
39 36 5
39 37 3
39 38 5
39 40 5
39 41 1
39 42 3
39 43 2
39 44 2
39 45 4
39 46 2
39 47 5
39 48 3
39 49 5
39 50 5
40 1 2
40 2 5
40 3 3
40 4 2
40 5 4
40 6 4
40 7 4
40 8 5
40 9 2
40 10 5
40 11 4
40 12 3
40 13 2
40 14 2
40 15 1
40 16 3
40 17 2
40 18 5
40 19 3
40 20 2
40 21 2
40 22 3
40 23 4
40 24 3
40 25 2
40 26 4
40 27 1
40 28 1
40 29 2
40 30 5
40 31 2
40 32 5
40 33 4
40 34 4
40 35 3
40 36 4
40 37 4
40 38 1
40 39 1
40 41 2
40 42 2
40 43 4
40 44 1
40 45 4
40 46 1
40 47 2
40 48 1
40 49 4
40 50 3
41 1 3
41 2 5
41 3 1
41 4 3
41 5 5
41 6 5
41 7 1
41 8 1
41 9 5
41 10 3
41 11 4
41 12 1
41 13 4
41 14 5
41 15 5
41 16 4
41 17 3
41 18 5
41 19 3
41 20 5
41 21 5
41 22 1
41 23 2
41 24 4
41 25 2
41 26 5
41 27 1
41 28 5
41 29 2
41 30 4
41 31 4
41 32 2
41 33 1
41 34 5
41 35 1
41 36 5
41 37 4
41 38 1
41 39 5
41 40 4
41 42 5
41 43 5
41 44 1
41 45 3
41 46 5
41 47 5
41 48 1
41 49 2
41 50 5
42 1 5
42 2 1
42 3 1
42 4 1
42 5 4
42 6 4
42 7 4
42 8 3
42 9 1
42 10 3
42 11 2
42 12 5
42 13 1
42 14 3
42 15 5
42 16 5
42 17 5
42 18 1
42 19 1
42 20 2
42 21 3
42 22 1
42 23 1
42 24 2
42 25 1
42 26 3
42 27 1
42 28 1
42 29 5
42 30 4
42 31 2
42 32 2
42 33 5
42 34 4
42 35 4
42 36 3
42 37 3
42 38 2
42 39 3
42 40 5
42 41 1
42 43 4
42 44 4
42 45 1
42 46 3
42 47 5
42 48 3
42 49 2
42 50 3
43 1 3
43 2 3
43 3 5
43 4 5
43 5 5
43 6 3
43 7 5
43 8 4
43 9 4
43 10 2
43 11 3
43 12 2
43 13 5
43 14 1
43 15 3
43 16 4
43 17 4
43 18 3
43 19 3
43 20 2
43 21 2
43 22 2
43 23 2
43 24 2
43 25 3
43 26 5
43 27 4
43 28 4
43 29 4
43 30 2
43 31 1
43 32 3
43 33 1
43 34 5
43 35 2
43 36 5
43 37 3
43 38 1
43 39 3
43 40 3
43 41 5
43 42 2
43 44 1
43 45 4
43 46 5
43 47 4
43 48 2
43 49 5
43 50 3
44 1 4
44 2 2
44 3 4
44 4 3
44 5 5
44 6 5
44 7 5
44 8 1
44 9 3
44 10 3
44 11 1
44 12 1
44 13 4
44 14 3
44 15 3
44 16 5
44 17 4
44 18 2
44 19 4
44 20 2
44 21 1
44 22 3
44 23 1
44 24 2
44 25 4
44 26 1
44 27 1
44 28 4
44 29 3
44 30 1
44 31 1
44 32 3
44 33 4
44 34 4
44 35 5
44 36 5
44 37 3
44 38 4
44 39 1
44 40 2
44 41 4
44 42 1
44 43 2
44 45 4
44 46 1
44 47 4
44 48 3
44 49 1
44 50 2
45 1 4
45 2 4
45 3 2
45 4 3
45 5 4
45 6 5
45 7 1
45 8 5
45 9 3
45 10 4
45 11 4
45 12 5
45 13 4
45 14 1
45 15 5
45 16 4
45 17 1
45 18 4
45 19 1
45 20 1
45 21 1
45 22 4
45 23 4
45 24 4
45 25 5
45 26 2
45 27 1
45 28 5
45 29 2
45 30 1
45 31 3
45 32 2
45 33 5
45 34 1
45 35 4
45 36 5
45 37 3
45 38 5
45 39 1
45 40 2
45 41 5
45 42 4
45 43 1
45 44 1
45 46 5
45 47 2
45 48 4
45 49 2
45 50 2
46 1 2
46 2 2
46 3 3
46 4 5
46 5 3
46 6 3
46 7 2
46 8 4
46 9 3
46 10 3
46 11 2
46 12 5
46 13 1
46 14 3
46 15 4
46 16 3
46 17 2
46 18 1
46 19 5
46 20 3
46 21 1
46 22 1
46 23 4
46 24 5
46 25 3
46 26 4
46 27 1
46 28 4
46 29 5
46 30 4
46 31 3
46 32 1
46 33 2
46 34 2
46 35 5
46 36 4
46 37 4
46 38 1
46 39 3
46 40 3
46 41 1
46 42 1
46 43 2
46 44 1
46 45 4
46 47 3
46 48 3
46 49 2
46 50 5
47 1 5
47 2 4
47 3 5
47 4 5
47 5 4
47 6 1
47 7 5
47 8 3
47 9 3
47 10 5
47 11 4
47 12 1
47 13 2
47 14 4
47 15 3
47 16 3
47 17 5
47 18 1
47 19 3
47 20 3
47 21 5
47 22 5
47 23 3
47 24 3
47 25 4
47 26 5
47 27 1
47 28 3
47 29 4
47 30 2
47 31 2
47 32 3
47 33 2
47 34 3
47 35 5
47 36 5
47 37 4
47 38 4
47 39 4
47 40 1
47 41 5
47 42 2
47 43 2
47 44 2
47 45 2
47 46 1
47 48 4
47 49 2
47 50 3
48 1 2
48 2 1
48 3 5
48 4 3
48 5 3
48 6 2
48 7 3
48 8 2
48 9 2
48 10 5
48 11 5
48 12 5
48 13 3
48 14 5
48 15 3
48 16 1
48 17 4
48 18 4
48 19 1
48 20 4
48 21 5
48 22 1
48 23 3
48 24 1
48 25 4
48 26 4
48 27 5
48 28 1
48 29 5
48 30 1
48 31 4
48 32 3
48 33 1
48 34 3
48 35 2
48 36 5
48 37 1
48 38 5
48 39 3
48 40 4
48 41 1
48 42 4
48 43 5
48 44 4
48 45 3
48 46 2
48 47 1
48 49 1
48 50 2
49 1 1
49 2 1
49 3 1
49 4 3
49 5 4
49 6 2
49 7 2
49 8 4
49 9 3
49 10 2
49 11 5
49 12 5
49 13 2
49 14 2
49 15 5
49 16 1
49 17 4
49 18 1
49 19 1
49 20 3
49 21 3
49 22 1
49 23 5
49 24 1
49 25 5
49 26 3
49 27 1
49 28 1
49 29 5
49 30 1
49 31 5
49 32 5
49 33 4
49 34 5
49 35 3
49 36 2
49 37 3
49 38 1
49 39 2
49 40 5
49 41 4
49 42 2
49 43 4
49 44 1
49 45 3
49 46 5
49 47 3
49 48 3
49 50 5
50 1 4
50 2 2
50 3 4
50 4 1
50 5 2
50 6 2
50 7 1
50 8 1
50 9 2
50 10 3
50 11 1
50 12 4
50 13 2
50 14 2
50 15 2
50 16 2
50 17 4
50 18 5
50 19 4
50 20 4
50 21 2
50 22 4
50 23 5
50 24 3
50 25 4
50 26 5
50 27 2
50 28 4
50 29 2
50 30 5
50 31 5
50 32 2
50 33 1
50 34 1
50 35 3
50 36 4
50 37 2
50 38 5
50 39 5
50 40 5
50 41 2
50 42 5
50 43 5
50 44 4
50 45 1
50 46 4
50 47 5
50 48 2
50 49 3

END
