INSTANCE_NAME b06.dat
NB_VERTICES 50
NB_ARCS 102
NB_REQUESTS 0
NB_BLOCKAGES 10
NB_A' 2348

VERTICES
1 0 0
2 0 0
3 0 0
4 0 0
5 0 0
6 0 0
7 0 0
8 0 0
9 0 0
10 0 0
11 0 0
12 0 0
13 0 0
14 0 0
15 0 0
16 0 0
17 0 0
18 0 0
19 0 0
20 0 0
21 0 0
22 0 0
23 0 0
24 0 0
25 0 0
26 0 0
27 0 0
28 0 0
29 0 0
30 0 0
31 0 0
32 0 0
33 0 0
34 0 0
35 0 0
36 0 0
37 0 0
38 0 0
39 0 0
40 0 0
41 0 0
42 0 0
43 0 0
44 0 0
45 0 0
46 0 0
47 0 0
48 0 0
49 0 0
50 0 0

ARCS
1 11 8
11 18 7
18 41 5
41 22 6
22 2 6
2 4 8
4 7 9
7 13 3
13 6 1
6 23 6
23 35 6
35 15 7
15 17 10
17 9 5
9 4 7
4 28 9
28 1 8
1 32 8
32 8 8
8 4 7
4 36 4
36 2 10
2 10 10
10 42 8
42 24 3
24 3 4
3 30 5
30 47 4
47 22 9
22 12 7
12 3 6
3 48 6
48 14 7
14 27 4
27 22 10
22 29 1
29 1 6
1 44 9
44 32 1
32 38 2
38 10 10
10 33 9
33 29 5
29 11 10
29 37 10
37 13 6
13 8 4
8 7 3
7 19 9
19 24 1
24 36 6
36 16 2
16 14 1
14 41 2
41 26 8
26 33 2
33 6 3
6 28 6
28 45 7
45 8 9
8 44 6
44 35 3
35 40 1
40 12 2
12 49 1
49 9 9
9 6 2
6 27 5
27 21 2
21 23 2
27 49 5
49 16 6
16 48 5
48 39 5
39 10 8
10 41 7
41 33 7
33 15 5
33 20 8
20 5 4
5 34 10
34 33 10
33 42 6
42 2 9
2 31 3
31 20 3
31 42 1
42 46 8
46 50 6
50 29 4
50 4 1
4 25 10
25 3 4
25 44 4
44 19 7
44 41 9
49 43 1
43 30 2
40 13 7
45 18 5
45 37 10
37 38 1

REQUESTS

BLOCKAGES
9 4
16 14
12 3
33 6
41 22
2 31
7 13
36 16
32 8
23 35

A'
1 2 614
1 3 186
1 4 32
1 5 717
1 6 147
1 7 490
1 8 404
1 9 600
1 10 880
1 12 504
1 13 690
1 14 984
1 15 766
1 16 701
1 17 231
1 18 141
1 19 622
1 20 778
1 21 788
1 22 604
1 23 740
1 24 191
1 25 520
1 26 49
1 27 765
1 28 20
1 29 451
1 30 293
1 31 157
1 33 798
1 34 724
1 35 770
1 36 983
1 37 107
1 38 838
1 39 481
1 40 948
1 41 593
1 42 432
1 43 828
1 45 448
1 46 474
1 47 163
1 48 214
1 49 174
1 50 393
2 1 354
2 3 148
2 5 522
2 6 493
2 7 103
2 8 614
2 9 35
2 11 974
2 12 662
2 13 151
2 14 994
2 15 112
2 16 444
2 17 502
2 18 261
2 19 519
2 20 271
2 21 595
2 22 978
2 23 460
2 24 76
2 25 925
2 26 405
2 27 859
2 28 104
2 29 852
2 30 332
2 32 266
2 33 417
2 34 506
2 35 11
2 36 122
2 37 5
2 38 884
2 39 966
2 40 107
2 41 497
2 42 1000
2 43 80
2 44 158
2 45 151
2 46 425
2 47 621
2 48 594
2 49 926
2 50 881
3 1 464
3 2 548
3 4 476
3 5 441
3 6 8
3 7 903
3 8 366
3 9 412
3 10 761
3 11 821
3 12 615
3 13 93
3 14 87
3 15 32
3 16 950
3 17 449
3 18 153
3 19 954
3 20 332
3 21 119
3 22 412
3 23 829
3 24 470
3 25 491
3 26 338
3 27 620
3 28 268
3 29 959
3 31 565
3 32 193
3 33 839
3 34 29
3 35 741
3 36 314
3 37 821
3 38 100
3 39 568
3 40 538
3 41 863
3 42 329
3 43 359
3 44 477
3 45 773
3 46 797
3 47 508
3 49 722
3 50 245
4 1 13
4 2 27
4 3 576
4 5 483
4 6 790
4 8 756
4 9 952
4 10 632
4 11 94
4 12 924
4 13 899
4 14 52
4 15 840
4 16 92
4 17 890
4 18 220
4 19 184
4 20 556
4 21 41
4 22 635
4 23 475
4 24 930
4 26 497
4 27 803
4 29 288
4 30 973
4 31 575
4 32 84
4 33 833
4 34 648
4 35 328
4 37 197
4 38 26
4 39 256
4 40 679
4 41 167
4 42 11
4 43 982
4 44 799
4 45 456
4 46 257
4 47 697
4 48 507
4 49 449
4 50 140
5 1 749
5 2 668
5 3 675
5 4 656
5 6 60
5 7 309
5 8 130
5 9 990
5 10 805
5 11 285
5 12 629
5 13 778
5 14 211
5 15 713
5 16 962
5 17 211
5 18 392
5 19 158
5 20 588
5 21 999
5 22 188
5 23 755
5 24 362
5 25 521
5 26 553
5 27 817
5 28 778
5 29 601
5 30 676
5 31 578
5 32 93
5 33 776
5 35 245
5 36 767
5 37 431
5 38 657
5 39 76
5 40 912
5 41 998
5 42 232
5 43 548
5 44 626
5 45 361
5 46 759
5 47 690
5 48 322
5 49 321
5 50 82
6 1 831
6 2 908
6 3 80
6 4 18
6 5 14
6 7 793
6 8 539
6 9 918
6 10 610
6 11 668
6 12 519
6 13 285
6 14 245
6 15 611
6 16 60
6 17 841
6 18 729
6 19 842
6 20 849
6 21 156
6 22 105
6 24 846
6 25 388
6 26 5
6 29 824
6 30 100
6 31 115
6 32 513
6 33 422
6 34 435
6 35 594
6 36 604
6 37 694
6 38 26
6 39 622
6 40 708
6 41 818
6 42 512
6 43 625
6 44 779
6 45 531
6 46 495
6 47 415
6 48 127
6 49 105
6 50 826
7 1 319
7 2 186
7 3 667
7 4 168
7 5 341
7 6 124
7 8 365
7 9 728
7 10 128
7 11 188
7 12 180
7 14 242
7 15 53
7 16 953
7 17 28
7 18 998
7 20 556
7 21 721
7 22 23
7 23 529
7 24 428
7 25 193
7 26 392
7 27 405
7 28 323
7 29 922
7 30 899
7 31 738
7 32 400
7 33 356
7 34 563
7 35 719
7 36 541
7 37 582
7 38 238
7 39 881
7 40 57
7 41 954
7 42 961
7 43 184
7 44 142
7 45 140
7 46 777
7 47 194
7 48 92
7 49 804
7 50 191
8 1 999
8 2 524
8 3 566
8 5 528
8 6 304
8 9 110
8 10 919
8 11 60
8 12 432
8 13 193
8 14 958
8 15 521
8 16 592
8 17 665
8 18 84
8 19 310
8 20 205
8 21 17
8 22 899
8 23 438
8 24 73
8 25 853
8 26 750
8 27 608
8 28 346
8 29 241
8 30 384
8 31 891
8 32 332
8 33 187
8 34 433
8 35 682
8 36 62
8 37 998
8 38 209
8 39 717
8 40 459
8 41 480
8 42 128
8 43 243
8 45 672
8 46 438
8 47 763
8 48 263
8 49 102
8 50 198
9 1 925
9 2 659
9 3 566
9 5 823
9 7 96
9 8 638
9 10 27
9 11 845
9 12 245
9 13 372
9 14 85
9 15 980
9 16 262
9 17 768
9 18 166
9 19 695
9 20 449
9 21 580
9 22 44
9 23 10
9 24 648
9 25 855
9 26 841
9 27 776
9 28 97
9 29 512
9 30 213
9 31 211
9 32 126
9 33 666
9 34 761
9 35 402
9 36 324
9 37 326
9 38 577
9 39 419
9 40 316
9 41 603
9 42 615
9 43 560
9 44 975
9 45 51
9 46 540
9 47 236
9 48 818
9 49 57
9 50 282
10 1 619
10 2 988
10 3 326
10 4 980
10 5 988
10 6 532
10 7 820
10 8 763
10 9 628
10 11 683
10 12 327
10 13 190
10 14 808
10 15 992
10 16 302
10 17 210
10 18 316
10 19 628
10 20 786
10 21 86
10 22 943
10 23 740
10 24 701
10 25 854
10 26 714
10 27 751
10 28 745
10 29 302
10 30 921
10 31 154
10 32 935
10 34 539
10 35 141
10 36 612
10 37 870
10 38 128
10 39 143
10 40 689
10 43 242
10 44 122
10 45 371
10 46 920
10 47 312
10 48 530
10 49 912
10 50 613
11 1 91
11 2 579
11 3 592
11 4 876
11 5 664
11 6 886
11 7 616
11 8 716
11 9 92
11 10 681
11 12 467
11 13 836
11 14 334
11 15 739
11 16 341
11 17 269
11 19 629
11 20 482
11 21 880
11 22 498
11 23 961
11 24 23
11 25 538
11 26 555
11 27 144
11 28 260
11 29 474
11 30 807
11 31 789
11 32 385
11 33 772
11 34 880
11 35 315
11 36 715
11 37 107
11 38 979
11 39 601
11 40 74
11 41 694
11 42 44
11 43 107
11 44 512
11 45 231
11 46 440
11 47 602
11 48 572
11 49 708
11 50 230
12 1 53
12 2 588
12 4 79
12 5 365
12 6 610
12 7 616
12 8 919
12 9 105
12 10 875
12 11 745
12 13 912
12 14 664
12 15 481
12 16 683
12 17 895
12 18 796
12 19 749
12 20 1
12 21 774
12 22 349
12 23 427
12 24 819
12 25 744
12 26 533
12 27 683
12 28 975
12 29 972
12 30 284
12 31 546
12 32 680
12 33 866
12 34 950
12 35 619
12 36 944
12 37 314
12 38 580
12 39 560
12 40 585
12 41 684
12 42 434
12 43 329
12 44 947
12 45 449
12 46 809
12 47 981
12 48 695
12 50 604
13 1 730
13 2 48
13 3 729
13 4 430
13 5 474
13 7 900
13 9 174
13 10 358
13 11 934
13 12 148
13 14 681
13 15 217
13 16 693
13 17 360
13 18 434
13 19 642
13 20 330
13 21 378
13 22 307
13 23 909
13 24 289
13 25 891
13 26 593
13 27 74
13 28 571
13 29 539
13 30 523
13 31 380
13 32 872
13 33 569
13 34 335
13 35 601
13 36 616
13 37 416
13 38 30
13 39 441
13 40 315
13 41 203
13 42 798
13 43 248
13 44 350
13 45 479
13 46 816
13 47 394
13 48 190
13 49 250
13 50 35
14 1 520
14 2 979
14 3 694
14 4 780
14 5 267
14 6 584
14 7 724
14 8 340
14 9 507
14 10 615
14 11 214
14 12 886
14 13 486
14 15 783
14 16 572
14 17 86
14 18 398
14 19 987
14 20 115
14 21 839
14 22 653
14 23 318
14 24 988
14 25 900
14 26 19
14 28 466
14 29 68
14 30 413
14 31 656
14 32 669
14 33 447
14 34 527
14 35 647
14 36 492
14 37 658
14 38 913
14 39 76
14 40 382
14 42 252
14 43 582
14 44 996
14 45 466
14 46 819
14 47 481
14 48 600
14 49 742
14 50 918
15 1 997
15 2 729
15 3 32
15 4 187
15 5 381
15 6 701
15 7 175
15 8 633
15 9 720
15 10 640
15 11 700
15 12 132
15 13 647
15 14 368
15 16 930
15 18 525
15 19 14
15 20 422
15 21 183
15 22 278
15 23 849
15 24 564
15 25 881
15 26 782
15 27 911
15 28 346
15 29 600
15 30 391
15 31 297
15 32 693
15 33 308
15 34 294
15 35 421
15 36 691
15 37 480
15 38 154
15 39 392
15 40 654
15 41 786
15 42 111
15 43 646
15 44 837
15 45 594
15 46 644
15 47 204
15 48 523
15 49 169
15 50 569
16 1 296
16 2 351
16 3 198
16 4 144
16 5 266
16 6 78
16 7 925
16 8 176
16 9 776
16 10 876
16 11 918
16 12 72
16 13 569
16 15 577
16 17 365
16 18 341
16 19 267
16 20 197
16 21 494
16 22 10
16 23 202
16 24 631
16 25 472
16 26 847
16 27 467
16 28 65
16 29 491
16 30 22
16 31 940
16 32 11
16 33 590
16 34 235
16 35 361
16 36 787
16 37 731
16 38 978
16 39 865
16 40 7
16 41 153
16 42 640
16 43 883
16 44 422
16 45 63
16 46 803
16 47 998
16 49 428
16 50 143
17 1 616
17 2 976
17 3 989
17 4 626
17 5 177
17 6 619
17 7 97
17 8 24
17 10 86
17 11 514
17 12 866
17 13 107
17 14 453
17 15 876
17 16 49
17 18 39
17 19 588
17 20 835
17 21 769
17 22 917
17 23 51
17 24 776
17 25 69
17 26 42
17 27 10
17 28 490
17 29 105
17 30 812
17 31 487
17 32 884
17 33 306
17 34 102
17 35 859
17 36 294
17 37 79
17 38 387
17 39 913
17 40 176
17 41 762
17 42 350
17 43 689
17 44 627
17 45 456
17 46 493
17 47 854
17 48 856
17 49 531
17 50 793
18 1 43
18 2 300
18 3 709
18 4 93
18 5 75
18 6 129
18 7 487
18 8 84
18 9 618
18 10 943
18 11 247
18 12 456
18 13 826
18 14 552
18 15 910
18 16 36
18 17 846
18 19 340
18 20 422
18 21 110
18 22 515
18 23 184
18 24 459
18 25 555
18 26 162
18 27 266
18 28 47
18 29 368
18 30 122
18 31 930
18 32 160
18 33 164
18 34 229
18 35 221
18 36 608
18 37 655
18 38 349
18 39 94
18 40 90
18 42 319
18 43 388
18 44 336
18 45 126
18 46 565
18 47 239
18 48 35
18 49 600
18 50 84
19 1 727
19 2 374
19 3 193
19 4 593
19 5 909
19 6 3
19 7 148
19 8 422
19 9 269
19 10 546
19 11 789
19 12 742
19 13 475
19 14 301
19 15 905
19 16 55
19 17 521
19 18 512
19 20 61
19 21 869
19 22 958
19 23 150
19 25 187
19 26 345
19 27 837
19 28 665
19 29 910
19 30 76
19 31 51
19 32 861
19 33 511
19 34 777
19 35 586
19 36 56
19 37 370
19 38 494
19 39 58
19 40 517
19 41 916
19 42 678
19 43 414
19 44 56
19 45 419
19 46 241
19 47 356
19 48 323
19 49 647
19 50 876
20 1 187
20 2 708
20 3 97
20 4 496
20 6 209
20 7 635
20 8 840
20 9 46
20 10 299
20 11 101
20 12 473
20 13 350
20 14 962
20 15 983
20 16 126
20 17 547
20 18 38
20 19 495
20 21 393
20 22 448
20 23 363
20 24 308
20 25 477
20 26 777
20 27 363
20 28 896
20 29 369
20 30 71
20 31 570
20 32 15
20 33 946
20 34 108
20 35 722
20 36 42
20 37 603
20 38 931
20 39 29
20 40 443
20 41 328
20 42 327
20 43 543
20 44 800
20 45 676
20 46 856
20 47 134
20 48 154
20 49 403
20 50 524
21 1 648
21 2 795
21 3 971
21 4 11
21 5 454
21 6 799
21 7 139
21 8 168
21 9 694
21 10 859
21 11 238
21 12 616
21 13 873
21 14 536
21 15 723
21 16 947
21 17 577
21 18 326
21 19 229
21 20 605
21 22 120
21 24 908
21 25 284
21 26 14
21 27 707
21 28 959
21 29 870
21 30 192
21 31 464
21 32 272
21 33 715
21 34 112
21 35 418
21 36 37
21 37 474
21 38 223
21 39 836
21 40 964
21 41 390
21 42 881
21 43 822
21 44 980
21 45 496
21 46 46
21 47 515
21 48 219
21 49 992
21 50 443
22 1 896
22 3 572
22 4 48
22 5 15
22 6 479
22 7 683
22 8 28
22 9 537
22 10 993
22 11 249
22 13 729
22 14 457
22 15 872
22 16 795
22 17 568
22 18 289
22 19 832
22 20 393
22 21 863
22 23 667
22 24 356
22 25 253
22 26 899
22 27 177
22 28 584
22 30 395
22 31 574
22 32 98
22 33 965
22 34 566
22 35 540
22 36 860
22 37 489
22 38 939
22 39 226
22 40 968
22 41 621
22 42 605
22 43 504
22 44 614
22 45 854
22 46 584
22 47 422
22 48 725
22 49 379
22 50 341
23 1 366
23 2 210
23 3 733
23 4 228
23 5 228
23 6 88
23 7 832
23 8 126
23 9 616
23 10 415
23 11 872
23 12 189
23 13 512
23 14 836
23 15 106
23 16 404
23 17 47
23 18 595
23 19 342
23 20 272
23 21 562
23 22 315
23 24 229
23 25 417
23 26 928
23 27 82
23 28 1
23 29 349
23 30 158
23 31 731
23 32 41
23 33 523
23 34 940
23 36 773
23 37 103
23 38 519
23 39 212
23 40 934
23 41 996
23 42 827
23 43 701
23 44 868
23 45 367
23 46 564
23 47 703
23 48 825
23 49 967
23 50 102
24 1 419
24 2 661
24 4 373
24 5 332
24 6 975
24 7 953
24 8 100
24 9 902
24 10 34
24 11 452
24 12 602
24 13 192
24 14 182
24 15 642
24 16 66
24 17 473
24 18 766
24 19 168
24 20 991
24 21 977
24 22 102
24 23 339
24 25 155
24 26 154
24 27 206
24 28 873
24 29 717
24 30 260
24 31 697
24 32 36
24 33 361
24 34 467
24 35 696
24 37 86
24 38 798
24 39 670
24 40 38
24 41 250
24 42 923
24 43 424
24 44 701
24 45 876
24 46 615
24 47 883
24 48 517
24 49 32
24 50 707
25 1 634
25 2 200
25 4 50
25 5 610
25 6 653
25 7 388
25 8 116
25 9 806
25 10 593
25 11 988
25 12 874
25 13 204
25 14 685
25 15 909
25 16 917
25 17 503
25 18 604
25 19 2
25 20 653
25 21 273
25 22 391
25 23 902
25 24 195
25 26 814
25 27 602
25 28 70
25 29 780
25 30 836
25 31 938
25 32 812
25 33 543
25 34 571
25 35 363
25 36 944
25 37 532
25 38 15
25 39 331
25 40 647
25 41 820
25 42 275
25 43 987
25 45 693
25 46 478
25 47 23
25 48 602
25 49 394
25 50 525
26 1 557
26 2 747
26 3 177
26 4 830
26 5 490
26 6 78
26 7 376
26 8 655
26 9 32
26 10 446
26 11 787
26 12 219
26 13 735
26 14 950
26 15 761
26 16 658
26 17 312
26 18 56
26 19 189
26 20 326
26 21 386
26 22 188
26 23 145
26 24 660
26 25 526
26 27 189
26 28 490
26 29 548
26 30 142
26 31 235
26 32 72
26 34 699
26 35 982
26 36 249
26 37 528
26 38 823
26 39 678
26 40 255
26 41 477
26 42 709
26 43 700
26 44 615
26 45 928
26 46 787
26 47 564
26 48 40
26 49 444
26 50 875
27 1 96
27 2 984
27 3 200
27 4 481
27 5 523
27 6 696
27 7 493
27 8 48
27 9 237
27 10 982
27 11 595
27 12 378
27 13 216
27 14 19
27 15 76
27 16 549
27 17 267
27 18 955
27 19 371
27 20 944
27 23 210
27 24 200
27 25 5
27 26 261
27 28 814
27 29 932
27 30 47
27 31 378
27 32 323
27 33 842
27 34 252
27 35 418
27 36 826
27 37 804
27 38 251
27 39 700
27 40 499
27 41 743
27 42 748
27 43 87
27 44 724
27 45 694
27 46 465
27 47 939
27 48 712
27 50 892
28 2 488
28 3 978
28 4 199
28 5 210
28 6 274
28 7 408
28 8 409
28 9 278
28 10 20
28 11 575
28 12 561
28 13 419
28 14 304
28 15 883
28 16 260
28 17 907
28 18 301
28 19 437
28 20 710
28 21 551
28 22 137
28 23 561
28 24 645
28 25 236
28 26 647
28 27 368
28 29 929
28 30 463
28 31 658
28 32 641
28 33 355
28 34 497
28 35 970
28 36 553
28 37 59
28 38 243
28 39 312
28 40 819
28 41 872
28 42 331
28 43 393
28 44 432
28 46 749
28 47 696
28 48 315
28 49 361
28 50 603
29 2 967
29 3 797
29 4 664
29 5 517
29 6 285
29 7 224
29 8 513
29 9 520
29 10 223
29 12 880
29 13 449
29 14 685
29 15 889
29 16 441
29 17 39
29 18 386
29 19 410
29 20 943
29 21 796
29 22 653
29 23 254
29 24 614
29 25 524
29 26 937
29 27 7
29 28 308
29 30 37
29 31 54
29 32 622
29 33 397
29 34 8
29 35 940
29 36 546
29 38 672
29 39 808
29 40 182
29 41 895
29 42 320
29 43 702
29 44 469
29 45 551
29 46 502
29 47 154
29 48 439
29 49 942
29 50 544
30 1 176
30 2 351
30 3 487
30 4 971
30 5 3
30 6 92
30 7 585
30 8 879
30 9 28
30 10 943
30 11 538
30 12 417
30 13 996
30 14 511
30 15 813
30 16 4
30 17 450
30 18 710
30 19 675
30 20 257
30 21 892
30 22 921
30 23 576
30 24 945
30 25 390
30 26 126
30 27 446
30 28 543
30 29 916
30 31 387
30 32 86
30 33 92
30 34 737
30 35 924
30 36 62
30 37 92
30 38 16
30 39 998
30 40 322
30 41 395
30 42 940
30 43 859
30 44 811
30 45 288
30 46 721
30 48 976
30 49 291
30 50 170
31 1 685
31 2 317
31 3 778
31 4 928
31 5 237
31 6 353
31 7 872
31 8 978
31 9 830
31 10 669
31 11 872
31 12 745
31 13 55
31 14 310
31 15 188
31 16 792
31 17 233
31 18 250
31 19 235
31 21 600
31 22 599
31 23 556
31 24 995
31 25 539
31 26 766
31 27 157
31 28 826
31 29 486
31 30 132
31 32 468
31 33 7
31 34 169
31 35 784
31 36 784
31 37 448
31 38 372
31 39 488
31 40 320
31 41 702
31 43 317
31 44 988
31 45 573
31 46 413
31 47 395
31 48 882
31 49 601
31 50 538
32 1 467
32 2 202
32 3 772
32 4 66
32 5 800
32 6 679
32 7 412
32 9 690
32 10 444
32 11 569
32 12 867
32 13 281
32 14 700
32 15 334
32 16 287
32 17 220
32 18 469
32 19 422
32 20 668
32 21 193
32 22 909
32 23 987
32 24 894
32 25 577
32 26 326
32 27 466
32 28 989
32 29 72
32 30 348
32 31 941
32 33 609
32 34 166
32 35 142
32 36 380
32 37 231
32 39 294
32 40 58
32 41 995
32 42 983
32 43 853
32 44 563
32 45 202
32 46 133
32 47 262
32 48 887
32 49 771
32 50 482
33 1 356
33 2 544
33 3 501
33 4 548
33 5 452
33 7 487
33 8 441
33 9 380
33 10 164
33 11 258
33 12 721
33 13 236
33 14 957
33 16 661
33 17 196
33 18 122
33 19 155
33 21 576
33 22 705
33 23 800
33 24 985
33 25 699
33 26 782
33 27 838
33 28 261
33 30 335
33 31 322
33 32 874
33 34 222
33 35 445
33 36 707
33 37 577
33 38 988
33 39 207
33 40 476
33 41 792
33 43 45
33 44 268
33 45 171
33 46 561
33 47 877
33 48 891
33 49 148
33 50 834
34 1 904
34 2 343
34 3 307
34 4 58
34 5 270
34 6 11
34 7 857
34 8 255
34 9 709
34 10 990
34 11 92
34 12 321
34 13 677
34 14 765
34 15 547
34 16 898
34 17 209
34 18 605
34 19 826
34 20 197
34 21 812
34 22 653
34 23 340
34 24 208
34 25 272
34 26 510
34 27 768
34 28 148
34 29 753
34 30 267
34 31 981
34 32 656
34 35 610
34 36 640
34 37 65
34 38 879
34 39 650
34 40 273
34 41 133
34 42 711
34 43 614
34 44 576
34 45 383
34 46 290
34 47 341
34 48 929
34 49 539
34 50 901
35 1 534
35 2 364
35 3 449
35 4 697
35 5 16
35 6 788
35 7 904
35 8 287
35 9 650
35 10 24
35 11 787
35 12 402
35 13 290
35 14 119
35 16 409
35 17 251
35 18 758
35 19 473
35 20 130
35 21 408
35 22 97
35 23 614
35 24 470
35 25 710
35 26 542
35 27 852
35 28 352
35 29 234
35 30 133
35 31 890
35 32 134
35 33 18
35 34 254
35 36 935
35 37 714
35 38 621
35 39 722
35 41 969
35 42 260
35 43 371
35 44 344
35 45 46
35 46 124
35 47 634
35 48 164
35 49 532
35 50 236
36 1 274
36 3 356
36 4 717
36 5 33
36 6 452
36 7 331
36 8 502
36 9 162
36 10 224
36 11 705
36 12 865
36 13 457
36 14 189
36 15 754
36 17 942
36 18 206
36 19 7
36 20 876
36 21 271
36 22 980
36 23 950
36 24 592
36 25 239
36 26 672
36 27 935
36 28 636
36 29 796
36 30 920
36 31 151
36 32 327
36 33 156
36 34 424
36 35 683
36 37 872
36 38 456
36 39 486
36 40 554
36 41 309
36 42 999
36 43 129
36 44 14
36 45 863
36 46 937
36 47 202
36 48 617
36 49 879
36 50 760
37 1 975
37 2 106
37 3 30
37 4 954
37 5 407
37 6 621
37 7 544
37 8 79
37 9 908
37 10 531
37 11 874
37 12 827
37 14 682
37 15 552
37 16 982
37 17 457
37 18 586
37 19 206
37 20 265
37 21 72
37 22 111
37 23 925
37 24 70
37 25 240
37 26 290
37 27 933
37 28 176
37 29 844
37 30 901
37 31 406
37 32 603
37 33 875
37 34 864
37 35 984
37 36 181
37 39 270
37 40 605
37 41 724
37 42 700
37 43 512
37 44 255
37 45 573
37 46 690
37 47 288
37 48 477
37 49 24
37 50 96
38 1 62
38 2 229
38 3 712
38 4 133
38 5 691
38 6 637
38 7 555
38 8 930
38 9 926
38 11 839
38 12 458
38 13 769
38 14 739
38 15 215
38 16 723
38 17 613
38 18 78
38 19 707
38 20 793
38 21 348
38 22 663
38 23 869
38 24 47
38 25 526
38 26 475
38 27 972
38 28 215
38 29 114
38 30 448
38 31 238
38 32 209
38 33 861
38 34 818
38 35 921
38 36 346
38 37 861
38 39 909
38 40 900
38 41 790
38 42 834
38 43 738
38 44 599
38 45 955
38 46 476
38 47 814
38 48 677
38 49 440
38 50 891
39 1 735
39 2 585
39 3 590
39 4 397
39 5 453
39 6 989
39 7 274
39 8 927
39 9 960
39 11 841
39 12 40
39 13 759
39 14 430
39 15 600
39 16 971
39 17 248
39 18 872
39 19 316
39 20 108
39 21 780
39 22 215
39 23 249
39 24 966
39 25 952
39 26 200
39 27 272
39 28 779
39 29 13
39 30 300
39 31 219
39 32 255
39 33 35
39 34 803
39 35 197
39 36 783
39 37 607
39 38 185
39 40 57
39 41 885
39 42 496
39 43 897
39 44 924
39 45 606
39 46 678
39 47 875
39 48 576
39 49 925
39 50 99
40 1 892
40 2 384
40 3 878
40 4 106
40 5 985
40 6 195
40 7 410
40 8 184
40 9 818
40 10 188
40 11 548
40 14 118
40 15 758
40 16 154
40 17 504
40 18 912
40 19 350
40 20 286
40 21 518
40 22 534
40 23 694
40 24 402
40 25 381
40 26 942
40 27 677
40 28 986
40 29 620
40 30 904
40 31 562
40 32 896
40 33 2
40 34 805
40 35 632
40 36 231
40 37 910
40 38 616
40 39 426
40 41 671
40 42 151
40 43 595
40 44 211
40 45 50
40 46 712
40 47 320
40 48 203
40 49 215
40 50 232
41 1 553
41 2 853
41 3 749
41 4 438
41 5 898
41 6 503
41 7 819
41 8 192
41 9 531
41 10 156
41 11 811
41 12 434
41 13 717
41 14 58
41 15 435
41 16 873
41 17 689
41 18 666
41 19 135
41 20 656
41 21 443
41 23 805
41 24 158
41 25 37
41 27 367
41 28 207
41 29 101
41 30 687
41 31 762
41 32 315
41 34 918
41 35 666
41 36 519
41 37 18
41 38 103
41 39 417
41 40 520
41 42 273
41 43 960
41 44 51
41 45 429
41 46 122
41 47 836
41 48 497
41 49 179
41 50 271
42 1 370
42 3 220
42 4 288
42 5 504
42 6 227
42 7 730
42 8 308
42 9 385
42 10 118
42 11 675
42 12 943
42 13 218
42 14 361
42 15 704
42 16 885
42 17 630
42 18 721
42 19 403
42 20 647
42 21 824
42 22 171
42 23 519
42 25 96
42 26 130
42 27 569
42 28 524
42 29 251
42 30 404
42 31 373
42 32 782
42 33 26
42 34 742
42 35 1
42 36 313
42 37 245
42 38 227
42 39 394
42 40 904
42 41 963
42 43 512
42 44 930
42 45 258
42 47 729
42 48 642
42 49 313
42 50 965
43 1 271
43 2 34
43 3 368
43 4 918
43 5 857
43 6 890
43 7 788
43 8 304
43 9 20
43 10 708
43 11 180
43 12 622
43 13 463
43 14 552
43 15 403
43 16 489
43 17 293
43 18 403
43 19 153
43 20 889
43 21 982
43 22 547
43 23 792
43 24 296
43 25 410
43 26 722
43 27 553
43 28 490
43 29 363
43 31 866
43 32 455
43 33 986
43 34 251
43 35 174
43 36 255
43 37 107
43 38 63
43 39 42
43 40 762
43 41 82
43 42 749
43 44 941
43 45 56
43 46 211
43 47 844
43 48 458
43 49 51
43 50 136
44 1 213
44 2 204
44 3 24
44 4 546
44 5 102
44 6 168
44 7 841
44 8 511
44 9 241
44 10 746
44 11 352
44 12 955
44 13 611
44 14 806
44 15 940
44 16 861
44 17 979
44 18 194
44 20 319
44 21 394
44 22 587
44 23 432
44 24 827
44 25 687
44 26 373
44 27 882
44 28 898
44 29 216
44 30 340
44 31 300
44 33 704
44 34 904
44 36 855
44 37 79
44 38 449
44 39 956
44 40 246
44 42 641
44 43 818
44 45 486
44 46 386
44 47 170
44 48 441
44 49 348
44 50 327
45 1 732
45 2 560
45 3 658
45 4 926
45 5 878
45 6 51
45 7 864
45 9 310
45 10 877
45 11 551
45 12 34
45 13 111
45 14 800
45 15 601
45 16 450
45 17 99
45 19 304
45 20 705
45 21 954
45 22 383
45 23 153
45 24 261
45 25 980
45 26 793
45 27 79
45 28 466
45 29 531
45 30 600
45 31 258
45 32 878
45 33 278
45 34 989
45 35 438
45 36 935
45 38 266
45 39 667
45 40 985
45 41 130
45 42 328
45 43 214
45 44 680
45 46 361
45 47 324
45 48 831
45 49 314
45 50 125
46 1 929
46 2 617
46 3 829
46 4 234
46 5 351
46 6 333
46 7 495
46 8 331
46 9 477
46 10 573
46 11 148
46 12 7
46 13 524
46 14 757
46 15 885
46 16 801
46 17 745
46 18 322
46 19 736
46 20 11
46 21 340
46 22 72
46 23 492
46 24 668
46 25 637
46 26 523
46 27 28
46 28 312
46 29 353
46 30 341
46 31 436
46 32 281
46 33 310
46 34 616
46 35 515
46 36 12
46 37 300
46 38 361
46 39 342
46 40 777
46 41 285
46 42 841
46 43 783
46 44 808
46 45 597
46 47 19
46 48 960
46 49 694
47 1 692
47 2 47
47 3 56
47 4 32
47 5 119
47 6 899
47 7 699
47 8 107
47 9 421
47 10 78
47 11 419
47 12 773
47 13 771
47 14 854
47 15 405
47 16 80
47 17 822
47 18 271
47 19 443
47 20 121
47 21 983
47 23 137
47 24 897
47 25 267
47 26 977
47 27 32
47 28 426
47 29 926
47 30 402
47 31 386
47 32 971
47 33 94
47 34 432
47 35 378
47 36 477
47 37 902
47 38 276
47 39 175
47 40 9
47 41 696
47 42 604
47 43 779
47 44 820
47 45 374
47 46 984
47 48 576
47 49 805
47 50 805
48 1 199
48 2 248
48 3 278
48 4 181
48 5 384
48 6 526
48 7 800
48 8 712
48 9 909
48 10 225
48 11 989
48 12 311
48 13 610
48 15 959
48 16 756
48 17 394
48 18 336
48 19 232
48 20 295
48 21 963
48 22 758
48 23 655
48 24 10
48 25 361
48 26 433
48 27 829
48 28 87
48 29 769
48 30 757
48 31 891
48 32 573
48 33 307
48 34 490
48 35 202
48 36 487
48 37 225
48 38 728
48 40 638
48 41 937
48 42 636
48 43 863
48 44 277
48 45 946
48 46 472
48 47 588
48 49 53
48 50 865
49 1 923
49 2 284
49 3 512
49 4 238
49 5 41
49 6 518
49 7 247
49 8 754
49 10 303
49 11 428
49 12 840
49 13 71
49 14 184
49 15 82
49 17 995
49 18 842
49 19 924
49 20 197
49 21 680
49 22 148
49 23 924
49 24 318
49 25 436
49 26 559
49 27 180
49 28 713
49 29 857
49 30 3
49 31 300
49 32 909
49 33 868
49 34 574
49 35 545
49 36 731
49 37 811
49 38 937
49 39 248
49 40 410
49 41 690
49 42 902
49 44 837
49 45 881
49 46 972
49 47 20
49 48 315
49 50 967
50 1 213
50 2 238
50 3 515
50 5 892
50 6 737
50 7 790
50 8 209
50 9 173
50 10 700
50 11 388
50 12 237
50 13 556
50 14 391
50 15 888
50 16 817
50 17 610
50 18 461
50 19 361
50 20 692
50 21 624
50 22 649
50 23 939
50 24 33
50 25 691
50 26 841
50 27 221
50 28 571
50 30 164
50 31 240
50 32 237
50 33 482
50 34 804
50 35 826
50 36 996
50 37 695
50 38 563
50 39 137
50 40 904
50 41 87
50 42 837
50 43 291
50 44 675
50 45 744
50 46 33
50 47 562
50 48 560
50 49 642

END

R
1 2 2
1 3 3
1 4 3
1 5 4
1 6 1
1 7 4
1 8 5
1 9 1
1 10 4
1 11 1
1 12 1
1 13 5
1 14 5
1 15 1
1 16 1
1 17 4
1 18 2
1 19 1
1 20 3
1 21 5
1 22 5
1 23 1
1 24 2
1 25 3
1 26 3
1 27 5
1 28 3
1 29 2
1 30 4
1 31 5
1 32 2
1 33 3
1 34 3
1 35 4
1 36 1
1 37 5
1 38 5
1 39 3
1 40 3
1 41 5
1 42 3
1 43 3
1 44 4
1 45 4
1 46 5
1 47 1
1 48 4
1 49 4
1 50 1
2 1 1
2 3 5
2 4 3
2 5 1
2 6 3
2 7 2
2 8 3
2 9 2
2 10 1
2 11 1
2 12 5
2 13 1
2 14 2
2 15 2
2 16 5
2 17 3
2 18 3
2 19 4
2 20 4
2 21 2
2 22 1
2 23 3
2 24 4
2 25 1
2 26 3
2 27 4
2 28 2
2 29 4
2 30 3
2 31 2
2 32 1
2 33 5
2 34 1
2 35 3
2 36 3
2 37 3
2 38 1
2 39 5
2 40 4
2 41 2
2 42 3
2 43 4
2 44 2
2 45 4
2 46 2
2 47 1
2 48 3
2 49 1
2 50 1
3 1 1
3 2 2
3 4 2
3 5 3
3 6 2
3 7 4
3 8 1
3 9 1
3 10 5
3 11 1
3 12 5
3 13 2
3 14 1
3 15 4
3 16 2
3 17 1
3 18 1
3 19 5
3 20 1
3 21 3
3 22 5
3 23 4
3 24 5
3 25 3
3 26 5
3 27 5
3 28 2
3 29 2
3 30 3
3 31 2
3 32 3
3 33 3
3 34 4
3 35 1
3 36 3
3 37 5
3 38 4
3 39 3
3 40 2
3 41 3
3 42 3
3 43 1
3 44 4
3 45 5
3 46 5
3 47 3
3 48 2
3 49 5
3 50 4
4 1 5
4 2 4
4 3 3
4 5 3
4 6 3
4 7 1
4 8 5
4 9 3
4 10 2
4 11 1
4 12 2
4 13 5
4 14 5
4 15 4
4 16 3
4 17 5
4 18 1
4 19 5
4 20 3
4 21 5
4 22 3
4 23 3
4 24 4
4 25 4
4 26 3
4 27 4
4 28 5
4 29 5
4 30 2
4 31 1
4 32 3
4 33 1
4 34 5
4 35 3
4 36 4
4 37 2
4 38 5
4 39 3
4 40 1
4 41 1
4 42 5
4 43 4
4 44 2
4 45 5
4 46 3
4 47 2
4 48 4
4 49 5
4 50 3
5 1 4
5 2 5
5 3 5
5 4 1
5 6 3
5 7 3
5 8 5
5 9 3
5 10 2
5 11 5
5 12 5
5 13 3
5 14 4
5 15 2
5 16 4
5 17 1
5 18 5
5 19 5
5 20 5
5 21 4
5 22 3
5 23 2
5 24 4
5 25 1
5 26 1
5 27 5
5 28 5
5 29 2
5 30 5
5 31 5
5 32 4
5 33 3
5 34 4
5 35 3
5 36 5
5 37 3
5 38 3
5 39 5
5 40 3
5 41 1
5 42 1
5 43 2
5 44 3
5 45 1
5 46 5
5 47 1
5 48 4
5 49 5
5 50 3
6 1 5
6 2 5
6 3 2
6 4 4
6 5 5
6 7 4
6 8 4
6 9 4
6 10 4
6 11 2
6 12 4
6 13 5
6 14 5
6 15 3
6 16 5
6 17 4
6 18 5
6 19 2
6 20 1
6 21 1
6 22 4
6 23 2
6 24 3
6 25 2
6 26 1
6 27 5
6 28 2
6 29 4
6 30 5
6 31 3
6 32 3
6 33 5
6 34 4
6 35 1
6 36 5
6 37 4
6 38 4
6 39 5
6 40 2
6 41 4
6 42 1
6 43 2
6 44 3
6 45 2
6 46 2
6 47 2
6 48 5
6 49 3
6 50 1
7 1 3
7 2 5
7 3 1
7 4 1
7 5 2
7 6 5
7 8 1
7 9 3
7 10 3
7 11 1
7 12 3
7 13 2
7 14 3
7 15 4
7 16 5
7 17 3
7 18 3
7 19 3
7 20 4
7 21 4
7 22 2
7 23 2
7 24 4
7 25 3
7 26 2
7 27 2
7 28 1
7 29 5
7 30 1
7 31 3
7 32 5
7 33 5
7 34 2
7 35 3
7 36 5
7 37 5
7 38 2
7 39 3
7 40 5
7 41 1
7 42 3
7 43 2
7 44 2
7 45 3
7 46 5
7 47 1
7 48 5
7 49 4
7 50 1
8 1 5
8 2 2
8 3 2
8 4 2
8 5 2
8 6 1
8 7 5
8 9 3
8 10 2
8 11 4
8 12 5
8 13 1
8 14 1
8 15 5
8 16 5
8 17 3
8 18 1
8 19 1
8 20 1
8 21 3
8 22 5
8 23 1
8 24 3
8 25 1
8 26 4
8 27 5
8 28 2
8 29 4
8 30 1
8 31 2
8 32 1
8 33 1
8 34 5
8 35 2
8 36 4
8 37 1
8 38 3
8 39 3
8 40 5
8 41 4
8 42 3
8 43 2
8 44 1
8 45 3
8 46 3
8 47 5
8 48 2
8 49 3
8 50 1
9 1 2
9 2 3
9 3 5
9 4 4
9 5 5
9 6 3
9 7 2
9 8 1
9 10 4
9 11 3
9 12 1
9 13 1
9 14 3
9 15 3
9 16 5
9 17 5
9 18 3
9 19 3
9 20 4
9 21 2
9 22 4
9 23 2
9 24 5
9 25 5
9 26 2
9 27 4
9 28 2
9 29 4
9 30 1
9 31 5
9 32 4
9 33 4
9 34 4
9 35 5
9 36 3
9 37 3
9 38 2
9 39 1
9 40 3
9 41 1
9 42 3
9 43 5
9 44 3
9 45 3
9 46 5
9 47 2
9 48 2
9 49 4
9 50 1
10 1 5
10 2 1
10 3 5
10 4 3
10 5 2
10 6 4
10 7 1
10 8 2
10 9 3
10 11 1
10 12 2
10 13 2
10 14 4
10 15 3
10 16 5
10 17 4
10 18 5
10 19 4
10 20 2
10 21 5
10 22 3
10 23 2
10 24 5
10 25 4
10 26 4
10 27 2
10 28 3
10 29 3
10 30 5
10 31 2
10 32 5
10 33 1
10 34 4
10 35 4
10 36 5
10 37 2
10 38 5
10 39 2
10 40 3
10 41 2
10 42 3
10 43 5
10 44 5
10 45 3
10 46 2
10 47 1
10 48 3
10 49 3
10 50 1
11 1 5
11 2 4
11 3 3
11 4 1
11 5 5
11 6 1
11 7 2
11 8 1
11 9 1
11 10 1
11 12 2
11 13 4
11 14 5
11 15 4
11 16 4
11 17 1
11 18 3
11 19 5
11 20 2
11 21 2
11 22 2
11 23 5
11 24 4
11 25 1
11 26 1
11 27 1
11 28 4
11 29 3
11 30 4
11 31 3
11 32 3
11 33 3
11 34 2
11 35 5
11 36 5
11 37 1
11 38 2
11 39 3
11 40 4
11 41 4
11 42 3
11 43 2
11 44 4
11 45 5
11 46 1
11 47 2
11 48 2
11 49 5
11 50 1
12 1 3
12 2 1
12 3 3
12 4 4
12 5 1
12 6 5
12 7 4
12 8 4
12 9 1
12 10 1
12 11 4
12 13 3
12 14 5
12 15 1
12 16 1
12 17 1
12 18 2
12 19 4
12 20 2
12 21 5
12 22 2
12 23 3
12 24 4
12 25 5
12 26 1
12 27 3
12 28 2
12 29 3
12 30 4
12 31 2
12 32 3
12 33 3
12 34 4
12 35 2
12 36 3
12 37 2
12 38 2
12 39 3
12 40 5
12 41 2
12 42 3
12 43 3
12 44 1
12 45 4
12 46 5
12 47 2
12 48 4
12 49 3
12 50 5
13 1 3
13 2 2
13 3 3
13 4 5
13 5 1
13 6 4
13 7 5
13 8 5
13 9 1
13 10 4
13 11 1
13 12 4
13 14 4
13 15 3
13 16 4
13 17 5
13 18 3
13 19 5
13 20 3
13 21 5
13 22 1
13 23 1
13 24 5
13 25 5
13 26 2
13 27 3
13 28 4
13 29 5
13 30 2
13 31 2
13 32 1
13 33 4
13 34 5
13 35 5
13 36 5
13 37 2
13 38 3
13 39 1
13 40 2
13 41 3
13 42 5
13 43 2
13 44 3
13 45 5
13 46 1
13 47 2
13 48 4
13 49 3
13 50 1
14 1 2
14 2 3
14 3 2
14 4 2
14 5 2
14 6 1
14 7 5
14 8 1
14 9 2
14 10 4
14 11 2
14 12 5
14 13 4
14 15 2
14 16 4
14 17 3
14 18 1
14 19 1
14 20 1
14 21 4
14 22 2
14 23 5
14 24 3
14 25 5
14 26 3
14 27 2
14 28 5
14 29 4
14 30 2
14 31 3
14 32 1
14 33 5
14 34 5
14 35 4
14 36 4
14 37 3
14 38 2
14 39 3
14 40 3
14 41 3
14 42 2
14 43 2
14 44 4
14 45 2
14 46 5
14 47 2
14 48 5
14 49 1
14 50 4
15 1 2
15 2 4
15 3 2
15 4 3
15 5 3
15 6 1
15 7 5
15 8 1
15 9 3
15 10 5
15 11 4
15 12 5
15 13 3
15 14 4
15 16 1
15 17 1
15 18 2
15 19 5
15 20 2
15 21 4
15 22 4
15 23 1
15 24 2
15 25 5
15 26 4
15 27 4
15 28 5
15 29 3
15 30 5
15 31 2
15 32 1
15 33 3
15 34 2
15 35 5
15 36 5
15 37 1
15 38 2
15 39 2
15 40 1
15 41 4
15 42 1
15 43 4
15 44 3
15 45 5
15 46 4
15 47 5
15 48 1
15 49 5
15 50 4
16 1 4
16 2 1
16 3 3
16 4 5
16 5 4
16 6 4
16 7 3
16 8 2
16 9 5
16 10 5
16 11 3
16 12 3
16 13 3
16 14 5
16 15 4
16 17 4
16 18 5
16 19 1
16 20 5
16 21 1
16 22 3
16 23 4
16 24 3
16 25 4
16 26 3
16 27 3
16 28 2
16 29 5
16 30 5
16 31 4
16 32 5
16 33 3
16 34 4
16 35 4
16 36 2
16 37 2
16 38 3
16 39 2
16 40 1
16 41 4
16 42 3
16 43 3
16 44 2
16 45 5
16 46 3
16 47 2
16 48 5
16 49 4
16 50 3
17 1 5
17 2 1
17 3 5
17 4 5
17 5 3
17 6 3
17 7 4
17 8 2
17 9 5
17 10 3
17 11 3
17 12 3
17 13 5
17 14 1
17 15 3
17 16 3
17 18 4
17 19 1
17 20 5
17 21 2
17 22 1
17 23 1
17 24 5
17 25 4
17 26 2
17 27 1
17 28 3
17 29 3
17 30 1
17 31 1
17 32 2
17 33 2
17 34 1
17 35 2
17 36 1
17 37 5
17 38 4
17 39 1
17 40 4
17 41 5
17 42 1
17 43 1
17 44 4
17 45 5
17 46 3
17 47 1
17 48 2
17 49 4
17 50 2
18 1 4
18 2 5
18 3 4
18 4 4
18 5 4
18 6 4
18 7 5
18 8 5
18 9 1
18 10 4
18 11 2
18 12 3
18 13 1
18 14 3
18 15 5
18 16 2
18 17 5
18 19 2
18 20 2
18 21 5
18 22 5
18 23 4
18 24 5
18 25 2
18 26 2
18 27 4
18 28 2
18 29 5
18 30 3
18 31 5
18 32 3
18 33 1
18 34 1
18 35 1
18 36 4
18 37 5
18 38 5
18 39 3
18 40 1
18 41 2
18 42 3
18 43 2
18 44 5
18 45 3
18 46 1
18 47 1
18 48 4
18 49 5
18 50 2
19 1 3
19 2 1
19 3 3
19 4 1
19 5 1
19 6 2
19 7 4
19 8 1
19 9 5
19 10 3
19 11 3
19 12 4
19 13 5
19 14 3
19 15 1
19 16 3
19 17 3
19 18 5
19 20 4
19 21 2
19 22 2
19 23 5
19 24 5
19 25 5
19 26 1
19 27 2
19 28 5
19 29 2
19 30 3
19 31 1
19 32 5
19 33 5
19 34 2
19 35 5
19 36 2
19 37 4
19 38 1
19 39 5
19 40 1
19 41 5
19 42 3
19 43 4
19 44 5
19 45 4
19 46 3
19 47 5
19 48 3
19 49 3
19 50 2
20 1 1
20 2 4
20 3 5
20 4 1
20 5 3
20 6 5
20 7 3
20 8 2
20 9 1
20 10 4
20 11 4
20 12 4
20 13 1
20 14 5
20 15 5
20 16 5
20 17 1
20 18 5
20 19 2
20 21 5
20 22 5
20 23 1
20 24 4
20 25 5
20 26 2
20 27 5
20 28 5
20 29 3
20 30 2
20 31 2
20 32 1
20 33 3
20 34 2
20 35 1
20 36 5
20 37 5
20 38 2
20 39 2
20 40 3
20 41 4
20 42 3
20 43 1
20 44 2
20 45 3
20 46 5
20 47 3
20 48 4
20 49 5
20 50 4
21 1 5
21 2 1
21 3 4
21 4 2
21 5 5
21 6 5
21 7 3
21 8 4
21 9 1
21 10 2
21 11 5
21 12 2
21 13 3
21 14 4
21 15 1
21 16 5
21 17 3
21 18 5
21 19 3
21 20 2
21 22 2
21 23 1
21 24 4
21 25 4
21 26 5
21 27 3
21 28 3
21 29 4
21 30 1
21 31 4
21 32 3
21 33 5
21 34 4
21 35 3
21 36 3
21 37 5
21 38 4
21 39 5
21 40 3
21 41 5
21 42 3
21 43 5
21 44 3
21 45 2
21 46 5
21 47 3
21 48 1
21 49 3
21 50 4
22 1 3
22 2 1
22 3 2
22 4 1
22 5 4
22 6 5
22 7 2
22 8 3
22 9 4
22 10 2
22 11 3
22 12 4
22 13 4
22 14 4
22 15 3
22 16 3
22 17 1
22 18 4
22 19 2
22 20 2
22 21 2
22 23 3
22 24 4
22 25 3
22 26 5
22 27 1
22 28 2
22 29 3
22 30 3
22 31 1
22 32 1
22 33 3
22 34 1
22 35 5
22 36 5
22 37 1
22 38 4
22 39 1
22 40 3
22 41 5
22 42 2
22 43 2
22 44 3
22 45 3
22 46 5
22 47 5
22 48 2
22 49 2
22 50 4
23 1 5
23 2 3
23 3 2
23 4 2
23 5 4
23 6 1
23 7 2
23 8 1
23 9 4
23 10 1
23 11 5
23 12 5
23 13 3
23 14 2
23 15 2
23 16 2
23 17 1
23 18 3
23 19 3
23 20 3
23 21 2
23 22 2
23 24 2
23 25 4
23 26 4
23 27 1
23 28 3
23 29 1
23 30 2
23 31 2
23 32 1
23 33 2
23 34 1
23 35 4
23 36 3
23 37 4
23 38 4
23 39 1
23 40 1
23 41 2
23 42 3
23 43 1
23 44 3
23 45 1
23 46 2
23 47 2
23 48 4
23 49 5
23 50 4
24 1 1
24 2 4
24 3 5
24 4 2
24 5 5
24 6 3
24 7 1
24 8 5
24 9 3
24 10 3
24 11 2
24 12 1
24 13 3
24 14 5
24 15 1
24 16 1
24 17 4
24 18 5
24 19 4
24 20 5
24 21 5
24 22 2
24 23 4
24 25 2
24 26 2
24 27 4
24 28 4
24 29 3
24 30 5
24 31 5
24 32 1
24 33 5
24 34 3
24 35 2
24 36 4
24 37 5
24 38 2
24 39 1
24 40 4
24 41 1
24 42 3
24 43 2
24 44 1
24 45 5
24 46 3
24 47 1
24 48 5
24 49 2
24 50 2
25 1 5
25 2 3
25 3 4
25 4 3
25 5 1
25 6 5
25 7 4
25 8 2
25 9 5
25 10 1
25 11 1
25 12 1
25 13 3
25 14 5
25 15 4
25 16 2
25 17 5
25 18 3
25 19 3
25 20 5
25 21 3
25 22 5
25 23 4
25 24 2
25 26 2
25 27 3
25 28 4
25 29 2
25 30 4
25 31 2
25 32 1
25 33 3
25 34 4
25 35 4
25 36 1
25 37 5
25 38 5
25 39 4
25 40 1
25 41 5
25 42 2
25 43 1
25 44 5
25 45 1
25 46 2
25 47 5
25 48 2
25 49 2
25 50 4
26 1 1
26 2 3
26 3 2
26 4 2
26 5 2
26 6 5
26 7 3
26 8 1
26 9 5
26 10 5
26 11 5
26 12 2
26 13 5
26 14 2
26 15 5
26 16 5
26 17 4
26 18 1
26 19 4
26 20 5
26 21 3
26 22 5
26 23 3
26 24 5
26 25 2
26 27 3
26 28 2
26 29 1
26 30 2
26 31 5
26 32 2
26 33 2
26 34 4
26 35 5
26 36 4
26 37 2
26 38 4
26 39 1
26 40 3
26 41 3
26 42 2
26 43 2
26 44 1
26 45 3
26 46 5
26 47 3
26 48 4
26 49 1
26 50 3
27 1 3
27 2 5
27 3 1
27 4 4
27 5 2
27 6 2
27 7 5
27 8 1
27 9 5
27 10 3
27 11 2
27 12 1
27 13 4
27 14 1
27 15 5
27 16 3
27 17 1
27 18 1
27 19 3
27 20 3
27 21 5
27 22 2
27 23 5
27 24 1
27 25 3
27 26 4
27 28 3
27 29 5
27 30 3
27 31 3
27 32 4
27 33 2
27 34 4
27 35 1
27 36 5
27 37 2
27 38 3
27 39 2
27 40 2
27 41 2
27 42 1
27 43 1
27 44 3
27 45 4
27 46 1
27 47 4
27 48 3
27 49 1
27 50 4
28 1 5
28 2 3
28 3 4
28 4 1
28 5 4
28 6 1
28 7 5
28 8 3
28 9 3
28 10 4
28 11 2
28 12 2
28 13 3
28 14 5
28 15 5
28 16 5
28 17 1
28 18 1
28 19 2
28 20 2
28 21 5
28 22 4
28 23 2
28 24 5
28 25 3
28 26 2
28 27 5
28 29 1
28 30 1
28 31 2
28 32 1
28 33 5
28 34 1
28 35 4
28 36 3
28 37 5
28 38 2
28 39 4
28 40 4
28 41 1
28 42 5
28 43 2
28 44 3
28 45 4
28 46 1
28 47 2
28 48 3
28 49 1
28 50 5
29 1 5
29 2 5
29 3 4
29 4 3
29 5 3
29 6 3
29 7 2
29 8 5
29 9 4
29 10 2
29 11 2
29 12 2
29 13 2
29 14 4
29 15 2
29 16 3
29 17 3
29 18 3
29 19 4
29 20 1
29 21 3
29 22 1
29 23 5
29 24 1
29 25 3
29 26 3
29 27 1
29 28 2
29 30 1
29 31 4
29 32 3
29 33 2
29 34 3
29 35 1
29 36 1
29 37 2
29 38 5
29 39 2
29 40 3
29 41 5
29 42 3
29 43 5
29 44 1
29 45 4
29 46 3
29 47 4
29 48 3
29 49 5
29 50 4
30 1 1
30 2 2
30 3 1
30 4 4
30 5 2
30 6 2
30 7 3
30 8 1
30 9 4
30 10 4
30 11 3
30 12 4
30 13 1
30 14 4
30 15 3
30 16 3
30 17 4
30 18 5
30 19 2
30 20 2
30 21 2
30 22 3
30 23 4
30 24 3
30 25 3
30 26 5
30 27 5
30 28 2
30 29 2
30 31 1
30 32 2
30 33 5
30 34 3
30 35 2
30 36 5
30 37 1
30 38 5
30 39 2
30 40 1
30 41 1
30 42 1
30 43 4
30 44 4
30 45 3
30 46 4
30 47 2
30 48 3
30 49 5
30 50 1
31 1 1
31 2 1
31 3 4
31 4 4
31 5 2
31 6 2
31 7 1
31 8 3
31 9 3
31 10 4
31 11 1
31 12 4
31 13 5
31 14 5
31 15 1
31 16 4
31 17 4
31 18 3
31 19 5
31 20 3
31 21 3
31 22 5
31 23 3
31 24 3
31 25 4
31 26 2
31 27 2
31 28 5
31 29 1
31 30 3
31 32 2
31 33 2
31 34 3
31 35 5
31 36 5
31 37 1
31 38 1
31 39 2
31 40 3
31 41 1
31 42 3
31 43 4
31 44 4
31 45 4
31 46 5
31 47 1
31 48 2
31 49 1
31 50 3
32 1 4
32 2 3
32 3 5
32 4 3
32 5 2
32 6 5
32 7 1
32 8 5
32 9 3
32 10 2
32 11 1
32 12 5
32 13 5
32 14 4
32 15 4
32 16 5
32 17 3
32 18 5
32 19 2
32 20 1
32 21 4
32 22 2
32 23 3
32 24 2
32 25 5
32 26 4
32 27 4
32 28 2
32 29 2
32 30 4
32 31 4
32 33 5
32 34 1
32 35 1
32 36 3
32 37 4
32 38 5
32 39 5
32 40 3
32 41 4
32 42 4
32 43 3
32 44 3
32 45 3
32 46 1
32 47 1
32 48 4
32 49 5
32 50 2
33 1 1
33 2 3
33 3 1
33 4 4
33 5 2
33 6 4
33 7 1
33 8 5
33 9 4
33 10 2
33 11 2
33 12 2
33 13 3
33 14 3
33 15 4
33 16 3
33 17 2
33 18 2
33 19 4
33 20 4
33 21 2
33 22 2
33 23 2
33 24 1
33 25 1
33 26 1
33 27 4
33 28 3
33 29 5
33 30 5
33 31 2
33 32 2
33 34 2
33 35 4
33 36 5
33 37 4
33 38 4
33 39 5
33 40 5
33 41 3
33 42 4
33 43 3
33 44 4
33 45 1
33 46 1
33 47 5
33 48 5
33 49 2
33 50 3
34 1 5
34 2 5
34 3 4
34 4 3
34 5 3
34 6 2
34 7 5
34 8 4
34 9 5
34 10 2
34 11 5
34 12 1
34 13 3
34 14 1
34 15 3
34 16 3
34 17 5
34 18 3
34 19 2
34 20 2
34 21 2
34 22 4
34 23 2
34 24 5
34 25 4
34 26 4
34 27 2
34 28 5
34 29 3
34 30 5
34 31 3
34 32 4
34 33 5
34 35 3
34 36 1
34 37 4
34 38 4
34 39 5
34 40 4
34 41 5
34 42 3
34 43 3
34 44 1
34 45 3
34 46 3
34 47 5
34 48 5
34 49 5
34 50 2
35 1 1
35 2 3
35 3 5
35 4 1
35 5 4
35 6 1
35 7 5
35 8 2
35 9 2
35 10 1
35 11 1
35 12 2
35 13 3
35 14 4
35 15 3
35 16 3
35 17 1
35 18 3
35 19 3
35 20 5
35 21 2
35 22 3
35 23 2
35 24 4
35 25 5
35 26 4
35 27 4
35 28 1
35 29 1
35 30 5
35 31 2
35 32 3
35 33 2
35 34 3
35 36 4
35 37 2
35 38 4
35 39 5
35 40 5
35 41 2
35 42 5
35 43 2
35 44 3
35 45 5
35 46 5
35 47 2
35 48 2
35 49 5
35 50 5
36 1 4
36 2 1
36 3 3
36 4 3
36 5 2
36 6 1
36 7 4
36 8 3
36 9 1
36 10 4
36 11 5
36 12 5
36 13 2
36 14 2
36 15 3
36 16 5
36 17 5
36 18 1
36 19 3
36 20 1
36 21 2
36 22 1
36 23 3
36 24 3
36 25 4
36 26 2
36 27 2
36 28 2
36 29 5
36 30 3
36 31 3
36 32 3
36 33 3
36 34 5
36 35 3
36 37 2
36 38 3
36 39 1
36 40 1
36 41 5
36 42 2
36 43 5
36 44 5
36 45 3
36 46 1
36 47 4
36 48 4
36 49 3
36 50 2
37 1 3
37 2 3
37 3 3
37 4 4
37 5 2
37 6 1
37 7 4
37 8 3
37 9 4
37 10 2
37 11 2
37 12 2
37 13 5
37 14 2
37 15 4
37 16 1
37 17 4
37 18 2
37 19 3
37 20 1
37 21 2
37 22 5
37 23 4
37 24 1
37 25 1
37 26 4
37 27 4
37 28 4
37 29 2
37 30 1
37 31 2
37 32 2
37 33 5
37 34 5
37 35 5
37 36 2
37 38 5
37 39 5
37 40 1
37 41 5
37 42 1
37 43 3
37 44 1
37 45 2
37 46 1
37 47 2
37 48 3
37 49 1
37 50 3
38 1 2
38 2 3
38 3 2
38 4 1
38 5 2
38 6 2
38 7 1
38 8 2
38 9 5
38 10 2
38 11 5
38 12 2
38 13 3
38 14 1
38 15 4
38 16 4
38 17 2
38 18 5
38 19 5
38 20 1
38 21 2
38 22 5
38 23 2
38 24 1
38 25 5
38 26 3
38 27 1
38 28 3
38 29 2
38 30 3
38 31 1
38 32 4
38 33 1
38 34 4
38 35 1
38 36 4
38 37 5
38 39 4
38 40 5
38 41 2
38 42 5
38 43 4
38 44 5
38 45 4
38 46 2
38 47 3
38 48 3
38 49 3
38 50 4
39 1 2
39 2 4
39 3 1
39 4 3
39 5 2
39 6 1
39 7 3
39 8 1
39 9 4
39 10 2
39 11 3
39 12 1
39 13 4
39 14 3
39 15 1
39 16 2
39 17 3
39 18 1
39 19 4
39 20 3
39 21 5
39 22 2
39 23 2
39 24 1
39 25 1
39 26 3
39 27 2
39 28 1
39 29 5
39 30 4
39 31 4
39 32 3
39 33 4
39 34 1
39 35 1
39 36 2
39 37 2
39 38 5
39 40 3
39 41 2
39 42 3
39 43 2
39 44 2
39 45 2
39 46 1
39 47 5
39 48 3
39 49 5
39 50 5
40 1 1
40 2 3
40 3 2
40 4 2
40 5 4
40 6 2
40 7 5
40 8 3
40 9 5
40 10 5
40 11 2
40 12 5
40 13 3
40 14 2
40 15 4
40 16 4
40 17 4
40 18 5
40 19 2
40 20 5
40 21 4
40 22 3
40 23 2
40 24 2
40 25 1
40 26 3
40 27 2
40 28 5
40 29 3
40 30 2
40 31 2
40 32 3
40 33 4
40 34 3
40 35 2
40 36 4
40 37 1
40 38 1
40 39 2
40 41 5
40 42 2
40 43 5
40 44 4
40 45 4
40 46 3
40 47 4
40 48 4
40 49 1
40 50 1
41 1 2
41 2 2
41 3 4
41 4 1
41 5 4
41 6 1
41 7 2
41 8 1
41 9 4
41 10 3
41 11 3
41 12 5
41 13 1
41 14 3
41 15 5
41 16 5
41 17 1
41 18 1
41 19 5
41 20 3
41 21 4
41 22 1
41 23 4
41 24 5
41 25 5
41 26 4
41 27 3
41 28 5
41 29 3
41 30 5
41 31 5
41 32 1
41 33 2
41 34 4
41 35 2
41 36 5
41 37 1
41 38 5
41 39 2
41 40 4
41 42 4
41 43 2
41 44 1
41 45 5
41 46 1
41 47 5
41 48 4
41 49 1
41 50 5
42 1 4
42 2 5
42 3 5
42 4 1
42 5 3
42 6 5
42 7 5
42 8 1
42 9 2
42 10 5
42 11 5
42 12 1
42 13 1
42 14 1
42 15 4
42 16 4
42 17 4
42 18 3
42 19 1
42 20 3
42 21 2
42 22 5
42 23 1
42 24 3
42 25 5
42 26 5
42 27 5
42 28 1
42 29 1
42 30 2
42 31 3
42 32 1
42 33 1
42 34 2
42 35 1
42 36 3
42 37 1
42 38 1
42 39 5
42 40 4
42 41 2
42 43 2
42 44 5
42 45 4
42 46 4
42 47 3
42 48 3
42 49 2
42 50 3
43 1 5
43 2 1
43 3 4
43 4 4
43 5 1
43 6 3
43 7 5
43 8 3
43 9 2
43 10 3
43 11 3
43 12 3
43 13 5
43 14 5
43 15 5
43 16 3
43 17 5
43 18 4
43 19 4
43 20 2
43 21 3
43 22 2
43 23 5
43 24 1
43 25 3
43 26 4
43 27 4
43 28 3
43 29 3
43 30 2
43 31 2
43 32 2
43 33 2
43 34 2
43 35 3
43 36 5
43 37 4
43 38 4
43 39 4
43 40 2
43 41 1
43 42 3
43 44 1
43 45 5
43 46 2
43 47 5
43 48 3
43 49 1
43 50 3
44 1 3
44 2 5
44 3 2
44 4 1
44 5 4
44 6 5
44 7 4
44 8 2
44 9 5
44 10 3
44 11 4
44 12 2
44 13 4
44 14 3
44 15 5
44 16 5
44 17 5
44 18 1
44 19 3
44 20 3
44 21 1
44 22 1
44 23 4
44 24 3
44 25 3
44 26 5
44 27 4
44 28 2
44 29 4
44 30 2
44 31 1
44 32 3
44 33 1
44 34 2
44 35 4
44 36 1
44 37 1
44 38 4
44 39 3
44 40 1
44 41 1
44 42 3
44 43 4
44 45 4
44 46 5
44 47 5
44 48 3
44 49 4
44 50 1
45 1 2
45 2 4
45 3 1
45 4 2
45 5 4
45 6 1
45 7 4
45 8 3
45 9 1
45 10 2
45 11 4
45 12 4
45 13 2
45 14 3
45 15 4
45 16 5
45 17 1
45 18 5
45 19 3
45 20 4
45 21 4
45 22 5
45 23 4
45 24 1
45 25 5
45 26 4
45 27 1
45 28 4
45 29 1
45 30 1
45 31 1
45 32 4
45 33 4
45 34 4
45 35 5
45 36 2
45 37 1
45 38 5
45 39 2
45 40 1
45 41 3
45 42 2
45 43 5
45 44 1
45 46 4
45 47 5
45 48 3
45 49 5
45 50 1
46 1 2
46 2 5
46 3 4
46 4 1
46 5 1
46 6 5
46 7 2
46 8 4
46 9 2
46 10 2
46 11 2
46 12 2
46 13 3
46 14 5
46 15 3
46 16 3
46 17 2
46 18 4
46 19 3
46 20 3
46 21 2
46 22 5
46 23 1
46 24 3
46 25 4
46 26 3
46 27 2
46 28 1
46 29 5
46 30 3
46 31 1
46 32 1
46 33 4
46 34 5
46 35 3
46 36 4
46 37 1
46 38 4
46 39 5
46 40 4
46 41 3
46 42 1
46 43 2
46 44 2
46 45 5
46 47 4
46 48 4
46 49 1
46 50 3
47 1 3
47 2 1
47 3 1
47 4 2
47 5 1
47 6 4
47 7 3
47 8 3
47 9 2
47 10 5
47 11 5
47 12 4
47 13 5
47 14 5
47 15 4
47 16 1
47 17 5
47 18 3
47 19 3
47 20 5
47 21 4
47 22 1
47 23 2
47 24 4
47 25 3
47 26 3
47 27 5
47 28 1
47 29 3
47 30 3
47 31 5
47 32 5
47 33 3
47 34 3
47 35 4
47 36 5
47 37 1
47 38 3
47 39 4
47 40 2
47 41 2
47 42 3
47 43 2
47 44 3
47 45 5
47 46 5
47 48 4
47 49 4
47 50 4
48 1 1
48 2 5
48 3 2
48 4 2
48 5 2
48 6 2
48 7 1
48 8 4
48 9 2
48 10 3
48 11 2
48 12 1
48 13 5
48 14 3
48 15 3
48 16 2
48 17 3
48 18 2
48 19 2
48 20 5
48 21 5
48 22 5
48 23 3
48 24 5
48 25 3
48 26 1
48 27 4
48 28 4
48 29 1
48 30 4
48 31 5
48 32 1
48 33 3
48 34 1
48 35 4
48 36 4
48 37 5
48 38 1
48 39 5
48 40 1
48 41 4
48 42 3
48 43 1
48 44 3
48 45 2
48 46 5
48 47 1
48 49 5
48 50 3
49 1 4
49 2 1
49 3 4
49 4 5
49 5 4
49 6 3
49 7 2
49 8 1
49 9 1
49 10 2
49 11 1
49 12 1
49 13 1
49 14 3
49 15 4
49 16 2
49 17 2
49 18 4
49 19 3
49 20 2
49 21 5
49 22 5
49 23 2
49 24 2
49 25 5
49 26 1
49 27 4
49 28 1
49 29 1
49 30 3
49 31 3
49 32 1
49 33 5
49 34 1
49 35 5
49 36 3
49 37 1
49 38 1
49 39 5
49 40 1
49 41 5
49 42 5
49 43 4
49 44 5
49 45 3
49 46 2
49 47 3
49 48 1
49 50 2
50 1 5
50 2 4
50 3 2
50 4 4
50 5 1
50 6 3
50 7 5
50 8 3
50 9 3
50 10 5
50 11 4
50 12 2
50 13 4
50 14 1
50 15 2
50 16 2
50 17 1
50 18 1
50 19 2
50 20 3
50 21 1
50 22 4
50 23 2
50 24 2
50 25 2
50 26 2
50 27 4
50 28 5
50 29 4
50 30 4
50 31 2
50 32 4
50 33 5
50 34 3
50 35 4
50 36 5
50 37 2
50 38 4
50 39 2
50 40 5
50 41 5
50 42 2
50 43 1
50 44 1
50 45 3
50 46 4
50 47 2
50 48 5
50 49 5

END
