INSTANCE_NAME b07.dat
NB_VERTICES 75
NB_ARCS 120
NB_REQUESTS 0
NB_BLOCKAGES 12
NB_A' 5430

VERTICES
1 0 0
2 0 0
3 0 0
4 0 0
5 0 0
6 0 0
7 0 0
8 0 0
9 0 0
10 0 0
11 0 0
12 0 0
13 0 0
14 0 0
15 0 0
16 0 0
17 0 0
18 0 0
19 0 0
20 0 0
21 0 0
22 0 0
23 0 0
24 0 0
25 0 0
26 0 0
27 0 0
28 0 0
29 0 0
30 0 0
31 0 0
32 0 0
33 0 0
34 0 0
35 0 0
36 0 0
37 0 0
38 0 0
39 0 0
40 0 0
41 0 0
42 0 0
43 0 0
44 0 0
45 0 0
46 0 0
47 0 0
48 0 0
49 0 0
50 0 0
51 0 0
52 0 0
53 0 0
54 0 0
55 0 0
56 0 0
57 0 0
58 0 0
59 0 0
60 0 0
61 0 0
62 0 0
63 0 0
64 0 0
65 0 0
66 0 0
67 0 0
68 0 0
69 0 0
70 0 0
71 0 0
72 0 0
73 0 0
74 0 0
75 0 0

ARCS
14 48 2
48 28 7
28 6 6
6 57 4
57 44 2
44 10 1
10 62 8
62 30 2
30 29 1
29 21 4
21 41 7
41 30 8
30 42 2
42 12 2
12 73 2
73 50 1
50 65 1
65 38 2
38 7 6
7 17 6
17 32 5
32 34 3
34 22 5
22 48 7
32 74 9
74 18 7
18 45 2
45 1 6
1 41 9
41 23 7
23 9 5
9 70 4
70 13 8
13 5 1
5 58 10
58 57 9
57 70 3
70 71 4
71 43 2
43 4 8
4 27 7
27 3 10
3 40 10
40 27 3
27 36 10
36 44 4
44 26 3
26 72 6
72 9 1
72 10 8
72 50 8
50 31 10
31 60 5
60 38 10
38 54 8
54 43 5
43 51 9
51 8 4
8 25 10
25 19 7
19 7 9
7 69 1
69 74 3
74 42 1
42 53 3
53 16 10
16 52 9
52 46 2
46 44 2
44 28 9
28 63 9
63 24 10
24 36 2
63 42 7
42 56 10
56 20 6
20 15 1
15 2 3
2 39 6
39 8 1
39 67 6
67 60 10
60 18 5
60 35 8
35 4 10
60 61 1
61 32 9
61 37 9
37 74 4
74 64 5
64 19 7
67 20 3
20 55 1
55 43 6
43 44 8
44 68 2
68 7 8
7 33 10
33 65 2
65 16 3
65 42 6
65 44 4
65 59 1
59 11 9
11 38 4
38 47 5
47 27 5
47 41 10
41 59 10
59 75 6
75 56 2
56 49 8
49 46 10
65 14 4
43 5 7
2 66 5
66 54 6
15 51 7
58 73 4
73 1 1

REQUESTS

BLOCKAGES
63 42
20 15
65 16
67 60
61 32
39 8
74 42
72 9
38 54
27 36
32 74
72 10

A'
1 2 266
1 3 417
1 4 506
1 5 11
1 6 122
1 7 5
1 8 884
1 9 966
1 10 107
1 11 497
1 12 1000
1 13 80
1 14 158
1 15 151
1 16 425
1 17 621
1 18 594
1 19 926
1 20 881
1 21 464
1 22 548
1 23 476
1 24 441
1 25 8
1 26 903
1 27 366
1 28 412
1 29 761
1 30 821
1 31 615
1 32 93
1 33 87
1 34 32
1 35 950
1 36 449
1 37 153
1 38 954
1 39 332
1 40 119
1 42 412
1 43 829
1 44 470
1 45 491
1 46 338
1 47 620
1 48 268
1 49 959
1 50 565
1 51 193
1 52 839
1 53 29
1 54 741
1 55 314
1 56 821
1 57 100
1 58 568
1 59 538
1 60 863
1 61 329
1 62 359
1 63 477
1 64 773
1 65 797
1 66 508
1 67 722
1 68 245
1 69 13
1 70 27
1 71 576
1 72 483
1 73 790
1 74 756
1 75 952
2 1 632
2 3 94
2 4 924
2 5 899
2 6 52
2 7 840
2 8 92
2 9 890
2 10 220
2 11 184
2 12 556
2 13 41
2 14 635
2 15 475
2 16 930
2 17 497
2 18 803
2 19 288
2 20 973
2 21 575
2 22 84
2 23 833
2 24 648
2 25 328
2 26 197
2 27 26
2 28 256
2 29 679
2 30 167
2 31 11
2 32 982
2 33 799
2 34 456
2 35 257
2 36 697
2 37 507
2 38 449
2 40 140
2 41 749
2 42 668
2 43 675
2 44 656
2 45 60
2 46 309
2 47 130
2 48 990
2 49 805
2 50 285
2 51 629
2 52 778
2 53 211
2 54 713
2 55 962
2 56 211
2 57 392
2 58 158
2 59 588
2 60 999
2 61 188
2 62 755
2 63 362
2 64 521
2 65 553
2 67 817
2 68 778
2 69 601
2 70 676
2 71 578
2 72 93
2 73 776
2 74 245
2 75 767
3 1 431
3 2 657
3 4 76
3 5 912
3 6 998
3 7 232
3 8 548
3 9 626
3 10 361
3 11 759
3 12 690
3 13 322
3 14 321
3 15 82
3 16 831
3 17 908
3 18 80
3 19 18
3 20 14
3 21 793
3 22 539
3 23 918
3 24 610
3 25 668
3 26 519
3 27 285
3 28 245
3 29 611
3 30 60
3 31 841
3 32 729
3 33 842
3 34 849
3 35 156
3 36 105
3 37 846
3 38 388
3 39 5
3 41 824
3 42 100
3 43 115
3 44 513
3 45 422
3 46 435
3 47 594
3 48 604
3 49 694
3 50 26
3 51 622
3 52 708
3 53 818
3 54 512
3 55 625
3 56 779
3 57 531
3 58 495
3 59 415
3 60 127
3 61 105
3 62 826
3 63 319
3 64 186
3 65 667
3 66 168
3 67 341
3 68 124
3 69 365
3 70 728
3 71 128
3 72 188
3 73 180
3 74 242
3 75 53
4 1 953
4 2 28
4 3 998
4 5 556
4 6 721
4 7 23
4 8 529
4 9 428
4 10 193
4 11 392
4 12 405
4 13 323
4 14 922
4 15 899
4 16 738
4 17 400
4 18 356
4 19 563
4 20 719
4 21 541
4 22 582
4 23 238
4 24 881
4 25 57
4 26 954
4 28 961
4 29 184
4 30 142
4 31 140
4 32 777
4 33 194
4 34 92
4 35 804
4 36 191
4 37 999
4 38 524
4 39 566
4 40 528
4 41 304
4 42 110
4 43 919
4 44 60
4 45 432
4 46 193
4 47 958
4 48 521
4 49 592
4 50 665
4 51 84
4 52 310
4 53 205
4 54 17
4 55 899
4 56 438
4 57 73
4 58 853
4 59 750
4 60 608
4 61 346
4 62 241
4 63 384
4 64 891
4 65 332
4 66 187
4 67 433
4 68 682
4 69 62
4 70 998
4 71 209
4 72 717
4 73 459
4 74 480
4 75 128
5 1 243
5 2 672
5 3 438
5 4 763
5 6 263
5 7 102
5 8 198
5 9 925
5 10 659
5 11 566
5 12 823
5 13 96
5 14 638
5 15 27
5 16 845
5 17 245
5 18 372
5 19 85
5 20 980
5 21 262
5 22 768
5 23 166
5 24 695
5 25 449
5 26 580
5 27 44
5 28 10
5 29 648
5 30 855
5 31 841
5 32 776
5 33 97
5 34 512
5 35 213
5 36 211
5 37 126
5 38 666
5 39 761
5 40 402
5 41 324
5 42 326
5 43 577
5 44 419
5 45 316
5 46 603
5 47 615
5 48 560
5 49 975
5 50 51
5 51 540
5 52 236
5 53 818
5 54 57
5 55 282
5 56 619
5 57 988
5 59 326
5 60 980
5 61 988
5 62 532
5 63 820
5 64 763
5 65 628
5 66 683
5 67 327
5 68 190
5 69 808
5 70 992
5 71 302
5 72 210
5 73 316
5 74 628
5 75 786
6 1 86
6 2 943
6 3 740
6 4 701
6 5 854
6 7 714
6 8 751
6 9 745
6 10 302
6 11 921
6 12 154
6 13 935
6 14 539
6 15 141
6 16 612
6 17 870
6 18 128
6 19 143
6 20 689
6 21 242
6 22 122
6 23 371
6 24 920
6 25 312
6 26 530
6 27 912
6 28 613
6 29 91
6 30 579
6 31 592
6 32 876
6 33 664
6 34 886
6 35 616
6 36 716
6 37 92
6 38 681
6 39 467
6 40 836
6 41 334
6 42 739
6 43 341
6 44 269
6 45 629
6 46 482
6 47 880
6 48 498
6 49 961
6 50 23
6 51 538
6 52 555
6 53 144
6 54 260
6 55 474
6 56 807
6 58 789
6 59 385
6 60 772
6 61 880
6 62 315
6 63 715
6 64 107
6 65 979
6 66 601
6 67 74
6 68 694
6 69 44
6 70 107
6 71 512
6 72 231
6 73 440
6 74 602
6 75 572
7 1 708
7 2 230
7 3 53
7 4 588
7 5 79
7 6 365
7 8 610
7 9 616
7 10 919
7 11 105
7 12 875
7 13 745
7 14 912
7 15 664
7 16 481
7 18 683
7 19 895
7 20 796
7 21 749
7 22 1
7 23 774
7 24 349
7 25 427
7 26 819
7 27 744
7 28 533
7 29 683
7 30 975
7 31 972
7 32 284
7 34 546
7 35 680
7 36 866
7 37 950
7 38 619
7 39 944
7 40 314
7 41 580
7 42 560
7 43 585
7 44 684
7 45 434
7 46 329
7 47 947
7 48 449
7 49 809
7 50 981
7 51 695
7 52 604
7 53 730
7 54 48
7 55 729
7 56 430
7 57 474
7 58 900
7 59 174
7 60 358
7 61 934
7 62 148
7 63 681
7 64 217
7 65 693
7 66 360
7 67 434
7 68 642
7 70 330
7 71 378
7 72 307
7 73 909
7 74 289
7 75 891
8 1 593
8 2 74
8 3 571
8 4 539
8 5 523
8 6 380
8 7 872
8 9 569
8 10 335
8 11 601
8 12 616
8 13 416
8 14 30
8 15 441
8 16 315
8 17 203
8 18 798
8 19 248
8 20 350
8 21 479
8 22 816
8 23 394
8 24 190
8 26 250
8 27 35
8 28 520
8 29 979
8 30 694
8 31 780
8 32 267
8 33 584
8 34 724
8 35 340
8 36 507
8 37 615
8 38 214
8 39 886
8 40 486
8 41 783
8 42 572
8 43 86
8 44 398
8 45 987
8 46 115
8 47 839
8 48 653
8 49 318
8 50 988
8 51 900
8 52 19
8 53 466
8 54 68
8 55 413
8 56 656
8 57 669
8 58 447
8 59 527
8 60 647
8 61 492
8 62 658
8 63 913
8 64 76
8 65 382
8 66 252
8 67 582
8 68 996
8 69 466
8 70 819
8 71 481
8 72 600
8 73 742
8 74 918
8 75 997
9 1 729
9 2 32
9 3 187
9 4 381
9 5 701
9 6 175
9 7 633
9 8 720
9 10 640
9 11 700
9 12 132
9 13 647
9 14 368
9 15 930
9 16 525
9 17 14
9 18 422
9 19 183
9 20 278
9 21 849
9 22 564
9 23 881
9 24 782
9 25 911
9 26 346
9 27 600
9 28 391
9 29 297
9 30 693
9 31 308
9 32 294
9 33 421
9 34 691
9 35 480
9 36 154
9 37 392
9 38 654
9 39 786
9 40 111
9 41 646
9 42 837
9 43 594
9 44 644
9 45 204
9 46 523
9 47 169
9 48 569
9 49 296
9 50 351
9 51 198
9 52 144
9 53 266
9 54 78
9 55 925
9 56 176
9 57 776
9 58 876
9 59 918
9 60 72
9 61 569
9 62 577
9 63 365
9 64 341
9 65 267
9 66 197
9 67 494
9 68 10
9 69 202
9 71 631
9 72 472
9 73 847
9 74 467
9 75 65
10 1 491
10 2 22
10 3 940
10 4 11
10 5 590
10 6 235
10 7 361
10 8 787
10 9 731
10 11 978
10 12 865
10 13 7
10 14 153
10 15 640
10 16 883
10 17 422
10 18 63
10 19 803
10 20 998
10 21 428
10 22 143
10 23 616
10 24 976
10 25 989
10 26 626
10 27 177
10 28 619
10 29 97
10 30 24
10 31 86
10 32 514
10 33 866
10 34 107
10 35 453
10 36 876
10 37 49
10 38 39
10 39 588
10 40 835
10 41 769
10 42 917
10 43 51
10 44 776
10 45 69
10 46 42
10 47 10
10 48 490
10 49 105
10 50 812
10 51 487
10 52 884
10 53 306
10 54 102
10 55 859
10 56 294
10 57 79
10 58 387
10 59 913
10 60 176
10 61 762
10 63 350
10 64 689
10 65 627
10 66 456
10 67 493
10 68 854
10 69 856
10 70 531
10 71 793
10 72 43
10 73 300
10 74 709
10 75 93
11 1 75
11 2 129
11 3 487
11 4 84
11 5 618
11 6 943
11 7 247
11 8 456
11 9 826
11 10 552
11 12 910
11 13 36
11 14 846
11 15 340
11 16 422
11 17 110
11 18 515
11 19 184
11 20 459
11 21 555
11 22 162
11 23 266
11 24 47
11 25 368
11 26 122
11 27 930
11 28 160
11 29 164
11 30 229
11 31 221
11 32 608
11 33 655
11 34 349
11 35 94
11 36 90
11 37 319
11 39 388
11 40 336
11 41 126
11 42 565
11 43 239
11 44 35
11 45 600
11 46 84
11 47 727
11 48 374
11 49 193
11 50 593
11 51 909
11 52 3
11 53 148
11 54 422
11 55 269
11 56 546
11 57 789
11 58 742
11 59 475
11 60 301
11 61 905
11 62 55
11 63 521
11 64 512
11 65 61
11 66 869
11 67 958
11 68 150
11 69 187
11 70 345
11 71 837
11 72 665
11 73 910
11 74 76
11 75 51
12 1 861
12 2 511
12 3 777
12 4 586
12 5 56
12 6 370
12 7 494
12 8 58
12 9 517
12 10 916
12 11 678
12 13 414
12 14 56
12 15 419
12 16 241
12 17 356
12 18 323
12 19 647
12 20 876
12 21 187
12 22 708
12 23 97
12 24 496
12 25 209
12 26 635
12 27 840
12 28 46
12 29 299
12 30 101
12 31 473
12 32 350
12 33 962
12 34 983
12 35 126
12 36 547
12 37 38
12 38 495
12 39 393
12 40 448
12 41 363
12 42 308
12 43 477
12 44 777
12 45 363
12 46 896
12 47 369
12 48 71
12 49 570
12 50 15
12 51 946
12 52 108
12 53 722
12 54 42
12 55 603
12 56 931
12 57 29
12 58 443
12 59 328
12 60 327
12 61 543
12 62 800
12 63 676
12 64 856
12 65 134
12 66 154
12 67 403
12 68 524
12 69 648
12 70 795
12 71 971
12 72 11
12 74 454
12 75 799
13 1 139
13 2 168
13 3 694
13 4 859
13 6 238
13 7 616
13 8 873
13 9 536
13 10 723
13 11 947
13 12 577
13 14 326
13 15 229
13 16 605
13 17 120
13 18 908
13 19 284
13 20 14
13 21 707
13 22 959
13 23 870
13 24 192
13 25 464
13 26 272
13 27 715
13 28 112
13 29 418
13 30 37
13 31 474
13 32 223
13 33 836
13 34 964
13 35 390
13 36 881
13 37 822
13 38 980
13 39 496
13 40 46
13 41 515
13 42 219
13 43 992
13 44 443
13 45 896
13 46 572
13 47 48
13 48 15
13 49 479
13 50 683
13 51 28
13 52 537
13 53 993
13 54 249
13 55 729
13 56 457
13 57 872
13 58 795
13 59 568
13 60 289
13 61 832
13 62 393
13 63 863
13 64 667
13 65 356
13 66 253
13 67 899
13 68 177
13 69 584
13 70 395
13 71 574
13 72 98
13 73 965
13 74 566
13 75 540
14 1 860
14 2 489
14 3 939
14 4 226
14 5 968
14 6 621
14 7 605
14 8 504
14 9 614
14 10 854
14 11 584
14 12 422
14 13 725
14 15 379
14 16 341
14 17 366
14 18 210
14 19 733
14 20 228
14 21 228
14 22 88
14 23 832
14 24 126
14 25 616
14 26 415
14 27 872
14 28 189
14 29 512
14 30 836
14 31 106
14 32 404
14 33 47
14 34 595
14 35 342
14 36 272
14 37 562
14 38 315
14 39 229
14 40 417
14 41 928
14 42 82
14 43 1
14 44 349
14 45 158
14 46 731
14 47 41
14 49 523
14 50 940
14 51 773
14 52 103
14 53 519
14 54 212
14 55 934
14 56 996
14 57 827
14 58 701
14 59 868
14 60 367
14 61 564
14 62 703
14 63 825
14 64 967
14 65 102
14 66 419
14 67 661
14 68 373
14 69 332
14 70 975
14 71 953
14 72 100
14 73 902
14 74 34
14 75 452
15 1 602
15 3 192
15 4 182
15 5 642
15 6 66
15 7 473
15 8 766
15 9 168
15 10 991
15 11 977
15 12 102
15 13 339
15 14 155
15 16 154
15 17 206
15 18 873
15 19 717
15 20 260
15 21 697
15 22 36
15 23 361
15 24 467
15 25 696
15 26 86
15 27 798
15 28 670
15 29 38
15 30 250
15 31 923
15 32 424
15 33 701
15 34 876
15 35 615
15 36 883
15 37 517
15 38 32
15 39 707
15 40 634
15 41 200
15 42 50
15 43 610
15 44 653
15 45 388
15 46 116
15 47 806
15 48 593
15 49 988
15 50 874
15 52 204
15 53 685
15 54 909
15 55 917
15 56 503
15 57 604
15 58 2
15 59 653
15 60 273
15 61 391
15 62 902
15 63 195
15 64 814
15 65 602
15 66 70
15 67 780
15 68 836
15 69 938
15 70 812
15 71 543
15 72 571
15 73 363
15 74 944
15 75 532
16 1 15
16 2 331
16 3 647
16 4 820
16 5 275
16 6 987
16 7 693
16 8 478
16 9 23
16 10 602
16 11 394
16 12 525
16 13 557
16 14 747
16 15 177
16 17 830
16 18 490
16 19 78
16 20 376
16 21 655
16 22 32
16 23 446
16 24 787
16 25 219
16 26 735
16 27 950
16 28 761
16 29 658
16 30 312
16 31 56
16 32 189
16 33 326
16 34 386
16 35 188
16 36 145
16 37 660
16 38 526
16 39 189
16 40 490
16 41 548
16 42 142
16 43 235
16 44 72
16 45 699
16 46 982
16 47 249
16 48 528
16 49 823
16 50 678
16 51 255
16 53 477
16 54 709
16 55 700
16 56 615
16 57 928
16 58 787
16 59 564
16 60 40
16 61 444
16 62 875
16 63 96
16 64 984
16 65 200
16 66 481
16 67 523
16 68 696
16 69 493
16 70 48
16 71 237
16 72 982
16 73 595
16 74 378
16 75 216
17 1 19
17 2 76
17 3 549
17 4 267
17 5 955
17 6 371
17 7 944
17 8 210
17 9 200
17 10 5
17 11 261
17 12 814
17 13 932
17 14 47
17 15 378
17 16 323
17 18 842
17 19 252
17 20 418
17 21 826
17 22 804
17 23 251
17 24 700
17 25 499
17 26 743
17 27 748
17 28 87
17 29 724
17 30 694
17 31 465
17 33 939
17 34 712
17 35 892
17 36 488
17 37 978
17 38 199
17 39 210
17 40 274
17 41 408
17 42 409
17 43 278
17 44 20
17 45 575
17 46 561
17 47 419
17 48 304
17 49 883
17 50 260
17 51 907
17 52 301
17 53 437
17 54 710
17 55 551
17 56 137
17 57 561
17 58 645
17 59 236
17 60 647
17 61 368
17 62 929
17 63 463
17 64 658
17 65 641
17 66 355
17 67 497
17 68 970
17 69 553
17 70 59
17 71 243
17 72 312
17 73 819
17 74 872
17 75 331
18 1 393
18 2 432
18 3 749
18 4 696
18 5 315
18 6 361
18 7 603
18 8 967
18 9 797
18 10 664
18 11 517
18 12 285
18 13 224
18 14 513
18 15 520
18 16 223
18 17 880
18 19 449
18 20 685
18 21 889
18 22 441
18 23 39
18 24 386
18 25 410
18 26 943
18 27 796
18 28 653
18 29 254
18 30 614
18 31 524
18 32 937
18 33 7
18 34 308
18 35 37
18 36 54
18 37 622
18 38 397
18 39 8
18 40 940
18 41 546
18 42 672
18 43 808
18 44 182
18 46 895
18 47 320
18 48 702
18 49 469
18 50 551
18 51 502
18 52 154
18 53 439
18 54 942
18 55 544
18 56 176
18 57 351
18 58 487
18 59 971
18 60 3
18 61 92
18 62 585
18 63 879
18 64 28
18 65 943
18 66 538
18 67 417
18 68 996
18 69 511
18 70 813
18 71 4
18 72 450
18 73 710
18 74 675
18 75 257
19 1 892
19 2 921
19 3 576
19 4 945
19 5 390
19 6 126
19 8 446
19 9 543
19 10 916
19 11 387
19 12 86
19 13 92
19 14 737
19 15 924
19 16 62
19 17 92
19 18 16
19 20 998
19 21 322
19 22 395
19 23 940
19 24 859
19 25 811
19 26 288
19 27 721
19 28 976
19 29 291
19 30 170
19 31 685
19 32 317
19 33 778
19 34 928
19 35 237
19 36 353
19 37 872
19 38 978
19 39 830
19 40 669
19 41 872
19 42 745
19 43 55
19 44 310
19 45 188
19 46 792
19 47 233
19 48 250
19 49 235
19 50 600
19 51 599
19 52 556
19 53 995
19 54 539
19 55 766
19 56 157
19 57 826
19 58 486
19 59 132
19 60 468
19 61 7
19 62 169
19 63 784
19 64 784
19 65 448
19 66 372
19 67 488
19 68 320
19 69 702
19 70 317
19 71 988
19 72 573
19 73 413
19 74 395
19 75 882
20 1 601
20 2 538
20 3 467
20 4 202
20 5 772
20 6 66
20 7 800
20 8 679
20 9 412
20 10 690
20 11 444
20 12 569
20 13 867
20 14 281
20 16 700
20 17 334
20 18 287
20 19 220
20 21 469
20 22 422
20 23 668
20 24 193
20 25 909
20 26 987
20 27 894
20 28 577
20 29 326
20 30 466
20 31 989
20 32 72
20 33 348
20 34 941
20 35 609
20 36 166
20 37 142
20 38 380
20 39 231
20 40 294
20 41 58
20 42 995
20 43 983
20 44 853
20 45 563
20 46 202
20 47 133
20 48 262
20 49 887
20 50 771
20 51 482
20 52 356
20 53 544
20 54 501
20 56 548
20 57 452
20 58 487
20 59 441
20 60 380
20 61 164
20 62 258
20 63 721
20 64 236
20 65 957
20 66 661
20 67 196
20 68 122
20 69 155
20 70 576
20 71 705
20 72 800
20 73 985
20 74 699
20 75 782
21 1 838
21 2 261
21 3 335
21 4 322
21 5 874
21 6 222
21 7 445
21 8 707
21 9 577
21 10 988
21 11 207
21 12 476
21 13 792
21 14 45
21 15 268
21 16 171
21 17 561
21 18 877
21 19 891
21 20 148
21 22 834
21 23 904
21 24 343
21 25 307
21 26 58
21 27 270
21 28 11
21 29 857
21 30 255
21 31 709
21 32 990
21 33 92
21 34 321
21 35 677
21 36 765
21 37 547
21 38 898
21 39 209
21 40 605
21 42 826
21 43 197
21 44 812
21 45 653
21 46 340
21 47 208
21 48 272
21 49 510
21 50 768
21 51 148
21 52 753
21 53 267
21 54 981
21 55 656
21 56 610
21 57 640
21 58 65
21 59 879
21 60 650
21 61 273
21 62 133
21 63 711
21 64 614
21 65 576
21 66 383
21 67 290
21 68 341
21 69 929
21 70 539
21 71 901
21 72 534
21 73 364
21 74 449
21 75 697
22 1 16
22 2 788
22 3 904
22 4 287
22 5 650
22 6 24
22 7 787
22 8 402
22 9 290
22 10 119
22 11 409
22 12 251
22 13 758
22 14 473
22 15 130
22 16 408
22 17 97
22 18 614
22 19 470
22 20 710
22 21 542
22 23 852
22 24 352
22 25 234
22 26 133
22 27 890
22 28 134
22 29 18
22 30 254
22 31 935
22 32 714
22 33 621
22 34 722
22 35 969
22 36 260
22 37 371
22 38 344
22 39 46
22 40 124
22 41 634
22 42 164
22 43 532
22 44 236
22 45 274
22 46 356
22 47 717
22 49 33
22 50 452
22 51 331
22 52 502
22 53 162
22 54 224
22 55 705
22 56 865
22 57 457
22 58 189
22 59 754
22 60 942
22 61 206
22 62 7
22 63 876
22 64 271
22 65 980
22 66 950
22 67 592
22 68 239
22 69 672
22 70 935
22 71 636
22 72 796
22 73 920
22 74 151
22 75 327
23 1 156
23 2 424
23 3 683
23 4 872
23 5 456
23 6 486
23 7 554
23 8 309
23 10 999
23 11 129
23 12 14
23 13 863
23 14 937
23 15 202
23 16 617
23 17 879
23 18 760
23 19 975
23 20 106
23 21 30
23 22 954
23 24 407
23 25 621
23 26 544
23 27 79
23 28 908
23 29 531
23 30 874
23 31 827
23 32 682
23 33 552
23 34 982
23 35 457
23 36 586
23 37 206
23 38 265
23 39 72
23 40 111
23 41 925
23 42 70
23 43 240
23 44 290
23 45 933
23 46 176
23 47 844
23 48 901
23 49 406
23 50 603
23 51 875
23 52 864
23 53 984
23 54 181
23 55 270
23 56 605
23 57 724
23 58 700
23 59 512
23 60 255
23 61 573
23 62 690
23 63 288
23 64 477
23 65 24
23 66 96
23 67 62
23 68 229
23 69 712
23 70 133
23 71 691
23 72 637
23 73 555
23 74 930
23 75 926
24 1 839
24 2 458
24 3 769
24 4 739
24 5 215
24 6 723
24 7 613
24 8 78
24 9 707
24 10 793
24 11 348
24 12 663
24 13 869
24 14 47
24 15 526
24 16 475
24 17 972
24 18 215
24 19 114
24 20 448
24 21 238
24 22 209
24 23 861
24 25 818
24 26 921
24 27 346
24 28 861
24 29 909
24 30 900
24 31 790
24 32 834
24 33 738
24 34 599
24 35 955
24 37 476
24 38 814
24 39 677
24 40 440
24 41 891
24 42 735
24 43 585
24 44 590
24 45 397
24 46 453
24 47 989
24 48 274
24 49 927
24 50 960
24 51 841
24 52 40
24 53 759
24 54 430
24 55 600
24 56 971
24 57 248
24 58 872
24 59 316
24 60 108
24 61 780
24 62 215
24 63 249
24 64 966
24 65 952
24 66 200
24 67 272
24 68 779
24 69 13
24 70 300
24 71 219
24 72 255
24 73 35
24 74 803
24 75 197
25 1 783
25 2 607
25 3 185
25 4 57
25 5 885
25 6 496
25 7 897
25 8 924
25 9 606
25 10 678
25 11 875
25 12 576
25 13 925
25 14 99
25 15 892
25 16 384
25 17 878
25 18 106
25 20 985
25 21 195
25 22 410
25 23 184
25 24 818
25 26 188
25 27 548
25 28 118
25 29 758
25 30 154
25 31 504
25 32 912
25 33 350
25 34 286
25 35 518
25 36 534
25 37 694
25 38 402
25 39 381
25 40 942
25 41 677
25 42 986
25 43 620
25 44 904
25 45 562
25 46 896
25 47 2
25 48 805
25 49 632
25 50 231
25 51 910
25 52 616
25 53 426
25 54 671
25 55 151
25 56 595
25 57 211
25 58 50
25 59 712
25 60 320
25 61 203
25 62 215
25 63 232
25 64 553
25 65 853
25 66 749
25 67 438
25 68 898
25 69 503
25 70 819
25 71 192
25 72 531
25 73 156
25 74 811
25 75 434
26 1 717
26 2 58
26 3 435
26 4 873
26 5 689
26 6 666
26 7 135
26 8 656
26 9 443
26 10 805
26 11 158
26 12 37
26 13 367
26 14 207
26 15 101
26 16 687
26 17 762
26 18 315
26 19 918
26 20 666
26 21 519
26 22 18
26 23 103
26 24 417
26 25 520
26 27 273
26 28 960
26 29 51
26 30 429
26 31 122
26 32 836
26 33 497
26 34 179
26 35 271
26 36 370
26 37 220
26 38 288
26 39 504
26 40 227
26 41 730
26 42 308
26 43 385
26 44 118
26 45 675
26 46 943
26 47 218
26 48 361
26 49 704
26 50 885
26 51 630
26 52 721
26 53 403
26 54 647
26 55 824
26 56 171
26 57 519
26 58 96
26 59 130
26 60 569
26 61 524
26 62 251
26 63 404
26 64 373
26 65 782
26 66 26
26 67 742
26 68 1
26 69 313
26 70 245
26 71 227
26 73 394
26 74 904
26 75 963
27 1 512
27 2 930
27 4 258
27 5 729
27 6 642
27 7 313
27 8 965
27 9 271
27 10 34
27 11 368
27 12 918
27 13 857
27 14 890
27 15 788
27 16 304
27 17 20
27 18 708
27 19 180
27 20 622
27 21 463
27 22 552
27 23 403
27 24 489
27 25 293
27 26 403
27 28 153
27 29 889
27 30 982
27 31 547
27 32 792
27 33 296
27 34 410
27 35 722
27 37 553
27 38 490
27 39 363
27 40 866
27 41 455
27 42 986
27 43 251
27 44 174
27 45 255
27 46 107
27 47 63
27 48 42
27 49 762
27 50 82
27 51 749
27 52 941
27 53 56
27 54 211
27 55 844
27 56 458
27 57 51
27 58 136
27 59 213
27 60 204
27 61 24
27 62 546
27 63 102
27 64 168
27 65 841
27 66 511
27 67 241
27 68 746
27 69 352
27 70 955
27 71 611
27 72 806
27 73 940
27 74 861
27 75 979
28 1 194
28 2 319
28 3 394
28 4 587
28 5 432
28 7 827
28 8 687
28 9 373
28 10 882
28 11 898
28 12 216
28 13 340
28 14 300
28 15 704
28 16 904
28 17 855
28 18 79
28 19 449
28 20 956
28 21 246
28 22 641
28 23 818
28 24 486
28 25 386
28 26 170
28 27 441
28 29 348
28 30 327
28 31 732
28 32 560
28 33 658
28 34 926
28 35 878
28 36 51
28 37 864
28 38 310
28 39 877
28 40 551
28 41 34
28 42 111
28 43 800
28 44 601
28 45 450
28 46 99
28 47 304
28 48 705
28 49 954
28 50 383
28 51 153
28 52 261
28 53 980
28 54 793
28 55 79
28 56 466
28 57 531
28 58 600
28 59 258
28 60 878
28 61 278
28 62 989
28 64 438
28 65 935
28 66 266
28 67 667
28 68 985
28 69 130
28 70 328
28 71 214
28 72 680
28 73 361
28 74 324
28 75 831
29 1 314
29 2 125
29 3 929
29 4 617
29 5 829
29 6 234
29 7 351
29 8 333
29 9 495
29 10 331
29 11 477
29 12 573
29 13 148
29 14 7
29 15 524
29 16 757
29 17 885
29 18 801
29 19 745
29 20 322
29 22 736
29 23 11
29 24 340
29 25 72
29 26 492
29 27 668
29 28 637
29 30 523
29 31 28
29 32 312
29 33 353
29 34 341
29 35 436
29 36 281
29 37 310
29 38 616
29 39 515
29 40 12
29 41 300
29 42 361
29 43 342
29 44 777
29 45 285
29 46 841
29 47 783
29 48 808
29 49 597
29 50 19
29 51 960
29 52 694
29 53 692
29 54 47
29 55 56
29 56 32
29 57 119
29 58 899
29 59 699
29 60 107
29 61 421
29 62 78
29 63 419
29 64 773
29 65 771
29 66 854
29 67 405
29 68 80
29 69 822
29 70 271
29 71 443
29 72 121
29 73 983
29 74 137
29 75 897
30 1 267
30 2 977
30 3 32
30 4 426
30 5 926
30 6 402
30 7 386
30 8 971
30 9 94
30 10 432
30 11 378
30 12 477
30 13 902
30 14 276
30 15 175
30 16 9
30 17 696
30 18 604
30 19 779
30 20 820
30 21 374
30 22 984
30 23 576
30 24 805
30 25 805
30 26 199
30 27 248
30 28 278
30 31 181
30 32 384
30 33 526
30 34 800
30 35 712
30 36 909
30 37 225
30 38 989
30 39 311
30 40 610
30 41 959
30 43 756
30 44 394
30 45 336
30 46 232
30 47 295
30 48 963
30 49 758
30 50 655
30 51 10
30 52 361
30 53 433
30 54 829
30 55 87
30 56 769
30 57 757
30 58 891
30 59 573
30 60 307
30 61 490
30 62 202
30 63 487
30 64 225
30 65 728
30 66 638
30 67 937
30 68 636
30 69 863
30 70 277
30 71 946
30 72 472
30 73 588
30 74 53
30 75 865
31 1 923
31 2 284
31 3 512
31 4 238
31 5 41
31 6 518
31 7 247
31 8 754
31 9 303
31 10 428
31 11 840
31 12 71
31 13 184
31 14 82
31 15 995
31 16 842
31 17 924
31 18 197
31 19 680
31 20 148
31 21 924
31 22 318
31 23 436
31 24 559
31 25 180
31 26 713
31 27 857
31 28 3
31 29 300
31 30 909
31 32 868
31 33 574
31 34 545
31 35 731
31 36 811
31 37 937
31 38 248
31 39 410
31 40 690
31 41 902
31 42 837
31 43 881
31 44 972
31 45 20
31 46 315
31 47 967
31 48 213
31 49 238
31 50 515
31 51 892
31 52 737
31 53 790
31 54 209
31 55 173
31 56 700
31 57 388
31 58 237
31 59 556
31 61 391
31 62 888
31 63 817
31 64 610
31 65 461
31 66 361
31 67 692
31 68 624
31 69 649
31 70 939
31 71 33
31 72 691
31 73 841
31 74 221
31 75 571
32 1 164
32 2 240
32 3 237
32 4 482
32 5 804
32 6 826
32 7 996
32 8 695
32 9 563
32 10 137
32 11 904
32 12 87
32 13 837
32 14 291
32 15 675
32 16 744
32 17 33
32 18 562
32 19 560
32 20 642
32 21 374
32 22 272
32 23 333
32 24 349
32 25 921
32 26 624
32 27 381
32 28 611
32 29 816
32 30 601
32 31 533
32 33 979
32 35 192
32 36 122
32 37 813
32 38 995
32 39 947
32 40 160
32 41 690
32 42 861
32 43 297
32 44 945
32 45 947
32 46 133
32 47 235
32 48 621
32 49 228
32 50 268
32 51 534
32 52 788
32 53 261
32 54 908
32 55 411
32 56 946
32 57 256
32 58 683
32 59 569
32 60 989
32 61 645
32 62 736
32 63 941
32 64 530
32 65 714
32 66 485
32 67 651
32 68 878
32 69 831
32 70 597
32 71 38
32 72 872
32 73 810
32 75 686
33 1 816
33 2 756
33 3 818
33 4 403
33 5 729
33 6 397
33 7 670
33 8 262
33 9 184
33 10 282
33 11 169
33 12 947
33 13 227
33 14 777
33 15 981
33 16 795
33 17 765
33 18 626
33 19 530
33 20 705
33 21 507
33 22 596
33 23 189
33 24 157
33 25 825
33 26 20
33 27 105
33 28 214
33 29 891
33 30 914
33 31 899
33 32 59
33 34 22
33 35 68
33 36 461
33 37 750
33 38 465
33 39 130
33 40 363
33 41 1000
33 42 763
33 43 532
33 44 946
33 45 990
33 46 308
33 47 927
33 48 136
33 49 424
33 50 904
33 51 18
33 52 128
33 53 410
33 54 965
33 55 669
33 56 918
33 57 141
33 58 688
33 59 22
33 60 355
33 61 930
33 62 288
33 63 253
33 64 988
33 66 309
33 67 321
33 68 448
33 69 58
33 70 785
33 71 929
33 72 420
33 73 136
33 74 44
33 75 303
34 1 82
34 2 33
34 3 962
34 4 360
34 5 520
34 6 385
34 7 615
34 8 889
34 9 865
34 10 24
34 11 205
34 12 533
34 13 941
34 14 346
34 15 572
34 16 314
34 17 700
34 18 501
34 19 601
34 20 952
34 21 841
34 23 909
34 24 624
34 25 640
34 26 318
34 27 760
34 28 921
34 29 90
34 30 896
34 31 964
34 32 744
34 33 329
34 35 348
34 36 58
34 37 40
34 38 219
34 39 442
34 40 654
34 41 108
34 42 306
34 43 29
34 44 312
34 45 190
34 46 321
34 47 657
34 48 761
34 49 634
34 50 356
34 51 614
34 52 587
34 53 660
34 54 454
34 55 847
34 56 283
34 57 445
34 58 517
34 59 395
34 60 365
34 61 606
34 62 290
34 63 328
34 64 701
34 65 618
34 66 27
34 67 758
34 68 657
34 69 246
34 70 552
34 71 662
34 72 353
34 73 209
34 74 690
34 75 16
35 1 399
35 2 10
35 3 673
35 5 159
35 6 995
35 7 380
35 8 772
35 9 581
35 10 391
35 11 577
35 12 428
35 13 26
35 14 22
35 15 296
35 16 420
35 17 738
35 18 253
35 19 709
35 20 418
35 21 953
35 22 678
35 23 444
35 24 63
35 25 334
35 26 689
35 27 614
35 28 347
35 29 393
35 30 822
35 31 36
35 32 761
35 33 220
35 34 397
35 36 785
35 37 731
35 38 391
35 39 516
35 40 502
35 41 324
35 42 907
35 43 431
35 44 103
35 45 932
35 46 452
35 47 398
35 48 351
35 49 189
35 50 650
35 51 59
35 52 958
35 53 954
35 54 736
35 55 402
35 56 16
35 57 421
35 58 442
35 59 629
35 60 119
35 61 187
35 62 803
35 63 154
35 64 947
35 65 374
35 66 902
35 67 731
35 68 104
35 69 292
35 70 598
35 71 958
35 72 967
35 73 504
35 74 388
35 75 421
36 1 435
36 2 191
36 3 818
36 4 137
36 5 731
36 6 819
36 7 195
36 8 689
36 9 773
36 10 282
36 11 90
36 12 788
36 13 54
36 14 883
36 15 769
36 16 172
36 17 421
36 18 923
36 19 677
36 20 367
36 21 296
36 22 578
36 23 449
36 24 400
36 25 222
36 26 47
36 27 709
36 28 540
36 29 902
36 30 96
36 31 961
36 32 337
36 33 286
36 34 130
36 35 473
36 37 368
36 38 949
36 39 20
36 40 56
36 41 721
36 42 653
36 43 497
36 45 860
36 46 59
36 47 380
36 48 980
36 49 582
36 50 800
36 51 902
36 52 611
36 53 519
36 54 550
36 55 540
36 56 319
36 57 949
36 58 113
36 59 717
36 60 9
36 61 653
36 62 619
36 63 104
36 64 613
36 65 955
36 66 741
36 67 742
36 68 779
36 69 108
36 70 42
36 71 150
36 72 164
36 73 114
36 74 155
36 75 12
37 1 974
37 2 213
37 3 743
37 4 305
37 5 146
37 6 895
37 7 559
37 8 756
37 9 413
37 10 108
37 11 296
37 12 83
37 13 408
37 14 408
37 15 800
37 16 416
37 17 412
37 18 418
37 19 519
37 20 376
37 21 724
37 22 611
37 23 470
37 24 502
37 25 70
37 26 511
37 27 4
37 28 585
37 29 625
37 30 158
37 31 597
37 32 950
37 33 722
37 34 339
37 35 606
37 36 867
37 38 585
37 39 164
37 40 975
37 41 349
37 42 271
37 43 622
37 44 432
37 45 678
37 46 381
37 47 231
37 48 445
37 49 793
37 50 1000
37 51 315
37 52 168
37 53 723
37 54 925
37 55 989
37 56 576
37 57 995
37 58 500
37 59 579
37 60 579
37 61 476
37 62 88
37 63 527
37 64 777
37 65 809
37 66 866
37 67 382
37 68 28
37 69 450
37 70 898
37 71 2
37 72 799
37 73 520
37 75 623
38 1 582
38 2 198
38 3 3
38 4 164
38 5 994
38 6 147
38 8 163
38 9 309
38 10 667
38 11 885
38 12 233
38 13 655
38 14 812
38 15 579
38 16 506
38 17 391
38 18 510
38 19 981
38 20 478
38 21 36
38 22 109
38 23 639
38 24 253
38 25 843
38 26 666
38 27 55
38 28 740
38 29 19
38 30 853
38 31 611
38 32 641
38 33 786
38 34 160
38 35 995
38 36 949
38 37 154
38 39 494
38 40 111
38 41 462
38 42 160
38 43 347
38 44 46
38 45 166
38 46 158
38 48 625
38 49 672
38 50 900
38 51 134
38 52 4
38 53 730
38 55 521
38 56 465
38 57 368
38 58 774
38 59 307
38 60 385
38 61 828
38 62 398
38 63 403
38 64 32
38 65 8
38 66 43
38 67 817
38 68 168
38 69 389
38 70 117
38 71 321
38 72 234
38 73 227
38 74 134
38 75 393
39 1 925
39 2 179
39 3 911
39 4 82
39 5 155
39 6 582
39 7 982
39 9 640
39 10 937
39 11 63
39 12 161
39 13 401
39 14 430
39 15 286
39 16 59
39 17 814
39 18 113
39 19 456
39 20 216
39 21 496
39 22 816
39 23 610
39 24 664
39 25 335
39 26 350
39 27 780
39 28 7
39 29 584
39 30 358
39 31 140
39 32 328
39 33 282
39 34 670
39 35 238
39 36 715
39 37 825
39 38 171
39 40 696
39 41 464
39 42 108
39 43 758
39 44 976
39 45 508
39 46 539
39 47 261
39 48 567
39 49 704
39 50 725
39 51 374
39 52 271
39 53 220
39 54 541
39 55 232
39 56 883
39 57 875
39 58 582
39 59 662
39 60 233
39 61 517
39 62 371
39 63 372
39 64 844
39 65 652
39 66 42
39 68 434
39 69 367
39 70 218
39 71 604
39 72 414
39 73 681
39 74 711
39 75 524
40 1 9
40 2 571
40 3 414
40 4 269
40 5 489
40 6 118
40 7 994
40 8 214
40 9 388
40 10 565
40 11 755
40 12 620
40 13 448
40 14 981
40 15 553
40 16 461
40 17 214
40 18 69
40 19 832
40 20 937
40 21 264
40 22 483
40 23 330
40 24 697
40 25 201
40 26 547
40 28 653
40 29 615
40 30 580
40 31 715
40 32 490
40 33 588
40 34 637
40 35 903
40 36 208
40 37 125
40 38 20
40 39 553
40 41 691
40 42 760
40 43 118
40 44 797
40 45 379
40 46 565
40 47 777
40 48 283
40 49 377
40 50 342
40 51 351
40 52 208
40 53 279
40 54 966
40 55 43
40 56 960
40 57 15
40 58 243
40 59 507
40 60 667
40 61 209
40 62 438
40 63 381
40 64 50
40 65 25
40 66 18
40 67 953
40 68 584
40 69 494
40 70 972
40 71 137
40 72 536
40 73 83
40 74 254
40 75 332
41 1 461
41 2 170
41 3 461
41 4 743
41 5 898
41 6 154
41 7 445
41 8 106
41 9 784
41 10 411
41 11 500
41 12 744
41 13 777
41 14 94
41 15 250
41 16 443
41 17 303
41 18 687
41 19 175
41 20 352
41 21 63
41 22 544
41 24 656
41 25 646
41 26 390
41 27 980
41 28 134
41 29 925
41 31 62
41 32 739
41 33 609
41 34 875
41 35 260
41 36 69
41 37 969
41 38 158
41 39 222
41 40 414
41 42 263
41 43 6
41 44 176
41 45 762
41 46 749
41 47 952
41 48 207
41 49 350
41 50 746
41 51 509
41 52 388
41 53 920
41 54 213
41 55 802
41 56 816
41 57 868
41 58 799
41 60 205
41 61 199
41 62 933
41 63 129
41 64 261
41 65 671
41 66 737
41 67 135
41 68 931
41 69 157
41 70 103
41 71 88
41 72 731
41 73 868
41 74 702
41 75 88
42 1 395
42 2 815
42 3 836
42 4 346
42 5 21
42 6 537
42 7 443
42 8 882
42 9 276
42 10 363
42 11 446
42 13 77
42 14 530
42 15 665
42 16 875
42 17 734
42 18 864
42 19 807
42 20 214
42 21 124
42 22 830
42 23 303
42 24 610
42 25 112
42 26 459
42 27 712
42 28 551
42 29 541
42 30 580
42 31 604
42 32 628
42 33 974
42 34 418
42 35 815
42 36 672
42 37 790
42 38 351
42 39 466
42 40 23
42 41 626
42 43 828
42 44 468
42 45 702
42 46 357
42 47 485
42 48 929
42 49 442
42 50 348
42 51 87
42 52 656
42 54 823
42 55 916
42 57 958
42 58 432
42 59 379
42 60 768
42 61 143
42 62 281
42 63 309
42 64 74
42 65 884
42 66 936
42 67 400
42 68 653
42 69 751
42 70 423
42 71 795
42 72 453
42 73 888
42 74 817
42 75 79
43 1 68
43 2 637
43 3 132
43 6 776
43 7 121
43 8 60
43 9 218
43 10 468
43 11 147
43 12 225
43 13 642
43 14 414
43 15 182
43 16 73
43 17 145
43 18 301
43 19 215
43 20 425
43 21 609
43 22 641
43 23 661
43 24 897
43 25 392
43 26 313
43 27 999
43 28 814
43 29 459
43 30 451
43 31 701
43 32 276
43 33 881
43 34 120
43 35 264
43 36 365
43 37 896
43 38 384
43 39 776
43 40 465
43 41 203
43 42 274
43 45 689
43 46 844
43 47 40
43 48 222
43 49 268
43 50 184
43 52 522
43 53 482
43 54 960
43 55 483
43 56 474
43 57 620
43 58 731
43 59 865
43 60 285
43 61 81
43 62 678
43 63 95
43 64 531
43 65 731
43 66 722
43 67 764
43 68 202
43 69 985
43 70 480
43 71 97
43 72 720
43 73 255
43 74 913
43 75 274
44 1 881
44 2 601
44 3 469
44 4 920
44 5 174
44 6 736
44 7 455
44 8 48
44 9 570
44 11 766
44 12 882
44 13 43
44 14 738
44 15 612
44 16 908
44 17 374
44 18 692
44 19 937
44 20 468
44 21 574
44 22 19
44 23 190
44 24 689
44 25 221
44 27 174
44 29 168
44 30 669
44 31 246
44 32 775
44 33 582
44 34 519
44 35 7
44 36 534
44 37 988
44 38 926
44 39 708
44 40 75
44 41 732
44 42 107
44 43 644
44 45 497
44 46 988
44 47 687
44 48 234
44 49 599
44 50 946
44 51 607
44 52 642
44 53 234
44 54 75
44 55 567
44 56 605
44 57 616
44 58 256
44 59 825
44 60 141
44 61 775
44 62 845
44 63 386
44 64 549
44 65 778
44 66 257
44 67 907
44 69 312
44 70 596
44 71 832
44 72 371
44 73 670
44 74 915
44 75 477
45 2 314
45 3 412
45 4 464
45 5 352
45 6 645
45 7 414
45 8 649
45 9 604
45 10 55
45 11 234
45 12 30
45 13 973
45 14 838
45 15 645
45 16 228
45 17 14
45 18 785
45 19 3
45 20 859
45 21 171
45 22 903
45 23 988
45 24 427
45 25 810
45 26 299
45 27 374
45 28 993
45 29 21
45 30 43
45 31 908
45 32 497
45 33 708
45 34 671
45 35 312
45 36 411
45 37 667
45 38 77
45 39 59
45 40 270
45 41 483
45 42 645
45 43 299
45 44 456
45 46 482
45 47 943
45 48 683
45 49 848
45 50 80
45 51 37
45 52 58
45 53 250
45 54 292
45 55 45
45 56 28
45 57 453
45 58 344
45 59 753
45 60 797
45 61 716
45 62 795
45 63 704
45 64 565
45 65 855
45 66 726
45 67 876
45 68 265
45 69 393
45 70 953
45 71 676
45 72 14
45 73 435
45 74 320
45 75 313
46 1 890
46 2 153
46 3 607
46 4 925
46 5 1000
46 6 38
46 7 313
46 8 57
46 9 639
46 10 604
46 11 102
46 12 666
46 13 408
46 14 797
46 15 770
46 16 205
46 17 512
46 18 565
46 19 260
46 20 428
46 21 771
46 22 986
46 23 304
46 24 387
46 25 730
46 26 608
46 27 62
46 28 743
46 29 394
46 30 733
46 31 407
46 32 636
46 33 886
46 34 366
46 35 560
46 36 237
46 37 403
46 38 224
46 39 646
46 40 42
46 41 180
46 42 99
46 43 59
46 45 587
46 47 895
46 48 829
46 49 143
46 50 758
46 51 745
46 52 755
46 53 186
46 54 515
46 55 740
46 56 841
46 57 901
46 58 821
46 59 800
46 60 315
46 61 563
46 62 193
46 63 399
46 64 322
46 65 828
46 66 636
46 67 687
46 68 739
46 69 873
46 70 89
46 71 315
46 72 518
46 73 130
46 74 494
46 75 616
47 1 189
47 2 432
47 3 862
47 4 369
47 5 575
47 6 971
47 7 113
47 8 329
47 9 508
47 10 979
47 11 420
47 12 348
47 13 231
47 14 240
47 15 147
47 16 545
47 17 154
47 18 692
47 19 296
47 20 475
47 21 519
47 22 931
47 23 513
47 24 610
47 25 803
47 26 602
47 28 924
47 29 672
47 30 83
47 31 769
47 32 639
47 33 271
47 34 200
47 35 852
47 36 991
47 37 774
47 38 823
47 39 103
47 40 454
47 42 330
47 43 433
47 44 225
47 45 30
47 46 664
47 48 816
47 49 528
47 50 560
47 51 970
47 52 219
47 53 855
47 54 796
47 55 90
47 56 786
47 57 309
47 58 51
47 59 940
47 60 262
47 61 974
47 62 964
47 63 344
47 64 742
47 65 602
47 66 967
47 67 293
47 68 806
47 69 957
47 70 419
47 71 628
47 72 412
47 73 872
47 74 309
47 75 844
48 1 97
48 2 690
48 3 859
48 4 264
48 5 218
48 6 771
48 7 585
48 8 788
48 9 625
48 10 381
48 11 877
48 12 762
48 13 41
48 14 279
48 15 54
48 16 654
48 17 604
48 18 369
48 19 997
48 20 697
48 21 322
48 22 963
48 23 990
48 24 127
48 25 272
48 26 408
48 27 754
48 29 683
48 30 631
48 31 415
48 32 878
48 33 79
48 34 104
48 35 89
48 36 343
48 37 321
48 38 859
48 39 927
48 40 461
48 41 835
48 42 659
48 43 337
48 44 949
48 45 51
48 46 968
48 47 2
48 49 704
48 50 571
48 51 370
48 52 701
48 53 268
48 54 691
48 55 15
48 56 257
48 57 818
48 58 286
48 59 664
48 60 923
48 61 320
48 62 294
48 63 689
48 64 550
48 65 725
48 66 793
48 67 638
48 68 67
48 69 465
48 70 496
48 71 993
48 72 925
48 73 330
48 74 4
48 75 614
49 1 278
49 2 54
49 3 581
49 4 631
49 5 758
49 6 151
49 7 352
49 8 810
49 9 418
49 10 43
49 11 824
49 12 26
49 13 212
49 14 462
49 15 689
49 16 486
49 17 781
49 18 335
49 19 175
49 20 330
49 21 59
49 22 967
49 23 967
49 24 477
49 25 431
49 26 814
49 27 821
49 28 708
49 29 496
49 30 824
49 31 321
49 32 125
49 33 230
49 34 901
49 35 756
49 36 987
49 37 51
49 38 107
49 39 148
49 40 821
49 41 501
49 42 323
49 43 846
49 44 64
49 45 784
49 47 887
49 48 550
49 50 917
49 51 221
49 52 76
49 53 246
49 54 631
49 55 42
49 56 565
49 57 459
49 58 824
49 59 378
49 60 279
49 61 531
49 62 225
49 63 103
49 64 203
49 65 350
49 66 332
49 67 103
49 68 105
49 69 670
49 70 506
49 71 563
49 72 169
49 73 326
49 74 416
49 75 491
50 1 171
50 2 479
50 3 275
50 4 57
50 5 380
50 6 191
50 7 629
50 8 455
50 9 788
50 10 611
50 11 848
50 12 704
50 13 69
50 14 24
50 15 434
50 16 348
50 17 906
50 18 658
50 19 802
50 20 109
50 21 7
50 22 485
50 23 211
50 24 463
50 25 506
50 26 716
50 27 378
50 28 674
50 29 41
50 30 793
50 32 164
50 33 564
50 34 271
50 35 790
50 36 620
50 37 651
50 38 332
50 39 601
50 40 105
50 41 472
50 42 211
50 43 305
50 44 175
50 45 280
50 46 328
50 47 608
50 48 979
50 49 233
50 51 266
50 52 780
50 53 341
50 54 624
50 55 616
50 56 552
50 57 87
50 58 121
50 59 619
50 60 464
50 61 794
50 62 12
50 63 256
50 64 309
50 66 575
50 67 878
50 68 451
50 69 546
50 70 528
50 71 134
50 72 146
50 73 985
50 74 605
50 75 709
51 1 289
51 2 780
51 3 340
51 4 616
51 5 387
51 6 318
51 7 200
51 9 4
51 10 449
51 11 541
51 12 628
51 13 64
51 14 444
51 15 66
51 16 536
51 17 62
51 18 529
51 19 329
51 20 73
51 21 136
51 22 989
51 23 647
51 24 13
51 25 791
51 26 545
51 27 893
51 28 925
51 29 690
51 30 229
51 31 529
51 32 750
51 33 869
51 34 660
51 35 89
51 36 484
51 37 399
51 38 758
51 39 683
51 40 402
51 41 206
51 42 575
51 43 381
51 44 621
51 45 18
51 46 446
51 47 156
51 48 80
51 49 326
51 50 836
51 52 152
51 53 461
51 54 825
51 55 151
51 56 826
51 57 967
51 58 695
51 59 70
51 60 891
51 61 736
51 62 650
51 63 772
51 64 486
51 65 518
51 66 431
51 67 574
51 68 353
51 69 829
51 70 332
51 71 387
51 72 231
51 73 889
51 74 962
51 75 611
52 1 510
52 2 979
52 3 409
52 4 17
52 5 410
52 6 734
52 7 853
52 8 562
52 9 547
52 10 29
52 11 64
52 12 724
52 13 995
52 14 110
52 15 145
52 16 886
52 17 197
52 18 794
52 19 9
52 20 682
52 21 311
52 22 439
52 23 608
52 24 663
52 25 268
52 26 291
52 27 49
52 28 850
52 29 179
52 30 10
52 31 812
52 32 40
52 33 341
52 34 220
52 35 409
52 36 750
52 37 306
52 38 261
52 39 663
52 40 852
52 41 289
52 42 726
52 43 927
52 44 635
52 45 187
52 47 71
52 48 872
52 49 384
52 50 864
52 51 880
52 53 417
52 54 174
52 55 319
52 56 24
52 57 836
52 58 938
52 59 666
52 60 236
52 61 139
52 62 197
52 63 246
52 64 950
52 65 588
52 66 586
52 67 522
52 68 996
52 69 687
52 70 179
52 71 256
52 72 350
52 73 30
52 74 896
52 75 75
53 1 308
53 2 883
53 3 614
53 4 378
53 5 754
53 6 997
53 7 241
53 8 634
53 9 765
53 10 766
53 11 304
53 12 789
53 13 953
53 14 241
53 15 806
53 17 188
53 18 379
53 19 2
53 20 785
53 21 680
53 22 590
53 23 722
53 24 201
53 25 585
53 26 409
53 27 731
53 28 193
53 29 758
53 30 760
53 31 440
53 32 184
53 33 67
53 34 322
53 35 149
53 36 796
53 37 76
53 38 145
53 39 36
53 40 61
53 41 262
53 42 153
53 43 364
53 44 50
53 45 105
53 46 604
53 47 207
53 48 645
53 49 334
53 50 209
53 51 429
53 52 13
53 54 150
53 55 503
53 56 566
53 57 86
53 58 263
53 59 296
53 60 278
53 61 372
53 62 408
53 63 70
53 64 555
53 65 826
53 66 391
53 67 704
53 68 622
53 69 818
53 70 200
53 71 9
53 72 878
53 73 461
53 74 514
53 75 241
54 1 862
54 2 618
54 3 196
54 4 69
54 5 614
54 6 529
54 7 629
54 8 395
54 9 542
54 10 778
54 11 897
54 12 459
54 13 863
54 14 159
54 15 106
54 16 493
54 17 530
54 18 513
54 19 562
54 20 436
54 21 339
54 22 304
54 23 491
54 24 312
54 25 122
54 26 43
54 27 672
54 28 351
54 29 855
54 30 185
54 31 592
54 32 717
54 33 803
54 34 787
54 35 137
54 36 768
54 37 668
54 38 117
54 39 162
54 40 561
54 41 894
54 42 58
54 44 19
54 45 108
54 46 568
54 47 124
54 48 600
54 49 449
54 50 989
54 51 513
54 52 885
54 53 679
54 55 817
54 56 727
54 57 990
54 58 290
54 59 769
54 60 661
54 61 640
54 62 624
54 63 198
54 64 231
54 65 692
54 66 352
54 67 370
54 68 180
54 69 119
54 70 389
54 71 296
54 72 281
54 73 949
54 74 541
54 75 338
55 1 319
55 2 648
55 3 258
55 4 794
55 5 600
55 6 706
55 7 782
55 8 112
55 9 942
55 10 460
55 11 280
55 12 669
55 13 801
55 14 569
55 15 789
55 16 462
55 17 561
55 18 764
55 19 659
55 20 143
55 21 455
55 22 10
55 23 864
55 24 634
55 25 128
55 26 252
55 27 281
55 28 760
55 29 200
55 30 821
55 31 98
55 32 870
55 33 469
55 34 707
55 35 664
55 36 420
55 37 412
55 38 445
55 39 883
55 40 706
55 41 905
55 42 163
55 44 374
55 45 705
55 46 83
55 47 514
55 48 518
55 49 995
55 50 278
55 51 528
55 52 138
55 53 84
55 54 889
55 56 1
55 57 70
55 58 369
55 59 253
55 60 350
55 61 128
55 62 804
55 63 171
55 64 577
55 65 674
55 66 991
55 67 283
55 68 337
55 69 410
55 70 47
55 71 133
55 72 644
55 73 752
55 74 37
55 75 158
56 1 477
56 2 94
56 3 241
56 4 990
56 5 963
56 6 587
56 7 267
56 8 843
56 9 724
56 10 703
56 11 731
56 12 725
56 13 772
56 14 451
56 15 329
56 16 121
56 17 931
56 18 484
56 19 291
56 21 507
56 22 157
56 23 633
56 24 142
56 25 845
56 26 394
56 27 188
56 28 978
56 29 38
56 30 939
56 31 366
56 32 195
56 33 415
56 34 811
56 35 787
56 36 756
56 37 126
56 38 374
56 39 375
56 40 968
56 41 449
56 42 77
56 43 50
56 44 525
56 45 848
56 46 501
56 47 853
56 48 968
56 50 431
56 51 337
56 52 611
56 53 289
56 54 845
56 55 595
56 57 430
56 58 42
56 59 989
56 60 969
56 61 371
56 62 378
56 63 259
56 64 736
56 65 572
56 66 673
56 67 899
56 68 711
56 69 781
56 70 24
56 71 436
56 72 155
56 73 991
56 74 884
56 75 231
57 1 392
57 2 409
57 3 78
57 4 892
57 5 613
57 6 397
57 7 674
57 8 301
57 9 7
57 10 315
57 11 498
57 12 954
57 13 96
57 14 539
57 15 942
57 16 65
57 17 261
57 18 319
57 19 323
57 20 996
57 21 242
57 22 348
57 23 246
57 24 304
57 25 128
57 26 621
57 27 739
57 28 634
57 29 963
57 30 975
57 31 864
57 32 355
57 33 383
57 34 293
57 35 246
57 36 347
57 37 689
57 38 272
57 39 648
57 40 48
57 41 586
57 42 497
57 43 1
57 45 33
57 46 387
57 47 294
57 48 449
57 49 647
57 50 964
57 51 772
57 52 994
57 53 205
57 54 471
57 55 240
57 56 861
57 58 950
57 59 860
57 60 599
57 61 583
57 62 823
57 63 573
57 64 798
57 65 529
57 66 307
57 67 90
57 68 126
57 69 6
57 71 130
57 72 397
57 73 5
57 74 529
57 75 334
58 1 501
58 2 529
58 3 367
58 4 887
58 5 174
58 6 815
58 7 533
58 8 137
58 9 938
58 10 878
58 11 694
58 12 760
58 13 117
58 14 554
58 15 61
58 16 329
58 17 152
58 18 643
58 19 503
58 20 77
58 21 440
58 22 31
58 23 735
58 24 881
58 25 156
58 26 740
58 27 11
58 28 905
58 29 96
58 30 539
58 31 238
58 32 596
58 33 420
58 34 956
58 35 834
58 36 945
58 37 123
58 38 718
58 39 82
58 40 412
58 41 596
58 42 127
58 43 172
58 44 64
58 45 680
58 46 232
58 47 392
58 48 183
58 49 227
58 50 246
58 51 611
58 52 18
58 53 276
58 54 346
58 55 251
58 56 784
58 59 437
58 60 261
58 61 688
58 62 533
58 63 151
58 64 277
58 65 480
58 66 922
58 67 233
58 68 666
58 69 219
58 70 707
58 71 383
58 72 300
58 74 118
58 75 978
59 1 778
59 2 641
59 3 42
59 4 457
59 5 225
59 6 785
59 7 991
59 8 803
59 9 31
59 10 602
59 12 820
59 13 658
59 14 299
59 15 70
59 16 441
59 17 87
59 18 682
59 19 128
59 20 971
59 21 185
59 22 757
59 23 451
59 24 458
59 25 341
59 26 116
59 27 676
59 28 47
59 29 850
59 30 327
59 31 516
59 32 180
59 33 104
59 34 509
59 35 221
59 36 912
59 37 733
59 38 357
59 39 903
59 40 887
59 41 387
59 42 856
59 43 58
59 44 397
59 45 154
59 46 128
59 47 837
59 48 240
59 49 161
59 50 317
59 51 211
59 52 697
59 53 73
59 54 13
59 55 507
59 56 413
59 57 480
59 58 182
59 60 811
59 61 329
59 62 861
59 63 678
59 64 508
59 65 316
59 66 186
59 67 80
59 68 228
59 69 270
59 70 789
59 71 482
59 72 156
59 73 175
59 74 337
60 1 214
60 2 571
60 3 490
60 4 693
60 5 760
60 6 81
60 7 205
60 8 76
60 9 643
60 10 902
60 11 500
60 12 655
60 13 760
60 14 264
60 15 486
60 16 941
60 17 426
60 19 815
60 20 153
60 21 103
60 22 674
60 23 469
60 24 289
60 25 106
60 26 696
60 27 558
60 28 894
60 29 177
60 30 66
60 31 420
60 32 513
60 33 279
60 34 343
60 36 354
60 37 323
60 39 102
60 40 786
60 41 527
60 42 529
60 43 429
60 44 780
60 45 380
60 46 83
60 47 539
60 48 995
60 49 921
60 50 832
60 51 420
60 52 735
60 53 984
60 54 522
60 55 760
60 56 452
60 57 162
60 58 865
60 59 499
60 62 72
60 63 110
60 64 27
60 65 137
60 66 530
60 67 891
60 68 767
60 69 872
60 70 244
60 71 441
60 72 325
60 73 30
60 74 319
60 75 205
61 1 810
61 2 451
61 3 584
61 4 244
61 5 989
61 6 578
61 7 164
61 8 172
61 9 349
61 10 898
61 11 508
61 12 870
61 13 10
61 14 311
61 15 384
61 16 226
61 17 810
61 18 455
61 19 336
61 20 188
61 21 943
61 22 865
61 23 79
61 24 61
61 25 736
61 26 322
61 27 501
61 28 412
61 29 703
61 30 819
61 31 616
61 33 512
61 34 269
61 35 551
61 36 108
61 38 610
61 39 128
61 40 271
61 41 133
61 42 476
61 43 521
61 44 640
61 45 697
61 46 530
61 47 951
61 48 80
61 49 755
61 50 112
61 51 886
61 52 90
61 53 299
61 54 828
61 55 954
61 56 377
61 57 240
61 58 41
61 59 51
61 60 740
61 62 804
61 63 105
61 64 911
61 65 419
61 66 969
61 67 179
61 68 969
61 69 76
61 70 140
61 71 448
61 72 346
61 73 273
61 74 275
61 75 866
62 1 912
62 2 324
62 3 747
62 4 214
62 5 403
62 6 502
62 7 677
62 8 641
62 9 943
62 10 976
62 11 820
62 12 249
62 13 704
62 14 60
62 15 641
62 16 106
62 17 799
62 18 445
62 19 211
62 20 709
62 21 215
62 22 531
62 23 240
62 24 536
62 25 958
62 26 379
62 27 983
62 28 303
62 29 3
62 31 610
62 32 521
62 33 267
62 34 933
62 35 619
62 36 480
62 37 335
62 38 472
62 39 157
62 40 327
62 41 415
62 42 484
62 43 147
62 44 15
62 45 187
62 46 206
62 47 655
62 48 645
62 49 356
62 50 451
62 51 207
62 52 65
62 53 666
62 54 737
62 55 656
62 56 201
62 57 694
62 58 386
62 59 535
62 60 348
62 61 389
62 63 144
62 64 220
62 65 655
62 66 76
62 67 839
62 68 134
62 69 763
62 70 310
62 71 642
62 72 89
62 73 76
62 74 477
62 75 235
63 1 90
63 2 16
63 3 792
63 4 745
63 5 660
63 6 148
63 7 195
63 8 866
63 9 564
63 10 212
63 11 954
63 12 219
63 13 412
63 14 647
63 15 604
63 16 947
63 17 346
63 18 992
63 19 90
63 20 566
63 21 998
63 22 166
63 23 756
63 25 484
63 26 928
63 27 65
63 28 477
63 29 16
63 30 493
63 31 954
63 32 603
63 33 582
63 34 969
63 35 394
63 36 678
63 37 628
63 38 541
63 39 225
63 40 845
63 41 104
63 43 436
63 44 798
63 45 674
63 46 848
63 47 796
63 48 278
63 49 146
63 50 493
63 51 621
63 52 235
63 53 58
63 54 971
63 55 752
63 56 813
63 57 454
63 58 31
63 59 230
63 60 930
63 61 399
63 62 722
63 64 883
63 65 1
63 66 655
63 67 203
63 68 746
63 69 333
63 70 182
63 71 639
63 72 557
63 73 26
63 74 742
63 75 992
64 1 175
64 2 768
64 3 191
64 4 970
64 5 45
64 6 688
64 7 815
64 8 17
64 9 275
64 10 872
64 11 339
64 12 26
64 13 37
64 14 792
64 15 409
64 16 618
64 17 74
64 18 807
64 20 691
64 21 308
64 22 159
64 23 345
64 24 511
64 25 904
64 26 677
64 27 692
64 28 542
64 29 585
64 30 70
64 31 636
64 32 929
64 33 244
64 34 403
64 35 471
64 36 566
64 37 799
64 38 159
64 39 380
64 40 167
64 41 433
64 42 603
64 43 506
64 44 810
64 45 639
64 46 649
64 47 218
64 48 608
64 49 722
64 50 376
64 51 298
64 52 382
64 53 886
64 54 995
64 55 892
64 56 790
64 57 23
64 58 583
64 59 683
64 60 608
64 61 4
64 62 670
64 63 888
64 65 248
64 66 72
64 67 710
64 68 813
64 69 222
64 70 868
64 71 192
64 72 389
64 73 652
64 74 146
64 75 246
65 1 814
65 2 137
65 3 246
65 4 383
65 5 744
65 6 968
65 7 759
65 8 394
65 9 349
65 10 644
65 11 388
65 12 592
65 13 785
65 15 762
65 17 526
65 18 820
65 19 721
65 20 530
65 21 489
65 22 608
65 23 777
65 24 913
65 25 318
65 26 941
65 27 134
65 28 537
65 29 484
65 30 874
65 31 189
65 32 629
65 33 471
65 34 354
65 35 765
65 36 717
65 37 736
65 39 861
65 40 36
65 41 846
65 43 254
65 45 736
65 46 842
65 47 993
65 48 327
65 49 978
65 50 754
65 51 204
65 52 797
65 53 475
65 54 733
65 55 638
65 56 82
65 57 861
65 58 550
65 60 751
65 61 153
65 62 35
65 63 640
65 64 636
65 66 261
65 67 180
65 68 617
65 69 731
65 70 533
65 71 381
65 72 799
65 73 268
65 74 241
65 75 186
66 1 466
66 2 846
66 3 921
66 4 307
66 5 838
66 6 599
66 7 284
66 8 592
66 9 155
66 10 81
66 11 418
66 12 887
66 13 718
66 14 851
66 15 100
66 16 619
66 17 602
66 18 252
66 19 5
66 20 593
66 21 240
66 22 265
66 23 772
66 24 856
66 25 348
66 26 304
66 27 588
66 28 146
66 29 923
66 30 181
66 31 332
66 32 388
66 33 26
66 34 604
66 35 694
66 36 216
66 37 555
66 38 978
66 39 807
66 40 709
66 41 410
66 42 576
66 43 947
66 44 479
66 45 426
66 46 46
66 47 449
66 48 379
66 49 650
66 50 453
66 51 971
66 52 241
66 53 718
66 55 742
66 56 448
66 57 65
66 58 397
66 59 35
66 60 562
66 61 320
66 62 215
66 63 245
66 64 707
66 65 593
66 67 201
66 68 753
66 69 808
66 70 755
66 71 82
66 72 966
66 73 463
66 74 491
66 75 541
67 1 409
67 2 321
67 3 966
67 4 455
67 5 769
67 6 697
67 7 456
67 8 221
67 9 667
67 10 48
67 11 290
67 12 761
67 13 495
67 14 706
67 15 157
67 16 529
67 17 268
67 18 476
67 19 96
67 21 864
67 22 535
67 23 688
67 24 64
67 25 287
67 26 495
67 27 818
67 28 368
67 29 812
67 30 280
67 31 210
67 32 352
67 33 41
67 34 530
67 35 669
67 36 847
67 37 650
67 38 365
67 39 302
67 40 222
67 41 384
67 42 349
67 43 864
67 44 144
67 45 843
67 46 569
67 47 652
67 48 723
67 49 188
67 50 128
67 51 818
67 52 52
67 53 662
67 54 857
67 55 467
67 56 300
67 57 703
67 58 637
67 59 667
67 61 514
67 62 916
67 63 228
67 64 217
67 65 308
67 66 109
67 68 238
67 69 154
67 70 758
67 71 954
67 72 455
67 73 331
67 74 337
67 75 155
68 1 194
68 2 832
68 3 349
68 4 763
68 5 484
68 6 424
68 8 950
68 9 963
68 10 593
68 11 353
68 12 976
68 13 450
68 14 172
68 15 275
68 16 504
68 17 808
68 18 293
68 19 370
68 20 75
68 21 520
68 22 586
68 23 383
68 24 628
68 25 823
68 26 536
68 27 737
68 28 129
68 29 343
68 30 67
68 31 465
68 32 497
68 33 261
68 34 649
68 35 198
68 36 375
68 37 484
68 38 621
68 39 676
68 40 798
68 41 565
68 42 381
68 43 773
68 44 366
68 45 552
68 46 399
68 47 870
68 48 359
68 49 43
68 50 239
68 51 433
68 52 914
68 53 176
68 54 167
68 55 893
68 56 351
68 57 703
68 58 629
68 59 479
68 60 45
68 61 47
68 62 295
68 63 893
68 64 307
68 65 295
68 66 442
68 67 33
68 69 778
68 70 62
68 71 709
68 72 927
68 73 979
68 74 441
68 75 51
69 1 344
69 2 992
69 3 801
69 4 213
69 5 702
69 6 843
69 7 803
69 8 486
69 9 756
69 10 331
69 11 653
69 12 1000
69 13 681
69 14 707
69 15 628
69 16 511
69 17 751
69 18 675
69 19 157
69 20 643
69 21 333
69 22 452
69 23 85
69 24 718
69 25 581
69 26 498
69 27 778
69 28 860
69 29 476
69 30 218
69 31 910
69 32 172
69 33 561
69 34 711
69 35 736
69 36 262
69 37 553
69 38 539
69 39 99
69 40 661
69 41 221
69 42 103
69 43 660
69 44 901
69 45 809
69 46 640
69 47 763
69 48 559
69 49 666
69 50 271
69 51 554
69 52 998
69 53 722
69 54 990
69 55 715
69 56 655
69 57 839
69 58 492
69 59 514
69 60 667
69 61 61
69 62 423
69 63 838
69 64 621
69 65 485
69 66 573
69 67 234
69 68 390
69 70 463
69 71 333
69 72 50
69 73 683
69 75 435
70 1 61
70 2 935
70 3 244
70 4 52
70 5 697
70 6 154
70 7 717
70 8 968
70 9 707
70 10 715
70 11 41
70 12 48
70 14 781
70 15 47
70 16 887
70 17 625
70 18 912
70 19 553
70 20 685
70 21 335
70 22 390
70 23 306
70 24 171
70 25 314
70 26 891
70 27 560
70 28 777
70 29 223
70 30 961
70 31 459
70 32 658
70 33 22
70 34 394
70 35 253
70 36 425
70 37 442
70 38 406
70 39 142
70 40 761
70 41 465
70 42 208
70 43 802
70 44 512
70 45 988
70 46 200
70 47 398
70 48 964
70 49 112
70 50 302
70 51 1
70 52 798
70 53 43
70 54 658
70 55 968
70 56 357
70 57 548
70 58 528
70 59 133
70 60 771
70 61 488
70 62 591
70 63 780
70 64 861
70 65 336
70 66 384
70 67 286
70 68 778
70 69 141
70 72 779
70 73 538
70 74 605
70 75 986
71 1 691
71 2 117
71 3 325
71 4 891
71 5 866
71 6 289
71 7 2
71 8 168
71 9 641
71 10 151
71 11 210
71 12 298
71 13 118
71 14 566
71 15 845
71 16 997
71 17 50
71 18 967
71 19 837
71 20 993
71 21 98
71 22 49
71 23 328
71 24 481
71 25 334
71 26 457
71 27 622
71 28 464
71 29 995
71 30 226
71 31 449
71 32 685
71 33 694
71 34 774
71 35 927
71 36 560
71 37 414
71 38 280
71 39 79
71 40 54
71 41 430
71 42 640
71 44 351
71 45 900
71 46 558
71 47 547
71 48 896
71 49 607
71 50 514
71 51 732
71 52 599
71 53 611
71 54 781
71 55 279
71 56 92
71 57 466
71 58 735
71 59 65
71 60 930
71 61 81
71 62 642
71 63 730
71 64 118
71 65 336
71 66 855
71 67 44
71 68 247
71 69 268
71 70 324
71 72 677
71 73 673
71 74 753
71 75 316
72 1 23
72 2 652
72 3 873
72 4 922
72 5 900
72 6 832
72 7 435
72 8 983
72 11 782
72 12 397
72 13 763
72 14 60
72 15 840
72 16 581
72 17 147
72 18 904
72 19 862
72 20 227
72 21 546
72 22 943
72 23 696
72 24 233
72 25 798
72 26 740
72 27 831
72 28 65
72 29 415
72 30 507
72 31 90
72 32 167
72 33 174
72 34 464
72 35 171
72 36 47
72 37 385
72 38 422
72 39 230
72 40 171
72 41 404
72 42 11
72 43 568
72 44 519
72 45 423
72 46 407
72 47 99
72 48 569
72 49 663
72 51 312
72 52 147
72 53 560
72 54 254
72 55 195
72 56 144
72 57 403
72 58 934
72 59 974
72 60 820
72 61 348
72 62 480
72 63 909
72 64 866
72 65 653
72 66 372
72 67 388
72 68 51
72 69 757
72 70 809
72 71 280
72 73 927
72 74 213
72 75 291
73 2 846
73 3 731
73 4 65
73 5 605
73 6 181
73 7 985
73 8 619
73 9 492
73 10 483
73 11 178
73 12 97
73 13 677
73 14 321
73 15 500
73 16 610
73 17 294
73 18 319
73 19 309
73 20 125
73 21 579
73 22 175
73 23 129
73 24 950
73 25 562
73 26 180
73 27 58
73 28 371
73 29 811
73 30 337
73 31 935
73 32 453
73 33 182
73 34 665
73 35 517
73 36 786
73 37 845
73 38 501
73 39 404
73 40 688
73 41 336
73 42 933
73 43 136
73 44 12
73 45 605
73 46 987
73 47 974
73 48 898
73 49 657
73 51 282
73 52 374
73 53 235
73 54 808
73 55 503
73 56 537
73 57 370
73 58 34
73 59 594
73 60 92
73 61 196
73 62 930
73 63 378
73 64 649
73 65 112
73 66 42
73 67 517
73 68 249
73 69 238
73 70 370
73 71 5
73 72 277
73 74 705
73 75 937
74 1 764
74 2 716
74 3 894
74 4 751
74 5 689
74 6 791
74 7 759
74 8 323
74 9 517
74 10 346
74 11 130
74 12 371
74 13 882
74 14 851
74 15 756
74 16 827
74 17 942
74 19 951
74 20 757
74 21 319
74 22 599
74 23 220
74 24 712
74 25 468
74 26 820
74 27 301
74 28 837
74 29 176
74 30 577
74 31 541
74 32 465
74 33 693
74 34 256
74 35 358
74 36 443
74 37 297
74 38 500
74 39 553
74 40 619
74 41 16
74 43 250
74 44 748
74 45 386
74 46 131
74 47 599
74 48 493
74 49 310
74 50 892
74 51 444
74 52 418
74 53 563
74 54 394
74 55 637
74 56 626
74 57 861
74 58 808
74 59 927
74 60 697
74 61 984
74 62 855
74 63 237
74 65 448
74 66 547
74 67 845
74 68 805
74 69 341
74 70 493
74 71 304
74 72 894
74 73 111
74 75 672
75 1 495
75 2 210
75 3 409
75 4 626
75 5 160
75 6 902
75 7 287
75 8 404
75 9 345
75 10 704
75 11 966
75 12 90
75 13 692
75 14 943
75 15 951
75 16 499
75 17 869
75 18 647
75 19 482
75 20 76
75 21 236
75 22 281
75 23 622
75 24 432
75 25 437
75 26 963
75 27 924
75 28 93
75 29 208
75 30 386
75 31 764
75 32 702
75 33 947
75 34 524
75 35 679
75 36 107
75 37 425
75 38 965
75 39 510
75 40 121
75 41 20
75 42 827
75 43 211
75 44 711
75 45 769
75 46 161
75 47 210
75 48 990
75 49 159
75 50 43
75 51 65
75 52 746
75 53 676
75 54 686
75 55 177
75 57 112
75 58 1000
75 59 452
75 60 556
75 61 559
75 62 189
75 63 319
75 64 613
75 65 136
75 66 843
75 67 643
75 68 242
75 69 619
75 70 960
75 71 103
75 72 740
75 73 979
75 74 929

END

R
1 2 5
1 3 3
1 4 1
1 5 3
1 6 2
1 7 3
1 8 2
1 9 1
1 10 1
1 11 5
1 12 1
1 13 2
1 14 2
1 15 5
1 16 3
1 17 3
1 18 4
1 19 4
1 20 2
1 21 1
1 22 3
1 23 4
1 24 1
1 25 3
1 26 4
1 27 2
1 28 4
1 29 3
1 30 2
1 31 1
1 32 5
1 33 1
1 34 3
1 35 3
1 36 3
1 37 1
1 38 5
1 39 4
1 40 2
1 41 3
1 42 4
1 43 2
1 44 4
1 45 2
1 46 1
1 47 3
1 48 1
1 49 1
1 50 1
1 51 2
1 52 2
1 53 3
1 54 2
1 55 4
1 56 1
1 57 1
1 58 5
1 59 1
1 60 5
1 61 2
1 62 1
1 63 4
1 64 2
1 65 1
1 66 1
1 67 5
1 68 1
1 69 3
1 70 5
1 71 4
1 72 5
1 73 3
1 74 5
1 75 5
2 1 2
2 3 2
2 4 3
2 5 2
2 6 3
2 7 3
2 8 4
2 9 1
2 10 3
2 11 5
2 12 4
2 13 3
2 14 2
2 15 3
2 16 3
2 17 1
2 18 4
2 19 5
2 20 5
2 21 3
2 22 2
2 23 5
2 24 4
2 25 5
2 26 4
2 27 3
2 28 3
2 29 3
2 30 1
2 31 5
2 32 3
2 33 2
2 34 1
2 35 2
2 36 5
2 37 5
2 38 4
2 39 3
2 40 5
2 41 1
2 42 5
2 43 3
2 44 5
2 45 3
2 46 3
2 47 4
2 48 4
2 49 3
2 50 4
2 51 5
2 52 5
2 53 2
2 54 1
2 55 3
2 56 1
2 57 5
2 58 3
2 59 4
2 60 2
2 61 5
2 62 3
2 63 1
2 64 1
2 65 5
2 66 4
2 67 2
2 68 5
2 69 3
2 70 2
2 71 4
2 72 5
2 73 3
2 74 4
2 75 5
3 1 5
3 2 1
3 4 3
3 5 3
3 6 5
3 7 3
3 8 2
3 9 5
3 10 5
3 11 3
3 12 4
3 13 2
3 14 4
3 15 1
3 16 5
3 17 5
3 18 5
3 19 4
3 20 3
3 21 2
3 22 4
3 23 1
3 24 1
3 25 5
3 26 5
3 27 2
3 28 5
3 29 5
3 30 4
3 31 3
3 32 4
3 33 3
3 34 5
3 35 3
3 36 3
3 37 5
3 38 3
3 39 1
3 40 1
3 41 2
3 42 3
3 43 1
3 44 5
3 45 1
3 46 4
3 47 5
3 48 3
3 49 5
3 50 5
3 51 2
3 52 4
3 53 5
3 54 4
3 55 4
3 56 4
3 57 4
3 58 2
3 59 4
3 60 5
3 61 5
3 62 3
3 63 5
3 64 4
3 65 5
3 66 2
3 67 1
3 68 1
3 69 4
3 70 2
3 71 3
3 72 2
3 73 1
3 74 5
3 75 2
4 1 4
4 2 5
4 3 3
4 5 3
4 6 5
4 7 4
4 8 1
4 9 5
4 10 4
4 11 4
4 12 5
4 13 2
4 14 4
4 15 1
4 16 2
4 17 3
4 18 2
4 19 2
4 20 2
4 21 5
4 22 3
4 23 1
4 24 3
4 25 5
4 26 1
4 27 1
4 28 2
4 29 5
4 30 1
4 31 3
4 32 3
4 33 1
4 34 3
4 35 2
4 36 3
4 37 4
4 38 5
4 39 3
4 40 3
4 41 3
4 42 4
4 43 4
4 44 2
4 45 2
4 46 4
4 47 3
4 48 2
4 49 2
4 50 1
4 51 5
4 52 1
4 53 3
4 54 5
4 55 5
4 56 2
4 57 3
4 58 5
4 59 5
4 60 2
4 61 3
4 62 5
4 63 1
4 64 3
4 65 2
4 66 2
4 67 3
4 68 5
4 69 1
4 70 5
4 71 4
4 72 1
4 73 5
4 74 2
4 75 2
5 1 2
5 2 2
5 3 1
5 4 5
5 6 3
5 7 2
5 8 4
5 9 5
5 10 1
5 11 1
5 12 5
5 13 5
5 14 3
5 15 1
5 16 1
5 17 1
5 18 3
5 19 5
5 20 1
5 21 3
5 22 1
5 23 4
5 24 5
5 25 2
5 26 4
5 27 1
5 28 2
5 29 1
5 30 1
5 31 5
5 32 2
5 33 4
5 34 1
5 35 3
5 36 3
5 37 5
5 38 4
5 39 3
5 40 2
5 41 1
5 42 3
5 43 3
5 44 5
5 45 2
5 46 3
5 47 1
5 48 2
5 49 3
5 50 5
5 51 4
5 52 5
5 53 3
5 54 2
5 55 1
5 56 4
5 57 3
5 58 1
5 59 1
5 60 3
5 61 3
5 62 5
5 63 5
5 64 3
5 65 3
5 66 4
5 67 2
5 68 4
5 69 2
5 70 5
5 71 5
5 72 2
5 73 4
5 74 2
5 75 4
6 1 1
6 2 5
6 3 4
6 4 4
6 5 4
6 7 5
6 8 3
6 9 3
6 10 2
6 11 1
6 12 3
6 13 1
6 14 3
6 15 5
6 16 3
6 17 3
6 18 5
6 19 2
6 20 2
6 21 4
6 22 1
6 23 5
6 24 1
6 25 5
6 26 3
6 27 2
6 28 4
6 29 1
6 30 2
6 31 3
6 32 1
6 33 2
6 34 2
6 35 4
6 36 3
6 37 5
6 38 4
6 39 5
6 40 4
6 41 2
6 42 5
6 43 3
6 44 2
6 45 5
6 46 4
6 47 4
6 48 2
6 49 3
6 50 3
6 51 5
6 52 2
6 53 5
6 54 1
6 55 4
6 56 4
6 57 5
6 58 2
6 59 5
6 60 2
6 61 3
6 62 2
6 63 3
6 64 5
6 65 5
6 66 3
6 67 2
6 68 1
6 69 3
6 70 3
6 71 1
6 72 5
6 73 4
6 74 3
6 75 1
7 1 5
7 2 1
7 3 2
7 4 1
7 5 1
7 6 1
7 8 2
7 9 4
7 10 5
7 11 4
7 12 4
7 13 1
7 14 3
7 15 5
7 16 2
7 17 2
7 18 2
7 19 5
7 20 4
7 21 1
7 22 1
7 23 1
7 24 4
7 25 3
7 26 4
7 27 3
7 28 3
7 29 3
7 30 2
7 31 5
7 32 5
7 33 1
7 34 2
7 35 3
7 36 4
7 37 4
7 38 3
7 39 2
7 40 4
7 41 5
7 42 1
7 43 2
7 44 2
7 45 5
7 46 1
7 47 3
7 48 1
7 49 3
7 50 4
7 51 1
7 52 5
7 53 4
7 54 4
7 55 1
7 56 1
7 57 4
7 58 3
7 59 5
7 60 1
7 61 1
7 62 1
7 63 2
7 64 4
7 65 2
7 66 5
7 67 2
7 68 3
7 69 4
7 70 5
7 71 1
7 72 3
7 73 2
7 74 3
7 75 4
8 1 2
8 2 3
8 3 3
8 4 4
8 5 2
8 6 3
8 7 2
8 9 2
8 10 3
8 11 5
8 12 2
8 13 3
8 14 3
8 15 1
8 16 4
8 17 5
8 18 2
8 19 4
8 20 3
8 21 5
8 22 3
8 23 2
8 24 3
8 25 5
8 26 1
8 27 4
8 28 5
8 29 5
8 30 1
8 31 4
8 32 1
8 33 4
8 34 4
8 35 3
8 36 4
8 37 5
8 38 3
8 39 5
8 40 3
8 41 5
8 42 1
8 43 1
8 44 5
8 45 5
8 46 2
8 47 3
8 48 4
8 49 5
8 50 2
8 51 2
8 52 1
8 53 4
8 54 5
8 55 5
8 56 5
8 57 2
8 58 3
8 59 1
8 60 2
8 61 3
8 62 5
8 63 2
8 64 3
8 65 5
8 66 1
8 67 2
8 68 4
8 69 3
8 70 1
8 71 2
8 72 3
8 73 2
8 74 2
8 75 2
9 1 1
9 2 5
9 3 1
9 4 2
9 5 4
9 6 2
9 7 5
9 8 4
9 10 2
9 11 4
9 12 3
9 13 1
9 14 1
9 15 1
9 16 4
9 17 2
9 18 5
9 19 3
9 20 5
9 21 3
9 22 2
9 23 5
9 24 4
9 25 2
9 26 3
9 27 1
9 28 5
9 29 5
9 30 4
9 31 4
9 32 3
9 33 2
9 34 3
9 35 3
9 36 3
9 37 2
9 38 2
9 39 4
9 40 2
9 41 5
9 42 2
9 43 5
9 44 1
9 45 4
9 46 2
9 47 4
9 48 2
9 49 3
9 50 3
9 51 1
9 52 5
9 53 1
9 54 3
9 55 5
9 56 4
9 57 5
9 58 3
9 59 4
9 60 1
9 61 1
9 62 2
9 63 5
9 64 2
9 65 4
9 66 4
9 67 1
9 68 2
9 69 5
9 70 4
9 71 4
9 72 5
9 73 3
9 74 5
9 75 2
10 1 1
10 2 3
10 3 2
10 4 5
10 5 5
10 6 1
10 7 2
10 8 2
10 9 1
10 11 4
10 12 1
10 13 4
10 14 3
10 15 5
10 16 4
10 17 5
10 18 1
10 19 5
10 20 4
10 21 4
10 22 1
10 23 3
10 24 5
10 25 4
10 26 4
10 27 3
10 28 2
10 29 5
10 30 5
10 31 3
10 32 3
10 33 3
10 34 5
10 35 4
10 36 4
10 37 5
10 38 1
10 39 5
10 40 1
10 41 3
10 42 4
10 43 3
10 44 4
10 45 3
10 46 3
10 47 2
10 48 5
10 49 5
10 50 4
10 51 5
10 52 3
10 53 4
10 54 4
10 55 2
10 56 2
10 57 3
10 58 2
10 59 1
10 60 4
10 61 3
10 62 3
10 63 2
10 64 5
10 65 3
10 66 2
10 67 5
10 68 4
10 69 3
10 70 5
10 71 1
10 72 5
10 73 5
10 74 3
10 75 3
11 1 4
11 2 2
11 3 5
11 4 3
11 5 3
11 6 3
11 7 5
11 8 1
11 9 3
11 10 3
11 12 4
11 13 1
11 14 5
11 15 2
11 16 1
11 17 1
11 18 5
11 19 4
11 20 2
11 21 1
11 22 3
11 23 3
11 24 1
11 25 1
11 26 2
11 27 2
11 28 1
11 29 2
11 30 1
11 31 5
11 32 4
11 33 1
11 34 4
11 35 5
11 36 1
11 37 1
11 38 4
11 39 5
11 40 3
11 41 1
11 42 2
11 43 4
11 44 2
11 45 4
11 46 5
11 47 4
11 48 4
11 49 4
11 50 4
11 51 5
11 52 5
11 53 1
11 54 4
11 55 2
11 56 3
11 57 1
11 58 3
11 59 5
11 60 2
11 61 5
11 62 2
11 63 2
11 64 5
11 65 5
11 66 4
11 67 5
11 68 2
11 69 2
11 70 4
11 71 2
11 72 5
11 73 3
11 74 5
11 75 3
12 1 1
12 2 1
12 3 1
12 4 4
12 5 5
12 6 5
12 7 3
12 8 1
12 9 2
12 10 3
12 11 2
12 13 5
12 14 3
12 15 1
12 16 1
12 17 4
12 18 5
12 19 2
12 20 3
12 21 1
12 22 3
12 23 1
12 24 1
12 25 2
12 26 4
12 27 1
12 28 5
12 29 3
12 30 3
12 31 4
12 32 5
12 33 3
12 34 1
12 35 3
12 36 3
12 37 5
12 38 4
12 39 2
12 40 2
12 41 5
12 42 5
12 43 5
12 44 1
12 45 2
12 46 5
12 47 2
12 48 3
12 49 1
12 50 5
12 51 5
12 52 2
12 53 5
12 54 2
12 55 4
12 56 1
12 57 5
12 58 1
12 59 5
12 60 3
12 61 4
12 62 5
12 63 4
12 64 3
12 65 5
12 66 3
12 67 3
12 68 2
12 69 1
12 70 4
12 71 5
12 72 1
12 73 3
12 74 5
12 75 3
13 1 2
13 2 1
13 3 4
13 4 4
13 5 4
13 6 1
13 7 5
13 8 5
13 9 5
13 10 1
13 11 5
13 12 2
13 14 5
13 15 5
13 16 1
13 17 4
13 18 5
13 19 2
13 20 5
13 21 5
13 22 3
13 23 2
13 24 2
13 25 1
13 26 3
13 27 2
13 28 1
13 29 5
13 30 5
13 31 2
13 32 2
13 33 3
13 34 4
13 35 3
13 36 1
13 37 2
13 38 3
13 39 5
13 40 3
13 41 4
13 42 5
13 43 4
13 44 5
13 45 1
13 46 4
13 47 2
13 48 5
13 49 5
13 50 3
13 51 4
13 52 1
13 53 2
13 54 5
13 55 2
13 56 3
13 57 4
13 58 1
13 59 5
13 60 3
13 61 5
13 62 3
13 63 2
13 64 2
13 65 1
13 66 4
13 67 4
13 68 5
13 69 3
13 70 3
13 71 4
13 72 1
13 73 4
13 74 3
13 75 5
14 1 4
14 2 3
14 3 3
14 4 5
14 5 4
14 6 5
14 7 3
14 8 5
14 9 3
14 10 5
14 11 3
14 12 2
14 13 5
14 15 3
14 16 1
14 17 3
14 18 4
14 19 3
14 20 1
14 21 2
14 22 1
14 23 4
14 24 5
14 25 2
14 26 3
14 27 4
14 28 2
14 29 3
14 30 4
14 31 4
14 32 4
14 33 3
14 34 3
14 35 1
14 36 4
14 37 2
14 38 2
14 39 2
14 40 3
14 41 4
14 42 3
14 43 5
14 44 1
14 45 2
14 46 3
14 47 3
14 48 1
14 49 1
14 50 3
14 51 1
14 52 5
14 53 5
14 54 1
14 55 4
14 56 1
14 57 3
14 58 5
14 59 2
14 60 2
14 61 3
14 62 3
14 63 5
14 64 5
14 65 2
14 66 2
14 67 4
14 68 5
14 69 3
14 70 2
14 71 2
14 72 4
14 73 1
14 74 2
14 75 1
15 1 4
15 2 1
15 3 5
15 4 5
15 5 3
15 6 2
15 7 2
15 8 2
15 9 1
15 10 3
15 11 3
15 12 3
15 13 2
15 14 2
15 16 2
15 17 4
15 18 4
15 19 1
15 20 3
15 21 1
15 22 2
15 23 2
15 24 1
15 25 2
15 26 1
15 27 4
15 28 3
15 29 4
15 30 4
15 31 1
15 32 1
15 33 2
15 34 3
15 35 1
15 36 3
15 37 1
15 38 2
15 39 2
15 40 4
15 41 5
15 42 4
15 43 1
15 44 4
15 45 5
15 46 2
15 47 5
15 48 3
15 49 1
15 50 5
15 51 3
15 52 3
15 53 2
15 54 1
15 55 3
15 56 5
15 57 1
15 58 1
15 59 4
15 60 5
15 61 4
15 62 5
15 63 5
15 64 2
15 65 4
15 66 2
15 67 2
15 68 4
15 69 4
15 70 3
15 71 5
15 72 5
15 73 1
15 74 5
15 75 3
16 1 2
16 2 4
16 3 5
16 4 2
16 5 1
16 6 4
16 7 1
16 8 3
16 9 2
16 10 1
16 11 5
16 12 3
16 13 1
16 14 5
16 15 2
16 17 2
16 18 5
16 19 3
16 20 4
16 21 3
16 22 1
16 23 5
16 24 4
16 25 2
16 26 5
16 27 1
16 28 1
16 29 1
16 30 3
16 31 5
16 32 4
16 33 2
16 34 5
16 35 3
16 36 3
16 37 5
16 38 3
16 39 5
16 40 4
16 41 2
16 42 2
16 43 3
16 44 4
16 45 2
16 46 4
16 47 2
16 48 1
16 49 3
16 50 4
16 51 4
16 52 1
16 53 5
16 54 5
16 55 4
16 56 1
16 57 5
16 58 2
16 59 1
16 60 5
16 61 1
16 62 2
16 63 5
16 64 2
16 65 2
16 66 4
16 67 1
16 68 3
16 69 2
16 70 2
16 71 2
16 72 5
16 73 3
16 74 1
16 75 5
17 1 5
17 2 5
17 3 2
17 4 5
17 5 2
17 6 5
17 7 5
17 8 4
17 9 1
17 10 4
17 11 5
17 12 3
17 13 5
17 14 3
17 15 5
17 16 2
17 18 3
17 19 2
17 20 1
17 21 2
17 22 5
17 23 2
17 24 2
17 25 4
17 26 5
17 27 4
17 28 2
17 29 4
17 30 1
17 31 3
17 32 3
17 33 2
17 34 2
17 35 1
17 36 3
17 37 5
17 38 3
17 39 4
17 40 1
17 41 3
17 42 3
17 43 5
17 44 1
17 45 4
17 46 2
17 47 2
17 48 5
17 49 1
17 50 5
17 51 3
17 52 2
17 53 1
17 54 4
17 55 1
17 56 5
17 57 3
17 58 1
17 59 1
17 60 3
17 61 3
17 62 5
17 63 2
17 64 5
17 65 1
17 66 3
17 67 4
17 68 3
17 69 5
17 70 3
17 71 3
17 72 4
17 73 2
17 74 4
17 75 1
18 1 5
18 2 2
18 3 3
18 4 2
18 5 2
18 6 2
18 7 1
18 8 1
18 9 3
18 10 4
18 11 1
18 12 4
18 13 3
18 14 1
18 15 4
18 16 5
18 17 3
18 19 4
18 20 1
18 21 4
18 22 1
18 23 5
18 24 3
18 25 3
18 26 4
18 27 2
18 28 2
18 29 3
18 30 5
18 31 5
18 32 5
18 33 1
18 34 1
18 35 2
18 36 2
18 37 5
18 38 4
18 39 2
18 40 5
18 41 3
18 42 2
18 43 5
18 44 1
18 45 1
18 46 2
18 47 1
18 48 5
18 49 1
18 50 4
18 51 3
18 52 5
18 53 2
18 54 4
18 55 4
18 56 1
18 57 5
18 58 2
18 59 3
18 60 4
18 61 1
18 62 2
18 63 3
18 64 1
18 65 5
18 66 5
18 67 5
18 68 4
18 69 3
18 70 3
18 71 3
18 72 2
18 73 5
18 74 4
18 75 2
19 1 2
19 2 2
19 3 2
19 4 4
19 5 2
19 6 3
19 7 3
19 8 3
19 9 4
19 10 1
19 11 3
19 12 1
19 13 5
19 14 1
19 15 3
19 16 3
19 17 1
19 18 2
19 20 1
19 21 4
19 22 3
19 23 2
19 24 3
19 25 1
19 26 1
19 27 2
19 28 5
19 29 2
19 30 3
19 31 5
19 32 3
19 33 5
19 34 1
19 35 4
19 36 3
19 37 4
19 38 3
19 39 5
19 40 4
19 41 1
19 42 2
19 43 1
19 44 4
19 45 2
19 46 2
19 47 3
19 48 1
19 49 4
19 50 4
19 51 3
19 52 4
19 53 1
19 54 4
19 55 3
19 56 3
19 57 4
19 58 5
19 59 2
19 60 2
19 61 2
19 62 3
19 63 4
19 64 3
19 65 3
19 66 5
19 67 5
19 68 2
19 69 2
19 70 1
19 71 2
19 72 5
19 73 3
19 74 2
19 75 5
20 1 1
20 2 5
20 3 2
20 4 1
20 5 1
20 6 1
20 7 4
20 8 4
20 9 3
20 10 4
20 11 2
20 12 3
20 13 5
20 14 1
20 15 1
20 16 1
20 17 4
20 18 4
20 19 2
20 21 2
20 22 1
20 23 3
20 24 3
20 25 4
20 26 1
20 27 4
20 28 5
20 29 5
20 30 1
20 31 4
20 32 4
20 33 3
20 34 5
20 35 3
20 36 3
20 37 5
20 38 3
20 39 3
20 40 4
20 41 2
20 42 2
20 43 5
20 44 1
20 45 3
20 46 2
20 47 2
20 48 3
20 49 5
20 50 5
20 51 1
20 52 1
20 53 2
20 54 3
20 55 1
20 56 3
20 57 4
20 58 4
20 59 4
20 60 5
20 61 1
20 62 2
20 63 1
20 64 3
20 65 4
20 66 3
20 67 5
20 68 3
20 69 2
20 70 5
20 71 1
20 72 5
20 73 3
20 74 2
20 75 1
21 1 5
21 2 5
21 3 4
21 4 4
21 5 5
21 6 3
21 7 5
21 8 2
21 9 1
21 10 4
21 11 2
21 12 3
21 13 2
21 14 5
21 15 4
21 16 4
21 17 2
21 18 2
21 19 4
21 20 4
21 22 5
21 23 1
21 24 1
21 25 3
21 26 4
21 27 5
21 28 5
21 29 3
21 30 4
21 31 4
21 32 3
21 33 3
21 34 3
21 35 1
21 36 1
21 37 4
21 38 5
21 39 2
21 40 1
21 41 3
21 42 1
21 43 4
21 44 2
21 45 4
21 46 1
21 47 5
21 48 4
21 49 2
21 50 2
21 51 2
21 52 3
21 53 3
21 54 4
21 55 3
21 56 2
21 57 2
21 58 4
21 59 4
21 60 2
21 61 2
21 62 2
21 63 1
21 64 1
21 65 1
21 66 4
21 67 3
21 68 5
21 69 5
21 70 2
21 71 2
21 72 2
21 73 4
21 74 5
21 75 4
22 1 4
22 2 5
22 3 5
22 4 3
22 5 4
22 6 3
22 7 4
22 8 1
22 9 1
22 10 5
22 11 5
22 12 2
22 13 3
22 14 5
22 15 5
22 16 4
22 17 3
22 18 3
22 19 2
22 20 5
22 21 4
22 23 5
22 24 2
22 25 5
22 26 1
22 27 3
22 28 1
22 29 3
22 30 3
22 31 5
22 32 3
22 33 2
22 34 2
22 35 2
22 36 4
22 37 2
22 38 5
22 39 4
22 40 4
22 41 2
22 42 5
22 43 3
22 44 5
22 45 3
22 46 4
22 47 5
22 48 3
22 49 1
22 50 4
22 51 4
22 52 5
22 53 4
22 54 5
22 55 3
22 56 3
22 57 1
22 58 3
22 59 3
22 60 5
22 61 5
22 62 5
22 63 2
22 64 1
22 65 3
22 66 5
22 67 1
22 68 4
22 69 1
22 70 5
22 71 2
22 72 2
22 73 1
22 74 1
22 75 2
23 1 3
23 2 4
23 3 3
23 4 3
23 5 1
23 6 3
23 7 3
23 8 5
23 9 2
23 10 3
23 11 2
23 12 4
23 13 5
23 14 4
23 15 4
23 16 1
23 17 1
23 18 5
23 19 2
23 20 3
23 21 2
23 22 3
23 24 4
23 25 2
23 26 4
23 27 5
23 28 5
23 29 2
23 30 5
23 31 2
23 32 3
23 33 5
23 34 5
23 35 2
23 36 2
23 37 5
23 38 5
23 39 4
23 40 1
23 41 3
23 42 3
23 43 2
23 44 1
23 45 4
23 46 3
23 47 1
23 48 4
23 49 5
23 50 5
23 51 2
23 52 2
23 53 3
23 54 5
23 55 5
23 56 1
23 57 3
23 58 1
23 59 2
23 60 1
23 61 3
23 62 3
23 63 4
23 64 2
23 65 2
23 66 2
23 67 5
23 68 3
23 69 3
23 70 3
23 71 3
23 72 5
23 73 3
23 74 2
23 75 3
24 1 1
24 2 1
24 3 5
24 4 2
24 5 5
24 6 5
24 7 3
24 8 1
24 9 4
24 10 4
24 11 3
24 12 2
24 13 3
24 14 3
24 15 3
24 16 4
24 17 2
24 18 1
24 19 4
24 20 3
24 21 4
24 22 2
24 23 2
24 25 2
24 26 5
24 27 2
24 28 4
24 29 1
24 30 4
24 31 2
24 32 3
24 33 1
24 34 2
24 35 5
24 36 4
24 37 1
24 38 1
24 39 4
24 40 4
24 41 4
24 42 2
24 43 1
24 44 2
24 45 2
24 46 5
24 47 5
24 48 5
24 49 2
24 50 5
24 51 5
24 52 1
24 53 5
24 54 1
24 55 3
24 56 1
24 57 2
24 58 1
24 59 2
24 60 3
24 61 1
24 62 3
24 63 2
24 64 3
24 65 2
24 66 1
24 67 2
24 68 2
24 69 1
24 70 2
24 71 5
24 72 2
24 73 5
24 74 2
24 75 3
25 1 1
25 2 4
25 3 4
25 4 2
25 5 5
25 6 5
25 7 1
25 8 2
25 9 5
25 10 2
25 11 1
25 12 5
25 13 3
25 14 1
25 15 3
25 16 2
25 17 3
25 18 1
25 19 4
25 20 1
25 21 4
25 22 1
25 23 4
25 24 5
25 26 4
25 27 5
25 28 2
25 29 5
25 30 4
25 31 5
25 32 4
25 33 2
25 34 3
25 35 3
25 36 3
25 37 4
25 38 2
25 39 4
25 40 1
25 41 3
25 42 2
25 43 1
25 44 3
25 45 1
25 46 4
25 47 2
25 48 3
25 49 1
25 50 4
25 51 3
25 52 1
25 53 2
25 54 3
25 55 1
25 56 4
25 57 3
25 58 5
25 59 2
25 60 2
25 61 1
25 62 1
25 63 3
25 64 2
25 65 1
25 66 5
25 67 4
25 68 4
25 69 3
25 70 4
25 71 1
25 72 1
25 73 2
25 74 2
25 75 5
26 1 3
26 2 2
26 3 3
26 4 2
26 5 2
26 6 2
26 7 1
26 8 5
26 9 3
26 10 5
26 11 5
26 12 1
26 13 3
26 14 2
26 15 2
26 16 4
26 17 2
26 18 5
26 19 3
26 20 5
26 21 5
26 22 2
26 23 5
26 24 3
26 25 2
26 27 4
26 28 4
26 29 4
26 30 5
26 31 2
26 32 5
26 33 4
26 34 3
26 35 2
26 36 2
26 37 1
26 38 3
26 39 2
26 40 5
26 41 3
26 42 2
26 43 2
26 44 3
26 45 4
26 46 3
26 47 2
26 48 4
26 49 1
26 50 1
26 51 2
26 52 5
26 53 2
26 54 5
26 55 4
26 56 4
26 57 3
26 58 4
26 59 4
26 60 1
26 61 1
26 62 2
26 63 2
26 64 4
26 65 1
26 66 4
26 67 1
26 68 2
26 69 1
26 70 4
26 71 3
26 72 3
26 73 5
26 74 1
26 75 3
27 1 5
27 2 5
27 3 1
27 4 1
27 5 5
27 6 3
27 7 4
27 8 1
27 9 4
27 10 5
27 11 5
27 12 4
27 13 3
27 14 5
27 15 3
27 16 5
27 17 5
27 18 1
27 19 2
27 20 4
27 21 2
27 22 5
27 23 1
27 24 5
27 25 2
27 26 4
27 28 4
27 29 2
27 30 1
27 31 5
27 32 1
27 33 5
27 34 4
27 35 1
27 36 5
27 37 4
27 38 5
27 39 5
27 40 1
27 41 3
27 42 5
27 43 5
27 44 1
27 45 2
27 46 5
27 47 5
27 48 1
27 49 1
27 50 1
27 51 4
27 52 4
27 53 4
27 54 3
27 55 1
27 56 3
27 57 2
27 58 5
27 59 1
27 60 3
27 61 5
27 62 5
27 63 5
27 64 1
27 65 1
27 66 2
27 67 3
27 68 1
27 69 1
27 70 2
27 71 1
27 72 3
27 73 1
27 74 1
27 75 5
28 1 4
28 2 2
28 3 2
28 4 5
28 5 4
28 6 4
28 7 3
28 8 3
28 9 2
28 10 3
28 11 5
28 12 1
28 13 4
28 14 4
28 15 1
28 16 3
28 17 5
28 18 3
28 19 2
28 20 3
28 21 3
28 22 3
28 23 5
28 24 5
28 25 5
28 26 3
28 27 5
28 29 4
28 30 4
28 31 2
28 32 3
28 33 2
28 34 5
28 35 1
28 36 3
28 37 4
28 38 4
28 39 3
28 40 3
28 41 2
28 42 2
28 43 2
28 44 2
28 45 2
28 46 3
28 47 5
28 48 4
28 49 4
28 50 4
28 51 2
28 52 1
28 53 3
28 54 1
28 55 5
28 56 2
28 57 5
28 58 3
28 59 1
28 60 3
28 61 3
28 62 5
28 63 2
28 64 1
28 65 4
28 66 5
28 67 4
28 68 2
28 69 5
28 70 3
28 71 4
28 72 2
28 73 4
28 74 3
28 75 5
29 1 5
29 2 5
29 3 1
29 4 3
29 5 3
29 6 1
29 7 1
29 8 4
29 9 3
29 10 3
29 11 5
29 12 4
29 13 2
29 14 4
29 15 2
29 16 1
29 17 3
29 18 1
29 19 2
29 20 4
29 21 1
29 22 1
29 23 4
29 24 3
29 25 1
29 26 1
29 27 3
29 28 4
29 30 4
29 31 5
29 32 5
29 33 3
29 34 4
29 35 1
29 36 2
29 37 4
29 38 1
29 39 2
29 40 4
29 41 1
29 42 4
29 43 3
29 44 1
29 45 2
29 46 4
29 47 4
29 48 2
29 49 3
29 50 4
29 51 5
29 52 1
29 53 5
29 54 3
29 55 4
29 56 4
29 57 5
29 58 4
29 59 1
29 60 5
29 61 4
29 62 1
29 63 4
29 64 1
29 65 1
29 66 1
29 67 4
29 68 4
29 69 4
29 70 5
29 71 2
29 72 1
29 73 5
29 74 2
29 75 1
30 1 3
30 2 2
30 3 5
30 4 1
30 5 4
30 6 5
30 7 3
30 8 5
30 9 1
30 10 2
30 11 5
30 12 4
30 13 1
30 14 1
30 15 5
30 16 2
30 17 4
30 18 2
30 19 2
30 20 2
30 21 2
30 22 3
30 23 5
30 24 3
30 25 3
30 26 2
30 27 4
30 28 3
30 29 3
30 31 2
30 32 5
30 33 1
30 34 3
30 35 4
30 36 3
30 37 2
30 38 1
30 39 5
30 40 3
30 41 1
30 42 1
30 43 4
30 44 5
30 45 3
30 46 4
30 47 1
30 48 4
30 49 5
30 50 4
30 51 3
30 52 1
30 53 2
30 54 2
30 55 5
30 56 4
30 57 4
30 58 1
30 59 3
30 60 3
30 61 1
30 62 1
30 63 2
30 64 1
30 65 4
30 66 3
30 67 3
30 68 2
30 69 5
30 70 5
30 71 4
30 72 5
30 73 5
30 74 4
30 75 1
31 1 5
31 2 3
31 3 3
31 4 5
31 5 4
31 6 1
31 7 2
31 8 4
31 9 3
31 10 3
31 11 5
31 12 1
31 13 3
31 14 3
31 15 5
31 16 5
31 17 3
31 18 3
31 19 4
31 20 5
31 21 1
31 22 3
31 23 4
31 24 2
31 25 2
31 26 3
31 27 2
31 28 3
31 29 5
31 30 5
31 32 4
31 33 4
31 34 4
31 35 1
31 36 5
31 37 2
31 38 2
31 39 2
31 40 2
31 41 1
31 42 4
31 43 2
31 44 3
31 45 2
31 46 1
31 47 5
31 48 3
31 49 3
31 50 2
31 51 3
31 52 2
31 53 2
31 54 5
31 55 5
31 56 5
31 57 3
31 58 5
31 59 3
31 60 1
31 61 4
31 62 4
31 63 1
31 64 4
31 65 5
31 66 1
31 67 3
31 68 1
31 69 4
31 70 4
31 71 5
31 72 1
31 73 5
31 74 1
31 75 4
32 1 3
32 2 1
32 3 3
32 4 2
32 5 5
32 6 1
32 7 5
32 8 3
32 9 4
32 10 1
32 11 4
32 12 5
32 13 4
32 14 3
32 15 2
32 16 1
32 17 1
32 18 2
32 19 1
32 20 1
32 21 1
32 22 3
32 23 4
32 24 2
32 25 2
32 26 4
32 27 3
32 28 2
32 29 5
32 30 5
32 31 2
32 33 2
32 34 5
32 35 1
32 36 4
32 37 1
32 38 1
32 39 3
32 40 3
32 41 1
32 42 5
32 43 1
32 44 5
32 45 3
32 46 1
32 47 1
32 48 5
32 49 1
32 50 5
32 51 5
32 52 4
32 53 5
32 54 3
32 55 2
32 56 3
32 57 1
32 58 2
32 59 5
32 60 4
32 61 2
32 62 4
32 63 1
32 64 3
32 65 5
32 66 3
32 67 3
32 68 5
32 69 4
32 70 2
32 71 4
32 72 1
32 73 2
32 74 2
32 75 1
33 1 1
33 2 2
33 3 3
33 4 1
33 5 4
33 6 2
33 7 2
33 8 2
33 9 2
33 10 4
33 11 5
33 12 4
33 13 4
33 14 2
33 15 4
33 16 5
33 17 3
33 18 4
33 19 5
33 20 2
33 21 4
33 22 2
33 23 5
33 24 5
33 25 2
33 26 1
33 27 1
33 28 3
33 29 4
33 30 2
33 31 5
33 32 5
33 34 5
33 35 2
33 36 5
33 37 5
33 38 4
33 39 1
33 40 4
33 41 5
33 42 2
33 43 3
33 44 5
33 45 2
33 46 4
33 47 5
33 48 1
33 49 3
33 50 4
33 51 2
33 52 5
33 53 4
33 54 1
33 55 1
33 56 5
33 57 2
33 58 3
33 59 5
33 60 1
33 61 2
33 62 3
33 63 5
33 64 3
33 65 2
33 66 2
33 67 2
33 68 4
33 69 2
33 70 4
33 71 2
33 72 3
33 73 2
33 74 4
33 75 2
34 1 4
34 2 5
34 3 4
34 4 1
34 5 4
34 6 4
34 7 5
34 8 5
34 9 2
34 10 5
34 11 5
34 12 3
34 13 3
34 14 5
34 15 3
34 16 4
34 17 1
34 18 5
34 19 5
34 20 3
34 21 4
34 22 3
34 23 1
34 24 4
34 25 4
34 26 1
34 27 5
34 28 1
34 29 5
34 30 5
34 31 5
34 32 5
34 33 4
34 35 5
34 36 5
34 37 5
34 38 3
34 39 4
34 40 4
34 41 1
34 42 5
34 43 1
34 44 3
34 45 3
34 46 5
34 47 2
34 48 1
34 49 2
34 50 4
34 51 2
34 52 1
34 53 4
34 54 5
34 55 3
34 56 2
34 57 3
34 58 5
34 59 1
34 60 1
34 61 4
34 62 5
34 63 2
34 64 3
34 65 1
34 66 3
34 67 5
34 68 5
34 69 5
34 70 5
34 71 5
34 72 2
34 73 5
34 74 2
34 75 1
35 1 2
35 2 1
35 3 3
35 4 4
35 5 4
35 6 1
35 7 5
35 8 1
35 9 4
35 10 4
35 11 5
35 12 5
35 13 4
35 14 5
35 15 2
35 16 1
35 17 5
35 18 1
35 19 4
35 20 3
35 21 3
35 22 1
35 23 4
35 24 4
35 25 2
35 26 3
35 27 4
35 28 3
35 29 4
35 30 2
35 31 3
35 32 5
35 33 5
35 34 5
35 36 5
35 37 3
35 38 2
35 39 5
35 40 1
35 41 5
35 42 5
35 43 5
35 44 1
35 45 5
35 46 1
35 47 2
35 48 2
35 49 1
35 50 5
35 51 5
35 52 5
35 53 2
35 54 2
35 55 3
35 56 3
35 57 3
35 58 2
35 59 3
35 60 5
35 61 1
35 62 4
35 63 5
35 64 2
35 65 3
35 66 1
35 67 2
35 68 3
35 69 3
35 70 3
35 71 3
35 72 4
35 73 4
35 74 2
35 75 5
36 1 1
36 2 3
36 3 1
36 4 2
36 5 5
36 6 2
36 7 4
36 8 4
36 9 4
36 10 5
36 11 1
36 12 1
36 13 5
36 14 2
36 15 3
36 16 1
36 17 2
36 18 3
36 19 5
36 20 4
36 21 1
36 22 1
36 23 2
36 24 3
36 25 5
36 26 4
36 27 5
36 28 3
36 29 2
36 30 3
36 31 2
36 32 2
36 33 2
36 34 5
36 35 1
36 37 3
36 38 1
36 39 1
36 40 1
36 41 1
36 42 2
36 43 1
36 44 3
36 45 1
36 46 5
36 47 2
36 48 4
36 49 3
36 50 5
36 51 3
36 52 3
36 53 2
36 54 5
36 55 4
36 56 4
36 57 4
36 58 4
36 59 5
36 60 2
36 61 3
36 62 4
36 63 5
36 64 4
36 65 3
36 66 1
36 67 1
36 68 5
36 69 4
36 70 1
36 71 1
36 72 4
36 73 5
36 74 3
36 75 4
37 1 5
37 2 2
37 3 5
37 4 5
37 5 2
37 6 1
37 7 3
37 8 4
37 9 2
37 10 4
37 11 5
37 12 2
37 13 5
37 14 3
37 15 1
37 16 3
37 17 5
37 18 2
37 19 2
37 20 1
37 21 4
37 22 3
37 23 1
37 24 3
37 25 1
37 26 4
37 27 3
37 28 1
37 29 5
37 30 1
37 31 4
37 32 1
37 33 4
37 34 1
37 35 1
37 36 5
37 38 3
37 39 3
37 40 1
37 41 2
37 42 3
37 43 5
37 44 3
37 45 2
37 46 2
37 47 1
37 48 4
37 49 4
37 50 2
37 51 3
37 52 4
37 53 2
37 54 5
37 55 1
37 56 4
37 57 2
37 58 1
37 59 4
37 60 4
37 61 5
37 62 1
37 63 5
37 64 1
37 65 4
37 66 5
37 67 1
37 68 1
37 69 4
37 70 5
37 71 3
37 72 5
37 73 2
37 74 2
37 75 5
38 1 1
38 2 5
38 3 5
38 4 4
38 5 3
38 6 3
38 7 3
38 8 3
38 9 4
38 10 2
38 11 4
38 12 4
38 13 5
38 14 4
38 15 2
38 16 1
38 17 1
38 18 2
38 19 5
38 20 1
38 21 3
38 22 1
38 23 1
38 24 3
38 25 4
38 26 2
38 27 5
38 28 1
38 29 5
38 30 3
38 31 5
38 32 5
38 33 2
38 34 1
38 35 1
38 36 2
38 37 3
38 39 3
38 40 4
38 41 3
38 42 2
38 43 4
38 44 1
38 45 3
38 46 3
38 47 3
38 48 3
38 49 3
38 50 1
38 51 2
38 52 5
38 53 3
38 54 2
38 55 2
38 56 5
38 57 3
38 58 3
38 59 1
38 60 3
38 61 4
38 62 5
38 63 2
38 64 4
38 65 4
38 66 4
38 67 1
38 68 5
38 69 1
38 70 5
38 71 5
38 72 5
38 73 1
38 74 4
38 75 2
39 1 1
39 2 3
39 3 4
39 4 3
39 5 2
39 6 2
39 7 2
39 8 1
39 9 4
39 10 3
39 11 2
39 12 1
39 13 5
39 14 1
39 15 1
39 16 4
39 17 4
39 18 1
39 19 2
39 20 4
39 21 4
39 22 5
39 23 1
39 24 5
39 25 2
39 26 1
39 27 4
39 28 1
39 29 3
39 30 4
39 31 3
39 32 5
39 33 1
39 34 3
39 35 3
39 36 2
39 37 4
39 38 4
39 40 4
39 41 5
39 42 3
39 43 2
39 44 5
39 45 5
39 46 2
39 47 5
39 48 5
39 49 3
39 50 2
39 51 2
39 52 3
39 53 2
39 54 1
39 55 1
39 56 1
39 57 3
39 58 3
39 59 2
39 60 3
39 61 5
39 62 5
39 63 2
39 64 2
39 65 1
39 66 2
39 67 4
39 68 4
39 69 2
39 70 4
39 71 3
39 72 1
39 73 3
39 74 4
39 75 5
40 1 4
40 2 3
40 3 5
40 4 4
40 5 5
40 6 3
40 7 5
40 8 4
40 9 5
40 10 5
40 11 4
40 12 5
40 13 4
40 14 1
40 15 3
40 16 4
40 17 3
40 18 3
40 19 5
40 20 4
40 21 5
40 22 3
40 23 4
40 24 3
40 25 5
40 26 4
40 27 5
40 28 5
40 29 3
40 30 1
40 31 5
40 32 2
40 33 3
40 34 1
40 35 2
40 36 4
40 37 5
40 38 1
40 39 2
40 41 4
40 42 2
40 43 3
40 44 1
40 45 1
40 46 3
40 47 3
40 48 4
40 49 2
40 50 5
40 51 5
40 52 2
40 53 4
40 54 3
40 55 2
40 56 4
40 57 4
40 58 5
40 59 3
40 60 3
40 61 5
40 62 5
40 63 4
40 64 3
40 65 2
40 66 1
40 67 4
40 68 5
40 69 1
40 70 1
40 71 4
40 72 1
40 73 4
40 74 1
40 75 1
41 1 1
41 2 5
41 3 1
41 4 1
41 5 4
41 6 2
41 7 1
41 8 5
41 9 1
41 10 5
41 11 2
41 12 1
41 13 5
41 14 3
41 15 5
41 16 4
41 17 4
41 18 5
41 19 3
41 20 1
41 21 3
41 22 5
41 23 1
41 24 3
41 25 2
41 26 3
41 27 3
41 28 3
41 29 2
41 30 5
41 31 5
41 32 2
41 33 1
41 34 5
41 35 5
41 36 4
41 37 2
41 38 2
41 39 4
41 40 4
41 42 1
41 43 2
41 44 4
41 45 2
41 46 1
41 47 3
41 48 5
41 49 5
41 50 4
41 51 2
41 52 2
41 53 2
41 54 4
41 55 5
41 56 1
41 57 5
41 58 2
41 59 3
41 60 4
41 61 3
41 62 4
41 63 4
41 64 2
41 65 4
41 66 3
41 67 3
41 68 3
41 69 1
41 70 4
41 71 3
41 72 4
41 73 1
41 74 1
41 75 4
42 1 2
42 2 1
42 3 4
42 4 1
42 5 2
42 6 2
42 7 5
42 8 4
42 9 3
42 10 3
42 11 3
42 12 3
42 13 4
42 14 1
42 15 5
42 16 3
42 17 4
42 18 3
42 19 1
42 20 2
42 21 4
42 22 5
42 23 4
42 24 1
42 25 1
42 26 2
42 27 3
42 28 1
42 29 4
42 30 3
42 31 2
42 32 5
42 33 5
42 34 5
42 35 5
42 36 2
42 37 1
42 38 4
42 39 2
42 40 4
42 41 1
42 43 1
42 44 3
42 45 5
42 46 1
42 47 5
42 48 4
42 49 1
42 50 4
42 51 4
42 52 4
42 53 2
42 54 5
42 55 4
42 56 2
42 57 5
42 58 2
42 59 1
42 60 3
42 61 5
42 62 5
42 63 4
42 64 4
42 65 2
42 66 5
42 67 4
42 68 5
42 69 5
42 70 4
42 71 1
42 72 5
42 73 2
42 74 3
42 75 3
43 1 3
43 2 5
43 3 4
43 4 1
43 5 3
43 6 2
43 7 1
43 8 1
43 9 4
43 10 5
43 11 2
43 12 5
43 13 2
43 14 3
43 15 3
43 16 4
43 17 5
43 18 4
43 19 4
43 20 5
43 21 5
43 22 3
43 23 3
43 24 4
43 25 4
43 26 4
43 27 1
43 28 1
43 29 5
43 30 3
43 31 5
43 32 2
43 33 5
43 34 3
43 35 4
43 36 2
43 37 4
43 38 4
43 39 4
43 40 2
43 41 3
43 42 2
43 44 4
43 45 4
43 46 2
43 47 3
43 48 4
43 49 1
43 50 1
43 51 2
43 52 5
43 53 1
43 54 1
43 55 5
43 56 1
43 57 2
43 58 3
43 59 2
43 60 2
43 61 4
43 62 1
43 63 3
43 64 5
43 65 5
43 66 5
43 67 5
43 68 3
43 69 5
43 70 3
43 71 4
43 72 2
43 73 5
43 74 5
43 75 2
44 1 1
44 2 1
44 3 4
44 4 4
44 5 3
44 6 1
44 7 3
44 8 3
44 9 1
44 10 3
44 11 2
44 12 2
44 13 1
44 14 1
44 15 5
44 16 2
44 17 4
44 18 5
44 19 1
44 20 5
44 21 2
44 22 5
44 23 4
44 24 4
44 25 5
44 26 1
44 27 4
44 28 3
44 29 2
44 30 4
44 31 1
44 32 2
44 33 1
44 34 1
44 35 1
44 36 4
44 37 1
44 38 3
44 39 1
44 40 2
44 41 2
44 42 4
44 43 5
44 45 3
44 46 1
44 47 4
44 48 1
44 49 1
44 50 5
44 51 2
44 52 5
44 53 1
44 54 3
44 55 5
44 56 2
44 57 4
44 58 2
44 59 5
44 60 3
44 61 5
44 62 5
44 63 5
44 64 2
44 65 1
44 66 5
44 67 4
44 68 4
44 69 1
44 70 3
44 71 1
44 72 4
44 73 4
44 74 4
44 75 5
45 1 3
45 2 1
45 3 5
45 4 1
45 5 1
45 6 4
45 7 4
45 8 2
45 9 2
45 10 3
45 11 1
45 12 3
45 13 4
45 14 4
45 15 4
45 16 1
45 17 3
45 18 4
45 19 3
45 20 1
45 21 1
45 22 2
45 23 4
45 24 4
45 25 2
45 26 1
45 27 1
45 28 2
45 29 2
45 30 1
45 31 1
45 32 1
45 33 1
45 34 5
45 35 3
45 36 3
45 37 1
45 38 1
45 39 4
45 40 2
45 41 4
45 42 1
45 43 1
45 44 4
45 46 4
45 47 1
45 48 1
45 49 3
45 50 1
45 51 3
45 52 4
45 53 1
45 54 5
45 55 2
45 56 1
45 57 1
45 58 5
45 59 1
45 60 3
45 61 3
45 62 1
45 63 5
45 64 5
45 65 3
45 66 5
45 67 3
45 68 5
45 69 5
45 70 3
45 71 3
45 72 3
45 73 3
45 74 5
45 75 3
46 1 1
46 2 5
46 3 3
46 4 2
46 5 3
46 6 4
46 7 4
46 8 1
46 9 1
46 10 5
46 11 4
46 12 2
46 13 1
46 14 5
46 15 4
46 16 5
46 17 4
46 18 5
46 19 1
46 20 4
46 21 4
46 22 5
46 23 1
46 24 4
46 25 1
46 26 5
46 27 3
46 28 3
46 29 5
46 30 3
46 31 5
46 32 2
46 33 2
46 34 5
46 35 3
46 36 1
46 37 5
46 38 4
46 39 3
46 40 5
46 41 3
46 42 2
46 43 1
46 44 5
46 45 3
46 47 5
46 48 1
46 49 2
46 50 1
46 51 2
46 52 5
46 53 1
46 54 3
46 55 2
46 56 4
46 57 4
46 58 3
46 59 4
46 60 1
46 61 2
46 62 3
46 63 3
46 64 4
46 65 1
46 66 4
46 67 3
46 68 2
46 69 3
46 70 3
46 71 4
46 72 2
46 73 1
46 74 2
46 75 5
47 1 2
47 2 2
47 3 1
47 4 5
47 5 3
47 6 1
47 7 3
47 8 4
47 9 1
47 10 5
47 11 5
47 12 2
47 13 5
47 14 4
47 15 2
47 16 1
47 17 1
47 18 4
47 19 5
47 20 4
47 21 4
47 22 3
47 23 1
47 24 5
47 25 5
47 26 4
47 27 1
47 28 3
47 29 1
47 30 4
47 31 2
47 32 4
47 33 5
47 34 2
47 35 5
47 36 2
47 37 4
47 38 2
47 39 2
47 40 2
47 41 2
47 42 3
47 43 5
47 44 1
47 45 2
47 46 1
47 48 3
47 49 2
47 50 4
47 51 4
47 52 2
47 53 2
47 54 1
47 55 2
47 56 4
47 57 2
47 58 2
47 59 4
47 60 2
47 61 4
47 62 4
47 63 3
47 64 5
47 65 4
47 66 2
47 67 4
47 68 2
47 69 2
47 70 1
47 71 4
47 72 3
47 73 4
47 74 1
47 75 2
48 1 1
48 2 2
48 3 2
48 4 4
48 5 3
48 6 2
48 7 2
48 8 4
48 9 4
48 10 5
48 11 3
48 12 4
48 13 3
48 14 1
48 15 4
48 16 1
48 17 2
48 18 2
48 19 1
48 20 1
48 21 5
48 22 2
48 23 1
48 24 2
48 25 3
48 26 1
48 27 2
48 28 3
48 29 1
48 30 2
48 31 1
48 32 2
48 33 4
48 34 5
48 35 2
48 36 3
48 37 1
48 38 5
48 39 4
48 40 1
48 41 1
48 42 3
48 43 4
48 44 4
48 45 5
48 46 2
48 47 4
48 49 1
48 50 1
48 51 1
48 52 3
48 53 5
48 54 2
48 55 4
48 56 3
48 57 2
48 58 1
48 59 4
48 60 1
48 61 2
48 62 3
48 63 1
48 64 5
48 65 3
48 66 2
48 67 1
48 68 5
48 69 3
48 70 5
48 71 5
48 72 3
48 73 1
48 74 4
48 75 4
49 1 1
49 2 4
49 3 5
49 4 1
49 5 1
49 6 5
49 7 2
49 8 1
49 9 2
49 10 5
49 11 1
49 12 1
49 13 3
49 14 1
49 15 2
49 16 3
49 17 4
49 18 4
49 19 1
49 20 3
49 21 1
49 22 2
49 23 5
49 24 2
49 25 1
49 26 2
49 27 2
49 28 1
49 29 2
49 30 2
49 31 4
49 32 4
49 33 5
49 34 5
49 35 1
49 36 3
49 37 5
49 38 2
49 39 3
49 40 3
49 41 4
49 42 3
49 43 5
49 44 1
49 45 5
49 46 1
49 47 1
49 48 1
49 50 4
49 51 1
49 52 5
49 53 4
49 54 4
49 55 5
49 56 1
49 57 5
49 58 1
49 59 4
49 60 2
49 61 4
49 62 5
49 63 5
49 64 4
49 65 2
49 66 4
49 67 4
49 68 1
49 69 5
49 70 1
49 71 5
49 72 4
49 73 1
49 74 4
49 75 4
50 1 1
50 2 3
50 3 4
50 4 1
50 5 5
50 6 3
50 7 3
50 8 5
50 9 3
50 10 4
50 11 1
50 12 3
50 13 5
50 14 3
50 15 3
50 16 1
50 17 3
50 18 5
50 19 5
50 20 1
50 21 3
50 22 3
50 23 4
50 24 3
50 25 5
50 26 1
50 27 4
50 28 3
50 29 1
50 30 2
50 31 1
50 32 4
50 33 1
50 34 5
50 35 1
50 36 1
50 37 4
50 38 4
50 39 5
50 40 1
50 41 4
50 42 2
50 43 1
50 44 3
50 45 4
50 46 3
50 47 3
50 48 1
50 49 4
50 51 4
50 52 1
50 53 3
50 54 3
50 55 1
50 56 2
50 57 2
50 58 4
50 59 5
50 60 2
50 61 1
50 62 1
50 63 2
50 64 4
50 65 4
50 66 3
50 67 5
50 68 4
50 69 1
50 70 5
50 71 5
50 72 2
50 73 3
50 74 1
50 75 2
51 1 5
51 2 4
51 3 1
51 4 4
51 5 1
51 6 2
51 7 4
51 8 3
51 9 4
51 10 1
51 11 3
51 12 1
51 13 5
51 14 3
51 15 5
51 16 1
51 17 4
51 18 3
51 19 4
51 20 4
51 21 1
51 22 2
51 23 3
51 24 1
51 25 2
51 26 4
51 27 5
51 28 5
51 29 1
51 30 5
51 31 3
51 32 2
51 33 5
51 34 4
51 35 2
51 36 2
51 37 2
51 38 5
51 39 4
51 40 5
51 41 3
51 42 3
51 43 2
51 44 2
51 45 1
51 46 2
51 47 2
51 48 1
51 49 1
51 50 5
51 52 4
51 53 3
51 54 3
51 55 4
51 56 3
51 57 2
51 58 2
51 59 2
51 60 1
51 61 5
51 62 3
51 63 4
51 64 3
51 65 4
51 66 4
51 67 5
51 68 5
51 69 5
51 70 1
51 71 5
51 72 1
51 73 3
51 74 4
51 75 3
52 1 1
52 2 4
52 3 1
52 4 2
52 5 1
52 6 3
52 7 4
52 8 5
52 9 5
52 10 3
52 11 5
52 12 2
52 13 4
52 14 1
52 15 5
52 16 5
52 17 5
52 18 2
52 19 5
52 20 5
52 21 2
52 22 5
52 23 4
52 24 3
52 25 1
52 26 1
52 27 2
52 28 1
52 29 4
52 30 5
52 31 5
52 32 4
52 33 1
52 34 5
52 35 3
52 36 1
52 37 2
52 38 3
52 39 2
52 40 3
52 41 5
52 42 1
52 43 4
52 44 1
52 45 4
52 46 3
52 47 2
52 48 5
52 49 1
52 50 3
52 51 4
52 53 4
52 54 2
52 55 4
52 56 1
52 57 4
52 58 5
52 59 2
52 60 4
52 61 3
52 62 4
52 63 1
52 64 3
52 65 4
52 66 2
52 67 2
52 68 1
52 69 1
52 70 4
52 71 5
52 72 3
52 73 1
52 74 2
52 75 4
53 1 3
53 2 5
53 3 3
53 4 4
53 5 2
53 6 4
53 7 1
53 8 5
53 9 2
53 10 4
53 11 4
53 12 5
53 13 2
53 14 5
53 15 1
53 16 5
53 17 4
53 18 1
53 19 2
53 20 1
53 21 4
53 22 4
53 23 5
53 24 2
53 25 1
53 26 3
53 27 1
53 28 3
53 29 5
53 30 2
53 31 1
53 32 2
53 33 4
53 34 1
53 35 2
53 36 5
53 37 1
53 38 2
53 39 1
53 40 4
53 41 5
53 42 1
53 43 3
53 44 1
53 45 5
53 46 1
53 47 3
53 48 3
53 49 1
53 50 4
53 51 1
53 52 2
53 54 4
53 55 2
53 56 3
53 57 4
53 58 4
53 59 5
53 60 4
53 61 1
53 62 3
53 63 1
53 64 4
53 65 1
53 66 1
53 67 1
53 68 2
53 69 1
53 70 2
53 71 3
53 72 5
53 73 4
53 74 3
53 75 2
54 1 4
54 2 5
54 3 2
54 4 3
54 5 4
54 6 3
54 7 4
54 8 1
54 9 4
54 10 2
54 11 2
54 12 3
54 13 3
54 14 3
54 15 2
54 16 1
54 17 3
54 18 4
54 19 1
54 20 3
54 21 2
54 22 4
54 23 3
54 24 3
54 25 4
54 26 2
54 27 5
54 28 3
54 29 5
54 30 5
54 31 2
54 32 5
54 33 4
54 34 5
54 35 3
54 36 4
54 37 2
54 38 1
54 39 5
54 40 2
54 41 4
54 42 1
54 43 1
54 44 3
54 45 3
54 46 2
54 47 3
54 48 2
54 49 3
54 50 1
54 51 5
54 52 4
54 53 4
54 55 2
54 56 3
54 57 4
54 58 5
54 59 3
54 60 4
54 61 4
54 62 4
54 63 2
54 64 1
54 65 4
54 66 1
54 67 5
54 68 2
54 69 5
54 70 2
54 71 1
54 72 1
54 73 5
54 74 2
54 75 4
55 1 3
55 2 1
55 3 5
55 4 2
55 5 3
55 6 4
55 7 4
55 8 4
55 9 4
55 10 4
55 11 5
55 12 2
55 13 3
55 14 2
55 15 4
55 16 3
55 17 2
55 18 4
55 19 4
55 20 2
55 21 2
55 22 4
55 23 1
55 24 3
55 25 3
55 26 2
55 27 1
55 28 1
55 29 4
55 30 4
55 31 4
55 32 3
55 33 4
55 34 3
55 35 4
55 36 3
55 37 4
55 38 3
55 39 1
55 40 2
55 41 1
55 42 3
55 43 3
55 44 5
55 45 4
55 46 3
55 47 2
55 48 5
55 49 1
55 50 5
55 51 2
55 52 4
55 53 1
55 54 4
55 56 4
55 57 3
55 58 1
55 59 4
55 60 3
55 61 4
55 62 2
55 63 1
55 64 1
55 65 2
55 66 1
55 67 1
55 68 5
55 69 1
55 70 5
55 71 5
55 72 2
55 73 3
55 74 2
55 75 2
56 1 4
56 2 5
56 3 4
56 4 1
56 5 2
56 6 2
56 7 2
56 8 3
56 9 5
56 10 4
56 11 1
56 12 5
56 13 2
56 14 3
56 15 3
56 16 1
56 17 3
56 18 1
56 19 4
56 20 5
56 21 3
56 22 1
56 23 3
56 24 2
56 25 1
56 26 2
56 27 1
56 28 2
56 29 4
56 30 5
56 31 5
56 32 3
56 33 1
56 34 4
56 35 5
56 36 2
56 37 2
56 38 3
56 39 1
56 40 3
56 41 2
56 42 4
56 43 3
56 44 5
56 45 1
56 46 5
56 47 5
56 48 1
56 49 1
56 50 3
56 51 5
56 52 5
56 53 5
56 54 2
56 55 1
56 57 5
56 58 1
56 59 3
56 60 4
56 61 4
56 62 2
56 63 3
56 64 3
56 65 3
56 66 3
56 67 4
56 68 1
56 69 4
56 70 2
56 71 2
56 72 2
56 73 5
56 74 2
56 75 1
57 1 4
57 2 2
57 3 5
57 4 5
57 5 4
57 6 2
57 7 5
57 8 4
57 9 1
57 10 4
57 11 2
57 12 3
57 13 4
57 14 2
57 15 1
57 16 2
57 17 3
57 18 2
57 19 1
57 20 2
57 21 1
57 22 4
57 23 3
57 24 4
57 25 2
57 26 4
57 27 5
57 28 5
57 29 5
57 30 1
57 31 5
57 32 5
57 33 4
57 34 2
57 35 4
57 36 3
57 37 3
57 38 3
57 39 3
57 40 1
57 41 4
57 42 1
57 43 3
57 44 4
57 45 5
57 46 3
57 47 5
57 48 2
57 49 2
57 50 2
57 51 5
57 52 4
57 53 5
57 54 2
57 55 2
57 56 4
57 58 2
57 59 3
57 60 3
57 61 1
57 62 5
57 63 3
57 64 5
57 65 1
57 66 4
57 67 1
57 68 5
57 69 3
57 70 5
57 71 4
57 72 5
57 73 3
57 74 4
57 75 5
58 1 1
58 2 3
58 3 4
58 4 2
58 5 1
58 6 5
58 7 1
58 8 1
58 9 1
58 10 5
58 11 4
58 12 4
58 13 3
58 14 1
58 15 4
58 16 3
58 17 3
58 18 5
58 19 5
58 20 5
58 21 5
58 22 5
58 23 5
58 24 1
58 25 4
58 26 1
58 27 4
58 28 4
58 29 1
58 30 5
58 31 3
58 32 1
58 33 4
58 34 1
58 35 5
58 36 5
58 37 3
58 38 5
58 39 2
58 40 5
58 41 1
58 42 5
58 43 3
58 44 4
58 45 2
58 46 3
58 47 1
58 48 5
58 49 3
58 50 2
58 51 4
58 52 4
58 53 3
58 54 3
58 55 5
58 56 1
58 57 5
58 59 5
58 60 1
58 61 5
58 62 4
58 63 5
58 64 3
58 65 3
58 66 1
58 67 4
58 68 4
58 69 5
58 70 3
58 71 5
58 72 4
58 73 5
58 74 1
58 75 3
59 1 5
59 2 3
59 3 3
59 4 2
59 5 2
59 6 5
59 7 3
59 8 2
59 9 5
59 10 2
59 11 1
59 12 4
59 13 3
59 14 5
59 15 1
59 16 3
59 17 5
59 18 1
59 19 3
59 20 2
59 21 3
59 22 5
59 23 5
59 24 3
59 25 1
59 26 4
59 27 4
59 28 1
59 29 3
59 30 5
59 31 5
59 32 3
59 33 4
59 34 2
59 35 1
59 36 2
59 37 1
59 38 4
59 39 3
59 40 1
59 41 5
59 42 3
59 43 1
59 44 4
59 45 2
59 46 1
59 47 4
59 48 3
59 49 2
59 50 3
59 51 4
59 52 1
59 53 4
59 54 5
59 55 1
59 56 4
59 57 5
59 58 4
59 60 4
59 61 5
59 62 5
59 63 3
59 64 4
59 65 3
59 66 2
59 67 4
59 68 1
59 69 4
59 70 2
59 71 3
59 72 4
59 73 4
59 74 5
59 75 2
60 1 4
60 2 4
60 3 4
60 4 2
60 5 1
60 6 2
60 7 1
60 8 5
60 9 5
60 10 4
60 11 1
60 12 5
60 13 2
60 14 1
60 15 5
60 16 2
60 17 5
60 18 5
60 19 2
60 20 3
60 21 4
60 22 3
60 23 1
60 24 2
60 25 1
60 26 5
60 27 4
60 28 2
60 29 5
60 30 4
60 31 5
60 32 3
60 33 2
60 34 3
60 35 2
60 36 2
60 37 2
60 38 2
60 39 3
60 40 1
60 41 1
60 42 1
60 43 2
60 44 4
60 45 1
60 46 1
60 47 1
60 48 2
60 49 2
60 50 4
60 51 1
60 52 3
60 53 3
60 54 1
60 55 4
60 56 5
60 57 2
60 58 4
60 59 1
60 61 1
60 62 2
60 63 2
60 64 1
60 65 5
60 66 5
60 67 2
60 68 4
60 69 3
60 70 3
60 71 3
60 72 3
60 73 5
60 74 3
60 75 1
61 1 4
61 2 5
61 3 1
61 4 1
61 5 1
61 6 5
61 7 4
61 8 1
61 9 2
61 10 3
61 11 4
61 12 2
61 13 2
61 14 5
61 15 5
61 16 5
61 17 3
61 18 4
61 19 1
61 20 3
61 21 5
61 22 2
61 23 1
61 24 3
61 25 4
61 26 5
61 27 3
61 28 3
61 29 5
61 30 5
61 31 3
61 32 3
61 33 5
61 34 1
61 35 5
61 36 2
61 37 5
61 38 5
61 39 3
61 40 3
61 41 2
61 42 3
61 43 4
61 44 3
61 45 2
61 46 5
61 47 2
61 48 1
61 49 5
61 50 5
61 51 3
61 52 5
61 53 1
61 54 5
61 55 4
61 56 5
61 57 5
61 58 1
61 59 4
61 60 4
61 62 3
61 63 2
61 64 3
61 65 2
61 66 2
61 67 2
61 68 5
61 69 1
61 70 1
61 71 4
61 72 5
61 73 4
61 74 1
61 75 5
62 1 1
62 2 3
62 3 4
62 4 5
62 5 3
62 6 4
62 7 4
62 8 3
62 9 5
62 10 4
62 11 2
62 12 3
62 13 5
62 14 3
62 15 4
62 16 4
62 17 1
62 18 1
62 19 2
62 20 5
62 21 4
62 22 3
62 23 1
62 24 5
62 25 5
62 26 3
62 27 4
62 28 1
62 29 1
62 30 4
62 31 5
62 32 4
62 33 1
62 34 5
62 35 5
62 36 1
62 37 5
62 38 3
62 39 5
62 40 4
62 41 3
62 42 3
62 43 2
62 44 3
62 45 1
62 46 2
62 47 3
62 48 1
62 49 4
62 50 4
62 51 3
62 52 4
62 53 3
62 54 3
62 55 3
62 56 4
62 57 3
62 58 1
62 59 4
62 60 5
62 61 5
62 63 3
62 64 5
62 65 2
62 66 4
62 67 4
62 68 4
62 69 4
62 70 1
62 71 3
62 72 2
62 73 1
62 74 1
62 75 5
63 1 5
63 2 1
63 3 3
63 4 2
63 5 3
63 6 1
63 7 2
63 8 5
63 9 4
63 10 1
63 11 5
63 12 4
63 13 4
63 14 4
63 15 4
63 16 4
63 17 3
63 18 5
63 19 3
63 20 5
63 21 2
63 22 1
63 23 3
63 24 5
63 25 4
63 26 1
63 27 5
63 28 3
63 29 3
63 30 5
63 31 4
63 32 2
63 33 2
63 34 2
63 35 3
63 36 4
63 37 4
63 38 1
63 39 1
63 40 5
63 41 1
63 42 5
63 43 3
63 44 1
63 45 3
63 46 3
63 47 4
63 48 2
63 49 3
63 50 1
63 51 1
63 52 1
63 53 1
63 54 1
63 55 5
63 56 2
63 57 3
63 58 1
63 59 1
63 60 5
63 61 5
63 62 1
63 64 1
63 65 3
63 66 4
63 67 5
63 68 2
63 69 3
63 70 5
63 71 2
63 72 4
63 73 2
63 74 3
63 75 1
64 1 2
64 2 5
64 3 3
64 4 5
64 5 3
64 6 2
64 7 2
64 8 1
64 9 2
64 10 2
64 11 1
64 12 4
64 13 5
64 14 5
64 15 4
64 16 2
64 17 4
64 18 1
64 19 3
64 20 1
64 21 3
64 22 1
64 23 5
64 24 1
64 25 5
64 26 1
64 27 4
64 28 3
64 29 2
64 30 1
64 31 5
64 32 5
64 33 2
64 34 5
64 35 4
64 36 2
64 37 1
64 38 2
64 39 2
64 40 3
64 41 5
64 42 4
64 43 3
64 44 5
64 45 3
64 46 3
64 47 3
64 48 1
64 49 3
64 50 5
64 51 3
64 52 3
64 53 3
64 54 2
64 55 5
64 56 2
64 57 4
64 58 4
64 59 2
64 60 5
64 61 1
64 62 1
64 63 4
64 65 5
64 66 5
64 67 4
64 68 1
64 69 1
64 70 2
64 71 4
64 72 5
64 73 1
64 74 2
64 75 4
65 1 2
65 2 4
65 3 1
65 4 5
65 5 1
65 6 4
65 7 1
65 8 3
65 9 3
65 10 3
65 11 1
65 12 2
65 13 2
65 14 4
65 15 2
65 16 3
65 17 3
65 18 3
65 19 3
65 20 3
65 21 4
65 22 5
65 23 3
65 24 4
65 25 5
65 26 1
65 27 2
65 28 1
65 29 1
65 30 5
65 31 4
65 32 3
65 33 3
65 34 4
65 35 2
65 36 5
65 37 4
65 38 4
65 39 2
65 40 1
65 41 4
65 42 2
65 43 5
65 44 5
65 45 2
65 46 1
65 47 4
65 48 1
65 49 5
65 50 3
65 51 3
65 52 3
65 53 2
65 54 2
65 55 3
65 56 3
65 57 2
65 58 1
65 59 3
65 60 4
65 61 5
65 62 3
65 63 1
65 64 4
65 66 4
65 67 4
65 68 3
65 69 2
65 70 3
65 71 4
65 72 5
65 73 1
65 74 2
65 75 1
66 1 2
66 2 3
66 3 1
66 4 5
66 5 3
66 6 3
66 7 2
66 8 2
66 9 5
66 10 1
66 11 5
66 12 3
66 13 3
66 14 3
66 15 5
66 16 1
66 17 2
66 18 5
66 19 3
66 20 4
66 21 3
66 22 3
66 23 3
66 24 1
66 25 5
66 26 2
66 27 1
66 28 1
66 29 4
66 30 5
66 31 1
66 32 2
66 33 4
66 34 3
66 35 1
66 36 4
66 37 5
66 38 4
66 39 2
66 40 5
66 41 4
66 42 4
66 43 4
66 44 2
66 45 1
66 46 3
66 47 4
66 48 4
66 49 4
66 50 3
66 51 3
66 52 4
66 53 1
66 54 2
66 55 1
66 56 2
66 57 5
66 58 1
66 59 2
66 60 3
66 61 2
66 62 2
66 63 4
66 64 3
66 65 4
66 67 1
66 68 1
66 69 4
66 70 4
66 71 2
66 72 5
66 73 5
66 74 2
66 75 5
67 1 1
67 2 3
67 3 4
67 4 1
67 5 1
67 6 3
67 7 3
67 8 5
67 9 1
67 10 3
67 11 1
67 12 1
67 13 4
67 14 5
67 15 3
67 16 2
67 17 4
67 18 2
67 19 5
67 20 2
67 21 4
67 22 4
67 23 4
67 24 1
67 25 4
67 26 3
67 27 4
67 28 5
67 29 4
67 30 1
67 31 4
67 32 1
67 33 3
67 34 4
67 35 1
67 36 5
67 37 1
67 38 3
67 39 2
67 40 3
67 41 3
67 42 2
67 43 5
67 44 3
67 45 4
67 46 5
67 47 5
67 48 2
67 49 3
67 50 4
67 51 1
67 52 1
67 53 4
67 54 4
67 55 1
67 56 4
67 57 3
67 58 4
67 59 5
67 60 1
67 61 1
67 62 5
67 63 3
67 64 5
67 65 4
67 66 3
67 68 5
67 69 1
67 70 3
67 71 1
67 72 4
67 73 5
67 74 4
67 75 5
68 1 4
68 2 4
68 3 1
68 4 5
68 5 1
68 6 3
68 7 1
68 8 3
68 9 3
68 10 4
68 11 1
68 12 5
68 13 5
68 14 1
68 15 1
68 16 4
68 17 3
68 18 1
68 19 4
68 20 1
68 21 1
68 22 2
68 23 3
68 24 2
68 25 2
68 26 2
68 27 4
68 28 2
68 29 1
68 30 4
68 31 4
68 32 2
68 33 3
68 34 4
68 35 1
68 36 5
68 37 2
68 38 1
68 39 2
68 40 1
68 41 2
68 42 4
68 43 1
68 44 1
68 45 1
68 46 3
68 47 4
68 48 4
68 49 3
68 50 4
68 51 1
68 52 5
68 53 2
68 54 5
68 55 3
68 56 1
68 57 2
68 58 3
68 59 2
68 60 4
68 61 2
68 62 5
68 63 5
68 64 4
68 65 1
68 66 3
68 67 5
68 69 2
68 70 3
68 71 1
68 72 2
68 73 1
68 74 4
68 75 4
69 1 1
69 2 2
69 3 3
69 4 2
69 5 5
69 6 1
69 7 2
69 8 2
69 9 2
69 10 4
69 11 1
69 12 2
69 13 4
69 14 4
69 15 4
69 16 2
69 17 3
69 18 5
69 19 2
69 20 4
69 21 5
69 22 4
69 23 1
69 24 4
69 25 5
69 26 1
69 27 1
69 28 3
69 29 1
69 30 2
69 31 4
69 32 4
69 33 3
69 34 1
69 35 2
69 36 4
69 37 3
69 38 3
69 39 5
69 40 2
69 41 3
69 42 5
69 43 3
69 44 1
69 45 4
69 46 1
69 47 3
69 48 3
69 49 3
69 50 1
69 51 1
69 52 4
69 53 4
69 54 4
69 55 3
69 56 5
69 57 4
69 58 5
69 59 4
69 60 1
69 61 1
69 62 4
69 63 1
69 64 3
69 65 5
69 66 2
69 67 1
69 68 4
69 70 2
69 71 2
69 72 5
69 73 4
69 74 4
69 75 4
70 1 5
70 2 2
70 3 5
70 4 4
70 5 1
70 6 4
70 7 1
70 8 1
70 9 2
70 10 4
70 11 1
70 12 1
70 13 5
70 14 1
70 15 3
70 16 5
70 17 4
70 18 3
70 19 4
70 20 4
70 21 3
70 22 3
70 23 3
70 24 5
70 25 3
70 26 4
70 27 2
70 28 3
70 29 2
70 30 5
70 31 1
70 32 3
70 33 3
70 34 2
70 35 3
70 36 3
70 37 2
70 38 3
70 39 5
70 40 4
70 41 3
70 42 1
70 43 1
70 44 4
70 45 3
70 46 3
70 47 4
70 48 1
70 49 3
70 50 2
70 51 5
70 52 5
70 53 1
70 54 2
70 55 4
70 56 3
70 57 2
70 58 2
70 59 5
70 60 5
70 61 1
70 62 3
70 63 5
70 64 3
70 65 1
70 66 2
70 67 2
70 68 3
70 69 2
70 71 4
70 72 3
70 73 4
70 74 4
70 75 3
71 1 5
71 2 3
71 3 3
71 4 3
71 5 4
71 6 5
71 7 1
71 8 3
71 9 1
71 10 1
71 11 1
71 12 1
71 13 3
71 14 2
71 15 3
71 16 5
71 17 1
71 18 3
71 19 4
71 20 2
71 21 3
71 22 4
71 23 4
71 24 1
71 25 1
71 26 2
71 27 4
71 28 3
71 29 2
71 30 4
71 31 3
71 32 1
71 33 2
71 34 5
71 35 3
71 36 5
71 37 1
71 38 5
71 39 4
71 40 3
71 41 5
71 42 4
71 43 3
71 44 5
71 45 2
71 46 5
71 47 1
71 48 4
71 49 5
71 50 4
71 51 1
71 52 4
71 53 2
71 54 1
71 55 4
71 56 5
71 57 2
71 58 3
71 59 2
71 60 3
71 61 3
71 62 1
71 63 4
71 64 4
71 65 2
71 66 3
71 67 5
71 68 2
71 69 3
71 70 3
71 72 1
71 73 4
71 74 1
71 75 4
72 1 3
72 2 4
72 3 3
72 4 3
72 5 3
72 6 4
72 7 1
72 8 3
72 9 2
72 10 5
72 11 3
72 12 1
72 13 4
72 14 4
72 15 5
72 16 2
72 17 3
72 18 2
72 19 3
72 20 1
72 21 3
72 22 4
72 23 1
72 24 2
72 25 3
72 26 5
72 27 2
72 28 5
72 29 3
72 30 4
72 31 3
72 32 1
72 33 3
72 34 3
72 35 5
72 36 5
72 37 1
72 38 3
72 39 4
72 40 5
72 41 2
72 42 1
72 43 5
72 44 2
72 45 1
72 46 1
72 47 3
72 48 3
72 49 2
72 50 2
72 51 1
72 52 1
72 53 3
72 54 1
72 55 3
72 56 2
72 57 5
72 58 1
72 59 1
72 60 2
72 61 4
72 62 4
72 63 4
72 64 1
72 65 3
72 66 4
72 67 5
72 68 3
72 69 1
72 70 3
72 71 4
72 73 4
72 74 5
72 75 3
73 1 5
73 2 5
73 3 5
73 4 4
73 5 5
73 6 4
73 7 1
73 8 5
73 9 4
73 10 5
73 11 2
73 12 3
73 13 1
73 14 1
73 15 3
73 16 1
73 17 4
73 18 2
73 19 1
73 20 5
73 21 2
73 22 3
73 23 5
73 24 4
73 25 3
73 26 2
73 27 3
73 28 1
73 29 5
73 30 5
73 31 1
73 32 1
73 33 1
73 34 5
73 35 4
73 36 5
73 37 3
73 38 1
73 39 1
73 40 4
73 41 5
73 42 2
73 43 3
73 44 5
73 45 4
73 46 1
73 47 3
73 48 3
73 49 4
73 50 3
73 51 4
73 52 2
73 53 1
73 54 3
73 55 5
73 56 5
73 57 1
73 58 5
73 59 5
73 60 2
73 61 1
73 62 2
73 63 2
73 64 1
73 65 2
73 66 2
73 67 3
73 68 1
73 69 3
73 70 3
73 71 1
73 72 4
73 74 5
73 75 4
74 1 4
74 2 3
74 3 1
74 4 1
74 5 2
74 6 4
74 7 5
74 8 2
74 9 5
74 10 2
74 11 4
74 12 2
74 13 1
74 14 1
74 15 3
74 16 3
74 17 2
74 18 3
74 19 4
74 20 3
74 21 3
74 22 2
74 23 5
74 24 5
74 25 5
74 26 4
74 27 5
74 28 5
74 29 2
74 30 1
74 31 5
74 32 2
74 33 3
74 34 5
74 35 4
74 36 2
74 37 3
74 38 4
74 39 3
74 40 5
74 41 5
74 42 4
74 43 1
74 44 1
74 45 4
74 46 3
74 47 5
74 48 1
74 49 2
74 50 3
74 51 5
74 52 4
74 53 2
74 54 1
74 55 1
74 56 1
74 57 4
74 58 2
74 59 2
74 60 3
74 61 2
74 62 2
74 63 4
74 64 1
74 65 1
74 66 3
74 67 2
74 68 4
74 69 1
74 70 2
74 71 3
74 72 2
74 73 2
74 75 5
75 1 4
75 2 5
75 3 4
75 4 3
75 5 2
75 6 5
75 7 1
75 8 2
75 9 5
75 10 2
75 11 4
75 12 2
75 13 2
75 14 5
75 15 3
75 16 3
75 17 2
75 18 4
75 19 1
75 20 2
75 21 5
75 22 2
75 23 4
75 24 3
75 25 2
75 26 1
75 27 1
75 28 1
75 29 3
75 30 2
75 31 5
75 32 1
75 33 4
75 34 5
75 35 4
75 36 5
75 37 1
75 38 1
75 39 3
75 40 5
75 41 4
75 42 2
75 43 4
75 44 2
75 45 3
75 46 3
75 47 1
75 48 4
75 49 4
75 50 2
75 51 5
75 52 3
75 53 3
75 54 1
75 55 2
75 56 4
75 57 3
75 58 3
75 59 1
75 60 2
75 61 1
75 62 5
75 63 5
75 64 4
75 65 1
75 66 3
75 67 1
75 68 1
75 69 5
75 70 3
75 71 2
75 72 3
75 73 1
75 74 5

END
