INSTANCE_NAME b09.dat
NB_VERTICES 75
NB_ARCS 123
NB_REQUESTS 0
NB_BLOCKAGES 12
NB_A' 5427

VERTICES
1 0 0
2 0 0
3 0 0
4 0 0
5 0 0
6 0 0
7 0 0
8 0 0
9 0 0
10 0 0
11 0 0
12 0 0
13 0 0
14 0 0
15 0 0
16 0 0
17 0 0
18 0 0
19 0 0
20 0 0
21 0 0
22 0 0
23 0 0
24 0 0
25 0 0
26 0 0
27 0 0
28 0 0
29 0 0
30 0 0
31 0 0
32 0 0
33 0 0
34 0 0
35 0 0
36 0 0
37 0 0
38 0 0
39 0 0
40 0 0
41 0 0
42 0 0
43 0 0
44 0 0
45 0 0
46 0 0
47 0 0
48 0 0
49 0 0
50 0 0
51 0 0
52 0 0
53 0 0
54 0 0
55 0 0
56 0 0
57 0 0
58 0 0
59 0 0
60 0 0
61 0 0
62 0 0
63 0 0
64 0 0
65 0 0
66 0 0
67 0 0
68 0 0
69 0 0
70 0 0
71 0 0
72 0 0
73 0 0
74 0 0
75 0 0

ARCS
2 39 7
39 37 6
37 16 4
16 26 2
26 9 1
9 45 5
45 23 7
23 66 3
66 7 2
7 30 4
30 73 2
73 14 1
14 7 10
7 55 9
55 21 7
21 72 8
72 7 5
7 62 3
62 38 1
38 14 2
14 24 5
24 49 2
49 1 9
1 17 9
17 10 8
10 28 10
28 12 1
12 31 10
31 69 5
69 20 1
20 73 3
73 58 5
58 55 4
73 10 1
10 32 1
32 25 6
25 73 4
73 67 4
67 18 10
18 50 6
50 2 9
2 52 2
52 6 9
6 54 10
54 9 2
9 15 10
15 53 8
53 57 9
57 42 10
42 26 4
42 31 4
31 32 3
32 70 9
70 33 7
33 8 1
8 68 7
68 45 10
45 27 3
27 41 6
41 68 5
68 34 8
34 37 7
37 62 4
34 42 3
68 54 2
54 19 9
19 71 2
71 14 1
14 65 6
65 54 4
54 63 4
63 29 3
29 50 5
29 46 3
46 45 8
29 74 3
74 10 9
74 53 3
74 3 5
3 64 2
64 75 10
75 2 5
2 71 6
2 57 5
75 20 1
75 43 7
43 44 2
44 60 6
60 54 10
44 51 3
51 5 5
5 22 1
22 64 6
5 13 8
13 65 8
65 4 8
4 48 2
48 40 4
40 35 6
35 24 10
48 59 4
59 27 7
59 51 6
51 36 2
36 7 7
7 49 8
49 23 4
48 67 6
67 33 9
33 11 7
11 5 1
67 56 6
56 32 5
48 72 3
4 44 10
13 1 1
13 16 2
13 47 1
47 28 5
47 43 10
63 61 6
61 69 7
41 52 10

REQUESTS

BLOCKAGES
53 57
2 52
45 27
4 48
49 23
51 5
43 44
31 69
63 29
16 26
14 7
20 73

A'
1 2 266
1 3 417
1 4 506
1 5 11
1 6 122
1 7 5
1 8 884
1 9 966
1 10 107
1 11 497
1 12 1000
1 13 80
1 14 158
1 15 151
1 16 425
1 18 621
1 19 594
1 20 926
1 21 881
1 22 464
1 23 548
1 24 476
1 25 441
1 26 8
1 27 903
1 28 366
1 29 412
1 30 761
1 31 821
1 32 615
1 33 93
1 34 87
1 35 32
1 36 950
1 37 449
1 38 153
1 39 954
1 40 332
1 41 119
1 42 412
1 43 829
1 44 470
1 45 491
1 46 338
1 47 620
1 48 268
1 49 959
1 50 565
1 51 193
1 52 839
1 53 29
1 54 741
1 55 314
1 56 821
1 57 100
1 58 568
1 59 538
1 60 863
1 61 329
1 62 359
1 63 477
1 64 773
1 65 797
1 66 508
1 67 722
1 68 245
1 69 13
1 70 27
1 71 576
1 72 483
1 73 790
1 74 756
1 75 952
2 1 632
2 3 94
2 4 924
2 5 899
2 6 52
2 7 840
2 8 92
2 9 890
2 10 220
2 11 184
2 12 556
2 13 41
2 14 635
2 15 475
2 16 930
2 17 497
2 18 803
2 19 288
2 20 973
2 21 575
2 22 84
2 23 833
2 24 648
2 25 328
2 26 197
2 27 26
2 28 256
2 29 679
2 30 167
2 31 11
2 32 982
2 33 799
2 34 456
2 35 257
2 36 697
2 37 507
2 38 449
2 40 140
2 41 749
2 42 668
2 43 675
2 44 656
2 45 60
2 46 309
2 47 130
2 48 990
2 49 805
2 50 285
2 51 629
2 53 778
2 54 211
2 55 713
2 56 962
2 58 211
2 59 392
2 60 158
2 61 588
2 62 999
2 63 188
2 64 755
2 65 362
2 66 521
2 67 553
2 68 817
2 69 778
2 70 601
2 72 676
2 73 578
2 74 93
2 75 776
3 1 245
3 2 767
3 4 431
3 5 657
3 6 76
3 7 912
3 8 998
3 9 232
3 10 548
3 11 626
3 12 361
3 13 759
3 14 690
3 15 322
3 16 321
3 17 82
3 18 831
3 19 908
3 20 80
3 21 18
3 22 14
3 23 793
3 24 539
3 25 918
3 26 610
3 27 668
3 28 519
3 29 285
3 30 245
3 31 611
3 32 60
3 33 841
3 34 729
3 35 842
3 36 849
3 37 156
3 38 105
3 39 846
3 40 388
3 41 5
3 42 824
3 43 100
3 44 115
3 45 513
3 46 422
3 47 435
3 48 594
3 49 604
3 50 694
3 51 26
3 52 622
3 53 708
3 54 818
3 55 512
3 56 625
3 57 779
3 58 531
3 59 495
3 60 415
3 61 127
3 62 105
3 63 826
3 65 319
3 66 186
3 67 667
3 68 168
3 69 341
3 70 124
3 71 365
3 72 728
3 73 128
3 74 188
3 75 180
4 1 242
4 2 53
4 3 953
4 5 28
4 6 998
4 7 556
4 8 721
4 9 23
4 10 529
4 11 428
4 12 193
4 13 392
4 14 405
4 15 323
4 16 922
4 17 899
4 18 738
4 19 400
4 20 356
4 21 563
4 22 719
4 23 541
4 24 582
4 25 238
4 26 881
4 27 57
4 28 954
4 29 961
4 30 184
4 31 142
4 32 140
4 33 777
4 34 194
4 35 92
4 36 804
4 37 191
4 38 999
4 39 524
4 40 566
4 41 528
4 42 304
4 43 110
4 45 919
4 46 60
4 47 432
4 49 193
4 50 958
4 51 521
4 52 592
4 53 665
4 54 84
4 55 310
4 56 205
4 57 17
4 58 899
4 59 438
4 60 73
4 61 853
4 62 750
4 63 608
4 64 346
4 65 241
4 66 384
4 67 891
4 68 332
4 69 187
4 70 433
4 71 682
4 72 62
4 73 998
4 74 209
4 75 717
5 1 459
5 2 480
5 3 128
5 4 243
5 6 672
5 7 438
5 8 763
5 9 263
5 10 102
5 11 198
5 12 925
5 14 659
5 15 566
5 16 823
5 17 96
5 18 638
5 19 27
5 20 845
5 21 245
5 23 372
5 24 85
5 25 980
5 26 262
5 27 768
5 28 166
5 29 695
5 30 449
5 31 580
5 32 44
5 33 10
5 34 648
5 35 855
5 36 841
5 37 776
5 38 97
5 39 512
5 40 213
5 41 211
5 42 126
5 43 666
5 44 761
5 45 402
5 46 324
5 47 326
5 48 577
5 49 419
5 50 316
5 51 603
5 52 615
5 53 560
5 54 975
5 55 51
5 56 540
5 57 236
5 58 818
5 59 57
5 60 282
5 61 619
5 62 988
5 63 326
5 64 980
5 65 988
5 66 532
5 67 820
5 68 763
5 69 628
5 70 683
5 71 327
5 72 190
5 73 808
5 74 992
5 75 302
6 1 210
6 2 316
6 3 628
6 4 786
6 5 86
6 7 943
6 8 740
6 9 701
6 10 854
6 11 714
6 12 751
6 13 745
6 14 302
6 15 921
6 16 154
6 17 935
6 18 539
6 19 141
6 20 612
6 21 870
6 22 128
6 23 143
6 24 689
6 25 242
6 26 122
6 27 371
6 28 920
6 29 312
6 30 530
6 31 912
6 32 613
6 33 91
6 34 579
6 35 592
6 36 876
6 37 664
6 38 886
6 39 616
6 40 716
6 41 92
6 42 681
6 43 467
6 44 836
6 45 334
6 46 739
6 47 341
6 48 269
6 49 629
6 50 482
6 51 880
6 52 498
6 53 961
6 55 23
6 56 538
6 57 555
6 58 144
6 59 260
6 60 474
6 61 807
6 62 789
6 63 385
6 64 772
6 65 880
6 66 315
6 67 715
6 68 107
6 69 979
6 70 601
6 71 74
6 72 694
6 73 44
6 74 107
6 75 512
7 1 231
7 2 440
7 3 602
7 4 572
7 5 708
7 6 230
7 8 53
7 9 588
7 10 79
7 11 365
7 12 610
7 13 616
7 14 919
7 15 105
7 16 875
7 17 745
7 18 912
7 19 664
7 20 481
7 21 683
7 22 895
7 23 796
7 24 749
7 25 1
7 26 774
7 27 349
7 28 427
7 29 819
7 31 744
7 32 533
7 33 683
7 34 975
7 35 972
7 36 284
7 37 546
7 38 680
7 39 866
7 40 950
7 41 619
7 42 944
7 43 314
7 44 580
7 45 560
7 46 585
7 47 684
7 48 434
7 50 329
7 51 947
7 52 449
7 53 809
7 54 981
7 56 695
7 57 604
7 58 730
7 59 48
7 60 729
7 61 430
7 63 474
7 64 900
7 65 174
7 66 358
7 67 934
7 68 148
7 69 681
7 70 217
7 71 693
7 72 360
7 73 434
7 74 642
7 75 330
8 1 378
8 2 307
8 3 909
8 4 289
8 5 891
8 6 593
8 7 74
8 9 571
8 10 539
8 11 523
8 12 380
8 13 872
8 14 569
8 15 335
8 16 601
8 17 616
8 18 416
8 19 30
8 20 441
8 21 315
8 22 203
8 23 798
8 24 248
8 25 350
8 26 479
8 27 816
8 28 394
8 29 190
8 30 250
8 31 35
8 32 520
8 33 979
8 34 694
8 35 780
8 36 267
8 37 584
8 38 724
8 39 340
8 40 507
8 41 615
8 42 214
8 43 886
8 44 486
8 45 783
8 46 572
8 47 86
8 48 398
8 49 987
8 50 115
8 51 839
8 52 653
8 53 318
8 54 988
8 55 900
8 56 19
8 57 466
8 58 68
8 59 413
8 60 656
8 61 669
8 62 447
8 63 527
8 64 647
8 65 492
8 66 658
8 67 913
8 69 76
8 70 382
8 71 252
8 72 582
8 73 996
8 74 466
8 75 819
9 1 481
9 2 600
9 3 742
9 4 918
9 5 997
9 6 729
9 7 32
9 8 187
9 10 381
9 11 701
9 12 175
9 13 633
9 14 720
9 16 640
9 17 700
9 18 132
9 19 647
9 20 368
9 21 930
9 22 525
9 23 14
9 24 422
9 25 183
9 26 278
9 27 849
9 28 564
9 29 881
9 30 782
9 31 911
9 32 346
9 33 600
9 34 391
9 35 297
9 36 693
9 37 308
9 38 294
9 39 421
9 40 691
9 41 480
9 42 154
9 43 392
9 44 654
9 46 786
9 47 111
9 48 646
9 49 837
9 50 594
9 51 644
9 52 204
9 53 523
9 54 169
9 55 569
9 56 296
9 57 351
9 58 198
9 59 144
9 60 266
9 61 78
9 62 925
9 63 176
9 64 776
9 65 876
9 66 918
9 67 72
9 68 569
9 69 577
9 70 365
9 71 341
9 72 267
9 73 197
9 74 494
9 75 10
10 1 202
10 2 631
10 3 472
10 4 847
10 5 467
10 6 65
10 7 491
10 8 22
10 9 940
10 11 11
10 12 590
10 13 235
10 14 361
10 15 787
10 16 731
10 17 978
10 18 865
10 19 7
10 20 153
10 21 640
10 22 883
10 23 422
10 24 63
10 25 803
10 26 998
10 27 428
10 29 143
10 30 616
10 31 976
10 33 989
10 34 626
10 35 177
10 36 619
10 37 97
10 38 24
10 39 86
10 40 514
10 41 866
10 42 107
10 43 453
10 44 876
10 45 49
10 46 39
10 47 588
10 48 835
10 49 769
10 50 917
10 51 51
10 52 776
10 53 69
10 54 42
10 55 10
10 56 490
10 57 105
10 58 812
10 59 487
10 60 884
10 61 306
10 62 102
10 63 859
10 64 294
10 65 79
10 66 387
10 67 913
10 68 176
10 69 762
10 70 350
10 71 689
10 72 627
10 73 456
10 74 493
10 75 854
11 1 856
11 2 531
11 3 793
11 4 43
11 6 300
11 7 709
11 8 93
11 9 75
11 10 129
11 12 487
11 13 84
11 14 618
11 15 943
11 16 247
11 17 456
11 18 826
11 19 552
11 20 910
11 21 36
11 22 846
11 23 340
11 24 422
11 25 110
11 26 515
11 27 184
11 28 459
11 29 555
11 30 162
11 31 266
11 32 47
11 33 368
11 34 122
11 35 930
11 36 160
11 37 164
11 38 229
11 39 221
11 40 608
11 41 655
11 42 349
11 43 94
11 44 90
11 45 319
11 46 388
11 47 336
11 48 126
11 49 565
11 50 239
11 51 35
11 52 600
11 53 84
11 54 727
11 55 374
11 56 193
11 57 593
11 58 909
11 59 3
11 60 148
11 61 422
11 62 269
11 63 546
11 64 789
11 65 742
11 66 475
11 67 301
11 68 905
11 69 55
11 70 521
11 71 512
11 72 61
11 73 869
11 74 958
11 75 150
12 1 187
12 2 345
12 3 837
12 4 665
12 5 910
12 6 76
12 7 51
12 8 861
12 9 511
12 10 777
12 11 586
12 13 56
12 14 370
12 15 494
12 16 58
12 17 517
12 18 916
12 19 678
12 20 414
12 21 56
12 22 419
12 23 241
12 24 356
12 25 323
12 26 647
12 27 876
12 28 187
12 29 708
12 30 97
12 32 496
12 33 209
12 34 635
12 35 840
12 36 46
12 37 299
12 38 101
12 39 473
12 40 350
12 41 962
12 42 983
12 43 126
12 44 547
12 45 38
12 46 495
12 47 393
12 48 448
12 49 363
12 50 308
12 51 477
12 52 777
12 53 363
12 54 896
12 55 369
12 56 71
12 57 570
12 58 15
12 59 946
12 60 108
12 61 722
12 62 42
12 63 603
12 64 931
12 65 29
12 66 443
12 67 328
12 68 327
12 69 543
12 70 800
12 71 676
12 72 856
12 73 134
12 74 154
12 75 403
13 2 524
13 3 648
13 4 795
13 5 971
13 6 11
13 7 454
13 8 799
13 9 139
13 10 168
13 11 694
13 12 859
13 14 238
13 15 616
13 17 873
13 18 536
13 19 723
13 20 947
13 21 577
13 22 326
13 23 229
13 24 605
13 25 120
13 26 908
13 27 284
13 28 14
13 29 707
13 30 959
13 31 870
13 32 192
13 33 464
13 34 272
13 35 715
13 36 112
13 37 418
13 38 37
13 39 474
13 40 223
13 41 836
13 42 964
13 43 390
13 44 881
13 45 822
13 46 980
13 48 496
13 49 46
13 50 515
13 51 219
13 52 992
13 53 443
13 54 896
13 55 572
13 56 48
13 57 15
13 58 479
13 59 683
13 60 28
13 61 537
13 62 993
13 63 249
13 64 729
13 66 457
13 67 872
13 68 795
13 69 568
13 70 289
13 71 832
13 72 393
13 73 863
13 74 667
13 75 356
14 1 253
14 2 899
14 3 177
14 4 584
14 5 395
14 6 574
14 8 98
14 9 965
14 10 566
14 11 540
14 12 860
14 13 489
14 15 939
14 16 226
14 17 968
14 18 621
14 19 605
14 20 504
14 21 614
14 22 854
14 23 584
14 25 422
14 26 725
14 27 379
14 28 341
14 29 366
14 30 210
14 31 733
14 32 228
14 33 228
14 34 88
14 35 832
14 36 126
14 37 616
14 38 415
14 39 872
14 40 189
14 41 512
14 42 836
14 43 106
14 44 404
14 45 47
14 46 595
14 47 342
14 48 272
14 49 562
14 50 315
14 51 229
14 52 417
14 53 928
14 54 82
14 55 1
14 56 349
14 57 158
14 58 731
14 59 41
14 60 523
14 61 940
14 62 773
14 63 103
14 64 519
14 66 212
14 67 934
14 68 996
14 69 827
14 70 701
14 71 868
14 72 367
14 73 564
14 74 703
14 75 825
15 1 967
15 2 102
15 3 419
15 4 661
15 5 373
15 6 332
15 7 975
15 8 953
15 9 100
15 10 902
15 11 34
15 12 452
15 13 602
15 14 192
15 16 182
15 17 642
15 18 66
15 19 473
15 20 766
15 21 168
15 22 991
15 23 977
15 24 102
15 25 339
15 26 155
15 27 154
15 28 206
15 29 873
15 30 717
15 31 260
15 32 697
15 33 36
15 34 361
15 35 467
15 36 696
15 37 86
15 38 798
15 39 670
15 40 38
15 41 250
15 42 923
15 43 424
15 44 701
15 45 876
15 46 615
15 47 883
15 48 517
15 49 32
15 50 707
15 51 634
15 52 200
15 54 50
15 55 610
15 56 653
15 57 388
15 58 116
15 59 806
15 60 593
15 61 988
15 62 874
15 63 204
15 64 685
15 65 909
15 66 917
15 67 503
15 68 604
15 69 2
15 70 653
15 71 273
15 72 391
15 73 902
15 74 195
15 75 814
16 1 602
16 2 70
16 3 780
16 4 836
16 5 938
16 6 812
16 7 543
16 8 571
16 9 363
16 10 944
16 11 532
16 12 15
16 13 331
16 14 647
16 15 820
16 17 275
16 18 987
16 19 693
16 20 478
16 21 23
16 22 602
16 23 394
16 24 525
16 25 557
16 27 747
16 28 177
16 29 830
16 30 490
16 31 78
16 32 376
16 33 655
16 34 32
16 35 446
16 36 787
16 37 219
16 38 735
16 39 950
16 40 761
16 41 658
16 42 312
16 43 56
16 44 189
16 45 326
16 46 386
16 47 188
16 48 145
16 49 660
16 50 526
16 51 189
16 52 490
16 53 548
16 54 142
16 55 235
16 56 72
16 57 699
16 58 982
16 59 249
16 60 528
16 61 823
16 62 678
16 63 255
16 64 477
16 65 709
16 66 700
16 67 615
16 68 928
16 69 787
16 70 564
16 71 40
16 72 444
16 73 875
16 74 96
16 75 984
17 1 200
17 2 481
17 3 523
17 4 696
17 5 493
17 6 48
17 7 237
17 8 982
17 9 595
17 11 378
17 12 216
17 13 19
17 14 76
17 15 549
17 16 267
17 18 955
17 19 371
17 20 944
17 21 210
17 22 200
17 23 5
17 24 261
17 25 814
17 26 932
17 27 47
17 28 378
17 29 323
17 30 842
17 31 252
17 32 418
17 33 826
17 34 804
17 35 251
17 36 700
17 37 499
17 38 743
17 39 748
17 40 87
17 41 724
17 42 694
17 43 465
17 44 939
17 45 712
17 46 892
17 47 488
17 48 978
17 49 199
17 50 210
17 51 274
17 52 408
17 53 409
17 54 278
17 55 20
17 56 575
17 57 561
17 58 419
17 59 304
17 60 883
17 61 260
17 62 907
17 63 301
17 64 437
17 65 710
17 66 551
17 67 137
17 68 561
17 69 645
17 70 236
17 71 647
17 72 368
17 73 929
17 74 463
17 75 658
18 1 641
18 2 355
18 3 497
18 4 970
18 5 553
18 6 59
18 7 243
18 8 312
18 9 819
18 10 872
18 11 331
18 12 393
18 13 432
18 14 749
18 15 696
18 16 315
18 17 361
18 19 603
18 20 967
18 21 797
18 22 664
18 23 517
18 24 285
18 25 224
18 26 513
18 27 520
18 28 223
18 29 880
18 30 449
18 31 685
18 32 889
18 33 441
18 34 39
18 35 386
18 36 410
18 37 943
18 38 796
18 39 653
18 40 254
18 41 614
18 42 524
18 43 937
18 44 7
18 45 308
18 46 37
18 47 54
18 48 622
18 49 397
18 51 8
18 52 940
18 53 546
18 54 672
18 55 808
18 56 182
18 57 895
18 58 320
18 59 702
18 60 469
18 61 551
18 62 502
18 63 154
18 64 439
18 65 942
18 66 544
18 67 176
18 68 351
18 69 487
18 70 971
18 71 3
18 72 92
18 73 585
18 74 879
18 75 28
19 1 943
19 2 538
19 3 417
19 4 996
19 5 511
19 6 813
19 7 4
19 8 450
19 9 710
19 10 675
19 11 257
19 12 892
19 13 921
19 14 576
19 15 945
19 16 390
19 17 126
19 18 446
19 20 543
19 21 916
19 22 387
19 23 86
19 24 92
19 25 737
19 26 924
19 27 62
19 28 92
19 29 16
19 30 998
19 31 322
19 32 395
19 33 940
19 34 859
19 35 811
19 36 288
19 37 721
19 38 976
19 39 291
19 40 170
19 41 685
19 42 317
19 43 778
19 44 928
19 45 237
19 46 353
19 47 872
19 48 978
19 49 830
19 50 669
19 51 872
19 52 745
19 53 55
19 54 310
19 55 188
19 56 792
19 57 233
19 58 250
19 59 235
19 60 600
19 61 599
19 62 556
19 63 995
19 64 539
19 65 766
19 66 157
19 67 826
19 68 486
19 69 132
19 70 468
19 72 7
19 73 169
19 74 784
19 75 784
20 1 448
20 2 372
20 3 488
20 4 320
20 5 702
20 6 317
20 7 988
20 8 573
20 9 413
20 10 395
20 11 882
20 12 601
20 13 538
20 14 467
20 15 202
20 16 772
20 17 66
20 18 800
20 19 679
20 21 412
20 22 690
20 23 444
20 24 569
20 25 867
20 26 281
20 27 700
20 28 334
20 29 287
20 30 220
20 31 469
20 32 422
20 33 668
20 34 193
20 35 909
20 36 987
20 37 894
20 38 577
20 39 326
20 40 466
20 41 989
20 42 72
20 43 348
20 44 941
20 45 609
20 46 166
20 47 142
20 48 380
20 49 231
20 50 294
20 51 58
20 52 995
20 53 983
20 54 853
20 55 563
20 56 202
20 57 133
20 58 262
20 59 887
20 60 771
20 61 482
20 62 356
20 63 544
20 64 501
20 65 548
20 66 452
20 67 487
20 68 441
20 69 380
20 70 164
20 71 258
20 72 721
20 74 236
20 75 957
21 1 661
21 2 196
21 3 122
21 4 155
21 5 576
21 6 705
21 7 800
21 8 985
21 9 699
21 10 782
21 11 838
21 12 261
21 13 335
21 14 322
21 15 874
21 16 222
21 17 445
21 18 707
21 19 577
21 20 988
21 22 207
21 23 476
21 24 792
21 25 45
21 26 268
21 27 171
21 28 561
21 29 877
21 30 891
21 31 148
21 32 834
21 33 904
21 34 343
21 35 307
21 36 58
21 37 270
21 38 11
21 39 857
21 40 255
21 41 709
21 42 990
21 43 92
21 44 321
21 45 677
21 46 765
21 47 547
21 48 898
21 49 209
21 50 605
21 51 826
21 52 197
21 53 812
21 54 653
21 55 340
21 56 208
21 57 272
21 58 510
21 59 768
21 60 148
21 61 753
21 62 267
21 63 981
21 64 656
21 65 610
21 66 640
21 67 65
21 68 879
21 69 650
21 70 273
21 71 133
21 73 711
21 74 614
21 75 576
22 1 383
22 2 290
22 3 341
22 4 929
22 5 539
22 6 901
22 7 534
22 8 364
22 9 449
22 10 697
22 11 16
22 12 788
22 13 904
22 14 287
22 15 650
22 16 24
22 17 787
22 18 402
22 19 290
22 20 119
22 21 409
22 23 251
22 24 758
22 25 473
22 26 130
22 27 408
22 28 97
22 29 614
22 30 470
22 31 710
22 32 542
22 33 852
22 34 352
22 35 234
22 36 133
22 37 890
22 38 134
22 39 18
22 40 254
22 41 935
22 42 714
22 43 621
22 44 722
22 45 969
22 46 260
22 47 371
22 48 344
22 49 46
22 50 124
22 51 634
22 52 164
22 53 532
22 54 236
22 55 274
22 56 356
22 57 717
22 58 33
22 59 452
22 60 331
22 61 502
22 62 162
22 63 224
22 65 705
22 66 865
22 67 457
22 68 189
22 69 754
22 70 942
22 71 206
22 72 7
22 73 876
22 74 271
22 75 980
23 1 950
23 2 592
23 3 239
23 4 672
23 5 935
23 6 636
23 7 796
23 8 920
23 9 151
23 10 327
23 11 156
23 12 424
23 13 683
23 14 872
23 15 456
23 16 486
23 17 554
23 18 309
23 19 999
23 20 129
23 21 14
23 22 863
23 24 937
23 25 202
23 26 617
23 27 879
23 28 760
23 29 975
23 30 106
23 31 30
23 32 954
23 33 407
23 34 621
23 35 544
23 36 79
23 37 908
23 38 531
23 39 874
23 40 827
23 41 682
23 42 552
23 43 982
23 44 457
23 45 586
23 46 206
23 47 265
23 48 72
23 49 111
23 50 925
23 51 70
23 52 240
23 53 290
23 54 933
23 55 176
23 56 844
23 57 901
23 58 406
23 59 603
23 60 875
23 61 864
23 62 984
23 63 181
23 64 270
23 65 605
23 67 724
23 68 700
23 69 512
23 70 255
23 71 573
23 72 690
23 73 288
23 74 477
23 75 24
24 1 96
24 2 62
24 3 229
24 4 712
24 5 133
24 6 691
24 7 637
24 8 555
24 9 930
24 10 926
24 11 839
24 12 458
24 13 769
24 14 739
24 15 215
24 16 723
24 17 613
24 18 78
24 19 707
24 20 793
24 21 348
24 22 663
24 23 869
24 25 47
24 26 526
24 27 475
24 28 972
24 29 215
24 30 114
24 31 448
24 32 238
24 33 209
24 34 861
24 35 818
24 36 921
24 37 346
24 38 861
24 39 909
24 40 900
24 41 790
24 42 834
24 43 738
24 44 599
24 45 955
24 46 476
24 47 814
24 48 677
24 50 440
24 51 891
24 52 735
24 53 585
24 54 590
24 55 397
24 56 453
24 57 989
24 58 274
24 59 927
24 60 960
24 61 841
24 62 40
24 63 759
24 64 430
24 65 600
24 66 971
24 67 248
24 68 872
24 69 316
24 70 108
24 71 780
24 72 215
24 73 249
24 74 966
24 75 952
25 1 200
25 2 272
25 3 779
25 4 13
25 5 300
25 6 219
25 7 255
25 8 35
25 9 803
25 10 197
25 11 783
25 12 607
25 13 185
25 14 57
25 15 885
25 16 496
25 17 897
25 18 924
25 19 606
25 20 678
25 21 875
25 22 576
25 23 925
25 24 99
25 26 892
25 27 384
25 28 878
25 29 106
25 30 985
25 31 195
25 32 410
25 33 184
25 34 818
25 35 188
25 36 548
25 37 118
25 38 758
25 39 154
25 40 504
25 41 912
25 42 350
25 43 286
25 44 518
25 45 534
25 46 694
25 47 402
25 48 381
25 49 942
25 50 677
25 51 986
25 52 620
25 53 904
25 54 562
25 55 896
25 56 2
25 57 805
25 58 632
25 59 231
25 60 910
25 61 616
25 62 426
25 63 671
25 64 151
25 65 595
25 66 211
25 67 50
25 68 712
25 69 320
25 70 203
25 71 215
25 72 232
25 74 553
25 75 853
26 1 749
26 2 438
26 3 898
26 4 503
26 5 819
26 6 192
26 7 531
26 8 156
26 10 811
26 11 434
26 12 717
26 13 58
26 14 435
26 15 873
26 16 689
26 17 666
26 18 135
26 19 656
26 20 443
26 21 805
26 22 158
26 23 37
26 24 367
26 25 207
26 27 101
26 28 687
26 29 762
26 30 315
26 31 918
26 32 666
26 33 519
26 34 18
26 35 103
26 36 417
26 37 520
26 38 273
26 39 960
26 40 51
26 41 429
26 42 122
26 43 836
26 44 497
26 45 179
26 46 271
26 47 370
26 48 220
26 49 288
26 50 504
26 51 227
26 52 730
26 53 308
26 54 385
26 55 118
26 56 675
26 57 943
26 58 218
26 59 361
26 60 704
26 61 885
26 62 630
26 63 721
26 64 403
26 65 647
26 66 824
26 67 171
26 68 519
26 69 96
26 70 130
26 71 569
26 72 524
26 73 251
26 74 404
26 75 373
27 1 782
27 2 26
27 3 742
27 4 1
27 5 313
27 6 245
27 7 227
27 8 394
27 9 904
27 10 963
27 11 512
27 12 930
27 13 258
27 14 729
27 15 642
27 16 313
27 17 965
27 18 271
27 19 34
27 20 368
27 21 918
27 22 857
27 23 890
27 24 788
27 25 304
27 26 20
27 28 708
27 29 180
27 30 622
27 31 463
27 32 552
27 33 403
27 34 489
27 35 293
27 36 403
27 37 153
27 38 889
27 39 982
27 40 547
27 42 792
27 43 296
27 44 410
27 45 722
27 46 553
27 47 490
27 48 363
27 49 866
27 50 455
27 51 986
27 52 251
27 53 174
27 54 255
27 55 107
27 56 63
27 57 42
27 58 762
27 59 82
27 60 749
27 61 941
27 62 56
27 63 211
27 64 844
27 65 458
27 66 51
27 67 136
27 68 213
27 69 204
27 70 24
27 71 546
27 72 102
27 73 168
27 74 841
27 75 511
28 1 241
28 2 746
28 3 352
28 4 955
28 5 611
28 6 806
28 7 940
28 8 861
28 9 979
28 10 194
28 11 319
28 13 394
28 14 587
28 15 432
28 16 827
28 17 687
28 18 373
28 19 882
28 20 898
28 21 216
28 22 340
28 23 300
28 24 704
28 25 904
28 26 855
28 27 79
28 29 449
28 30 956
28 31 246
28 32 641
28 33 818
28 34 486
28 35 386
28 36 170
28 37 441
28 38 348
28 39 327
28 40 732
28 41 560
28 42 658
28 43 926
28 44 878
28 45 51
28 46 864
28 47 310
28 48 877
28 49 551
28 50 34
28 51 111
28 52 800
28 53 601
28 54 450
28 55 99
28 56 304
28 57 705
28 58 954
28 59 383
28 60 153
28 61 261
28 62 980
28 63 793
28 64 79
28 65 466
28 66 531
28 67 600
28 68 258
28 69 878
28 70 278
28 71 989
28 72 438
28 73 935
28 74 266
28 75 667
29 1 985
29 2 130
29 3 328
29 4 214
29 5 680
29 6 361
29 7 324
29 8 831
29 9 314
29 10 125
29 11 929
29 12 617
29 13 829
29 14 234
29 15 351
29 16 333
29 17 495
29 18 331
29 19 477
29 20 573
29 21 148
29 22 7
29 23 524
29 24 757
29 25 885
29 26 801
29 27 745
29 28 322
29 30 736
29 31 11
29 32 340
29 33 72
29 34 492
29 35 668
29 36 637
29 37 523
29 38 28
29 39 312
29 40 353
29 41 341
29 42 436
29 43 281
29 44 310
29 45 616
29 47 515
29 48 12
29 49 300
29 51 361
29 52 342
29 53 777
29 54 285
29 55 841
29 56 783
29 57 808
29 58 597
29 59 19
29 60 960
29 61 694
29 62 692
29 63 47
29 64 56
29 65 32
29 66 119
29 67 899
29 68 699
29 69 107
29 70 421
29 71 78
29 72 419
29 73 773
29 75 771
30 1 854
30 2 405
30 3 80
30 4 822
30 5 271
30 6 443
30 7 121
30 8 983
30 9 137
30 10 897
30 11 267
30 12 977
30 13 32
30 14 426
30 15 926
30 16 402
30 17 386
30 18 971
30 19 94
30 20 432
30 21 378
30 22 477
30 23 902
30 24 276
30 25 175
30 26 9
30 27 696
30 28 604
30 29 779
30 31 820
30 32 374
30 33 984
30 34 576
30 35 805
30 36 805
30 37 199
30 38 248
30 39 278
30 40 181
30 41 384
30 42 526
30 43 800
30 44 712
30 45 909
30 46 225
30 47 989
30 48 311
30 49 610
30 50 959
30 51 756
30 52 394
30 53 336
30 54 232
30 55 295
30 56 963
30 57 758
30 58 655
30 59 10
30 60 361
30 61 433
30 62 829
30 63 87
30 64 769
30 65 757
30 66 891
30 67 573
30 68 307
30 69 490
30 70 202
30 71 487
30 72 225
30 74 728
30 75 638
31 1 937
31 2 636
31 3 863
31 4 277
31 5 946
31 6 472
31 7 588
31 8 53
31 9 865
31 10 923
31 11 284
31 12 512
31 13 238
31 14 41
31 15 518
31 16 247
31 17 754
31 18 303
31 19 428
31 20 840
31 21 71
31 22 184
31 23 82
31 24 995
31 25 842
31 26 924
31 27 197
31 28 680
31 29 148
31 30 924
31 33 318
31 34 436
31 35 559
31 36 180
31 37 713
31 38 857
31 39 3
31 40 300
31 41 909
31 42 868
31 43 574
31 44 545
31 45 731
31 46 811
31 47 937
31 48 248
31 49 410
31 50 690
31 51 902
31 52 837
31 53 881
31 54 972
31 55 20
31 56 315
31 57 967
31 58 213
31 59 238
31 60 515
31 61 892
31 62 737
31 63 790
31 64 209
31 65 173
31 66 700
31 67 388
31 68 237
31 70 556
31 71 391
31 72 888
31 73 817
31 74 610
31 75 461
32 1 361
32 2 692
32 3 624
32 4 649
32 5 939
32 6 33
32 7 691
32 8 841
32 9 221
32 10 571
32 11 164
32 12 240
32 13 237
32 14 482
32 15 804
32 16 826
32 17 996
32 18 695
32 19 563
32 20 137
32 21 904
32 22 87
32 23 837
32 24 291
32 26 675
32 27 744
32 28 33
32 29 562
32 30 560
32 31 642
32 33 374
32 34 272
32 35 333
32 36 349
32 37 921
32 38 624
32 39 381
32 40 611
32 41 816
32 42 601
32 43 533
32 44 979
32 45 192
32 46 122
32 47 813
32 48 995
32 49 947
32 50 160
32 51 690
32 52 861
32 53 297
32 54 945
32 55 947
32 56 133
32 57 235
32 58 621
32 59 228
32 60 268
32 61 534
32 62 788
32 63 261
32 64 908
32 65 411
32 66 946
32 67 256
32 68 683
32 69 569
32 71 989
32 72 645
32 73 736
32 74 941
32 75 530
33 1 714
33 2 485
33 3 651
33 4 878
33 5 831
33 6 597
33 7 38
33 9 872
33 10 810
33 12 686
33 13 816
33 14 756
33 15 818
33 16 403
33 17 729
33 18 397
33 19 670
33 20 262
33 21 184
33 22 282
33 23 169
33 24 947
33 25 227
33 26 777
33 27 981
33 28 795
33 29 765
33 30 626
33 31 530
33 32 705
33 34 507
33 35 596
33 36 189
33 37 157
33 38 825
33 39 20
33 40 105
33 41 214
33 42 891
33 43 914
33 44 899
33 45 59
33 46 22
33 47 68
33 48 461
33 49 750
33 50 465
33 51 130
33 52 363
33 53 1000
33 54 763
33 55 532
33 56 946
33 57 990
33 58 308
33 59 927
33 60 136
33 61 424
33 62 904
33 63 18
33 64 128
33 65 410
33 66 965
33 67 669
33 68 918
33 69 141
33 70 688
33 71 22
33 72 355
33 73 930
33 74 288
33 75 253
34 1 988
34 2 309
34 3 321
34 4 448
34 5 58
34 6 785
34 7 929
34 8 420
34 9 136
34 10 44
34 11 303
34 12 82
34 13 33
34 14 962
34 15 360
34 16 520
34 17 385
34 18 615
34 19 889
34 20 865
34 21 24
34 22 205
34 23 533
34 24 941
34 25 346
34 26 572
34 27 314
34 28 700
34 29 501
34 30 601
34 31 952
34 32 841
34 33 909
34 35 624
34 36 640
34 38 318
34 39 760
34 40 921
34 41 90
34 43 896
34 44 964
34 45 744
34 46 329
34 47 348
34 48 58
34 49 40
34 50 219
34 51 442
34 52 654
34 53 108
34 54 306
34 55 29
34 56 312
34 57 190
34 58 321
34 59 657
34 60 761
34 61 634
34 62 356
34 63 614
34 64 587
34 65 660
34 66 454
34 67 847
34 68 283
34 69 445
34 70 517
34 71 395
34 72 365
34 73 606
34 74 290
34 75 328
35 1 701
35 2 618
35 3 27
35 4 758
35 5 657
35 6 246
35 7 552
35 8 662
35 9 353
35 10 209
35 11 690
35 12 16
35 13 399
35 14 10
35 15 673
35 16 159
35 17 995
35 18 380
35 19 772
35 20 581
35 21 391
35 22 577
35 23 428
35 25 26
35 26 22
35 27 296
35 28 420
35 29 738
35 30 253
35 31 709
35 32 418
35 33 953
35 34 678
35 36 444
35 37 63
35 38 334
35 39 689
35 40 614
35 41 347
35 42 393
35 43 822
35 44 36
35 45 761
35 46 220
35 47 397
35 48 785
35 49 731
35 50 391
35 51 516
35 52 502
35 53 324
35 54 907
35 55 431
35 56 103
35 57 932
35 58 452
35 59 398
35 60 351
35 61 189
35 62 650
35 63 59
35 64 958
35 65 954
35 66 736
35 67 402
35 68 16
35 69 421
35 70 442
35 71 629
35 72 119
35 73 187
35 74 803
35 75 154
36 1 947
36 2 374
36 3 902
36 4 731
36 5 104
36 6 292
36 8 598
36 9 958
36 10 967
36 11 504
36 12 388
36 13 421
36 14 435
36 15 191
36 16 818
36 17 137
36 18 731
36 19 819
36 20 195
36 21 689
36 22 773
36 23 282
36 24 90
36 25 788
36 26 54
36 27 883
36 28 769
36 29 172
36 30 421
36 31 923
36 32 677
36 33 367
36 34 296
36 35 578
36 37 449
36 38 400
36 39 222
36 40 47
36 41 709
36 42 540
36 43 902
36 44 96
36 45 961
36 46 337
36 47 286
36 48 130
36 49 473
36 50 368
36 51 949
36 52 20
36 53 56
36 54 721
36 55 653
36 56 497
36 57 860
36 58 59
36 59 380
36 60 980
36 61 582
36 62 800
36 63 902
36 64 611
36 65 519
36 66 550
36 67 540
36 68 319
36 69 949
36 70 113
36 71 717
36 72 9
36 73 653
36 74 619
36 75 104
37 1 613
37 2 955
37 3 741
37 4 742
37 5 779
37 6 108
37 7 42
37 8 150
37 9 164
37 10 114
37 11 155
37 12 12
37 13 974
37 14 213
37 15 743
37 17 305
37 18 146
37 19 895
37 20 559
37 21 756
37 22 413
37 23 108
37 24 296
37 25 83
37 26 408
37 27 408
37 28 800
37 29 416
37 30 412
37 31 418
37 32 519
37 33 376
37 34 724
37 35 611
37 36 470
37 38 502
37 39 70
37 40 511
37 41 4
37 42 585
37 43 625
37 44 158
37 45 597
37 46 950
37 47 722
37 48 339
37 49 606
37 50 867
37 51 585
37 52 164
37 53 975
37 54 349
37 55 271
37 56 622
37 57 432
37 58 678
37 59 381
37 60 231
37 61 445
37 63 793
37 64 1000
37 65 315
37 66 168
37 67 723
37 68 925
37 69 989
37 70 576
37 71 995
37 72 500
37 73 579
37 74 579
37 75 476
38 1 88
38 2 527
38 3 777
38 4 809
38 5 866
38 6 382
38 7 28
38 8 450
38 9 898
38 10 2
38 11 799
38 12 520
38 13 623
38 15 582
38 16 198
38 17 3
38 18 164
38 19 994
38 20 147
38 21 163
38 22 309
38 23 667
38 24 885
38 25 233
38 26 655
38 27 812
38 28 579
38 29 506
38 30 391
38 31 510
38 32 981
38 33 478
38 34 36
38 35 109
38 36 639
38 37 253
38 39 843
38 40 666
38 41 55
38 42 740
38 43 19
38 44 853
38 45 611
38 46 641
38 47 786
38 48 160
38 49 995
38 50 949
38 51 154
38 52 494
38 53 111
38 54 462
38 55 160
38 56 347
38 57 46
38 58 166
38 59 158
38 60 625
38 61 672
38 62 900
38 63 134
38 64 4
38 65 730
38 66 521
38 67 465
38 68 368
38 69 774
38 70 307
38 71 385
38 72 828
38 73 398
38 74 403
38 75 32
39 1 8
39 2 43
39 3 817
39 4 168
39 5 389
39 6 117
39 7 321
39 8 234
39 9 227
39 10 134
39 11 393
39 12 925
39 13 179
39 14 911
39 15 82
39 16 155
39 17 582
39 18 982
39 19 640
39 20 937
39 21 63
39 22 161
39 23 401
39 24 430
39 25 286
39 26 59
39 27 814
39 28 113
39 29 456
39 30 216
39 31 496
39 32 816
39 33 610
39 34 664
39 35 335
39 36 350
39 38 780
39 40 7
39 41 584
39 42 358
39 43 140
39 44 328
39 45 282
39 46 670
39 47 238
39 48 715
39 49 825
39 50 171
39 51 696
39 52 464
39 53 108
39 54 758
39 55 976
39 56 508
39 57 539
39 58 261
39 59 567
39 60 704
39 61 725
39 62 374
39 63 271
39 64 220
39 65 541
39 66 232
39 67 883
39 68 875
39 69 582
39 70 662
39 71 233
39 72 517
39 73 371
39 74 372
39 75 844
40 1 652
40 2 42
40 3 434
40 4 367
40 5 218
40 6 604
40 7 414
40 8 681
40 9 711
40 10 524
40 11 9
40 12 571
40 13 414
40 14 269
40 15 489
40 16 118
40 17 994
40 18 214
40 19 388
40 20 565
40 21 755
40 22 620
40 23 448
40 24 981
40 25 553
40 26 461
40 27 214
40 28 69
40 29 832
40 30 937
40 31 264
40 32 483
40 33 330
40 34 697
40 36 201
40 37 547
40 38 653
40 39 615
40 41 580
40 42 715
40 43 490
40 44 588
40 45 637
40 46 903
40 47 208
40 48 125
40 49 20
40 50 553
40 51 691
40 52 760
40 53 118
40 54 797
40 55 379
40 56 565
40 57 777
40 58 283
40 59 377
40 60 342
40 61 351
40 62 208
40 63 279
40 64 966
40 65 43
40 66 960
40 67 15
40 68 243
40 69 507
40 70 667
40 71 209
40 72 438
40 73 381
40 74 50
40 75 25
41 1 18
41 2 953
41 3 584
41 4 494
41 5 972
41 6 137
41 7 536
41 8 83
41 9 254
41 10 332
41 11 461
41 12 170
41 13 461
41 14 743
41 15 898
41 16 154
41 17 445
41 18 106
41 19 784
41 20 411
41 21 500
41 22 744
41 23 777
41 24 94
41 25 250
41 26 443
41 27 303
41 28 687
41 29 175
41 30 352
41 31 63
41 32 544
41 33 656
41 34 646
41 35 390
41 36 980
41 37 134
41 38 925
41 39 62
41 40 739
41 42 609
41 43 875
41 44 260
41 45 69
41 46 969
41 47 158
41 48 222
41 49 414
41 50 263
41 51 6
41 53 176
41 54 762
41 55 749
41 56 952
41 57 207
41 58 350
41 59 746
41 60 509
41 61 388
41 62 920
41 63 213
41 64 802
41 65 816
41 66 868
41 67 799
41 69 205
41 70 199
41 71 933
41 72 129
41 73 261
41 74 671
41 75 737
42 1 135
42 2 931
42 3 157
42 4 103
42 5 88
42 6 731
42 7 868
42 8 702
42 9 88
42 10 395
42 11 815
42 12 836
42 13 346
42 14 21
42 15 537
42 16 443
42 17 882
42 18 276
42 19 363
42 20 446
42 21 77
42 22 530
42 23 665
42 24 875
42 25 734
42 27 864
42 28 807
42 29 214
42 30 124
42 32 830
42 33 303
42 34 610
42 35 112
42 36 459
42 37 712
42 38 551
42 39 541
42 40 580
42 41 604
42 43 628
42 44 974
42 45 418
42 46 815
42 47 672
42 48 790
42 49 351
42 50 466
42 51 23
42 52 626
42 53 828
42 54 468
42 55 702
42 56 357
42 57 485
42 58 929
42 59 442
42 60 348
42 61 87
42 62 656
42 63 823
42 64 916
42 65 958
42 66 432
42 67 379
42 68 768
42 69 143
42 70 281
42 71 309
42 72 74
42 73 884
42 74 936
42 75 400
43 1 653
43 2 751
43 3 423
43 4 795
43 5 453
43 6 888
43 7 817
43 8 79
43 9 68
43 10 637
43 11 132
43 12 776
43 13 121
43 14 60
43 15 218
43 16 468
43 17 147
43 18 225
43 19 642
43 20 414
43 21 182
43 22 73
43 23 145
43 24 301
43 25 215
43 26 425
43 27 609
43 28 641
43 29 661
43 30 897
43 31 392
43 32 313
43 33 999
43 34 814
43 35 459
43 36 451
43 37 701
43 38 276
43 39 881
43 40 120
43 41 264
43 42 365
43 45 896
43 46 384
43 47 776
43 48 465
43 49 203
43 50 274
43 51 689
43 52 844
43 53 40
43 54 222
43 55 268
43 56 184
43 57 522
43 58 482
43 59 960
43 60 483
43 61 474
43 62 620
43 63 731
43 64 865
43 65 285
43 66 81
43 67 678
43 68 95
43 69 531
43 70 731
43 71 722
43 72 764
43 73 202
43 74 985
43 75 480
44 1 97
44 2 720
44 3 255
44 4 913
44 5 274
44 6 881
44 7 601
44 8 469
44 9 920
44 10 174
44 11 736
44 12 455
44 13 48
44 14 570
44 15 766
44 16 882
44 17 43
44 18 738
44 19 612
44 20 908
44 21 374
44 22 692
44 23 937
44 24 468
44 25 574
44 26 19
44 27 190
44 28 689
44 29 221
44 30 174
44 31 168
44 32 669
44 33 246
44 34 775
44 35 582
44 36 519
44 37 7
44 38 534
44 39 988
44 40 926
44 41 708
44 42 75
44 43 732
44 45 107
44 46 644
44 47 497
44 48 988
44 49 687
44 50 234
44 52 599
44 53 946
44 54 607
44 55 642
44 56 234
44 57 75
44 58 567
44 59 605
44 61 616
44 62 256
44 63 825
44 64 141
44 65 775
44 66 845
44 67 386
44 68 549
44 69 778
44 70 257
44 71 907
44 72 312
44 73 596
44 74 832
44 75 371
45 1 670
45 2 915
45 3 477
45 4 314
45 5 412
45 6 464
45 7 352
45 8 645
45 9 414
45 10 649
45 11 604
45 12 55
45 13 234
45 14 30
45 15 973
45 16 838
45 17 645
45 18 228
45 19 14
45 20 785
45 21 3
45 22 859
45 24 171
45 25 903
45 26 988
45 28 427
45 29 810
45 30 299
45 31 374
45 32 993
45 33 21
45 34 43
45 35 908
45 36 497
45 37 708
45 38 671
45 39 312
45 40 411
45 41 667
45 42 77
45 43 59
45 44 270
45 46 483
45 47 645
45 48 299
45 49 456
45 50 482
45 51 943
45 52 683
45 53 848
45 54 80
45 55 37
45 56 58
45 57 250
45 58 292
45 59 45
45 60 28
45 61 453
45 62 344
45 63 753
45 64 797
45 65 716
45 66 795
45 67 704
45 68 565
45 69 855
45 70 726
45 71 876
45 72 265
45 73 393
45 74 953
45 75 676
46 1 14
46 2 435
46 3 320
46 4 313
46 5 890
46 6 153
46 7 607
46 8 925
46 9 1000
46 10 38
46 11 313
46 12 57
46 13 639
46 14 604
46 15 102
46 16 666
46 17 408
46 18 797
46 19 770
46 20 205
46 21 512
46 22 565
46 23 260
46 24 428
46 25 771
46 26 986
46 27 304
46 28 387
46 29 730
46 30 608
46 31 62
46 32 743
46 33 394
46 34 733
46 35 407
46 36 636
46 37 886
46 38 366
46 39 560
46 40 237
46 41 403
46 42 224
46 43 646
46 44 42
46 47 180
46 48 99
46 49 59
46 50 587
46 51 895
46 52 829
46 53 143
46 54 758
46 55 745
46 56 755
46 57 186
46 58 515
46 59 740
46 60 841
46 61 901
46 62 821
46 63 800
46 64 315
46 65 563
46 66 193
46 67 399
46 68 322
46 69 828
46 70 636
46 71 687
46 72 739
46 73 873
46 74 89
46 75 315
47 1 518
47 2 130
47 3 494
47 4 616
47 5 189
47 6 432
47 7 862
47 8 369
47 9 575
47 10 971
47 11 113
47 12 329
47 13 508
47 14 979
47 15 420
47 16 348
47 17 231
47 18 240
47 19 147
47 20 545
47 21 154
47 22 692
47 23 296
47 24 475
47 25 519
47 26 931
47 27 513
47 29 610
47 30 803
47 31 602
47 32 924
47 33 672
47 34 83
47 35 769
47 36 639
47 37 271
47 38 200
47 39 852
47 40 991
47 41 774
47 42 823
47 44 103
47 45 454
47 46 330
47 48 433
47 49 225
47 50 30
47 51 664
47 52 816
47 53 528
47 54 560
47 55 970
47 56 219
47 57 855
47 58 796
47 59 90
47 60 786
47 61 309
47 62 51
47 63 940
47 64 262
47 65 974
47 66 964
47 67 344
47 68 742
47 69 602
47 70 967
47 71 293
47 72 806
47 73 957
47 74 419
47 75 628
48 1 412
48 2 872
48 3 309
48 4 844
48 5 97
48 6 690
48 7 859
48 8 264
48 9 218
48 10 771
48 11 585
48 12 788
48 13 625
48 14 381
48 15 877
48 16 762
48 17 41
48 18 279
48 19 54
48 20 654
48 21 604
48 22 369
48 23 997
48 24 697
48 25 322
48 26 963
48 27 990
48 28 127
48 29 272
48 30 408
48 31 754
48 32 683
48 33 631
48 34 415
48 35 878
48 36 79
48 37 104
48 38 89
48 39 343
48 41 321
48 42 859
48 43 927
48 44 461
48 45 835
48 46 659
48 47 337
48 49 949
48 50 51
48 51 968
48 52 2
48 53 704
48 54 571
48 55 370
48 56 701
48 57 268
48 58 691
48 60 15
48 61 257
48 62 818
48 63 286
48 64 664
48 65 923
48 66 320
48 68 294
48 69 689
48 70 550
48 71 725
48 73 793
48 74 638
48 75 67
49 2 465
49 3 496
49 4 993
49 5 925
49 6 330
49 7 4
49 8 614
49 9 278
49 10 54
49 11 581
49 12 631
49 13 758
49 14 151
49 15 352
49 16 810
49 17 418
49 18 43
49 19 824
49 20 26
49 21 212
49 22 462
49 24 689
49 25 486
49 26 781
49 27 335
49 28 175
49 29 330
49 30 59
49 31 967
49 32 967
49 33 477
49 34 431
49 35 814
49 36 821
49 37 708
49 38 496
49 39 824
49 40 321
49 41 125
49 42 230
49 43 901
49 44 756
49 45 987
49 46 51
49 47 107
49 48 148
49 50 821
49 51 501
49 52 323
49 53 846
49 54 64
49 55 784
49 56 887
49 57 550
49 58 917
49 59 221
49 60 76
49 61 246
49 62 631
49 63 42
49 64 565
49 65 459
49 66 824
49 67 378
49 68 279
49 69 531
49 70 225
49 71 103
49 72 203
49 73 350
49 74 332
49 75 103
50 1 105
50 3 670
50 4 506
50 5 563
50 6 169
50 7 326
50 8 416
50 9 491
50 10 171
50 11 479
50 12 275
50 13 57
50 14 380
50 15 191
50 16 629
50 17 455
50 18 788
50 19 611
50 20 848
50 21 704
50 22 69
50 23 24
50 24 434
50 25 348
50 26 906
50 27 658
50 28 802
50 29 109
50 30 7
50 31 485
50 32 211
50 33 463
50 34 506
50 35 716
50 36 378
50 37 674
50 38 41
50 39 793
50 40 164
50 41 564
50 42 271
50 43 790
50 44 620
50 45 651
50 46 332
50 47 601
50 48 105
50 49 472
50 51 211
50 52 305
50 53 175
50 54 280
50 55 328
50 56 608
50 57 979
50 58 233
50 59 266
50 60 780
50 61 341
50 62 624
50 63 616
50 64 552
50 65 87
50 66 121
50 67 619
50 68 464
50 69 794
50 70 12
50 71 256
50 72 309
50 73 575
50 74 878
50 75 451
51 1 546
51 2 528
51 3 134
51 4 146
51 6 985
51 7 605
51 8 709
51 9 289
51 10 780
51 11 340
51 12 616
51 13 387
51 14 318
51 15 200
51 16 4
51 17 449
51 18 541
51 19 628
51 20 64
51 21 444
51 22 66
51 23 536
51 24 62
51 25 529
51 26 329
51 27 73
51 28 136
51 29 989
51 30 647
51 31 13
51 32 791
51 33 545
51 34 893
51 35 925
51 37 690
51 38 229
51 39 529
51 40 750
51 41 869
51 42 660
51 43 89
51 44 484
51 45 399
51 46 758
51 47 683
51 48 402
51 49 206
51 50 575
51 52 381
51 53 621
51 54 18
51 55 446
51 56 156
51 57 80
51 58 326
51 59 836
51 60 152
51 61 461
51 62 825
51 63 151
51 64 826
51 65 967
51 66 695
51 67 70
51 68 891
51 69 736
51 70 650
51 71 772
51 72 486
51 73 518
51 74 431
51 75 574
52 1 353
52 2 829
52 3 332
52 4 387
52 5 231
52 7 889
52 8 962
52 9 611
52 10 510
52 11 979
52 12 409
52 13 17
52 14 410
52 15 734
52 16 853
52 17 562
52 18 547
52 19 29
52 20 64
52 21 724
52 22 995
52 23 110
52 24 145
52 25 886
52 26 197
52 27 794
52 28 9
52 29 682
52 30 311
52 31 439
52 32 608
52 33 663
52 34 268
52 35 291
52 36 49
52 37 850
52 38 179
52 39 10
52 40 812
52 41 40
52 42 341
52 43 220
52 44 409
52 45 750
52 46 306
52 47 261
52 48 663
52 49 852
52 50 289
52 51 726
52 53 927
52 54 635
52 55 187
52 56 71
52 57 872
52 58 384
52 59 864
52 60 880
52 61 417
52 62 174
52 63 319
52 64 24
52 65 836
52 66 938
52 67 666
52 68 236
52 69 139
52 70 197
52 71 246
52 72 950
52 73 588
52 74 586
52 75 522
53 1 996
53 2 687
53 3 179
53 4 256
53 5 350
53 6 30
53 7 896
53 8 75
53 9 308
53 10 883
53 11 614
53 12 378
53 13 754
53 14 997
53 15 241
53 16 634
53 17 765
53 18 766
53 19 304
53 20 789
53 21 953
53 22 241
53 23 806
53 24 188
53 25 379
53 26 2
53 27 785
53 28 680
53 29 590
53 30 722
53 31 201
53 32 585
53 33 409
53 34 731
53 35 193
53 36 758
53 37 760
53 38 440
53 39 184
53 40 67
53 41 322
53 42 149
53 43 796
53 44 76
53 45 145
53 46 36
53 47 61
53 48 262
53 49 153
53 50 364
53 51 50
53 52 105
53 54 604
53 55 207
53 56 645
53 58 334
53 59 209
53 60 429
53 61 13
53 62 150
53 63 503
53 64 566
53 65 86
53 66 263
53 67 296
53 68 278
53 69 372
53 70 408
53 71 70
53 72 555
53 73 826
53 74 391
53 75 704
54 1 622
54 2 818
54 3 200
54 4 9
54 5 878
54 6 461
54 7 514
54 8 241
54 10 862
54 11 618
54 12 196
54 13 69
54 14 614
54 15 529
54 16 629
54 17 395
54 18 542
54 20 778
54 21 897
54 22 459
54 23 863
54 24 159
54 25 106
54 26 493
54 27 530
54 28 513
54 29 562
54 30 436
54 31 339
54 32 304
54 33 491
54 34 312
54 35 122
54 36 43
54 37 672
54 38 351
54 39 855
54 40 185
54 41 592
54 42 717
54 43 803
54 44 787
54 45 137
54 46 768
54 47 668
54 48 117
54 49 162
54 50 561
54 51 894
54 52 58
54 53 19
54 55 108
54 56 568
54 57 124
54 58 600
54 59 449
54 60 989
54 61 513
54 62 885
54 64 679
54 65 817
54 66 727
54 67 990
54 68 290
54 69 769
54 70 661
54 71 640
54 72 624
54 73 198
54 74 231
54 75 692
55 1 352
55 2 370
55 3 180
55 4 119
55 5 389
55 6 296
55 7 281
55 8 949
55 9 541
55 10 338
55 11 319
55 12 648
55 13 258
55 14 794
55 15 600
55 16 706
55 17 782
55 18 112
55 19 942
55 20 460
55 22 280
55 23 669
55 24 801
55 25 569
55 26 789
55 27 462
55 28 561
55 29 764
55 30 659
55 31 143
55 32 455
55 33 10
55 34 864
55 35 634
55 36 128
55 37 252
55 38 281
55 39 760
55 40 200
55 41 821
55 42 98
55 43 870
55 44 469
55 45 707
55 46 664
55 47 420
55 48 412
55 49 445
55 50 883
55 51 706
55 52 905
55 53 163
55 54 374
55 56 705
55 57 83
55 58 514
55 59 518
55 60 995
55 61 278
55 62 528
55 63 138
55 64 84
55 65 889
55 66 1
55 67 70
55 68 369
55 69 253
55 70 350
55 71 128
55 72 804
55 73 171
55 74 577
55 75 674
56 1 991
56 2 283
56 3 337
56 4 410
56 5 47
56 6 133
56 7 644
56 8 752
56 9 37
56 10 158
56 11 477
56 12 94
56 13 241
56 14 990
56 15 963
56 16 587
56 17 267
56 18 843
56 19 724
56 20 703
56 21 731
56 22 725
56 23 772
56 24 451
56 25 329
56 26 121
56 27 931
56 28 484
56 29 291
56 30 507
56 31 157
56 33 633
56 34 142
56 35 845
56 36 394
56 37 188
56 38 978
56 39 38
56 40 939
56 41 366
56 42 195
56 43 415
56 44 811
56 45 787
56 46 756
56 47 126
56 48 374
56 49 375
56 50 968
56 51 449
56 52 77
56 53 50
56 54 525
56 55 848
56 57 501
56 58 853
56 59 968
56 60 431
56 61 337
56 62 611
56 63 289
56 64 845
56 65 595
56 66 430
56 67 42
56 68 989
56 69 969
56 70 371
56 71 378
56 72 259
56 73 736
56 74 572
56 75 673
57 1 899
57 2 711
57 3 781
57 4 24
57 5 436
57 6 155
57 7 991
57 8 884
57 9 231
57 10 392
57 11 409
57 12 78
57 13 892
57 14 613
57 15 397
57 16 674
57 17 301
57 18 7
57 19 315
57 20 498
57 21 954
57 22 96
57 23 539
57 24 942
57 25 65
57 26 261
57 27 319
57 28 323
57 29 996
57 30 242
57 31 348
57 32 246
57 33 304
57 34 128
57 35 621
57 36 739
57 37 634
57 38 963
57 39 975
57 40 864
57 41 355
57 43 383
57 44 293
57 45 246
57 46 347
57 47 689
57 48 272
57 49 648
57 50 48
57 51 586
57 52 497
57 53 1
57 54 33
57 55 387
57 56 294
57 58 449
57 59 647
57 60 964
57 61 772
57 62 994
57 63 205
57 64 471
57 65 240
57 66 861
57 67 950
57 68 860
57 69 599
57 70 583
57 71 823
57 72 573
57 73 798
57 74 529
57 75 307
58 1 90
58 2 126
58 3 6
58 4 130
58 5 397
58 6 5
58 7 529
58 8 334
58 9 501
58 10 529
58 11 367
58 12 887
58 13 174
58 14 815
58 15 533
58 16 137
58 17 938
58 18 878
58 19 694
58 20 760
58 21 117
58 22 554
58 23 61
58 24 329
58 25 152
58 26 643
58 27 503
58 28 77
58 29 440
58 30 31
58 31 735
58 32 881
58 33 156
58 34 740
58 35 11
58 36 905
58 37 96
58 38 539
58 39 238
58 40 596
58 41 420
58 42 956
58 43 834
58 44 945
58 45 123
58 46 718
58 47 82
58 48 412
58 49 596
58 50 127
58 51 172
58 52 64
58 53 680
58 54 232
58 56 392
58 57 183
58 59 227
58 60 246
58 61 611
58 62 18
58 63 276
58 64 346
58 65 251
58 66 784
58 67 437
58 68 261
58 69 688
58 70 533
58 71 151
58 72 277
58 73 480
58 74 922
58 75 233
59 1 666
59 2 219
59 3 707
59 4 383
59 5 300
59 6 118
59 7 978
59 8 778
59 9 641
59 10 42
59 11 457
59 12 225
59 13 785
59 14 991
59 15 803
59 16 31
59 17 602
59 18 820
59 19 658
59 20 299
59 21 70
59 22 441
59 23 87
59 24 682
59 25 128
59 26 971
59 28 185
59 29 757
59 30 451
59 31 458
59 32 341
59 33 116
59 34 676
59 35 47
59 36 850
59 37 327
59 38 516
59 39 180
59 40 104
59 41 509
59 42 221
59 43 912
59 44 733
59 45 357
59 46 903
59 47 887
59 48 387
59 49 856
59 50 58
59 52 397
59 53 154
59 54 128
59 55 837
59 56 240
59 57 161
59 58 317
59 60 211
59 61 697
59 62 73
59 63 13
59 64 507
59 65 413
59 66 480
59 67 182
59 68 811
59 69 329
59 70 861
59 71 678
59 72 508
59 73 316
59 74 186
59 75 80
60 1 228
60 2 270
60 3 789
60 4 482
60 5 156
60 6 175
60 7 337
60 8 214
60 9 571
60 10 490
60 11 693
60 12 760
60 13 81
60 14 205
60 15 76
60 16 643
60 17 902
60 18 500
60 19 655
60 20 760
60 21 264
60 22 486
60 23 941
60 24 426
60 25 815
60 26 153
60 27 103
60 28 674
60 29 469
60 30 289
60 31 106
60 32 696
60 33 558
60 34 894
60 35 177
60 36 66
60 37 420
60 38 513
60 39 279
60 40 343
60 41 354
60 42 323
60 43 102
60 44 786
60 45 527
60 46 529
60 47 429
60 48 780
60 49 380
60 50 83
60 51 539
60 52 995
60 53 921
60 55 832
60 56 420
60 57 735
60 58 984
60 59 522
60 61 760
60 62 452
60 63 162
60 64 865
60 65 499
60 66 72
60 67 110
60 68 27
60 69 137
60 70 530
60 71 891
60 72 767
60 73 872
60 74 244
60 75 441
61 1 325
61 2 30
61 3 319
61 4 205
61 5 810
61 6 451
61 7 584
61 8 244
61 9 989
61 10 578
61 11 164
61 12 172
61 13 349
61 14 898
61 15 508
61 16 870
61 17 10
61 18 311
61 19 384
61 20 226
61 21 810
61 22 455
61 23 336
61 24 188
61 25 943
61 26 865
61 27 79
61 28 61
61 29 736
61 30 322
61 31 501
61 32 412
61 33 703
61 34 819
61 35 616
61 36 512
61 37 269
61 38 551
61 39 108
61 40 610
61 41 128
61 42 271
61 43 133
61 44 476
61 45 521
61 46 640
61 47 697
61 48 530
61 49 951
61 50 80
61 51 755
61 52 112
61 53 886
61 54 90
61 55 299
61 56 828
61 57 954
61 58 377
61 59 240
61 60 41
61 62 51
61 63 740
61 64 804
61 65 105
61 66 911
61 67 419
61 68 969
61 70 179
61 71 969
61 72 76
61 73 140
61 74 448
61 75 346
62 1 273
62 2 275
62 3 866
62 4 912
62 5 324
62 6 747
62 7 214
62 8 403
62 9 502
62 10 677
62 11 641
62 12 943
62 13 976
62 14 820
62 15 249
62 16 704
62 17 60
62 18 641
62 19 106
62 20 799
62 21 445
62 22 211
62 23 709
62 24 215
62 25 531
62 26 240
62 27 536
62 28 958
62 29 379
62 30 983
62 31 303
62 32 3
62 33 610
62 34 521
62 35 267
62 36 933
62 37 619
62 39 480
62 40 335
62 41 472
62 42 157
62 43 327
62 44 415
62 45 484
62 46 147
62 47 15
62 48 187
62 49 206
62 50 655
62 51 645
62 52 356
62 53 451
62 54 207
62 55 65
62 56 666
62 57 737
62 58 656
62 59 201
62 60 694
62 61 386
62 63 535
62 64 348
62 65 389
62 66 144
62 67 220
62 68 655
62 69 76
62 70 839
62 71 134
62 72 763
62 73 310
62 74 642
62 75 89
63 1 76
63 2 477
63 3 235
63 4 90
63 5 16
63 6 792
63 7 745
63 8 660
63 9 148
63 10 195
63 11 866
63 12 564
63 13 212
63 14 954
63 15 219
63 16 412
63 17 647
63 18 604
63 19 947
63 20 346
63 21 992
63 22 90
63 23 566
63 24 998
63 25 166
63 26 756
63 27 484
63 28 928
63 30 65
63 31 477
63 32 16
63 33 493
63 34 954
63 35 603
63 36 582
63 37 969
63 38 394
63 39 678
63 40 628
63 41 541
63 42 225
63 43 845
63 44 104
63 45 436
63 46 798
63 47 674
63 48 848
63 49 796
63 50 278
63 51 146
63 52 493
63 53 621
63 54 235
63 55 58
63 56 971
63 57 752
63 58 813
63 59 454
63 60 31
63 62 230
63 64 930
63 65 399
63 66 722
63 67 883
63 68 1
63 69 655
63 70 203
63 71 746
63 72 333
63 73 182
63 74 639
63 75 557
64 1 26
64 2 742
64 3 992
64 4 175
64 5 768
64 6 191
64 7 970
64 8 45
64 9 688
64 10 815
64 11 17
64 12 275
64 13 872
64 14 339
64 15 26
64 16 37
64 17 792
64 18 409
64 19 618
64 20 74
64 21 807
64 22 691
64 23 308
64 24 159
64 25 345
64 26 511
64 27 904
64 28 677
64 29 692
64 30 542
64 31 585
64 32 70
64 33 636
64 34 929
64 35 244
64 36 403
64 37 471
64 38 566
64 39 799
64 40 159
64 41 380
64 42 167
64 43 433
64 44 603
64 45 506
64 46 810
64 47 639
64 48 649
64 49 218
64 50 608
64 51 722
64 52 376
64 53 298
64 54 382
64 55 886
64 56 995
64 57 892
64 58 790
64 59 23
64 60 583
64 61 683
64 62 608
64 63 4
64 65 670
64 66 888
64 67 248
64 68 72
64 69 710
64 70 813
64 71 222
64 72 868
64 73 192
64 74 389
65 1 652
65 2 146
65 3 246
65 5 814
65 6 137
65 7 246
65 8 383
65 9 744
65 10 968
65 11 759
65 12 394
65 13 349
65 14 644
65 15 388
65 16 592
65 17 785
65 18 762
65 19 526
65 20 820
65 21 721
65 22 530
65 23 489
65 24 608
65 25 777
65 26 913
65 27 318
65 28 941
65 29 134
65 30 537
65 31 484
65 32 874
65 33 189
65 34 629
65 35 471
65 36 354
65 37 765
65 38 717
65 39 736
65 40 861
65 41 36
65 42 846
65 43 254
65 44 736
65 45 842
65 46 993
65 47 327
65 48 978
65 49 754
65 50 204
65 51 797
65 52 475
65 53 733
65 55 638
65 56 82
65 57 861
65 58 550
65 59 751
65 60 153
65 61 35
65 62 640
65 63 636
65 64 261
65 66 180
65 67 617
65 68 731
65 69 533
65 70 381
65 71 799
65 72 268
65 73 241
65 74 186
65 75 466
66 1 846
66 2 921
66 3 307
66 4 838
66 5 599
66 6 284
66 8 592
66 9 155
66 10 81
66 11 418
66 12 887
66 13 718
66 14 851
66 15 100
66 16 619
66 17 602
66 18 252
66 19 5
66 20 593
66 21 240
66 22 265
66 23 772
66 24 856
66 25 348
66 26 304
66 27 588
66 28 146
66 29 923
66 30 181
66 31 332
66 32 388
66 33 26
66 34 604
66 35 694
66 36 216
66 37 555
66 38 978
66 39 807
66 40 709
66 41 410
66 42 576
66 43 947
66 44 479
66 45 426
66 46 46
66 47 449
66 48 379
66 49 650
66 50 453
66 51 971
66 52 241
66 53 718
66 54 742
66 55 448
66 56 65
66 57 397
66 58 35
66 59 562
66 60 320
66 61 215
66 62 245
66 63 707
66 64 593
66 65 201
66 67 753
66 68 808
66 69 755
66 70 82
66 71 966
66 72 463
66 73 491
66 74 541
66 75 409
67 1 321
67 2 966
67 3 455
67 4 769
67 5 697
67 6 456
67 7 221
67 8 667
67 9 48
67 10 290
67 11 761
67 12 495
67 13 706
67 14 157
67 15 529
67 16 268
67 17 476
67 19 96
67 20 864
67 21 535
67 22 688
67 23 64
67 24 287
67 25 495
67 26 818
67 27 368
67 28 812
67 29 280
67 30 210
67 31 352
67 32 41
67 34 530
67 35 669
67 36 847
67 37 650
67 38 365
67 39 302
67 40 222
67 41 384
67 42 349
67 43 864
67 44 144
67 45 843
67 46 569
67 47 652
67 48 723
67 49 188
67 50 128
67 51 818
67 52 52
67 53 662
67 54 857
67 55 467
67 57 300
67 58 703
67 59 637
67 60 667
67 61 514
67 62 916
67 63 228
67 64 217
67 65 308
67 66 109
67 68 238
67 69 154
67 70 758
67 71 954
67 72 455
67 73 331
67 74 337
67 75 155
68 1 194
68 2 832
68 3 349
68 4 763
68 5 484
68 6 424
68 7 950
68 8 963
68 9 593
68 10 353
68 11 976
68 12 450
68 13 172
68 14 275
68 15 504
68 16 808
68 17 293
68 18 370
68 19 75
68 20 520
68 21 586
68 22 383
68 23 628
68 24 823
68 25 536
68 26 737
68 27 129
68 28 343
68 29 67
68 30 465
68 31 497
68 32 261
68 33 649
68 35 198
68 36 375
68 37 484
68 38 621
68 39 676
68 40 798
68 41 565
68 42 381
68 43 773
68 44 366
68 46 552
68 47 399
68 48 870
68 49 359
68 50 43
68 51 239
68 52 433
68 53 914
68 55 176
68 56 167
68 57 893
68 58 351
68 59 703
68 60 629
68 61 479
68 62 45
68 63 47
68 64 295
68 65 893
68 66 307
68 67 295
68 69 442
68 70 33
68 71 778
68 72 62
68 73 709
68 74 927
68 75 979
69 1 441
69 2 51
69 3 344
69 4 992
69 5 801
69 6 213
69 7 702
69 8 843
69 9 803
69 10 486
69 11 756
69 12 331
69 13 653
69 14 1000
69 15 681
69 16 707
69 17 628
69 18 511
69 19 751
69 21 675
69 22 157
69 23 643
69 24 333
69 25 452
69 26 85
69 27 718
69 28 581
69 29 498
69 30 778
69 31 860
69 32 476
69 33 218
69 34 910
69 35 172
69 36 561
69 37 711
69 38 736
69 39 262
69 40 553
69 41 539
69 42 99
69 43 661
69 44 221
69 45 103
69 46 660
69 47 901
69 48 809
69 49 640
69 50 763
69 51 559
69 52 666
69 53 271
69 54 554
69 55 998
69 56 722
69 57 990
69 58 715
69 59 655
69 60 839
69 61 492
69 62 514
69 63 667
69 64 61
69 65 423
69 66 838
69 67 621
69 68 485
69 70 573
69 71 234
69 72 390
69 73 463
69 74 333
69 75 50
70 1 683
70 2 435
70 3 61
70 4 935
70 5 244
70 6 52
70 7 697
70 8 154
70 9 717
70 10 968
70 11 707
70 12 715
70 13 41
70 14 48
70 15 781
70 16 47
70 17 887
70 18 625
70 19 912
70 20 553
70 21 685
70 22 335
70 23 390
70 24 306
70 25 171
70 26 314
70 27 891
70 28 560
70 29 777
70 30 223
70 31 961
70 32 459
70 34 658
70 35 22
70 36 394
70 37 253
70 38 425
70 39 442
70 40 406
70 41 142
70 42 761
70 43 465
70 44 208
70 45 802
70 46 512
70 47 988
70 48 200
70 49 398
70 50 964
70 51 112
70 52 302
70 53 1
70 54 798
70 55 43
70 56 658
70 57 968
70 58 357
70 59 548
70 60 528
70 61 133
70 62 771
70 63 488
70 64 591
70 65 780
70 66 861
70 67 336
70 68 384
70 69 286
70 71 778
70 72 141
70 73 779
70 74 538
70 75 605
71 1 986
71 2 691
71 3 117
71 4 325
71 5 891
71 6 866
71 7 289
71 8 2
71 9 168
71 10 641
71 11 151
71 12 210
71 13 298
71 15 118
71 16 566
71 17 845
71 18 997
71 19 50
71 20 967
71 21 837
71 22 993
71 23 98
71 24 49
71 25 328
71 26 481
71 27 334
71 28 457
71 29 622
71 30 464
71 31 995
71 32 226
71 33 449
71 34 685
71 35 694
71 36 774
71 37 927
71 38 560
71 39 414
71 40 280
71 41 79
71 42 54
71 43 430
71 44 640
71 45 351
71 46 900
71 47 558
71 48 547
71 49 896
71 50 607
71 51 514
71 52 732
71 53 599
71 54 611
71 55 781
71 56 279
71 57 92
71 58 466
71 59 735
71 60 65
71 61 930
71 62 81
71 63 642
71 64 730
71 65 118
71 66 336
71 67 855
71 68 44
71 69 247
71 70 268
71 72 324
71 73 677
71 74 673
71 75 753
72 1 316
72 2 23
72 3 652
72 4 873
72 5 922
72 6 900
72 8 832
72 9 435
72 10 983
72 11 782
72 12 397
72 13 763
72 14 60
72 15 840
72 16 581
72 17 147
72 18 904
72 19 862
72 20 227
72 21 546
72 22 943
72 23 696
72 24 233
72 25 798
72 26 740
72 27 831
72 28 65
72 29 415
72 30 507
72 31 90
72 32 167
72 33 174
72 34 464
72 35 171
72 36 47
72 37 385
72 38 422
72 39 230
72 40 171
72 41 404
72 42 11
72 43 568
72 44 519
72 45 423
72 46 407
72 47 99
72 48 569
72 49 663
72 50 312
72 51 147
72 52 560
72 53 254
72 54 195
72 55 144
72 56 403
72 57 934
72 58 974
72 59 820
72 60 348
72 61 480
72 62 909
72 63 866
72 64 653
72 65 372
72 66 388
72 67 51
72 68 757
72 69 809
72 70 280
72 71 927
72 73 213
72 74 291
72 75 846
73 1 731
73 2 65
73 3 605
73 4 181
73 5 985
73 6 619
73 7 492
73 8 483
73 9 178
73 11 97
73 12 677
73 13 321
73 15 500
73 16 610
73 17 294
73 18 319
73 19 309
73 20 125
73 21 579
73 22 175
73 23 129
73 24 950
73 25 562
73 26 180
73 27 58
73 28 371
73 29 811
73 30 337
73 31 935
73 32 453
73 33 182
73 34 665
73 35 517
73 36 786
73 37 845
73 38 501
73 39 404
73 40 688
73 41 336
73 42 933
73 43 136
73 44 12
73 45 605
73 46 987
73 47 974
73 48 898
73 49 657
73 50 282
73 51 374
73 52 235
73 53 808
73 54 503
73 55 537
73 56 370
73 57 34
73 59 594
73 60 92
73 61 196
73 62 930
73 63 378
73 64 649
73 65 112
73 66 42
73 68 517
73 69 249
73 70 238
73 71 370
73 72 5
73 74 277
73 75 705
74 1 937
74 2 764
74 4 716
74 5 894
74 6 751
74 7 689
74 8 791
74 9 759
74 11 323
74 12 517
74 13 346
74 14 130
74 15 371
74 16 882
74 17 851
74 18 756
74 19 827
74 20 942
74 21 951
74 22 757
74 23 319
74 24 599
74 25 220
74 26 712
74 27 468
74 28 820
74 29 301
74 30 837
74 31 176
74 32 577
74 33 541
74 34 465
74 35 693
74 36 256
74 37 358
74 38 443
74 39 297
74 40 500
74 41 553
74 42 619
74 43 16
74 44 250
74 45 748
74 46 386
74 47 131
74 48 599
74 49 493
74 50 310
74 51 892
74 52 444
74 54 418
74 55 563
74 56 394
74 57 637
74 58 626
74 59 861
74 60 808
74 61 927
74 62 697
74 63 984
74 64 855
74 65 237
74 66 448
74 67 547
74 68 845
74 69 805
74 70 341
74 71 493
74 72 304
74 73 894
74 75 111
75 1 672
75 3 495
75 4 210
75 5 409
75 6 626
75 7 160
75 8 902
75 9 287
75 10 404
75 11 345
75 12 704
75 13 966
75 14 90
75 15 692
75 16 943
75 17 951
75 18 499
75 19 869
75 21 647
75 22 482
75 23 76
75 24 236
75 25 281
75 26 622
75 27 432
75 28 437
75 29 963
75 30 924
75 31 93
75 32 208
75 33 386
75 34 764
75 35 702
75 36 947
75 37 524
75 38 679
75 39 107
75 40 425
75 41 965
75 42 510
75 44 121
75 45 20
75 46 827
75 47 211
75 48 711
75 49 769
75 50 161
75 51 210
75 52 990
75 53 159
75 54 43
75 55 65
75 56 746
75 57 676
75 58 686
75 59 177
75 60 112
75 61 1000
75 62 452
75 63 556
75 64 559
75 65 189
75 66 319
75 67 613
75 68 136
75 69 843
75 70 643
75 71 242
75 72 619
75 73 960
75 74 103

END

R
1 2 3
1 3 2
1 4 1
1 5 1
1 6 5
1 7 1
1 8 2
1 9 2
1 10 5
1 11 3
1 12 3
1 13 4
1 14 4
1 15 2
1 16 1
1 17 3
1 18 4
1 19 1
1 20 3
1 21 4
1 22 2
1 23 4
1 24 3
1 25 2
1 26 1
1 27 5
1 28 1
1 29 3
1 30 3
1 31 3
1 32 1
1 33 5
1 34 4
1 35 2
1 36 3
1 37 4
1 38 2
1 39 4
1 40 2
1 41 1
1 42 3
1 43 1
1 44 1
1 45 1
1 46 2
1 47 2
1 48 3
1 49 2
1 50 4
1 51 1
1 52 1
1 53 5
1 54 1
1 55 5
1 56 2
1 57 1
1 58 4
1 59 2
1 60 1
1 61 1
1 62 5
1 63 1
1 64 3
1 65 5
1 66 4
1 67 5
1 68 3
1 69 5
1 70 5
1 71 2
1 72 2
1 73 3
1 74 2
1 75 3
2 1 3
2 3 4
2 4 1
2 5 3
2 6 5
2 7 4
2 8 3
2 9 2
2 10 3
2 11 3
2 12 1
2 13 4
2 14 5
2 15 5
2 16 3
2 17 2
2 18 5
2 19 4
2 20 5
2 21 4
2 22 3
2 23 3
2 24 3
2 25 1
2 26 5
2 27 3
2 28 2
2 29 1
2 30 2
2 31 5
2 32 5
2 33 4
2 34 3
2 35 5
2 36 1
2 37 5
2 38 3
2 39 5
2 40 3
2 41 3
2 42 4
2 43 4
2 44 3
2 45 4
2 46 5
2 47 5
2 48 2
2 49 1
2 50 3
2 51 1
2 52 5
2 53 3
2 54 4
2 55 2
2 56 5
2 57 3
2 58 1
2 59 1
2 60 5
2 61 4
2 62 2
2 63 5
2 64 3
2 65 2
2 66 4
2 67 5
2 68 3
2 69 4
2 70 5
2 71 5
2 72 1
2 73 3
2 74 3
2 75 5
3 1 3
3 2 2
3 4 5
3 5 5
3 6 3
3 7 4
3 8 2
3 9 4
3 10 1
3 11 5
3 12 5
3 13 5
3 14 4
3 15 3
3 16 2
3 17 4
3 18 1
3 19 1
3 20 5
3 21 5
3 22 2
3 23 5
3 24 5
3 25 4
3 26 3
3 27 4
3 28 3
3 29 5
3 30 3
3 31 3
3 32 5
3 33 3
3 34 1
3 35 1
3 36 2
3 37 3
3 38 1
3 39 5
3 40 1
3 41 4
3 42 5
3 43 3
3 44 5
3 45 5
3 46 2
3 47 4
3 48 5
3 49 4
3 50 4
3 51 4
3 52 4
3 53 2
3 54 4
3 55 5
3 56 5
3 57 3
3 58 5
3 59 4
3 60 5
3 61 2
3 62 1
3 63 1
3 64 4
3 65 2
3 66 3
3 67 2
3 68 1
3 69 5
3 70 2
3 71 4
3 72 5
3 73 3
3 74 3
3 75 5
4 1 4
4 2 1
4 3 5
4 5 4
4 6 4
4 7 5
4 8 2
4 9 4
4 10 1
4 11 2
4 12 3
4 13 2
4 14 2
4 15 2
4 16 5
4 17 3
4 18 1
4 19 3
4 20 5
4 21 1
4 22 1
4 23 2
4 24 5
4 25 1
4 26 3
4 27 3
4 28 1
4 29 3
4 30 2
4 31 3
4 32 4
4 33 5
4 34 3
4 35 3
4 36 3
4 37 4
4 38 4
4 39 2
4 40 2
4 41 4
4 42 3
4 43 2
4 44 2
4 45 1
4 46 5
4 47 1
4 48 3
4 49 5
4 50 5
4 51 2
4 52 3
4 53 5
4 54 5
4 55 2
4 56 3
4 57 5
4 58 1
4 59 3
4 60 2
4 61 2
4 62 3
4 63 5
4 64 1
4 65 5
4 66 4
4 67 1
4 68 5
4 69 2
4 70 2
4 71 2
4 72 2
4 73 1
4 74 5
4 75 3
5 1 2
5 2 4
5 3 5
5 4 1
5 6 1
5 7 5
5 8 5
5 9 3
5 10 1
5 11 1
5 12 1
5 13 3
5 14 5
5 15 1
5 16 3
5 17 1
5 18 4
5 19 5
5 20 2
5 21 4
5 22 1
5 23 2
5 24 1
5 25 1
5 26 5
5 27 2
5 28 4
5 29 1
5 30 3
5 31 3
5 32 5
5 33 4
5 34 3
5 35 2
5 36 1
5 37 3
5 38 3
5 39 5
5 40 2
5 41 3
5 42 1
5 43 2
5 44 3
5 45 5
5 46 4
5 47 5
5 48 3
5 49 2
5 50 1
5 51 4
5 52 3
5 53 1
5 54 1
5 55 3
5 56 3
5 57 5
5 58 5
5 59 3
5 60 3
5 61 4
5 62 2
5 63 4
5 64 2
5 65 5
5 66 5
5 67 2
5 68 4
5 69 2
5 70 4
5 71 1
5 72 5
5 73 4
5 74 4
5 75 4
6 1 5
6 2 3
6 3 3
6 4 2
6 5 1
6 7 3
6 8 1
6 9 3
6 10 5
6 11 3
6 12 3
6 13 5
6 14 2
6 15 2
6 16 4
6 17 1
6 18 5
6 19 1
6 20 5
6 21 3
6 22 2
6 23 4
6 24 1
6 25 2
6 26 3
6 27 1
6 28 2
6 29 2
6 30 4
6 31 3
6 32 5
6 33 4
6 34 5
6 35 4
6 36 2
6 37 5
6 38 3
6 39 2
6 40 5
6 41 4
6 42 4
6 43 2
6 44 3
6 45 3
6 46 5
6 47 2
6 48 5
6 49 1
6 50 4
6 51 4
6 52 5
6 53 2
6 54 5
6 55 2
6 56 3
6 57 2
6 58 3
6 59 5
6 60 5
6 61 3
6 62 2
6 63 1
6 64 3
6 65 3
6 66 1
6 67 5
6 68 4
6 69 3
6 70 1
6 71 5
6 72 1
6 73 2
6 74 1
6 75 1
7 1 1
7 2 2
7 3 4
7 4 5
7 5 4
7 6 4
7 8 1
7 9 3
7 10 5
7 11 2
7 12 2
7 13 2
7 14 5
7 15 4
7 16 1
7 17 1
7 18 1
7 19 4
7 20 3
7 21 4
7 22 3
7 23 3
7 24 3
7 25 2
7 26 5
7 27 5
7 28 1
7 29 2
7 30 3
7 31 4
7 32 4
7 33 3
7 34 2
7 35 4
7 36 5
7 37 1
7 38 2
7 39 2
7 40 5
7 41 1
7 42 3
7 43 1
7 44 3
7 45 4
7 46 1
7 47 5
7 48 4
7 49 4
7 50 1
7 51 1
7 52 4
7 53 3
7 54 5
7 55 1
7 56 1
7 57 1
7 58 2
7 59 4
7 60 2
7 61 5
7 62 2
7 63 3
7 64 4
7 65 5
7 66 1
7 67 3
7 68 2
7 69 3
7 70 4
7 71 2
7 72 3
7 73 3
7 74 4
7 75 2
8 1 3
8 2 2
8 3 2
8 4 3
8 5 5
8 6 2
8 7 3
8 9 3
8 10 1
8 11 4
8 12 5
8 13 2
8 14 4
8 15 3
8 16 5
8 17 3
8 18 2
8 19 3
8 20 5
8 21 1
8 22 4
8 23 5
8 24 5
8 25 1
8 26 4
8 27 1
8 28 4
8 29 4
8 30 3
8 31 4
8 32 5
8 33 3
8 34 5
8 35 3
8 36 5
8 37 1
8 38 1
8 39 5
8 40 5
8 41 2
8 42 3
8 43 4
8 44 5
8 45 2
8 46 2
8 47 1
8 48 4
8 49 5
8 50 5
8 51 5
8 52 2
8 53 3
8 54 1
8 55 2
8 56 3
8 57 5
8 58 2
8 59 3
8 60 5
8 61 1
8 62 2
8 63 4
8 64 3
8 65 1
8 66 2
8 67 3
8 68 2
8 69 2
8 70 2
8 71 1
8 72 5
8 73 1
8 74 2
8 75 4
9 1 2
9 2 5
9 3 4
9 4 2
9 5 4
9 6 3
9 7 1
9 8 1
9 10 1
9 11 4
9 12 2
9 13 5
9 14 3
9 15 5
9 16 3
9 17 2
9 18 5
9 19 4
9 20 2
9 21 3
9 22 1
9 23 5
9 24 5
9 25 4
9 26 4
9 27 3
9 28 2
9 29 3
9 30 3
9 31 3
9 32 2
9 33 2
9 34 4
9 35 2
9 36 5
9 37 2
9 38 5
9 39 1
9 40 4
9 41 2
9 42 4
9 43 2
9 44 3
9 45 3
9 46 1
9 47 5
9 48 1
9 49 3
9 50 5
9 51 4
9 52 5
9 53 3
9 54 4
9 55 1
9 56 1
9 57 2
9 58 5
9 59 2
9 60 4
9 61 4
9 62 1
9 63 2
9 64 5
9 65 4
9 66 4
9 67 5
9 68 3
9 69 5
9 70 2
9 71 1
9 72 3
9 73 2
9 74 5
9 75 5
10 1 1
10 2 2
10 3 2
10 4 1
10 5 4
10 6 1
10 7 4
10 8 3
10 9 5
10 11 4
10 12 5
10 13 1
10 14 5
10 15 4
10 16 4
10 17 1
10 18 3
10 19 5
10 20 4
10 21 4
10 22 3
10 23 2
10 24 5
10 25 5
10 26 3
10 27 3
10 28 3
10 29 5
10 30 4
10 31 4
10 32 5
10 33 1
10 34 5
10 35 1
10 36 3
10 37 4
10 38 3
10 39 4
10 40 3
10 41 3
10 42 2
10 43 5
10 44 5
10 45 4
10 46 5
10 47 3
10 48 4
10 49 4
10 50 2
10 51 2
10 52 3
10 53 2
10 54 1
10 55 4
10 56 3
10 57 3
10 58 2
10 59 5
10 60 3
10 61 2
10 62 5
10 63 4
10 64 3
10 65 5
10 66 1
10 67 5
10 68 5
10 69 3
10 70 3
10 71 4
10 72 2
10 73 5
10 74 3
10 75 3
11 1 3
11 2 5
11 3 1
11 4 3
11 5 3
11 6 4
11 7 1
11 8 5
11 9 2
11 10 1
11 12 1
11 13 5
11 14 4
11 15 2
11 16 1
11 17 3
11 18 3
11 19 1
11 20 1
11 21 2
11 22 2
11 23 1
11 24 2
11 25 1
11 26 5
11 27 4
11 28 1
11 29 4
11 30 5
11 31 1
11 32 1
11 33 4
11 34 5
11 35 3
11 36 1
11 37 2
11 38 4
11 39 2
11 40 4
11 41 5
11 42 4
11 43 4
11 44 4
11 45 4
11 46 5
11 47 5
11 48 1
11 49 4
11 50 2
11 51 3
11 52 1
11 53 3
11 54 5
11 55 2
11 56 5
11 57 2
11 58 2
11 59 5
11 60 5
11 61 4
11 62 5
11 63 2
11 64 2
11 65 4
11 66 2
11 67 5
11 68 3
11 69 5
11 70 3
11 71 1
11 72 1
11 73 1
11 74 4
11 75 5
12 1 5
12 2 3
12 3 1
12 4 2
12 5 3
12 6 2
12 7 5
12 8 3
12 9 1
12 10 1
12 11 4
12 13 5
12 14 2
12 15 3
12 16 1
12 17 3
12 18 1
12 19 1
12 20 2
12 21 4
12 22 1
12 23 5
12 24 3
12 25 3
12 26 4
12 27 5
12 28 3
12 29 1
12 30 3
12 31 3
12 32 5
12 33 4
12 34 2
12 35 2
12 36 5
12 37 5
12 38 5
12 39 1
12 40 2
12 41 5
12 42 2
12 43 3
12 44 1
12 45 5
12 46 5
12 47 2
12 48 5
12 49 2
12 50 4
12 51 1
12 52 5
12 53 1
12 54 5
12 55 3
12 56 4
12 57 5
12 58 4
12 59 3
12 60 5
12 61 3
12 62 3
12 63 2
12 64 1
12 65 4
12 66 5
12 67 1
12 68 3
12 69 5
12 70 3
12 71 2
12 72 1
12 73 4
12 74 4
12 75 4
13 1 1
13 2 5
13 3 5
13 4 5
13 5 1
13 6 5
13 7 2
13 8 5
13 9 5
13 10 1
13 11 4
13 12 5
13 14 2
13 15 5
13 16 5
13 17 3
13 18 2
13 19 2
13 20 1
13 21 3
13 22 2
13 23 1
13 24 5
13 25 5
13 26 2
13 27 2
13 28 3
13 29 4
13 30 3
13 31 1
13 32 2
13 33 3
13 34 5
13 35 3
13 36 4
13 37 5
13 38 4
13 39 5
13 40 1
13 41 4
13 42 2
13 43 5
13 44 5
13 45 3
13 46 4
13 47 1
13 48 2
13 49 5
13 50 2
13 51 3
13 52 4
13 53 1
13 54 5
13 55 3
13 56 5
13 57 3
13 58 2
13 59 2
13 60 1
13 61 4
13 62 4
13 63 5
13 64 3
13 65 3
13 66 4
13 67 1
13 68 4
13 69 3
13 70 5
13 71 4
13 72 3
13 73 3
13 74 5
13 75 4
14 1 5
14 2 3
14 3 5
14 4 3
14 5 5
14 6 3
14 7 2
14 8 5
14 9 3
14 10 1
14 11 3
14 12 4
14 13 3
14 15 1
14 16 2
14 17 1
14 18 4
14 19 5
14 20 2
14 21 3
14 22 4
14 23 2
14 24 3
14 25 4
14 26 4
14 27 4
14 28 3
14 29 3
14 30 1
14 31 4
14 32 2
14 33 2
14 34 2
14 35 3
14 36 4
14 37 3
14 38 5
14 39 1
14 40 2
14 41 3
14 42 3
14 43 1
14 44 1
14 45 3
14 46 1
14 47 5
14 48 5
14 49 1
14 50 4
14 51 1
14 52 3
14 53 5
14 54 2
14 55 2
14 56 3
14 57 3
14 58 5
14 59 5
14 60 2
14 61 2
14 62 4
14 63 5
14 64 3
14 65 2
14 66 2
14 67 4
14 68 1
14 69 2
14 70 1
14 71 4
14 72 1
14 73 5
14 74 5
14 75 3
15 1 2
15 2 2
15 3 2
15 4 1
15 5 3
15 6 3
15 7 3
15 8 2
15 9 2
15 10 2
15 11 4
15 12 4
15 13 1
15 14 3
15 16 1
15 17 2
15 18 2
15 19 1
15 20 2
15 21 1
15 22 4
15 23 3
15 24 4
15 25 4
15 26 1
15 27 1
15 28 2
15 29 3
15 30 1
15 31 3
15 32 1
15 33 2
15 34 2
15 35 4
15 36 5
15 37 4
15 38 1
15 39 4
15 40 5
15 41 2
15 42 5
15 43 3
15 44 1
15 45 5
15 46 3
15 47 3
15 48 2
15 49 1
15 50 3
15 51 5
15 52 1
15 53 1
15 54 4
15 55 5
15 56 4
15 57 5
15 58 5
15 59 2
15 60 4
15 61 2
15 62 2
15 63 4
15 64 4
15 65 3
15 66 5
15 67 5
15 68 1
15 69 5
15 70 3
15 71 2
15 72 4
15 73 5
15 74 2
15 75 1
16 1 4
16 2 1
16 3 3
16 4 2
16 5 1
16 6 5
16 7 3
16 8 1
16 9 5
16 10 2
16 11 2
16 12 5
16 13 3
16 14 4
16 15 3
16 17 1
16 18 5
16 19 4
16 20 2
16 21 5
16 22 1
16 23 1
16 24 1
16 25 3
16 26 5
16 27 4
16 28 2
16 29 5
16 30 3
16 31 3
16 32 5
16 33 3
16 34 5
16 35 4
16 36 2
16 37 2
16 38 3
16 39 4
16 40 2
16 41 4
16 42 2
16 43 1
16 44 3
16 45 4
16 46 4
16 47 1
16 48 5
16 49 5
16 50 4
16 51 1
16 52 5
16 53 2
16 54 1
16 55 5
16 56 1
16 57 2
16 58 5
16 59 2
16 60 2
16 61 4
16 62 1
16 63 3
16 64 2
16 65 2
16 66 2
16 67 5
16 68 3
16 69 1
16 70 5
16 71 5
16 72 5
16 73 2
16 74 5
16 75 2
17 1 5
17 2 5
17 3 4
17 4 1
17 5 4
17 6 5
17 7 3
17 8 5
17 9 3
17 10 5
17 11 2
17 12 3
17 13 2
17 14 1
17 15 2
17 16 5
17 18 2
17 19 2
17 20 4
17 21 5
17 22 4
17 23 2
17 24 4
17 25 1
17 26 3
17 27 3
17 28 2
17 29 2
17 30 1
17 31 3
17 32 5
17 33 3
17 34 4
17 35 1
17 36 3
17 37 3
17 38 5
17 39 1
17 40 4
17 41 2
17 42 2
17 43 5
17 44 1
17 45 5
17 46 3
17 47 2
17 48 1
17 49 4
17 50 1
17 51 5
17 52 3
17 53 1
17 54 1
17 55 3
17 56 3
17 57 5
17 58 2
17 59 5
17 60 1
17 61 3
17 62 4
17 63 3
17 64 5
17 65 3
17 66 3
17 67 4
17 68 2
17 69 4
17 70 1
17 71 5
17 72 2
17 73 3
17 74 2
17 75 2
18 1 2
18 2 1
18 3 1
18 4 3
18 5 4
18 6 1
18 7 4
18 8 3
18 9 1
18 10 4
18 11 5
18 12 3
18 13 4
18 14 1
18 15 4
18 16 1
18 17 5
18 19 3
18 20 3
18 21 4
18 22 2
18 23 2
18 24 3
18 25 5
18 26 5
18 27 5
18 28 1
18 29 1
18 30 2
18 31 2
18 32 5
18 33 4
18 34 2
18 35 5
18 36 3
18 37 2
18 38 5
18 39 1
18 40 1
18 41 2
18 42 1
18 43 5
18 44 1
18 45 4
18 46 3
18 47 5
18 48 2
18 49 4
18 50 4
18 51 1
18 52 5
18 53 2
18 54 3
18 55 4
18 56 1
18 57 2
18 58 3
18 59 1
18 60 5
18 61 5
18 62 5
18 63 4
18 64 3
18 65 3
18 66 3
18 67 2
18 68 5
18 69 4
18 70 2
18 71 2
18 72 2
18 73 2
18 74 4
18 75 2
19 1 3
19 2 3
19 3 3
19 4 4
19 5 1
19 6 3
19 7 1
19 8 5
19 9 1
19 10 3
19 11 3
19 12 1
19 13 2
19 14 1
19 15 4
19 16 3
19 17 2
19 18 3
19 20 1
19 21 1
19 22 2
19 23 5
19 24 2
19 25 3
19 26 5
19 27 3
19 28 5
19 29 1
19 30 4
19 31 3
19 32 4
19 33 3
19 34 5
19 35 4
19 36 1
19 37 2
19 38 1
19 39 4
19 40 2
19 41 2
19 42 3
19 43 1
19 44 4
19 45 4
19 46 3
19 47 4
19 48 1
19 49 4
19 50 3
19 51 3
19 52 4
19 53 5
19 54 2
19 55 2
19 56 2
19 57 3
19 58 4
19 59 3
19 60 3
19 61 5
19 62 5
19 63 2
19 64 2
19 65 1
19 66 2
19 67 5
19 68 3
19 69 2
19 70 5
19 71 1
19 72 5
19 73 2
19 74 1
19 75 1
20 1 1
20 2 4
20 3 4
20 4 3
20 5 4
20 6 2
20 7 3
20 8 5
20 9 1
20 10 1
20 11 1
20 12 4
20 13 4
20 14 2
20 15 2
20 16 1
20 17 3
20 18 3
20 19 4
20 21 1
20 22 4
20 23 5
20 24 5
20 25 1
20 26 4
20 27 4
20 28 3
20 29 5
20 30 3
20 31 3
20 32 5
20 33 3
20 34 3
20 35 4
20 36 2
20 37 2
20 38 5
20 39 1
20 40 3
20 41 2
20 42 2
20 43 3
20 44 5
20 45 5
20 46 1
20 47 1
20 48 2
20 49 3
20 50 1
20 51 3
20 52 4
20 53 4
20 54 4
20 55 5
20 56 1
20 57 2
20 58 1
20 59 3
20 60 4
20 61 3
20 62 5
20 63 3
20 64 2
20 65 5
20 66 1
20 67 5
20 68 3
20 69 2
20 70 1
20 71 5
20 72 5
20 73 4
20 74 4
20 75 5
21 1 3
21 2 5
21 3 2
21 4 1
21 5 4
21 6 2
21 7 3
21 8 2
21 9 5
21 10 4
21 11 4
21 12 2
21 13 2
21 14 4
21 15 4
21 16 5
21 17 1
21 18 1
21 19 3
21 20 4
21 22 5
21 23 5
21 24 3
21 25 4
21 26 4
21 27 3
21 28 3
21 29 3
21 30 1
21 31 1
21 32 4
21 33 5
21 34 2
21 35 1
21 36 3
21 37 1
21 38 4
21 39 2
21 40 4
21 41 1
21 42 5
21 43 4
21 44 2
21 45 2
21 46 2
21 47 3
21 48 3
21 49 4
21 50 3
21 51 2
21 52 2
21 53 4
21 54 4
21 55 2
21 56 2
21 57 2
21 58 1
21 59 1
21 60 1
21 61 4
21 62 3
21 63 5
21 64 5
21 65 2
21 66 2
21 67 2
21 68 4
21 69 5
21 70 4
21 71 4
21 72 5
21 73 5
21 74 3
21 75 4
22 1 3
22 2 4
22 3 1
22 4 1
22 5 5
22 6 5
22 7 2
22 8 3
22 9 5
22 10 5
22 11 4
22 12 3
22 13 3
22 14 2
22 15 5
22 16 4
22 17 5
22 18 2
22 19 5
22 20 1
22 21 3
22 23 1
22 24 3
22 25 3
22 26 5
22 27 3
22 28 2
22 29 2
22 30 2
22 31 4
22 32 2
22 33 5
22 34 4
22 35 4
22 36 2
22 37 5
22 38 3
22 39 5
22 40 3
22 41 4
22 42 5
22 43 3
22 44 1
22 45 4
22 46 4
22 47 5
22 48 4
22 49 5
22 50 3
22 51 3
22 52 1
22 53 3
22 54 3
22 55 5
22 56 5
22 57 5
22 58 2
22 59 1
22 60 3
22 61 5
22 62 1
22 63 4
22 64 1
22 65 5
22 66 2
22 67 2
22 68 1
22 69 1
22 70 2
22 71 3
22 72 4
22 73 3
22 74 3
22 75 1
23 1 3
23 2 3
23 3 5
23 4 2
23 5 3
23 6 2
23 7 4
23 8 5
23 9 4
23 10 4
23 11 1
23 12 1
23 13 5
23 14 2
23 15 3
23 16 2
23 17 3
23 18 4
23 19 2
23 20 4
23 21 5
23 22 5
23 24 2
23 25 5
23 26 2
23 27 3
23 28 5
23 29 5
23 30 2
23 31 2
23 32 5
23 33 5
23 34 4
23 35 1
23 36 3
23 37 3
23 38 2
23 39 1
23 40 4
23 41 3
23 42 1
23 43 4
23 44 5
23 45 5
23 46 2
23 47 2
23 48 3
23 49 5
23 50 5
23 51 1
23 52 3
23 53 1
23 54 2
23 55 1
23 56 3
23 57 3
23 58 4
23 59 2
23 60 2
23 61 2
23 62 5
23 63 3
23 64 3
23 65 3
23 66 3
23 67 5
23 68 3
23 69 2
23 70 3
23 71 1
23 72 1
23 73 5
23 74 2
23 75 5
24 1 5
24 2 3
24 3 1
24 4 4
24 5 4
24 6 3
24 7 2
24 8 3
24 9 3
24 10 3
24 11 4
24 12 2
24 13 1
24 14 4
24 15 3
24 16 4
24 17 2
24 18 2
24 19 2
24 20 5
24 21 2
24 22 4
24 23 1
24 25 4
24 26 2
24 27 3
24 28 1
24 29 2
24 30 5
24 31 4
24 32 1
24 33 1
24 34 4
24 35 4
24 36 4
24 37 2
24 38 1
24 39 2
24 40 2
24 41 5
24 42 5
24 43 5
24 44 2
24 45 5
24 46 5
24 47 1
24 48 5
24 49 1
24 50 3
24 51 1
24 52 2
24 53 1
24 54 2
24 55 3
24 56 1
24 57 3
24 58 2
24 59 3
24 60 2
24 61 1
24 62 2
24 63 2
24 64 1
24 65 2
24 66 5
24 67 2
24 68 5
24 69 2
24 70 3
24 71 1
24 72 4
24 73 4
24 74 2
24 75 5
25 1 5
25 2 1
25 3 2
25 4 5
25 5 2
25 6 1
25 7 5
25 8 3
25 9 1
25 10 3
25 11 2
25 12 3
25 13 1
25 14 4
25 15 1
25 16 4
25 17 1
25 18 4
25 19 5
25 20 4
25 21 5
25 22 2
25 23 5
25 24 4
25 26 5
25 27 4
25 28 2
25 29 3
25 30 3
25 31 3
25 32 4
25 33 2
25 34 4
25 35 1
25 36 3
25 37 2
25 38 1
25 39 3
25 40 1
25 41 4
25 42 2
25 43 3
25 44 1
25 45 4
25 46 3
25 47 1
25 48 2
25 49 3
25 50 1
25 51 4
25 52 3
25 53 5
25 54 2
25 55 2
25 56 1
25 57 1
25 58 3
25 59 2
25 60 1
25 61 5
25 62 4
25 63 4
25 64 3
25 65 4
25 66 1
25 67 1
25 68 2
25 69 2
25 70 5
25 71 3
25 72 2
25 73 3
25 74 2
25 75 2
26 1 2
26 2 1
26 3 5
26 4 3
26 5 5
26 6 5
26 7 1
26 8 3
26 9 2
26 10 2
26 11 4
26 12 2
26 13 5
26 14 3
26 15 5
26 16 5
26 17 2
26 18 5
26 19 3
26 20 2
26 21 4
26 22 4
26 23 4
26 24 5
26 25 2
26 27 5
26 28 4
26 29 3
26 30 2
26 31 2
26 32 1
26 33 3
26 34 2
26 35 5
26 36 3
26 37 2
26 38 2
26 39 3
26 40 4
26 41 3
26 42 2
26 43 4
26 44 1
26 45 1
26 46 2
26 47 5
26 48 2
26 49 5
26 50 4
26 51 4
26 52 3
26 53 4
26 54 4
26 55 1
26 56 1
26 57 2
26 58 2
26 59 4
26 60 1
26 61 4
26 62 1
26 63 2
26 64 1
26 65 4
26 66 3
26 67 3
26 68 5
26 69 1
26 70 3
26 71 5
26 72 5
26 73 1
26 74 1
26 75 5
27 1 3
27 2 4
27 3 1
27 4 4
27 5 5
27 6 5
27 7 4
27 8 3
27 9 5
27 10 3
27 11 5
27 12 5
27 13 1
27 14 2
27 15 4
27 16 2
27 17 5
27 18 1
27 19 5
27 20 2
27 21 4
27 22 4
27 23 2
27 24 1
27 25 5
27 26 1
27 28 5
27 29 4
27 30 1
27 31 5
27 32 4
27 33 5
27 34 5
27 35 1
27 36 3
27 37 5
27 38 5
27 39 1
27 40 2
27 41 5
27 42 5
27 43 1
27 44 1
27 45 1
27 46 4
27 47 4
27 48 4
27 49 3
27 50 1
27 51 3
27 52 2
27 53 5
27 54 1
27 55 3
27 56 5
27 57 5
27 58 5
27 59 1
27 60 1
27 61 2
27 62 3
27 63 1
27 64 1
27 65 2
27 66 1
27 67 3
27 68 1
27 69 1
27 70 5
27 71 4
27 72 2
27 73 2
27 74 5
27 75 4
28 1 4
28 2 3
28 3 3
28 4 2
28 5 3
28 6 5
28 7 1
28 8 4
28 9 4
28 10 1
28 11 3
28 12 5
28 13 3
28 14 2
28 15 3
28 16 3
28 17 3
28 18 5
28 19 5
28 20 5
28 21 3
28 22 5
28 23 4
28 24 4
28 25 2
28 26 3
28 27 2
28 29 5
28 30 1
28 31 3
28 32 4
28 33 4
28 34 3
28 35 3
28 36 2
28 37 2
28 38 2
28 39 2
28 40 2
28 41 3
28 42 5
28 43 4
28 44 4
28 45 4
28 46 2
28 47 1
28 48 3
28 49 1
28 50 5
28 51 2
28 52 5
28 53 3
28 54 1
28 55 3
28 56 3
28 57 5
28 58 2
28 59 1
28 60 4
28 61 5
28 62 4
28 63 2
28 64 5
28 65 3
28 66 4
28 67 2
28 68 4
28 69 3
28 70 5
28 71 5
28 72 5
28 73 1
28 74 3
28 75 3
29 1 1
29 2 1
29 3 4
29 4 3
29 5 3
29 6 5
29 7 4
29 8 2
29 9 4
29 10 2
29 11 1
29 12 3
29 13 1
29 14 2
29 15 4
29 16 1
29 17 1
29 18 4
29 19 3
29 20 1
29 21 1
29 22 3
29 23 4
29 24 4
29 25 5
29 26 5
29 27 3
29 28 4
29 30 1
29 31 2
29 32 4
29 33 1
29 34 2
29 35 4
29 36 1
29 37 4
29 38 3
29 39 1
29 40 2
29 41 4
29 42 4
29 43 2
29 44 3
29 45 4
29 46 5
29 47 1
29 48 5
29 49 3
29 50 4
29 51 4
29 52 5
29 53 4
29 54 1
29 55 5
29 56 4
29 57 1
29 58 4
29 59 1
29 60 1
29 61 1
29 62 4
29 63 4
29 64 4
29 65 5
29 66 2
29 67 1
29 68 5
29 69 2
29 70 1
29 71 3
29 72 2
29 73 5
29 74 1
29 75 4
30 1 5
30 2 3
30 3 5
30 4 1
30 5 2
30 6 5
30 7 4
30 8 1
30 9 1
30 10 5
30 11 2
30 12 4
30 13 2
30 14 2
30 15 2
30 16 2
30 17 3
30 18 5
30 19 3
30 20 3
30 21 2
30 22 4
30 23 3
30 24 3
30 25 2
30 26 5
30 27 1
30 28 3
30 29 4
30 31 3
30 32 2
30 33 1
30 34 5
30 35 3
30 36 1
30 37 1
30 38 4
30 39 5
30 40 3
30 41 4
30 42 1
30 43 4
30 44 5
30 45 4
30 46 3
30 47 1
30 48 2
30 49 2
30 50 5
30 51 4
30 52 4
30 53 1
30 54 3
30 55 3
30 56 1
30 57 1
30 58 2
30 59 1
30 60 4
30 61 3
30 62 3
30 63 2
30 64 5
30 65 5
30 66 4
30 67 5
30 68 5
30 69 4
30 70 1
30 71 5
30 72 3
30 73 3
30 74 5
30 75 4
31 1 1
31 2 2
31 3 4
31 4 3
31 5 3
31 6 5
31 7 1
31 8 3
31 9 3
31 10 5
31 11 5
31 12 3
31 13 3
31 14 4
31 15 5
31 16 1
31 17 3
31 18 4
31 19 2
31 20 2
31 21 3
31 22 2
31 23 3
31 24 5
31 25 5
31 26 4
31 27 4
31 28 4
31 29 1
31 30 5
31 32 2
31 33 2
31 34 2
31 35 2
31 36 1
31 37 4
31 38 2
31 39 3
31 40 2
31 41 1
31 42 5
31 43 3
31 44 3
31 45 2
31 46 3
31 47 2
31 48 2
31 49 5
31 50 5
31 51 5
31 52 3
31 53 5
31 54 3
31 55 1
31 56 4
31 57 4
31 58 1
31 59 4
31 60 5
31 61 1
31 62 3
31 63 1
31 64 4
31 65 4
31 66 5
31 67 1
31 68 5
31 69 1
31 70 4
31 71 3
31 72 1
31 73 3
31 74 2
31 75 5
32 1 1
32 2 5
32 3 3
32 4 4
32 5 1
32 6 4
32 7 5
32 8 4
32 9 3
32 10 2
32 11 1
32 12 1
32 13 2
32 14 1
32 15 1
32 16 1
32 17 3
32 18 4
32 19 2
32 20 2
32 21 4
32 22 3
32 23 2
32 24 5
32 25 5
32 26 2
32 27 2
32 28 5
32 29 1
32 30 4
32 31 1
32 33 1
32 34 3
32 35 3
32 36 1
32 37 5
32 38 1
32 39 5
32 40 3
32 41 1
32 42 1
32 43 5
32 44 1
32 45 5
32 46 5
32 47 4
32 48 5
32 49 3
32 50 2
32 51 3
32 52 1
32 53 2
32 54 5
32 55 4
32 56 2
32 57 4
32 58 1
32 59 3
32 60 5
32 61 3
32 62 3
32 63 5
32 64 4
32 65 2
32 66 4
32 67 1
32 68 2
32 69 2
32 70 1
32 71 1
32 72 2
32 73 3
32 74 1
32 75 4
33 1 2
33 2 2
33 3 2
33 4 2
33 5 4
33 6 5
33 7 4
33 8 4
33 9 2
33 10 4
33 11 5
33 12 3
33 13 4
33 14 5
33 15 2
33 16 4
33 17 2
33 18 5
33 19 5
33 20 2
33 21 1
33 22 1
33 23 3
33 24 4
33 25 2
33 26 5
33 27 5
33 28 5
33 29 2
33 30 5
33 31 5
33 32 4
33 34 1
33 35 4
33 36 5
33 37 2
33 38 3
33 39 5
33 40 2
33 41 4
33 42 5
33 43 1
33 44 3
33 45 4
33 46 2
33 47 5
33 48 4
33 49 1
33 50 1
33 51 5
33 52 2
33 53 3
33 54 5
33 55 1
33 56 2
33 57 3
33 58 5
33 59 3
33 60 2
33 61 2
33 62 2
33 63 4
33 64 2
33 65 4
33 66 2
33 67 3
33 68 2
33 69 4
33 70 2
33 71 4
33 72 5
33 73 4
33 74 1
33 75 4
34 1 4
34 2 5
34 3 5
34 4 2
34 5 5
34 6 5
34 7 3
34 8 3
34 9 5
34 10 3
34 11 4
34 12 1
34 13 5
34 14 5
34 15 3
34 16 4
34 17 3
34 18 1
34 19 4
34 20 4
34 21 1
34 22 5
34 23 1
34 24 5
34 25 5
34 26 5
34 27 5
34 28 4
34 29 5
34 30 5
34 31 5
34 32 3
34 33 4
34 35 4
34 36 1
34 37 5
34 38 1
34 39 3
34 40 3
34 41 5
34 42 2
34 43 1
34 44 2
34 45 4
34 46 2
34 47 1
34 48 4
34 49 5
34 50 3
34 51 2
34 52 3
34 53 5
34 54 1
34 55 1
34 56 4
34 57 5
34 58 2
34 59 3
34 60 1
34 61 3
34 62 5
34 63 5
34 64 5
34 65 5
34 66 5
34 67 2
34 68 5
34 69 2
34 70 1
34 71 2
34 72 1
34 73 3
34 74 4
34 75 4
35 1 1
35 2 5
35 3 1
35 4 4
35 5 4
35 6 5
35 7 5
35 8 4
35 9 5
35 10 2
35 11 1
35 12 5
35 13 1
35 14 4
35 15 3
35 16 3
35 17 1
35 18 4
35 19 4
35 20 2
35 21 3
35 22 4
35 23 3
35 24 4
35 25 2
35 26 3
35 27 5
35 28 5
35 29 5
35 30 5
35 31 3
35 32 2
35 33 5
35 34 1
35 36 5
35 37 5
35 38 5
35 39 1
35 40 5
35 41 1
35 42 2
35 43 2
35 44 1
35 45 5
35 46 5
35 47 5
35 48 2
35 49 2
35 50 3
35 51 3
35 52 3
35 53 2
35 54 3
35 55 5
35 56 1
35 57 4
35 58 5
35 59 2
35 60 3
35 61 1
35 62 2
35 63 3
35 64 3
35 65 3
35 66 3
35 67 4
35 68 4
35 69 2
35 70 5
35 71 1
35 72 3
35 73 1
35 74 2
35 75 5
36 1 2
36 2 4
36 3 4
36 4 4
36 5 5
36 6 1
36 7 1
36 8 5
36 9 2
36 10 3
36 11 1
36 12 2
36 13 3
36 14 5
36 15 4
36 16 1
36 17 1
36 18 2
36 19 3
36 20 5
36 21 4
36 22 5
36 23 3
36 24 2
36 25 3
36 26 2
36 27 2
36 28 2
36 29 5
36 30 1
36 31 3
36 32 1
36 33 1
36 34 1
36 35 1
36 37 2
36 38 1
36 39 3
36 40 1
36 41 5
36 42 2
36 43 4
36 44 3
36 45 5
36 46 3
36 47 3
36 48 2
36 49 5
36 50 4
36 51 4
36 52 4
36 53 4
36 54 5
36 55 2
36 56 3
36 57 4
36 58 5
36 59 4
36 60 3
36 61 1
36 62 1
36 63 5
36 64 4
36 65 1
36 66 1
36 67 4
36 68 5
36 69 3
36 70 4
36 71 5
36 72 2
36 73 5
36 74 5
36 75 2
37 1 1
37 2 3
37 3 4
37 4 2
37 5 4
37 6 5
37 7 2
37 8 5
37 9 3
37 10 1
37 11 3
37 12 5
37 13 2
37 14 2
37 15 1
37 16 4
37 17 3
37 18 1
37 19 3
37 20 1
37 21 4
37 22 3
37 23 1
37 24 5
37 25 1
37 26 4
37 27 1
37 28 4
37 29 1
37 30 1
37 31 5
37 32 3
37 33 3
37 34 1
37 35 2
37 36 3
37 38 5
37 39 3
37 40 2
37 41 2
37 42 1
37 43 4
37 44 4
37 45 2
37 46 3
37 47 4
37 48 2
37 49 5
37 50 1
37 51 4
37 52 2
37 53 1
37 54 4
37 55 4
37 56 5
37 57 1
37 58 5
37 59 1
37 60 4
37 61 5
37 62 1
37 63 1
37 64 4
37 65 5
37 66 3
37 67 5
37 68 2
37 69 2
37 70 5
37 71 1
37 72 5
37 73 5
37 74 4
37 75 3
38 1 3
38 2 3
38 3 3
38 4 4
38 5 2
38 6 4
38 7 4
38 8 5
38 9 4
38 10 2
38 11 1
38 12 1
38 13 2
38 14 5
38 15 1
38 16 3
38 17 1
38 18 1
38 19 3
38 20 4
38 21 2
38 22 5
38 23 1
38 24 5
38 25 3
38 26 5
38 27 5
38 28 2
38 29 1
38 30 1
38 31 2
38 32 3
38 33 3
38 34 4
38 35 3
38 36 2
38 37 4
38 39 1
38 40 3
38 41 3
38 42 3
38 43 3
38 44 3
38 45 1
38 46 2
38 47 5
38 48 3
38 49 2
38 50 2
38 51 5
38 52 3
38 53 3
38 54 1
38 55 3
38 56 4
38 57 5
38 58 2
38 59 4
38 60 4
38 61 4
38 62 1
38 63 5
38 64 1
38 65 5
38 66 5
38 67 5
38 68 1
38 69 4
38 70 2
38 71 1
38 72 3
38 73 4
38 74 3
38 75 2
39 1 2
39 2 2
39 3 1
39 4 4
39 5 3
39 6 2
39 7 1
39 8 5
39 9 1
39 10 1
39 11 4
39 12 4
39 13 1
39 14 2
39 15 4
39 16 4
39 17 5
39 18 1
39 19 5
39 20 2
39 21 1
39 22 4
39 23 1
39 24 3
39 25 4
39 26 3
39 27 5
39 28 1
39 29 3
39 30 3
39 31 2
39 32 4
39 33 4
39 34 4
39 35 5
39 36 3
39 37 2
39 38 5
39 40 5
39 41 2
39 42 5
39 43 5
39 44 3
39 45 2
39 46 2
39 47 3
39 48 2
39 49 1
39 50 1
39 51 1
39 52 3
39 53 3
39 54 2
39 55 3
39 56 5
39 57 5
39 58 2
39 59 2
39 60 1
39 61 2
39 62 4
39 63 4
39 64 2
39 65 4
39 66 3
39 67 1
39 68 3
39 69 4
39 70 5
39 71 4
39 72 3
39 73 5
39 74 4
39 75 5
40 1 3
40 2 5
40 3 4
40 4 5
40 5 5
40 6 4
40 7 5
40 8 4
40 9 1
40 10 3
40 11 4
40 12 3
40 13 3
40 14 5
40 15 4
40 16 5
40 17 3
40 18 4
40 19 3
40 20 5
40 21 4
40 22 5
40 23 5
40 24 3
40 25 1
40 26 5
40 27 2
40 28 3
40 29 1
40 30 2
40 31 4
40 32 5
40 33 1
40 34 2
40 35 4
40 36 2
40 37 3
40 38 1
40 39 1
40 41 3
40 42 3
40 43 4
40 44 2
40 45 5
40 46 5
40 47 2
40 48 4
40 49 3
40 50 2
40 51 4
40 52 4
40 53 5
40 54 3
40 55 3
40 56 5
40 57 5
40 58 4
40 59 3
40 60 2
40 61 1
40 62 4
40 63 5
40 64 1
40 65 1
40 66 4
40 67 1
40 68 4
40 69 1
40 70 1
40 71 1
40 72 5
40 73 1
40 74 1
40 75 4
41 1 2
41 2 1
41 3 5
41 4 1
41 5 5
41 6 2
41 7 1
41 8 5
41 9 3
41 10 5
41 11 4
41 12 4
41 13 5
41 14 3
41 15 1
41 16 3
41 17 5
41 18 1
41 19 3
41 20 2
41 21 3
41 22 3
41 23 3
41 24 2
41 25 5
41 26 5
41 27 2
41 28 1
41 29 5
41 30 5
41 31 4
41 32 2
41 33 2
41 34 4
41 35 4
41 36 1
41 37 2
41 38 4
41 39 2
41 40 1
41 42 3
41 43 5
41 44 5
41 45 4
41 46 2
41 47 2
41 48 2
41 49 4
41 50 5
41 51 1
41 52 5
41 53 2
41 54 3
41 55 4
41 56 3
41 57 4
41 58 4
41 59 2
41 60 4
41 61 3
41 62 3
41 63 3
41 64 1
41 65 4
41 66 3
41 67 4
41 68 1
41 69 1
41 70 4
41 71 2
41 72 1
41 73 4
41 74 1
41 75 2
42 1 2
42 2 5
42 3 4
42 4 3
42 5 3
42 6 3
42 7 3
42 8 4
42 9 1
42 10 5
42 11 3
42 12 4
42 13 3
42 14 1
42 15 2
42 16 4
42 17 5
42 18 4
42 19 1
42 20 1
42 21 2
42 22 3
42 23 1
42 24 4
42 25 3
42 26 2
42 27 5
42 28 5
42 29 5
42 30 5
42 31 2
42 32 1
42 33 4
42 34 2
42 35 4
42 36 1
42 37 1
42 38 3
42 39 5
42 40 1
42 41 5
42 43 4
42 44 1
42 45 4
42 46 4
42 47 4
42 48 2
42 49 5
42 50 4
42 51 2
42 52 5
42 53 2
42 54 1
42 55 3
42 56 5
42 57 5
42 58 4
42 59 4
42 60 2
42 61 5
42 62 4
42 63 5
42 64 5
42 65 4
42 66 1
42 67 5
42 68 2
42 69 3
42 70 3
42 71 3
42 72 5
42 73 4
42 74 1
42 75 3
43 1 2
43 2 1
43 3 1
43 4 4
43 5 5
43 6 2
43 7 5
43 8 2
43 9 3
43 10 3
43 11 4
43 12 5
43 13 4
43 14 4
43 15 5
43 16 5
43 17 3
43 18 3
43 19 4
43 20 4
43 21 4
43 22 1
43 23 1
43 24 5
43 25 3
43 26 5
43 27 2
43 28 5
43 29 3
43 30 4
43 31 2
43 32 4
43 33 4
43 34 4
43 35 2
43 36 3
43 37 2
43 38 4
43 39 4
43 40 2
43 41 3
43 42 4
43 44 1
43 45 1
43 46 2
43 47 5
43 48 1
43 49 1
43 50 5
43 51 1
43 52 2
43 53 3
43 54 2
43 55 2
43 56 4
43 57 1
43 58 3
43 59 5
43 60 5
43 61 5
43 62 5
43 63 3
43 64 5
43 65 3
43 66 4
43 67 2
43 68 5
43 69 5
43 70 2
43 71 1
43 72 1
43 73 4
43 74 4
43 75 3
44 1 1
44 2 3
44 3 3
44 4 1
44 5 3
44 6 2
44 7 2
44 8 1
44 9 1
44 10 5
44 11 2
44 12 4
44 13 5
44 14 1
44 15 5
44 16 2
44 17 5
44 18 4
44 19 4
44 20 5
44 21 1
44 22 4
44 23 3
44 24 2
44 25 4
44 26 1
44 27 2
44 28 1
44 29 1
44 30 1
44 31 4
44 32 1
44 33 3
44 34 1
44 35 2
44 36 2
44 37 4
44 38 5
44 39 3
44 40 1
44 41 4
44 42 1
44 43 1
44 45 5
44 46 2
44 47 5
44 48 1
44 49 3
44 50 5
44 51 2
44 52 4
44 53 2
44 54 5
44 55 3
44 56 5
44 57 5
44 58 5
44 59 2
44 60 1
44 61 5
44 62 4
44 63 4
44 64 1
44 65 3
44 66 1
44 67 4
44 68 4
44 69 4
44 70 5
44 71 3
44 72 1
44 73 5
44 74 1
44 75 1
45 1 4
45 2 4
45 3 2
45 4 2
45 5 3
45 6 1
45 7 3
45 8 4
45 9 4
45 10 4
45 11 1
45 12 3
45 13 4
45 14 3
45 15 1
45 16 1
45 17 2
45 18 4
45 19 4
45 20 2
45 21 1
45 22 1
45 23 2
45 24 2
45 25 1
45 26 1
45 27 1
45 28 1
45 29 5
45 30 3
45 31 3
45 32 1
45 33 1
45 34 4
45 35 2
45 36 4
45 37 1
45 38 1
45 39 4
45 40 4
45 41 1
45 42 1
45 43 3
45 44 1
45 46 3
45 47 4
45 48 1
45 49 5
45 50 2
45 51 1
45 52 1
45 53 5
45 54 1
45 55 3
45 56 3
45 57 1
45 58 5
45 59 5
45 60 3
45 61 5
45 62 3
45 63 5
45 64 5
45 65 3
45 66 3
45 67 3
45 68 3
45 69 5
45 70 3
45 71 1
45 72 5
45 73 3
45 74 2
45 75 3
46 1 4
46 2 4
46 3 1
46 4 1
46 5 5
46 6 4
46 7 2
46 8 1
46 9 5
46 10 4
46 11 5
46 12 4
46 13 5
46 14 1
46 15 4
46 16 4
46 17 5
46 18 1
46 19 4
46 20 1
46 21 5
46 22 3
46 23 3
46 24 5
46 25 3
46 26 5
46 27 2
46 28 2
46 29 5
46 30 3
46 31 1
46 32 5
46 33 4
46 34 3
46 35 5
46 36 3
46 37 2
46 38 1
46 39 5
46 40 3
46 41 5
46 42 1
46 43 2
46 44 1
46 45 2
46 47 5
46 48 1
46 49 3
46 50 2
46 51 4
46 52 4
46 53 3
46 54 4
46 55 1
46 56 2
46 57 3
46 58 3
46 59 4
46 60 1
46 61 4
46 62 3
46 63 2
46 64 3
46 65 3
46 66 4
46 67 2
46 68 1
46 69 2
46 70 5
46 71 2
46 72 2
46 73 1
46 74 5
46 75 3
47 1 1
47 2 3
47 3 4
47 4 1
47 5 5
47 6 5
47 7 2
47 8 5
47 9 4
47 10 2
47 11 1
47 12 1
47 13 4
47 14 5
47 15 4
47 16 4
47 17 3
47 18 1
47 19 5
47 20 5
47 21 4
47 22 1
47 23 3
47 24 1
47 25 4
47 26 2
47 27 4
47 28 5
47 29 2
47 30 5
47 31 2
47 32 4
47 33 2
47 34 2
47 35 2
47 36 2
47 37 3
47 38 5
47 39 1
47 40 2
47 41 1
47 42 3
47 43 2
47 44 4
47 45 4
47 46 2
47 48 2
47 49 1
47 50 2
47 51 4
47 52 2
47 53 2
47 54 4
47 55 2
47 56 4
47 57 4
47 58 3
47 59 5
47 60 4
47 61 2
47 62 4
47 63 2
47 64 2
47 65 1
47 66 4
47 67 3
47 68 4
47 69 1
47 70 2
47 71 1
47 72 2
47 73 2
47 74 4
47 75 3
48 1 2
48 2 2
48 3 4
48 4 4
48 5 5
48 6 3
48 7 4
48 8 3
48 9 1
48 10 4
48 11 1
48 12 2
48 13 2
48 14 1
48 15 1
48 16 5
48 17 2
48 18 1
48 19 2
48 20 3
48 21 1
48 22 2
48 23 3
48 24 1
48 25 2
48 26 1
48 27 2
48 28 4
48 29 5
48 30 2
48 31 3
48 32 1
48 33 5
48 34 4
48 35 1
48 36 1
48 37 3
48 38 4
48 39 4
48 40 5
48 41 2
48 42 4
48 43 1
48 44 1
48 45 1
48 46 3
48 47 5
48 49 2
48 50 4
48 51 3
48 52 2
48 53 1
48 54 4
48 55 1
48 56 2
48 57 3
48 58 1
48 59 5
48 60 3
48 61 2
48 62 1
48 63 5
48 64 3
48 65 5
48 66 5
48 67 3
48 68 1
48 69 4
48 70 4
48 71 1
48 72 4
48 73 5
48 74 1
48 75 1
49 1 5
49 2 2
49 3 1
49 4 2
49 5 5
49 6 1
49 7 1
49 8 3
49 9 1
49 10 2
49 11 3
49 12 4
49 13 4
49 14 1
49 15 3
49 16 1
49 17 2
49 18 5
49 19 2
49 20 1
49 21 2
49 22 2
49 23 1
49 24 2
49 25 2
49 26 4
49 27 4
49 28 5
49 29 5
49 30 1
49 31 3
49 32 5
49 33 2
49 34 3
49 35 3
49 36 4
49 37 3
49 38 5
49 39 1
49 40 5
49 41 1
49 42 1
49 43 1
49 44 4
49 45 1
49 46 5
49 47 4
49 48 4
49 50 5
49 51 1
49 52 5
49 53 1
49 54 4
49 55 2
49 56 4
49 57 5
49 58 5
49 59 4
49 60 2
49 61 4
49 62 4
49 63 1
49 64 5
49 65 1
49 66 5
49 67 4
49 68 1
49 69 4
49 70 4
49 71 1
49 72 3
49 73 4
49 74 1
49 75 5
50 1 3
50 2 3
50 3 5
50 4 3
50 5 4
50 6 1
50 7 3
50 8 5
50 9 3
50 10 3
50 11 1
50 12 3
50 13 5
50 14 5
50 15 1
50 16 3
50 17 3
50 18 4
50 19 3
50 20 5
50 21 1
50 22 4
50 23 3
50 24 1
50 25 2
50 26 1
50 27 4
50 28 1
50 29 5
50 30 1
50 31 1
50 32 4
50 33 4
50 34 5
50 35 1
50 36 4
50 37 2
50 38 1
50 39 3
50 40 4
50 41 3
50 42 3
50 43 1
50 44 4
50 45 4
50 46 1
50 47 3
50 48 3
50 49 1
50 51 2
50 52 2
50 53 4
50 54 5
50 55 2
50 56 1
50 57 1
50 58 2
50 59 4
50 60 4
50 61 3
50 62 5
50 63 4
50 64 1
50 65 5
50 66 5
50 67 2
50 68 3
50 69 1
50 70 2
50 71 5
50 72 4
50 73 1
50 74 4
50 75 1
51 1 2
51 2 4
51 3 3
51 4 4
51 5 1
51 6 3
51 7 1
51 8 5
51 9 3
51 10 5
51 11 1
51 12 4
51 13 3
51 14 4
51 15 4
51 16 1
51 17 2
51 18 3
51 19 1
51 20 2
51 21 4
51 22 5
51 23 5
51 24 1
51 25 5
51 26 3
51 27 2
51 28 5
51 29 4
51 30 2
51 31 2
51 32 2
51 33 5
51 34 4
51 35 5
51 36 3
51 37 3
51 38 2
51 39 2
51 40 1
51 41 2
51 42 2
51 43 1
51 44 1
51 45 5
51 46 4
51 47 3
51 48 3
51 49 4
51 50 3
51 52 2
51 53 2
51 54 2
51 55 1
51 56 5
51 57 3
51 58 4
51 59 3
51 60 4
51 61 4
51 62 5
51 63 5
51 64 5
51 65 1
51 66 5
51 67 1
51 68 3
51 69 4
51 70 3
51 71 1
51 72 4
51 73 1
51 74 2
51 75 1
52 1 3
52 2 4
52 3 5
52 4 5
52 5 3
52 6 5
52 7 2
52 8 4
52 9 1
52 10 5
52 11 5
52 12 5
52 13 2
52 14 5
52 15 5
52 16 2
52 17 5
52 18 4
52 19 3
52 20 1
52 21 1
52 22 2
52 23 1
52 24 4
52 25 5
52 26 5
52 27 4
52 28 1
52 29 5
52 30 3
52 31 1
52 32 2
52 33 3
52 34 2
52 35 3
52 36 5
52 37 1
52 38 4
52 39 1
52 40 4
52 41 3
52 42 2
52 43 5
52 44 1
52 45 3
52 46 4
52 47 4
52 48 2
52 49 4
52 50 1
52 51 4
52 53 5
52 54 2
52 55 4
52 56 3
52 57 4
52 58 1
52 59 3
52 60 4
52 61 2
52 62 2
52 63 1
52 64 1
52 65 4
52 66 5
52 67 3
52 68 1
52 69 2
52 70 4
52 71 3
52 72 5
52 73 3
52 74 4
52 75 2
53 1 4
53 2 1
53 3 5
53 4 2
53 5 4
53 6 4
53 7 5
53 8 2
53 9 5
53 10 1
53 11 5
53 12 4
53 13 1
53 14 2
53 15 1
53 16 4
53 17 4
53 18 5
53 19 2
53 20 1
53 21 3
53 22 1
53 23 3
53 24 5
53 25 2
53 26 1
53 27 2
53 28 4
53 29 1
53 30 2
53 31 5
53 32 1
53 33 2
53 34 1
53 35 4
53 36 5
53 37 1
53 38 3
53 39 1
53 40 5
53 41 1
53 42 3
53 43 3
53 44 1
53 45 4
53 46 1
53 47 2
53 48 4
53 49 2
53 50 3
53 51 4
53 52 4
53 54 5
53 55 4
53 56 1
53 57 3
53 58 1
53 59 4
53 60 1
53 61 1
53 62 1
53 63 2
53 64 1
53 65 2
53 66 3
53 67 5
53 68 4
53 69 3
53 70 2
53 71 4
53 72 5
53 73 2
53 74 3
53 75 4
54 1 3
54 2 4
54 3 1
54 4 4
54 5 2
54 6 2
54 7 3
54 8 3
54 9 3
54 10 2
54 11 1
54 12 3
54 13 4
54 14 1
54 15 3
54 16 2
54 17 4
54 18 3
54 19 3
54 20 4
54 21 2
54 22 5
54 23 3
54 24 5
54 25 5
54 26 2
54 27 5
54 28 4
54 29 5
54 30 3
54 31 4
54 32 2
54 33 1
54 34 5
54 35 2
54 36 4
54 37 1
54 38 1
54 39 3
54 40 3
54 41 2
54 42 3
54 43 2
54 44 3
54 45 1
54 46 5
54 47 4
54 48 4
54 49 2
54 50 3
54 51 4
54 52 5
54 53 3
54 55 4
54 56 4
54 57 4
54 58 2
54 59 1
54 60 4
54 61 1
54 62 5
54 63 2
54 64 5
54 65 2
54 66 1
54 67 1
54 68 5
54 69 2
54 70 4
54 71 3
54 72 1
54 73 5
54 74 2
54 75 3
55 1 4
55 2 4
55 3 4
55 4 4
55 5 4
55 6 5
55 7 2
55 8 3
55 9 2
55 10 4
55 11 3
55 12 2
55 13 4
55 14 4
55 15 2
55 16 2
55 17 4
55 18 1
55 19 3
55 20 3
55 21 2
55 22 1
55 23 1
55 24 4
55 25 4
55 26 4
55 27 3
55 28 4
55 29 3
55 30 4
55 31 3
55 32 4
55 33 3
55 34 1
55 35 2
55 36 1
55 37 3
55 38 3
55 39 5
55 40 4
55 41 3
55 42 2
55 43 5
55 44 1
55 45 5
55 46 2
55 47 4
55 48 1
55 49 4
55 50 4
55 51 3
55 52 1
55 53 4
55 54 3
55 56 4
55 57 2
55 58 1
55 59 1
55 60 2
55 61 1
55 62 1
55 63 5
55 64 1
55 65 5
55 66 5
55 67 2
55 68 3
55 69 2
55 70 2
55 71 4
55 72 5
55 73 4
55 74 1
55 75 2
56 1 2
56 2 2
56 3 3
56 4 5
56 5 4
56 6 1
56 7 5
56 8 2
56 9 3
56 10 3
56 11 1
56 12 3
56 13 1
56 14 4
56 15 5
56 16 3
56 17 1
56 18 3
56 19 2
56 20 1
56 21 2
56 22 1
56 23 2
56 24 4
56 25 5
56 26 5
56 27 3
56 28 1
56 29 4
56 30 5
56 31 2
56 32 2
56 33 3
56 34 1
56 35 3
56 36 2
56 37 4
56 38 3
56 39 5
56 40 1
56 41 5
56 42 5
56 43 1
56 44 1
56 45 3
56 46 5
56 47 5
56 48 5
56 49 2
56 50 1
56 51 5
56 52 1
56 53 3
56 54 4
56 55 4
56 57 2
56 58 3
56 59 3
56 60 3
56 61 3
56 62 4
56 63 1
56 64 4
56 65 2
56 66 2
56 67 2
56 68 5
56 69 2
56 70 1
56 71 4
56 72 2
56 73 5
56 74 5
56 75 4
57 1 2
57 2 5
57 3 4
57 4 1
57 5 4
57 6 2
57 7 3
57 8 4
57 9 2
57 10 1
57 11 2
57 12 3
57 13 2
57 14 1
57 15 2
57 16 1
57 17 4
57 18 3
57 19 4
57 20 2
57 21 4
57 22 5
57 23 5
57 24 5
57 25 1
57 26 5
57 27 5
57 28 4
57 29 2
57 30 4
57 31 3
57 32 3
57 33 3
57 34 3
57 35 1
57 36 4
57 37 1
57 38 3
57 39 4
57 40 5
57 41 3
57 42 5
57 43 2
57 44 2
57 45 2
57 46 5
57 47 4
57 48 5
57 49 2
57 50 2
57 51 4
57 52 2
57 53 3
57 54 3
57 55 1
57 56 5
57 58 3
57 59 5
57 60 1
57 61 4
57 62 1
57 63 5
57 64 3
57 65 5
57 66 4
57 67 5
57 68 3
57 69 4
57 70 5
57 71 1
57 72 3
57 73 4
57 74 2
57 75 1
58 1 5
58 2 1
58 3 1
58 4 1
58 5 5
58 6 4
58 7 4
58 8 3
58 9 1
58 10 4
58 11 3
58 12 3
58 13 5
58 14 5
58 15 5
58 16 5
58 17 5
58 18 5
58 19 1
58 20 4
58 21 1
58 22 4
58 23 4
58 24 1
58 25 5
58 26 3
58 27 1
58 28 4
58 29 1
58 30 5
58 31 5
58 32 3
58 33 5
58 34 2
58 35 5
58 36 1
58 37 5
58 38 3
58 39 4
58 40 2
58 41 3
58 42 1
58 43 5
58 44 3
58 45 2
58 46 4
58 47 4
58 48 3
58 49 3
58 50 5
58 51 1
58 52 5
58 53 5
58 54 1
58 55 5
58 56 4
58 57 5
58 59 3
58 60 3
58 61 1
58 62 4
58 63 4
58 64 5
58 65 3
58 66 5
58 67 4
58 68 5
58 69 1
58 70 3
58 71 5
58 72 3
58 73 3
58 74 2
58 75 2
59 1 5
59 2 3
59 3 2
59 4 5
59 5 2
59 6 1
59 7 4
59 8 3
59 9 5
59 10 1
59 11 3
59 12 5
59 13 1
59 14 3
59 15 2
59 16 3
59 17 5
59 18 5
59 19 3
59 20 1
59 21 4
59 22 4
59 23 1
59 24 3
59 25 5
59 26 5
59 27 3
59 28 4
59 29 2
59 30 1
59 31 2
59 32 1
59 33 4
59 34 3
59 35 1
59 36 5
59 37 3
59 38 1
59 39 4
59 40 2
59 41 1
59 42 4
59 43 3
59 44 2
59 45 3
59 46 4
59 47 1
59 48 4
59 49 5
59 50 1
59 51 4
59 52 5
59 53 4
59 54 4
59 55 5
59 56 5
59 57 3
59 58 4
59 60 3
59 61 2
59 62 4
59 63 1
59 64 4
59 65 2
59 66 3
59 67 4
59 68 4
59 69 5
59 70 2
59 71 4
59 72 4
59 73 4
59 74 2
59 75 1
60 1 2
60 2 1
60 3 5
60 4 5
60 5 4
60 6 1
60 7 5
60 8 2
60 9 1
60 10 5
60 11 2
60 12 5
60 13 5
60 14 2
60 15 3
60 16 4
60 17 3
60 18 1
60 19 2
60 20 1
60 21 5
60 22 4
60 23 2
60 24 5
60 25 4
60 26 5
60 27 3
60 28 2
60 29 3
60 30 2
60 31 2
60 32 2
60 33 2
60 34 3
60 35 1
60 36 1
60 37 1
60 38 2
60 39 4
60 40 1
60 41 1
60 42 1
60 43 2
60 44 2
60 45 4
60 46 1
60 47 3
60 48 3
60 49 1
60 50 4
60 51 5
60 52 2
60 53 4
60 54 1
60 55 1
60 56 2
60 57 2
60 58 1
60 59 5
60 61 5
60 62 2
60 63 4
60 64 3
60 65 3
60 66 3
60 67 3
60 68 5
60 69 3
60 70 1
60 71 4
60 72 5
60 73 1
60 74 1
60 75 1
61 1 5
61 2 4
61 3 1
61 4 2
61 5 3
61 6 4
61 7 2
61 8 2
61 9 5
61 10 5
61 11 5
61 12 3
61 13 4
61 14 1
61 15 3
61 16 5
61 17 2
61 18 1
61 19 3
61 20 4
61 21 5
61 22 3
61 23 3
61 24 5
61 25 5
61 26 3
61 27 3
61 28 5
61 29 1
61 30 5
61 31 2
61 32 5
61 33 5
61 34 3
61 35 3
61 36 2
61 37 3
61 38 4
61 39 3
61 40 2
61 41 5
61 42 2
61 43 1
61 44 5
61 45 5
61 46 3
61 47 5
61 48 1
61 49 5
61 50 4
61 51 5
61 52 5
61 53 1
61 54 4
61 55 4
61 56 3
61 57 2
61 58 3
61 59 2
61 60 2
61 62 2
61 63 5
61 64 1
61 65 1
61 66 4
61 67 5
61 68 4
61 69 1
61 70 5
61 71 1
61 72 3
61 73 4
61 74 5
61 75 3
62 1 4
62 2 4
62 3 3
62 4 5
62 5 4
62 6 2
62 7 3
62 8 5
62 9 3
62 10 4
62 11 4
62 12 1
62 13 1
62 14 2
62 15 5
62 16 4
62 17 3
62 18 1
62 19 5
62 20 5
62 21 3
62 22 4
62 23 1
62 24 1
62 25 4
62 26 5
62 27 4
62 28 1
62 29 5
62 30 5
62 31 1
62 32 5
62 33 3
62 34 5
62 35 4
62 36 3
62 37 3
62 38 2
62 39 3
62 40 1
62 41 2
62 42 3
62 43 1
62 44 4
62 45 4
62 46 3
62 47 4
62 48 3
62 49 3
62 50 3
62 51 4
62 52 3
62 53 1
62 54 4
62 55 5
62 56 5
62 57 3
62 58 5
62 59 2
62 60 4
62 61 4
62 63 4
62 64 4
62 65 1
62 66 3
62 67 2
62 68 1
62 69 1
62 70 5
62 71 5
62 72 1
62 73 3
62 74 2
62 75 3
63 1 1
63 2 2
63 3 5
63 4 4
63 5 1
63 6 5
63 7 4
63 8 4
63 9 4
63 10 4
63 11 4
63 12 3
63 13 5
63 14 3
63 15 5
63 16 2
63 17 1
63 18 3
63 19 5
63 20 4
63 21 1
63 22 5
63 23 3
63 24 3
63 25 5
63 26 4
63 27 2
63 28 2
63 29 2
63 30 3
63 31 4
63 32 4
63 33 1
63 34 1
63 35 5
63 36 1
63 37 5
63 38 3
63 39 1
63 40 3
63 41 3
63 42 4
63 43 2
63 44 3
63 45 1
63 46 1
63 47 1
63 48 1
63 49 1
63 50 5
63 51 2
63 52 3
63 53 1
63 54 1
63 55 5
63 56 5
63 57 1
63 58 1
63 59 3
63 60 4
63 61 5
63 62 2
63 64 3
63 65 5
63 66 2
63 67 4
63 68 2
63 69 3
63 70 1
63 71 2
63 72 5
63 73 3
63 74 5
63 75 3
64 1 2
64 2 2
64 3 1
64 4 2
64 5 2
64 6 1
64 7 4
64 8 5
64 9 5
64 10 4
64 11 2
64 12 4
64 13 1
64 14 3
64 15 1
64 16 3
64 17 1
64 18 5
64 19 1
64 20 5
64 21 1
64 22 4
64 23 3
64 24 2
64 25 1
64 26 5
64 27 5
64 28 2
64 29 5
64 30 4
64 31 2
64 32 1
64 33 2
64 34 2
64 35 3
64 36 5
64 37 4
64 38 3
64 39 5
64 40 3
64 41 3
64 42 3
64 43 1
64 44 3
64 45 5
64 46 3
64 47 3
64 48 3
64 49 2
64 50 5
64 51 2
64 52 4
64 53 4
64 54 2
64 55 5
64 56 1
64 57 1
64 58 4
64 59 5
64 60 5
64 61 4
64 62 1
64 63 1
64 65 2
64 66 4
64 67 5
64 68 1
64 69 2
64 70 4
64 71 2
64 72 4
64 73 1
64 74 5
64 75 1
65 1 4
65 2 1
65 3 3
65 4 3
65 5 3
65 6 1
65 7 2
65 8 2
65 9 4
65 10 2
65 11 3
65 12 3
65 13 3
65 14 3
65 15 3
65 16 4
65 17 5
65 18 3
65 19 4
65 20 5
65 21 1
65 22 2
65 23 1
65 24 1
65 25 5
65 26 4
65 27 3
65 28 3
65 29 4
65 30 2
65 31 5
65 32 4
65 33 4
65 34 2
65 35 1
65 36 4
65 37 2
65 38 5
65 39 5
65 40 2
65 41 1
65 42 4
65 43 1
65 44 5
65 45 3
65 46 3
65 47 3
65 48 2
65 49 2
65 50 3
65 51 3
65 52 2
65 53 1
65 54 3
65 55 4
65 56 5
65 57 3
65 58 1
65 59 4
65 60 4
65 61 4
65 62 3
65 63 2
65 64 3
65 66 4
65 67 5
65 68 1
65 69 2
65 70 1
65 71 2
65 72 3
65 73 1
65 74 5
65 75 3
66 1 3
66 2 2
66 3 2
66 4 5
66 5 1
66 6 5
66 7 3
66 8 3
66 9 3
66 10 5
66 11 1
66 12 2
66 13 5
66 14 3
66 15 4
66 16 3
66 17 3
66 18 3
66 19 1
66 20 5
66 21 2
66 22 1
66 23 1
66 24 4
66 25 5
66 26 1
66 27 2
66 28 4
66 29 3
66 30 1
66 31 4
66 32 5
66 33 4
66 34 2
66 35 5
66 36 4
66 37 4
66 38 4
66 39 2
66 40 1
66 41 3
66 42 4
66 43 4
66 44 4
66 45 3
66 46 3
66 47 4
66 48 1
66 49 2
66 50 1
66 51 2
66 52 5
66 53 1
66 54 2
66 55 3
66 56 2
66 57 2
66 58 4
66 59 3
66 60 4
66 61 1
66 62 1
66 63 4
66 64 4
66 65 2
66 67 5
66 68 5
66 69 2
66 70 5
66 71 1
66 72 3
66 73 4
66 74 1
66 75 1
67 1 3
67 2 3
67 3 5
67 4 1
67 5 3
67 6 1
67 7 1
67 8 4
67 9 5
67 10 3
67 11 2
67 12 4
67 13 2
67 14 5
67 15 2
67 16 4
67 17 4
67 18 4
67 19 1
67 20 4
67 21 3
67 22 4
67 23 5
67 24 4
67 25 1
67 26 4
67 27 1
67 28 3
67 29 4
67 30 1
67 31 5
67 32 1
67 33 3
67 34 2
67 35 3
67 36 3
67 37 2
67 38 5
67 39 3
67 40 4
67 41 5
67 42 5
67 43 2
67 44 3
67 45 4
67 46 1
67 47 1
67 48 4
67 49 4
67 50 1
67 51 4
67 52 3
67 53 4
67 54 5
67 55 1
67 56 1
67 57 5
67 58 3
67 59 5
67 60 4
67 61 3
67 62 5
67 63 1
67 64 3
67 65 1
67 66 4
67 68 5
67 69 4
67 70 5
67 71 4
67 72 4
67 73 1
67 74 5
67 75 1
68 1 3
68 2 1
68 3 3
68 4 3
68 5 4
68 6 1
68 7 5
68 8 5
68 9 1
68 10 1
68 11 4
68 12 3
68 13 1
68 14 4
68 15 1
68 16 1
68 17 2
68 18 3
68 19 2
68 20 2
68 21 2
68 22 4
68 23 2
68 24 1
68 25 4
68 26 4
68 27 2
68 28 3
68 29 4
68 30 1
68 31 5
68 32 2
68 33 1
68 34 2
68 35 1
68 36 2
68 37 4
68 38 1
68 39 1
68 40 1
68 41 3
68 42 4
68 43 4
68 44 3
68 45 4
68 46 1
68 47 5
68 48 2
68 49 5
68 50 3
68 51 1
68 52 2
68 53 3
68 54 2
68 55 4
68 56 2
68 57 5
68 58 5
68 59 4
68 60 1
68 61 3
68 62 5
68 63 2
68 64 3
68 65 1
68 66 2
68 67 1
68 69 4
68 70 4
68 71 1
68 72 2
68 73 3
68 74 2
68 75 5
69 1 1
69 2 2
69 3 2
69 4 2
69 5 4
69 6 1
69 7 2
69 8 4
69 9 4
69 10 4
69 11 2
69 12 3
69 13 5
69 14 2
69 15 4
69 16 5
69 17 4
69 18 1
69 19 4
69 20 5
69 21 1
69 22 1
69 23 3
69 24 1
69 25 2
69 26 4
69 27 4
69 28 3
69 29 1
69 30 2
69 31 4
69 32 3
69 33 3
69 34 5
69 35 2
69 36 3
69 37 5
69 38 3
69 39 1
69 40 4
69 41 1
69 42 3
69 43 3
69 44 3
69 45 1
69 46 1
69 47 4
69 48 4
69 49 4
69 50 3
69 51 5
69 52 4
69 53 5
69 54 4
69 55 1
69 56 1
69 57 4
69 58 1
69 59 3
69 60 5
69 61 2
69 62 1
69 63 4
69 64 2
69 65 2
69 66 5
69 67 4
69 68 4
69 70 4
69 71 5
69 72 2
69 73 5
69 74 4
69 75 1
70 1 4
70 2 1
70 3 1
70 4 2
70 5 4
70 6 1
70 7 1
70 8 5
70 9 1
70 10 3
70 11 5
70 12 4
70 13 3
70 14 4
70 15 4
70 16 3
70 17 3
70 18 3
70 19 5
70 20 3
70 21 4
70 22 2
70 23 3
70 24 2
70 25 5
70 26 1
70 27 3
70 28 3
70 29 2
70 30 3
70 31 3
70 32 2
70 33 3
70 34 5
70 35 4
70 36 3
70 37 1
70 38 1
70 39 4
70 40 3
70 41 3
70 42 4
70 43 1
70 44 3
70 45 2
70 46 5
70 47 5
70 48 1
70 49 2
70 50 4
70 51 3
70 52 2
70 53 2
70 54 5
70 55 5
70 56 1
70 57 3
70 58 5
70 59 3
70 60 1
70 61 2
70 62 2
70 63 3
70 64 2
70 65 4
70 66 3
70 67 4
70 68 4
70 69 3
70 71 5
70 72 3
70 73 3
70 74 3
70 75 4
71 1 5
71 2 1
71 3 3
71 4 1
71 5 1
71 6 1
71 7 1
71 8 3
71 9 2
71 10 3
71 11 5
71 12 1
71 13 3
71 14 4
71 15 2
71 16 3
71 17 4
71 18 4
71 19 1
71 20 1
71 21 2
71 22 4
71 23 3
71 24 2
71 25 4
71 26 3
71 27 1
71 28 2
71 29 5
71 30 3
71 31 5
71 32 1
71 33 5
71 34 4
71 35 3
71 36 5
71 37 4
71 38 3
71 39 5
71 40 2
71 41 5
71 42 1
71 43 4
71 44 5
71 45 4
71 46 1
71 47 4
71 48 2
71 49 1
71 50 4
71 51 5
71 52 2
71 53 3
71 54 2
71 55 3
71 56 3
71 57 1
71 58 4
71 59 4
71 60 2
71 61 3
71 62 5
71 63 2
71 64 3
71 65 3
71 66 1
71 67 4
71 68 1
71 69 4
71 70 3
71 72 4
71 73 3
71 74 3
71 75 3
72 1 4
72 2 1
72 3 3
72 4 2
72 5 5
72 6 3
72 7 1
72 8 4
72 9 4
72 10 5
72 11 2
72 12 3
72 13 2
72 14 3
72 15 1
72 16 3
72 17 4
72 18 1
72 19 2
72 20 3
72 21 5
72 22 2
72 23 5
72 24 3
72 25 4
72 26 3
72 27 1
72 28 3
72 29 3
72 30 5
72 31 5
72 32 1
72 33 3
72 34 4
72 35 5
72 36 2
72 37 1
72 38 5
72 39 2
72 40 1
72 41 1
72 42 3
72 43 3
72 44 2
72 45 2
72 46 1
72 47 1
72 48 3
72 49 1
72 50 3
72 51 2
72 52 5
72 53 1
72 54 1
72 55 2
72 56 4
72 57 4
72 58 4
72 59 1
72 60 3
72 61 4
72 62 5
72 63 3
72 64 1
72 65 3
72 66 4
72 67 4
72 68 5
72 69 3
72 70 5
72 71 5
72 73 5
72 74 4
72 75 5
73 1 4
73 2 1
73 3 5
73 4 4
73 5 5
73 6 2
73 7 3
73 8 1
73 9 1
73 10 3
73 11 1
73 12 4
73 13 2
73 14 1
73 15 5
73 16 2
73 17 3
73 18 5
73 19 4
73 20 3
73 21 2
73 22 3
73 23 1
73 24 5
73 25 5
73 26 1
73 27 1
73 28 1
73 29 5
73 30 4
73 31 5
73 32 3
73 33 1
73 34 1
73 35 4
73 36 5
73 37 2
73 38 3
73 39 5
73 40 4
73 41 1
73 42 3
73 43 3
73 44 4
73 45 3
73 46 4
73 47 2
73 48 1
73 49 3
73 50 5
73 51 5
73 52 1
73 53 5
73 54 5
73 55 2
73 56 1
73 57 2
73 58 2
73 59 1
73 60 2
73 61 2
73 62 3
73 63 1
73 64 3
73 65 3
73 66 1
73 67 4
73 68 5
73 69 4
73 70 4
73 71 3
73 72 1
73 74 1
73 75 2
74 1 4
74 2 5
74 3 2
74 4 5
74 5 2
74 6 4
74 7 2
74 8 1
74 9 1
74 10 3
74 11 3
74 12 2
74 13 3
74 14 4
74 15 3
74 16 3
74 17 2
74 18 5
74 19 5
74 20 5
74 21 4
74 22 5
74 23 5
74 24 2
74 25 1
74 26 5
74 27 2
74 28 3
74 29 5
74 30 4
74 31 2
74 32 3
74 33 4
74 34 3
74 35 5
74 36 5
74 37 4
74 38 1
74 39 1
74 40 4
74 41 3
74 42 5
74 43 1
74 44 2
74 45 3
74 46 5
74 47 4
74 48 2
74 49 1
74 50 1
74 51 1
74 52 4
74 53 2
74 54 2
74 55 3
74 56 2
74 57 2
74 58 4
74 59 1
74 60 1
74 61 3
74 62 2
74 63 4
74 64 1
74 65 2
74 66 3
74 67 2
74 68 2
74 69 5
74 70 4
74 71 5
74 72 4
74 73 3
74 75 2
75 1 5
75 2 1
75 3 2
75 4 5
75 5 2
75 6 4
75 7 2
75 8 2
75 9 5
75 10 3
75 11 3
75 12 2
75 13 4
75 14 1
75 15 2
75 16 5
75 17 2
75 18 4
75 19 3
75 20 2
75 21 1
75 22 1
75 23 1
75 24 3
75 25 2
75 26 5
75 27 1
75 28 4
75 29 5
75 30 4
75 31 5
75 32 1
75 33 1
75 34 3
75 35 5
75 36 4
75 37 2
75 38 4
75 39 2
75 40 3
75 41 3
75 42 1
75 43 4
75 44 4
75 45 2
75 46 5
75 47 3
75 48 3
75 49 1
75 50 2
75 51 4
75 52 3
75 53 3
75 54 1
75 55 2
75 56 1
75 57 5
75 58 5
75 59 4
75 60 1
75 61 3
75 62 1
75 63 1
75 64 5
75 65 3
75 66 2
75 67 3
75 68 1
75 69 5
75 70 1
75 71 3
75 72 3
75 73 1
75 74 3

END
