INSTANCE_NAME b10.dat
NB_VERTICES 75
NB_ARCS 156
NB_REQUESTS 0
NB_BLOCKAGES 15
NB_A' 5394

VERTICES
1 0 0
2 0 0
3 0 0
4 0 0
5 0 0
6 0 0
7 0 0
8 0 0
9 0 0
10 0 0
11 0 0
12 0 0
13 0 0
14 0 0
15 0 0
16 0 0
17 0 0
18 0 0
19 0 0
20 0 0
21 0 0
22 0 0
23 0 0
24 0 0
25 0 0
26 0 0
27 0 0
28 0 0
29 0 0
30 0 0
31 0 0
32 0 0
33 0 0
34 0 0
35 0 0
36 0 0
37 0 0
38 0 0
39 0 0
40 0 0
41 0 0
42 0 0
43 0 0
44 0 0
45 0 0
46 0 0
47 0 0
48 0 0
49 0 0
50 0 0
51 0 0
52 0 0
53 0 0
54 0 0
55 0 0
56 0 0
57 0 0
58 0 0
59 0 0
60 0 0
61 0 0
62 0 0
63 0 0
64 0 0
65 0 0
66 0 0
67 0 0
68 0 0
69 0 0
70 0 0
71 0 0
72 0 0
73 0 0
74 0 0
75 0 0

ARCS
2 8 9
8 40 2
40 12 8
12 15 4
15 10 8
10 35 9
35 45 10
45 23 3
23 8 6
8 17 8
17 12 5
12 39 4
39 10 1
10 30 7
30 29 3
29 23 5
23 27 9
27 1 3
1 7 8
7 61 2
61 26 4
26 2 7
2 24 6
24 62 6
62 22 4
22 40 2
40 71 4
71 7 4
7 66 1
66 18 1
18 5 2
5 51 5
51 1 8
1 56 4
56 11 8
11 30 5
30 74 10
74 1 4
11 73 2
73 23 5
23 46 3
46 34 4
34 9 8
9 41 8
41 32 5
32 14 6
14 21 4
21 60 7
60 25 4
25 39 9
39 29 7
29 64 7
64 46 10
46 3 8
3 75 9
75 27 1
27 24 3
24 65 6
65 35 9
35 59 6
59 45 3
45 34 7
34 16 7
16 51 8
51 44 5
44 27 4
44 73 7
73 12 9
12 68 7
68 47 6
47 75 8
75 61 9
75 67 2
67 34 4
34 36 6
36 26 8
26 4 10
4 25 9
26 23 5
23 48 9
48 2 4
2 58 3
58 49 3
49 48 10
48 34 5
34 42 1
42 18 8
18 6 8
6 70 4
70 12 1
18 13 4
13 72 7
72 22 4
22 73 4
73 18 7
73 26 6
73 35 3
35 53 7
53 42 2
42 60 8
60 64 1
64 57 8
57 63 2
63 23 10
23 58 4
58 55 7
55 46 4
46 9 5
9 31 6
31 37 8
37 10 9
31 46 3
46 28 5
28 67 7
67 29 8
67 32 8
32 43 10
43 9 3
9 38 7
38 33 4
33 14 9
14 49 8
33 45 10
45 36 4
36 52 2
52 56 6
56 65 7
65 48 8
48 54 6
54 66 4
66 59 1
59 16 2
16 64 10
64 31 8
45 71 6
71 60 1
60 72 9
72 67 6
71 19 6
19 39 10
71 20 9
20 50 7
50 17 8
50 43 7
50 71 7
20 69 7
69 5 3
69 24 5
69 41 5
33 75 9
75 7 5
75 57 7
38 73 5
73 53 4
53 55 2
32 62 3

REQUESTS

BLOCKAGES
23 27
30 29
22 40
7 61
20 69
75 57
33 14
45 23
56 11
12 39
34 16
29 64
50 43
71 60
42 18

A'
1 2 740
1 3 191
1 4 520
1 5 49
1 6 765
1 8 20
1 9 451
1 10 293
1 11 157
1 12 798
1 13 724
1 14 770
1 15 983
1 16 107
1 17 838
1 18 481
1 19 948
1 20 593
1 21 432
1 22 828
1 23 448
1 24 474
1 25 163
1 26 214
1 27 174
1 28 393
1 29 354
1 30 148
1 31 522
1 32 493
1 33 103
1 34 614
1 35 35
1 36 974
1 37 662
1 38 151
1 39 994
1 40 112
1 41 444
1 42 502
1 43 261
1 44 519
1 45 271
1 46 595
1 47 978
1 48 460
1 49 76
1 50 925
1 51 405
1 52 859
1 53 104
1 54 852
1 55 332
1 57 266
1 58 417
1 59 506
1 60 11
1 61 122
1 62 5
1 63 884
1 64 966
1 65 107
1 66 497
1 67 1000
1 68 80
1 69 158
1 70 151
1 71 425
1 72 621
1 73 594
1 74 926
1 75 881
2 1 464
2 3 548
2 4 476
2 5 441
2 6 8
2 7 903
2 9 366
2 10 412
2 11 761
2 12 821
2 13 615
2 14 93
2 15 87
2 16 32
2 17 950
2 18 449
2 19 153
2 20 954
2 21 332
2 22 119
2 23 412
2 25 829
2 26 470
2 27 491
2 28 338
2 29 620
2 30 268
2 31 959
2 32 565
2 33 193
2 34 839
2 35 29
2 36 741
2 37 314
2 38 821
2 39 100
2 40 568
2 41 538
2 42 863
2 43 329
2 44 359
2 45 477
2 46 773
2 47 797
2 48 508
2 49 722
2 50 245
2 51 13
2 52 27
2 53 576
2 54 483
2 55 790
2 56 756
2 57 952
2 59 632
2 60 94
2 61 924
2 62 899
2 63 52
2 64 840
2 65 92
2 66 890
2 67 220
2 68 184
2 69 556
2 70 41
2 71 635
2 72 475
2 73 930
2 74 497
2 75 803
3 1 288
3 2 973
3 4 575
3 5 84
3 6 833
3 7 648
3 8 328
3 9 197
3 10 26
3 11 256
3 12 679
3 13 167
3 14 11
3 15 982
3 16 799
3 17 456
3 18 257
3 19 697
3 20 507
3 21 449
3 22 140
3 23 749
3 24 668
3 25 675
3 26 656
3 27 60
3 28 309
3 29 130
3 30 990
3 31 805
3 32 285
3 33 629
3 34 778
3 35 211
3 36 713
3 37 962
3 38 211
3 39 392
3 40 158
3 41 588
3 42 999
3 43 188
3 44 755
3 45 362
3 46 521
3 47 553
3 48 817
3 49 778
3 50 601
3 51 676
3 52 578
3 53 93
3 54 776
3 55 245
3 56 767
3 57 431
3 58 657
3 59 76
3 60 912
3 61 998
3 62 232
3 63 548
3 64 626
3 65 361
3 66 759
3 67 690
3 68 322
3 69 321
3 70 82
3 71 831
3 72 908
3 73 80
3 74 18
4 1 14
4 2 793
4 3 539
4 5 918
4 6 610
4 7 668
4 8 519
4 9 285
4 10 245
4 11 611
4 12 60
4 13 841
4 14 729
4 15 842
4 16 849
4 17 156
4 18 105
4 19 846
4 20 388
4 21 5
4 22 824
4 23 100
4 24 115
4 26 513
4 27 422
4 28 435
4 29 594
4 30 604
4 31 694
4 32 26
4 33 622
4 34 708
4 35 818
4 36 512
4 37 625
4 38 779
4 39 531
4 40 495
4 41 415
4 42 127
4 43 105
4 44 826
4 45 319
4 46 186
4 47 667
4 48 168
4 49 341
4 50 124
4 51 365
4 52 728
4 53 128
4 54 188
4 55 180
4 56 242
4 57 53
4 58 953
4 59 28
4 60 998
4 61 556
4 62 721
4 63 23
4 64 529
4 65 428
4 66 193
4 67 392
4 68 405
4 69 323
4 70 922
4 71 899
4 72 738
4 73 400
4 74 356
4 75 563
5 1 719
5 2 541
5 3 582
5 4 238
5 6 881
5 7 57
5 8 954
5 9 961
5 10 184
5 11 142
5 12 140
5 13 777
5 14 194
5 15 92
5 16 804
5 17 191
5 18 999
5 19 524
5 20 566
5 21 528
5 22 304
5 23 110
5 24 919
5 25 60
5 26 432
5 27 193
5 28 958
5 29 521
5 30 592
5 31 665
5 32 84
5 33 310
5 34 205
5 35 17
5 36 899
5 37 438
5 38 73
5 39 853
5 40 750
5 41 608
5 42 346
5 43 241
5 44 384
5 45 891
5 46 332
5 47 187
5 48 433
5 49 682
5 50 62
5 52 998
5 53 209
5 54 717
5 55 459
5 56 480
5 57 128
5 58 243
5 59 672
5 60 438
5 61 763
5 62 263
5 63 102
5 64 198
5 65 925
5 66 659
5 67 566
5 68 823
5 69 96
5 70 638
5 71 27
5 72 845
5 73 245
5 74 372
5 75 85
6 1 980
6 2 262
6 3 768
6 4 166
6 5 695
6 7 449
6 8 580
6 9 44
6 10 10
6 11 648
6 12 855
6 13 841
6 14 776
6 15 97
6 16 512
6 17 213
6 18 211
6 19 126
6 20 666
6 21 761
6 22 402
6 23 324
6 24 326
6 25 577
6 26 419
6 27 316
6 28 603
6 29 615
6 30 560
6 31 975
6 32 51
6 33 540
6 34 236
6 35 818
6 36 57
6 37 282
6 38 619
6 39 988
6 40 326
6 41 980
6 42 988
6 43 532
6 44 820
6 45 763
6 46 628
6 47 683
6 48 327
6 49 190
6 50 808
6 51 992
6 52 302
6 53 210
6 54 316
6 55 628
6 56 786
6 57 86
6 58 943
6 59 740
6 60 701
6 61 854
6 62 714
6 63 751
6 64 745
6 65 302
6 66 921
6 67 154
6 68 935
6 69 539
6 71 141
6 72 612
6 73 870
6 74 128
6 75 143
7 1 689
7 2 242
7 3 122
7 4 371
7 5 920
7 6 312
7 8 530
7 9 912
7 10 613
7 11 91
7 12 579
7 13 592
7 14 876
7 15 664
7 16 886
7 17 616
7 18 716
7 19 92
7 20 681
7 21 467
7 22 836
7 23 334
7 24 739
7 25 341
7 26 269
7 27 629
7 28 482
7 29 880
7 30 498
7 31 961
7 32 23
7 33 538
7 34 555
7 35 144
7 36 260
7 37 474
7 38 807
7 39 789
7 40 385
7 41 772
7 42 880
7 43 315
7 44 715
7 45 107
7 46 979
7 47 601
7 48 74
7 49 694
7 50 44
7 51 107
7 52 512
7 53 231
7 54 440
7 55 602
7 56 572
7 57 708
7 58 230
7 59 53
7 60 588
7 62 79
7 63 365
7 64 610
7 65 616
7 67 919
7 68 105
7 69 875
7 70 745
7 71 912
7 72 664
7 73 481
7 74 683
7 75 895
8 1 796
8 2 749
8 3 1
8 4 774
8 5 349
8 6 427
8 7 819
8 9 744
8 10 533
8 11 683
8 12 975
8 13 972
8 14 284
8 15 546
8 16 680
8 18 866
8 19 950
8 20 619
8 21 944
8 22 314
8 23 580
8 24 560
8 25 585
8 26 684
8 27 434
8 28 329
8 29 947
8 30 449
8 31 809
8 32 981
8 33 695
8 34 604
8 35 730
8 36 48
8 37 729
8 38 430
8 39 474
8 41 900
8 42 174
8 43 358
8 44 934
8 45 148
8 46 681
8 47 217
8 48 693
8 49 360
8 50 434
8 51 642
8 52 330
8 53 378
8 54 307
8 55 909
8 56 289
8 57 891
8 58 593
8 59 74
8 60 571
8 61 539
8 62 523
8 63 380
8 64 872
8 65 569
8 66 335
8 67 601
8 68 616
8 69 416
8 70 30
8 71 441
8 72 315
8 73 203
8 74 798
8 75 248
9 1 350
9 2 479
9 3 816
9 4 394
9 5 190
9 6 250
9 7 35
9 8 520
9 10 979
9 11 694
9 12 780
9 13 267
9 14 584
9 15 724
9 16 340
9 17 507
9 18 615
9 19 214
9 20 886
9 21 486
9 22 783
9 23 572
9 24 86
9 25 398
9 26 987
9 27 115
9 28 839
9 29 653
9 30 318
9 32 988
9 33 900
9 34 19
9 35 466
9 36 68
9 37 413
9 39 656
9 40 669
9 42 447
9 43 527
9 44 647
9 45 492
9 46 658
9 47 913
9 48 76
9 49 382
9 50 252
9 51 582
9 52 996
9 53 466
9 54 819
9 55 481
9 56 600
9 57 742
9 58 918
9 59 997
9 60 729
9 61 32
9 62 187
9 63 381
9 64 701
9 65 175
9 66 633
9 67 720
9 68 640
9 69 700
9 70 132
9 71 647
9 72 368
9 73 930
9 74 525
9 75 14
10 1 422
10 2 183
10 3 278
10 4 849
10 5 564
10 6 881
10 7 782
10 8 911
10 9 346
10 11 600
10 12 391
10 13 297
10 14 693
10 15 308
10 16 294
10 17 421
10 18 691
10 19 480
10 20 154
10 21 392
10 22 654
10 23 786
10 24 111
10 25 646
10 26 837
10 27 594
10 28 644
10 29 204
10 31 523
10 32 169
10 33 569
10 34 296
10 36 351
10 37 198
10 38 144
10 39 266
10 40 78
10 41 925
10 42 176
10 43 776
10 44 876
10 45 918
10 46 72
10 47 569
10 48 577
10 49 365
10 50 341
10 51 267
10 52 197
10 53 494
10 54 10
10 55 202
10 56 631
10 57 472
10 58 847
10 59 467
10 60 65
10 61 491
10 62 22
10 63 940
10 64 11
10 65 590
10 66 235
10 67 361
10 68 787
10 69 731
10 70 978
10 71 865
10 72 7
10 73 153
10 74 640
10 75 883
11 1 422
11 2 63
11 3 803
11 4 998
11 5 428
11 6 143
11 7 616
11 8 976
11 9 989
11 10 626
11 12 177
11 13 619
11 14 97
11 15 24
11 16 86
11 17 514
11 18 866
11 19 107
11 20 453
11 21 876
11 22 49
11 23 39
11 24 588
11 25 835
11 26 769
11 27 917
11 28 51
11 29 776
11 31 69
11 32 42
11 33 10
11 34 490
11 35 105
11 36 812
11 37 487
11 38 884
11 39 306
11 40 102
11 41 859
11 42 294
11 43 79
11 44 387
11 45 913
11 46 176
11 47 762
11 48 350
11 49 689
11 50 627
11 51 456
11 52 493
11 53 854
11 54 856
11 55 531
11 56 793
11 57 43
11 58 300
11 59 709
11 60 93
11 61 75
11 62 129
11 63 487
11 64 84
11 65 618
11 66 943
11 67 247
11 68 456
11 69 826
11 70 552
11 71 910
11 72 36
11 74 846
11 75 340
12 1 422
12 2 110
12 3 515
12 4 184
12 5 459
12 6 555
12 7 162
12 8 266
12 9 47
12 10 368
12 11 122
12 13 930
12 14 160
12 16 164
12 17 229
12 18 221
12 19 608
12 20 655
12 21 349
12 22 94
12 23 90
12 24 319
12 25 388
12 26 336
12 27 126
12 28 565
12 29 239
12 30 35
12 31 600
12 32 84
12 33 727
12 34 374
12 35 193
12 36 593
12 37 909
12 38 3
12 40 148
12 41 422
12 42 269
12 43 546
12 44 789
12 45 742
12 46 475
12 47 301
12 48 905
12 49 55
12 50 521
12 51 512
12 52 61
12 53 869
12 54 958
12 55 150
12 56 187
12 57 345
12 58 837
12 59 665
12 60 910
12 61 76
12 62 51
12 63 861
12 64 511
12 65 777
12 66 586
12 67 56
12 69 370
12 70 494
12 71 58
12 72 517
12 73 916
12 74 678
12 75 414
13 1 56
13 2 419
13 3 241
13 4 356
13 5 323
13 6 647
13 7 876
13 8 187
13 9 708
13 10 97
13 11 496
13 12 209
13 14 635
13 15 840
13 16 46
13 17 299
13 18 101
13 19 473
13 20 350
13 21 962
13 22 983
13 23 126
13 24 547
13 25 38
13 26 495
13 27 393
13 28 448
13 29 363
13 30 308
13 31 477
13 32 777
13 33 363
13 34 896
13 35 369
13 36 71
13 37 570
13 38 15
13 39 946
13 40 108
13 41 722
13 42 42
13 43 603
13 44 931
13 45 29
13 46 443
13 47 328
13 48 327
13 49 543
13 50 800
13 51 676
13 52 856
13 53 134
13 54 154
13 55 403
13 56 524
13 57 648
13 58 795
13 59 971
13 60 11
13 61 454
13 62 799
13 63 139
13 64 168
13 65 694
13 66 859
13 67 238
13 68 616
13 69 873
13 70 536
13 71 723
13 73 947
13 74 577
13 75 326
14 1 229
14 2 605
14 3 120
14 4 908
14 5 284
14 6 14
14 7 707
14 8 959
14 9 870
14 10 192
14 11 464
14 12 272
14 13 715
14 15 112
14 16 418
14 17 37
14 18 474
14 19 223
14 20 836
14 22 964
14 23 390
14 24 881
14 25 822
14 26 980
14 27 496
14 28 46
14 29 515
14 30 219
14 31 992
14 32 443
14 33 896
14 34 572
14 35 48
14 36 15
14 37 479
14 38 683
14 39 28
14 40 537
14 41 993
14 42 249
14 43 729
14 44 457
14 45 872
14 46 795
14 47 568
14 48 289
14 50 832
14 51 393
14 52 863
14 53 667
14 54 356
14 55 253
14 56 899
14 57 177
14 58 584
14 59 395
14 60 574
14 61 98
14 62 965
14 63 566
14 64 540
14 65 860
14 66 489
14 67 939
14 68 226
14 69 968
14 70 621
14 71 605
14 72 504
14 73 614
14 74 854
14 75 584
15 1 422
15 2 725
15 3 379
15 4 341
15 5 366
15 6 210
15 7 733
15 8 228
15 9 228
15 11 88
15 12 832
15 13 126
15 14 616
15 16 415
15 17 872
15 18 189
15 19 512
15 20 836
15 21 106
15 22 404
15 23 47
15 24 595
15 25 342
15 26 272
15 27 562
15 28 315
15 29 229
15 30 417
15 31 928
15 32 82
15 33 1
15 34 349
15 35 158
15 36 731
15 37 41
15 38 523
15 39 940
15 40 773
15 41 103
15 42 519
15 43 212
15 44 934
15 45 996
15 46 827
15 47 701
15 48 868
15 49 367
15 50 564
15 51 703
15 52 825
15 53 967
15 54 102
15 55 419
15 56 661
15 57 373
15 58 332
15 59 975
15 60 953
15 61 100
15 62 902
15 63 34
15 64 452
15 65 602
15 66 192
15 67 182
15 68 642
15 69 66
15 70 473
15 71 766
15 72 168
15 73 991
15 74 977
15 75 102
16 1 339
16 2 155
16 3 154
16 4 206
16 5 873
16 6 717
16 7 260
16 8 697
16 9 36
16 10 361
16 11 467
16 12 696
16 13 86
16 14 798
16 15 670
16 17 38
16 18 250
16 19 923
16 20 424
16 21 701
16 22 876
16 23 615
16 24 883
16 25 517
16 26 32
16 27 707
16 28 634
16 29 200
16 30 50
16 31 610
16 32 653
16 33 388
16 34 116
16 35 806
16 36 593
16 37 988
16 38 874
16 39 204
16 40 685
16 41 909
16 42 917
16 43 503
16 44 604
16 45 2
16 46 653
16 47 273
16 48 391
16 49 902
16 50 195
16 52 814
16 53 602
16 54 70
16 55 780
16 56 836
16 57 938
16 58 812
16 59 543
16 60 571
16 61 363
16 62 944
16 63 532
16 65 15
16 66 331
16 67 647
16 68 820
16 69 275
16 70 987
16 71 693
16 72 478
16 73 23
16 74 602
16 75 394
17 1 525
17 2 557
17 3 747
17 4 177
17 5 830
17 6 490
17 7 78
17 8 376
17 9 655
17 10 32
17 11 446
17 13 787
17 14 219
17 15 735
17 16 950
17 18 761
17 19 658
17 20 312
17 21 56
17 22 189
17 23 326
17 24 386
17 25 188
17 26 145
17 27 660
17 28 526
17 29 189
17 30 490
17 31 548
17 32 142
17 33 235
17 34 72
17 35 699
17 36 982
17 37 249
17 38 528
17 39 823
17 40 678
17 41 255
17 42 477
17 43 709
17 44 700
17 45 615
17 46 928
17 47 787
17 48 564
17 49 40
17 50 444
17 51 875
17 52 96
17 53 984
17 54 200
17 55 481
17 56 523
17 57 696
17 58 493
17 59 48
17 60 237
17 61 982
17 62 595
17 63 378
17 64 216
17 65 19
17 66 76
17 67 549
17 68 267
17 69 955
17 70 371
17 71 944
17 72 210
17 73 200
17 74 5
17 75 261
18 1 814
18 2 932
18 3 47
18 4 378
18 7 323
18 8 842
18 9 252
18 10 418
18 11 826
18 12 804
18 14 251
18 15 700
18 16 499
18 17 743
18 19 748
18 20 87
18 21 724
18 22 694
18 23 465
18 24 939
18 25 712
18 26 892
18 27 488
18 28 978
18 29 199
18 30 210
18 31 274
18 32 408
18 33 409
18 34 278
18 35 20
18 36 575
18 37 561
18 38 419
18 39 304
18 40 883
18 41 260
18 42 907
18 43 301
18 44 437
18 45 710
18 46 551
18 47 137
18 48 561
18 49 645
18 50 236
18 51 647
18 52 368
18 53 929
18 54 463
18 55 658
18 56 641
18 57 355
18 58 497
18 59 970
18 60 553
18 61 59
18 62 243
18 63 312
18 64 819
18 65 872
18 66 331
18 67 393
18 68 432
18 69 749
18 70 696
18 71 315
18 72 361
18 73 603
18 74 967
18 75 797
19 1 664
19 2 517
19 3 285
19 4 224
19 5 513
19 6 520
19 7 223
19 8 880
19 9 449
19 10 685
19 11 889
19 12 441
19 13 39
19 14 386
19 15 410
19 16 943
19 17 796
19 18 653
19 20 254
19 21 614
19 22 524
19 23 937
19 24 7
19 25 308
19 26 37
19 27 54
19 28 622
19 29 397
19 30 8
19 31 940
19 32 546
19 33 672
19 34 808
19 35 182
19 36 895
19 37 320
19 38 702
19 40 469
19 41 551
19 42 502
19 43 154
19 44 439
19 45 942
19 46 544
19 47 176
19 48 351
19 49 487
19 50 971
19 51 3
19 52 92
19 53 585
19 54 879
19 55 28
19 56 943
19 57 538
19 58 417
19 59 996
19 60 511
19 61 813
19 62 4
19 63 450
19 64 710
19 65 675
19 66 257
19 67 892
19 68 921
19 69 576
19 70 945
19 71 390
19 72 126
19 73 446
19 74 543
19 75 916
20 1 387
20 2 86
20 3 92
20 4 737
20 5 924
20 6 62
20 7 92
20 8 16
20 9 998
20 10 322
20 11 395
20 12 940
20 13 859
20 14 811
20 15 288
20 16 721
20 17 976
20 18 291
20 19 170
20 21 685
20 22 317
20 23 778
20 24 928
20 25 237
20 26 353
20 27 872
20 28 978
20 29 830
20 30 669
20 31 872
20 32 745
20 33 55
20 34 310
20 35 188
20 36 792
20 37 233
20 38 250
20 39 235
20 40 600
20 41 599
20 42 556
20 43 995
20 44 539
20 45 766
20 46 157
20 47 826
20 48 486
20 49 132
20 51 468
20 52 7
20 53 169
20 54 784
20 55 784
20 56 448
20 57 372
20 58 488
20 59 320
20 60 702
20 61 317
20 62 988
20 63 573
20 64 413
20 65 395
20 66 882
20 67 601
20 68 538
20 70 467
20 71 202
20 72 772
20 73 66
20 74 800
20 75 679
21 1 412
21 2 690
21 3 444
21 4 569
21 5 867
21 6 281
21 7 700
21 8 334
21 9 287
21 10 220
21 11 469
21 12 422
21 13 668
21 14 193
21 15 909
21 16 987
21 17 894
21 18 577
21 19 326
21 20 466
21 22 989
21 23 72
21 24 348
21 25 941
21 26 609
21 27 166
21 28 142
21 29 380
21 30 231
21 31 294
21 32 58
21 33 995
21 34 983
21 35 853
21 36 563
21 37 202
21 38 133
21 39 262
21 40 887
21 41 771
21 42 482
21 43 356
21 44 544
21 45 501
21 46 548
21 47 452
21 48 487
21 49 441
21 50 380
21 51 164
21 52 258
21 53 721
21 54 236
21 55 957
21 56 661
21 57 196
21 58 122
21 59 155
21 61 576
21 62 705
21 63 800
21 64 985
21 65 699
21 66 782
21 67 838
21 68 261
21 69 335
21 70 322
21 71 874
21 72 222
21 73 445
21 74 707
21 75 577
22 1 988
22 2 207
22 3 476
22 4 792
22 5 45
22 6 268
22 7 171
22 8 561
22 9 877
22 10 891
22 11 148
22 12 834
22 13 904
22 14 343
22 15 307
22 16 58
22 17 270
22 18 11
22 19 857
22 20 255
22 21 709
22 23 990
22 24 92
22 25 321
22 26 677
22 27 765
22 28 547
22 29 898
22 30 209
22 31 605
22 32 826
22 33 197
22 34 812
22 35 653
22 36 340
22 37 208
22 38 272
22 39 510
22 41 768
22 42 148
22 43 753
22 44 267
22 45 981
22 46 656
22 47 610
22 48 640
22 49 65
22 50 879
22 51 650
22 52 273
22 53 133
22 54 711
22 55 614
22 56 576
22 57 383
22 58 290
22 59 341
22 60 929
22 61 539
22 62 901
22 63 534
22 64 364
22 65 449
22 66 697
22 67 16
22 68 788
22 69 904
22 70 287
22 71 650
22 72 24
22 74 787
22 75 402
23 1 290
23 2 119
23 3 409
23 4 251
23 5 758
23 6 473
23 7 130
23 9 408
23 10 97
23 11 614
23 12 470
23 13 710
23 14 542
23 15 852
23 16 352
23 17 234
23 18 133
23 19 890
23 20 134
23 21 18
23 22 254
23 24 935
23 25 714
23 26 621
23 28 722
23 29 969
23 30 260
23 31 371
23 32 344
23 33 46
23 34 124
23 35 634
23 36 164
23 37 532
23 38 236
23 39 274
23 40 356
23 41 717
23 42 33
23 43 452
23 44 331
23 45 502
23 47 162
23 49 224
23 50 705
23 51 865
23 52 457
23 53 189
23 54 754
23 55 942
23 56 206
23 57 7
23 59 876
23 60 271
23 61 980
23 62 950
23 63 592
23 64 239
23 65 672
23 66 935
23 67 636
23 68 796
23 69 920
23 70 151
23 71 327
23 72 156
23 73 424
23 74 683
23 75 872
24 1 456
24 2 486
24 3 554
24 4 309
24 5 999
24 6 129
24 7 14
24 8 863
24 9 937
24 10 202
24 11 617
24 12 879
24 13 760
24 14 975
24 15 106
24 16 30
24 17 954
24 18 407
24 19 621
24 20 544
24 21 79
24 22 908
24 23 531
24 25 874
24 26 827
24 27 682
24 28 552
24 29 982
24 30 457
24 31 586
24 32 206
24 33 265
24 34 72
24 35 111
24 36 925
24 37 70
24 38 240
24 39 290
24 40 933
24 41 176
24 42 844
24 43 901
24 44 406
24 45 603
24 46 875
24 47 864
24 48 984
24 49 181
24 50 270
24 51 605
24 52 724
24 53 700
24 54 512
24 55 255
24 56 573
24 57 690
24 58 288
24 59 477
24 60 24
24 61 96
24 63 62
24 64 229
24 66 712
24 67 133
24 68 691
24 69 637
24 70 555
24 71 930
24 72 926
24 73 839
24 74 458
24 75 769
25 1 739
25 2 215
25 3 723
25 4 613
25 5 78
25 6 707
25 7 793
25 8 348
25 9 663
25 10 869
25 11 47
25 12 526
25 13 475
25 14 972
25 15 215
25 16 114
25 17 448
25 18 238
25 19 209
25 20 861
25 21 818
25 22 921
25 23 346
25 24 861
25 26 909
25 27 900
25 28 790
25 29 834
25 30 738
25 31 599
25 32 955
25 33 476
25 34 814
25 35 677
25 36 440
25 37 891
25 38 735
25 40 585
25 41 590
25 42 397
25 43 453
25 44 989
25 45 274
25 46 927
25 47 960
25 48 841
25 49 40
25 50 759
25 51 430
25 52 600
25 53 971
25 54 248
25 55 872
25 56 316
25 57 108
25 58 780
25 59 215
25 60 249
25 61 966
25 62 952
25 63 200
25 64 272
25 65 779
25 66 13
25 67 300
25 68 219
25 69 255
25 70 35
25 71 803
25 72 197
25 73 783
25 74 607
25 75 185
26 1 57
26 3 885
26 5 496
26 6 897
26 7 924
26 8 606
26 9 678
26 10 875
26 11 576
26 12 925
26 13 99
26 14 892
26 15 384
26 16 878
26 17 106
26 18 985
26 19 195
26 20 410
26 21 184
26 22 818
26 24 188
26 25 548
26 27 118
26 28 758
26 29 154
26 30 504
26 31 912
26 32 350
26 33 286
26 34 518
26 35 534
26 36 694
26 37 402
26 38 381
26 39 942
26 40 677
26 41 986
26 42 620
26 43 904
26 44 562
26 45 896
26 46 2
26 47 805
26 48 632
26 49 231
26 50 910
26 51 616
26 52 426
26 53 671
26 54 151
26 55 595
26 56 211
26 57 50
26 58 712
26 59 320
26 60 203
26 61 215
26 62 232
26 63 553
26 64 853
26 65 749
26 66 438
26 67 898
26 68 503
26 69 819
26 70 192
26 71 531
26 72 156
26 73 811
26 74 434
26 75 717
27 2 58
27 3 435
27 4 873
27 5 689
27 6 666
27 7 135
27 8 656
27 9 443
27 10 805
27 11 158
27 12 37
27 13 367
27 14 207
27 15 101
27 16 687
27 17 762
27 18 315
27 19 918
27 20 666
27 21 519
27 22 18
27 23 103
27 25 417
27 26 520
27 28 273
27 29 960
27 30 51
27 31 429
27 32 122
27 33 836
27 34 497
27 35 179
27 36 271
27 37 370
27 38 220
27 39 288
27 40 504
27 41 227
27 42 730
27 43 308
27 44 385
27 45 118
27 46 675
27 47 943
27 48 218
27 49 361
27 50 704
27 51 885
27 52 630
27 53 721
27 54 403
27 55 647
27 56 824
27 57 171
27 58 519
27 59 96
27 60 130
27 61 569
27 62 524
27 63 251
27 64 404
27 65 373
27 66 782
27 67 26
27 68 742
27 69 1
27 70 313
27 71 245
27 72 227
27 73 394
27 74 904
27 75 963
28 1 512
28 2 930
28 3 258
28 4 729
28 5 642
28 6 313
28 7 965
28 8 271
28 9 34
28 10 368
28 11 918
28 12 857
28 13 890
28 14 788
28 15 304
28 16 20
28 17 708
28 18 180
28 19 622
28 20 463
28 21 552
28 22 403
28 23 489
28 24 293
28 25 403
28 26 153
28 27 889
28 29 982
28 30 547
28 31 792
28 32 296
28 33 410
28 34 722
28 35 553
28 36 490
28 37 363
28 38 866
28 39 455
28 40 986
28 41 251
28 42 174
28 43 255
28 44 107
28 45 63
28 46 42
28 47 762
28 48 82
28 49 749
28 50 941
28 51 56
28 52 211
28 53 844
28 54 458
28 55 51
28 56 136
28 57 213
28 58 204
28 59 24
28 60 546
28 61 102
28 62 168
28 63 841
28 64 511
28 65 241
28 66 746
28 68 352
28 69 955
28 70 611
28 71 806
28 72 940
28 73 861
28 74 979
28 75 194
29 1 319
29 2 394
29 3 587
29 4 432
29 5 827
29 6 687
29 7 373
29 8 882
29 9 898
29 10 216
29 11 340
29 12 300
29 13 704
29 14 904
29 15 855
29 16 79
29 17 449
29 18 956
29 19 246
29 20 641
29 21 818
29 22 486
29 24 386
29 25 170
29 26 441
29 27 348
29 28 327
29 30 732
29 31 560
29 32 658
29 33 926
29 34 878
29 35 51
29 36 864
29 37 310
29 38 877
29 39 551
29 40 34
29 41 111
29 42 800
29 43 601
29 44 450
29 45 99
29 46 304
29 47 705
29 48 954
29 49 383
29 50 153
29 51 261
29 52 980
29 53 793
29 54 79
29 55 466
29 56 531
29 57 600
29 58 258
29 59 878
29 60 278
29 61 989
29 62 438
29 63 935
29 65 266
29 66 667
29 67 985
29 68 130
29 69 328
29 70 214
29 71 680
29 72 361
29 73 324
29 74 831
29 75 314
30 1 125
30 2 929
30 3 617
30 4 829
30 5 234
30 6 351
30 7 333
30 8 495
30 9 331
30 10 477
30 11 573
30 12 148
30 13 7
30 14 524
30 15 757
30 16 885
30 17 801
30 18 745
30 19 322
30 20 736
30 21 11
30 22 340
30 23 72
30 24 492
30 25 668
30 26 637
30 27 523
30 28 28
30 31 312
30 32 353
30 33 341
30 34 436
30 35 281
30 36 310
30 37 616
30 38 515
30 39 12
30 40 300
30 41 361
30 42 342
30 43 777
30 44 285
30 45 841
30 46 783
30 47 808
30 48 597
30 49 19
30 50 960
30 51 694
30 52 692
30 53 47
30 54 56
30 55 32
30 56 119
30 57 899
30 58 699
30 59 107
30 60 421
30 61 78
30 62 419
30 63 773
30 64 771
30 65 854
30 66 405
30 67 80
30 68 822
30 69 271
30 70 443
30 71 121
30 72 983
30 73 137
30 75 897
31 1 267
31 2 977
31 3 32
31 4 426
31 5 926
31 6 402
31 7 386
31 8 971
31 9 94
31 10 432
31 11 378
31 12 477
31 13 902
31 14 276
31 15 175
31 16 9
31 17 696
31 18 604
31 19 779
31 20 820
31 21 374
31 22 984
31 23 576
31 24 805
31 25 805
31 26 199
31 27 248
31 28 278
31 29 181
31 30 384
31 32 526
31 33 800
31 34 712
31 35 909
31 36 225
31 38 989
31 39 311
31 40 610
31 41 959
31 42 756
31 43 394
31 44 336
31 45 232
31 47 295
31 48 963
31 49 758
31 50 655
31 51 10
31 52 361
31 53 433
31 54 829
31 55 87
31 56 769
31 57 757
31 58 891
31 59 573
31 60 307
31 61 490
31 62 202
31 63 487
31 64 225
31 65 728
31 66 638
31 67 937
31 68 636
31 69 863
31 70 277
31 71 946
31 72 472
31 73 588
31 74 53
31 75 865
32 1 923
32 2 284
32 3 512
32 4 238
32 5 41
32 6 518
32 7 247
32 8 754
32 9 303
32 10 428
32 11 840
32 12 71
32 13 184
32 15 82
32 16 995
32 17 842
32 18 924
32 19 197
32 20 680
32 21 148
32 22 924
32 23 318
32 24 436
32 25 559
32 26 180
32 27 713
32 28 857
32 29 3
32 30 300
32 31 909
32 33 868
32 34 574
32 35 545
32 36 731
32 37 811
32 38 937
32 39 248
32 40 410
32 41 690
32 42 902
32 44 837
32 45 881
32 46 972
32 47 20
32 48 315
32 49 967
32 50 213
32 51 238
32 52 515
32 53 892
32 54 737
32 55 790
32 56 209
32 57 173
32 58 700
32 59 388
32 60 237
32 61 556
32 63 391
32 64 888
32 65 817
32 66 610
32 67 461
32 68 361
32 69 692
32 70 624
32 71 649
32 72 939
32 73 33
32 74 691
32 75 841
33 1 221
33 2 571
33 3 164
33 4 240
33 5 237
33 6 482
33 7 804
33 8 826
33 9 996
33 10 695
33 11 563
33 12 137
33 13 904
33 15 87
33 16 837
33 17 291
33 18 675
33 19 744
33 20 33
33 21 562
33 22 560
33 23 642
33 24 374
33 25 272
33 26 333
33 27 349
33 28 921
33 29 624
33 30 381
33 31 611
33 32 816
33 34 601
33 35 533
33 36 979
33 37 192
33 38 122
33 39 813
33 40 995
33 41 947
33 42 160
33 43 690
33 44 861
33 46 297
33 47 945
33 48 947
33 49 133
33 50 235
33 51 621
33 52 228
33 53 268
33 54 534
33 55 788
33 56 261
33 57 908
33 58 411
33 59 946
33 60 256
33 61 683
33 62 569
33 63 989
33 64 645
33 65 736
33 66 941
33 67 530
33 68 714
33 69 485
33 70 651
33 71 878
33 72 831
33 73 597
33 74 38
34 1 872
34 2 810
34 3 686
34 4 816
34 5 756
34 6 818
34 7 403
34 8 729
34 10 397
34 11 670
34 12 262
34 13 184
34 14 282
34 15 169
34 17 947
34 18 227
34 19 777
34 20 981
34 21 795
34 22 765
34 23 626
34 24 530
34 25 705
34 26 507
34 27 596
34 28 189
34 29 157
34 30 825
34 31 20
34 32 105
34 33 214
34 35 891
34 37 914
34 38 899
34 39 59
34 40 22
34 41 68
34 43 461
34 44 750
34 45 465
34 46 130
34 47 363
34 48 1000
34 49 763
34 50 532
34 51 946
34 52 990
34 53 308
34 54 927
34 55 136
34 56 424
34 57 904
34 58 18
34 59 128
34 60 410
34 61 965
34 62 669
34 63 918
34 64 141
34 65 688
34 66 22
34 67 355
34 68 930
34 69 288
34 70 253
34 71 988
34 72 309
34 73 321
34 74 448
34 75 58
35 1 785
35 2 929
35 3 420
35 4 136
35 5 44
35 6 303
35 7 82
35 8 33
35 9 962
35 10 360
35 11 520
35 12 385
35 13 615
35 14 889
35 15 865
35 16 24
35 17 205
35 18 533
35 19 941
35 20 346
35 21 572
35 22 314
35 23 700
35 24 501
35 25 601
35 26 952
35 27 841
35 28 909
35 29 624
35 30 640
35 31 318
35 32 760
35 33 921
35 34 90
35 36 896
35 37 964
35 38 744
35 39 329
35 40 348
35 41 58
35 42 40
35 43 219
35 44 442
35 46 654
35 47 108
35 48 306
35 49 29
35 50 312
35 51 190
35 52 321
35 54 657
35 55 761
35 56 634
35 57 356
35 58 614
35 60 587
35 61 660
35 62 454
35 63 847
35 64 283
35 65 445
35 66 517
35 67 395
35 68 365
35 69 606
35 70 290
35 71 328
35 72 701
35 73 618
35 74 27
35 75 758
36 1 657
36 2 246
36 3 552
36 4 662
36 5 353
36 6 209
36 7 690
36 8 16
36 9 399
36 10 10
36 11 673
36 12 159
36 13 995
36 14 380
36 15 772
36 16 581
36 17 391
36 18 577
36 19 428
36 20 26
36 21 22
36 22 296
36 23 420
36 24 738
36 25 253
36 27 709
36 28 418
36 29 953
36 30 678
36 31 444
36 32 63
36 33 334
36 34 689
36 35 614
36 37 347
36 38 393
36 39 822
36 40 36
36 41 761
36 42 220
36 43 397
36 44 785
36 45 731
36 46 391
36 47 516
36 48 502
36 49 324
36 50 907
36 51 431
36 53 103
36 54 932
36 55 452
36 56 398
36 57 351
36 58 189
36 59 650
36 60 59
36 61 958
36 62 954
36 63 736
36 64 402
36 65 16
36 66 421
36 67 442
36 68 629
36 69 119
36 70 187
36 71 803
36 72 154
36 73 947
36 74 374
36 75 902
37 1 731
37 2 104
37 3 292
37 4 598
37 5 958
37 6 967
37 7 504
37 8 388
37 9 421
37 11 435
37 12 191
37 13 818
37 14 137
37 15 731
37 16 819
37 17 195
37 18 689
37 19 773
37 20 282
37 21 90
37 22 788
37 23 54
37 24 883
37 25 769
37 26 172
37 27 421
37 28 923
37 29 677
37 30 367
37 31 296
37 32 578
37 33 449
37 34 400
37 35 222
37 36 47
37 38 709
37 39 540
37 40 902
37 41 96
37 42 961
37 43 337
37 44 286
37 45 130
37 46 473
37 47 368
37 48 949
37 49 20
37 50 56
37 51 721
37 52 653
37 53 497
37 54 860
37 55 59
37 56 380
37 57 980
37 58 582
37 59 800
37 60 902
37 61 611
37 62 519
37 63 550
37 64 540
37 65 319
37 66 949
37 67 113
37 68 717
37 69 9
37 70 653
37 71 619
37 72 104
37 73 613
37 74 955
37 75 741
38 1 742
38 2 779
38 3 108
38 4 42
38 5 150
38 6 164
38 7 114
38 8 155
38 9 12
38 10 974
38 11 213
38 12 743
38 13 305
38 14 146
38 15 895
38 16 559
38 17 756
38 18 413
38 19 108
38 20 296
38 21 83
38 22 408
38 23 408
38 24 800
38 25 416
38 26 412
38 27 418
38 28 519
38 29 376
38 30 724
38 31 611
38 32 470
38 34 502
38 35 70
38 36 511
38 37 4
38 39 585
38 40 625
38 41 158
38 42 597
38 43 950
38 44 722
38 45 339
38 46 606
38 47 867
38 48 585
38 49 164
38 50 975
38 51 349
38 52 271
38 53 622
38 54 432
38 55 678
38 56 381
38 57 231
38 58 445
38 59 793
38 60 1000
38 61 315
38 62 168
38 63 723
38 64 925
38 65 989
38 66 576
38 67 995
38 68 500
38 69 579
38 70 579
38 71 476
38 72 88
38 74 527
38 75 777
39 1 809
39 2 866
39 3 382
39 4 28
39 5 450
39 6 898
39 7 2
39 8 799
39 9 520
39 11 623
39 12 582
39 13 198
39 14 3
39 15 164
39 16 994
39 17 147
39 18 163
39 19 309
39 20 667
39 21 885
39 22 233
39 23 655
39 24 812
39 25 579
39 26 506
39 27 391
39 28 510
39 30 981
39 31 478
39 32 36
39 33 109
39 34 639
39 35 253
39 36 843
39 37 666
39 38 55
39 40 740
39 41 19
39 42 853
39 43 611
39 44 641
39 45 786
39 46 160
39 47 995
39 48 949
39 49 154
39 50 494
39 51 111
39 52 462
39 53 160
39 54 347
39 55 46
39 56 166
39 57 158
39 58 625
39 59 672
39 60 900
39 61 134
39 62 4
39 63 730
39 64 521
39 65 465
39 66 368
39 67 774
39 68 307
39 69 385
39 70 828
39 71 398
39 72 403
39 73 32
39 74 8
39 75 43
40 1 817
40 2 168
40 3 389
40 4 117
40 5 321
40 6 234
40 7 227
40 8 134
40 9 393
40 10 925
40 11 179
40 13 911
40 14 82
40 15 155
40 16 582
40 17 982
40 18 640
40 19 937
40 20 63
40 21 161
40 22 401
40 23 430
40 24 286
40 25 59
40 26 814
40 27 113
40 28 456
40 29 216
40 30 496
40 31 816
40 32 610
40 33 664
40 34 335
40 35 350
40 36 780
40 37 7
40 38 584
40 39 358
40 41 140
40 42 328
40 43 282
40 44 670
40 45 238
40 46 715
40 47 825
40 48 171
40 49 696
40 50 464
40 51 108
40 52 758
40 53 976
40 54 508
40 55 539
40 56 261
40 57 567
40 58 704
40 59 725
40 60 374
40 61 271
40 62 220
40 63 541
40 64 232
40 65 883
40 66 875
40 67 582
40 68 662
40 69 233
40 70 517
40 72 371
40 73 372
40 74 844
40 75 652
41 1 42
41 2 434
41 3 367
41 4 218
41 5 604
41 6 414
41 7 681
41 8 711
41 9 524
41 10 9
41 11 571
41 12 414
41 13 269
41 14 489
41 15 118
41 16 994
41 17 214
41 18 388
41 19 565
41 20 755
41 21 620
41 22 448
41 23 981
41 24 553
41 25 461
41 26 214
41 27 69
41 28 832
41 29 937
41 30 264
41 31 483
41 33 330
41 34 697
41 35 201
41 36 547
41 37 653
41 38 615
41 39 580
41 40 715
41 42 490
41 43 588
41 44 637
41 45 903
41 46 208
41 47 125
41 48 20
41 49 553
41 50 691
41 51 760
41 52 118
41 53 797
41 54 379
41 55 565
41 56 777
41 57 283
41 58 377
41 59 342
41 60 351
41 61 208
41 62 279
41 63 966
41 64 43
41 65 960
41 66 15
41 67 243
41 68 507
41 69 667
41 70 209
41 71 438
41 72 381
41 73 50
41 74 25
41 75 18
42 1 953
42 2 584
42 3 494
42 4 972
42 5 137
42 6 536
42 7 83
42 8 254
42 9 332
42 10 461
42 11 170
42 12 461
42 13 743
42 14 898
42 15 154
42 16 445
42 17 106
42 19 784
42 20 411
42 21 500
42 22 744
42 23 777
42 24 94
42 25 250
42 26 443
42 27 303
42 28 687
42 29 175
42 30 352
42 31 63
42 32 544
42 33 656
42 34 646
42 35 390
42 36 980
42 37 134
42 38 925
42 39 62
42 40 739
42 41 609
42 43 875
42 44 260
42 45 69
42 46 969
42 47 158
42 48 222
42 49 414
42 50 263
42 51 6
42 52 176
42 53 762
42 54 749
42 55 952
42 56 207
42 57 350
42 58 746
42 59 509
42 61 388
42 62 920
42 63 213
42 64 802
42 65 816
42 66 868
42 67 799
42 68 205
42 69 199
42 70 933
42 71 129
42 72 261
42 73 671
42 74 737
42 75 135
43 1 931
43 2 157
43 3 103
43 4 88
43 5 731
43 6 868
43 7 702
43 8 88
43 10 395
43 11 815
43 12 836
43 13 346
43 14 21
43 15 537
43 16 443
43 17 882
43 18 276
43 19 363
43 20 446
43 21 77
43 22 530
43 23 665
43 24 875
43 25 734
43 26 864
43 27 807
43 28 214
43 29 124
43 30 830
43 31 303
43 32 610
43 33 112
43 34 459
43 35 712
43 36 551
43 37 541
43 38 580
43 39 604
43 40 628
43 41 974
43 42 418
43 44 815
43 45 672
43 46 790
43 47 351
43 48 466
43 49 23
43 50 626
43 51 828
43 52 468
43 53 702
43 54 357
43 55 485
43 56 929
43 57 442
43 58 348
43 59 87
43 60 656
43 61 823
43 62 916
43 63 958
43 64 432
43 65 379
43 66 768
43 67 143
43 68 281
43 69 309
43 70 74
43 71 884
43 72 936
43 73 400
43 74 653
43 75 751
44 1 423
44 2 795
44 3 453
44 4 888
44 5 817
44 6 79
44 7 68
44 8 637
44 9 132
44 10 776
44 11 121
44 12 60
44 13 218
44 14 468
44 15 147
44 16 225
44 17 642
44 18 414
44 19 182
44 20 73
44 21 145
44 22 301
44 23 215
44 24 425
44 25 609
44 26 641
44 28 661
44 29 897
44 30 392
44 31 313
44 32 999
44 33 814
44 34 459
44 35 451
44 36 701
44 37 276
44 38 881
44 39 120
44 40 264
44 41 365
44 42 896
44 43 384
44 45 776
44 46 465
44 47 203
44 48 274
44 49 689
44 50 844
44 51 40
44 52 222
44 53 268
44 54 184
44 55 522
44 56 482
44 57 960
44 58 483
44 59 474
44 60 620
44 61 731
44 62 865
44 63 285
44 64 81
44 65 678
44 66 95
44 67 531
44 68 731
44 69 722
44 70 764
44 71 202
44 72 985
44 74 480
44 75 97
45 1 720
45 2 255
45 3 913
45 4 274
45 5 881
45 6 601
45 7 469
45 8 920
45 9 174
45 10 736
45 11 455
45 12 48
45 13 570
45 14 766
45 15 882
45 16 43
45 17 738
45 18 612
45 19 908
45 20 374
45 21 692
45 22 937
45 24 468
45 25 574
45 26 19
45 27 190
45 28 689
45 29 221
45 30 174
45 31 168
45 32 669
45 33 246
45 35 775
45 37 582
45 38 519
45 39 7
45 40 534
45 41 988
45 42 926
45 43 708
45 44 75
45 46 732
45 47 107
45 48 644
45 49 497
45 50 988
45 51 687
45 52 234
45 53 599
45 54 946
45 55 607
45 56 642
45 57 234
45 58 75
45 59 567
45 60 605
45 61 616
45 62 256
45 63 825
45 64 141
45 65 775
45 66 845
45 67 386
45 68 549
45 69 778
45 70 257
45 72 907
45 73 312
45 74 596
45 75 832
46 1 371
46 2 670
46 4 915
46 5 477
46 6 314
46 7 412
46 8 464
46 10 352
46 11 645
46 12 414
46 13 649
46 14 604
46 15 55
46 16 234
46 17 30
46 18 973
46 19 838
46 20 645
46 21 228
46 22 14
46 23 785
46 24 3
46 25 859
46 26 171
46 27 903
46 29 988
46 30 427
46 31 810
46 32 299
46 33 374
46 35 993
46 36 21
46 37 43
46 38 908
46 39 497
46 40 708
46 41 671
46 42 312
46 43 411
46 44 667
46 45 77
46 47 59
46 48 270
46 49 483
46 50 645
46 51 299
46 52 456
46 53 482
46 54 943
46 55 683
46 56 848
46 57 80
46 58 37
46 59 58
46 60 250
46 61 292
46 62 45
46 63 28
46 64 453
46 65 344
46 66 753
46 67 797
46 68 716
46 69 795
46 70 704
46 71 565
46 72 855
46 73 726
46 74 876
46 75 265
47 1 393
47 2 953
47 3 676
47 4 14
47 5 435
47 6 320
47 7 313
47 8 890
47 9 153
47 10 607
47 11 925
47 12 1000
47 13 38
47 14 313
47 15 57
47 16 639
47 17 604
47 18 102
47 19 666
47 20 408
47 21 797
47 22 770
47 23 205
47 24 512
47 25 565
47 26 260
47 27 428
47 28 771
47 29 986
47 30 304
47 31 387
47 32 730
47 33 608
47 34 62
47 35 743
47 36 394
47 37 733
47 38 407
47 39 636
47 40 886
47 41 366
47 42 560
47 43 237
47 44 403
47 45 224
47 46 646
47 48 42
47 49 180
47 50 99
47 51 59
47 52 587
47 53 895
47 54 829
47 55 143
47 56 758
47 57 745
47 58 755
47 59 186
47 60 515
47 61 740
47 62 841
47 63 901
47 64 821
47 65 800
47 66 315
47 67 563
47 68 193
47 69 399
47 70 322
47 71 828
47 72 636
47 73 687
47 74 739
48 1 873
48 3 89
48 4 315
48 5 518
48 6 130
48 7 494
48 8 616
48 9 189
48 10 432
48 11 862
48 12 369
48 13 575
48 14 971
48 15 113
48 16 329
48 17 508
48 18 979
48 19 420
48 20 348
48 21 231
48 22 240
48 23 147
48 24 545
48 25 154
48 26 692
48 27 296
48 28 475
48 29 519
48 30 931
48 31 513
48 32 610
48 33 803
48 35 602
48 36 924
48 37 672
48 38 83
48 39 769
48 40 639
48 41 271
48 42 200
48 43 852
48 44 991
48 45 774
48 46 823
48 47 103
48 49 454
48 50 330
48 51 433
48 52 225
48 53 30
48 55 664
48 56 816
48 57 528
48 58 560
48 59 970
48 60 219
48 61 855
48 62 796
48 63 90
48 64 786
48 65 309
48 66 51
48 67 940
48 68 262
48 69 974
48 70 964
48 71 344
48 72 742
48 73 602
48 74 967
48 75 293
49 1 806
49 2 957
49 3 419
49 4 628
49 5 412
49 6 872
49 7 309
49 8 844
49 9 97
49 10 690
49 11 859
49 12 264
49 13 218
49 14 771
49 15 585
49 16 788
49 17 625
49 18 381
49 19 877
49 20 762
49 21 41
49 22 279
49 23 54
49 24 654
49 25 604
49 26 369
49 27 997
49 28 697
49 29 322
49 30 963
49 31 990
49 32 127
49 33 272
49 34 408
49 35 754
49 36 683
49 37 631
49 38 415
49 39 878
49 40 79
49 41 104
49 42 89
49 43 343
49 44 321
49 45 859
49 46 927
49 47 461
49 50 835
49 51 659
49 52 337
49 53 949
49 54 51
49 55 968
49 56 2
49 57 704
49 58 571
49 59 370
49 60 701
49 61 268
49 62 691
49 63 15
49 64 257
49 65 818
49 66 286
49 67 664
49 68 923
49 69 320
49 70 294
49 71 689
49 72 550
49 73 725
49 74 793
49 75 638
50 1 67
50 2 465
50 3 496
50 4 993
50 5 925
50 6 330
50 7 4
50 8 614
50 9 278
50 10 54
50 11 581
50 12 631
50 13 758
50 14 151
50 15 352
50 16 810
50 18 418
50 19 43
50 20 824
50 21 26
50 22 212
50 23 462
50 24 689
50 25 486
50 26 781
50 27 335
50 28 175
50 29 330
50 30 59
50 31 967
50 32 967
50 33 477
50 34 431
50 35 814
50 36 821
50 37 708
50 38 496
50 39 824
50 40 321
50 41 125
50 42 230
50 44 901
50 45 756
50 46 987
50 47 51
50 48 107
50 49 148
50 51 821
50 52 501
50 53 323
50 54 846
50 55 64
50 56 784
50 57 887
50 58 550
50 59 917
50 60 221
50 61 76
50 62 246
50 63 631
50 64 42
50 65 565
50 66 459
50 67 824
50 68 378
50 69 279
50 70 531
50 72 225
50 73 103
50 74 203
50 75 350
51 2 332
51 3 103
51 4 105
51 5 670
51 6 506
51 7 563
51 8 169
51 9 326
51 10 416
51 11 491
51 12 171
51 13 479
51 14 275
51 15 57
51 16 380
51 17 191
51 18 629
51 19 455
51 20 788
51 21 611
51 22 848
51 23 704
51 24 69
51 25 24
51 26 434
51 27 348
51 28 906
51 29 658
51 30 802
51 31 109
51 32 7
51 33 485
51 34 211
51 35 463
51 36 506
51 37 716
51 38 378
51 39 674
51 40 41
51 41 793
51 42 164
51 43 564
51 45 271
51 46 790
51 47 620
51 48 651
51 49 332
51 50 601
51 52 105
51 53 472
51 54 211
51 55 305
51 56 175
51 57 280
51 58 328
51 59 608
51 60 979
51 61 233
51 62 266
51 63 780
51 64 341
51 65 624
51 66 616
51 67 552
51 68 87
51 69 121
51 70 619
51 71 464
51 72 794
51 73 12
51 74 256
51 75 309
52 1 575
52 2 878
52 3 451
52 4 546
52 5 528
52 6 134
52 7 146
52 8 985
52 9 605
52 10 709
52 11 289
52 12 780
52 13 340
52 14 616
52 15 387
52 16 318
52 17 200
52 18 4
52 19 449
52 20 541
52 21 628
52 22 64
52 23 444
52 24 66
52 25 536
52 26 62
52 27 529
52 28 329
52 29 73
52 30 136
52 31 989
52 32 647
52 33 13
52 34 791
52 35 545
52 36 893
52 37 925
52 38 690
52 39 229
52 40 529
52 41 750
52 42 869
52 43 660
52 44 89
52 45 484
52 46 399
52 47 758
52 48 683
52 49 402
52 50 206
52 51 575
52 53 381
52 54 621
52 55 18
52 57 446
52 58 156
52 59 80
52 60 326
52 61 836
52 62 152
52 63 461
52 64 825
52 65 151
52 66 826
52 67 967
52 68 695
52 69 70
52 70 891
52 71 736
52 72 650
52 73 772
52 74 486
52 75 518
53 1 431
53 2 574
53 3 353
53 4 829
53 5 332
53 6 387
53 7 231
53 8 889
53 9 962
53 10 611
53 11 510
53 12 979
53 13 409
53 14 17
53 15 410
53 16 734
53 17 853
53 18 562
53 19 547
53 20 29
53 21 64
53 22 724
53 23 995
53 24 110
53 25 145
53 26 886
53 27 197
53 28 794
53 29 9
53 30 682
53 31 311
53 32 439
53 33 608
53 34 663
53 35 268
53 36 291
53 37 49
53 38 850
53 39 179
53 40 10
53 41 812
53 43 40
53 44 341
53 45 220
53 46 409
53 47 750
53 48 306
53 49 261
53 50 663
53 51 852
53 52 289
53 54 726
53 56 927
53 57 635
53 58 187
53 59 71
53 60 872
53 61 384
53 62 864
53 63 880
53 64 417
53 65 174
53 66 319
53 67 24
53 68 836
53 69 938
53 70 666
53 71 236
53 72 139
53 73 197
53 74 246
53 75 950
54 1 588
54 2 586
54 3 522
54 4 996
54 5 687
54 6 179
54 7 256
54 8 350
54 9 30
54 10 896
54 11 75
54 12 308
54 13 883
54 14 614
54 15 378
54 16 754
54 17 997
54 18 241
54 19 634
54 20 765
54 21 766
54 22 304
54 23 789
54 24 953
54 25 241
54 26 806
54 27 188
54 28 379
54 29 2
54 30 785
54 31 680
54 32 590
54 33 722
54 34 201
54 35 585
54 36 409
54 37 731
54 38 193
54 39 758
54 40 760
54 41 440
54 42 184
54 43 67
54 44 322
54 45 149
54 46 796
54 47 76
54 48 145
54 49 36
54 50 61
54 51 262
54 52 153
54 53 364
54 55 50
54 56 105
54 57 604
54 58 207
54 59 645
54 60 334
54 61 209
54 62 429
54 63 13
54 64 150
54 65 503
54 67 566
54 68 86
54 69 263
54 70 296
54 71 278
54 72 372
54 73 408
54 74 70
54 75 555
55 1 826
55 2 391
55 3 704
55 4 622
55 5 818
55 6 200
55 7 9
55 8 878
55 9 461
55 10 514
55 11 241
55 12 862
55 13 618
55 14 196
55 15 69
55 16 614
55 17 529
55 18 629
55 19 395
55 20 542
55 21 778
55 22 897
55 23 459
55 24 863
55 25 159
55 26 106
55 27 493
55 28 530
55 29 513
55 30 562
55 31 436
55 32 339
55 33 304
55 34 491
55 35 312
55 36 122
55 37 43
55 38 672
55 39 351
55 40 855
55 41 185
55 42 592
55 43 717
55 44 803
55 45 787
55 47 137
55 48 768
55 49 668
55 50 117
55 51 162
55 52 561
55 53 894
55 54 58
55 56 19
55 57 108
55 58 568
55 59 124
55 60 600
55 61 449
55 62 989
55 63 513
55 64 885
55 65 679
55 66 817
55 67 727
55 68 990
55 69 290
55 70 769
55 71 661
55 72 640
55 73 624
55 74 198
55 75 231
56 1 692
56 2 352
56 3 370
56 4 180
56 5 119
56 6 389
56 7 296
56 8 281
56 9 949
56 10 541
56 12 338
56 13 319
56 14 648
56 15 258
56 16 794
56 17 600
56 18 706
56 19 782
56 20 112
56 21 942
56 22 460
56 23 280
56 24 669
56 25 801
56 26 569
56 27 789
56 28 462
56 29 561
56 30 764
56 31 659
56 32 143
56 33 455
56 34 10
56 35 864
56 36 634
56 37 128
56 38 252
56 39 281
56 40 760
56 41 200
56 42 821
56 43 98
56 44 870
56 45 469
56 46 707
56 47 664
56 48 420
56 49 412
56 50 445
56 51 883
56 52 706
56 53 905
56 54 163
56 55 374
56 57 705
56 58 83
56 59 514
56 60 518
56 61 995
56 62 278
56 63 528
56 64 138
56 66 84
56 67 889
56 68 1
56 69 70
56 70 369
56 71 253
56 72 350
56 73 128
56 74 804
56 75 171
57 1 577
57 2 674
57 3 991
57 4 283
57 5 337
57 6 410
57 7 47
57 8 133
57 9 644
57 10 752
57 11 37
57 12 158
57 13 477
57 14 94
57 15 241
57 16 990
57 17 963
57 18 587
57 19 267
57 20 843
57 21 724
57 22 703
57 23 731
57 24 725
57 25 772
57 26 451
57 27 329
57 28 121
57 29 931
57 30 484
57 31 291
57 32 507
57 33 157
57 34 633
57 35 142
57 36 845
57 37 394
57 38 188
57 39 978
57 40 38
57 41 939
57 42 366
57 43 195
57 44 415
57 45 811
57 46 787
57 47 756
57 48 126
57 49 374
57 50 375
57 51 968
57 52 449
57 53 77
57 54 50
57 55 525
57 56 848
57 58 501
57 59 853
57 60 968
57 61 431
57 62 337
57 64 611
57 65 289
57 66 845
57 67 595
57 68 430
57 69 42
57 70 989
57 71 969
57 72 371
57 73 378
57 74 259
57 75 736
58 1 572
58 2 673
58 3 899
58 4 711
58 5 781
58 6 24
58 7 436
58 8 155
58 9 991
58 10 884
58 11 231
58 12 392
58 13 409
58 14 78
58 15 892
58 16 613
58 17 397
58 18 674
58 19 301
58 20 7
58 21 315
58 22 498
58 23 954
58 24 96
58 25 539
58 26 942
58 27 65
58 28 261
58 29 319
58 30 323
58 31 996
58 32 242
58 33 348
58 34 246
58 35 304
58 36 128
58 37 621
58 38 739
58 39 634
58 40 963
58 41 975
58 42 864
58 43 355
58 44 383
58 45 293
58 46 246
58 47 347
58 48 689
58 50 272
58 51 648
58 52 48
58 53 586
58 54 497
58 56 1
58 57 33
58 59 387
58 60 294
58 61 449
58 62 647
58 63 964
58 64 772
58 65 994
58 66 205
58 67 471
58 68 240
58 69 861
58 70 950
58 71 860
58 72 599
58 73 583
58 74 823
58 75 573
59 1 798
59 2 529
59 3 307
59 4 90
59 5 126
59 6 6
59 7 130
59 8 397
59 9 5
59 10 529
59 11 334
59 12 501
59 13 529
59 14 367
59 15 887
59 17 174
59 18 815
59 19 533
59 20 137
59 21 938
59 22 878
59 23 694
59 24 760
59 25 117
59 26 554
59 27 61
59 28 329
59 29 152
59 30 643
59 31 503
59 32 77
59 33 440
59 34 31
59 35 735
59 36 881
59 37 156
59 38 740
59 39 11
59 40 905
59 41 96
59 42 539
59 43 238
59 44 596
59 46 420
59 47 956
59 48 834
59 49 945
59 50 123
59 51 718
59 52 82
59 53 412
59 54 596
59 55 127
59 56 172
59 57 64
59 58 680
59 60 232
59 61 392
59 62 183
59 63 227
59 64 246
59 65 611
59 66 18
59 67 276
59 68 346
59 69 251
59 70 784
59 71 437
59 72 261
59 73 688
59 74 533
59 75 151
60 1 277
60 2 480
60 3 922
60 4 233
60 5 666
60 6 219
60 7 707
60 8 383
60 9 300
60 10 118
60 11 978
60 12 778
60 13 641
60 14 42
60 15 457
60 16 225
60 17 785
60 18 991
60 19 803
60 20 31
60 21 602
60 22 820
60 23 658
60 24 299
60 26 70
60 27 441
60 28 87
60 29 682
60 30 128
60 31 971
60 32 185
60 33 757
60 34 451
60 35 458
60 36 341
60 37 116
60 38 676
60 39 47
60 40 850
60 41 327
60 42 516
60 43 180
60 44 104
60 45 509
60 46 221
60 47 912
60 48 733
60 49 357
60 50 903
60 51 887
60 52 387
60 53 856
60 54 58
60 55 397
60 56 154
60 57 128
60 58 837
60 59 240
60 61 161
60 62 317
60 63 211
60 65 697
60 66 73
60 67 13
60 68 507
60 69 413
60 70 480
60 71 182
60 73 811
60 74 329
60 75 861
61 1 678
61 2 508
61 3 316
61 4 186
61 5 80
61 6 228
61 7 270
61 8 789
61 9 482
61 10 156
61 11 175
61 12 337
61 13 214
61 14 571
61 15 490
61 16 693
61 17 760
61 18 81
61 19 205
61 20 76
61 21 643
61 22 902
61 23 500
61 24 655
61 25 760
61 27 264
61 28 486
61 29 941
61 30 426
61 31 815
61 32 153
61 33 103
61 34 674
61 35 469
61 36 289
61 37 106
61 38 696
61 39 558
61 40 894
61 41 177
61 42 66
61 43 420
61 44 513
61 45 279
61 46 343
61 47 354
61 48 323
61 49 102
61 50 786
61 51 527
61 52 529
61 53 429
61 54 780
61 55 380
61 56 83
61 57 539
61 58 995
61 59 921
61 60 832
61 62 420
61 63 735
61 64 984
61 65 522
61 66 760
61 67 452
61 68 162
61 69 865
61 70 499
61 71 72
61 72 110
61 73 27
61 74 137
61 75 530
62 1 891
62 2 767
62 3 872
62 4 244
62 5 441
62 6 325
62 7 30
62 8 319
62 9 205
62 10 810
62 11 451
62 12 584
62 13 244
62 14 989
62 15 578
62 16 164
62 17 172
62 18 349
62 19 898
62 20 508
62 21 870
62 23 10
62 24 311
62 25 384
62 26 226
62 27 810
62 28 455
62 29 336
62 30 188
62 31 943
62 32 865
62 33 79
62 34 61
62 35 736
62 36 322
62 37 501
62 38 412
62 39 703
62 40 819
62 41 616
62 42 512
62 43 269
62 44 551
62 45 108
62 46 610
62 47 128
62 48 271
62 49 133
62 50 476
62 51 521
62 52 640
62 53 697
62 54 530
62 55 951
62 56 80
62 57 755
62 58 112
62 59 886
62 60 90
62 61 299
62 63 828
62 64 954
62 65 377
62 66 240
62 67 41
62 68 51
62 69 740
62 70 804
62 71 105
62 72 911
62 73 419
62 74 969
62 75 179
63 1 969
63 2 76
63 3 140
63 4 448
63 5 346
63 6 273
63 7 275
63 8 866
63 9 912
63 10 324
63 11 747
63 12 214
63 13 403
63 14 502
63 15 677
63 16 641
63 17 943
63 18 976
63 19 820
63 20 249
63 21 704
63 22 60
63 24 641
63 25 106
63 26 799
63 27 445
63 28 211
63 29 709
63 30 215
63 31 531
63 32 240
63 33 536
63 34 958
63 35 379
63 36 983
63 37 303
63 38 3
63 39 610
63 40 521
63 41 267
63 42 933
63 43 619
63 44 480
63 45 335
63 46 472
63 47 157
63 48 327
63 49 415
63 50 484
63 51 147
63 52 15
63 53 187
63 54 206
63 55 655
63 56 645
63 57 356
63 58 451
63 59 207
63 60 65
63 61 666
63 62 737
63 64 656
63 65 201
63 66 694
63 67 386
63 68 535
63 69 348
63 70 389
63 71 144
63 72 220
63 73 655
63 74 76
63 75 839
64 1 134
64 2 763
64 3 310
64 4 642
64 5 89
64 6 76
64 7 477
64 8 235
64 9 90
64 10 16
64 11 792
64 12 745
64 13 660
64 14 148
64 15 195
64 16 866
64 17 564
64 18 212
64 19 954
64 20 219
64 21 412
64 22 647
64 23 604
64 24 947
64 25 346
64 26 992
64 27 90
64 28 566
64 29 998
64 30 166
64 32 756
64 33 484
64 34 928
64 35 65
64 36 477
64 37 16
64 38 493
64 39 954
64 40 603
64 41 582
64 42 969
64 43 394
64 44 678
64 45 628
64 47 541
64 48 225
64 49 845
64 50 104
64 51 436
64 52 798
64 53 674
64 54 848
64 55 796
64 56 278
64 58 146
64 59 493
64 60 621
64 61 235
64 62 58
64 63 971
64 65 752
64 66 813
64 67 454
64 68 31
64 69 230
64 70 930
64 71 399
64 72 722
64 73 883
64 74 1
64 75 655
65 1 203
65 2 746
65 3 333
65 4 182
65 5 639
65 6 557
65 7 26
65 8 742
65 9 992
65 10 175
65 11 768
65 12 191
65 13 970
65 14 45
65 15 688
65 16 815
65 17 17
65 18 275
65 19 872
65 20 339
65 21 26
65 22 37
65 23 792
65 24 409
65 25 618
65 26 74
65 27 807
65 28 691
65 29 308
65 30 159
65 31 345
65 32 511
65 33 904
65 34 677
65 36 692
65 37 542
65 38 585
65 39 70
65 40 636
65 41 929
65 42 244
65 43 403
65 44 471
65 45 566
65 46 799
65 47 159
65 49 380
65 50 167
65 51 433
65 52 603
65 53 506
65 54 810
65 55 639
65 56 649
65 57 218
65 58 608
65 59 722
65 60 376
65 61 298
65 62 382
65 63 886
65 64 995
65 66 892
65 67 790
65 68 23
65 69 583
65 70 683
65 71 608
65 72 4
65 73 670
65 74 888
65 75 248
66 1 72
66 2 710
66 3 813
66 4 222
66 5 868
66 6 192
66 7 389
66 8 652
66 9 146
66 10 246
66 11 814
66 12 137
66 13 246
66 14 383
66 15 744
66 16 968
66 17 759
66 19 394
66 20 349
66 21 644
66 22 388
66 23 592
66 24 785
66 25 762
66 26 526
66 27 820
66 28 721
66 29 530
66 30 489
66 31 608
66 32 777
66 33 913
66 34 318
66 35 941
66 36 134
66 37 537
66 38 484
66 39 874
66 40 189
66 41 629
66 42 471
66 43 354
66 44 765
66 45 717
66 46 736
66 47 861
66 48 36
66 49 846
66 50 254
66 51 736
66 52 842
66 53 993
66 54 327
66 55 978
66 56 754
66 57 204
66 58 797
66 60 475
66 61 733
66 62 638
66 63 82
66 64 861
66 65 550
66 67 751
66 68 153
66 69 35
66 70 640
66 71 636
66 72 261
66 73 180
66 74 617
66 75 731
67 1 533
67 2 381
67 3 799
67 4 268
67 5 241
67 6 186
67 7 466
67 8 846
67 9 921
67 10 307
67 11 838
67 12 599
67 13 284
67 14 592
67 15 155
67 16 81
67 17 418
67 18 887
67 19 718
67 20 851
67 21 100
67 22 619
67 23 602
67 24 252
67 25 5
67 26 593
67 27 240
67 28 265
67 30 772
67 31 856
67 33 348
67 35 304
67 36 588
67 37 146
67 38 923
67 39 181
67 40 332
67 41 388
67 42 26
67 43 604
67 44 694
67 45 216
67 46 555
67 47 978
67 48 807
67 49 709
67 50 410
67 51 576
67 52 947
67 53 479
67 54 426
67 55 46
67 56 449
67 57 379
67 58 650
67 59 453
67 60 971
67 61 241
67 62 718
67 63 742
67 64 448
67 65 65
67 66 397
67 68 35
67 69 562
67 70 320
67 71 215
67 72 245
67 73 707
67 74 593
67 75 201
68 1 753
68 2 808
68 3 755
68 4 82
68 5 966
68 6 463
68 7 491
68 8 541
68 9 409
68 10 321
68 11 966
68 12 455
68 13 769
68 14 697
68 15 456
68 16 221
68 17 667
68 18 48
68 19 290
68 20 761
68 21 495
68 22 706
68 23 157
68 24 529
68 25 268
68 26 476
68 27 96
68 28 864
68 29 535
68 30 688
68 31 64
68 32 287
68 33 495
68 34 818
68 35 368
68 36 812
68 37 280
68 38 210
68 39 352
68 40 41
68 41 530
68 42 669
68 43 847
68 44 650
68 45 365
68 46 302
68 48 222
68 49 384
68 50 349
68 51 864
68 52 144
68 53 843
68 54 569
68 55 652
68 56 723
68 57 188
68 58 128
68 59 818
68 60 52
68 61 662
68 62 857
68 63 467
68 64 300
68 65 703
68 66 637
68 67 667
68 69 514
68 70 916
68 71 228
68 72 217
68 73 308
68 74 109
68 75 238
69 1 154
69 2 758
69 3 954
69 4 455
69 6 331
69 7 337
69 8 155
69 9 194
69 10 832
69 11 349
69 12 763
69 13 484
69 14 424
69 15 950
69 16 963
69 17 593
69 18 353
69 19 976
69 20 450
69 21 172
69 22 275
69 23 504
69 25 808
69 26 293
69 27 370
69 28 75
69 29 520
69 30 586
69 31 383
69 32 628
69 33 823
69 34 536
69 35 737
69 36 129
69 37 343
69 38 67
69 39 465
69 40 497
69 42 261
69 43 649
69 44 198
69 45 375
69 46 484
69 47 621
69 48 676
69 49 798
69 50 565
69 51 381
69 52 773
69 53 366
69 54 552
69 55 399
69 56 870
69 57 359
69 58 43
69 59 239
69 60 433
69 61 914
69 62 176
69 63 167
69 64 893
69 65 351
69 66 703
69 67 629
69 68 479
69 70 45
69 71 47
69 72 295
69 73 893
69 74 307
69 75 295
70 1 442
70 2 33
70 3 778
70 4 62
70 5 709
70 6 927
70 7 979
70 8 441
70 9 51
70 10 344
70 11 992
70 13 801
70 14 213
70 15 702
70 16 843
70 17 803
70 18 486
70 19 756
70 20 331
70 21 653
70 22 1000
70 23 681
70 24 707
70 25 628
70 26 511
70 27 751
70 28 675
70 29 157
70 30 643
70 31 333
70 32 452
70 33 85
70 34 718
70 35 581
70 36 498
70 37 778
70 38 860
70 39 476
70 40 218
70 41 910
70 42 172
70 43 561
70 44 711
70 45 736
70 46 262
70 47 553
70 48 539
70 49 99
70 50 661
70 51 221
70 52 103
70 53 660
70 54 901
70 55 809
70 56 640
70 57 763
70 58 559
70 59 666
70 60 271
70 61 554
70 62 998
70 63 722
70 64 990
70 65 715
70 66 655
70 67 839
70 68 492
70 69 514
70 71 667
70 72 61
70 73 423
70 74 838
70 75 621
71 1 485
71 2 573
71 3 234
71 4 390
71 5 463
71 6 333
71 8 50
71 9 683
71 10 435
71 11 61
71 12 935
71 13 244
71 14 52
71 15 697
71 16 154
71 17 717
71 18 968
71 21 707
71 22 715
71 23 41
71 24 48
71 25 781
71 26 47
71 27 887
71 28 625
71 29 912
71 30 553
71 31 685
71 32 335
71 33 390
71 34 306
71 35 171
71 36 314
71 37 891
71 38 560
71 39 777
71 40 223
71 41 961
71 42 459
71 43 658
71 44 22
71 45 394
71 46 253
71 47 425
71 48 442
71 49 406
71 50 142
71 51 761
71 52 465
71 53 208
71 54 802
71 55 512
71 56 988
71 57 200
71 58 398
71 59 964
71 61 112
71 62 302
71 63 1
71 64 798
71 65 43
71 66 658
71 67 968
71 68 357
71 69 548
71 70 528
71 72 133
71 73 771
71 74 488
71 75 591
72 1 780
72 2 861
72 3 336
72 4 384
72 5 286
72 6 778
72 7 141
72 8 779
72 9 538
72 10 605
72 11 986
72 12 691
72 13 117
72 14 325
72 15 891
72 16 866
72 17 289
72 18 2
72 19 168
72 20 641
72 21 151
72 23 210
72 24 298
72 25 118
72 26 566
72 27 845
72 28 997
72 29 50
72 30 967
72 31 837
72 32 993
72 33 98
72 34 49
72 35 328
72 36 481
72 37 334
72 38 457
72 39 622
72 40 464
72 41 995
72 42 226
72 43 449
72 44 685
72 45 694
72 46 774
72 47 927
72 48 560
72 49 414
72 50 280
72 51 79
72 52 54
72 53 430
72 54 640
72 55 351
72 56 900
72 57 558
72 58 547
72 59 896
72 60 607
72 61 514
72 62 732
72 63 599
72 64 611
72 65 781
72 66 279
72 68 92
72 69 466
72 70 735
72 71 65
72 73 930
72 74 81
72 75 642
73 1 730
73 2 118
73 3 336
73 4 855
73 5 44
73 6 247
73 7 268
73 8 324
73 9 677
73 10 673
73 11 753
73 13 316
73 14 23
73 15 652
73 16 873
73 17 922
73 19 900
73 20 832
73 21 435
73 22 983
73 24 782
73 25 397
73 27 763
73 28 60
73 29 840
73 30 581
73 31 147
73 32 904
73 33 862
73 34 227
73 36 546
73 37 943
73 38 696
73 39 233
73 40 798
73 41 740
73 42 831
73 43 65
73 44 415
73 45 507
73 46 90
73 47 167
73 48 174
73 49 464
73 50 171
73 51 47
73 52 385
73 54 422
73 55 230
73 56 171
73 57 404
73 58 11
73 59 568
73 60 519
73 61 423
73 62 407
73 63 99
73 64 569
73 65 663
73 66 312
73 67 147
73 68 560
73 69 254
73 70 195
73 71 144
73 72 403
73 74 934
73 75 974
74 2 820
74 3 348
74 4 480
74 5 909
74 6 866
74 7 653
74 8 372
74 9 388
74 10 51
74 11 757
74 12 809
74 13 280
74 14 927
74 15 213
74 16 291
74 17 846
74 18 731
74 19 65
74 20 605
74 21 181
74 22 985
74 23 619
74 24 492
74 25 483
74 26 178
74 27 97
74 28 677
74 29 321
74 30 500
74 31 610
74 32 294
74 33 319
74 34 309
74 35 125
74 36 579
74 37 175
74 38 129
74 39 950
74 40 562
74 41 180
74 42 58
74 43 371
74 44 811
74 45 337
74 46 935
74 47 453
74 48 182
74 49 665
74 50 517
74 51 786
74 52 845
74 53 501
74 54 404
74 55 688
74 56 336
74 57 933
74 58 136
74 59 12
74 60 605
74 61 987
74 62 974
74 63 898
74 64 657
74 65 282
74 66 374
74 67 235
74 68 808
74 69 503
74 70 537
74 71 370
74 72 34
74 73 594
74 75 92
75 1 196
75 2 930
75 3 378
75 4 649
75 5 112
75 6 42
75 8 517
75 9 249
75 10 238
75 11 370
75 12 5
75 13 277
75 14 705
75 15 937
75 16 764
75 17 716
75 18 894
75 19 751
75 20 689
75 21 791
75 22 759
75 23 323
75 24 517
75 25 346
75 26 130
75 28 371
75 29 882
75 30 851
75 31 756
75 32 827
75 33 942
75 34 951
75 35 757
75 36 319
75 37 599
75 38 220
75 39 712
75 40 468
75 41 820
75 42 301
75 43 837
75 44 176
75 45 577
75 46 541
75 47 465
75 48 693
75 49 256
75 50 358
75 51 443
75 52 297
75 53 500
75 54 553
75 55 619
75 56 16
75 58 250
75 59 748
75 60 386
75 62 131
75 63 599
75 64 493
75 65 310
75 66 892
75 68 444
75 69 418
75 70 563
75 71 394
75 72 637
75 73 626
75 74 861

END

R
1 2 1
1 3 1
1 4 5
1 5 5
1 6 1
1 7 1
1 8 4
1 9 2
1 10 1
1 11 3
1 12 5
1 13 5
1 14 1
1 15 2
1 16 3
1 17 3
1 18 5
1 19 3
1 20 2
1 21 4
1 22 5
1 23 2
1 24 3
1 25 3
1 26 4
1 27 1
1 28 5
1 29 5
1 30 3
1 31 3
1 32 5
1 33 3
1 34 3
1 35 4
1 36 4
1 37 5
1 38 1
1 39 4
1 40 4
1 41 1
1 42 1
1 43 5
1 44 3
1 45 1
1 46 3
1 47 2
1 48 3
1 49 2
1 50 1
1 51 1
1 52 5
1 53 1
1 54 2
1 55 2
1 56 5
1 57 3
1 58 3
1 59 4
1 60 4
1 61 2
1 62 1
1 63 3
1 64 4
1 65 1
1 66 3
1 67 4
1 68 2
1 69 4
1 70 3
1 71 2
1 72 1
1 73 5
1 74 1
1 75 3
2 1 3
2 3 3
2 4 1
2 5 5
2 6 4
2 7 2
2 8 3
2 9 4
2 10 2
2 11 4
2 12 2
2 13 1
2 14 3
2 15 1
2 16 1
2 17 1
2 18 2
2 19 2
2 20 3
2 21 2
2 22 4
2 23 1
2 24 1
2 25 5
2 26 1
2 27 5
2 28 2
2 29 1
2 30 4
2 31 2
2 32 1
2 33 1
2 34 5
2 35 1
2 36 3
2 37 5
2 38 4
2 39 5
2 40 3
2 41 5
2 42 5
2 43 2
2 44 2
2 45 3
2 46 2
2 47 3
2 48 3
2 49 4
2 50 1
2 51 3
2 52 5
2 53 4
2 54 3
2 55 2
2 56 3
2 57 3
2 58 1
2 59 4
2 60 5
2 61 5
2 62 3
2 63 2
2 64 5
2 65 4
2 66 5
2 67 4
2 68 3
2 69 3
2 70 3
2 71 1
2 72 5
2 73 3
2 74 2
2 75 1
3 1 2
3 2 5
3 4 5
3 5 4
3 6 3
3 7 5
3 8 1
3 9 5
3 10 3
3 11 5
3 12 3
3 13 3
3 14 4
3 15 4
3 16 3
3 17 4
3 18 5
3 19 5
3 20 2
3 21 1
3 22 3
3 23 1
3 24 5
3 25 3
3 26 4
3 27 2
3 28 5
3 29 3
3 30 1
3 31 1
3 32 5
3 33 4
3 34 2
3 35 5
3 36 3
3 37 2
3 38 4
3 39 5
3 40 3
3 41 4
3 42 5
3 43 5
3 44 1
3 45 3
3 46 3
3 47 5
3 48 3
3 49 2
3 50 5
3 51 5
3 52 3
3 53 4
3 54 2
3 55 4
3 56 1
3 57 5
3 58 5
3 59 5
3 60 4
3 61 3
3 62 2
3 63 4
3 64 1
3 65 1
3 66 5
3 67 5
3 68 2
3 69 5
3 70 5
3 71 4
3 72 3
3 73 4
3 74 3
3 75 5
4 1 3
4 2 3
4 3 5
4 5 3
4 6 1
4 7 1
4 8 2
4 9 3
4 10 1
4 11 5
4 12 1
4 13 4
4 14 5
4 15 3
4 16 5
4 17 5
4 18 2
4 19 4
4 20 5
4 21 4
4 22 4
4 23 4
4 24 4
4 25 2
4 26 4
4 27 5
4 28 5
4 29 3
4 30 5
4 31 4
4 32 5
4 33 2
4 34 1
4 35 1
4 36 4
4 37 2
4 38 3
4 39 2
4 40 1
4 41 5
4 42 2
4 43 4
4 44 5
4 45 3
4 46 3
4 47 5
4 48 4
4 49 1
4 50 5
4 51 4
4 52 4
4 53 5
4 54 2
4 55 4
4 56 1
4 57 2
4 58 3
4 59 2
4 60 2
4 61 2
4 62 5
4 63 3
4 64 1
4 65 3
4 66 5
4 67 1
4 68 1
4 69 2
4 70 5
4 71 1
4 72 3
4 73 3
4 74 1
4 75 3
5 1 2
5 2 3
5 3 4
5 4 5
5 6 3
5 7 3
5 8 3
5 9 4
5 10 4
5 11 2
5 12 2
5 13 4
5 14 3
5 15 2
5 16 2
5 17 1
5 18 5
5 19 1
5 20 3
5 21 5
5 22 5
5 23 2
5 24 3
5 25 5
5 26 5
5 27 2
5 28 3
5 29 5
5 30 1
5 31 3
5 32 2
5 33 2
5 34 3
5 35 5
5 36 1
5 37 5
5 38 4
5 39 1
5 40 5
5 41 2
5 42 2
5 43 2
5 44 2
5 45 1
5 46 5
5 47 3
5 48 2
5 49 4
5 50 5
5 51 1
5 52 1
5 53 5
5 54 5
5 55 3
5 56 1
5 57 1
5 58 1
5 59 3
5 60 5
5 61 1
5 62 3
5 63 1
5 64 4
5 65 5
5 66 2
5 67 4
5 68 1
5 69 2
5 70 1
5 71 1
5 72 5
5 73 2
5 74 4
5 75 1
6 1 3
6 2 3
6 3 5
6 4 4
6 5 3
6 7 2
6 8 1
6 9 3
6 10 3
6 11 5
6 12 2
6 13 3
6 14 1
6 15 2
6 16 3
6 17 5
6 18 4
6 19 5
6 20 3
6 21 2
6 22 1
6 23 4
6 24 3
6 25 1
6 26 1
6 27 3
6 28 3
6 29 5
6 30 5
6 31 3
6 32 3
6 33 4
6 34 2
6 35 4
6 36 2
6 37 5
6 38 5
6 39 2
6 40 4
6 41 2
6 42 4
6 43 1
6 44 5
6 45 4
6 46 4
6 47 4
6 48 5
6 49 3
6 50 3
6 51 2
6 52 1
6 53 3
6 54 1
6 55 3
6 56 5
6 57 3
6 58 3
6 59 5
6 60 2
6 61 2
6 62 4
6 63 1
6 64 5
6 65 1
6 66 5
6 67 3
6 68 2
6 69 4
6 70 1
6 71 2
6 72 3
6 73 1
6 74 2
6 75 2
7 1 4
7 2 3
7 3 5
7 4 4
7 5 5
7 6 4
7 8 2
7 9 5
7 10 3
7 11 2
7 12 5
7 13 4
7 14 4
7 15 2
7 16 3
7 17 3
7 18 5
7 19 2
7 20 5
7 21 1
7 22 4
7 23 4
7 24 5
7 25 2
7 26 5
7 27 2
7 28 3
7 29 2
7 30 3
7 31 5
7 32 5
7 33 3
7 34 2
7 35 1
7 36 3
7 37 3
7 38 1
7 39 5
7 40 4
7 41 3
7 42 1
7 43 5
7 44 1
7 45 2
7 46 1
7 47 1
7 48 1
7 49 2
7 50 4
7 51 5
7 52 4
7 53 4
7 54 1
7 55 3
7 56 5
7 57 2
7 58 2
7 59 2
7 60 5
7 61 4
7 62 1
7 63 1
7 64 1
7 65 4
7 66 3
7 67 4
7 68 3
7 69 3
7 70 3
7 71 2
7 72 5
7 73 5
7 74 1
7 75 2
8 1 3
8 2 4
8 3 4
8 4 3
8 5 2
8 6 4
8 7 5
8 9 1
8 10 2
8 11 2
8 12 5
8 13 1
8 14 3
8 15 1
8 16 3
8 17 4
8 18 1
8 19 5
8 20 4
8 21 4
8 22 1
8 23 1
8 24 4
8 25 3
8 26 5
8 27 1
8 28 1
8 29 1
8 30 2
8 31 4
8 32 2
8 33 5
8 34 2
8 35 3
8 36 4
8 37 5
8 38 1
8 39 3
8 40 2
8 41 3
8 42 4
8 43 2
8 44 3
8 45 3
8 46 4
8 47 2
8 48 3
8 49 2
8 50 2
8 51 3
8 52 5
8 53 2
8 54 3
8 55 3
8 56 1
8 57 4
8 58 5
8 59 2
8 60 4
8 61 3
8 62 5
8 63 3
8 64 2
8 65 3
8 66 5
8 67 1
8 68 4
8 69 5
8 70 5
8 71 1
8 72 4
8 73 1
8 74 4
8 75 4
9 1 3
9 2 4
9 3 5
9 4 3
9 5 5
9 6 3
9 7 5
9 8 1
9 10 1
9 11 5
9 12 5
9 13 2
9 14 3
9 15 4
9 16 5
9 17 2
9 18 2
9 19 1
9 20 4
9 21 5
9 22 5
9 23 5
9 24 2
9 25 3
9 26 1
9 27 2
9 28 3
9 29 5
9 30 2
9 31 3
9 32 5
9 33 1
9 34 2
9 35 4
9 36 3
9 37 1
9 38 2
9 39 3
9 40 2
9 41 2
9 42 2
9 43 1
9 44 5
9 45 1
9 46 2
9 47 4
9 48 2
9 49 5
9 50 4
9 51 2
9 52 4
9 53 3
9 54 1
9 55 1
9 56 1
9 57 4
9 58 2
9 59 5
9 60 3
9 61 5
9 62 3
9 63 2
9 64 5
9 65 4
9 66 2
9 67 3
9 68 1
9 69 5
9 70 5
9 71 4
9 72 4
9 73 3
9 74 2
9 75 3
10 1 3
10 2 3
10 3 2
10 4 2
10 5 4
10 6 2
10 7 5
10 8 2
10 9 5
10 11 1
10 12 4
10 13 2
10 14 4
10 15 2
10 16 3
10 17 3
10 18 1
10 19 5
10 20 1
10 21 3
10 22 5
10 23 4
10 24 5
10 25 3
10 26 4
10 27 1
10 28 1
10 29 2
10 30 5
10 31 2
10 32 4
10 33 4
10 34 1
10 35 2
10 36 5
10 37 4
10 38 4
10 39 5
10 40 3
10 41 5
10 42 2
10 43 1
10 44 3
10 45 2
10 46 5
10 47 5
10 48 1
10 49 2
10 50 2
10 51 1
10 52 4
10 53 1
10 54 4
10 55 3
10 56 5
10 57 4
10 58 5
10 59 1
10 60 5
10 61 4
10 62 4
10 63 1
10 64 3
10 65 5
10 66 4
10 67 4
10 68 3
10 69 2
10 70 5
10 71 5
10 72 3
10 73 3
10 74 3
10 75 5
11 1 4
11 2 4
11 3 5
11 4 1
11 5 5
11 6 1
11 7 3
11 8 4
11 9 3
11 10 4
11 12 3
11 13 3
11 14 2
11 15 5
11 16 5
11 17 4
11 18 5
11 19 3
11 20 4
11 21 4
11 22 2
11 23 2
11 24 3
11 25 2
11 26 1
11 27 4
11 28 3
11 29 3
11 30 2
11 31 5
11 32 3
11 33 2
11 34 5
11 35 4
11 36 3
11 37 5
11 38 1
11 39 5
11 40 5
11 41 3
11 42 3
11 43 4
11 44 2
11 45 5
11 46 3
11 47 3
11 48 3
11 49 5
11 50 1
11 51 3
11 52 3
11 53 4
11 54 1
11 55 5
11 56 2
11 57 1
11 58 1
11 59 5
11 60 4
11 61 2
11 62 1
11 63 3
11 64 3
11 65 1
11 66 1
11 67 2
11 68 2
11 69 1
11 70 2
11 71 1
11 72 5
11 73 4
11 74 1
11 75 4
12 1 5
12 2 1
12 3 1
12 4 4
12 5 5
12 6 3
12 7 1
12 8 2
12 9 4
12 10 2
12 11 4
12 13 5
12 14 4
12 15 4
12 16 4
12 17 4
12 18 5
12 19 5
12 20 1
12 21 4
12 22 2
12 23 3
12 24 1
12 25 3
12 26 5
12 27 2
12 28 5
12 29 2
12 30 2
12 31 5
12 32 5
12 33 4
12 34 5
12 35 2
12 36 2
12 37 4
12 38 2
12 39 5
12 40 3
12 41 5
12 42 3
12 43 1
12 44 1
12 45 1
12 46 4
12 47 5
12 48 5
12 49 3
12 50 1
12 51 2
12 52 3
12 53 2
12 54 5
12 55 3
12 56 1
12 57 1
12 58 4
12 59 5
12 60 2
12 61 3
12 62 1
12 63 3
12 64 1
12 65 1
12 66 2
12 67 4
12 68 1
12 69 5
12 70 3
12 71 3
12 72 4
12 73 5
12 74 3
12 75 1
13 1 3
13 2 3
13 3 5
13 4 4
13 5 2
13 6 2
13 7 5
13 8 5
13 9 5
13 10 1
13 11 2
13 12 5
13 14 2
13 15 3
13 16 1
13 17 5
13 18 5
13 19 2
13 20 5
13 21 2
13 22 4
13 23 1
13 24 5
13 25 1
13 26 5
13 27 3
13 28 4
13 29 5
13 30 4
13 31 3
13 32 5
13 33 3
13 34 3
13 35 2
13 36 1
13 37 4
13 38 5
13 39 1
13 40 3
13 41 5
13 42 3
13 43 2
13 44 1
13 45 4
13 46 4
13 47 4
13 48 1
13 49 5
13 50 5
13 51 5
13 52 1
13 53 5
13 54 2
13 55 5
13 56 5
13 57 1
13 58 4
13 59 5
13 60 2
13 61 5
13 62 5
13 63 3
13 64 2
13 65 2
13 66 1
13 67 3
13 68 2
13 69 1
13 70 5
13 71 5
13 72 2
13 73 2
13 74 3
13 75 4
14 1 3
14 2 1
14 3 2
14 4 3
14 5 5
14 6 3
14 7 4
14 8 5
14 9 4
14 10 5
14 11 1
14 12 4
14 13 2
14 15 5
14 16 5
14 17 3
14 18 4
14 19 1
14 20 2
14 21 5
14 22 2
14 23 3
14 24 4
14 25 1
14 26 5
14 27 3
14 28 5
14 29 3
14 30 2
14 31 2
14 32 1
14 33 4
14 34 4
14 35 5
14 36 3
14 37 3
14 38 4
14 39 1
14 40 4
14 41 3
14 42 5
14 43 4
14 44 3
14 45 3
14 46 5
14 47 4
14 48 5
14 49 3
14 50 5
14 51 3
14 52 5
14 53 3
14 54 2
14 55 5
14 56 3
14 57 1
14 58 3
14 59 4
14 60 3
14 61 1
14 62 2
14 63 1
14 64 4
14 65 5
14 66 2
14 67 3
14 68 4
14 69 2
14 70 3
14 71 4
14 72 4
14 73 4
14 74 3
14 75 3
15 1 1
15 2 4
15 3 2
15 4 2
15 5 2
15 6 3
15 7 4
15 8 3
15 9 5
15 10 1
15 11 2
15 12 3
15 13 3
15 14 1
15 16 1
15 17 3
15 18 1
15 19 5
15 20 5
15 21 1
15 22 4
15 23 1
15 24 3
15 25 5
15 26 2
15 27 2
15 28 3
15 29 3
15 30 5
15 31 5
15 32 2
15 33 2
15 34 4
15 35 5
15 36 3
15 37 2
15 38 2
15 39 4
15 40 1
15 41 2
15 42 1
15 43 4
15 44 1
15 45 5
15 46 5
15 47 3
15 48 2
15 49 2
15 50 2
15 51 1
15 52 3
15 53 3
15 54 3
15 55 2
15 56 2
15 57 2
15 58 4
15 59 4
15 60 1
15 61 3
15 62 1
15 63 2
15 64 2
15 65 1
15 66 2
15 67 1
15 68 4
15 69 3
15 70 4
15 71 4
15 72 1
15 73 1
15 74 2
15 75 3
16 1 1
16 2 3
16 3 1
16 4 2
16 5 2
16 6 4
16 7 5
16 8 4
16 9 1
16 10 4
16 11 5
16 12 2
16 13 5
16 14 3
16 15 1
16 17 5
16 18 3
16 19 3
16 20 2
16 21 1
16 22 3
16 23 5
16 24 1
16 25 1
16 26 4
16 27 5
16 28 4
16 29 5
16 30 5
16 31 2
16 32 4
16 33 2
16 34 2
16 35 4
16 36 4
16 37 3
16 38 5
16 39 5
16 40 1
16 41 5
16 42 3
16 43 2
16 44 4
16 45 5
16 46 2
16 47 1
16 48 4
16 49 1
16 50 3
16 51 2
16 52 1
16 53 5
16 54 3
16 55 1
16 56 5
16 57 2
16 58 2
16 59 5
16 60 3
16 61 4
16 62 3
16 63 1
16 64 5
16 65 4
16 66 2
16 67 5
16 68 1
16 69 1
16 70 1
16 71 3
16 72 5
16 73 4
16 74 2
16 75 5
17 1 3
17 2 3
17 3 5
17 4 3
17 5 5
17 6 4
17 7 2
17 8 2
17 9 3
17 10 4
17 11 2
17 12 4
17 13 2
17 14 1
17 15 3
17 16 4
17 18 4
17 19 1
17 20 5
17 21 5
17 22 4
17 23 1
17 24 5
17 25 2
17 26 1
17 27 5
17 28 1
17 29 2
17 30 5
17 31 2
17 32 2
17 33 4
17 34 1
17 35 3
17 36 2
17 37 2
17 38 2
17 39 5
17 40 3
17 41 1
17 42 5
17 43 5
17 44 5
17 45 2
17 46 5
17 47 2
17 48 5
17 49 5
17 50 4
17 51 1
17 52 4
17 53 5
17 54 3
17 55 5
17 56 3
17 57 5
17 58 2
17 59 3
17 60 2
17 61 1
17 62 2
17 63 5
17 64 2
17 65 2
17 66 4
17 67 5
17 68 4
17 69 2
17 70 4
17 71 1
17 72 3
17 73 3
17 74 2
17 75 2
18 1 1
18 2 3
18 3 5
18 4 3
18 5 4
18 6 1
18 7 3
18 8 3
18 9 5
18 10 1
18 11 4
18 12 2
18 13 2
18 14 5
18 15 1
18 16 5
18 17 3
18 19 2
18 20 1
18 21 4
18 22 1
18 23 5
18 24 3
18 25 1
18 26 1
18 27 3
18 28 3
18 29 5
18 30 2
18 31 5
18 32 1
18 33 3
18 34 4
18 35 3
18 36 5
18 37 3
18 38 3
18 39 4
18 40 2
18 41 4
18 42 1
18 43 5
18 44 2
18 45 3
18 46 2
18 47 2
18 48 2
18 49 1
18 50 1
18 51 3
18 52 4
18 53 1
18 54 4
18 55 3
18 56 1
18 57 4
18 58 5
18 59 3
18 60 4
18 61 1
18 62 4
18 63 1
18 64 5
18 65 3
18 66 3
18 67 4
18 68 2
18 69 2
18 70 3
18 71 5
18 72 5
18 73 5
18 74 1
18 75 1
19 1 2
19 2 2
19 3 5
19 4 4
19 5 2
19 6 5
19 7 3
19 8 2
19 9 5
19 10 1
19 11 1
19 12 2
19 13 1
19 14 5
19 15 1
19 16 4
19 17 3
19 18 5
19 20 2
19 21 4
19 22 4
19 23 1
19 24 5
19 25 2
19 26 3
19 27 4
19 28 1
19 29 2
19 30 3
19 31 1
19 32 5
19 33 5
19 34 5
19 35 4
19 36 3
19 37 3
19 38 3
19 39 2
19 40 5
19 41 4
19 42 2
19 43 2
19 44 2
19 45 2
19 46 4
19 47 2
19 48 3
19 49 3
19 50 3
19 51 4
19 52 1
19 53 3
19 54 1
19 55 5
19 56 1
19 57 3
19 58 3
19 59 1
19 60 2
19 61 1
19 62 4
19 63 3
19 64 2
19 65 3
19 66 1
19 67 1
19 68 2
19 69 5
19 70 2
19 71 3
19 72 5
19 73 3
19 74 5
19 75 1
20 1 4
20 2 3
20 3 4
20 4 3
20 5 5
20 6 4
20 7 1
20 8 2
20 9 1
20 10 4
20 11 2
20 12 2
20 13 3
20 14 1
20 15 4
20 16 4
20 17 3
20 18 4
20 19 1
20 21 4
20 22 3
20 23 3
20 24 4
20 25 5
20 26 2
20 27 2
20 28 2
20 29 3
20 30 4
20 31 3
20 32 3
20 33 5
20 34 5
20 35 2
20 36 2
20 37 1
20 38 2
20 39 5
20 40 3
20 41 2
20 42 5
20 43 1
20 44 5
20 45 2
20 46 1
20 47 1
20 48 1
20 49 4
20 50 4
20 51 3
20 52 4
20 53 2
20 54 3
20 55 5
20 56 1
20 57 1
20 58 1
20 59 4
20 60 4
20 61 2
20 62 2
20 63 1
20 64 3
20 65 3
20 66 4
20 67 1
20 68 4
20 69 5
20 70 5
20 71 1
20 72 4
20 73 4
20 74 3
20 75 5
21 1 3
21 2 3
21 3 5
21 4 3
21 5 3
21 6 4
21 7 2
21 8 2
21 9 5
21 10 1
21 11 3
21 12 2
21 13 2
21 14 3
21 15 5
21 16 5
21 17 1
21 18 1
21 19 2
21 20 3
21 22 1
21 23 3
21 24 4
21 25 4
21 26 4
21 27 5
21 28 1
21 29 2
21 30 1
21 31 3
21 32 4
21 33 3
21 34 5
21 35 3
21 36 2
21 37 5
21 38 1
21 39 5
21 40 3
21 41 2
21 42 1
21 43 5
21 44 5
21 45 4
21 46 4
21 47 5
21 48 3
21 49 5
21 50 2
21 51 1
21 52 4
21 53 2
21 54 3
21 55 2
21 56 5
21 57 4
21 58 4
21 59 2
21 60 2
21 61 4
21 62 4
21 63 5
21 64 1
21 65 1
21 66 3
21 67 4
21 68 5
21 69 5
21 70 3
21 71 4
21 72 4
21 73 3
21 74 3
21 75 3
22 1 1
22 2 1
22 3 4
22 4 5
22 5 2
22 6 1
22 7 3
22 8 1
22 9 4
22 10 2
22 11 4
22 12 1
22 13 5
22 14 4
22 15 2
22 16 2
22 17 2
22 18 3
22 19 3
22 20 4
22 21 3
22 23 2
22 24 2
22 25 4
22 26 4
22 27 2
22 28 2
22 29 2
22 30 1
22 31 1
22 32 1
22 33 4
22 34 3
22 35 5
22 36 5
22 37 2
22 38 2
22 39 2
22 40 4
22 41 5
22 42 4
22 43 4
22 44 5
22 45 5
22 46 3
22 47 4
22 48 3
22 49 4
22 50 1
22 51 1
22 52 5
22 53 5
22 54 2
22 55 3
22 56 5
22 57 5
22 58 4
22 59 3
22 60 3
22 61 2
22 62 5
22 63 4
22 64 5
22 65 2
22 66 5
22 67 1
22 68 3
22 69 1
22 70 3
22 71 3
22 72 5
22 73 3
22 74 2
22 75 2
23 1 2
23 2 4
23 3 2
23 4 5
23 5 4
23 6 4
23 7 2
23 8 5
23 9 3
23 10 5
23 11 3
23 12 4
23 13 5
23 14 3
23 15 1
23 16 4
23 17 4
23 18 5
23 19 4
23 20 5
23 21 3
23 22 3
23 24 1
23 25 3
23 26 3
23 27 5
23 28 5
23 29 5
23 30 2
23 31 1
23 32 3
23 33 5
23 34 1
23 35 4
23 36 1
23 37 5
23 38 2
23 39 2
23 40 1
23 41 1
23 42 2
23 43 3
23 44 4
23 45 3
23 46 3
23 47 1
23 48 3
23 49 3
23 50 5
23 51 2
23 52 3
23 53 2
23 54 4
23 55 5
23 56 4
23 57 4
23 58 1
23 59 1
23 60 5
23 61 2
23 62 3
23 63 2
23 64 3
23 65 4
23 66 2
23 67 4
23 68 5
23 69 5
23 70 2
23 71 5
23 72 2
23 73 3
23 74 5
23 75 5
24 1 2
24 2 2
24 3 5
24 4 5
24 5 4
24 6 1
24 7 3
24 8 3
24 9 2
24 10 1
24 11 4
24 12 3
24 13 1
24 14 4
24 15 5
24 16 5
24 17 2
24 18 2
24 19 3
24 20 5
24 21 5
24 22 1
24 23 3
24 25 1
24 26 2
24 27 1
24 28 3
24 29 3
24 30 4
24 31 2
24 32 2
24 33 2
24 34 5
24 35 3
24 36 3
24 37 3
24 38 3
24 39 5
24 40 3
24 41 2
24 42 3
24 43 1
24 44 1
24 45 5
24 46 2
24 47 5
24 48 5
24 49 3
24 50 1
24 51 4
24 52 4
24 53 3
24 54 2
24 55 3
24 56 3
24 57 3
24 58 4
24 59 2
24 60 1
24 61 4
24 62 3
24 63 4
24 64 2
24 65 2
24 66 2
24 67 5
24 68 2
24 69 4
24 70 1
24 71 4
24 72 2
24 73 3
24 74 1
24 75 2
25 1 5
25 2 4
25 3 1
25 4 1
25 5 4
25 6 4
25 7 4
25 8 2
25 9 1
25 10 2
25 11 2
25 12 5
25 13 5
25 14 5
25 15 2
25 16 5
25 17 5
25 18 1
25 19 5
25 20 1
25 21 3
25 22 1
25 23 2
25 24 1
25 26 2
25 27 3
25 28 1
25 29 3
25 30 2
25 31 3
25 32 2
25 33 1
25 34 2
25 35 2
25 36 1
25 37 2
25 38 5
25 39 2
25 40 5
25 41 2
25 42 3
25 43 1
25 44 4
25 45 4
25 46 2
25 47 5
25 48 5
25 49 1
25 50 2
25 51 5
25 52 2
25 53 1
25 54 5
25 55 3
25 56 1
25 57 3
25 58 2
25 59 3
25 60 1
25 61 4
25 62 1
25 63 4
25 64 1
25 65 4
25 66 5
25 67 4
25 68 5
25 69 2
25 70 5
25 71 4
25 72 5
25 73 4
25 74 2
25 75 3
26 1 3
26 2 3
26 3 4
26 4 2
26 5 4
26 6 1
26 7 3
26 8 2
26 9 1
26 10 3
26 11 1
26 12 4
26 13 2
26 14 3
26 15 1
26 16 4
26 17 3
26 18 1
26 19 2
26 20 3
26 21 1
26 22 4
26 23 3
26 24 5
26 25 2
26 27 2
26 28 1
26 29 1
26 30 3
26 31 2
26 32 1
26 33 5
26 34 4
26 35 4
26 36 3
26 37 4
26 38 1
26 39 1
26 40 2
26 41 2
26 42 5
26 43 3
26 44 2
26 45 3
26 46 2
26 47 2
26 48 2
26 49 1
26 50 5
26 51 3
26 52 5
26 53 5
26 54 1
26 55 3
26 56 2
26 57 2
26 58 4
26 59 2
26 60 5
26 61 3
26 62 5
26 63 5
26 64 2
26 65 5
26 66 3
26 67 2
26 68 4
26 69 4
26 70 4
26 71 5
26 72 2
26 73 5
26 74 4
26 75 3
27 1 2
27 2 2
27 3 1
27 4 3
27 5 2
27 6 5
27 7 3
27 8 2
27 9 2
27 10 3
27 11 4
27 12 3
27 13 2
27 14 4
27 15 1
27 16 1
27 17 2
27 18 5
27 19 2
27 20 5
27 21 4
27 22 4
27 23 3
27 24 4
27 25 4
27 26 1
27 28 1
27 29 2
27 30 2
27 31 4
27 32 1
27 33 4
27 34 1
27 35 2
27 36 1
27 37 4
27 38 3
27 39 3
27 40 5
27 41 1
27 42 3
27 43 5
27 44 5
27 45 1
27 46 1
27 47 5
27 48 3
27 49 4
27 50 1
27 51 4
27 52 5
27 53 5
27 54 4
27 55 3
27 56 5
27 57 3
27 58 5
27 59 5
27 60 1
27 61 2
27 62 4
27 63 2
27 64 5
27 65 1
27 66 5
27 67 2
27 68 4
27 69 4
27 70 2
27 71 1
27 72 5
27 73 1
27 74 5
27 75 4
28 1 1
28 2 5
28 3 4
28 4 5
28 5 5
28 6 1
28 7 3
28 8 5
28 9 5
28 10 1
28 11 2
28 12 5
28 13 5
28 14 1
28 15 1
28 16 1
28 17 4
28 18 4
28 19 4
28 20 3
28 21 1
28 22 3
28 23 2
28 24 5
28 25 1
28 26 3
28 27 5
28 29 5
28 30 5
28 31 1
28 32 1
28 33 2
28 34 3
28 35 1
28 36 1
28 37 2
28 38 1
28 39 3
28 40 1
28 41 1
28 42 5
28 43 4
28 44 2
28 45 2
28 46 5
28 47 4
28 48 4
28 49 3
28 50 3
28 51 2
28 52 3
28 53 5
28 54 1
28 55 4
28 56 4
28 57 1
28 58 3
28 59 5
28 60 3
28 61 2
28 62 3
28 63 3
28 64 3
28 65 5
28 66 5
28 67 5
28 68 3
28 69 5
28 70 4
28 71 4
28 72 2
28 73 3
28 74 2
28 75 5
29 1 1
29 2 3
29 3 4
29 4 4
29 5 3
29 6 3
29 7 2
29 8 2
29 9 2
29 10 2
29 11 2
29 12 3
29 13 5
29 14 4
29 15 4
29 16 4
29 17 2
29 18 1
29 19 3
29 20 1
29 21 5
29 22 2
29 23 5
29 24 3
29 25 1
29 26 3
29 27 3
29 28 5
29 30 2
29 31 1
29 32 4
29 33 5
29 34 4
29 35 2
29 36 5
29 37 3
29 38 4
29 39 2
29 40 4
29 41 3
29 42 5
29 43 5
29 44 5
29 45 1
29 46 3
29 47 3
29 48 1
29 49 1
29 50 4
29 51 3
29 52 3
29 53 5
29 54 4
29 55 2
29 56 4
29 57 2
29 58 1
29 59 3
29 60 1
29 61 2
29 62 4
29 63 1
29 64 1
29 65 4
29 66 3
29 67 1
29 68 1
29 69 3
29 70 4
29 71 4
29 72 5
29 73 5
29 74 3
29 75 4
30 1 1
30 2 2
30 3 4
30 4 1
30 5 2
30 6 4
30 7 1
30 8 4
30 9 3
30 10 1
30 11 2
30 12 4
30 13 4
30 14 2
30 15 3
30 16 4
30 17 5
30 18 1
30 19 5
30 20 3
30 21 4
30 22 4
30 23 5
30 24 4
30 25 1
30 26 5
30 27 4
30 28 1
30 29 4
30 31 1
30 32 1
30 33 1
30 34 4
30 35 4
30 36 4
30 37 5
30 38 2
30 39 1
30 40 5
30 41 2
30 42 1
30 43 3
30 44 2
30 45 5
30 46 1
30 47 4
30 48 5
30 49 3
30 50 5
30 51 1
30 52 2
30 53 5
30 54 4
30 55 1
30 56 1
30 57 5
30 58 2
30 59 4
30 60 2
30 61 2
30 62 2
30 63 2
30 64 3
30 65 5
30 66 3
30 67 3
30 68 2
30 69 4
30 70 3
30 71 3
30 72 2
30 73 5
30 74 1
30 75 3
31 1 4
31 2 3
31 3 2
31 4 1
31 5 5
31 6 3
31 7 1
31 8 1
31 9 4
31 10 5
31 11 3
31 12 4
31 13 1
31 14 4
31 15 5
31 16 4
31 17 3
31 18 1
31 19 2
31 20 2
31 21 5
31 22 4
31 23 4
31 24 1
31 25 3
31 26 3
31 27 1
31 28 1
31 29 2
31 30 1
31 32 4
31 33 3
31 34 3
31 35 2
31 36 5
31 37 5
31 38 4
31 39 5
31 40 5
31 41 4
31 42 1
31 43 5
31 44 3
31 45 3
31 46 5
31 47 4
31 48 1
31 49 2
31 50 4
31 51 3
31 52 3
31 53 5
31 54 1
31 55 3
31 56 3
31 57 5
31 58 5
31 59 3
31 60 3
31 61 4
31 62 5
31 63 1
31 64 3
31 65 4
31 66 2
31 67 2
31 68 3
31 69 2
31 70 3
31 71 5
31 72 5
31 73 4
31 74 4
31 75 4
32 1 1
32 2 5
32 3 2
32 4 2
32 5 2
32 6 2
32 7 1
32 8 4
32 9 2
32 10 3
32 11 2
32 12 1
32 13 5
32 14 3
32 15 3
32 16 2
32 17 3
32 18 2
32 19 2
32 20 5
32 21 5
32 22 5
32 23 3
32 24 5
32 25 3
32 26 1
32 27 4
32 28 4
32 29 1
32 30 4
32 31 5
32 33 1
32 34 3
32 35 1
32 36 4
32 37 4
32 38 5
32 39 1
32 40 5
32 41 1
32 42 4
32 43 3
32 44 1
32 45 3
32 46 2
32 47 5
32 48 1
32 49 5
32 50 3
32 51 4
32 52 1
32 53 4
32 54 5
32 55 4
32 56 3
32 57 2
32 58 1
32 59 1
32 60 2
32 61 1
32 62 1
32 63 1
32 64 3
32 65 4
32 66 2
32 67 2
32 68 4
32 69 3
32 70 2
32 71 5
32 72 5
32 73 2
32 74 2
32 75 5
33 1 1
33 2 4
33 3 1
33 4 1
33 5 3
33 6 3
33 7 1
33 8 5
33 9 1
33 10 5
33 11 3
33 12 1
33 13 1
33 14 5
33 15 1
33 16 5
33 17 5
33 18 4
33 19 5
33 20 3
33 21 2
33 22 3
33 23 1
33 24 2
33 25 5
33 26 4
33 27 2
33 28 4
33 29 1
33 30 3
33 31 5
33 32 3
33 34 3
33 35 5
33 36 4
33 37 2
33 38 4
33 39 1
33 40 2
33 41 2
33 42 1
33 43 1
33 44 2
33 45 3
33 46 1
33 47 4
33 48 2
33 49 2
33 50 2
33 51 2
33 52 4
33 53 5
33 54 4
33 55 4
33 56 2
33 57 4
33 58 5
33 59 3
33 60 4
33 61 5
33 62 2
33 63 4
33 64 2
33 65 5
33 66 5
33 67 2
33 68 1
33 69 1
33 70 3
33 71 4
33 72 2
33 73 5
33 74 5
33 75 5
34 1 2
34 2 5
34 3 5
34 4 4
34 5 1
34 6 4
34 7 5
34 8 2
34 9 3
34 10 5
34 11 2
34 12 4
34 13 5
34 14 1
34 15 3
34 16 4
34 17 2
34 18 5
34 19 4
34 20 1
34 21 1
34 22 5
34 23 2
34 24 3
34 25 5
34 26 1
34 27 2
34 28 3
34 29 5
34 30 3
34 31 2
34 32 2
34 33 2
34 35 4
34 36 2
34 37 4
34 38 2
34 39 3
34 40 2
34 41 4
34 42 2
34 43 4
34 44 5
34 45 4
34 46 1
34 47 4
34 48 4
34 49 5
34 50 5
34 51 2
34 52 5
34 53 5
34 54 3
34 55 3
34 56 5
34 57 3
34 58 4
34 59 1
34 60 5
34 61 5
34 62 3
34 63 4
34 64 3
34 65 1
34 66 4
34 67 4
34 68 1
34 69 5
34 70 1
34 71 5
34 72 5
34 73 5
34 74 5
34 75 4
35 1 5
35 2 5
35 3 5
35 4 3
35 5 4
35 6 4
35 7 1
35 8 5
35 9 1
35 10 3
35 11 3
35 12 5
35 13 2
35 14 1
35 15 2
35 16 4
35 17 2
35 18 1
35 19 4
35 20 5
35 21 3
35 22 2
35 23 3
35 24 5
35 25 1
35 26 1
35 27 4
35 28 5
35 29 2
35 30 3
35 31 1
35 32 3
35 33 5
35 34 5
35 36 5
35 37 5
35 38 5
35 39 2
35 40 5
35 41 2
35 42 1
35 43 2
35 44 1
35 45 3
35 46 4
35 47 4
35 48 1
35 49 5
35 50 1
35 51 4
35 52 4
35 53 5
35 54 5
35 55 4
35 56 5
35 57 2
35 58 1
35 59 5
35 60 1
35 61 4
35 62 3
35 63 3
35 64 1
35 65 4
35 66 4
35 67 2
35 68 3
35 69 4
35 70 3
35 71 4
35 72 2
35 73 3
35 74 5
35 75 5
36 1 5
36 2 5
36 3 3
36 4 2
36 5 5
36 6 1
36 7 5
36 8 5
36 9 5
36 10 1
36 11 5
36 12 1
36 13 2
36 14 2
36 15 1
36 16 5
36 17 5
36 18 5
36 19 2
36 20 2
36 21 3
36 22 3
36 23 3
36 24 2
36 25 3
36 26 5
36 27 1
36 28 4
36 29 5
36 30 2
36 31 3
36 32 1
36 33 2
36 34 3
36 35 3
36 37 3
36 38 3
36 39 4
36 40 4
36 41 2
36 42 5
36 43 1
36 44 3
36 45 1
36 46 2
36 47 5
36 48 2
36 49 4
36 50 4
36 51 4
36 52 5
36 53 1
36 54 1
36 55 5
36 56 2
36 57 3
36 58 1
36 59 2
36 60 3
36 61 5
36 62 4
36 63 1
36 64 1
36 65 2
36 66 3
36 67 5
36 68 4
36 69 5
36 70 3
36 71 2
36 72 3
36 73 2
36 74 2
36 75 2
37 1 5
37 2 1
37 3 3
37 4 1
37 5 1
37 6 1
37 7 1
37 8 2
37 9 1
37 10 3
37 11 1
37 12 5
37 13 2
37 14 4
37 15 3
37 16 5
37 17 3
37 18 3
37 19 2
37 20 5
37 21 4
37 22 4
37 23 4
37 24 4
37 25 5
37 26 2
37 27 3
37 28 4
37 29 5
37 30 4
37 31 3
37 32 1
37 33 1
37 34 5
37 35 4
37 36 1
37 38 1
37 39 4
37 40 5
37 41 3
37 42 4
37 43 5
37 44 2
37 45 5
37 46 5
37 47 2
37 48 1
37 49 3
37 50 4
37 51 2
37 52 4
37 53 5
37 54 2
37 55 5
37 56 3
37 57 1
37 58 3
37 59 5
37 60 2
37 61 2
37 62 1
37 63 4
37 64 3
37 65 1
37 66 3
37 67 1
37 68 4
37 69 3
37 70 1
37 71 5
37 72 1
37 73 4
37 74 1
37 75 4
38 1 1
38 2 1
38 3 5
38 4 3
38 5 3
38 6 1
38 7 2
38 8 3
38 9 5
38 10 3
38 11 2
38 12 2
38 13 1
38 14 4
38 15 4
38 16 2
38 17 3
38 18 4
38 19 2
38 20 5
38 21 1
38 22 4
38 23 2
38 24 1
38 25 4
38 26 4
38 27 5
38 28 1
38 29 5
38 30 1
38 31 4
38 32 5
38 33 1
38 34 1
38 35 4
38 36 5
38 37 3
38 39 5
38 40 2
38 41 2
38 42 5
38 43 1
38 44 5
38 45 5
38 46 4
38 47 3
38 48 3
38 49 3
38 50 3
38 51 4
38 52 2
38 53 4
38 54 4
38 55 5
38 56 4
38 57 2
38 58 1
38 59 1
38 60 2
38 61 5
38 62 1
38 63 3
38 64 1
38 65 1
38 66 3
38 67 4
38 68 2
38 69 5
38 70 1
38 71 5
38 72 3
38 73 5
38 74 5
38 75 2
39 1 1
39 2 1
39 3 2
39 4 3
39 5 3
39 6 4
39 7 3
39 8 2
39 9 4
39 10 1
39 11 3
39 12 3
39 13 3
39 14 3
39 15 3
39 16 1
39 17 2
39 18 5
39 19 3
39 20 2
39 21 2
39 22 5
39 23 3
39 24 3
39 25 1
39 26 3
39 27 4
39 28 5
39 29 2
39 30 4
39 31 4
39 32 4
39 33 1
39 34 5
39 35 1
39 36 5
39 37 5
39 38 5
39 40 1
39 41 4
39 42 2
39 43 1
39 44 3
39 45 4
39 46 3
39 47 2
39 48 2
39 49 2
39 50 1
39 51 4
39 52 3
39 53 2
39 54 1
39 55 5
39 56 1
39 57 1
39 58 4
39 59 4
39 60 1
39 61 2
39 62 4
39 63 4
39 64 5
39 65 1
39 66 5
39 67 2
39 68 1
39 69 4
39 70 1
39 71 3
39 72 4
39 73 3
39 74 5
39 75 1
40 1 3
40 2 3
40 3 2
40 4 4
40 5 4
40 6 4
40 7 5
40 8 3
40 9 2
40 10 5
40 11 5
40 12 2
40 13 5
40 14 5
40 15 3
40 16 2
40 17 2
40 18 3
40 19 2
40 20 1
40 21 1
40 22 1
40 23 3
40 24 3
40 25 2
40 26 3
40 27 5
40 28 5
40 29 2
40 30 2
40 31 1
40 32 2
40 33 4
40 34 4
40 35 2
40 36 4
40 37 3
40 38 1
40 39 3
40 41 4
40 42 5
40 43 4
40 44 3
40 45 5
40 46 4
40 47 5
40 48 3
40 49 5
40 50 4
40 51 5
40 52 5
40 53 4
40 54 5
40 55 4
40 56 1
40 57 3
40 58 4
40 59 3
40 60 3
40 61 5
40 62 4
40 63 5
40 64 3
40 65 4
40 66 3
40 67 5
40 68 4
40 69 5
40 70 5
40 71 3
40 72 1
40 73 5
40 74 2
40 75 3
41 1 1
41 2 2
41 3 4
41 4 5
41 5 1
41 6 2
41 7 4
41 8 2
41 9 3
41 10 1
41 11 1
41 12 3
41 13 3
41 14 4
41 15 2
41 16 5
41 17 5
41 18 2
41 19 4
41 20 3
41 21 2
41 22 4
41 23 4
41 24 5
41 25 3
41 26 3
41 27 5
41 28 5
41 29 4
41 30 3
41 31 2
41 32 1
41 33 4
41 34 5
41 35 1
41 36 1
41 37 4
41 38 1
41 39 4
41 40 1
41 42 1
41 43 1
41 44 5
41 45 1
41 46 1
41 47 4
41 48 2
41 49 1
41 50 5
41 51 1
41 52 5
41 53 2
41 54 1
41 55 5
41 56 3
41 57 5
41 58 4
41 59 4
41 60 5
41 61 3
41 62 1
41 63 3
41 64 5
41 65 1
41 66 3
41 67 2
41 68 3
41 69 3
41 70 3
41 71 2
41 72 5
41 73 5
41 74 2
41 75 1
42 1 5
42 2 5
42 3 4
42 4 2
42 5 2
42 6 4
42 7 4
42 8 1
42 9 2
42 10 4
42 11 2
42 12 1
42 13 3
42 14 5
42 15 5
42 16 4
42 17 2
42 18 2
42 19 2
42 20 4
42 21 5
42 22 1
42 23 5
42 24 2
42 25 3
42 26 4
42 27 3
42 28 4
42 29 4
42 30 2
42 31 4
42 32 3
42 33 3
42 34 3
42 35 1
42 36 4
42 37 3
42 38 4
42 39 1
42 40 1
42 41 4
42 43 2
42 44 1
42 45 4
42 46 1
42 47 2
42 48 2
42 49 5
42 50 4
42 51 3
42 52 3
42 53 3
42 54 3
42 55 4
42 56 1
42 57 5
42 58 3
42 59 4
42 60 3
42 61 1
42 62 2
42 63 4
42 64 5
42 65 4
42 66 1
42 67 1
42 68 2
42 69 3
42 70 1
42 71 4
42 72 3
42 73 2
42 74 5
42 75 5
43 1 5
43 2 5
43 3 2
43 4 1
43 5 4
43 6 2
43 7 4
43 8 1
43 9 1
43 10 3
43 11 5
43 12 1
43 13 5
43 14 4
43 15 1
43 16 4
43 17 4
43 18 4
43 19 2
43 20 5
43 21 4
43 22 2
43 23 5
43 24 2
43 25 1
43 26 3
43 27 5
43 28 5
43 29 4
43 30 4
43 31 2
43 32 5
43 33 4
43 34 5
43 35 5
43 36 4
43 37 1
43 38 5
43 39 2
43 40 3
43 41 3
43 42 3
43 44 5
43 45 4
43 46 1
43 47 3
43 48 2
43 49 1
43 50 1
43 51 4
43 52 5
43 53 2
43 54 5
43 55 2
43 56 3
43 57 3
43 58 4
43 59 5
43 60 4
43 61 4
43 62 5
43 63 5
43 64 3
43 65 3
43 66 4
43 67 4
43 68 4
43 69 1
43 70 1
43 71 5
43 72 3
43 73 5
43 74 2
43 75 5
44 1 3
44 2 4
44 3 2
44 4 4
44 5 4
44 6 4
44 7 2
44 8 3
44 9 2
44 10 4
44 11 4
44 12 2
44 13 3
44 14 4
44 15 1
44 16 1
44 17 2
44 18 5
44 19 1
44 20 1
44 21 5
44 22 1
44 23 2
44 24 3
44 25 2
44 26 2
44 27 4
44 28 1
44 29 3
44 30 5
44 31 5
44 32 5
44 33 5
44 34 3
44 35 5
44 36 3
44 37 4
44 38 2
44 39 5
44 40 5
44 41 2
44 42 1
44 43 1
44 45 4
44 46 4
44 47 3
44 48 1
44 49 3
44 50 3
44 51 1
44 52 3
44 53 2
44 54 2
44 55 1
44 56 1
44 57 5
44 58 2
44 59 4
44 60 5
44 61 1
44 62 5
44 63 2
44 64 5
44 65 4
44 66 4
44 67 5
44 68 1
44 69 4
44 70 3
44 71 2
44 72 4
44 73 1
44 74 2
44 75 1
45 1 1
45 2 1
45 3 4
45 4 1
45 5 3
45 6 1
45 7 2
45 8 2
45 9 4
45 10 5
45 11 3
45 12 1
45 13 4
45 14 1
45 15 1
45 16 5
45 17 2
45 18 5
45 19 1
45 20 3
45 21 5
45 22 2
45 23 4
45 24 2
45 25 5
45 26 3
45 27 5
45 28 5
45 29 5
45 30 2
45 31 1
45 32 5
45 33 4
45 34 4
45 35 1
45 36 3
45 37 1
45 38 4
45 39 4
45 40 4
45 41 5
45 42 3
45 43 1
45 44 5
45 46 1
45 47 1
45 48 4
45 49 4
45 50 2
45 51 2
45 52 3
45 53 1
45 54 3
45 55 4
45 56 4
45 57 4
45 58 1
45 59 3
45 60 4
45 61 3
45 62 1
45 63 1
45 64 2
45 65 4
45 66 4
45 67 2
45 68 1
45 69 1
45 70 2
45 71 2
45 72 1
45 73 1
45 74 1
45 75 1
46 1 5
46 2 3
46 3 3
46 4 1
46 5 1
46 6 4
46 7 2
46 8 4
46 9 1
46 10 1
46 11 4
46 12 4
46 13 1
46 14 1
46 15 3
46 16 1
46 17 3
46 18 4
46 19 1
46 20 5
46 21 2
46 22 1
46 23 1
46 24 5
46 25 1
46 26 3
46 27 3
46 28 1
46 29 5
46 30 5
46 31 3
46 32 5
46 33 3
46 34 5
46 35 5
46 36 3
46 37 3
46 38 3
46 39 3
46 40 5
46 41 3
46 42 1
46 43 5
46 44 3
46 45 2
46 47 3
46 48 4
46 49 4
46 50 1
46 51 1
46 52 5
46 53 4
46 54 2
46 55 1
46 56 5
46 57 4
46 58 5
46 59 4
46 60 5
46 61 1
46 62 4
46 63 4
46 64 5
46 65 1
46 66 4
46 67 1
46 68 5
46 69 3
46 70 3
46 71 5
46 72 3
46 73 5
46 74 2
46 75 2
47 1 5
47 2 3
47 3 1
47 4 5
47 5 4
47 6 3
47 7 5
47 8 3
47 9 2
47 10 1
47 11 5
47 12 3
47 13 5
47 14 1
47 15 2
47 16 1
47 17 2
47 18 5
47 19 1
47 20 3
47 21 2
47 22 4
47 23 4
47 24 3
47 25 4
47 26 1
47 27 2
47 28 3
47 29 3
47 30 4
47 31 1
47 32 4
47 33 3
47 34 2
47 35 3
47 36 3
47 37 4
47 38 2
47 39 1
47 40 2
47 41 5
47 42 2
47 43 2
47 44 1
47 45 5
47 46 3
47 48 1
47 49 3
47 50 4
47 51 1
47 52 5
47 53 5
47 54 2
47 55 5
47 56 4
47 57 2
47 58 1
47 59 1
47 60 4
47 61 5
47 62 4
47 63 4
47 64 3
47 65 1
47 66 5
47 67 5
47 68 4
47 69 1
47 70 3
47 71 1
47 72 4
47 73 2
47 74 4
47 75 5
48 1 2
48 2 5
48 3 2
48 4 4
48 5 2
48 6 2
48 7 2
48 8 2
48 9 3
48 10 5
48 11 1
48 12 2
48 13 1
48 14 3
48 15 2
48 16 4
48 17 4
48 18 2
48 19 2
48 20 1
48 21 2
48 22 4
48 23 2
48 24 2
48 25 4
48 26 2
48 27 4
48 28 4
48 29 3
48 30 5
48 31 4
48 32 2
48 33 4
48 34 2
48 35 2
48 36 1
48 37 4
48 38 3
48 39 4
48 40 1
48 41 2
48 42 1
48 43 2
48 44 2
48 45 4
48 46 3
48 47 2
48 49 2
48 50 4
48 51 4
48 52 5
48 53 3
48 54 4
48 55 3
48 56 1
48 57 4
48 58 1
48 59 2
48 60 2
48 61 1
48 62 1
48 63 5
48 64 2
48 65 1
48 66 2
48 67 3
48 68 1
48 69 2
48 70 3
48 71 1
48 72 2
48 73 1
48 74 2
48 75 4
49 1 5
49 2 2
49 3 3
49 4 1
49 5 5
49 6 4
49 7 1
49 8 1
49 9 3
49 10 4
49 11 4
49 12 5
49 13 2
49 14 4
49 15 1
49 16 1
49 17 1
49 18 3
49 19 5
49 20 2
49 21 4
49 22 3
49 23 2
49 24 1
49 25 4
49 26 1
49 27 2
49 28 3
49 29 1
49 30 5
49 31 3
49 32 2
49 33 1
49 34 5
49 35 3
49 36 5
49 37 5
49 38 3
49 39 1
49 40 4
49 41 4
49 42 1
49 43 4
49 44 5
49 45 1
49 46 1
49 47 5
49 48 2
49 50 1
49 51 2
49 52 5
49 53 1
49 54 1
49 55 3
49 56 1
49 57 2
49 58 3
49 59 4
49 60 4
49 61 1
49 62 3
49 63 1
49 64 2
49 65 5
49 66 2
49 67 1
49 68 2
49 69 2
49 70 1
49 71 2
49 72 2
49 73 4
49 74 4
49 75 5
50 1 5
50 2 1
50 3 3
50 4 5
50 5 2
50 6 3
50 7 3
50 8 4
50 9 3
50 10 5
50 11 1
50 12 5
50 13 1
50 14 1
50 15 1
50 16 4
50 17 1
50 18 5
50 19 4
50 20 4
50 21 5
50 22 1
50 23 5
50 24 1
50 25 4
50 26 2
50 27 4
50 28 5
50 29 5
50 30 4
50 31 2
50 32 4
50 33 4
50 34 1
50 35 5
50 36 1
50 37 5
50 38 4
50 39 1
50 40 4
50 41 4
50 42 1
50 43 3
50 44 4
50 45 1
50 46 5
50 47 3
50 48 3
50 49 5
50 51 3
50 52 4
50 53 1
50 54 3
50 55 5
50 56 3
50 57 3
50 58 1
50 59 3
50 60 5
50 61 5
50 62 1
50 63 3
50 64 3
50 65 4
50 66 3
50 67 5
50 68 1
50 69 4
50 70 3
50 71 1
50 72 2
50 73 1
50 74 4
50 75 1
51 1 5
51 2 1
51 3 1
51 4 4
51 5 4
51 6 5
51 7 1
51 8 4
51 9 2
51 10 1
51 11 3
51 12 4
51 13 3
51 14 3
51 15 1
51 16 4
51 17 4
51 18 1
51 19 3
51 20 3
51 21 1
51 22 2
51 23 2
51 24 4
51 25 5
51 26 2
51 27 1
51 28 1
51 29 2
51 30 4
51 31 4
51 32 3
51 33 5
51 34 4
51 35 1
51 36 5
51 37 5
51 38 2
51 39 3
51 40 1
51 41 2
51 42 5
51 43 4
51 44 1
51 45 4
51 46 1
51 47 2
51 48 4
51 49 3
51 50 4
51 52 1
51 53 3
51 54 1
51 55 5
51 56 3
51 57 5
51 58 1
51 59 4
51 60 3
51 61 4
51 62 4
51 63 1
51 64 2
51 65 3
51 66 1
51 67 2
51 68 4
51 69 5
51 70 5
51 71 1
51 72 5
51 73 3
51 74 2
51 75 5
52 1 4
52 2 2
52 3 2
52 4 2
52 5 5
52 6 4
52 7 5
52 8 3
52 9 3
52 10 2
52 11 2
52 12 1
52 13 2
52 14 2
52 15 1
52 16 1
52 17 5
52 18 4
52 19 3
52 20 3
52 21 4
52 22 3
52 23 2
52 24 2
52 25 2
52 26 1
52 27 5
52 28 3
52 29 4
52 30 3
52 31 4
52 32 4
52 33 5
52 34 5
52 35 5
52 36 1
52 37 5
52 38 1
52 39 3
52 40 4
52 41 3
52 42 1
52 43 4
52 44 1
52 45 2
52 46 1
52 47 3
52 48 4
52 49 5
52 50 5
52 51 3
52 53 5
52 54 2
52 55 4
52 56 1
52 57 5
52 58 5
52 59 5
52 60 2
52 61 5
52 62 5
52 63 2
52 64 5
52 65 4
52 66 3
52 67 1
52 68 1
52 69 2
52 70 1
52 71 4
52 72 5
52 73 5
52 74 4
52 75 1
53 1 5
53 2 3
53 3 1
53 4 2
53 5 3
53 6 2
53 7 3
53 8 5
53 9 1
53 10 4
53 11 1
53 12 4
53 13 3
53 14 2
53 15 5
53 16 1
53 17 3
53 18 4
53 19 4
53 20 2
53 21 4
53 22 1
53 23 4
53 24 5
53 25 2
53 26 4
53 27 3
53 28 4
53 29 1
53 30 3
53 31 4
53 32 2
53 33 2
53 34 1
53 35 1
53 36 4
53 37 5
53 38 3
53 39 1
53 40 2
53 41 4
53 42 3
53 43 5
53 44 3
53 45 4
53 46 2
53 47 4
53 48 1
53 49 5
53 50 2
53 51 4
53 52 4
53 54 5
53 55 2
53 56 5
53 57 1
53 58 5
53 59 4
53 60 1
53 61 2
53 62 1
53 63 4
53 64 4
53 65 5
53 66 2
53 67 1
53 68 3
53 69 1
53 70 3
53 71 5
53 72 2
53 73 1
53 74 2
53 75 4
54 1 1
54 2 2
54 3 5
54 4 1
54 5 2
54 6 1
54 7 4
54 8 5
54 9 1
54 10 3
54 11 1
54 12 5
54 13 1
54 14 3
54 15 3
54 16 1
54 17 4
54 18 1
54 19 2
54 20 4
54 21 2
54 22 3
54 23 4
54 24 4
54 25 5
54 26 4
54 27 1
54 28 3
54 29 1
54 30 4
54 31 1
54 32 1
54 33 1
54 34 2
54 35 1
54 36 2
54 37 3
54 38 5
54 39 4
54 40 3
54 41 2
54 42 4
54 43 5
54 44 2
54 45 3
54 46 4
54 47 3
54 48 4
54 49 1
54 50 4
54 51 2
54 52 2
54 53 3
54 55 3
54 56 3
54 57 2
54 58 1
54 59 3
54 60 4
54 61 1
54 62 3
54 63 2
54 64 4
54 65 3
54 66 3
54 67 4
54 68 2
54 69 5
54 70 3
54 71 5
54 72 5
54 73 2
54 74 5
54 75 4
55 1 5
55 2 3
55 3 4
55 4 2
55 5 1
55 6 5
55 7 2
55 8 4
55 9 1
55 10 1
55 11 3
55 12 3
55 13 2
55 14 3
55 15 2
55 16 3
55 17 1
55 18 5
55 19 4
55 20 4
55 21 2
55 22 3
55 23 4
55 24 5
55 25 3
55 26 4
55 27 4
55 28 4
55 29 2
55 30 1
55 31 4
55 32 1
55 33 5
55 34 2
55 35 5
55 36 2
55 37 1
55 38 1
55 39 5
55 40 2
55 41 4
55 42 3
55 43 1
55 44 5
55 45 2
55 46 3
55 47 4
55 48 4
55 49 4
55 50 4
55 51 4
55 52 5
55 53 2
55 54 3
55 56 2
55 57 4
55 58 3
55 59 2
55 60 4
55 61 4
55 62 2
55 63 2
55 64 4
55 65 1
55 66 3
55 67 3
55 68 2
55 69 1
55 70 1
55 71 4
55 72 4
55 73 4
55 74 3
55 75 4
56 1 3
56 2 4
56 3 3
56 4 4
56 5 3
56 6 1
56 7 2
56 8 1
56 9 3
56 10 3
56 11 5
56 12 4
56 13 3
56 14 2
56 15 5
56 16 1
56 17 5
56 18 2
56 19 4
56 20 1
56 21 4
56 22 4
56 23 3
56 24 1
56 25 4
56 26 3
56 27 4
56 28 2
56 29 1
56 30 1
56 31 2
56 32 1
56 33 1
56 34 5
56 35 1
56 36 5
56 37 5
56 38 2
56 39 3
56 40 2
56 41 2
56 42 4
56 43 5
56 44 4
56 45 1
56 46 2
56 47 2
56 48 2
56 49 3
56 50 5
56 51 4
56 52 1
56 53 5
56 54 2
56 55 3
56 57 3
56 58 1
56 59 3
56 60 1
56 61 4
56 62 5
56 63 3
56 64 1
56 65 3
56 66 2
56 67 1
56 68 2
56 69 1
56 70 2
56 71 4
56 72 5
56 73 5
56 74 3
56 75 1
57 1 4
57 2 5
57 3 2
57 4 2
57 5 3
57 6 1
57 7 3
57 8 2
57 9 4
57 10 3
57 11 5
57 12 1
57 13 5
57 14 5
57 15 1
57 16 1
57 17 3
57 18 5
57 19 5
57 20 5
57 21 2
57 22 1
57 23 5
57 24 1
57 25 3
57 26 4
57 27 4
57 28 2
57 29 3
57 30 3
57 31 3
57 32 3
57 33 4
57 34 1
57 35 4
57 36 2
57 37 2
57 38 2
57 39 5
57 40 2
57 41 1
57 42 4
57 43 2
57 44 5
57 45 5
57 46 4
57 47 2
57 48 5
57 49 4
57 50 1
57 51 4
57 52 2
57 53 3
57 54 4
57 55 2
57 56 1
57 58 2
57 59 3
57 60 2
57 61 1
57 62 2
57 63 1
57 64 4
57 65 3
57 66 4
57 67 2
57 68 4
57 69 5
57 70 5
57 71 5
57 72 1
57 73 5
57 74 5
57 75 4
58 1 2
58 2 4
58 3 3
58 4 3
58 5 3
58 6 3
58 7 1
58 8 4
58 9 1
58 10 3
58 11 4
58 12 5
58 13 3
58 14 5
58 15 2
58 16 2
58 17 2
58 18 5
58 19 4
58 20 5
58 21 2
58 22 2
58 23 4
58 24 2
58 25 3
58 26 3
58 27 1
58 28 5
58 29 3
58 30 5
58 31 1
58 32 4
58 33 1
58 34 5
58 35 3
58 36 5
58 37 4
58 38 5
58 39 3
58 40 4
58 41 5
58 42 1
58 43 3
58 44 4
58 45 2
58 46 1
58 47 5
58 48 1
58 49 1
58 50 1
58 51 5
58 52 4
58 53 4
58 54 3
58 55 1
58 56 4
58 57 3
58 59 3
58 60 5
58 61 5
58 62 5
58 63 5
58 64 5
58 65 5
58 66 1
58 67 4
58 68 1
58 69 4
58 70 4
58 71 1
58 72 5
58 73 3
58 74 1
58 75 4
59 1 1
59 2 5
59 3 5
59 4 3
59 5 5
59 6 2
59 7 5
59 8 1
59 9 5
59 10 3
59 11 4
59 12 2
59 13 3
59 14 1
59 15 5
59 16 3
59 17 2
59 18 4
59 19 4
59 20 3
59 21 3
59 22 5
59 23 1
59 24 5
59 25 5
59 26 1
59 27 5
59 28 4
59 29 5
59 30 3
59 31 3
59 32 1
59 33 4
59 34 4
59 35 5
59 36 3
59 37 5
59 38 4
59 39 5
59 40 1
59 41 3
59 42 5
59 43 3
59 44 3
59 45 2
59 46 2
59 47 5
59 48 3
59 49 2
59 50 5
59 51 2
59 52 1
59 53 4
59 54 3
59 55 5
59 56 1
59 57 3
59 58 5
59 60 1
59 61 3
59 62 2
59 63 3
59 64 5
59 65 5
59 66 3
59 67 1
59 68 4
59 69 4
59 70 1
59 71 3
59 72 5
59 73 5
59 74 3
59 75 4
60 1 2
60 2 1
60 3 2
60 4 1
60 5 4
60 6 3
60 7 1
60 8 5
60 9 3
60 10 1
60 11 4
60 12 2
60 13 1
60 14 4
60 15 3
60 16 2
60 17 3
60 18 4
60 19 1
60 20 4
60 21 5
60 22 1
60 23 4
60 24 5
60 25 4
60 26 4
60 27 5
60 28 5
60 29 3
60 30 4
60 31 3
60 32 2
60 33 4
60 34 1
60 35 4
60 36 2
60 37 3
60 38 4
60 39 4
60 40 5
60 41 2
60 42 4
60 43 4
60 44 4
60 45 2
60 46 1
60 47 2
60 48 1
60 49 5
60 50 5
60 51 4
60 52 1
60 53 5
60 54 2
60 55 1
60 56 5
60 57 2
60 58 5
60 59 5
60 61 2
60 62 3
60 63 4
60 64 3
60 65 1
60 66 2
60 67 1
60 68 5
60 69 4
60 70 2
60 71 5
60 72 4
60 73 5
60 74 3
60 75 2
61 1 3
61 2 2
61 3 2
61 4 2
61 5 2
61 6 3
61 7 1
61 8 1
61 9 1
61 10 2
61 11 4
61 12 1
61 13 1
61 14 1
61 15 2
61 16 2
61 17 4
61 18 1
61 19 3
61 20 3
61 21 1
61 22 4
61 23 5
61 24 2
61 25 4
61 26 1
61 27 1
61 28 2
61 29 2
61 30 1
61 31 5
61 32 5
61 33 2
61 34 4
61 35 3
61 36 3
61 37 3
61 38 3
61 39 5
61 40 3
61 41 1
61 42 4
61 43 5
61 44 1
61 45 1
61 46 1
61 47 5
61 48 4
61 49 1
61 50 2
61 51 3
61 52 4
61 53 2
61 54 2
61 55 5
61 56 5
61 57 5
61 58 3
61 59 4
61 60 1
61 62 3
61 63 5
61 64 2
61 65 1
61 66 3
61 67 4
61 68 5
61 69 3
61 70 3
61 71 5
61 72 5
61 73 3
61 74 3
61 75 5
62 1 1
62 2 5
62 3 2
62 4 5
62 5 5
62 6 3
62 7 3
62 8 2
62 9 3
62 10 4
62 11 3
62 12 2
62 13 5
62 14 2
62 15 1
62 16 5
62 17 5
62 18 3
62 19 5
62 20 1
62 21 5
62 22 4
62 23 5
62 24 5
62 25 1
62 26 4
62 27 4
62 28 3
62 29 2
62 30 3
62 31 2
62 32 2
62 33 2
62 34 5
62 35 1
62 36 1
62 37 4
62 38 5
62 39 4
62 40 1
62 41 5
62 42 1
62 43 3
62 44 4
62 45 5
62 46 3
62 47 4
62 48 4
62 49 3
62 50 5
62 51 4
62 52 2
62 53 3
62 54 5
62 55 3
62 56 4
62 57 4
62 58 1
62 59 1
62 60 2
62 61 5
62 63 4
62 64 3
62 65 1
62 66 5
62 67 5
62 68 3
62 69 4
62 70 1
62 71 1
62 72 4
62 73 5
62 74 4
62 75 1
63 1 5
63 2 5
63 3 1
63 4 5
63 5 3
63 6 5
63 7 4
63 8 3
63 9 3
63 10 2
63 11 3
63 12 1
63 13 2
63 14 3
63 15 1
63 16 4
63 17 4
63 18 3
63 19 4
63 20 3
63 21 3
63 22 3
63 23 4
63 24 3
63 25 1
63 26 4
63 27 5
63 28 5
63 29 3
63 30 5
63 31 2
63 32 4
63 33 4
63 34 4
63 35 4
63 36 1
63 37 3
63 38 2
63 39 1
63 40 1
63 41 5
63 42 5
63 43 1
63 44 3
63 45 2
63 46 3
63 47 1
63 48 2
63 49 5
63 50 4
63 51 1
63 52 5
63 53 4
63 54 4
63 55 4
63 56 4
63 57 4
63 58 3
63 59 5
63 60 3
63 61 5
63 62 2
63 64 1
63 65 3
63 66 5
63 67 4
63 68 1
63 69 5
63 70 3
63 71 3
63 72 5
63 73 4
63 74 2
63 75 2
64 1 2
64 2 3
64 3 4
64 4 4
64 5 1
64 6 1
64 7 5
64 8 1
64 9 5
64 10 3
64 11 1
64 12 3
64 13 3
64 14 4
64 15 2
64 16 3
64 17 1
64 18 1
64 19 1
64 20 1
64 21 1
64 22 5
64 23 2
64 24 3
64 25 1
64 26 1
64 27 5
64 28 5
64 29 1
64 30 1
64 31 3
64 32 4
64 33 5
64 34 2
64 35 3
64 36 5
64 37 2
64 38 4
64 39 2
64 40 3
64 41 1
64 42 2
64 43 5
64 44 3
64 45 5
64 46 3
64 47 2
64 48 2
64 49 1
64 50 2
64 51 2
64 52 1
64 53 4
64 54 5
64 55 5
64 56 4
64 57 2
64 58 4
64 59 1
64 60 3
64 61 1
64 62 3
64 63 1
64 65 5
64 66 1
64 67 5
64 68 1
64 69 4
64 70 3
64 71 2
64 72 1
64 73 5
64 74 5
64 75 2
65 1 5
65 2 4
65 3 2
65 4 1
65 5 2
65 6 2
65 7 3
65 8 5
65 9 4
65 10 3
65 11 5
65 12 3
65 13 3
65 14 3
65 15 1
65 16 3
65 17 5
65 18 3
65 19 3
65 20 3
65 21 2
65 22 5
65 23 2
65 24 4
65 25 4
65 26 2
65 27 5
65 28 1
65 29 1
65 30 4
65 31 5
65 32 5
65 33 4
65 34 1
65 35 1
65 36 2
65 37 4
65 38 5
65 39 1
65 40 2
65 41 4
65 42 2
65 43 4
65 44 1
65 45 5
65 46 1
65 47 4
65 48 1
65 49 3
65 50 3
65 51 3
65 52 1
65 53 2
65 54 2
65 55 4
65 56 2
65 57 3
65 58 3
65 59 3
65 60 3
65 61 3
65 62 4
65 63 5
65 64 3
65 66 4
65 67 5
65 68 1
65 69 2
65 70 1
65 71 1
65 72 5
65 73 4
65 74 3
65 75 3
66 1 4
66 2 2
66 3 5
66 4 4
66 5 4
66 6 2
66 7 1
66 8 4
66 9 2
66 10 5
66 11 5
66 12 2
66 13 1
66 14 4
66 15 1
66 16 5
66 17 3
66 18 3
66 19 3
66 20 2
66 21 2
66 22 3
66 23 3
66 24 2
66 25 1
66 26 3
66 27 4
66 28 5
66 29 3
66 30 1
66 31 4
66 32 4
66 33 4
66 34 3
66 35 2
66 36 3
66 37 4
66 38 5
66 39 1
66 40 2
66 41 1
66 42 2
66 43 3
66 44 1
66 45 5
66 46 3
66 47 3
66 48 2
66 49 2
66 50 5
66 51 1
66 52 5
66 53 3
66 54 3
66 55 3
66 56 5
66 57 1
66 58 2
66 59 5
66 60 3
66 61 4
66 62 3
66 63 3
66 64 3
66 65 1
66 67 5
66 68 2
66 69 1
66 70 1
66 71 4
66 72 5
66 73 1
66 74 2
66 75 4
67 1 3
67 2 1
67 3 4
67 4 5
67 5 4
67 6 2
67 7 5
67 8 4
67 9 4
67 10 4
67 11 2
67 12 1
67 13 3
67 14 4
67 15 4
67 16 4
67 17 3
67 18 3
67 19 4
67 20 1
67 21 2
67 22 1
67 23 2
67 24 5
67 25 1
67 26 2
67 27 3
67 28 2
67 29 2
67 30 4
67 31 3
67 32 4
67 33 1
67 34 1
67 35 4
67 36 4
67 37 2
67 38 5
67 39 5
67 40 2
67 41 5
67 42 1
67 43 3
67 44 4
67 45 1
67 46 1
67 47 3
67 48 3
67 49 5
67 50 1
67 51 3
67 52 1
67 53 1
67 54 4
67 55 5
67 56 3
67 57 2
67 58 4
67 59 2
67 60 5
67 61 2
67 62 4
67 63 4
67 64 4
67 65 1
67 66 4
67 68 3
67 69 4
67 70 5
67 71 4
67 72 1
67 73 4
67 74 1
67 75 3
68 1 4
68 2 1
68 3 5
68 4 1
68 5 3
68 6 2
68 7 3
68 8 3
68 9 2
68 10 5
68 11 3
68 12 4
68 13 5
68 14 5
68 15 2
68 16 3
68 17 4
68 18 1
68 19 1
68 20 4
68 21 4
68 22 1
68 23 4
68 24 3
68 25 4
68 26 5
68 27 1
68 28 1
68 29 5
68 30 3
68 31 5
68 32 4
68 33 3
68 34 5
68 35 1
68 36 3
68 37 1
68 38 4
68 39 5
68 40 4
68 41 5
68 42 4
68 43 4
68 44 1
68 45 5
68 46 1
68 47 3
68 48 1
68 49 3
68 50 3
68 51 4
68 52 1
68 53 5
68 54 5
68 55 1
68 56 1
68 57 4
68 58 3
68 59 1
68 60 4
68 61 1
68 62 1
68 63 2
68 64 3
68 65 2
68 66 2
68 67 2
68 69 4
68 70 2
68 71 1
68 72 4
68 73 4
68 74 2
68 75 3
69 1 4
69 2 1
69 3 5
69 4 2
69 5 1
69 6 2
69 7 1
69 8 2
69 9 4
69 10 1
69 11 1
69 12 1
69 13 3
69 14 4
69 15 4
69 16 3
69 17 4
69 18 1
69 19 5
69 20 2
69 21 5
69 22 3
69 23 1
69 24 2
69 25 3
69 26 2
69 27 4
69 28 2
69 29 5
69 30 5
69 31 4
69 32 1
69 33 3
69 34 5
69 35 2
69 36 3
69 37 1
69 38 2
69 39 1
69 40 4
69 41 4
69 42 1
69 43 2
69 44 3
69 45 2
69 46 5
69 47 1
69 48 2
69 49 2
69 50 2
69 51 4
69 52 1
69 53 2
69 54 4
69 55 4
69 56 4
69 57 2
69 58 3
69 59 5
69 60 2
69 61 4
69 62 5
69 63 4
69 64 1
69 65 4
69 66 5
69 67 1
69 68 1
69 70 3
69 71 1
69 72 2
69 73 4
69 74 4
69 75 3
70 1 1
70 2 2
70 3 4
70 4 3
70 5 3
70 6 5
70 7 2
70 8 3
70 9 5
70 10 3
70 11 1
70 12 4
70 13 1
70 14 3
70 15 3
70 16 3
70 17 1
70 18 1
70 19 4
70 20 4
70 21 4
70 22 3
70 23 5
70 24 4
70 25 5
70 26 4
70 27 1
70 28 1
70 29 4
70 30 1
70 31 3
70 32 5
70 33 2
70 34 1
70 35 4
70 36 2
70 37 2
70 38 5
70 39 4
70 40 4
70 41 4
70 42 5
70 43 2
70 44 5
70 45 4
70 46 1
70 47 4
70 48 1
70 49 1
70 50 2
70 51 4
70 52 1
70 53 1
70 54 5
70 55 1
70 56 3
70 57 5
70 58 4
70 59 3
70 60 4
70 61 4
70 62 3
70 63 3
70 64 3
70 65 5
70 66 3
70 67 4
70 68 2
70 69 3
70 71 2
70 72 5
70 73 1
70 74 3
70 75 3
71 1 2
71 2 3
71 3 3
71 4 2
71 5 3
71 6 5
71 7 4
71 8 3
71 9 1
71 10 1
71 11 4
71 12 3
71 13 3
71 14 4
71 15 1
71 16 3
71 17 2
71 18 5
71 19 5
71 20 1
71 21 2
71 22 4
71 23 3
71 24 2
71 25 2
71 26 5
71 27 5
71 28 1
71 29 3
71 30 5
71 31 3
71 32 1
71 33 2
71 34 2
71 35 3
71 36 2
71 37 4
71 38 3
71 39 4
71 40 4
71 41 3
71 42 5
71 43 3
71 44 3
71 45 3
71 46 4
71 47 5
71 48 1
71 49 3
71 50 1
71 51 1
71 52 1
71 53 1
71 54 3
71 55 2
71 56 3
71 57 5
71 58 1
71 59 3
71 60 4
71 61 2
71 62 3
71 63 4
71 64 4
71 65 1
71 66 1
71 67 2
71 68 4
71 69 3
71 70 2
71 72 4
71 73 3
71 74 1
71 75 2
72 1 5
72 2 3
72 3 5
72 4 1
72 5 5
72 6 4
72 7 3
72 8 5
72 9 4
72 10 3
72 11 5
72 12 2
72 13 5
72 14 1
72 15 4
72 16 5
72 17 4
72 18 1
72 19 4
72 20 2
72 21 1
72 22 4
72 23 5
72 24 2
72 25 3
72 26 2
72 27 3
72 28 3
72 29 1
72 30 4
72 31 4
72 32 2
72 33 3
72 34 5
72 35 2
72 36 3
72 37 3
72 38 1
72 39 4
72 40 1
72 41 4
72 42 3
72 43 4
72 44 3
72 45 3
72 46 3
72 47 4
72 48 1
72 49 3
72 50 2
72 51 5
72 52 3
72 53 1
72 54 4
72 55 4
72 56 5
72 57 2
72 58 3
72 59 2
72 60 3
72 61 1
72 62 3
72 63 4
72 64 1
72 65 2
72 66 3
72 67 5
72 68 2
72 69 5
72 70 3
72 71 4
72 73 3
72 74 1
72 75 3
73 1 3
73 2 5
73 3 5
73 4 1
73 5 3
73 6 4
73 7 5
73 8 2
73 9 1
73 10 5
73 11 2
73 12 1
73 13 1
73 14 3
73 15 3
73 16 2
73 17 2
73 18 1
73 19 1
73 20 3
73 21 1
73 22 3
73 23 2
73 24 5
73 25 1
73 26 1
73 27 2
73 28 4
73 29 4
73 30 4
73 31 1
73 32 3
73 33 4
73 34 5
73 35 3
73 36 1
73 37 3
73 38 4
73 39 4
73 40 5
73 41 3
73 42 5
73 43 5
73 44 5
73 45 4
73 46 5
73 47 4
73 48 1
73 49 5
73 50 4
73 51 5
73 52 2
73 53 3
73 54 1
73 55 1
73 56 3
73 57 1
73 58 4
73 59 2
73 60 1
73 61 5
73 62 2
73 63 3
73 64 5
73 65 4
73 66 3
73 67 2
73 68 3
73 69 1
73 70 5
73 71 5
73 72 1
73 74 1
73 75 1
74 1 5
74 2 4
74 3 5
74 4 3
74 5 1
74 6 1
74 7 4
74 8 5
74 9 2
74 10 3
74 11 5
74 12 4
74 13 1
74 14 3
74 15 3
74 16 4
74 17 3
74 18 4
74 19 2
74 20 1
74 21 3
74 22 5
74 23 5
74 24 1
74 25 5
74 26 5
74 27 2
74 28 1
74 29 2
74 30 2
74 31 1
74 32 2
74 33 2
74 34 3
74 35 1
74 36 3
74 37 3
74 38 1
74 39 4
74 40 5
74 41 4
74 42 4
74 43 3
74 44 1
74 45 1
74 46 2
74 47 4
74 48 5
74 49 2
74 50 5
74 51 2
74 52 4
74 53 2
74 54 1
74 55 1
74 56 3
74 57 3
74 58 2
74 59 3
74 60 4
74 61 3
74 62 3
74 63 2
74 64 5
74 65 5
74 66 5
74 67 4
74 68 5
74 69 5
74 70 2
74 71 1
74 72 5
74 73 2
74 75 3
75 1 5
75 2 4
75 3 2
75 4 3
75 5 4
75 6 3
75 7 5
75 8 5
75 9 4
75 10 1
75 11 1
75 12 4
75 13 3
75 14 5
75 15 1
75 16 2
75 17 3
75 18 5
75 19 4
75 20 2
75 21 1
75 22 1
75 23 1
75 24 4
75 25 2
75 26 2
75 27 3
75 28 2
75 29 2
75 30 4
75 31 1
75 32 1
75 33 3
75 34 2
75 35 4
75 36 1
75 37 2
75 38 3
75 39 2
75 40 2
75 41 5
75 42 4
75 43 5
75 44 4
75 45 3
75 46 2
75 47 5
75 48 1
75 49 2
75 50 5
75 51 2
75 52 4
75 53 2
75 54 2
75 55 5
75 56 3
75 57 3
75 58 2
75 59 4
75 60 1
75 61 2
75 62 5
75 63 2
75 64 4
75 65 3
75 66 2
75 67 1
75 68 1
75 69 1
75 70 3
75 71 2
75 72 5
75 73 1
75 74 4

END
