INSTANCE_NAME b12.dat
NB_VERTICES 75
NB_ARCS 153
NB_REQUESTS 0
NB_BLOCKAGES 15
NB_A' 5397

VERTICES
1 0 0
2 0 0
3 0 0
4 0 0
5 0 0
6 0 0
7 0 0
8 0 0
9 0 0
10 0 0
11 0 0
12 0 0
13 0 0
14 0 0
15 0 0
16 0 0
17 0 0
18 0 0
19 0 0
20 0 0
21 0 0
22 0 0
23 0 0
24 0 0
25 0 0
26 0 0
27 0 0
28 0 0
29 0 0
30 0 0
31 0 0
32 0 0
33 0 0
34 0 0
35 0 0
36 0 0
37 0 0
38 0 0
39 0 0
40 0 0
41 0 0
42 0 0
43 0 0
44 0 0
45 0 0
46 0 0
47 0 0
48 0 0
49 0 0
50 0 0
51 0 0
52 0 0
53 0 0
54 0 0
55 0 0
56 0 0
57 0 0
58 0 0
59 0 0
60 0 0
61 0 0
62 0 0
63 0 0
64 0 0
65 0 0
66 0 0
67 0 0
68 0 0
69 0 0
70 0 0
71 0 0
72 0 0
73 0 0
74 0 0
75 0 0

ARCS
1 9 4
9 69 1
69 6 3
6 48 7
48 17 7
17 39 8
39 27 3
27 22 4
22 15 10
15 69 9
69 18 1
18 2 8
2 26 6
26 40 7
40 31 3
31 5 8
5 64 7
64 55 6
55 23 4
23 22 7
22 4 10
4 3 2
3 12 4
12 35 5
35 63 1
63 2 3
2 53 8
53 50 1
50 38 10
38 16 9
16 13 10
13 58 4
58 47 8
47 5 9
5 51 4
51 23 9
23 33 4
33 10 8
10 14 9
14 49 10
49 65 3
65 6 6
6 22 4
22 68 3
68 48 3
48 45 4
45 10 9
10 19 10
19 1 2
1 67 7
67 23 5
23 57 5
57 29 7
29 27 4
27 32 9
32 2 3
2 72 3
72 41 9
41 57 7
57 15 9
57 28 8
28 16 3
28 22 1
28 70 3
70 32 8
32 19 8
19 12 7
12 44 10
44 19 2
19 60 10
60 21 2
21 58 6
58 36 2
36 39 7
36 59 7
59 43 1
43 37 9
37 3 10
3 73 8
73 2 1
73 30 7
30 61 8
61 10 7
61 31 2
31 34 6
34 32 1
32 23 1
23 50 4
50 43 10
43 34 5
43 51 6
51 24 2
24 13 4
24 42 8
42 3 6
42 25 5
25 74 4
74 42 1
42 56 4
56 32 8
56 54 7
54 4 4
54 18 5
54 40 6
40 37 2
37 19 1
54 59 9
59 71 9
71 48 1
48 51 2
51 14 6
14 52 8
52 27 8
27 55 10
55 43 10
55 47 6
47 60 4
60 38 10
38 29 9
29 11 8
11 71 3
71 51 8
51 20 10
20 66 4
66 8 1
8 72 4
72 38 10
38 46 9
46 73 2
73 61 8
61 69 7
72 7 8
7 67 6
66 45 3
45 20 10
20 75 7
75 29 3
29 64 5
64 9 1
29 74 2
74 1 6
75 35 4
35 62 6
62 70 9
62 63 10
66 36 4
36 50 10
71 58 4
55 48 10
55 49 1
14 68 1
54 57 3
54 65 3

REQUESTS

BLOCKAGES
62 70
55 47
48 51
54 59
42 3
66 36
71 51
66 45
40 37
65 6
59 71
16 13
69 18
28 22
5 51

A'
1 2 690
1 3 984
1 4 766
1 5 701
1 6 231
1 7 141
1 8 622
1 10 778
1 11 788
1 12 604
1 13 740
1 14 191
1 15 520
1 16 49
1 17 765
1 18 20
1 19 451
1 20 293
1 21 157
1 22 798
1 23 724
1 24 770
1 25 983
1 26 107
1 27 838
1 28 481
1 29 948
1 30 593
1 31 432
1 32 828
1 33 448
1 34 474
1 35 163
1 36 214
1 37 174
1 38 393
1 39 354
1 40 148
1 41 522
1 42 493
1 43 103
1 44 614
1 45 35
1 46 974
1 47 662
1 48 151
1 49 994
1 50 112
1 51 444
1 52 502
1 53 261
1 54 519
1 55 271
1 56 595
1 57 978
1 58 460
1 59 76
1 60 925
1 61 405
1 62 859
1 63 104
1 64 852
1 65 332
1 66 266
1 68 417
1 69 506
1 70 11
1 71 122
1 72 5
1 73 884
1 74 966
1 75 107
2 1 497
2 3 1000
2 4 80
2 5 158
2 6 151
2 7 425
2 8 621
2 9 594
2 10 926
2 11 881
2 12 464
2 13 548
2 14 476
2 15 441
2 16 8
2 17 903
2 18 366
2 19 412
2 20 761
2 21 821
2 22 615
2 23 93
2 24 87
2 25 32
2 27 950
2 28 449
2 29 153
2 30 954
2 31 332
2 32 119
2 33 412
2 34 829
2 35 470
2 36 491
2 37 338
2 38 620
2 39 268
2 40 959
2 41 565
2 42 193
2 43 839
2 44 29
2 45 741
2 46 314
2 47 821
2 48 100
2 49 568
2 50 538
2 51 863
2 52 329
2 54 359
2 55 477
2 56 773
2 57 797
2 58 508
2 59 722
2 60 245
2 61 13
2 62 27
2 63 576
2 64 483
2 65 790
2 66 756
2 67 952
2 68 632
2 69 94
2 70 924
2 71 899
2 73 52
2 74 840
2 75 92
3 1 890
3 2 220
3 4 184
3 5 556
3 6 41
3 7 635
3 8 475
3 9 930
3 10 497
3 11 803
3 13 288
3 14 973
3 15 575
3 16 84
3 17 833
3 18 648
3 19 328
3 20 197
3 21 26
3 22 256
3 23 679
3 24 167
3 25 11
3 26 982
3 27 799
3 28 456
3 29 257
3 30 697
3 31 507
3 32 449
3 33 140
3 34 749
3 35 668
3 36 675
3 37 656
3 38 60
3 39 309
3 40 130
3 41 990
3 42 805
3 43 285
3 44 629
3 45 778
3 46 211
3 47 713
3 48 962
3 49 211
3 50 392
3 51 158
3 52 588
3 53 999
3 54 188
3 55 755
3 56 362
3 57 521
3 58 553
3 59 817
3 60 778
3 61 601
3 62 676
3 63 578
3 64 93
3 65 776
3 66 245
3 67 767
3 68 431
3 69 657
3 70 76
3 71 912
3 72 998
3 74 232
3 75 548
4 1 626
4 2 361
4 5 759
4 6 690
4 7 322
4 8 321
4 9 82
4 10 831
4 11 908
4 12 80
4 13 18
4 14 14
4 15 793
4 16 539
4 17 918
4 18 610
4 19 668
4 20 519
4 21 285
4 22 245
4 23 611
4 24 60
4 25 841
4 26 729
4 27 842
4 28 849
4 29 156
4 30 105
4 31 846
4 32 388
4 33 5
4 34 824
4 35 100
4 36 115
4 37 513
4 38 422
4 39 435
4 40 594
4 41 604
4 42 694
4 43 26
4 44 622
4 45 708
4 46 818
4 47 512
4 48 625
4 49 779
4 50 531
4 51 495
4 52 415
4 53 127
4 54 105
4 55 826
4 56 319
4 57 186
4 58 667
4 59 168
4 60 341
4 61 124
4 62 365
4 63 728
4 64 128
4 65 188
4 66 180
4 67 242
4 68 53
4 69 953
4 70 28
4 71 998
4 72 556
4 73 721
4 74 23
4 75 529
5 1 428
5 2 193
5 3 392
5 4 405
5 6 323
5 7 922
5 8 899
5 9 738
5 10 400
5 11 356
5 12 563
5 13 719
5 14 541
5 15 582
5 16 238
5 17 881
5 18 57
5 19 954
5 20 961
5 21 184
5 22 142
5 23 140
5 24 777
5 25 194
5 26 92
5 27 804
5 28 191
5 29 999
5 30 524
5 31 566
5 32 528
5 33 304
5 34 110
5 35 919
5 36 60
5 37 432
5 38 193
5 39 958
5 40 521
5 41 592
5 42 665
5 43 84
5 44 310
5 45 205
5 46 17
5 47 899
5 48 438
5 49 73
5 50 853
5 52 750
5 53 608
5 54 346
5 55 241
5 56 384
5 57 891
5 58 332
5 59 187
5 60 433
5 61 682
5 62 62
5 63 998
5 65 209
5 66 717
5 67 459
5 68 480
5 69 128
5 70 243
5 71 672
5 72 438
5 73 763
5 74 263
5 75 102
6 1 198
6 2 925
6 3 659
6 4 566
6 5 823
6 7 96
6 8 638
6 9 27
6 10 845
6 11 245
6 12 372
6 13 85
6 14 980
6 15 262
6 16 768
6 17 166
6 18 695
6 19 449
6 20 580
6 21 44
6 23 10
6 24 648
6 25 855
6 26 841
6 27 776
6 28 97
6 29 512
6 30 213
6 31 211
6 32 126
6 33 666
6 34 761
6 35 402
6 36 324
6 37 326
6 38 577
6 39 419
6 40 316
6 41 603
6 42 615
6 43 560
6 44 975
6 45 51
6 46 540
6 47 236
6 49 818
6 50 57
6 51 282
6 52 619
6 53 988
6 54 326
6 55 980
6 56 988
6 57 532
6 58 820
6 59 763
6 60 628
6 61 683
6 62 327
6 63 190
6 64 808
6 65 992
6 66 302
6 67 210
6 68 316
6 69 628
6 70 786
6 71 86
6 72 943
6 73 740
6 74 701
6 75 854
7 1 714
7 2 751
7 3 745
7 4 302
7 5 921
7 6 154
7 8 935
7 9 539
7 10 141
7 11 612
7 12 870
7 13 128
7 14 143
7 15 689
7 16 242
7 17 122
7 18 371
7 19 920
7 20 312
7 21 530
7 22 912
7 23 613
7 24 91
7 25 579
7 26 592
7 27 876
7 28 664
7 29 886
7 30 616
7 31 716
7 32 92
7 33 681
7 34 467
7 35 836
7 36 334
7 37 739
7 38 341
7 39 269
7 40 629
7 41 482
7 42 880
7 43 498
7 44 961
7 45 23
7 46 538
7 47 555
7 48 144
7 49 260
7 50 474
7 51 807
7 52 789
7 53 385
7 54 772
7 55 880
7 56 315
7 57 715
7 58 107
7 59 979
7 60 601
7 61 74
7 62 694
7 63 44
7 64 107
7 65 512
7 66 231
7 68 440
7 69 602
7 70 572
7 71 708
7 72 230
7 73 53
7 74 588
7 75 79
8 1 365
8 2 610
8 3 616
8 4 919
8 5 105
8 6 875
8 7 745
8 9 912
8 10 664
8 11 481
8 12 683
8 13 895
8 14 796
8 15 749
8 16 1
8 17 774
8 18 349
8 19 427
8 20 819
8 21 744
8 22 533
8 23 683
8 24 975
8 25 972
8 26 284
8 27 546
8 28 680
8 29 866
8 30 950
8 31 619
8 32 944
8 33 314
8 34 580
8 35 560
8 36 585
8 37 684
8 38 434
8 39 329
8 40 947
8 41 449
8 42 809
8 43 981
8 44 695
8 45 604
8 46 730
8 47 48
8 48 729
8 49 430
8 50 474
8 51 900
8 52 174
8 53 358
8 54 934
8 55 148
8 56 681
8 57 217
8 58 693
8 59 360
8 60 434
8 61 642
8 62 330
8 63 378
8 64 307
8 65 909
8 66 289
8 67 891
8 68 593
8 69 74
8 70 571
8 71 539
8 73 523
8 74 380
8 75 872
9 1 569
9 2 335
9 3 601
9 4 616
9 5 416
9 6 30
9 7 441
9 8 315
9 10 203
9 11 798
9 12 248
9 13 350
9 14 479
9 15 816
9 16 394
9 17 190
9 18 250
9 19 35
9 20 520
9 21 979
9 22 694
9 23 780
9 24 267
9 25 584
9 26 724
9 27 340
9 28 507
9 29 615
9 30 214
9 31 886
9 32 486
9 33 783
9 34 572
9 35 86
9 36 398
9 37 987
9 38 115
9 39 839
9 40 653
9 41 318
9 42 988
9 43 900
9 44 19
9 45 466
9 46 68
9 47 413
9 48 656
9 49 669
9 50 447
9 51 527
9 52 647
9 53 492
9 54 658
9 55 913
9 56 76
9 57 382
9 58 252
9 59 582
9 60 996
9 61 466
9 62 819
9 63 481
9 64 600
9 65 742
9 66 918
9 67 997
9 68 729
9 70 32
9 71 187
9 72 381
9 73 701
9 74 175
9 75 633
10 1 720
10 2 640
10 3 700
10 4 132
10 5 647
10 6 368
10 7 930
10 8 525
10 9 14
10 11 422
10 12 183
10 13 278
10 15 849
10 16 564
10 17 881
10 18 782
10 20 911
10 21 346
10 22 600
10 23 391
10 24 297
10 25 693
10 26 308
10 27 294
10 28 421
10 29 691
10 30 480
10 31 154
10 32 392
10 33 654
10 34 786
10 35 111
10 36 646
10 37 837
10 38 594
10 39 644
10 40 204
10 41 523
10 42 169
10 43 569
10 44 296
10 45 351
10 46 198
10 47 144
10 48 266
10 49 78
10 50 925
10 51 176
10 52 776
10 53 876
10 54 918
10 55 72
10 56 569
10 57 577
10 58 365
10 59 341
10 60 267
10 61 197
10 62 494
10 63 10
10 64 202
10 65 631
10 66 472
10 67 847
10 68 467
10 69 65
10 70 491
10 71 22
10 72 940
10 73 11
10 74 590
10 75 235
11 1 361
11 2 787
11 3 731
11 4 978
11 5 865
11 6 7
11 7 153
11 8 640
11 9 883
11 10 422
11 12 63
11 13 803
11 14 998
11 15 428
11 16 143
11 17 616
11 18 976
11 19 989
11 20 626
11 21 177
11 22 619
11 23 97
11 24 24
11 25 86
11 26 514
11 27 866
11 28 107
11 29 453
11 30 876
11 31 49
11 32 39
11 33 588
11 34 835
11 35 769
11 36 917
11 37 51
11 38 776
11 39 69
11 40 42
11 41 10
11 42 490
11 43 105
11 44 812
11 45 487
11 46 884
11 47 306
11 48 102
11 49 859
11 50 294
11 51 79
11 52 387
11 53 913
11 54 176
11 55 762
11 56 350
11 57 689
11 58 627
11 59 456
11 60 493
11 61 854
11 62 856
11 63 531
11 64 793
11 65 43
11 66 300
11 67 709
11 68 93
11 69 75
11 70 129
11 72 487
11 73 84
11 74 618
11 75 943
12 1 247
12 2 456
12 3 826
12 4 552
12 5 910
12 6 36
12 7 846
12 8 340
12 9 422
12 10 110
12 11 515
12 13 184
12 14 459
12 15 555
12 16 162
12 17 266
12 18 47
12 19 368
12 20 122
12 21 930
12 22 160
12 23 164
12 24 229
12 25 221
12 26 608
12 27 655
12 28 349
12 29 94
12 30 90
12 31 319
12 32 388
12 33 336
12 34 126
12 36 565
12 37 239
12 38 35
12 39 600
12 40 84
12 41 727
12 42 374
12 43 193
12 45 593
12 46 909
12 47 3
12 48 148
12 49 422
12 50 269
12 51 546
12 52 789
12 53 742
12 54 475
12 55 301
12 56 905
12 57 55
12 58 521
12 59 512
12 60 61
12 61 869
12 62 958
12 63 150
12 64 187
12 65 345
12 66 837
12 67 665
12 68 910
12 69 76
12 70 51
12 71 861
12 72 511
12 73 777
12 74 586
12 75 56
13 1 370
13 2 494
13 3 58
13 4 517
13 5 916
13 6 678
13 7 414
13 8 56
13 9 419
13 10 241
13 11 356
13 12 323
13 14 647
13 15 876
13 16 187
13 17 708
13 18 97
13 19 496
13 20 209
13 21 635
13 22 840
13 23 46
13 24 299
13 25 101
13 26 473
13 27 350
13 28 962
13 29 983
13 30 126
13 31 547
13 32 38
13 33 495
13 34 393
13 35 448
13 36 363
13 37 308
13 38 477
13 39 777
13 40 363
13 41 896
13 42 369
13 43 71
13 44 570
13 45 15
13 46 946
13 47 108
13 48 722
13 49 42
13 50 603
13 51 931
13 52 29
13 53 443
13 54 328
13 55 327
13 56 543
13 57 800
13 59 676
13 60 856
13 61 134
13 62 154
13 63 403
13 64 524
13 65 648
13 66 795
13 67 971
13 68 11
13 69 454
13 70 799
13 71 139
13 72 168
13 73 694
13 74 859
13 75 238
14 1 616
14 2 873
14 3 536
14 4 723
14 5 947
14 6 577
14 7 326
14 8 229
14 9 605
14 10 120
14 11 908
14 12 284
14 13 14
14 15 707
14 16 959
14 17 870
14 18 192
14 19 464
14 20 272
14 21 715
14 22 112
14 23 418
14 24 37
14 25 474
14 26 223
14 27 836
14 28 964
14 29 390
14 30 881
14 31 822
14 32 980
14 33 496
14 34 46
14 35 515
14 36 219
14 37 992
14 38 443
14 39 896
14 40 572
14 41 48
14 42 15
14 43 479
14 44 683
14 45 28
14 46 537
14 47 993
14 48 249
14 50 729
14 51 457
14 53 872
14 54 795
14 55 568
14 56 289
14 57 832
14 58 393
14 59 863
14 60 667
14 61 356
14 62 253
14 63 899
14 64 177
14 65 584
14 66 395
14 67 574
14 69 98
14 70 965
14 71 566
14 72 540
14 73 860
14 74 489
14 75 939
15 1 226
15 2 968
15 3 621
15 4 605
15 5 504
15 6 614
15 7 854
15 8 584
15 9 422
15 10 725
15 11 379
15 12 341
15 13 366
15 14 210
15 16 733
15 17 228
15 18 228
15 19 88
15 20 832
15 21 126
15 22 616
15 23 415
15 24 872
15 25 189
15 26 512
15 27 836
15 28 106
15 29 404
15 30 47
15 31 595
15 32 342
15 33 272
15 34 562
15 35 315
15 36 229
15 37 417
15 38 928
15 39 82
15 40 1
15 41 349
15 42 158
15 43 731
15 44 41
15 45 523
15 46 940
15 47 773
15 48 103
15 49 519
15 50 212
15 51 934
15 52 996
15 53 827
15 54 701
15 55 868
15 56 367
15 57 564
15 58 703
15 59 825
15 60 967
15 61 102
15 62 419
15 63 661
15 64 373
15 65 332
15 66 975
15 67 953
15 68 100
15 70 902
15 71 34
15 72 452
15 73 602
15 74 192
15 75 182
16 1 642
16 2 66
16 3 473
16 4 766
16 5 168
16 6 991
16 7 977
16 8 102
16 9 339
16 10 155
16 11 154
16 12 206
16 14 873
16 15 717
16 17 260
16 18 697
16 19 36
16 20 361
16 21 467
16 22 696
16 23 86
16 24 798
16 25 670
16 26 38
16 27 250
16 28 923
16 29 424
16 30 701
16 31 876
16 32 615
16 33 883
16 34 517
16 35 32
16 36 707
16 37 634
16 38 200
16 39 50
16 40 610
16 41 653
16 42 388
16 43 116
16 44 806
16 45 593
16 46 988
16 47 874
16 48 204
16 49 685
16 50 909
16 51 917
16 52 503
16 53 604
16 54 2
16 55 653
16 56 273
16 57 391
16 58 902
16 59 195
16 60 814
16 61 602
16 62 70
16 63 780
16 64 836
16 65 938
16 66 812
16 67 543
16 68 571
16 69 363
16 70 944
16 71 532
16 72 15
16 73 331
16 74 647
16 75 820
17 1 275
17 2 987
17 3 693
17 4 478
17 5 23
17 6 602
17 7 394
17 8 525
17 9 557
17 10 747
17 11 177
17 12 830
17 13 490
17 14 78
17 15 376
17 16 655
17 18 32
17 19 446
17 20 787
17 21 219
17 22 735
17 23 950
17 24 761
17 25 658
17 26 312
17 27 56
17 28 189
17 29 326
17 30 386
17 31 188
17 32 145
17 33 660
17 34 526
17 35 189
17 36 490
17 37 548
17 38 142
17 40 235
17 41 72
17 42 699
17 43 982
17 44 249
17 45 528
17 46 823
17 47 678
17 48 255
17 49 477
17 50 709
17 51 700
17 52 615
17 53 928
17 54 787
17 55 564
17 56 40
17 57 444
17 58 875
17 59 96
17 60 984
17 61 200
17 62 481
17 63 523
17 64 696
17 65 493
17 66 48
17 67 237
17 68 982
17 69 595
17 70 378
17 71 216
17 72 19
17 73 76
17 74 549
17 75 267
18 1 955
18 3 371
18 4 944
18 5 210
18 6 200
18 7 5
18 8 261
18 9 814
18 10 932
18 11 47
18 12 378
18 13 323
18 14 842
18 15 252
18 16 418
18 17 826
18 19 804
18 20 251
18 21 700
18 22 499
18 23 743
18 24 748
18 25 87
18 26 724
18 27 694
18 28 465
18 29 939
18 30 712
18 31 892
18 32 488
18 33 978
18 34 199
18 35 210
18 36 274
18 37 408
18 38 409
18 39 278
18 40 20
18 41 575
18 42 561
18 43 419
18 44 304
18 45 883
18 46 260
18 47 907
18 48 301
18 49 437
18 50 710
18 51 551
18 52 137
18 53 561
18 54 645
18 55 236
18 56 647
18 57 368
18 58 929
18 59 463
18 60 658
18 61 641
18 62 355
18 63 497
18 64 970
18 65 553
18 66 59
18 67 243
18 68 312
18 69 819
18 70 872
18 71 331
18 72 393
18 73 432
18 74 749
18 75 696
19 2 315
19 3 361
19 4 603
19 5 967
19 6 797
19 7 664
19 8 517
19 9 285
19 10 224
19 11 513
19 13 520
19 14 223
19 15 880
19 16 449
19 17 685
19 18 889
19 20 441
19 21 39
19 22 386
19 23 410
19 24 943
19 25 796
19 26 653
19 27 254
19 28 614
19 29 524
19 30 937
19 31 7
19 32 308
19 33 37
19 34 54
19 35 622
19 36 397
19 37 8
19 38 940
19 39 546
19 40 672
19 41 808
19 42 182
19 43 895
19 44 320
19 45 702
19 46 469
19 47 551
19 48 502
19 49 154
19 50 439
19 51 942
19 52 544
19 53 176
19 54 351
19 55 487
19 56 971
19 57 3
19 58 92
19 59 585
19 61 879
19 62 28
19 63 943
19 64 538
19 65 417
19 66 996
19 67 511
19 68 813
19 69 4
19 70 450
19 71 710
19 72 675
19 73 257
19 74 892
19 75 921
20 1 576
20 2 945
20 3 390
20 4 126
20 5 446
20 6 543
20 7 916
20 8 387
20 9 86
20 10 92
20 11 737
20 12 924
20 13 62
20 14 92
20 15 16
20 16 998
20 17 322
20 18 395
20 19 940
20 21 859
20 22 811
20 23 288
20 24 721
20 25 976
20 26 291
20 27 170
20 28 685
20 29 317
20 30 778
20 31 928
20 32 237
20 33 353
20 34 872
20 35 978
20 36 830
20 37 669
20 38 872
20 39 745
20 40 55
20 41 310
20 42 188
20 43 792
20 44 233
20 45 250
20 46 235
20 47 600
20 48 599
20 49 556
20 50 995
20 51 539
20 52 766
20 53 157
20 54 826
20 55 486
20 56 132
20 57 468
20 58 7
20 59 169
20 60 784
20 61 784
20 62 448
20 63 372
20 64 488
20 65 320
20 67 702
20 68 317
20 69 988
20 70 573
20 71 413
20 72 395
20 73 882
20 74 601
21 1 538
21 2 467
21 3 202
21 4 772
21 5 66
21 6 800
21 7 679
21 8 412
21 9 690
21 10 444
21 11 569
21 12 867
21 13 281
21 14 700
21 15 334
21 16 287
21 17 220
21 18 469
21 19 422
21 20 668
21 22 193
21 23 909
21 24 987
21 25 894
21 26 577
21 27 326
21 28 466
21 29 989
21 30 72
21 31 348
21 32 941
21 33 609
21 34 166
21 35 142
21 36 380
21 37 231
21 38 294
21 39 58
21 40 995
21 41 983
21 42 853
21 43 563
21 44 202
21 45 133
21 46 262
21 47 887
21 48 771
21 49 482
21 50 356
21 51 544
21 52 501
21 53 548
21 54 452
21 55 487
21 56 441
21 57 380
21 59 164
21 60 258
21 61 721
21 62 236
21 63 957
21 64 661
21 65 196
21 66 122
21 67 155
21 68 576
21 69 705
21 70 800
21 71 985
21 72 699
21 73 782
21 74 838
21 75 261
22 1 335
22 2 322
22 3 874
22 5 222
22 6 445
22 7 707
22 8 577
22 9 988
22 10 207
22 11 476
22 12 792
22 13 45
22 14 268
22 16 171
22 17 561
22 18 877
22 19 891
22 20 148
22 21 834
22 23 904
22 24 343
22 25 307
22 26 58
22 27 270
22 28 11
22 29 857
22 30 255
22 31 709
22 32 990
22 33 92
22 34 321
22 35 677
22 36 765
22 37 547
22 38 898
22 39 209
22 40 605
22 41 826
22 42 197
22 43 812
22 44 653
22 45 340
22 46 208
22 47 272
22 48 510
22 49 768
22 50 148
22 51 753
22 52 267
22 53 981
22 54 656
22 55 610
22 56 640
22 57 65
22 58 879
22 59 650
22 60 273
22 61 133
22 62 711
22 63 614
22 64 576
22 65 383
22 66 290
22 67 341
22 69 929
22 70 539
22 71 901
22 72 534
22 73 364
22 74 449
22 75 697
23 1 16
23 2 788
23 3 904
23 4 287
23 5 650
23 6 24
23 7 787
23 8 402
23 9 290
23 10 119
23 11 409
23 12 251
23 13 758
23 14 473
23 15 130
23 16 408
23 17 97
23 18 614
23 19 470
23 20 710
23 21 542
23 24 852
23 25 352
23 26 234
23 27 133
23 28 890
23 29 134
23 30 18
23 31 254
23 32 935
23 34 714
23 35 621
23 36 722
23 37 969
23 38 260
23 39 371
23 40 344
23 41 46
23 42 124
23 43 634
23 44 164
23 45 532
23 46 236
23 47 274
23 48 356
23 49 717
23 51 33
23 52 452
23 53 331
23 54 502
23 55 162
23 56 224
23 58 705
23 59 865
23 60 457
23 61 189
23 62 754
23 63 942
23 64 206
23 65 7
23 66 876
23 67 271
23 68 980
23 69 950
23 70 592
23 71 239
23 72 672
23 73 935
23 74 636
23 75 796
24 1 920
24 2 151
24 3 327
24 4 156
24 5 424
24 6 683
24 7 872
24 8 456
24 9 486
24 10 554
24 11 309
24 12 999
24 14 129
24 15 14
24 16 863
24 17 937
24 18 202
24 19 617
24 20 879
24 21 760
24 22 975
24 23 106
24 25 30
24 26 954
24 27 407
24 28 621
24 29 544
24 30 79
24 31 908
24 32 531
24 33 874
24 34 827
24 35 682
24 36 552
24 37 982
24 38 457
24 39 586
24 40 206
24 41 265
24 43 72
24 44 111
24 45 925
24 46 70
24 47 240
24 48 290
24 49 933
24 50 176
24 51 844
24 52 901
24 53 406
24 54 603
24 55 875
24 56 864
24 57 984
24 58 181
24 59 270
24 60 605
24 61 724
24 62 700
24 63 512
24 64 255
24 65 573
24 66 690
24 67 288
24 68 477
24 69 24
24 70 96
24 71 62
24 72 229
24 73 712
24 74 133
24 75 691
25 1 637
25 2 555
25 3 930
25 4 926
25 5 839
25 6 458
25 7 769
25 8 739
25 9 215
25 10 723
25 11 613
25 12 78
25 13 707
25 14 793
25 15 348
25 16 663
25 17 869
25 18 47
25 19 526
25 20 475
25 21 972
25 22 215
25 23 114
25 24 448
25 26 238
25 27 209
25 28 861
25 29 818
25 30 921
25 31 346
25 32 861
25 33 909
25 34 900
25 35 790
25 36 834
25 37 738
25 38 599
25 39 955
25 40 476
25 41 814
25 42 677
25 43 440
25 44 891
25 45 735
25 46 585
25 47 590
25 48 397
25 49 453
25 50 989
25 51 274
25 52 927
25 53 960
25 54 841
25 55 40
25 56 759
25 57 430
25 58 600
25 59 971
25 60 248
25 61 872
25 62 316
25 63 108
25 64 780
25 65 215
25 66 249
25 67 966
25 68 952
25 69 200
25 70 272
25 71 779
25 72 13
25 73 300
25 75 219
26 1 255
26 2 35
26 3 803
26 4 197
26 5 783
26 6 607
26 7 185
26 8 57
26 9 885
26 10 496
26 11 897
26 12 924
26 13 606
26 14 678
26 15 875
26 16 576
26 17 925
26 18 99
26 19 892
26 20 384
26 21 878
26 22 106
26 23 985
26 24 195
26 25 410
26 27 184
26 28 818
26 29 188
26 30 548
26 31 118
26 32 758
26 33 154
26 34 504
26 35 912
26 36 350
26 37 286
26 38 518
26 39 534
26 41 694
26 42 402
26 43 381
26 44 942
26 45 677
26 46 986
26 47 620
26 48 904
26 49 562
26 50 896
26 51 2
26 52 805
26 53 632
26 54 231
26 55 910
26 56 616
26 57 426
26 58 671
26 59 151
26 60 595
26 61 211
26 62 50
26 63 712
26 64 320
26 65 203
26 66 215
26 67 232
26 68 553
26 69 853
26 70 749
26 71 438
26 72 898
26 73 503
26 74 819
26 75 192
27 1 531
27 2 156
27 3 811
27 4 434
27 5 717
27 6 58
27 7 435
27 8 873
27 9 689
27 10 666
27 11 135
27 12 656
27 13 443
27 14 805
27 15 158
27 16 37
27 17 367
27 18 207
27 19 101
27 20 687
27 21 762
27 23 315
27 24 918
27 25 666
27 26 519
27 28 18
27 29 103
27 30 417
27 31 520
27 33 273
27 34 960
27 35 51
27 36 429
27 37 122
27 38 836
27 39 497
27 40 179
27 41 271
27 42 370
27 43 220
27 44 288
27 45 504
27 46 227
27 47 730
27 48 308
27 49 385
27 50 118
27 51 675
27 52 943
27 53 218
27 54 361
27 56 704
27 57 885
27 58 630
27 59 721
27 60 403
27 61 647
27 62 824
27 63 171
27 64 519
27 65 96
27 66 130
27 67 569
27 68 524
27 69 251
27 70 404
27 71 373
27 72 782
27 73 26
27 74 742
27 75 1
28 1 313
28 2 245
28 3 227
28 4 394
28 5 904
28 6 963
28 7 512
28 8 930
28 9 258
28 10 729
28 11 642
28 12 313
28 13 965
28 14 271
28 15 34
28 17 368
28 18 918
28 19 857
28 20 890
28 21 788
28 23 304
28 24 20
28 25 708
28 26 180
28 27 622
28 29 463
28 30 552
28 31 403
28 32 489
28 33 293
28 34 403
28 35 153
28 36 889
28 37 982
28 38 547
28 39 792
28 40 296
28 41 410
28 42 722
28 43 553
28 44 490
28 45 363
28 46 866
28 47 455
28 48 986
28 49 251
28 50 174
28 51 255
28 52 107
28 53 63
28 54 42
28 55 762
28 56 82
28 57 749
28 58 941
28 59 56
28 60 211
28 61 844
28 62 458
28 63 51
28 64 136
28 65 213
28 66 204
28 67 24
28 68 546
28 69 102
28 71 168
28 72 841
28 73 511
28 74 241
28 75 746
29 1 352
29 2 955
29 3 611
29 4 806
29 5 940
29 6 861
29 7 979
29 8 194
29 9 319
29 10 394
29 12 587
29 13 432
29 14 827
29 15 687
29 16 373
29 17 882
29 18 898
29 19 216
29 20 340
29 21 300
29 22 704
29 23 904
29 24 855
29 25 79
29 26 449
29 28 956
29 30 246
29 31 641
29 32 818
29 33 486
29 34 386
29 35 170
29 36 441
29 37 348
29 38 327
29 39 732
29 40 560
29 41 658
29 42 926
29 43 878
29 44 51
29 45 864
29 46 310
29 47 877
29 48 551
29 49 34
29 50 111
29 51 800
29 52 601
29 53 450
29 54 99
29 55 304
29 56 705
29 57 954
29 58 383
29 59 153
29 60 261
29 61 980
29 62 793
29 63 79
29 65 466
29 66 531
29 67 600
29 68 258
29 69 878
29 70 278
29 71 989
29 72 438
29 73 935
29 75 266
30 1 667
30 2 985
30 3 130
30 4 328
30 5 214
30 6 680
30 7 361
30 8 324
30 9 831
30 10 314
30 11 125
30 12 929
30 13 617
30 14 829
30 15 234
30 16 351
30 17 333
30 18 495
30 19 331
30 20 477
30 21 573
30 22 148
30 23 7
30 24 524
30 25 757
30 26 885
30 27 801
30 28 745
30 29 322
30 31 736
30 32 11
30 33 340
30 34 72
30 35 492
30 36 668
30 37 637
30 38 523
30 39 28
30 40 312
30 41 353
30 42 341
30 43 436
30 44 281
30 45 310
30 46 616
30 47 515
30 48 12
30 49 300
30 50 361
30 51 342
30 52 777
30 53 285
30 54 841
30 55 783
30 56 808
30 57 597
30 58 19
30 59 960
30 60 694
30 62 692
30 63 47
30 64 56
30 65 32
30 66 119
30 67 899
30 68 699
30 69 107
30 70 421
30 71 78
30 72 419
30 73 773
30 74 771
30 75 854
31 1 405
31 2 80
31 3 822
31 4 271
31 6 443
31 7 121
31 8 983
31 9 137
31 10 897
31 11 267
31 12 977
31 13 32
31 14 426
31 15 926
31 16 402
31 17 386
31 18 971
31 19 94
31 20 432
31 21 378
31 22 477
31 23 902
31 24 276
31 25 175
31 26 9
31 27 696
31 28 604
31 29 779
31 30 820
31 32 374
31 33 984
31 35 576
31 36 805
31 37 805
31 38 199
31 39 248
31 40 278
31 41 181
31 42 384
31 43 526
31 44 800
31 45 712
31 46 909
31 47 225
31 48 989
31 49 311
31 50 610
31 51 959
31 52 756
31 53 394
31 54 336
31 55 232
31 56 295
31 57 963
31 58 758
31 59 655
31 60 10
31 61 361
31 62 433
31 63 829
31 64 87
31 65 769
31 66 757
31 67 891
31 68 573
31 69 307
31 70 490
31 71 202
31 72 487
31 73 225
31 74 728
31 75 638
32 1 937
32 3 636
32 4 863
32 5 277
32 6 946
32 7 472
32 8 588
32 9 53
32 10 865
32 11 923
32 12 284
32 13 512
32 14 238
32 15 41
32 16 518
32 17 247
32 18 754
32 20 303
32 21 428
32 22 840
32 24 71
32 25 184
32 26 82
32 27 995
32 28 842
32 29 924
32 30 197
32 31 680
32 33 148
32 34 924
32 35 318
32 36 436
32 37 559
32 38 180
32 39 713
32 40 857
32 41 3
32 42 300
32 43 909
32 44 868
32 45 574
32 46 545
32 47 731
32 48 811
32 49 937
32 50 248
32 51 410
32 52 690
32 53 902
32 54 837
32 55 881
32 56 972
32 57 20
32 58 315
32 59 967
32 60 213
32 61 238
32 62 515
32 63 892
32 64 737
32 65 790
32 66 209
32 67 173
32 68 700
32 69 388
32 70 237
32 71 556
32 72 391
32 73 888
32 74 817
32 75 610
33 1 461
33 2 361
33 3 692
33 4 624
33 5 649
33 6 939
33 7 33
33 8 691
33 9 841
33 11 221
33 12 571
33 13 164
33 14 240
33 15 237
33 16 482
33 17 804
33 18 826
33 19 996
33 20 695
33 21 563
33 22 137
33 23 904
33 24 87
33 25 837
33 26 291
33 27 675
33 28 744
33 29 33
33 30 562
33 31 560
33 32 642
33 34 374
33 35 272
33 36 333
33 37 349
33 38 921
33 39 624
33 40 381
33 41 611
33 42 816
33 43 601
33 44 533
33 45 979
33 46 192
33 47 122
33 48 813
33 49 995
33 50 947
33 51 160
33 52 690
33 53 861
33 54 297
33 55 945
33 56 947
33 57 133
33 58 235
33 59 621
33 60 228
33 61 268
33 62 534
33 63 788
33 64 261
33 65 908
33 66 411
33 67 946
33 68 256
33 69 683
33 70 569
33 71 989
33 72 645
33 73 736
33 74 941
33 75 530
34 1 714
34 2 485
34 3 651
34 4 878
34 5 831
34 6 597
34 7 38
34 8 872
34 9 810
34 10 686
34 11 816
34 12 756
34 13 818
34 14 403
34 15 729
34 16 397
34 17 670
34 18 262
34 19 184
34 20 282
34 21 169
34 22 947
34 23 227
34 24 777
34 25 981
34 26 795
34 27 765
34 28 626
34 29 530
34 30 705
34 31 507
34 33 596
34 35 189
34 36 157
34 37 825
34 38 20
34 39 105
34 40 214
34 41 891
34 42 914
34 43 899
34 44 59
34 45 22
34 46 68
34 47 461
34 48 750
34 49 465
34 50 130
34 51 363
34 52 1000
34 53 763
34 54 532
34 55 946
34 56 990
34 57 308
34 58 927
34 59 136
34 60 424
34 61 904
34 62 18
34 63 128
34 64 410
34 65 965
34 66 669
34 67 918
34 68 141
34 69 688
34 70 22
34 71 355
34 72 930
34 73 288
34 74 253
34 75 988
35 1 309
35 2 321
35 3 448
35 4 58
35 5 785
35 6 929
35 7 420
35 8 136
35 9 44
35 10 303
35 11 82
35 12 33
35 13 962
35 14 360
35 15 520
35 16 385
35 17 615
35 18 889
35 19 865
35 20 24
35 21 205
35 22 533
35 23 941
35 24 346
35 25 572
35 26 314
35 27 700
35 28 501
35 29 601
35 30 952
35 31 841
35 32 909
35 33 624
35 34 640
35 36 318
35 37 760
35 38 921
35 39 90
35 40 896
35 41 964
35 42 744
35 43 329
35 44 348
35 45 58
35 46 40
35 47 219
35 48 442
35 49 654
35 50 108
35 51 306
35 52 29
35 53 312
35 54 190
35 55 321
35 56 657
35 57 761
35 58 634
35 59 356
35 60 614
35 61 587
35 64 660
35 65 454
35 66 847
35 67 283
35 68 445
35 69 517
35 70 395
35 71 365
35 72 606
35 73 290
35 74 328
35 75 701
36 1 618
36 2 27
36 3 758
36 4 657
36 5 246
36 6 552
36 7 662
36 8 353
36 9 209
36 10 690
36 11 16
36 12 399
36 13 10
36 14 673
36 15 159
36 16 995
36 17 380
36 18 772
36 19 581
36 20 391
36 21 577
36 22 428
36 23 26
36 24 22
36 25 296
36 26 420
36 27 738
36 28 253
36 29 709
36 30 418
36 31 953
36 32 678
36 33 444
36 34 63
36 35 334
36 37 689
36 38 614
36 40 347
36 41 393
36 42 822
36 43 36
36 44 761
36 45 220
36 46 397
36 47 785
36 48 731
36 49 391
36 51 516
36 52 502
36 53 324
36 54 907
36 55 431
36 56 103
36 57 932
36 58 452
36 60 398
36 61 351
36 62 189
36 63 650
36 64 59
36 65 958
36 66 954
36 67 736
36 68 402
36 69 16
36 70 421
36 71 442
36 72 629
36 73 119
36 74 187
36 75 803
37 1 154
37 2 947
37 4 374
37 5 902
37 6 731
37 7 104
37 8 292
37 9 598
37 10 958
37 11 967
37 12 504
37 13 388
37 14 421
37 15 435
37 16 191
37 17 818
37 18 137
37 20 731
37 21 819
37 22 195
37 23 689
37 24 773
37 25 282
37 26 90
37 27 788
37 28 54
37 29 883
37 30 769
37 31 172
37 32 421
37 33 923
37 34 677
37 35 367
37 36 296
37 38 578
37 39 449
37 40 400
37 41 222
37 42 47
37 43 709
37 44 540
37 45 902
37 46 96
37 47 961
37 48 337
37 49 286
37 50 130
37 51 473
37 52 368
37 53 949
37 54 20
37 55 56
37 56 721
37 57 653
37 58 497
37 59 860
37 60 59
37 61 380
37 62 980
37 63 582
37 64 800
37 65 902
37 66 611
37 67 519
37 68 550
37 69 540
37 70 319
37 71 949
37 72 113
37 73 717
37 74 9
37 75 653
38 1 619
38 2 104
38 3 613
38 4 955
38 5 741
38 6 742
38 7 779
38 8 108
38 9 42
38 10 150
38 11 164
38 12 114
38 13 155
38 14 12
38 15 974
38 17 213
38 18 743
38 19 305
38 20 146
38 21 895
38 22 559
38 23 756
38 24 413
38 25 108
38 26 296
38 27 83
38 28 408
38 30 408
38 31 800
38 32 416
38 33 412
38 34 418
38 35 519
38 36 376
38 37 724
38 39 611
38 40 470
38 41 502
38 42 70
38 43 511
38 44 4
38 45 585
38 47 625
38 48 158
38 49 597
38 50 950
38 51 722
38 52 339
38 53 606
38 54 867
38 55 585
38 56 164
38 57 975
38 58 349
38 59 271
38 60 622
38 61 432
38 62 678
38 63 381
38 64 231
38 65 445
38 66 793
38 67 1000
38 68 315
38 69 168
38 70 723
38 71 925
38 72 989
38 73 576
38 74 995
38 75 500
39 1 579
39 2 579
39 3 476
39 4 88
39 5 527
39 6 777
39 7 809
39 8 866
39 9 382
39 10 28
39 11 450
39 12 898
39 13 2
39 14 799
39 15 520
39 16 623
39 17 582
39 18 198
39 19 3
39 20 164
39 21 994
39 22 147
39 23 163
39 24 309
39 25 667
39 26 885
39 28 233
39 29 655
39 30 812
39 31 579
39 32 506
39 33 391
39 34 510
39 35 981
39 36 478
39 37 36
39 38 109
39 40 639
39 41 253
39 42 843
39 43 666
39 44 55
39 45 740
39 46 19
39 47 853
39 48 611
39 49 641
39 50 786
39 51 160
39 52 995
39 53 949
39 54 154
39 55 494
39 56 111
39 57 462
39 58 160
39 59 347
39 60 46
39 61 166
39 62 158
39 63 625
39 64 672
39 65 900
39 66 134
39 67 4
39 68 730
39 69 521
39 70 465
39 71 368
39 72 774
39 73 307
39 74 385
39 75 828
40 1 398
40 2 403
40 3 32
40 4 8
40 5 43
40 6 817
40 7 168
40 8 389
40 9 117
40 10 321
40 11 234
40 12 227
40 13 134
40 14 393
40 15 925
40 16 179
40 17 911
40 18 82
40 19 155
40 20 582
40 21 982
40 22 640
40 23 937
40 24 63
40 25 161
40 26 401
40 27 430
40 28 286
40 29 59
40 30 814
40 32 113
40 33 456
40 34 216
40 35 496
40 36 816
40 38 610
40 39 664
40 41 335
40 42 350
40 43 780
40 44 7
40 45 584
40 46 358
40 47 140
40 48 328
40 49 282
40 50 670
40 51 238
40 52 715
40 53 825
40 54 171
40 55 696
40 56 464
40 57 108
40 58 758
40 59 976
40 60 508
40 61 539
40 62 261
40 63 567
40 64 704
40 65 725
40 66 374
40 67 271
40 68 220
40 69 541
40 70 232
40 71 883
40 72 875
40 73 582
40 74 662
40 75 233
41 1 517
41 2 371
41 3 372
41 4 844
41 5 652
41 6 42
41 7 434
41 8 367
41 9 218
41 10 604
41 11 414
41 12 681
41 13 711
41 14 524
41 15 9
41 16 571
41 17 414
41 18 269
41 19 489
41 20 118
41 21 994
41 22 214
41 23 388
41 24 565
41 25 755
41 26 620
41 27 448
41 28 981
41 29 553
41 30 461
41 31 214
41 32 69
41 33 832
41 34 937
41 35 264
41 36 483
41 37 330
41 38 697
41 39 201
41 40 547
41 42 653
41 43 615
41 44 580
41 45 715
41 46 490
41 47 588
41 48 637
41 49 903
41 50 208
41 51 125
41 52 20
41 53 553
41 54 691
41 55 760
41 56 118
41 58 797
41 59 379
41 60 565
41 61 777
41 62 283
41 63 377
41 64 342
41 65 351
41 66 208
41 67 279
41 68 966
41 69 43
41 70 960
41 71 15
41 72 243
41 73 507
41 74 667
41 75 209
42 1 438
42 2 381
42 4 50
42 5 25
42 6 18
42 7 953
42 8 584
42 9 494
42 10 972
42 11 137
42 12 536
42 13 83
42 14 254
42 15 332
42 16 461
42 17 170
42 18 461
42 19 743
42 20 898
42 21 154
42 22 445
42 23 106
42 24 784
42 26 411
42 27 500
42 28 744
42 29 777
42 30 94
42 31 250
42 32 443
42 33 303
42 34 687
42 35 175
42 36 352
42 37 63
42 38 544
42 39 656
42 40 646
42 41 390
42 43 980
42 44 134
42 45 925
42 46 62
42 47 739
42 48 609
42 49 875
42 50 260
42 51 69
42 52 969
42 53 158
42 54 222
42 55 414
42 57 263
42 58 6
42 59 176
42 60 762
42 61 749
42 62 952
42 63 207
42 64 350
42 65 746
42 66 509
42 67 388
42 68 920
42 69 213
42 70 802
42 71 816
42 72 868
42 73 799
42 74 205
42 75 199
43 1 933
43 2 129
43 3 261
43 4 671
43 5 737
43 6 135
43 7 931
43 8 157
43 9 103
43 10 88
43 11 731
43 12 868
43 13 702
43 14 88
43 15 395
43 16 815
43 17 836
43 18 346
43 19 21
43 20 537
43 21 443
43 22 882
43 23 276
43 24 363
43 25 446
43 26 77
43 27 530
43 28 665
43 29 875
43 30 734
43 31 864
43 32 807
43 33 214
43 35 124
43 36 830
43 38 303
43 39 610
43 40 112
43 41 459
43 42 712
43 44 551
43 45 541
43 46 580
43 47 604
43 48 628
43 49 974
43 50 418
43 52 815
43 53 672
43 54 790
43 55 351
43 56 466
43 57 23
43 58 626
43 59 828
43 60 468
43 61 702
43 62 357
43 63 485
43 64 929
43 65 442
43 66 348
43 67 87
43 68 656
43 69 823
43 70 916
43 71 958
43 72 432
43 73 379
43 74 768
43 75 143
44 1 281
44 2 309
44 3 74
44 4 884
44 5 936
44 6 400
44 7 653
44 8 751
44 9 423
44 10 795
44 11 453
44 12 888
44 13 817
44 14 79
44 15 68
44 16 637
44 17 132
44 18 776
44 20 121
44 21 60
44 22 218
44 23 468
44 24 147
44 25 225
44 26 642
44 27 414
44 28 182
44 29 73
44 30 145
44 31 301
44 32 215
44 33 425
44 34 609
44 35 641
44 36 661
44 37 897
44 38 392
44 39 313
44 40 999
44 41 814
44 42 459
44 43 451
44 45 701
44 46 276
44 47 881
44 48 120
44 49 264
44 50 365
44 51 896
44 52 384
44 53 776
44 54 465
44 55 203
44 56 274
44 57 689
44 58 844
44 59 40
44 60 222
44 61 268
44 62 184
44 63 522
44 64 482
44 65 960
44 66 483
44 67 474
44 68 620
44 69 731
44 70 865
44 71 285
44 72 81
44 73 678
44 74 95
44 75 531
45 1 731
45 2 722
45 3 764
45 4 202
45 5 985
45 6 480
45 7 97
45 8 720
45 9 255
45 11 913
45 12 274
45 13 881
45 14 601
45 15 469
45 16 920
45 17 174
45 18 736
45 19 455
45 21 48
45 22 570
45 23 766
45 24 882
45 25 43
45 26 738
45 27 612
45 28 908
45 29 374
45 30 692
45 31 937
45 32 468
45 33 574
45 34 19
45 35 190
45 36 689
45 37 221
45 38 174
45 39 168
45 40 669
45 41 246
45 42 775
45 43 582
45 44 519
45 46 7
45 47 534
45 48 988
45 49 926
45 50 708
45 51 75
45 52 732
45 53 107
45 54 644
45 55 497
45 56 988
45 57 687
45 58 234
45 59 599
45 60 946
45 61 607
45 62 642
45 63 234
45 64 75
45 65 567
45 66 605
45 67 616
45 68 256
45 69 825
45 70 141
45 71 775
45 72 845
45 73 386
45 74 549
45 75 778
46 1 257
46 2 907
46 3 312
46 4 596
46 5 832
46 6 371
46 7 670
46 8 915
46 9 477
46 10 314
46 11 412
46 12 464
46 13 352
46 14 645
46 15 414
46 16 649
46 17 604
46 18 55
46 19 234
46 20 30
46 21 973
46 22 838
46 23 645
46 24 228
46 25 14
46 26 785
46 27 3
46 28 859
46 29 171
46 30 903
46 31 988
46 32 427
46 33 810
46 34 299
46 35 374
46 36 993
46 37 21
46 38 43
46 39 908
46 40 497
46 41 708
46 42 671
46 43 312
46 44 411
46 45 667
46 47 77
46 48 59
46 49 270
46 50 483
46 51 645
46 52 299
46 53 456
46 54 482
46 55 943
46 56 683
46 57 848
46 58 80
46 59 37
46 60 58
46 61 250
46 62 292
46 63 45
46 64 28
46 65 453
46 66 344
46 67 753
46 68 797
46 69 716
46 70 795
46 71 704
46 72 565
46 74 855
46 75 726
47 1 876
47 2 265
47 3 393
47 4 953
47 6 676
47 7 14
47 8 435
47 9 320
47 10 313
47 11 890
47 12 153
47 13 607
47 14 925
47 15 1000
47 16 38
47 17 313
47 18 57
47 19 639
47 20 604
47 21 102
47 22 666
47 23 408
47 24 797
47 25 770
47 26 205
47 27 512
47 28 565
47 29 260
47 30 428
47 31 771
47 32 986
47 33 304
47 34 387
47 35 730
47 36 608
47 37 62
47 38 743
47 39 394
47 40 733
47 41 407
47 42 636
47 43 886
47 44 366
47 45 560
47 46 237
47 48 403
47 49 224
47 50 646
47 51 42
47 52 180
47 53 99
47 54 59
47 55 587
47 56 895
47 57 829
47 58 143
47 59 758
47 61 745
47 62 755
47 63 186
47 64 515
47 65 740
47 66 841
47 67 901
47 68 821
47 69 800
47 70 315
47 71 563
47 72 193
47 73 399
47 74 322
47 75 828
48 1 636
48 2 687
48 3 739
48 4 873
48 5 89
48 6 315
48 7 518
48 8 130
48 9 494
48 10 616
48 11 189
48 12 432
48 13 862
48 14 369
48 15 575
48 16 971
48 18 113
48 19 329
48 20 508
48 21 979
48 22 420
48 23 348
48 24 231
48 25 240
48 26 147
48 27 545
48 28 154
48 29 692
48 30 296
48 31 475
48 32 519
48 33 931
48 34 513
48 35 610
48 36 803
48 37 602
48 38 924
48 39 672
48 40 83
48 41 769
48 42 639
48 43 271
48 44 200
48 46 852
48 47 991
48 49 774
48 50 823
48 52 103
48 53 454
48 54 330
48 55 433
48 56 225
48 57 30
48 58 664
48 59 816
48 60 528
48 61 560
48 62 970
48 63 219
48 64 855
48 65 796
48 66 90
48 67 786
48 68 309
48 69 51
48 70 940
48 71 262
48 72 974
48 73 964
48 74 344
48 75 742
49 1 602
49 2 967
49 3 293
49 4 806
49 5 957
49 6 419
49 7 628
49 8 412
49 9 872
49 10 309
49 11 844
49 12 97
49 13 690
49 14 859
49 15 264
49 16 218
49 17 771
49 18 585
49 19 788
49 20 625
49 21 381
49 22 877
49 23 762
49 24 41
49 25 279
49 26 54
49 27 654
49 28 604
49 29 369
49 30 997
49 31 697
49 32 322
49 33 963
49 34 990
49 35 127
49 36 272
49 37 408
49 38 754
49 39 683
49 40 631
49 41 415
49 42 878
49 43 79
49 44 104
49 45 89
49 46 343
49 47 321
49 48 859
49 50 927
49 51 461
49 52 835
49 53 659
49 54 337
49 55 949
49 56 51
49 57 968
49 58 2
49 59 704
49 60 571
49 61 370
49 62 701
49 63 268
49 64 691
49 66 15
49 67 257
49 68 818
49 69 286
49 70 664
49 71 923
49 72 320
49 73 294
49 74 689
49 75 550
50 1 725
50 2 793
50 3 638
50 4 67
50 5 465
50 6 496
50 7 993
50 8 925
50 9 330
50 10 4
50 11 614
50 12 278
50 13 54
50 14 581
50 15 631
50 16 758
50 17 151
50 18 352
50 19 810
50 20 418
50 21 43
50 22 824
50 23 26
50 24 212
50 25 462
50 26 689
50 27 486
50 28 781
50 29 335
50 30 175
50 31 330
50 32 59
50 33 967
50 34 967
50 35 477
50 36 431
50 37 814
50 39 821
50 40 708
50 41 496
50 42 824
50 44 321
50 45 125
50 46 230
50 47 901
50 48 756
50 49 987
50 51 51
50 52 107
50 53 148
50 54 821
50 55 501
50 56 323
50 57 846
50 58 64
50 59 784
50 60 887
50 61 550
50 62 917
50 63 221
50 64 76
50 65 246
50 66 631
50 67 42
50 68 565
50 69 459
50 70 824
50 71 378
50 72 279
50 73 531
50 74 225
50 75 103
51 1 203
51 2 350
51 3 332
51 4 103
51 5 105
51 6 670
51 7 506
51 8 563
51 9 169
51 10 326
51 11 416
51 12 491
51 13 171
51 15 479
51 16 275
51 17 57
51 18 380
51 19 191
51 21 629
51 22 455
51 25 788
51 26 611
51 27 848
51 28 704
51 29 69
51 30 24
51 31 434
51 32 348
51 33 906
51 34 658
51 35 802
51 36 109
51 37 7
51 38 485
51 39 211
51 40 463
51 41 506
51 42 716
51 43 378
51 44 674
51 45 41
51 46 793
51 47 164
51 48 564
51 49 271
51 50 790
51 52 620
51 53 651
51 54 332
51 55 601
51 56 105
51 57 472
51 58 211
51 59 305
51 60 175
51 61 280
51 62 328
51 63 608
51 64 979
51 65 233
51 66 266
51 67 780
51 68 341
51 69 624
51 70 616
51 71 552
51 72 87
51 73 121
51 74 619
51 75 464
52 1 794
52 2 12
52 3 256
52 4 309
52 5 575
52 6 878
52 7 451
52 8 546
52 9 528
52 10 134
52 11 146
52 12 985
52 13 605
52 14 709
52 15 289
52 16 780
52 17 340
52 18 616
52 19 387
52 20 318
52 21 200
52 22 4
52 23 449
52 24 541
52 25 628
52 26 64
52 28 444
52 29 66
52 30 536
52 31 62
52 32 529
52 33 329
52 34 73
52 35 136
52 36 989
52 37 647
52 38 13
52 39 791
52 40 545
52 41 893
52 42 925
52 43 690
52 44 229
52 45 529
52 46 750
52 47 869
52 48 660
52 49 89
52 50 484
52 51 399
52 53 758
52 54 683
52 55 402
52 56 206
52 57 575
52 58 381
52 59 621
52 60 18
52 61 446
52 62 156
52 63 80
52 64 326
52 65 836
52 66 152
52 67 461
52 68 825
52 69 151
52 70 826
52 71 967
52 72 695
52 73 70
52 74 891
52 75 736
53 1 650
53 2 772
53 3 486
53 4 518
53 5 431
53 6 574
53 7 353
53 8 829
53 9 332
53 10 387
53 11 231
53 12 889
53 13 962
53 14 611
53 15 510
53 16 979
53 17 409
53 18 17
53 19 410
53 20 734
53 21 853
53 22 562
53 23 547
53 24 29
53 25 64
53 26 724
53 27 995
53 28 110
53 29 145
53 30 886
53 31 197
53 32 794
53 33 9
53 34 682
53 35 311
53 36 439
53 37 608
53 38 663
53 39 268
53 40 291
53 41 49
53 42 850
53 43 179
53 44 10
53 45 812
53 46 40
53 47 341
53 48 220
53 49 409
53 51 750
53 52 306
53 54 261
53 55 663
53 56 852
53 57 289
53 58 726
53 59 927
53 60 635
53 61 187
53 62 71
53 63 872
53 64 384
53 65 864
53 66 880
53 67 417
53 68 174
53 69 319
53 70 24
53 71 836
53 72 938
53 73 666
53 74 236
53 75 139
54 1 197
54 2 246
54 3 950
54 5 588
54 6 586
54 7 522
54 8 996
54 9 687
54 10 179
54 11 256
54 12 350
54 13 30
54 14 896
54 15 75
54 16 308
54 17 883
54 19 614
54 20 378
54 21 754
54 22 997
54 23 241
54 24 634
54 25 765
54 26 766
54 27 304
54 28 789
54 29 953
54 30 241
54 31 806
54 32 188
54 33 379
54 34 2
54 35 785
54 36 680
54 37 590
54 38 722
54 39 201
54 41 585
54 42 409
54 43 731
54 44 193
54 45 758
54 46 760
54 47 440
54 48 184
54 49 67
54 50 322
54 51 149
54 52 796
54 53 76
54 55 145
54 56 36
54 58 61
54 60 262
54 61 153
54 62 364
54 63 50
54 64 105
54 66 604
54 67 207
54 68 645
54 69 334
54 70 209
54 71 429
54 72 13
54 73 150
54 74 503
54 75 566
55 1 86
55 2 263
55 3 296
55 4 278
55 5 372
55 6 408
55 7 70
55 8 555
55 9 826
55 10 391
55 11 704
55 12 622
55 13 818
55 14 200
55 15 9
55 16 878
55 17 461
55 18 514
55 19 241
55 20 862
55 21 618
55 22 196
55 24 69
55 25 614
55 26 529
55 27 629
55 28 395
55 29 542
55 30 778
55 31 897
55 32 459
55 33 863
55 34 159
55 35 106
55 36 493
55 37 530
55 38 513
55 39 562
55 40 436
55 41 339
55 42 304
55 44 491
55 45 312
55 46 122
55 50 43
55 51 672
55 52 351
55 53 855
55 54 185
55 56 592
55 57 717
55 58 803
55 59 787
55 60 137
55 61 768
55 62 668
55 63 117
55 64 162
55 65 561
55 66 894
55 67 58
55 68 19
55 69 108
55 70 568
55 71 124
55 72 600
55 73 449
55 74 989
55 75 513
56 1 885
56 2 679
56 3 817
56 4 727
56 5 990
56 6 290
56 7 769
56 8 661
56 9 640
56 10 624
56 11 198
56 12 231
56 13 692
56 14 352
56 15 370
56 16 180
56 17 119
56 18 389
56 19 296
56 20 281
56 21 949
56 22 541
56 23 338
56 24 319
56 25 648
56 26 258
56 27 794
56 28 600
56 29 706
56 30 782
56 31 112
56 33 942
56 34 460
56 35 280
56 36 669
56 37 801
56 38 569
56 39 789
56 40 462
56 41 561
56 42 764
56 43 659
56 44 143
56 45 455
56 46 10
56 47 864
56 48 634
56 49 128
56 50 252
56 51 281
56 52 760
56 53 200
56 55 821
56 57 98
56 58 870
56 59 469
56 60 707
56 61 664
56 62 420
56 63 412
56 64 445
56 65 883
56 66 706
56 67 905
56 68 163
56 69 374
56 70 705
56 71 83
56 72 514
56 73 518
56 74 995
56 75 278
57 1 528
57 2 138
57 3 84
57 4 889
57 5 1
57 6 70
57 7 369
57 8 253
57 9 350
57 10 128
57 11 804
57 12 171
57 13 577
57 14 674
57 16 991
57 17 283
57 18 337
57 19 410
57 20 47
57 21 133
57 22 644
57 23 752
57 24 37
57 25 158
57 26 477
57 27 94
57 30 241
57 31 990
57 32 963
57 33 587
57 34 267
57 35 843
57 36 724
57 37 703
57 38 731
57 39 725
57 40 772
57 41 451
57 42 329
57 43 121
57 44 931
57 45 484
57 46 291
57 47 507
57 48 157
57 49 633
57 50 142
57 51 845
57 52 394
57 53 188
57 54 978
57 55 38
57 56 939
57 58 366
57 59 195
57 60 415
57 61 811
57 62 787
57 63 756
57 64 126
57 65 374
57 66 375
57 67 968
57 68 449
57 69 77
57 70 50
57 71 525
57 72 848
57 73 501
57 74 853
57 75 968
58 1 431
58 2 337
58 3 611
58 4 289
58 5 845
58 6 595
58 7 430
58 8 42
58 9 989
58 10 969
58 11 371
58 12 378
58 13 259
58 14 736
58 15 572
58 16 673
58 17 899
58 18 711
58 19 781
58 20 24
58 21 436
58 22 155
58 23 991
58 24 884
58 25 231
58 26 392
58 27 409
58 28 78
58 29 892
58 30 613
58 31 397
58 32 674
58 33 301
58 34 7
58 35 315
58 37 498
58 38 954
58 39 96
58 40 539
58 41 942
58 42 65
58 43 261
58 44 319
58 45 323
58 46 996
58 48 242
58 49 348
58 50 246
58 51 304
58 52 128
58 53 621
58 54 739
58 55 634
58 56 963
58 57 975
58 59 864
58 60 355
58 61 383
58 62 293
58 63 246
58 64 347
58 65 689
58 66 272
58 67 648
58 68 48
58 69 586
58 70 497
58 71 1
58 72 33
58 73 387
58 74 294
58 75 449
59 1 647
59 2 964
59 3 772
59 4 994
59 5 205
59 6 471
59 7 240
59 8 861
59 9 950
59 10 860
59 11 599
59 12 583
59 13 823
59 14 573
59 15 798
59 16 529
59 17 307
59 18 90
59 19 126
59 20 6
59 21 130
59 22 397
59 23 5
59 24 529
59 25 334
59 26 501
59 27 529
59 28 367
59 29 887
59 30 174
59 31 815
59 32 533
59 33 137
59 34 938
59 35 878
59 36 694
59 37 760
59 38 117
59 39 554
59 40 61
59 41 329
59 42 152
59 44 643
59 45 503
59 46 77
59 47 440
59 48 31
59 49 735
59 50 881
59 51 156
59 52 740
59 53 11
59 54 905
59 55 96
59 56 539
59 57 238
59 58 596
59 60 420
59 61 956
59 62 834
59 63 945
59 64 123
59 65 718
59 66 82
59 67 412
59 68 596
59 69 127
59 70 172
59 72 64
59 73 680
59 74 232
59 75 392
60 1 183
60 2 227
60 3 246
60 4 611
60 5 18
60 6 276
60 7 346
60 8 251
60 9 784
60 10 437
60 11 261
60 12 688
60 13 533
60 14 151
60 15 277
60 16 480
60 17 922
60 18 233
60 19 666
60 20 219
60 22 707
60 23 383
60 24 300
60 25 118
60 26 978
60 27 778
60 28 641
60 29 42
60 30 457
60 31 225
60 32 785
60 33 991
60 34 803
60 35 31
60 36 602
60 37 820
60 39 658
60 40 299
60 41 70
60 42 441
60 43 87
60 44 682
60 45 128
60 46 971
60 47 185
60 48 757
60 49 451
60 50 458
60 51 341
60 52 116
60 53 676
60 54 47
60 55 850
60 56 327
60 57 516
60 58 180
60 59 104
60 61 509
60 62 221
60 63 912
60 64 733
60 65 357
60 66 903
60 67 887
60 68 387
60 69 856
60 70 58
60 71 397
60 72 154
60 73 128
60 74 837
60 75 240
61 1 161
61 2 317
61 3 211
61 4 697
61 5 73
61 6 13
61 7 507
61 8 413
61 9 480
61 11 182
61 12 811
61 13 329
61 14 861
61 15 678
61 16 508
61 17 316
61 18 186
61 19 80
61 20 228
61 21 270
61 22 789
61 23 482
61 24 156
61 25 175
61 26 337
61 27 214
61 28 571
61 29 490
61 30 693
61 32 760
61 33 81
61 34 205
61 35 76
61 36 643
61 37 902
61 38 500
61 39 655
61 40 760
61 41 264
61 42 486
61 43 941
61 44 426
61 45 815
61 46 153
61 47 103
61 48 674
61 49 469
61 50 289
61 51 106
61 52 696
61 53 558
61 54 894
61 55 177
61 56 66
61 57 420
61 58 513
61 59 279
61 60 343
61 62 354
61 63 323
61 64 102
61 65 786
61 66 527
61 67 529
61 68 429
61 70 780
61 71 380
61 72 83
61 73 539
61 74 995
61 75 921
62 1 832
62 2 420
62 3 735
62 4 984
62 5 522
62 6 760
62 7 452
62 8 162
62 9 865
62 10 499
62 11 72
62 12 110
62 13 27
62 14 137
62 15 530
62 16 891
62 17 767
62 18 872
62 19 244
62 20 441
62 21 325
62 22 30
62 23 319
62 24 205
62 25 810
62 26 451
62 27 584
62 28 244
62 29 989
62 30 578
62 31 164
62 32 172
62 33 349
62 34 898
62 35 508
62 36 870
62 37 10
62 38 311
62 39 384
62 40 226
62 41 810
62 42 455
62 43 336
62 44 188
62 45 943
62 46 865
62 47 79
62 48 61
62 49 736
62 50 322
62 51 501
62 52 412
62 53 703
62 54 819
62 55 616
62 56 512
62 57 269
62 58 551
62 59 108
62 60 610
62 61 128
62 64 271
62 65 133
62 66 476
62 67 521
62 68 640
62 69 697
62 71 530
62 72 951
62 73 80
62 74 755
62 75 112
63 1 886
63 3 90
63 4 299
63 5 828
63 6 954
63 7 377
63 8 240
63 9 41
63 10 51
63 11 740
63 12 804
63 13 105
63 14 911
63 15 419
63 16 969
63 17 179
63 18 969
63 19 76
63 20 140
63 21 448
63 22 346
63 23 273
63 24 275
63 25 866
63 26 912
63 27 324
63 28 747
63 29 214
63 30 403
63 31 502
63 32 677
63 33 641
63 34 943
63 35 976
63 36 820
63 37 249
63 38 704
63 39 60
63 40 641
63 41 106
63 42 799
63 43 445
63 44 211
63 45 709
63 46 215
63 47 531
63 48 240
63 49 536
63 50 958
63 51 379
63 52 983
63 53 303
63 54 3
63 55 610
63 56 521
63 57 267
63 58 933
63 59 619
63 60 480
63 61 335
63 62 472
63 64 157
63 65 327
63 66 415
63 67 484
63 68 147
63 69 15
63 70 187
63 71 206
63 72 655
63 73 645
63 74 356
63 75 451
64 1 207
64 2 65
64 3 666
64 4 737
64 5 656
64 6 201
64 7 694
64 8 386
64 10 535
64 11 348
64 12 389
64 13 144
64 14 220
64 15 655
64 16 76
64 17 839
64 18 134
64 19 763
64 20 310
64 21 642
64 22 89
64 23 76
64 24 477
64 25 235
64 26 90
64 27 16
64 28 792
64 29 745
64 30 660
64 31 148
64 32 195
64 33 866
64 34 564
64 35 212
64 36 954
64 37 219
64 38 412
64 39 647
64 40 604
64 41 947
64 42 346
64 43 992
64 44 90
64 45 566
64 46 998
64 47 166
64 48 756
64 49 484
64 50 928
64 51 65
64 52 477
64 53 16
64 54 493
64 56 954
64 57 603
64 58 582
64 59 969
64 60 394
64 61 678
64 62 628
64 63 541
64 65 225
64 66 845
64 67 104
64 68 436
64 69 798
64 70 674
64 71 848
64 72 796
64 73 278
64 74 146
64 75 493
65 1 621
65 2 235
65 3 58
65 4 971
65 5 752
65 7 813
65 8 454
65 9 31
65 10 230
65 11 930
65 12 399
65 13 722
65 14 883
65 15 1
65 16 655
65 17 203
65 18 746
65 19 333
65 20 182
65 21 639
65 22 557
65 23 26
65 24 742
65 25 992
65 26 175
65 27 768
65 28 191
65 29 970
65 30 45
65 31 688
65 32 815
65 33 17
65 34 275
65 35 872
65 36 339
65 37 26
65 38 37
65 39 792
65 40 409
65 41 618
65 42 74
65 43 807
65 44 691
65 45 308
65 46 159
65 47 345
65 48 511
65 49 904
65 50 677
65 51 692
65 52 542
65 53 585
65 54 70
65 55 636
65 56 929
65 57 244
65 58 403
65 59 471
65 60 566
65 61 799
65 62 159
65 63 380
65 64 167
65 66 433
65 67 603
65 68 506
65 69 810
65 70 639
65 71 649
65 72 218
65 73 608
65 74 722
65 75 376
66 1 298
66 2 382
66 3 886
66 4 995
66 5 892
66 6 790
66 7 23
66 9 583
66 10 683
66 11 608
66 12 4
66 13 670
66 14 888
66 15 248
66 16 72
66 17 710
66 18 813
66 19 222
66 20 868
66 21 192
66 22 389
66 23 652
66 24 146
66 25 246
66 26 814
66 27 137
66 28 246
66 29 383
66 30 744
66 31 968
66 32 759
66 33 394
66 34 349
66 35 644
66 37 388
66 38 592
66 39 785
66 40 762
66 41 526
66 42 820
66 43 721
66 44 530
66 46 489
66 47 608
66 48 777
66 49 913
66 50 318
66 51 941
66 52 134
66 53 537
66 54 484
66 55 874
66 56 189
66 57 629
66 58 471
66 59 354
66 60 765
66 61 717
66 62 736
66 63 861
66 64 36
66 65 846
66 67 254
66 68 736
66 69 842
66 70 993
66 71 327
66 72 978
66 73 754
66 74 204
66 75 797
67 1 475
67 2 733
67 3 638
67 4 82
67 5 861
67 6 550
67 7 751
67 8 153
67 9 35
67 10 640
67 11 636
67 12 261
67 13 180
67 14 617
67 15 731
67 16 533
67 17 381
67 18 799
67 19 268
67 20 241
67 21 186
67 22 466
67 24 846
67 25 921
67 26 307
67 27 838
67 28 599
67 29 284
67 30 592
67 31 155
67 32 81
67 33 418
67 34 887
67 35 718
67 36 851
67 37 100
67 38 619
67 39 602
67 40 252
67 41 5
67 42 593
67 43 240
67 44 265
67 45 772
67 46 856
67 47 348
67 48 304
67 49 588
67 50 146
67 51 923
67 52 181
67 53 332
67 54 388
67 55 26
67 56 604
67 57 694
67 58 216
67 59 555
67 60 978
67 61 807
67 62 709
67 63 410
67 64 576
67 65 947
67 66 479
67 68 426
67 69 46
67 70 449
67 71 379
67 72 650
67 73 453
67 74 971
67 75 241
68 1 718
68 2 742
68 3 448
68 4 65
68 5 397
68 6 35
68 7 562
68 8 320
68 9 215
68 10 245
68 11 707
68 12 593
68 13 201
68 14 753
68 15 808
68 16 755
68 17 82
68 18 966
68 19 463
68 20 491
68 21 541
68 22 409
68 23 321
68 24 966
68 25 455
68 26 769
68 27 697
68 28 456
68 29 221
68 30 667
68 31 48
68 32 290
68 33 761
68 34 495
68 35 706
68 36 157
68 37 529
68 38 268
68 39 476
68 40 96
68 41 864
68 42 535
68 43 688
68 44 64
68 45 287
68 46 495
68 47 818
68 49 368
68 50 812
68 51 280
68 52 210
68 53 352
68 54 41
68 55 530
68 56 669
68 57 847
68 58 650
68 59 365
68 60 302
68 61 222
68 62 384
68 63 349
68 64 864
68 65 144
68 66 843
68 67 569
68 69 652
68 70 723
68 71 188
68 72 128
68 73 818
68 74 52
68 75 662
69 1 857
69 2 467
69 3 300
69 4 703
69 5 637
69 7 667
69 8 514
69 9 916
69 10 228
69 11 217
69 12 308
69 13 109
69 14 238
69 15 154
69 16 758
69 17 954
69 19 455
69 20 331
69 21 337
69 22 155
69 23 194
69 24 832
69 25 349
69 26 763
69 27 484
69 28 424
69 29 950
69 30 963
69 31 593
69 32 353
69 33 976
69 34 450
69 35 172
69 36 275
69 37 504
69 38 808
69 39 293
69 40 370
69 41 75
69 42 520
69 43 586
69 44 383
69 45 628
69 46 823
69 47 536
69 48 737
69 49 129
69 50 343
69 51 67
69 52 465
69 53 497
69 54 261
69 55 649
69 56 198
69 57 375
69 58 484
69 59 621
69 60 676
69 61 798
69 62 565
69 63 381
69 64 773
69 65 366
69 66 552
69 67 399
69 68 870
69 70 359
69 71 43
69 72 239
69 73 433
69 74 914
69 75 176
70 1 167
70 2 893
70 3 351
70 4 703
70 5 629
70 6 479
70 7 45
70 8 47
70 9 295
70 10 893
70 11 307
70 12 295
70 13 442
70 14 33
70 15 778
70 16 62
70 17 709
70 18 927
70 19 979
70 20 441
70 21 51
70 22 344
70 23 992
70 24 801
70 25 213
70 26 702
70 27 843
70 28 803
70 29 486
70 30 756
70 31 331
70 33 653
70 34 1000
70 35 681
70 36 707
70 37 628
70 38 511
70 39 751
70 40 675
70 41 157
70 42 643
70 43 333
70 44 452
70 45 85
70 46 718
70 47 581
70 48 498
70 49 778
70 50 860
70 51 476
70 52 218
70 53 910
70 54 172
70 55 561
70 56 711
70 57 736
70 58 262
70 59 553
70 60 539
70 61 99
70 62 661
70 63 221
70 64 103
70 65 660
70 66 901
70 67 809
70 68 640
70 69 763
70 71 559
70 72 666
70 73 271
70 74 554
70 75 998
71 1 722
71 2 990
71 3 715
71 4 655
71 5 839
71 6 492
71 7 514
71 8 667
71 9 61
71 10 423
71 11 838
71 12 621
71 13 485
71 14 573
71 15 234
71 16 390
71 17 463
71 18 333
71 19 50
71 20 683
71 21 435
71 22 61
71 23 935
71 24 244
71 25 52
71 26 697
71 27 154
71 28 717
71 29 968
71 30 707
71 31 715
71 32 41
71 33 48
71 34 781
71 35 47
71 36 887
71 37 625
71 38 912
71 39 553
71 40 685
71 41 335
71 42 390
71 43 306
71 44 171
71 45 314
71 46 891
71 47 560
71 49 777
71 50 223
71 52 961
71 53 459
71 54 658
71 55 22
71 56 394
71 57 253
71 59 425
71 60 442
71 61 406
71 62 142
71 63 761
71 64 465
71 65 208
71 66 802
71 67 512
71 68 988
71 69 200
71 70 398
71 72 964
71 73 112
71 74 302
71 75 1
72 1 798
72 2 43
72 3 658
72 4 968
72 5 357
72 6 548
72 8 528
72 9 133
72 10 771
72 11 488
72 12 591
72 13 780
72 14 861
72 15 336
72 16 384
72 17 286
72 18 778
72 19 141
72 20 779
72 21 538
72 22 605
72 23 986
72 24 691
72 25 117
72 26 325
72 27 891
72 28 866
72 29 289
72 30 2
72 31 168
72 32 641
72 33 151
72 34 210
72 35 298
72 36 118
72 37 566
72 39 845
72 40 997
72 42 50
72 43 967
72 44 837
72 45 993
72 46 98
72 47 49
72 48 328
72 49 481
72 50 334
72 51 457
72 52 622
72 53 464
72 54 995
72 55 226
72 56 449
72 57 685
72 58 694
72 59 774
72 60 927
72 61 560
72 62 414
72 63 280
72 64 79
72 65 54
72 66 430
72 67 640
72 68 351
72 69 900
72 70 558
72 71 547
72 73 896
72 74 607
72 75 514
73 1 732
73 3 599
73 4 611
73 5 781
73 6 279
73 7 92
73 8 466
73 9 735
73 10 65
73 11 930
73 12 81
73 13 642
73 14 730
73 15 118
73 16 336
73 17 855
73 18 44
73 19 247
73 20 268
73 21 324
73 22 677
73 23 673
73 24 753
73 25 316
73 26 23
73 27 652
73 28 873
73 29 922
73 31 900
73 32 832
73 33 435
73 34 983
73 35 782
73 36 397
73 37 763
73 38 60
73 39 840
73 40 581
73 41 147
73 42 904
73 43 862
73 44 227
73 45 546
73 46 943
73 47 696
73 48 233
73 49 798
73 50 740
73 51 831
73 52 65
73 53 415
73 54 507
73 55 90
73 56 167
73 57 174
73 58 464
73 59 171
73 60 47
73 62 385
73 63 422
73 64 230
73 65 171
73 66 404
73 67 11
73 68 568
73 69 519
73 70 423
73 71 407
73 72 99
73 74 569
73 75 663
74 2 312
74 3 147
74 4 560
74 5 254
74 6 195
74 7 144
74 8 403
74 9 934
74 10 974
74 11 820
74 12 348
74 13 480
74 14 909
74 15 866
74 16 653
74 17 372
74 18 388
74 19 51
74 20 757
74 21 809
74 22 280
74 23 927
74 24 213
74 25 291
74 26 846
74 27 731
74 28 65
74 29 605
74 30 181
74 31 985
74 32 619
74 33 492
74 34 483
74 35 178
74 36 97
74 37 677
74 38 321
74 39 500
74 40 610
74 41 294
74 43 319
74 44 309
74 45 125
74 46 579
74 47 175
74 48 129
74 49 950
74 50 562
74 51 180
74 52 58
74 53 371
74 54 811
74 55 337
74 56 935
74 57 453
74 58 182
74 59 665
74 60 517
74 61 786
74 62 845
74 63 501
74 64 404
74 65 688
74 66 336
74 67 933
74 68 136
74 69 12
74 70 605
74 71 987
74 72 974
74 73 898
74 75 657
75 1 282
75 2 374
75 3 235
75 4 808
75 5 503
75 6 537
75 7 370
75 8 34
75 9 594
75 10 92
75 11 196
75 12 930
75 13 378
75 14 649
75 15 112
75 16 42
75 17 517
75 18 249
75 19 238
75 20 370
75 21 5
75 22 277
75 23 705
75 24 937
75 25 764
75 26 716
75 27 894
75 28 751
75 30 689
75 31 791
75 32 759
75 33 323
75 34 517
75 36 346
75 37 130
75 38 371
75 39 882
75 40 851
75 41 756
75 42 827
75 43 942
75 44 951
75 45 757
75 46 319
75 47 599
75 48 220
75 49 712
75 50 468
75 51 820
75 52 301
75 53 837
75 54 176
75 55 577
75 56 541
75 57 465
75 58 693
75 59 256
75 60 358
75 61 443
75 62 297
75 63 500
75 64 553
75 65 619
75 66 16
75 67 250
75 68 748
75 69 386
75 70 131
75 71 599
75 72 493
75 73 310
75 74 892

END

R
1 2 4
1 3 1
1 4 4
1 5 5
1 6 1
1 7 4
1 8 1
1 9 1
1 10 5
1 11 5
1 12 1
1 13 1
1 14 4
1 15 2
1 16 1
1 17 3
1 18 5
1 19 5
1 20 1
1 21 2
1 22 3
1 23 3
1 24 5
1 25 3
1 26 2
1 27 4
1 28 5
1 29 2
1 30 3
1 31 3
1 32 4
1 33 1
1 34 5
1 35 5
1 36 3
1 37 3
1 38 5
1 39 3
1 40 3
1 41 4
1 42 4
1 43 5
1 44 1
1 45 4
1 46 4
1 47 1
1 48 1
1 49 5
1 50 3
1 51 1
1 52 3
1 53 2
1 54 3
1 55 2
1 56 1
1 57 1
1 58 5
1 59 1
1 60 2
1 61 2
1 62 5
1 63 3
1 64 3
1 65 4
1 66 4
1 67 2
1 68 1
1 69 3
1 70 4
1 71 1
1 72 3
1 73 4
1 74 2
1 75 4
2 1 3
2 3 2
2 4 1
2 5 5
2 6 1
2 7 3
2 8 3
2 9 3
2 10 1
2 11 5
2 12 4
2 13 2
2 14 3
2 15 4
2 16 2
2 17 4
2 18 2
2 19 1
2 20 3
2 21 1
2 22 1
2 23 1
2 24 2
2 25 2
2 26 3
2 27 2
2 28 4
2 29 1
2 30 1
2 31 5
2 32 1
2 33 5
2 34 2
2 35 1
2 36 4
2 37 2
2 38 1
2 39 1
2 40 5
2 41 1
2 42 3
2 43 5
2 44 4
2 45 5
2 46 3
2 47 5
2 48 5
2 49 2
2 50 2
2 51 3
2 52 2
2 53 3
2 54 3
2 55 4
2 56 1
2 57 3
2 58 5
2 59 4
2 60 3
2 61 2
2 62 3
2 63 3
2 64 1
2 65 4
2 66 5
2 67 5
2 68 3
2 69 2
2 70 5
2 71 4
2 72 5
2 73 4
2 74 3
2 75 3
3 1 3
3 2 1
3 4 5
3 5 3
3 6 2
3 7 1
3 8 2
3 9 5
3 10 5
3 11 4
3 12 3
3 13 5
3 14 1
3 15 5
3 16 3
3 17 5
3 18 3
3 19 3
3 20 4
3 21 4
3 22 3
3 23 4
3 24 5
3 25 5
3 26 2
3 27 1
3 28 3
3 29 1
3 30 5
3 31 3
3 32 4
3 33 2
3 34 5
3 35 3
3 36 1
3 37 1
3 38 5
3 39 4
3 40 2
3 41 5
3 42 3
3 43 2
3 44 4
3 45 5
3 46 3
3 47 4
3 48 5
3 49 5
3 50 1
3 51 3
3 52 3
3 53 5
3 54 3
3 55 2
3 56 5
3 57 5
3 58 3
3 59 4
3 60 2
3 61 4
3 62 1
3 63 5
3 64 5
3 65 5
3 66 4
3 67 3
3 68 2
3 69 4
3 70 1
3 71 1
3 72 5
3 73 5
3 74 2
3 75 5
4 1 5
4 2 4
4 3 3
4 5 4
4 6 3
4 7 5
4 8 3
4 9 3
4 10 5
4 11 3
4 12 1
4 13 1
4 14 2
4 15 3
4 16 1
4 17 5
4 18 1
4 19 4
4 20 5
4 21 3
4 22 5
4 23 5
4 24 2
4 25 4
4 26 5
4 27 4
4 28 4
4 29 4
4 30 4
4 31 2
4 32 4
4 33 5
4 34 5
4 35 3
4 36 5
4 37 4
4 38 5
4 39 2
4 40 1
4 41 1
4 42 4
4 43 2
4 44 3
4 45 2
4 46 1
4 47 5
4 48 2
4 49 4
4 50 5
4 51 3
4 52 3
4 53 5
4 54 4
4 55 1
4 56 5
4 57 4
4 58 4
4 59 5
4 60 2
4 61 4
4 62 1
4 63 2
4 64 3
4 65 2
4 66 2
4 67 2
4 68 5
4 69 3
4 70 1
4 71 3
4 72 5
4 73 1
4 74 1
4 75 2
5 1 5
5 2 1
5 3 3
5 4 3
5 6 1
5 7 3
5 8 2
5 9 3
5 10 4
5 11 5
5 12 3
5 13 3
5 14 3
5 15 4
5 16 4
5 17 2
5 18 2
5 19 4
5 20 3
5 21 2
5 22 2
5 23 1
5 24 5
5 25 1
5 26 3
5 27 5
5 28 5
5 29 2
5 30 3
5 31 5
5 32 5
5 33 2
5 34 3
5 35 5
5 36 1
5 37 3
5 38 2
5 39 2
5 40 3
5 41 5
5 42 1
5 43 5
5 44 4
5 45 1
5 46 5
5 47 2
5 48 2
5 49 2
5 50 2
5 51 1
5 52 5
5 53 3
5 54 2
5 55 4
5 56 5
5 57 1
5 58 1
5 59 5
5 60 5
5 61 3
5 62 1
5 63 1
5 64 1
5 65 3
5 66 5
5 67 1
5 68 3
5 69 1
5 70 4
5 71 5
5 72 2
5 73 4
5 74 1
5 75 2
6 1 1
6 2 1
6 3 5
6 4 2
6 5 4
6 7 1
6 8 3
6 9 3
6 10 5
6 11 4
6 12 3
6 13 2
6 14 1
6 15 3
6 16 3
6 17 5
6 18 2
6 19 3
6 20 1
6 21 2
6 22 3
6 23 5
6 24 4
6 25 5
6 26 3
6 27 2
6 28 1
6 29 4
6 30 3
6 31 1
6 32 1
6 33 3
6 34 3
6 35 5
6 36 5
6 37 3
6 38 3
6 39 4
6 40 2
6 41 4
6 42 2
6 43 5
6 44 5
6 45 2
6 46 4
6 47 2
6 48 4
6 49 1
6 50 5
6 51 4
6 52 4
6 53 4
6 54 5
6 55 3
6 56 3
6 57 2
6 58 1
6 59 3
6 60 1
6 61 3
6 62 5
6 63 3
6 64 3
6 65 5
6 66 2
6 67 2
6 68 4
6 69 1
6 70 5
6 71 1
6 72 5
6 73 3
6 74 2
6 75 4
7 1 1
7 2 2
7 3 3
7 4 1
7 5 2
7 6 2
7 8 4
7 9 3
7 10 5
7 11 4
7 12 5
7 13 4
7 14 2
7 15 5
7 16 3
7 17 2
7 18 5
7 19 4
7 20 4
7 21 2
7 22 3
7 23 3
7 24 5
7 25 2
7 26 5
7 27 1
7 28 4
7 29 4
7 30 5
7 31 2
7 32 5
7 33 2
7 34 3
7 35 2
7 36 3
7 37 5
7 38 5
7 39 3
7 40 2
7 41 1
7 42 3
7 43 3
7 44 1
7 45 5
7 46 4
7 47 3
7 48 1
7 49 5
7 50 1
7 51 2
7 52 1
7 53 1
7 54 1
7 55 2
7 56 4
7 57 5
7 58 4
7 59 4
7 60 1
7 61 3
7 62 5
7 63 2
7 64 2
7 65 2
7 66 5
7 67 4
7 68 1
7 69 1
7 70 1
7 71 4
7 72 3
7 73 4
7 74 3
7 75 3
8 1 3
8 2 2
8 3 5
8 4 5
8 5 1
8 6 2
8 7 3
8 9 4
8 10 4
8 11 3
8 12 2
8 13 4
8 14 5
8 15 1
8 16 2
8 17 2
8 18 5
8 19 1
8 20 3
8 21 1
8 22 3
8 23 4
8 24 1
8 25 5
8 26 4
8 27 4
8 28 1
8 29 1
8 30 4
8 31 3
8 32 5
8 33 1
8 34 1
8 35 1
8 36 2
8 37 4
8 38 2
8 39 5
8 40 2
8 41 3
8 42 4
8 43 5
8 44 1
8 45 3
8 46 2
8 47 3
8 48 4
8 49 2
8 50 3
8 51 3
8 52 4
8 53 2
8 54 3
8 55 2
8 56 2
8 57 3
8 58 5
8 59 2
8 60 3
8 61 3
8 62 1
8 63 4
8 64 5
8 65 2
8 66 4
8 67 3
8 68 5
8 69 3
8 70 2
8 71 3
8 72 5
8 73 1
8 74 4
8 75 5
9 1 5
9 2 1
9 3 4
9 4 1
9 5 4
9 6 4
9 7 3
9 8 4
9 10 5
9 11 3
9 12 5
9 13 3
9 14 5
9 15 1
9 16 1
9 17 5
9 18 5
9 19 2
9 20 3
9 21 4
9 22 5
9 23 2
9 24 2
9 25 1
9 26 4
9 27 5
9 28 5
9 29 5
9 30 2
9 31 3
9 32 1
9 33 2
9 34 3
9 35 5
9 36 2
9 37 3
9 38 5
9 39 1
9 40 2
9 41 4
9 42 3
9 43 1
9 44 2
9 45 3
9 46 2
9 47 2
9 48 2
9 49 1
9 50 5
9 51 1
9 52 2
9 53 4
9 54 2
9 55 5
9 56 4
9 57 2
9 58 4
9 59 3
9 60 1
9 61 1
9 62 1
9 63 4
9 64 2
9 65 5
9 66 3
9 67 5
9 68 3
9 69 2
9 70 5
9 71 4
9 72 2
9 73 3
9 74 1
9 75 5
10 1 5
10 2 4
10 3 4
10 4 3
10 5 2
10 6 3
10 7 3
10 8 3
10 9 2
10 11 2
10 12 4
10 13 2
10 14 5
10 15 2
10 16 5
10 17 1
10 18 4
10 19 2
10 20 4
10 21 2
10 22 3
10 23 3
10 24 1
10 25 5
10 26 1
10 27 3
10 28 5
10 29 4
10 30 5
10 31 3
10 32 4
10 33 1
10 34 1
10 35 2
10 36 5
10 37 2
10 38 4
10 39 4
10 40 1
10 41 2
10 42 5
10 43 4
10 44 4
10 45 5
10 46 3
10 47 5
10 48 2
10 49 1
10 50 3
10 51 2
10 52 5
10 53 5
10 54 1
10 55 2
10 56 2
10 57 1
10 58 4
10 59 1
10 60 4
10 61 3
10 62 5
10 63 4
10 64 5
10 65 1
10 66 5
10 67 4
10 68 4
10 69 1
10 70 3
10 71 5
10 72 4
10 73 4
10 74 3
10 75 2
11 1 5
11 2 5
11 3 3
11 4 3
11 5 3
11 6 5
11 7 4
11 8 4
11 9 5
11 10 1
11 12 5
11 13 1
11 14 3
11 15 4
11 16 3
11 17 4
11 18 3
11 19 3
11 20 2
11 21 5
11 22 5
11 23 4
11 24 5
11 25 3
11 26 4
11 27 4
11 28 2
11 29 2
11 30 3
11 31 2
11 32 1
11 33 4
11 34 3
11 35 3
11 36 2
11 37 5
11 38 3
11 39 2
11 40 5
11 41 4
11 42 3
11 43 5
11 44 1
11 45 5
11 46 5
11 47 3
11 48 3
11 49 4
11 50 2
11 51 5
11 52 3
11 53 3
11 54 3
11 55 5
11 56 1
11 57 3
11 58 3
11 59 4
11 60 1
11 61 5
11 62 2
11 63 1
11 64 1
11 65 5
11 66 4
11 67 2
11 68 1
11 69 3
11 70 3
11 71 1
11 72 1
11 73 2
11 74 2
11 75 1
12 1 2
12 2 1
12 3 5
12 4 4
12 5 1
12 6 4
12 7 5
12 8 1
12 9 1
12 10 4
12 11 5
12 13 3
12 14 1
12 15 2
12 16 4
12 17 2
12 18 4
12 19 5
12 20 4
12 21 4
12 22 4
12 23 4
12 24 5
12 25 5
12 26 1
12 27 4
12 28 2
12 29 3
12 30 1
12 31 3
12 32 5
12 33 2
12 34 5
12 35 2
12 36 2
12 37 5
12 38 5
12 39 4
12 40 5
12 41 2
12 42 2
12 43 4
12 44 2
12 45 5
12 46 3
12 47 5
12 48 3
12 49 1
12 50 1
12 51 1
12 52 4
12 53 5
12 54 5
12 55 3
12 56 1
12 57 2
12 58 3
12 59 2
12 60 5
12 61 3
12 62 1
12 63 1
12 64 4
12 65 5
12 66 2
12 67 3
12 68 1
12 69 3
12 70 1
12 71 1
12 72 2
12 73 4
12 74 1
12 75 5
13 1 3
13 2 3
13 3 4
13 4 5
13 5 3
13 6 1
13 7 3
13 8 3
13 9 5
13 10 4
13 11 2
13 12 2
13 14 5
13 15 5
13 16 5
13 17 1
13 18 2
13 19 5
13 20 2
13 21 3
13 22 1
13 23 5
13 24 5
13 25 2
13 26 5
13 27 2
13 28 4
13 29 1
13 30 5
13 31 1
13 32 5
13 33 3
13 34 4
13 35 5
13 36 4
13 37 3
13 38 5
13 39 3
13 40 3
13 41 2
13 42 1
13 43 4
13 44 5
13 45 1
13 46 3
13 47 5
13 48 3
13 49 2
13 50 1
13 51 4
13 52 4
13 53 4
13 54 1
13 55 5
13 56 5
13 57 5
13 58 1
13 59 5
13 60 2
13 61 5
13 62 5
13 63 1
13 64 4
13 65 5
13 66 2
13 67 5
13 68 5
13 69 3
13 70 2
13 71 2
13 72 1
13 73 3
13 74 2
13 75 1
14 1 5
14 2 5
14 3 2
14 4 2
14 5 3
14 6 4
14 7 3
14 8 1
14 9 2
14 10 3
14 11 5
14 12 3
14 13 4
14 15 5
14 16 4
14 17 5
14 18 1
14 19 4
14 20 2
14 21 5
14 22 5
14 23 3
14 24 4
14 25 1
14 26 2
14 27 5
14 28 2
14 29 3
14 30 4
14 31 1
14 32 5
14 33 3
14 34 5
14 35 3
14 36 2
14 37 2
14 38 1
14 39 4
14 40 4
14 41 5
14 42 3
14 43 3
14 44 4
14 45 1
14 46 4
14 47 3
14 48 5
14 49 4
14 50 3
14 51 3
14 52 5
14 53 4
14 54 5
14 55 3
14 56 5
14 57 3
14 58 5
14 59 3
14 60 2
14 61 5
14 62 3
14 63 1
14 64 3
14 65 4
14 66 3
14 67 1
14 68 2
14 69 1
14 70 4
14 71 5
14 72 2
14 73 3
14 74 4
14 75 2
15 1 3
15 2 4
15 3 4
15 4 4
15 5 3
15 6 3
15 7 1
15 8 4
15 9 2
15 10 2
15 11 2
15 12 3
15 13 4
15 14 3
15 16 5
15 17 1
15 18 2
15 19 3
15 20 3
15 21 1
15 22 1
15 23 3
15 24 1
15 25 5
15 26 5
15 27 1
15 28 4
15 29 1
15 30 3
15 31 5
15 32 2
15 33 2
15 34 3
15 35 3
15 36 5
15 37 5
15 38 2
15 39 2
15 40 4
15 41 5
15 42 3
15 43 2
15 44 2
15 45 4
15 46 1
15 47 2
15 48 1
15 49 4
15 50 1
15 51 5
15 52 5
15 53 3
15 54 2
15 55 2
15 56 2
15 57 1
15 58 3
15 59 3
15 60 3
15 61 2
15 62 2
15 63 2
15 64 4
15 65 4
15 66 1
15 67 3
15 68 1
15 69 2
15 70 2
15 71 1
15 72 2
15 73 1
15 74 4
15 75 3
16 1 4
16 2 4
16 3 1
16 4 1
16 5 2
16 6 3
16 7 1
16 8 3
16 9 1
16 10 2
16 11 2
16 12 4
16 13 5
16 14 4
16 15 1
16 17 4
16 18 5
16 19 2
16 20 5
16 21 3
16 22 1
16 23 5
16 24 3
16 25 3
16 26 2
16 27 1
16 28 3
16 29 5
16 30 1
16 31 1
16 32 4
16 33 5
16 34 4
16 35 5
16 36 5
16 37 2
16 38 4
16 39 2
16 40 2
16 41 4
16 42 4
16 43 3
16 44 5
16 45 5
16 46 1
16 47 5
16 48 3
16 49 2
16 50 4
16 51 5
16 52 2
16 53 1
16 54 4
16 55 1
16 56 3
16 57 2
16 58 1
16 59 5
16 60 3
16 61 1
16 62 5
16 63 2
16 64 2
16 65 5
16 66 3
16 67 4
16 68 3
16 69 1
16 70 5
16 71 4
16 72 2
16 73 5
16 74 1
16 75 1
17 1 1
17 2 3
17 3 5
17 4 4
17 5 2
17 6 5
17 7 3
17 8 3
17 9 5
17 10 3
17 11 5
17 12 4
17 13 2
17 14 2
17 15 3
17 16 4
17 18 2
17 19 4
17 20 2
17 21 1
17 22 3
17 23 4
17 24 4
17 25 1
17 26 5
17 27 5
17 28 4
17 29 1
17 30 5
17 31 2
17 32 1
17 33 5
17 34 1
17 35 2
17 36 5
17 37 2
17 38 2
17 39 4
17 40 1
17 41 3
17 42 2
17 43 2
17 44 2
17 45 5
17 46 3
17 47 1
17 48 5
17 49 5
17 50 5
17 51 2
17 52 5
17 53 2
17 54 5
17 55 5
17 56 4
17 57 1
17 58 4
17 59 5
17 60 3
17 61 5
17 62 3
17 63 5
17 64 2
17 65 3
17 66 2
17 67 1
17 68 2
17 69 5
17 70 2
17 71 2
17 72 4
17 73 5
17 74 4
17 75 2
18 1 4
18 2 1
18 3 3
18 4 3
18 5 2
18 6 2
18 7 1
18 8 3
18 9 5
18 10 3
18 11 4
18 12 1
18 13 3
18 14 3
18 15 5
18 16 1
18 17 4
18 19 2
18 20 2
18 21 5
18 22 1
18 23 5
18 24 3
18 25 2
18 26 1
18 27 4
18 28 1
18 29 5
18 30 3
18 31 1
18 32 1
18 33 3
18 34 3
18 35 5
18 36 2
18 37 5
18 38 1
18 39 3
18 40 4
18 41 3
18 42 5
18 43 3
18 44 3
18 45 4
18 46 2
18 47 4
18 48 1
18 49 5
18 50 2
18 51 3
18 52 2
18 53 2
18 54 2
18 55 1
18 56 1
18 57 3
18 58 4
18 59 1
18 60 4
18 61 3
18 62 1
18 63 4
18 64 5
18 65 3
18 66 4
18 67 1
18 68 4
18 69 1
18 70 5
18 71 3
18 72 3
18 73 4
18 74 2
18 75 2
19 1 3
19 2 5
19 3 5
19 4 5
19 5 1
19 6 1
19 7 2
19 8 2
19 9 5
19 10 4
19 11 2
19 12 5
19 13 3
19 14 2
19 15 5
19 16 1
19 17 1
19 18 2
19 20 1
19 21 5
19 22 1
19 23 4
19 24 3
19 25 5
19 26 2
19 27 4
19 28 4
19 29 1
19 30 5
19 31 2
19 32 3
19 33 4
19 34 1
19 35 2
19 36 3
19 37 1
19 38 5
19 39 5
19 40 5
19 41 4
19 42 3
19 43 3
19 44 3
19 45 2
19 46 5
19 47 4
19 48 2
19 49 2
19 50 2
19 51 2
19 52 4
19 53 2
19 54 3
19 55 3
19 56 3
19 57 4
19 58 1
19 59 3
19 60 1
19 61 5
19 62 1
19 63 3
19 64 3
19 65 1
19 66 2
19 67 1
19 68 4
19 69 3
19 70 2
19 71 3
19 72 1
19 73 1
19 74 2
19 75 5
20 1 2
20 2 3
20 3 5
20 4 3
20 5 5
20 6 1
20 7 4
20 8 3
20 9 4
20 10 3
20 11 5
20 12 4
20 13 1
20 14 2
20 15 1
20 16 4
20 17 2
20 18 2
20 19 3
20 21 1
20 22 4
20 23 4
20 24 3
20 25 4
20 26 1
20 27 4
20 28 3
20 29 3
20 30 4
20 31 5
20 32 2
20 33 2
20 34 2
20 35 3
20 36 4
20 37 3
20 38 3
20 39 5
20 40 5
20 41 2
20 42 2
20 43 1
20 44 2
20 45 5
20 46 3
20 47 2
20 48 5
20 49 1
20 50 5
20 51 2
20 52 1
20 53 1
20 54 1
20 55 4
20 56 4
20 57 3
20 58 4
20 59 2
20 60 3
20 61 5
20 62 1
20 63 1
20 64 1
20 65 4
20 66 4
20 67 2
20 68 2
20 69 1
20 70 3
20 71 3
20 72 4
20 73 1
20 74 4
20 75 5
21 1 5
21 2 1
21 3 4
21 4 4
21 5 3
21 6 5
21 7 3
21 8 3
21 9 5
21 10 3
21 11 3
21 12 4
21 13 2
21 14 2
21 15 5
21 16 1
21 17 3
21 18 2
21 19 2
21 20 3
21 22 5
21 23 5
21 24 1
21 25 1
21 26 2
21 27 3
21 28 1
21 29 3
21 30 4
21 31 4
21 32 4
21 33 5
21 34 1
21 35 2
21 36 1
21 37 3
21 38 4
21 39 3
21 40 5
21 41 3
21 42 2
21 43 5
21 44 1
21 45 5
21 46 3
21 47 2
21 48 1
21 49 5
21 50 5
21 51 4
21 52 4
21 53 5
21 54 3
21 55 5
21 56 2
21 57 1
21 58 4
21 59 2
21 60 3
21 61 2
21 62 5
21 63 4
21 64 4
21 65 2
21 66 2
21 67 4
21 68 4
21 69 5
21 70 1
21 71 1
21 72 3
21 73 4
21 74 5
21 75 5
22 1 3
22 2 4
22 3 4
22 4 3
22 5 3
22 6 3
22 7 1
22 8 1
22 9 4
22 10 5
22 11 2
22 12 1
22 13 3
22 14 1
22 15 4
22 16 2
22 17 4
22 18 1
22 19 5
22 20 4
22 21 2
22 23 2
22 24 2
22 25 3
22 26 3
22 27 4
22 28 3
22 29 2
22 30 2
22 31 4
22 32 4
22 33 2
22 34 2
22 35 2
22 36 1
22 37 1
22 38 1
22 39 4
22 40 3
22 41 5
22 42 5
22 43 2
22 44 2
22 45 2
22 46 4
22 47 5
22 48 4
22 49 4
22 50 5
22 51 5
22 52 3
22 53 4
22 54 3
22 55 4
22 56 1
22 57 1
22 58 5
22 59 5
22 60 2
22 61 3
22 62 5
22 63 5
22 64 4
22 65 3
22 66 3
22 67 2
22 68 5
22 69 4
22 70 5
22 71 2
22 72 5
22 73 1
22 74 3
22 75 1
23 1 3
23 2 3
23 3 5
23 4 3
23 5 2
23 6 2
23 7 2
23 8 4
23 9 2
23 10 5
23 11 4
23 12 4
23 13 2
23 14 5
23 15 3
23 16 5
23 17 3
23 18 4
23 19 5
23 20 3
23 21 1
23 22 4
23 24 4
23 25 5
23 26 4
23 27 5
23 28 3
23 29 3
23 30 1
23 31 3
23 32 3
23 33 5
23 34 5
23 35 5
23 36 2
23 37 1
23 38 3
23 39 5
23 40 1
23 41 4
23 42 1
23 43 5
23 44 2
23 45 2
23 46 1
23 47 1
23 48 2
23 49 3
23 50 4
23 51 3
23 52 3
23 53 1
23 54 3
23 55 3
23 56 5
23 57 2
23 58 3
23 59 2
23 60 4
23 61 5
23 62 4
23 63 4
23 64 1
23 65 1
23 66 5
23 67 2
23 68 3
23 69 2
23 70 3
23 71 4
23 72 2
23 73 4
23 74 5
23 75 5
24 1 2
24 2 5
24 3 2
24 4 3
24 5 5
24 6 5
24 7 2
24 8 2
24 9 5
24 10 5
24 11 4
24 12 1
24 13 3
24 14 3
24 15 2
24 16 1
24 17 4
24 18 3
24 19 1
24 20 4
24 21 5
24 22 5
24 23 2
24 25 2
24 26 3
24 27 5
24 28 5
24 29 1
24 30 3
24 31 1
24 32 2
24 33 1
24 34 3
24 35 3
24 36 4
24 37 2
24 38 2
24 39 2
24 40 5
24 41 3
24 42 3
24 43 3
24 44 3
24 45 5
24 46 3
24 47 2
24 48 3
24 49 1
24 50 1
24 51 5
24 52 2
24 53 5
24 54 5
24 55 3
24 56 1
24 57 4
24 58 4
24 59 3
24 60 2
24 61 3
24 62 3
24 63 3
24 64 4
24 65 2
24 66 1
24 67 4
24 68 3
24 69 4
24 70 2
24 71 2
24 72 2
24 73 5
24 74 2
24 75 4
25 1 1
25 2 4
25 3 2
25 4 3
25 5 1
25 6 2
25 7 5
25 8 4
25 9 1
25 10 1
25 11 4
25 12 4
25 13 4
25 14 2
25 15 1
25 16 2
25 17 2
25 18 5
25 19 5
25 20 5
25 21 2
25 22 5
25 23 5
25 24 1
25 26 5
25 27 1
25 28 3
25 29 1
25 30 2
25 31 1
25 32 2
25 33 3
25 34 1
25 35 3
25 36 2
25 37 3
25 38 2
25 39 1
25 40 2
25 41 2
25 42 1
25 43 2
25 44 5
25 45 2
25 46 5
25 47 2
25 48 3
25 49 1
25 50 4
25 51 4
25 52 2
25 53 5
25 54 5
25 55 1
25 56 2
25 57 5
25 58 2
25 59 1
25 60 5
25 61 3
25 62 1
25 63 3
25 64 2
25 65 3
25 66 1
25 67 4
25 68 1
25 69 4
25 70 1
25 71 4
25 72 5
25 73 4
25 74 5
25 75 2
26 1 5
26 2 4
26 3 5
26 4 4
26 5 2
26 6 3
26 7 3
26 8 3
26 9 4
26 10 2
26 11 4
26 12 1
26 13 3
26 14 2
26 15 1
26 16 3
26 17 1
26 18 4
26 19 2
26 20 3
26 21 1
26 22 4
26 23 3
26 24 1
26 25 2
26 27 3
26 28 1
26 29 4
26 30 3
26 31 5
26 32 2
26 33 2
26 34 1
26 35 1
26 36 3
26 37 2
26 38 1
26 39 5
26 40 4
26 41 4
26 42 3
26 43 4
26 44 1
26 45 1
26 46 2
26 47 2
26 48 5
26 49 3
26 50 2
26 51 3
26 52 2
26 53 2
26 54 2
26 55 1
26 56 5
26 57 3
26 58 5
26 59 5
26 60 1
26 61 3
26 62 2
26 63 2
26 64 4
26 65 2
26 66 5
26 67 3
26 68 5
26 69 5
26 70 2
26 71 5
26 72 3
26 73 2
26 74 4
26 75 4
27 1 4
27 2 5
27 3 2
27 4 5
27 5 4
27 6 3
27 7 2
27 8 2
27 9 1
27 10 3
27 11 2
27 12 5
27 13 3
27 14 2
27 15 2
27 16 3
27 17 4
27 18 3
27 19 2
27 20 4
27 21 1
27 22 1
27 23 2
27 24 5
27 25 2
27 26 5
27 28 4
27 29 4
27 30 3
27 31 4
27 32 4
27 33 1
27 34 1
27 35 2
27 36 2
27 37 4
27 38 1
27 39 4
27 40 1
27 41 2
27 42 1
27 43 4
27 44 3
27 45 3
27 46 5
27 47 1
27 48 3
27 49 5
27 50 5
27 51 1
27 52 1
27 53 5
27 54 3
27 55 4
27 56 1
27 57 4
27 58 5
27 59 5
27 60 4
27 61 3
27 62 5
27 63 3
27 64 5
27 65 5
27 66 1
27 67 2
27 68 4
27 69 2
27 70 5
27 71 1
27 72 5
27 73 2
27 74 4
27 75 4
28 1 2
28 2 1
28 3 5
28 4 1
28 5 5
28 6 4
28 7 1
28 8 5
28 9 4
28 10 5
28 11 5
28 12 1
28 13 3
28 14 5
28 15 5
28 16 1
28 17 2
28 18 5
28 19 5
28 20 1
28 21 1
28 22 1
28 23 4
28 24 4
28 25 4
28 26 3
28 27 1
28 29 3
28 30 2
28 31 5
28 32 1
28 33 3
28 34 5
28 35 5
28 36 5
28 37 1
28 38 1
28 39 2
28 40 3
28 41 1
28 42 1
28 43 2
28 44 1
28 45 3
28 46 1
28 47 1
28 48 5
28 49 4
28 50 2
28 51 2
28 52 5
28 53 4
28 54 4
28 55 3
28 56 3
28 57 2
28 58 3
28 59 5
28 60 1
28 61 4
28 62 4
28 63 1
28 64 3
28 65 5
28 66 3
28 67 2
28 68 3
28 69 3
28 70 3
28 71 5
28 72 5
28 73 5
28 74 3
28 75 5
29 1 4
29 2 4
29 3 2
29 4 3
29 5 2
29 6 5
29 7 1
29 8 3
29 9 4
29 10 4
29 11 3
29 12 3
29 13 2
29 14 2
29 15 2
29 16 2
29 17 2
29 18 3
29 19 5
29 20 4
29 21 4
29 22 4
29 23 2
29 24 1
29 25 3
29 26 1
29 27 5
29 28 2
29 30 5
29 31 3
29 32 1
29 33 3
29 34 3
29 35 5
29 36 2
29 37 1
29 38 4
29 39 5
29 40 4
29 41 2
29 42 5
29 43 3
29 44 4
29 45 2
29 46 4
29 47 3
29 48 5
29 49 5
29 50 5
29 51 1
29 52 3
29 53 3
29 54 1
29 55 1
29 56 4
29 57 3
29 58 3
29 59 5
29 60 4
29 61 2
29 62 4
29 63 2
29 64 1
29 65 3
29 66 1
29 67 2
29 68 4
29 69 1
29 70 1
29 71 4
29 72 3
29 73 1
29 74 1
29 75 3
30 1 4
30 2 4
30 3 5
30 4 5
30 5 3
30 6 4
30 7 1
30 8 2
30 9 4
30 10 1
30 11 2
30 12 4
30 13 1
30 14 4
30 15 3
30 16 1
30 17 2
30 18 4
30 19 4
30 20 2
30 21 3
30 22 4
30 23 5
30 24 1
30 25 5
30 26 3
30 27 4
30 28 4
30 29 5
30 31 4
30 32 1
30 33 5
30 34 4
30 35 1
30 36 4
30 37 1
30 38 1
30 39 1
30 40 4
30 41 4
30 42 4
30 43 5
30 44 2
30 45 1
30 46 5
30 47 2
30 48 1
30 49 3
30 50 2
30 51 5
30 52 1
30 53 4
30 54 5
30 55 3
30 56 5
30 57 1
30 58 2
30 59 5
30 60 4
30 61 1
30 62 1
30 63 5
30 64 2
30 65 4
30 66 2
30 67 2
30 68 2
30 69 2
30 70 3
30 71 5
30 72 3
30 73 3
30 74 2
30 75 4
31 1 3
31 2 3
31 3 2
31 4 5
31 5 1
31 6 3
31 7 4
31 8 3
31 9 2
31 10 1
31 11 5
31 12 3
31 13 1
31 14 1
31 15 4
31 16 5
31 17 3
31 18 4
31 19 1
31 20 4
31 21 5
31 22 4
31 23 3
31 24 1
31 25 2
31 26 2
31 27 5
31 28 4
31 29 4
31 30 1
31 32 3
31 33 3
31 34 1
31 35 1
31 36 2
31 37 1
31 38 4
31 39 3
31 40 3
31 41 2
31 42 5
31 43 5
31 44 4
31 45 5
31 46 5
31 47 4
31 48 1
31 49 5
31 50 3
31 51 3
31 52 5
31 53 4
31 54 1
31 55 2
31 56 4
31 57 3
31 58 3
31 59 5
31 60 1
31 61 3
31 62 3
31 63 5
31 64 5
31 65 3
31 66 3
31 67 4
31 68 5
31 69 1
31 70 3
31 71 4
31 72 2
31 73 2
31 74 3
31 75 2
32 1 3
32 2 5
32 3 5
32 4 4
32 5 4
32 6 4
32 7 1
32 8 5
32 9 2
32 10 2
32 11 2
32 12 2
32 13 1
32 14 4
32 15 2
32 16 3
32 17 2
32 18 1
32 19 5
32 20 3
32 21 3
32 22 2
32 23 3
32 24 2
32 25 2
32 26 5
32 27 5
32 28 5
32 29 3
32 30 5
32 31 3
32 33 1
32 34 4
32 35 4
32 36 1
32 37 4
32 38 5
32 39 1
32 40 3
32 41 1
32 42 4
32 43 4
32 44 5
32 45 1
32 46 5
32 47 1
32 48 4
32 49 3
32 50 1
32 51 3
32 52 2
32 53 5
32 54 1
32 55 5
32 56 3
32 57 4
32 58 1
32 59 4
32 60 5
32 61 4
32 62 3
32 63 2
32 64 1
32 65 1
32 66 2
32 67 1
32 68 1
32 69 1
32 70 3
32 71 4
32 72 2
32 73 2
32 74 4
32 75 3
33 1 2
33 2 5
33 3 5
33 4 2
33 5 2
33 6 5
33 7 1
33 8 4
33 9 1
33 10 1
33 11 3
33 12 3
33 13 1
33 14 5
33 15 1
33 16 5
33 17 3
33 18 1
33 19 1
33 20 5
33 21 1
33 22 5
33 23 5
33 24 4
33 25 5
33 26 3
33 27 2
33 28 3
33 29 1
33 30 2
33 31 5
33 32 4
33 34 2
33 35 4
33 36 1
33 37 3
33 38 5
33 39 3
33 40 3
33 41 5
33 42 4
33 43 2
33 44 4
33 45 1
33 46 2
33 47 2
33 48 1
33 49 1
33 50 2
33 51 3
33 52 1
33 53 4
33 54 2
33 55 2
33 56 2
33 57 2
33 58 4
33 59 5
33 60 4
33 61 4
33 62 2
33 63 4
33 64 5
33 65 3
33 66 4
33 67 5
33 68 2
33 69 4
33 70 2
33 71 5
33 72 5
33 73 2
33 74 1
33 75 1
34 1 3
34 2 4
34 3 2
34 4 5
34 5 5
34 6 5
34 7 2
34 8 5
34 9 5
34 10 4
34 11 1
34 12 4
34 13 5
34 14 2
34 15 3
34 16 5
34 17 2
34 18 4
34 19 5
34 20 1
34 21 3
34 22 4
34 23 2
34 24 5
34 25 4
34 26 1
34 27 1
34 28 5
34 29 2
34 30 3
34 31 5
34 32 1
34 33 2
34 35 3
34 36 5
34 37 3
34 38 2
34 39 2
34 40 2
34 41 4
34 42 2
34 43 4
34 44 2
34 45 3
34 46 2
34 47 4
34 48 2
34 49 4
34 50 5
34 51 4
34 52 1
34 53 4
34 54 4
34 55 5
34 56 5
34 57 2
34 58 5
34 59 5
34 60 3
34 61 3
34 62 5
34 63 3
34 64 4
34 65 1
34 66 5
34 67 5
34 68 3
34 69 4
34 70 3
34 71 1
34 72 4
34 73 4
34 74 1
34 75 5
35 1 1
35 2 5
35 3 5
35 4 5
35 5 5
35 6 4
35 7 5
35 8 5
35 9 5
35 10 3
35 11 4
35 12 4
35 13 1
35 14 5
35 15 1
35 16 3
35 17 3
35 18 5
35 19 2
35 20 1
35 21 2
35 22 4
35 23 2
35 24 1
35 25 4
35 26 5
35 27 3
35 28 2
35 29 3
35 30 5
35 31 1
35 32 1
35 33 4
35 34 5
35 36 2
35 37 3
35 38 1
35 39 3
35 40 5
35 41 5
35 42 5
35 43 5
35 44 5
35 45 2
35 46 5
35 47 2
35 48 1
35 49 2
35 50 1
35 51 3
35 52 4
35 53 4
35 54 1
35 55 5
35 56 1
35 57 4
35 58 4
35 59 5
35 60 5
35 61 4
35 62 5
35 63 2
35 64 1
35 65 5
35 66 1
35 67 4
35 68 3
35 69 3
35 70 1
35 71 4
35 72 4
35 73 2
35 74 3
35 75 4
36 1 3
36 2 4
36 3 2
36 4 3
36 5 5
36 6 5
36 7 5
36 8 5
36 9 3
36 10 2
36 11 5
36 12 1
36 13 5
36 14 5
36 15 5
36 16 1
36 17 5
36 18 1
36 19 2
36 20 2
36 21 1
36 22 5
36 23 5
36 24 5
36 25 2
36 26 2
36 27 3
36 28 3
36 29 3
36 30 2
36 31 3
36 32 5
36 33 1
36 34 4
36 35 5
36 37 2
36 38 3
36 39 1
36 40 2
36 41 3
36 42 3
36 43 3
36 44 3
36 45 4
36 46 4
36 47 2
36 48 5
36 49 1
36 50 3
36 51 1
36 52 2
36 53 5
36 54 2
36 55 4
36 56 4
36 57 4
36 58 5
36 59 1
36 60 1
36 61 5
36 62 2
36 63 3
36 64 1
36 65 2
36 66 3
36 67 5
36 68 4
36 69 1
36 70 1
36 71 2
36 72 3
36 73 5
36 74 4
36 75 5
37 1 3
37 2 2
37 3 3
37 4 2
37 5 2
37 6 2
37 7 5
37 8 1
37 9 3
37 10 1
37 11 1
37 12 1
37 13 1
37 14 2
37 15 1
37 16 3
37 17 1
37 18 5
37 19 2
37 20 4
37 21 3
37 22 5
37 23 3
37 24 3
37 25 2
37 26 5
37 27 4
37 28 4
37 29 4
37 30 4
37 31 5
37 32 2
37 33 3
37 34 4
37 35 5
37 36 4
37 38 3
37 39 1
37 40 1
37 41 5
37 42 4
37 43 1
37 44 1
37 45 4
37 46 5
37 47 3
37 48 4
37 49 5
37 50 2
37 51 5
37 52 5
37 53 2
37 54 1
37 55 3
37 56 4
37 57 2
37 58 4
37 59 5
37 60 2
37 61 5
37 62 3
37 63 1
37 64 3
37 65 5
37 66 2
37 67 2
37 68 1
37 69 4
37 70 3
37 71 1
37 72 3
37 73 1
37 74 4
37 75 3
38 1 1
38 2 5
38 3 1
38 4 4
38 5 1
38 6 4
38 7 1
38 8 1
38 9 5
38 10 3
38 11 3
38 12 1
38 13 2
38 14 3
38 15 5
38 16 3
38 17 2
38 18 2
38 19 1
38 20 4
38 21 4
38 22 2
38 23 3
38 24 4
38 25 2
38 26 5
38 27 1
38 28 4
38 29 2
38 30 1
38 31 4
38 32 4
38 33 5
38 34 1
38 35 5
38 36 1
38 37 4
38 39 5
38 40 1
38 41 1
38 42 4
38 43 5
38 44 3
38 45 5
38 46 2
38 47 2
38 48 5
38 49 1
38 50 5
38 51 5
38 52 4
38 53 3
38 54 3
38 55 3
38 56 3
38 57 4
38 58 2
38 59 4
38 60 4
38 61 5
38 62 4
38 63 2
38 64 1
38 65 1
38 66 2
38 67 5
38 68 1
38 69 3
38 70 1
38 71 1
38 72 3
38 73 4
38 74 2
38 75 5
39 1 1
39 2 5
39 3 3
39 4 5
39 5 5
39 6 2
39 7 1
39 8 1
39 9 2
39 10 3
39 11 3
39 12 4
39 13 3
39 14 2
39 15 4
39 16 1
39 17 3
39 18 3
39 19 3
39 20 3
39 21 3
39 22 1
39 23 2
39 24 5
39 25 3
39 26 2
39 27 2
39 28 5
39 29 3
39 30 3
39 31 1
39 32 3
39 33 4
39 34 5
39 35 2
39 36 4
39 37 4
39 38 4
39 40 1
39 41 5
39 42 1
39 43 5
39 44 5
39 45 5
39 46 1
39 47 4
39 48 2
39 49 1
39 50 3
39 51 4
39 52 3
39 53 2
39 54 2
39 55 2
39 56 1
39 57 4
39 58 3
39 59 2
39 60 1
39 61 5
39 62 1
39 63 1
39 64 4
39 65 4
39 66 1
39 67 2
39 68 4
39 69 4
39 70 5
39 71 1
39 72 5
39 73 2
39 74 1
39 75 4
40 1 1
40 2 3
40 3 4
40 4 3
40 5 5
40 6 1
40 7 3
40 8 3
40 9 2
40 10 4
40 11 4
40 12 4
40 13 5
40 14 3
40 15 2
40 16 5
40 17 5
40 18 2
40 19 5
40 20 5
40 21 3
40 22 2
40 23 2
40 24 3
40 25 2
40 26 1
40 27 1
40 28 1
40 29 3
40 30 3
40 31 2
40 32 3
40 33 5
40 34 5
40 35 2
40 36 2
40 37 1
40 38 2
40 39 4
40 41 4
40 42 2
40 43 4
40 44 3
40 45 1
40 46 3
40 47 4
40 48 5
40 49 4
40 50 3
40 51 5
40 52 4
40 53 5
40 54 3
40 55 5
40 56 4
40 57 5
40 58 5
40 59 4
40 60 5
40 61 4
40 62 1
40 63 3
40 64 4
40 65 3
40 66 3
40 67 5
40 68 4
40 69 5
40 70 3
40 71 4
40 72 3
40 73 5
40 74 4
40 75 5
41 1 5
41 2 3
41 3 1
41 4 5
41 5 2
41 6 3
41 7 1
41 8 2
41 9 4
41 10 5
41 11 1
41 12 2
41 13 4
41 14 2
41 15 3
41 16 1
41 17 1
41 18 3
41 19 3
41 20 4
41 21 2
41 22 5
41 23 5
41 24 2
41 25 4
41 26 3
41 27 2
41 28 4
41 29 4
41 30 5
41 31 3
41 32 3
41 33 5
41 34 5
41 35 4
41 36 3
41 37 2
41 38 1
41 39 4
41 40 5
41 42 1
41 43 1
41 44 4
41 45 1
41 46 4
41 47 1
41 48 1
41 49 1
41 50 5
41 51 1
41 52 1
41 53 4
41 54 2
41 55 1
41 56 5
41 57 1
41 58 5
41 59 2
41 60 1
41 61 5
41 62 3
41 63 5
41 64 4
41 65 4
41 66 5
41 67 3
41 68 1
41 69 3
41 70 5
41 71 1
41 72 3
41 73 2
41 74 3
41 75 3
42 1 3
42 2 2
42 3 5
42 4 5
42 5 2
42 6 1
42 7 5
42 8 5
42 9 4
42 10 2
42 11 2
42 12 4
42 13 4
42 14 1
42 15 2
42 16 4
42 17 2
42 18 1
42 19 3
42 20 5
42 21 5
42 22 4
42 23 2
42 24 2
42 25 2
42 26 4
42 27 5
42 28 1
42 29 5
42 30 2
42 31 3
42 32 4
42 33 3
42 34 4
42 35 4
42 36 2
42 37 4
42 38 3
42 39 3
42 40 3
42 41 1
42 43 4
42 44 3
42 45 4
42 46 1
42 47 1
42 48 4
42 49 2
42 50 1
42 51 4
42 52 1
42 53 2
42 54 2
42 55 5
42 56 4
42 57 3
42 58 3
42 59 3
42 60 3
42 61 4
42 62 1
42 63 5
42 64 3
42 65 4
42 66 3
42 67 1
42 68 2
42 69 4
42 70 5
42 71 4
42 72 1
42 73 1
42 74 2
42 75 3
43 1 1
43 2 4
43 3 3
43 4 2
43 5 5
43 6 5
43 7 5
43 8 5
43 9 2
43 10 1
43 11 4
43 12 2
43 13 4
43 14 1
43 15 1
43 16 3
43 17 5
43 18 1
43 19 5
43 20 4
43 21 1
43 22 4
43 23 4
43 24 4
43 25 2
43 26 5
43 27 4
43 28 2
43 29 5
43 30 2
43 31 1
43 32 3
43 33 5
43 34 5
43 35 4
43 36 4
43 37 2
43 38 5
43 39 4
43 40 5
43 41 5
43 42 4
43 44 1
43 45 5
43 46 2
43 47 3
43 48 3
43 49 3
43 50 5
43 51 4
43 52 1
43 53 3
43 54 2
43 55 1
43 56 1
43 57 4
43 58 5
43 59 2
43 60 5
43 61 2
43 62 3
43 63 3
43 64 4
43 65 5
43 66 4
43 67 4
43 68 5
43 69 5
43 70 3
43 71 3
43 72 4
43 73 4
43 74 4
43 75 1
44 1 1
44 2 5
44 3 3
44 4 5
44 5 2
44 6 5
44 7 3
44 8 4
44 9 2
44 10 4
44 11 4
44 12 4
44 13 2
44 14 3
44 15 2
44 16 4
44 17 4
44 18 2
44 19 3
44 20 4
44 21 1
44 22 1
44 23 2
44 24 5
44 25 1
44 26 1
44 27 5
44 28 1
44 29 2
44 30 3
44 31 2
44 32 2
44 33 4
44 34 1
44 35 3
44 36 5
44 37 5
44 38 5
44 39 5
44 40 3
44 41 5
44 42 3
44 43 4
44 45 2
44 46 5
44 47 5
44 48 2
44 49 1
44 50 1
44 51 4
44 52 4
44 53 3
44 54 1
44 55 3
44 56 3
44 57 1
44 58 3
44 59 2
44 60 2
44 61 1
44 62 1
44 63 5
44 64 2
44 65 4
44 66 5
44 67 1
44 68 5
44 69 2
44 70 5
44 71 4
44 72 4
44 73 5
44 74 1
44 75 4
45 1 3
45 2 2
45 3 4
45 4 1
45 5 2
45 6 1
45 7 1
45 8 1
45 9 4
45 10 1
45 11 3
45 12 1
45 13 2
45 14 2
45 15 4
45 16 5
45 17 3
45 18 1
45 19 4
45 20 1
45 21 1
45 22 5
45 23 2
45 24 5
45 25 1
45 26 3
45 27 5
45 28 2
45 29 4
45 30 2
45 31 5
45 32 3
45 33 5
45 34 5
45 35 5
45 36 2
45 37 1
45 38 5
45 39 4
45 40 4
45 41 1
45 42 3
45 43 1
45 44 4
45 46 4
45 47 4
45 48 5
45 49 3
45 50 1
45 51 5
45 52 1
45 53 1
45 54 4
45 55 4
45 56 2
45 57 2
45 58 3
45 59 1
45 60 3
45 61 4
45 62 4
45 63 4
45 64 1
45 65 3
45 66 4
45 67 3
45 68 1
45 69 1
45 70 2
45 71 4
45 72 4
45 73 2
45 74 1
45 75 1
46 1 2
46 2 2
46 3 1
46 4 1
46 5 1
46 6 1
46 7 5
46 8 3
46 9 3
46 10 1
46 11 1
46 12 4
46 13 2
46 14 4
46 15 1
46 16 1
46 17 4
46 18 4
46 19 1
46 20 1
46 21 3
46 22 1
46 23 3
46 24 4
46 25 1
46 26 5
46 27 2
46 28 1
46 29 1
46 30 5
46 31 1
46 32 3
46 33 3
46 34 1
46 35 5
46 36 5
46 37 3
46 38 5
46 39 3
46 40 5
46 41 5
46 42 3
46 43 3
46 44 3
46 45 3
46 47 5
46 48 3
46 49 1
46 50 5
46 51 3
46 52 2
46 53 3
46 54 4
46 55 4
46 56 1
46 57 1
46 58 5
46 59 4
46 60 2
46 61 1
46 62 5
46 63 4
46 64 5
46 65 4
46 66 5
46 67 1
46 68 4
46 69 4
46 70 5
46 71 1
46 72 4
46 73 1
46 74 5
46 75 3
47 1 3
47 2 5
47 3 3
47 4 5
47 5 2
47 6 2
47 7 5
47 8 3
47 9 1
47 10 5
47 11 4
47 12 3
47 13 5
47 14 3
47 15 2
47 16 1
47 17 5
47 18 3
47 19 5
47 20 1
47 21 2
47 22 1
47 23 2
47 24 5
47 25 1
47 26 3
47 27 2
47 28 4
47 29 4
47 30 3
47 31 4
47 32 1
47 33 2
47 34 3
47 35 3
47 36 4
47 37 1
47 38 4
47 39 3
47 40 2
47 41 3
47 42 3
47 43 4
47 44 2
47 45 1
47 46 2
47 48 5
47 49 2
47 50 2
47 51 1
47 52 5
47 53 3
47 54 1
47 55 3
47 56 4
47 57 1
47 58 5
47 59 5
47 60 2
47 61 5
47 62 4
47 63 2
47 64 1
47 65 1
47 66 4
47 67 5
47 68 4
47 69 4
47 70 3
47 71 1
47 72 5
47 73 5
47 74 4
47 75 1
48 1 3
48 2 1
48 3 4
48 4 2
48 5 4
48 6 5
48 7 2
48 8 5
48 9 2
48 10 4
48 11 2
48 12 2
48 13 2
48 14 2
48 15 3
48 16 5
48 17 1
48 18 2
48 19 1
48 20 3
48 21 2
48 22 4
48 23 4
48 24 2
48 25 2
48 26 1
48 27 2
48 28 4
48 29 2
48 30 2
48 31 4
48 32 2
48 33 4
48 34 4
48 35 3
48 36 5
48 37 4
48 38 2
48 39 4
48 40 2
48 41 2
48 42 1
48 43 4
48 44 3
48 45 4
48 46 1
48 47 2
48 49 1
48 50 2
48 51 2
48 52 4
48 53 3
48 54 2
48 55 2
48 56 4
48 57 4
48 58 5
48 59 3
48 60 4
48 61 3
48 62 1
48 63 4
48 64 1
48 65 2
48 66 2
48 67 1
48 68 1
48 69 5
48 70 2
48 71 1
48 72 2
48 73 3
48 74 1
48 75 2
49 1 3
49 2 1
49 3 2
49 4 1
49 5 2
49 6 4
49 7 5
49 8 2
49 9 3
49 10 1
49 11 5
49 12 4
49 13 1
49 14 1
49 15 3
49 16 4
49 17 4
49 18 5
49 19 2
49 20 4
49 21 1
49 22 1
49 23 1
49 24 3
49 25 5
49 26 2
49 27 4
49 28 3
49 29 2
49 30 1
49 31 4
49 32 1
49 33 2
49 34 3
49 35 1
49 36 5
49 37 3
49 38 2
49 39 1
49 40 5
49 41 3
49 42 5
49 43 5
49 44 3
49 45 1
49 46 4
49 47 4
49 48 1
49 50 4
49 51 5
49 52 1
49 53 1
49 54 5
49 55 2
49 56 1
49 57 2
49 58 5
49 59 1
49 60 1
49 61 3
49 62 1
49 63 2
49 64 3
49 65 4
49 66 4
49 67 1
49 68 3
49 69 1
49 70 2
49 71 5
49 72 2
49 73 1
49 74 2
49 75 2
50 1 1
50 2 2
50 3 2
50 4 4
50 5 4
50 6 5
50 7 5
50 8 1
50 9 3
50 10 5
50 11 2
50 12 3
50 13 3
50 14 4
50 15 3
50 16 5
50 17 1
50 18 5
50 19 1
50 20 1
50 21 1
50 22 4
50 23 1
50 24 5
50 25 4
50 26 4
50 27 5
50 28 1
50 29 5
50 30 1
50 31 4
50 32 2
50 33 4
50 34 5
50 35 5
50 36 4
50 37 2
50 38 4
50 39 4
50 40 1
50 41 5
50 42 1
50 43 5
50 44 4
50 45 1
50 46 4
50 47 4
50 48 1
50 49 3
50 51 4
50 52 1
50 53 5
50 54 3
50 55 3
50 56 5
50 57 3
50 58 4
50 59 1
50 60 3
50 61 5
50 62 3
50 63 3
50 64 1
50 65 3
50 66 5
50 67 5
50 68 1
50 69 3
50 70 3
50 71 4
50 72 3
50 73 5
50 74 1
50 75 4
51 1 3
51 2 1
51 3 2
51 4 1
51 5 4
51 6 1
51 7 5
51 8 1
51 9 1
51 10 4
51 11 4
51 12 5
51 13 1
51 14 4
51 15 2
51 16 1
51 17 3
51 18 4
51 19 3
51 20 3
51 21 1
51 22 4
51 23 4
51 24 1
51 25 3
51 26 3
51 27 1
51 28 2
51 29 2
51 30 4
51 31 5
51 32 2
51 33 1
51 34 1
51 35 2
51 36 4
51 37 4
51 38 3
51 39 5
51 40 4
51 41 1
51 42 5
51 43 5
51 44 2
51 45 3
51 46 1
51 47 2
51 48 5
51 49 4
51 50 1
51 52 4
51 53 1
51 54 2
51 55 4
51 56 3
51 57 4
51 58 1
51 59 3
51 60 1
51 61 5
51 62 3
51 63 5
51 64 1
51 65 4
51 66 3
51 67 4
51 68 4
51 69 1
51 70 2
51 71 3
51 72 1
51 73 2
51 74 4
51 75 5
52 1 5
52 2 1
52 3 5
52 4 3
52 5 2
52 6 5
52 7 4
52 8 2
52 9 2
52 10 2
52 11 5
52 12 4
52 13 5
52 14 3
52 15 3
52 16 2
52 17 2
52 18 1
52 19 2
52 20 2
52 21 1
52 22 1
52 23 5
52 24 4
52 25 3
52 26 3
52 27 4
52 28 3
52 29 2
52 30 2
52 31 2
52 32 1
52 33 5
52 34 3
52 35 4
52 36 3
52 37 4
52 38 4
52 39 5
52 40 5
52 41 5
52 42 1
52 43 5
52 44 1
52 45 3
52 46 4
52 47 3
52 48 1
52 49 4
52 50 1
52 51 2
52 53 1
52 54 3
52 55 4
52 56 5
52 57 5
52 58 3
52 59 5
52 60 2
52 61 4
52 62 1
52 63 5
52 64 5
52 65 5
52 66 2
52 67 5
52 68 5
52 69 2
52 70 5
52 71 4
52 72 3
52 73 1
52 74 1
52 75 2
53 1 1
53 2 4
53 3 5
53 4 5
53 5 4
53 6 1
53 7 5
53 8 3
53 9 1
53 10 2
53 11 3
53 12 2
53 13 3
53 14 5
53 15 1
53 16 4
53 17 1
53 18 4
53 19 3
53 20 2
53 21 5
53 22 1
53 23 3
53 24 4
53 25 4
53 26 2
53 27 4
53 28 1
53 29 4
53 30 5
53 31 2
53 32 4
53 33 3
53 34 4
53 35 1
53 36 3
53 37 4
53 38 2
53 39 2
53 40 1
53 41 1
53 42 4
53 43 5
53 44 3
53 45 1
53 46 2
53 47 4
53 48 3
53 49 5
53 50 3
53 51 4
53 52 2
53 54 4
53 55 1
53 56 5
53 57 2
53 58 4
53 59 4
53 60 5
53 61 2
53 62 5
53 63 1
53 64 5
53 65 4
53 66 1
53 67 2
53 68 1
53 69 4
53 70 4
53 71 5
53 72 2
53 73 1
53 74 3
53 75 1
54 1 3
54 2 5
54 3 2
54 4 1
54 5 2
54 6 4
54 7 1
54 8 2
54 9 5
54 10 1
54 11 2
54 12 1
54 13 4
54 14 5
54 15 1
54 16 3
54 17 1
54 18 5
54 19 1
54 20 3
54 21 3
54 22 1
54 23 4
54 24 1
54 25 2
54 26 4
54 27 2
54 28 3
54 29 4
54 30 4
54 31 5
54 32 4
54 33 1
54 34 3
54 35 1
54 36 4
54 37 1
54 38 1
54 39 1
54 40 2
54 41 1
54 42 2
54 43 3
54 44 5
54 45 4
54 46 3
54 47 2
54 48 4
54 49 5
54 50 2
54 51 3
54 52 4
54 53 3
54 55 4
54 56 1
54 57 4
54 58 2
54 59 2
54 60 3
54 61 3
54 62 3
54 63 2
54 64 1
54 65 3
54 66 4
54 67 1
54 68 3
54 69 2
54 70 4
54 71 3
54 72 3
54 73 4
54 74 2
54 75 5
55 1 3
55 2 5
55 3 5
55 4 2
55 5 5
55 6 4
55 7 5
55 8 3
55 9 4
55 10 2
55 11 1
55 12 5
55 13 2
55 14 4
55 15 1
55 16 1
55 17 3
55 18 3
55 19 2
55 20 3
55 21 2
55 22 3
55 23 1
55 24 5
55 25 4
55 26 4
55 27 2
55 28 3
55 29 4
55 30 5
55 31 3
55 32 4
55 33 4
55 34 4
55 35 2
55 36 1
55 37 4
55 38 1
55 39 5
55 40 2
55 41 5
55 42 2
55 43 1
55 44 1
55 45 5
55 46 2
55 47 4
55 48 3
55 49 1
55 50 5
55 51 2
55 52 3
55 53 4
55 54 4
55 56 4
55 57 4
55 58 4
55 59 5
55 60 2
55 61 3
55 62 2
55 63 4
55 64 3
55 65 2
55 66 4
55 67 4
55 68 2
55 69 2
55 70 4
55 71 1
55 72 3
55 73 3
55 74 2
55 75 1
56 1 1
56 2 4
56 3 4
56 4 4
56 5 3
56 6 4
56 7 3
56 8 4
56 9 3
56 10 4
56 11 3
56 12 1
56 13 2
56 14 1
56 15 3
56 16 3
56 17 5
56 18 4
56 19 3
56 20 2
56 21 5
56 22 1
56 23 5
56 24 2
56 25 4
56 26 1
56 27 4
56 28 4
56 29 3
56 30 1
56 31 4
56 32 3
56 33 4
56 34 2
56 35 1
56 36 1
56 37 2
56 38 1
56 39 1
56 40 5
56 41 1
56 42 5
56 43 5
56 44 2
56 45 3
56 46 2
56 47 2
56 48 4
56 49 5
56 50 4
56 51 1
56 52 2
56 53 2
56 54 2
56 55 3
56 57 5
56 58 4
56 59 1
56 60 5
56 61 2
56 62 3
56 63 3
56 64 1
56 65 3
56 66 1
56 67 4
56 68 5
56 69 3
56 70 1
56 71 3
56 72 2
56 73 1
56 74 2
56 75 1
57 1 2
57 2 4
57 3 5
57 4 5
57 5 3
57 6 1
57 7 4
57 8 5
57 9 2
57 10 2
57 11 3
57 12 1
57 13 3
57 14 2
57 15 4
57 16 3
57 17 5
57 18 1
57 19 5
57 20 5
57 21 1
57 22 1
57 23 3
57 24 5
57 25 5
57 26 5
57 27 2
57 28 1
57 29 5
57 30 1
57 31 3
57 32 4
57 33 4
57 34 2
57 35 3
57 36 3
57 37 3
57 38 3
57 39 4
57 40 1
57 41 4
57 42 2
57 43 2
57 44 2
57 45 5
57 46 2
57 47 1
57 48 4
57 49 2
57 50 5
57 51 5
57 52 4
57 53 2
57 54 5
57 55 4
57 56 1
57 58 4
57 59 2
57 60 3
57 61 4
57 62 2
57 63 1
57 64 2
57 65 3
57 66 2
57 67 1
57 68 2
57 69 1
57 70 4
57 71 3
57 72 4
57 73 2
57 74 4
57 75 5
58 1 5
58 2 5
58 3 1
58 4 5
58 5 5
58 6 4
58 7 2
58 8 4
58 9 3
58 10 3
58 11 3
58 12 3
58 13 1
58 14 4
58 15 1
58 16 3
58 17 4
58 18 5
58 19 3
58 20 5
58 21 2
58 22 2
58 23 2
58 24 5
58 25 4
58 26 5
58 27 2
58 28 2
58 29 4
58 30 2
58 31 3
58 32 3
58 33 1
58 34 5
58 35 3
58 36 5
58 37 1
58 38 4
58 39 1
58 40 5
58 41 3
58 42 5
58 43 4
58 44 5
58 45 3
58 46 4
58 47 5
58 48 1
58 49 3
58 50 4
58 51 2
58 52 1
58 53 5
58 54 1
58 55 1
58 56 1
58 57 5
58 59 4
58 60 4
58 61 3
58 62 1
58 63 4
58 64 3
58 65 3
58 66 5
58 67 5
58 68 5
58 69 5
58 70 5
58 71 5
58 72 1
58 73 4
58 74 1
58 75 4
59 1 4
59 2 1
59 3 5
59 4 3
59 5 1
59 6 4
59 7 1
59 8 5
59 9 5
59 10 3
59 11 5
59 12 2
59 13 5
59 14 1
59 15 5
59 16 3
59 17 4
59 18 2
59 19 3
59 20 1
59 21 5
59 22 3
59 23 2
59 24 4
59 25 4
59 26 3
59 27 3
59 28 5
59 29 1
59 30 5
59 31 5
59 32 1
59 33 5
59 34 4
59 35 5
59 36 3
59 37 3
59 38 1
59 39 4
59 40 4
59 41 5
59 42 3
59 43 5
59 44 4
59 45 5
59 46 1
59 47 3
59 48 5
59 49 3
59 50 3
59 51 2
59 52 2
59 53 5
59 54 3
59 55 2
59 56 5
59 57 2
59 58 1
59 60 4
59 61 3
59 62 5
59 63 1
59 64 3
59 65 5
59 66 1
59 67 3
59 68 2
59 69 3
59 70 5
59 71 5
59 72 3
59 73 1
59 74 4
59 75 4
60 1 1
60 2 3
60 3 5
60 4 5
60 5 3
60 6 4
60 7 2
60 8 1
60 9 2
60 10 1
60 11 4
60 12 3
60 13 1
60 14 5
60 15 3
60 16 1
60 17 4
60 18 2
60 19 1
60 20 4
60 21 3
60 22 2
60 23 3
60 24 4
60 25 1
60 26 4
60 27 5
60 28 1
60 29 4
60 30 5
60 31 4
60 32 4
60 33 5
60 34 5
60 35 3
60 36 4
60 37 3
60 38 2
60 39 4
60 40 1
60 41 4
60 42 2
60 43 3
60 44 4
60 45 4
60 46 5
60 47 2
60 48 4
60 49 4
60 50 4
60 51 2
60 52 1
60 53 2
60 54 1
60 55 5
60 56 5
60 57 4
60 58 1
60 59 5
60 61 2
60 62 1
60 63 5
60 64 2
60 65 5
60 66 5
60 67 2
60 68 3
60 69 4
60 70 3
60 71 1
60 72 2
60 73 1
60 74 5
60 75 4
61 1 2
61 2 5
61 3 4
61 4 5
61 5 3
61 6 2
61 7 3
61 8 2
61 9 2
61 10 2
61 11 2
61 12 3
61 13 1
61 14 1
61 15 1
61 16 2
61 17 4
61 18 1
61 19 1
61 20 1
61 21 2
61 22 2
61 23 4
61 24 1
61 25 3
61 26 3
61 27 1
61 28 4
61 29 5
61 30 2
61 31 4
61 32 1
61 33 1
61 34 2
61 35 2
61 36 1
61 37 5
61 38 5
61 39 2
61 40 4
61 41 3
61 42 3
61 43 3
61 44 3
61 45 5
61 46 3
61 47 1
61 48 4
61 49 5
61 50 1
61 51 1
61 52 1
61 53 5
61 54 4
61 55 1
61 56 2
61 57 3
61 58 4
61 59 2
61 60 2
61 62 5
61 63 5
61 64 5
61 65 3
61 66 4
61 67 1
61 68 3
61 69 5
61 70 2
61 71 1
61 72 3
61 73 4
61 74 5
61 75 3
62 1 3
62 2 5
62 3 5
62 4 3
62 5 3
62 6 5
62 7 1
62 8 5
62 9 2
62 10 5
62 11 5
62 12 3
62 13 3
62 14 2
62 15 3
62 16 4
62 17 3
62 18 2
62 19 5
62 20 2
62 21 1
62 22 5
62 23 5
62 24 3
62 25 5
62 26 1
62 27 5
62 28 4
62 29 5
62 30 5
62 31 1
62 32 4
62 33 4
62 34 3
62 35 2
62 36 3
62 37 2
62 38 2
62 39 2
62 40 5
62 41 1
62 42 1
62 43 4
62 44 5
62 45 4
62 46 1
62 47 5
62 48 1
62 49 3
62 50 4
62 51 5
62 52 3
62 53 4
62 54 4
62 55 3
62 56 5
62 57 4
62 58 2
62 59 3
62 60 5
62 61 3
62 63 4
62 64 4
62 65 1
62 66 1
62 67 2
62 68 5
62 69 4
62 70 3
62 71 1
62 72 5
62 73 5
62 74 3
62 75 4
63 1 1
63 2 1
63 3 4
63 4 5
63 5 4
63 6 1
63 7 5
63 8 5
63 9 1
63 10 5
63 11 3
63 12 5
63 13 4
63 14 3
63 15 3
63 16 2
63 17 3
63 18 1
63 19 2
63 20 3
63 21 1
63 22 4
63 23 4
63 24 3
63 25 4
63 26 3
63 27 3
63 28 3
63 29 4
63 30 3
63 31 1
63 32 4
63 33 5
63 34 5
63 35 3
63 36 5
63 37 2
63 38 4
63 39 4
63 40 4
63 41 4
63 42 1
63 43 3
63 44 2
63 45 1
63 46 1
63 47 5
63 48 5
63 49 1
63 50 3
63 51 2
63 52 3
63 53 1
63 54 2
63 55 5
63 56 4
63 57 1
63 58 5
63 59 4
63 60 4
63 61 4
63 62 4
63 64 4
63 65 3
63 66 5
63 67 3
63 68 5
63 69 2
63 70 1
63 71 3
63 72 5
63 73 4
63 74 1
63 75 5
64 1 3
64 2 3
64 3 5
64 4 4
64 5 2
64 6 2
64 7 2
64 8 3
64 9 4
64 10 4
64 11 1
64 12 1
64 13 5
64 14 1
64 15 5
64 16 3
64 17 1
64 18 3
64 19 3
64 20 4
64 21 2
64 22 3
64 23 1
64 24 1
64 25 1
64 26 1
64 27 1
64 28 5
64 29 2
64 30 3
64 31 1
64 32 1
64 33 5
64 34 5
64 35 1
64 36 1
64 37 3
64 38 4
64 39 5
64 40 2
64 41 3
64 42 5
64 43 2
64 44 4
64 45 2
64 46 3
64 47 1
64 48 2
64 49 5
64 50 3
64 51 5
64 52 3
64 53 2
64 54 2
64 55 1
64 56 2
64 57 2
64 58 1
64 59 4
64 60 5
64 61 5
64 62 4
64 63 2
64 65 4
64 66 1
64 67 3
64 68 1
64 69 3
64 70 1
64 71 5
64 72 1
64 73 5
64 74 1
64 75 4
65 1 3
65 2 2
65 3 1
65 4 5
65 5 5
65 6 2
65 7 5
65 8 4
65 9 2
65 10 1
65 11 2
65 12 2
65 13 3
65 14 5
65 15 4
65 16 3
65 17 5
65 18 3
65 19 3
65 20 3
65 21 1
65 22 3
65 23 5
65 24 3
65 25 3
65 26 3
65 27 2
65 28 5
65 29 2
65 30 4
65 31 4
65 32 2
65 33 5
65 34 1
65 35 1
65 36 4
65 37 5
65 38 5
65 39 4
65 40 1
65 41 1
65 42 2
65 43 4
65 44 5
65 45 1
65 46 2
65 47 4
65 48 2
65 49 4
65 50 1
65 51 5
65 52 1
65 53 4
65 54 1
65 55 3
65 56 3
65 57 3
65 58 1
65 59 2
65 60 2
65 61 4
65 62 2
65 63 3
65 64 3
65 66 3
65 67 3
65 68 3
65 69 4
65 70 5
65 71 3
65 72 4
65 73 5
65 74 1
65 75 2
66 1 1
66 2 1
66 3 5
66 4 4
66 5 3
66 6 3
66 7 4
66 8 2
66 9 5
66 10 4
66 11 4
66 12 2
66 13 1
66 14 4
66 15 2
66 16 5
66 17 5
66 18 2
66 19 1
66 20 4
66 21 1
66 22 5
66 23 3
66 24 3
66 25 3
66 26 2
66 27 2
66 28 3
66 29 3
66 30 2
66 31 1
66 32 3
66 33 4
66 34 5
66 35 3
66 36 1
66 37 4
66 38 4
66 39 4
66 40 3
66 41 2
66 42 3
66 43 4
66 44 5
66 45 1
66 46 2
66 47 1
66 48 2
66 49 3
66 50 1
66 51 5
66 52 3
66 53 3
66 54 2
66 55 2
66 56 5
66 57 1
66 58 5
66 59 3
66 60 3
66 61 3
66 62 5
66 63 1
66 64 2
66 65 5
66 67 3
66 68 4
66 69 3
66 70 3
66 71 3
66 72 1
66 73 5
66 74 2
66 75 1
67 1 1
67 2 4
67 3 5
67 4 1
67 5 2
67 6 4
67 7 3
67 8 1
67 9 4
67 10 5
67 11 4
67 12 2
67 13 5
67 14 4
67 15 4
67 16 4
67 17 2
67 18 1
67 19 3
67 20 4
67 21 4
67 22 4
67 23 3
67 24 3
67 25 4
67 26 1
67 27 2
67 28 1
67 29 2
67 30 5
67 31 1
67 32 2
67 33 3
67 34 2
67 35 2
67 36 4
67 37 3
67 38 4
67 39 1
67 40 1
67 41 4
67 42 4
67 43 2
67 44 5
67 45 5
67 46 2
67 47 5
67 48 1
67 49 3
67 50 4
67 51 1
67 52 1
67 53 3
67 54 3
67 55 5
67 56 1
67 57 3
67 58 1
67 59 1
67 60 4
67 61 5
67 62 3
67 63 2
67 64 4
67 65 2
67 66 5
67 68 2
67 69 4
67 70 4
67 71 4
67 72 1
67 73 4
67 74 3
67 75 4
68 1 5
68 2 4
68 3 1
68 4 4
68 5 1
68 6 3
68 7 4
68 8 1
68 9 5
68 10 1
68 11 3
68 12 2
68 13 3
68 14 3
68 15 2
68 16 5
68 17 3
68 18 4
68 19 5
68 20 5
68 21 2
68 22 3
68 23 4
68 24 1
68 25 1
68 26 4
68 27 4
68 28 1
68 29 4
68 30 3
68 31 4
68 32 5
68 33 1
68 34 1
68 35 5
68 36 3
68 37 5
68 38 4
68 39 3
68 40 5
68 41 1
68 42 3
68 43 1
68 44 4
68 45 5
68 46 4
68 47 5
68 48 4
68 49 4
68 50 1
68 51 5
68 52 1
68 53 3
68 54 1
68 55 3
68 56 3
68 57 4
68 58 1
68 59 5
68 60 5
68 61 1
68 62 1
68 63 4
68 64 3
68 65 1
68 66 4
68 67 1
68 69 1
68 70 2
68 71 3
68 72 2
68 73 2
68 74 2
68 75 4
69 1 2
69 2 1
69 3 4
69 4 4
69 5 2
69 6 3
69 7 4
69 8 1
69 9 5
69 10 2
69 11 1
69 12 2
69 13 1
69 14 2
69 15 4
69 16 1
69 17 1
69 18 1
69 19 3
69 20 4
69 21 4
69 22 3
69 23 4
69 24 1
69 25 5
69 26 2
69 27 5
69 28 3
69 29 1
69 30 2
69 31 3
69 32 2
69 33 4
69 34 2
69 35 5
69 36 5
69 37 4
69 38 1
69 39 3
69 40 5
69 41 2
69 42 3
69 43 1
69 44 2
69 45 1
69 46 4
69 47 4
69 48 1
69 49 2
69 50 3
69 51 2
69 52 5
69 53 1
69 54 2
69 55 2
69 56 2
69 57 4
69 58 1
69 59 2
69 60 4
69 61 4
69 62 4
69 63 2
69 64 3
69 65 5
69 66 2
69 67 4
69 68 5
69 70 4
69 71 1
69 72 4
69 73 5
69 74 1
69 75 1
70 1 3
70 2 1
70 3 2
70 4 4
70 5 4
70 6 3
70 7 1
70 8 2
70 9 4
70 10 3
70 11 3
70 12 5
70 13 2
70 14 3
70 15 5
70 16 3
70 17 1
70 18 4
70 19 1
70 20 3
70 21 3
70 22 3
70 23 1
70 24 1
70 25 4
70 26 4
70 27 4
70 28 3
70 29 5
70 30 4
70 31 5
70 32 4
70 33 1
70 34 1
70 35 4
70 36 1
70 37 3
70 38 5
70 39 2
70 40 1
70 41 4
70 42 2
70 43 2
70 44 5
70 45 4
70 46 4
70 47 4
70 48 5
70 49 2
70 50 5
70 51 4
70 52 1
70 53 4
70 54 1
70 55 1
70 56 2
70 57 4
70 58 1
70 59 1
70 60 5
70 61 1
70 62 3
70 63 5
70 64 4
70 65 3
70 66 4
70 67 4
70 68 3
70 69 3
70 71 3
70 72 5
70 73 3
70 74 4
70 75 2
71 1 3
71 2 2
71 3 5
71 4 1
71 5 3
71 6 3
71 7 2
71 8 3
71 9 3
71 10 2
71 11 3
71 12 5
71 13 4
71 14 3
71 15 1
71 16 1
71 17 4
71 18 3
71 19 3
71 20 4
71 21 1
71 22 3
71 23 2
71 24 5
71 25 5
71 26 1
71 27 2
71 28 4
71 29 3
71 30 2
71 31 2
71 32 5
71 33 5
71 34 1
71 35 3
71 36 5
71 37 3
71 38 1
71 39 2
71 40 2
71 41 3
71 42 2
71 43 4
71 44 3
71 45 4
71 46 4
71 47 3
71 48 5
71 49 3
71 50 3
71 51 3
71 52 4
71 53 5
71 54 1
71 55 3
71 56 1
71 57 1
71 58 1
71 59 1
71 60 3
71 61 2
71 62 3
71 63 5
71 64 1
71 65 3
71 66 4
71 67 2
71 68 3
71 69 4
71 70 4
71 72 1
71 73 1
71 74 2
71 75 4
72 1 3
72 2 2
72 3 4
72 4 3
72 5 1
72 6 2
72 7 5
72 8 3
72 9 5
72 10 1
72 11 5
72 12 4
72 13 3
72 14 5
72 15 4
72 16 3
72 17 5
72 18 2
72 19 5
72 20 1
72 21 4
72 22 5
72 23 4
72 24 1
72 25 4
72 26 2
72 27 1
72 28 4
72 29 5
72 30 2
72 31 3
72 32 2
72 33 3
72 34 3
72 35 1
72 36 4
72 37 4
72 38 2
72 39 3
72 40 5
72 41 2
72 42 3
72 43 3
72 44 1
72 45 4
72 46 1
72 47 4
72 48 3
72 49 4
72 50 3
72 51 3
72 52 3
72 53 4
72 54 1
72 55 3
72 56 2
72 57 5
72 58 3
72 59 1
72 60 4
72 61 4
72 62 5
72 63 2
72 64 3
72 65 2
72 66 3
72 67 1
72 68 3
72 69 4
72 70 1
72 71 2
72 73 3
72 74 5
72 75 2
73 1 5
73 2 3
73 3 4
73 4 3
73 5 1
73 6 3
73 7 3
73 8 5
73 9 5
73 10 1
73 11 3
73 12 4
73 13 5
73 14 2
73 15 1
73 16 5
73 17 2
73 18 1
73 19 1
73 20 3
73 21 3
73 22 2
73 23 2
73 24 1
73 25 1
73 26 3
73 27 1
73 28 3
73 29 2
73 30 5
73 31 1
73 32 1
73 33 2
73 34 4
73 35 4
73 36 4
73 37 1
73 38 3
73 39 4
73 40 5
73 41 3
73 42 1
73 43 3
73 44 4
73 45 4
73 46 5
73 47 3
73 48 5
73 49 5
73 50 5
73 51 4
73 52 5
73 53 4
73 54 1
73 55 5
73 56 4
73 57 5
73 58 2
73 59 3
73 60 1
73 61 1
73 62 3
73 63 1
73 64 4
73 65 2
73 66 1
73 67 5
73 68 2
73 69 3
73 70 5
73 71 4
73 72 3
73 74 2
73 75 3
74 1 1
74 2 5
74 3 5
74 4 1
74 5 1
74 6 1
74 7 5
74 8 4
74 9 5
74 10 3
74 11 1
74 12 1
74 13 4
74 14 5
74 15 2
74 16 3
74 17 5
74 18 4
74 19 1
74 20 3
74 21 3
74 22 4
74 23 3
74 24 4
74 25 2
74 26 1
74 27 3
74 28 5
74 29 5
74 30 1
74 31 5
74 32 5
74 33 2
74 34 1
74 35 2
74 36 2
74 37 1
74 38 2
74 39 2
74 40 3
74 41 1
74 42 3
74 43 3
74 44 1
74 45 4
74 46 5
74 47 4
74 48 4
74 49 3
74 50 1
74 51 1
74 52 2
74 53 4
74 54 5
74 55 2
74 56 5
74 57 2
74 58 4
74 59 2
74 60 1
74 61 1
74 62 3
74 63 3
74 64 2
74 65 3
74 66 4
74 67 3
74 68 3
74 69 2
74 70 5
74 71 5
74 72 5
74 73 4
74 75 5
75 1 5
75 2 2
75 3 1
75 4 5
75 5 2
75 6 3
75 7 5
75 8 4
75 9 2
75 10 3
75 11 4
75 12 3
75 13 5
75 14 5
75 15 4
75 16 1
75 17 1
75 18 4
75 19 3
75 20 5
75 21 1
75 22 2
75 23 3
75 24 5
75 25 4
75 26 2
75 27 1
75 28 1
75 29 1
75 30 4
75 31 2
75 32 2
75 33 3
75 34 2
75 35 2
75 36 4
75 37 1
75 38 1
75 39 3
75 40 2
75 41 4
75 42 1
75 43 2
75 44 3
75 45 2
75 46 2
75 47 5
75 48 4
75 49 5
75 50 4
75 51 3
75 52 2
75 53 5
75 54 1
75 55 2
75 56 5
75 57 2
75 58 4
75 59 2
75 60 2
75 61 5
75 62 3
75 63 3
75 64 2
75 65 4
75 66 1
75 67 2
75 68 5
75 69 2
75 70 4
75 71 3
75 72 2
75 73 1
75 74 1

END
