INSTANCE_NAME b01.dat
NB_VERTICES 50
NB_ARCS 87
NB_REQUESTS 0
NB_BLOCKAGES 26
NB_TERMINALS 9

VERTICES
1 0 0
2 0 0
3 0 0
4 0 0
5 0 0
6 0 0
7 0 0
8 0 0
9 0 0
10 0 0
11 0 0
12 0 0
13 0 0
14 0 0
15 0 0
16 0 0
17 0 0
18 0 0
19 0 0
20 0 0
21 0 0
22 0 0
23 0 0
24 0 0
25 0 0
26 0 0
27 0 0
28 0 0
29 0 0
30 0 0
31 0 0
32 0 0
33 0 0
34 0 0
35 0 0
36 0 0
37 0 0
38 0 0
39 0 0
40 0 0
41 0 0
42 0 0
43 0 0
44 0 0
45 0 0
46 0 0
47 0 0
48 0 0
49 0 0
50 0 0

ARCS
12 21 7
21 2 7
2 8 8
8 38 6
38 20 8
20 7 3
7 29 7
29 9 5
9 21 8
21 17 5
17 6 7
6 42 9
42 17 6
17 7 10
7 39 6
39 36 7
36 2 8
2 32 2
32 31 4
31 14 9
14 20 7
20 16 8
16 30 2
30 5 4
5 4 8
4 36 6
36 11 9
11 3 7
3 26 4
26 45 6
45 28 1
28 18 1
18 19 2
19 2 5
2 46 6
46 42 10
19 10 6
10 22 6
22 20 2
20 27 2
27 34 4
34 25 4
25 41 5
41 1 5
1 32 9
1 49 4
49 36 9
36 50 10
50 13 1
13 10 9
50 5 6
5 28 8
28 24 5
24 44 8
44 41 7
41 22 8
22 21 2
21 18 10
18 43 1
43 22 7
22 40 8
40 20 10
20 48 2
48 15 8
15 30 1
30 34 2
34 20 10
30 14 9
30 17 1
17 23 4
23 40 3
40 15 10
21 1 3
41 36 2
41 47 7
47 37 3
37 8 9
47 45 10
44 39 3
28 33 7
33 29 7
33 35 3
35 5 8
49 38 1
26 9 8
11 6 1
4 12 8

REQUESTS

BLOCKAGES
17 7
33 29
41 22
17 6
1 32
22 40
21 1
45 28
30 5
4 36
41 47
50 5
34 20
10 22
20 7
38 20
42 17
18 19
36 11
26 9
30 34
44 41
30 14
40 15
22 21
36 2

TERMINALS
12
22
24
27
34
35
37
48
49

R
1 2 3
1 3 2
1 4 2
1 5 5
1 6 1
1 7 5
1 8 1
1 9 1
1 10 5
1 11 1
1 12 4
1 13 5
1 14 4
1 15 3
1 16 1
1 17 5
1 18 3
1 19 1
1 20 4
1 21 3
1 22 3
1 23 3
1 24 4
1 25 4
1 26 4
1 27 1
1 28 3
1 29 3
1 30 2
1 31 5
1 32 3
1 33 4
1 34 1
1 35 1
1 36 5
1 37 1
1 38 2
1 39 2
1 40 3
1 41 1
1 42 3
1 43 1
1 44 1
1 45 3
1 46 1
1 47 1
1 48 3
1 49 3
1 50 2
2 1 1
2 3 2
2 4 1
2 5 5
2 6 2
2 7 1
2 8 3
2 9 2
2 10 5
2 11 3
2 12 4
2 13 4
2 14 2
2 15 4
2 16 4
2 17 3
2 18 1
2 19 2
2 20 4
2 21 2
2 22 4
2 23 2
2 24 1
2 25 2
2 26 2
2 27 4
2 28 2
2 29 2
2 30 3
2 31 1
2 32 5
2 33 5
2 34 4
2 35 5
2 36 4
2 37 1
2 38 2
2 39 3
2 40 4
2 41 1
2 42 5
2 43 4
2 44 4
2 45 2
2 46 3
2 47 3
2 48 1
2 49 5
2 50 4
3 1 1
3 2 1
3 4 4
3 5 2
3 6 4
3 7 5
3 8 5
3 9 4
3 10 3
3 11 2
3 12 1
3 13 3
3 14 3
3 15 2
3 16 2
3 17 5
3 18 5
3 19 4
3 20 1
3 21 2
3 22 2
3 23 2
3 24 4
3 25 1
3 26 2
3 27 2
3 28 5
3 29 4
3 30 2
3 31 4
3 32 4
3 33 4
3 34 1
3 35 3
3 36 3
3 37 4
3 38 4
3 39 2
3 40 4
3 41 2
3 42 5
3 43 1
3 44 1
3 45 3
3 46 2
3 47 4
3 48 4
3 49 3
3 50 2
4 1 1
4 2 5
4 3 4
4 5 2
4 6 3
4 7 1
4 8 4
4 9 1
4 10 5
4 11 4
4 12 2
4 13 3
4 14 3
4 15 2
4 16 5
4 17 2
4 18 4
4 19 1
4 20 2
4 21 1
4 22 4
4 23 5
4 24 2
4 25 5
4 26 1
4 27 4
4 28 1
4 29 4
4 30 4
4 31 4
4 32 3
4 33 5
4 34 5
4 35 1
4 36 3
4 37 4
4 38 1
4 39 3
4 40 4
4 41 2
4 42 4
4 43 2
4 44 4
4 45 3
4 46 3
4 47 3
4 48 4
4 49 2
4 50 3
5 1 2
5 2 4
5 3 4
5 4 2
5 6 5
5 7 3
5 8 2
5 9 1
5 10 5
5 11 2
5 12 4
5 13 5
5 14 4
5 15 5
5 16 4
5 17 1
5 18 5
5 19 4
5 20 3
5 21 2
5 22 2
5 23 4
5 24 5
5 25 5
5 26 4
5 27 2
5 28 3
5 29 4
5 30 2
5 31 1
5 32 1
5 33 1
5 34 1
5 35 1
5 36 2
5 37 5
5 38 3
5 39 5
5 40 2
5 41 5
5 42 1
5 43 3
5 44 4
5 45 2
5 46 4
5 47 5
5 48 2
5 49 3
5 50 3
6 1 2
6 2 5
6 3 2
6 4 5
6 5 1
6 7 3
6 8 4
6 9 5
6 10 2
6 11 2
6 12 3
6 13 2
6 14 4
6 15 3
6 16 4
6 17 5
6 18 1
6 19 4
6 20 4
6 21 5
6 22 2
6 23 3
6 24 3
6 25 4
6 26 4
6 27 1
6 28 3
6 29 3
6 30 2
6 31 5
6 32 2
6 33 3
6 34 1
6 35 5
6 36 5
6 37 4
6 38 3
6 39 3
6 40 5
6 41 4
6 42 1
6 43 4
6 44 3
6 45 4
6 46 2
6 47 1
6 48 5
6 49 4
6 50 1
7 1 4
7 2 4
7 3 3
7 4 3
7 5 3
7 6 3
7 8 1
7 9 3
7 10 2
7 11 5
7 12 1
7 13 4
7 14 4
7 15 1
7 16 1
7 17 5
7 18 5
7 19 1
7 20 2
7 21 4
7 22 5
7 23 3
7 24 4
7 25 4
7 26 2
7 27 4
7 28 2
7 29 2
7 30 4
7 31 5
7 32 5
7 33 4
7 34 5
7 35 4
7 36 3
7 37 4
7 38 1
7 39 1
7 40 1
7 41 5
7 42 5
7 43 4
7 44 3
7 45 5
7 46 4
7 47 3
7 48 5
7 49 5
7 50 1
8 1 3
8 2 3
8 3 5
8 4 5
8 5 1
8 6 5
8 7 1
8 9 1
8 10 1
8 11 5
8 12 4
8 13 3
8 14 1
8 15 4
8 16 4
8 17 4
8 18 2
8 19 3
8 20 1
8 21 2
8 22 5
8 23 5
8 24 3
8 25 3
8 26 4
8 27 5
8 28 3
8 29 4
8 30 4
8 31 2
8 32 4
8 33 1
8 34 4
8 35 3
8 36 3
8 37 1
8 38 3
8 39 5
8 40 2
8 41 5
8 42 1
8 43 2
8 44 2
8 45 1
8 46 1
8 47 3
8 48 4
8 49 4
8 50 5
9 1 5
9 2 5
9 3 4
9 4 1
9 5 4
9 6 4
9 7 5
9 8 3
9 10 1
9 11 3
9 12 3
9 13 3
9 14 1
9 15 1
9 16 1
9 17 5
9 18 3
9 19 4
9 20 4
9 21 4
9 22 5
9 23 4
9 24 2
9 25 1
9 26 2
9 27 2
9 28 3
9 29 4
9 30 3
9 31 1
9 32 3
9 33 4
9 34 2
9 35 4
9 36 4
9 37 1
9 38 4
9 39 5
9 40 5
9 41 4
9 42 4
9 43 3
9 44 3
9 45 1
9 46 3
9 47 1
9 48 1
9 49 2
9 50 4
10 1 4
10 2 2
10 3 5
10 4 4
10 5 3
10 6 2
10 7 1
10 8 5
10 9 5
10 11 4
10 12 4
10 13 2
10 14 4
10 15 2
10 16 1
10 17 4
10 18 2
10 19 3
10 20 2
10 21 4
10 22 2
10 23 2
10 24 2
10 25 1
10 26 5
10 27 3
10 28 3
10 29 5
10 30 3
10 31 1
10 32 5
10 33 3
10 34 3
10 35 4
10 36 2
10 37 5
10 38 2
10 39 2
10 40 1
10 41 1
10 42 2
10 43 1
10 44 5
10 45 5
10 46 4
10 47 5
10 48 5
10 49 1
10 50 2
11 1 1
11 2 1
11 3 5
11 4 3
11 5 2
11 6 1
11 7 2
11 8 4
11 9 5
11 10 3
11 12 3
11 13 1
11 14 4
11 15 3
11 16 5
11 17 2
11 18 4
11 19 1
11 20 3
11 21 2
11 22 4
11 23 1
11 24 5
11 25 4
11 26 2
11 27 2
11 28 3
11 29 1
11 30 1
11 31 5
11 32 4
11 33 2
11 34 5
11 35 3
11 36 1
11 37 3
11 38 5
11 39 4
11 40 4
11 41 5
11 42 3
11 43 1
11 44 2
11 45 1
11 46 5
11 47 3
11 48 2
11 49 3
11 50 3
12 1 1
12 2 1
12 3 1
12 4 3
12 5 3
12 6 2
12 7 4
12 8 4
12 9 1
12 10 1
12 11 1
12 13 5
12 14 1
12 15 4
12 16 1
12 17 4
12 18 4
12 19 3
12 20 5
12 21 2
12 22 1
12 23 4
12 24 1
12 25 4
12 26 2
12 27 1
12 28 3
12 29 4
12 30 4
12 31 3
12 32 4
12 33 5
12 34 5
12 35 1
12 36 4
12 37 2
12 38 2
12 39 3
12 40 2
12 41 2
12 42 5
12 43 3
12 44 3
12 45 1
12 46 1
12 47 5
12 48 1
12 49 2
12 50 3
13 1 5
13 2 5
13 3 5
13 4 1
13 5 1
13 6 3
13 7 2
13 8 1
13 9 3
13 10 3
13 11 5
13 12 2
13 14 1
13 15 1
13 16 1
13 17 1
13 18 4
13 19 5
13 20 5
13 21 3
13 22 1
13 23 1
13 24 5
13 25 5
13 26 1
13 27 5
13 28 1
13 29 5
13 30 2
13 31 2
13 32 4
13 33 1
13 34 3
13 35 4
13 36 3
13 37 3
13 38 3
13 39 2
13 40 4
13 41 2
13 42 4
13 43 5
13 44 3
13 45 4
13 46 5
13 47 1
13 48 1
13 49 5
13 50 5
14 1 5
14 2 5
14 3 2
14 4 3
14 5 4
14 6 2
14 7 3
14 8 5
14 9 4
14 10 4
14 11 1
14 12 2
14 13 5
14 15 3
14 16 4
14 17 5
14 18 1
14 19 2
14 20 2
14 21 2
14 22 2
14 23 1
14 24 2
14 25 1
14 26 5
14 27 5
14 28 2
14 29 5
14 30 5
14 31 3
14 32 1
14 33 5
14 34 2
14 35 3
14 36 2
14 37 2
14 38 4
14 39 1
14 40 1
14 41 4
14 42 1
14 43 3
14 44 5
14 45 5
14 46 1
14 47 3
14 48 4
14 49 3
14 50 1
15 1 3
15 2 1
15 3 2
15 4 3
15 5 2
15 6 4
15 7 2
15 8 1
15 9 2
15 10 4
15 11 2
15 12 2
15 13 4
15 14 3
15 16 3
15 17 1
15 18 1
15 19 2
15 20 1
15 21 1
15 22 2
15 23 4
15 24 2
15 25 2
15 26 5
15 27 1
15 28 2
15 29 3
15 30 5
15 31 4
15 32 5
15 33 4
15 34 4
15 35 2
15 36 1
15 37 2
15 38 2
15 39 4
15 40 2
15 41 1
15 42 2
15 43 5
15 44 2
15 45 1
15 46 3
15 47 1
15 48 1
15 49 3
15 50 2
16 1 4
16 2 1
16 3 1
16 4 2
16 5 4
16 6 2
16 7 2
16 8 1
16 9 5
16 10 1
16 11 2
16 12 5
16 13 5
16 14 5
16 15 5
16 17 3
16 18 5
16 19 1
16 20 2
16 21 4
16 22 4
16 23 2
16 24 2
16 25 3
16 26 3
16 27 2
16 28 2
16 29 5
16 30 5
16 31 2
16 32 2
16 33 3
16 34 2
16 35 4
16 36 1
16 37 2
16 38 5
16 39 4
16 40 2
16 41 1
16 42 1
16 43 4
16 44 5
16 45 3
16 46 3
16 47 4
16 48 2
16 49 5
16 50 4
17 1 3
17 2 5
17 3 2
17 4 1
17 5 1
17 6 1
17 7 5
17 8 5
17 9 3
17 10 5
17 11 4
17 12 4
17 13 3
17 14 3
17 15 2
17 16 1
17 18 5
17 19 3
17 20 2
17 21 1
17 22 1
17 23 2
17 24 1
17 25 4
17 26 1
17 27 3
17 28 2
17 29 4
17 30 5
17 31 1
17 32 4
17 33 4
17 34 2
17 35 2
17 36 5
17 37 2
17 38 2
17 39 4
17 40 1
17 41 4
17 42 5
17 43 1
17 44 4
17 45 2
17 46 3
17 47 2
17 48 2
17 49 5
17 50 4
18 1 3
18 2 5
18 3 5
18 4 4
18 5 5
18 6 5
18 7 1
18 8 5
18 9 3
18 10 1
18 11 1
18 12 5
18 13 4
18 14 4
18 15 1
18 16 5
18 17 5
18 19 3
18 20 2
18 21 4
18 22 5
18 23 2
18 24 3
18 25 1
18 26 3
18 27 2
18 28 3
18 29 4
18 30 3
18 31 4
18 32 5
18 33 3
18 34 3
18 35 1
18 36 1
18 37 5
18 38 5
18 39 2
18 40 4
18 41 3
18 42 2
18 43 4
18 44 2
18 45 3
18 46 4
18 47 5
18 48 2
18 49 4
18 50 2
19 1 5
19 2 4
19 3 1
19 4 4
19 5 3
19 6 1
19 7 1
19 8 4
19 9 1
19 10 4
19 11 2
19 12 4
19 13 3
19 14 4
19 15 4
19 16 3
19 17 1
19 18 3
19 20 5
19 21 4
19 22 1
19 23 2
19 24 3
19 25 1
19 26 5
19 27 5
19 28 1
19 29 4
19 30 3
19 31 4
19 32 2
19 33 5
19 34 4
19 35 5
19 36 3
19 37 2
19 38 2
19 39 3
19 40 5
19 41 2
19 42 3
19 43 3
19 44 3
19 45 1
19 46 1
19 47 1
19 48 5
19 49 4
19 50 3
20 1 4
20 2 2
20 3 5
20 4 2
20 5 1
20 6 2
20 7 2
20 8 2
20 9 2
20 10 2
20 11 5
20 12 3
20 13 1
20 14 1
20 15 1
20 16 5
20 17 3
20 18 2
20 19 1
20 21 2
20 22 2
20 23 5
20 24 4
20 25 1
20 26 2
20 27 1
20 28 4
20 29 4
20 30 3
20 31 2
20 32 3
20 33 1
20 34 5
20 35 4
20 36 3
20 37 1
20 38 5
20 39 1
20 40 2
20 41 1
20 42 4
20 43 3
20 44 3
20 45 4
20 46 3
20 47 1
20 48 3
20 49 2
20 50 2
21 1 1
21 2 3
21 3 5
21 4 5
21 5 4
21 6 1
21 7 3
21 8 4
21 9 4
21 10 1
21 11 3
21 12 2
21 13 5
21 14 4
21 15 1
21 16 3
21 17 3
21 18 3
21 19 2
21 20 5
21 22 2
21 23 4
21 24 5
21 25 4
21 26 4
21 27 4
21 28 4
21 29 4
21 30 3
21 31 5
21 32 2
21 33 5
21 34 5
21 35 2
21 36 4
21 37 3
21 38 4
21 39 3
21 40 3
21 41 4
21 42 5
21 43 1
21 44 5
21 45 4
21 46 1
21 47 2
21 48 1
21 49 5
21 50 5
22 1 4
22 2 1
22 3 3
22 4 5
22 5 5
22 6 3
22 7 3
22 8 5
22 9 1
22 10 3
22 11 5
22 12 3
22 13 1
22 14 4
22 15 4
22 16 2
22 17 5
22 18 3
22 19 2
22 20 2
22 21 2
22 23 5
22 24 2
22 25 4
22 26 4
22 27 5
22 28 4
22 29 3
22 30 3
22 31 5
22 32 2
22 33 1
22 34 5
22 35 1
22 36 2
22 37 5
22 38 3
22 39 1
22 40 4
22 41 1
22 42 3
22 43 3
22 44 3
22 45 4
22 46 4
22 47 3
22 48 2
22 49 3
22 50 5
23 1 4
23 2 4
23 3 1
23 4 5
23 5 5
23 6 5
23 7 4
23 8 2
23 9 5
23 10 1
23 11 4
23 12 2
23 13 4
23 14 1
23 15 1
23 16 4
23 17 3
23 18 5
23 19 3
23 20 3
23 21 1
23 22 3
23 24 3
23 25 5
23 26 2
23 27 3
23 28 3
23 29 4
23 30 1
23 31 5
23 32 3
23 33 1
23 34 1
23 35 1
23 36 1
23 37 5
23 38 2
23 39 1
23 40 1
23 41 3
23 42 1
23 43 1
23 44 4
23 45 1
23 46 2
23 47 5
23 48 1
23 49 1
23 50 1
24 1 3
24 2 5
24 3 3
24 4 3
24 5 2
24 6 3
24 7 4
24 8 1
24 9 2
24 10 3
24 11 2
24 12 4
24 13 2
24 14 2
24 15 4
24 16 4
24 17 4
24 18 3
24 19 5
24 20 4
24 21 1
24 22 3
24 23 1
24 25 1
24 26 1
24 27 1
24 28 4
24 29 2
24 30 3
24 31 4
24 32 5
24 33 3
24 34 4
24 35 2
24 36 5
24 37 2
24 38 1
24 39 3
24 40 3
24 41 3
24 42 2
24 43 1
24 44 1
24 45 4
24 46 4
24 47 4
24 48 2
24 49 3
24 50 3
25 1 4
25 2 3
25 3 3
25 4 1
25 5 4
25 6 1
25 7 3
25 8 1
25 9 4
25 10 5
25 11 4
25 12 5
25 13 4
25 14 1
25 15 3
25 16 2
25 17 5
25 18 4
25 19 3
25 20 4
25 21 3
25 22 2
25 23 1
25 24 5
25 26 2
25 27 1
25 28 4
25 29 2
25 30 2
25 31 3
25 32 1
25 33 5
25 34 5
25 35 1
25 36 2
25 37 5
25 38 1
25 39 5
25 40 1
25 41 1
25 42 1
25 43 1
25 44 5
25 45 1
25 46 1
25 47 4
25 48 2
25 49 2
25 50 3
26 1 1
26 2 2
26 3 2
26 4 2
26 5 2
26 6 2
26 7 5
26 8 2
26 9 2
26 10 3
26 11 1
26 12 4
26 13 4
26 14 2
26 15 5
26 16 4
26 17 4
26 18 5
26 19 1
26 20 5
26 21 5
26 22 1
26 23 5
26 24 2
26 25 3
26 27 2
26 28 2
26 29 1
26 30 5
26 31 5
26 32 5
26 33 1
26 34 1
26 35 4
26 36 2
26 37 5
26 38 5
26 39 4
26 40 1
26 41 3
26 42 1
26 43 1
26 44 1
26 45 4
26 46 5
26 47 2
26 48 4
26 49 3
26 50 1
27 1 4
27 2 2
27 3 2
27 4 2
27 5 3
27 6 3
27 7 1
27 8 4
27 9 1
27 10 1
27 11 5
27 12 2
27 13 3
27 14 5
27 15 5
27 16 1
27 17 4
27 18 4
27 19 2
27 20 2
27 21 4
27 22 4
27 23 2
27 24 2
27 25 1
27 26 3
27 28 1
27 29 2
27 30 1
27 31 5
27 32 5
27 33 2
27 34 3
27 35 3
27 36 3
27 37 5
27 38 3
27 39 5
27 40 5
27 41 5
27 42 2
27 43 4
27 44 2
27 45 4
27 46 1
27 47 3
27 48 1
27 49 4
27 50 1
28 1 2
28 2 5
28 3 1
28 4 2
28 5 1
28 6 4
28 7 2
28 8 3
28 9 4
28 10 4
28 11 1
28 12 5
28 13 5
28 14 2
28 15 2
28 16 2
28 17 1
28 18 3
28 19 4
28 20 5
28 21 2
28 22 1
28 23 1
28 24 3
28 25 4
28 26 2
28 27 3
28 29 1
28 30 4
28 31 3
28 32 1
28 33 1
28 34 2
28 35 1
28 36 2
28 37 4
28 38 5
28 39 4
28 40 4
28 41 5
28 42 4
28 43 4
28 44 5
28 45 3
28 46 2
28 47 1
28 48 1
28 49 2
28 50 4
29 1 2
29 2 1
29 3 2
29 4 2
29 5 3
29 6 1
29 7 5
29 8 1
29 9 5
29 10 5
29 11 5
29 12 2
29 13 2
29 14 2
29 15 5
29 16 4
29 17 3
29 18 4
29 19 3
29 20 3
29 21 4
29 22 5
29 23 3
29 24 2
29 25 1
29 26 2
29 27 3
29 28 1
29 30 3
29 31 1
29 32 1
29 33 1
29 34 3
29 35 5
29 36 2
29 37 2
29 38 2
29 39 3
29 40 3
29 41 2
29 42 4
29 43 4
29 44 5
29 45 2
29 46 5
29 47 5
29 48 5
29 49 4
29 50 5
30 1 5
30 2 4
30 3 3
30 4 4
30 5 1
30 6 1
30 7 4
30 8 3
30 9 5
30 10 1
30 11 2
30 12 5
30 13 4
30 14 4
30 15 2
30 16 5
30 17 2
30 18 5
30 19 1
30 20 4
30 21 2
30 22 4
30 23 4
30 24 5
30 25 4
30 26 5
30 27 1
30 28 5
30 29 1
30 31 5
30 32 4
30 33 5
30 34 3
30 35 1
30 36 5
30 37 5
30 38 3
30 39 3
30 40 4
30 41 2
30 42 1
30 43 5
30 44 3
30 45 1
30 46 3
30 47 1
30 48 5
30 49 1
30 50 5
31 1 2
31 2 4
31 3 2
31 4 3
31 5 4
31 6 3
31 7 1
31 8 5
31 9 4
31 10 2
31 11 1
31 12 5
31 13 5
31 14 5
31 15 2
31 16 2
31 17 5
31 18 1
31 19 4
31 20 4
31 21 5
31 22 2
31 23 1
31 24 1
31 25 4
31 26 3
31 27 1
31 28 4
31 29 4
31 30 1
31 32 5
31 33 1
31 34 2
31 35 1
31 36 3
31 37 5
31 38 1
31 39 5
31 40 2
31 41 1
31 42 1
31 43 2
31 44 5
31 45 2
31 46 3
31 47 3
31 48 3
31 49 4
31 50 3
32 1 3
32 2 5
32 3 4
32 4 4
32 5 5
32 6 5
32 7 4
32 8 3
32 9 2
32 10 4
32 11 3
32 12 2
32 13 3
32 14 3
32 15 5
32 16 4
32 17 2
32 18 5
32 19 1
32 20 3
32 21 1
32 22 1
32 23 5
32 24 4
32 25 2
32 26 1
32 27 1
32 28 4
32 29 5
32 30 5
32 31 1
32 33 2
32 34 4
32 35 2
32 36 2
32 37 5
32 38 1
32 39 5
32 40 4
32 41 4
32 42 3
32 43 2
32 44 2
32 45 1
32 46 1
32 47 2
32 48 1
32 49 5
32 50 1
33 1 3
33 2 2
33 3 3
33 4 3
33 5 4
33 6 3
33 7 4
33 8 4
33 9 3
33 10 2
33 11 1
33 12 4
33 13 4
33 14 2
33 15 4
33 16 5
33 17 1
33 18 4
33 19 2
33 20 5
33 21 4
33 22 2
33 23 5
33 24 5
33 25 4
33 26 2
33 27 1
33 28 5
33 29 4
33 30 5
33 31 2
33 32 1
33 34 3
33 35 1
33 36 5
33 37 1
33 38 3
33 39 5
33 40 2
33 41 2
33 42 3
33 43 2
33 44 1
33 45 1
33 46 5
33 47 1
33 48 3
33 49 5
33 50 1
34 1 1
34 2 2
34 3 5
34 4 3
34 5 3
34 6 4
34 7 1
34 8 4
34 9 1
34 10 5
34 11 4
34 12 5
34 13 1
34 14 4
34 15 3
34 16 1
34 17 5
34 18 5
34 19 5
34 20 4
34 21 1
34 22 1
34 23 1
34 24 2
34 25 3
34 26 3
34 27 4
34 28 1
34 29 2
34 30 3
34 31 1
34 32 3
34 33 1
34 35 5
34 36 2
34 37 3
34 38 4
34 39 4
34 40 3
34 41 4
34 42 3
34 43 1
34 44 1
34 45 5
34 46 1
34 47 5
34 48 2
34 49 2
34 50 4
35 1 1
35 2 5
35 3 5
35 4 3
35 5 2
35 6 3
35 7 3
35 8 2
35 9 1
35 10 3
35 11 3
35 12 1
35 13 3
35 14 2
35 15 1
35 16 3
35 17 5
35 18 1
35 19 3
35 20 3
35 21 3
35 22 3
35 23 5
35 24 1
35 25 3
35 26 1
35 27 3
35 28 2
35 29 2
35 30 5
35 31 3
35 32 4
35 33 1
35 34 4
35 36 4
35 37 3
35 38 1
35 39 1
35 40 4
35 41 4
35 42 3
35 43 3
35 44 4
35 45 5
35 46 2
35 47 4
35 48 4
35 49 1
35 50 4
36 1 1
36 2 4
36 3 4
36 4 4
36 5 5
36 6 1
36 7 3
36 8 3
36 9 3
36 10 2
36 11 1
36 12 2
36 13 4
36 14 5
36 15 5
36 16 4
36 17 5
36 18 2
36 19 4
36 20 5
36 21 2
36 22 2
36 23 2
36 24 1
36 25 2
36 26 3
36 27 2
36 28 1
36 29 4
36 30 3
36 31 1
36 32 1
36 33 3
36 34 4
36 35 4
36 37 4
36 38 4
36 39 4
36 40 1
36 41 4
36 42 2
36 43 4
36 44 2
36 45 2
36 46 5
36 47 1
36 48 5
36 49 4
36 50 4
37 1 5
37 2 3
37 3 5
37 4 2
37 5 1
37 6 1
37 7 3
37 8 5
37 9 2
37 10 5
37 11 3
37 12 1
37 13 1
37 14 4
37 15 5
37 16 1
37 17 4
37 18 1
37 19 2
37 20 4
37 21 1
37 22 5
37 23 5
37 24 1
37 25 3
37 26 1
37 27 5
37 28 4
37 29 2
37 30 3
37 31 2
37 32 2
37 33 2
37 34 4
37 35 5
37 36 2
37 38 4
37 39 4
37 40 4
37 41 2
37 42 4
37 43 3
37 44 3
37 45 1
37 46 1
37 47 4
37 48 3
37 49 2
37 50 4
38 1 4
38 2 2
38 3 2
38 4 5
38 5 2
38 6 2
38 7 3
38 8 4
38 9 2
38 10 3
38 11 1
38 12 1
38 13 4
38 14 2
38 15 3
38 16 2
38 17 1
38 18 1
38 19 2
38 20 4
38 21 4
38 22 4
38 23 4
38 24 2
38 25 3
38 26 4
38 27 4
38 28 1
38 29 4
38 30 2
38 31 2
38 32 2
38 33 4
38 34 3
38 35 4
38 36 2
38 37 1
38 39 3
38 40 5
38 41 4
38 42 5
38 43 2
38 44 5
38 45 5
38 46 3
38 47 2
38 48 4
38 49 5
38 50 2
39 1 5
39 2 1
39 3 3
39 4 3
39 5 4
39 6 1
39 7 2
39 8 5
39 9 4
39 10 5
39 11 3
39 12 3
39 13 1
39 14 1
39 15 1
39 16 5
39 17 1
39 18 4
39 19 2
39 20 3
39 21 3
39 22 1
39 23 2
39 24 2
39 25 5
39 26 2
39 27 4
39 28 3
39 29 5
39 30 1
39 31 1
39 32 1
39 33 1
39 34 3
39 35 4
39 36 1
39 37 5
39 38 2
39 40 5
39 41 4
39 42 1
39 43 4
39 44 1
39 45 3
39 46 2
39 47 3
39 48 4
39 49 2
39 50 1
40 1 1
40 2 5
40 3 5
40 4 1
40 5 1
40 6 1
40 7 2
40 8 4
40 9 2
40 10 1
40 11 5
40 12 4
40 13 1
40 14 1
40 15 4
40 16 1
40 17 1
40 18 1
40 19 5
40 20 2
40 21 1
40 22 5
40 23 5
40 24 1
40 25 2
40 26 4
40 27 2
40 28 4
40 29 3
40 30 4
40 31 1
40 32 3
40 33 3
40 34 3
40 35 5
40 36 5
40 37 3
40 38 3
40 39 4
40 41 1
40 42 3
40 43 3
40 44 4
40 45 5
40 46 5
40 47 4
40 48 5
40 49 5
40 50 5
41 1 2
41 2 2
41 3 2
41 4 1
41 5 3
41 6 2
41 7 3
41 8 1
41 9 1
41 10 3
41 11 3
41 12 4
41 13 4
41 14 2
41 15 3
41 16 1
41 17 3
41 18 2
41 19 5
41 20 2
41 21 2
41 22 3
41 23 4
41 24 2
41 25 1
41 26 4
41 27 1
41 28 2
41 29 5
41 30 1
41 31 3
41 32 1
41 33 4
41 34 4
41 35 2
41 36 3
41 37 2
41 38 1
41 39 3
41 40 2
41 42 3
41 43 3
41 44 2
41 45 3
41 46 1
41 47 4
41 48 5
41 49 4
41 50 3
42 1 2
42 2 2
42 3 4
42 4 4
42 5 1
42 6 2
42 7 1
42 8 1
42 9 3
42 10 2
42 11 2
42 12 5
42 13 4
42 14 5
42 15 3
42 16 4
42 17 3
42 18 5
42 19 3
42 20 3
42 21 4
42 22 1
42 23 5
42 24 1
42 25 3
42 26 5
42 27 2
42 28 3
42 29 4
42 30 2
42 31 2
42 32 5
42 33 5
42 34 1
42 35 3
42 36 2
42 37 4
42 38 1
42 39 4
42 40 1
42 41 4
42 43 1
42 44 5
42 45 5
42 46 5
42 47 4
42 48 3
42 49 2
42 50 5
43 1 5
43 2 1
43 3 4
43 4 1
43 5 2
43 6 1
43 7 5
43 8 1
43 9 4
43 10 4
43 11 2
43 12 2
43 13 1
43 14 1
43 15 2
43 16 3
43 17 1
43 18 3
43 19 1
43 20 3
43 21 2
43 22 2
43 23 1
43 24 4
43 25 3
43 26 5
43 27 3
43 28 2
43 29 3
43 30 1
43 31 1
43 32 4
43 33 3
43 34 4
43 35 1
43 36 4
43 37 5
43 38 2
43 39 2
43 40 3
43 41 1
43 42 3
43 44 5
43 45 1
43 46 5
43 47 3
43 48 3
43 49 5
43 50 5
44 1 5
44 2 2
44 3 1
44 4 1
44 5 5
44 6 4
44 7 4
44 8 4
44 9 3
44 10 2
44 11 3
44 12 5
44 13 2
44 14 4
44 15 2
44 16 3
44 17 4
44 18 3
44 19 4
44 20 3
44 21 4
44 22 3
44 23 3
44 24 1
44 25 2
44 26 5
44 27 2
44 28 4
44 29 4
44 30 2
44 31 1
44 32 3
44 33 5
44 34 3
44 35 1
44 36 1
44 37 2
44 38 1
44 39 5
44 40 1
44 41 2
44 42 2
44 43 3
44 45 5
44 46 2
44 47 1
44 48 2
44 49 1
44 50 3
45 1 2
45 2 5
45 3 3
45 4 5
45 5 2
45 6 5
45 7 3
45 8 1
45 9 2
45 10 4
45 11 4
45 12 5
45 13 4
45 14 3
45 15 1
45 16 1
45 17 3
45 18 2
45 19 4
45 20 3
45 21 1
45 22 2
45 23 1
45 24 4
45 25 4
45 26 1
45 27 1
45 28 1
45 29 4
45 30 3
45 31 4
45 32 1
45 33 2
45 34 3
45 35 5
45 36 5
45 37 3
45 38 2
45 39 2
45 40 1
45 41 5
45 42 5
45 43 5
45 44 3
45 46 4
45 47 2
45 48 1
45 49 2
45 50 3
46 1 4
46 2 1
46 3 5
46 4 5
46 5 2
46 6 1
46 7 5
46 8 4
46 9 1
46 10 1
46 11 2
46 12 5
46 13 1
46 14 2
46 15 3
46 16 3
46 17 3
46 18 2
46 19 2
46 20 2
46 21 3
46 22 4
46 23 1
46 24 4
46 25 3
46 26 1
46 27 2
46 28 2
46 29 1
46 30 5
46 31 4
46 32 1
46 33 1
46 34 1
46 35 3
46 36 4
46 37 1
46 38 4
46 39 2
46 40 3
46 41 4
46 42 3
46 43 2
46 44 1
46 45 2
46 47 1
46 48 4
46 49 1
46 50 2
47 1 2
47 2 2
47 3 1
47 4 1
47 5 3
47 6 1
47 7 5
47 8 5
47 9 2
47 10 1
47 11 2
47 12 4
47 13 2
47 14 2
47 15 4
47 16 2
47 17 1
47 18 4
47 19 2
47 20 5
47 21 5
47 22 4
47 23 5
47 24 4
47 25 2
47 26 1
47 27 5
47 28 2
47 29 1
47 30 3
47 31 5
47 32 4
47 33 4
47 34 5
47 35 4
47 36 3
47 37 2
47 38 1
47 39 2
47 40 5
47 41 3
47 42 3
47 43 3
47 44 1
47 45 2
47 46 3
47 48 2
47 49 2
47 50 1
48 1 5
48 2 3
48 3 5
48 4 5
48 5 3
48 6 4
48 7 1
48 8 5
48 9 5
48 10 4
48 11 5
48 12 2
48 13 3
48 14 3
48 15 3
48 16 4
48 17 4
48 18 5
48 19 5
48 20 1
48 21 2
48 22 5
48 23 3
48 24 1
48 25 4
48 26 1
48 27 2
48 28 2
48 29 2
48 30 1
48 31 2
48 32 4
48 33 5
48 34 4
48 35 3
48 36 4
48 37 2
48 38 1
48 39 3
48 40 3
48 41 4
48 42 4
48 43 5
48 44 4
48 45 4
48 46 4
48 47 4
48 49 2
48 50 3
49 1 1
49 2 4
49 3 4
49 4 2
49 5 3
49 6 2
49 7 5
49 8 3
49 9 3
49 10 3
49 11 5
49 12 5
49 13 5
49 14 5
49 15 5
49 16 3
49 17 2
49 18 5
49 19 1
49 20 4
49 21 3
49 22 3
49 23 5
49 24 1
49 25 4
49 26 5
49 27 4
49 28 2
49 29 3
49 30 2
49 31 5
49 32 5
49 33 5
49 34 5
49 35 1
49 36 3
49 37 1
49 38 3
49 39 5
49 40 1
49 41 5
49 42 1
49 43 2
49 44 1
49 45 5
49 46 3
49 47 3
49 48 4
49 50 3
50 1 5
50 2 4
50 3 5
50 4 3
50 5 3
50 6 2
50 7 3
50 8 2
50 9 1
50 10 2
50 11 2
50 12 4
50 13 1
50 14 1
50 15 4
50 16 2
50 17 2
50 18 3
50 19 5
50 20 1
50 21 4
50 22 5
50 23 5
50 24 2
50 25 1
50 26 1
50 27 3
50 28 4
50 29 5
50 30 1
50 31 1
50 32 5
50 33 5
50 34 2
50 35 4
50 36 4
50 37 3
50 38 3
50 39 1
50 40 5
50 41 4
50 42 4
50 43 4
50 44 1
50 45 4
50 46 4
50 47 3
50 48 2
50 49 1

END
