INSTANCE_NAME b02.dat
NB_VERTICES 50
NB_ARCS 77
NB_REQUESTS 0
NB_BLOCKAGES 23
NB_TERMINALS 13

VERTICES
1 0 0
2 0 0
3 0 0
4 0 0
5 0 0
6 0 0
7 0 0
8 0 0
9 0 0
10 0 0
11 0 0
12 0 0
13 0 0
14 0 0
15 0 0
16 0 0
17 0 0
18 0 0
19 0 0
20 0 0
21 0 0
22 0 0
23 0 0
24 0 0
25 0 0
26 0 0
27 0 0
28 0 0
29 0 0
30 0 0
31 0 0
32 0 0
33 0 0
34 0 0
35 0 0
36 0 0
37 0 0
38 0 0
39 0 0
40 0 0
41 0 0
42 0 0
43 0 0
44 0 0
45 0 0
46 0 0
47 0 0
48 0 0
49 0 0
50 0 0

ARCS
6 29 7
29 12 9
12 4 5
4 21 9
21 19 10
19 10 4
10 18 7
18 44 6
44 43 6
43 28 7
28 40 1
40 10 9
40 37 1
37 45 4
45 4 9
4 32 8
32 43 9
43 27 7
27 9 5
9 34 8
34 26 7
26 17 5
17 30 2
30 19 6
19 16 5
16 3 9
3 38 6
38 34 5
34 41 10
41 35 2
35 7 1
7 39 1
39 29 9
29 27 6
27 14 9
14 2 7
2 15 2
15 13 9
13 42 3
42 49 7
49 26 6
26 31 2
31 40 7
26 45 7
45 7 8
45 17 5
45 20 4
20 36 3
36 19 1
45 22 3
22 24 6
24 8 8
8 5 8
5 48 4
48 6 7
6 50 9
50 27 7
27 35 2
5 29 5
5 30 2
30 11 1
11 44 1
24 49 8
49 23 3
23 21 8
21 25 6
25 16 9
25 47 6
47 28 8
47 45 2
47 38 9
49 46 10
46 9 8
9 1 8
1 12 9
2 33 6
33 43 3

REQUESTS

BLOCKAGES
5 30
30 19
19 10
43 28
34 26
44 43
21 25
47 38
21 19
29 27
6 29
49 26
45 7
9 34
12 4
43 27
27 9
27 35
45 17
5 29
45 4
24 49
47 45

TERMINALS
6
7
9
11
19
23
25
28
39
40
41
43
49

R
1 2 4
1 3 2
1 4 4
1 5 4
1 6 3
1 7 1
1 8 2
1 9 4
1 10 2
1 11 4
1 12 2
1 13 1
1 14 2
1 15 2
1 16 4
1 17 2
1 18 2
1 19 3
1 20 1
1 21 5
1 22 5
1 23 4
1 24 5
1 25 4
1 26 1
1 27 2
1 28 3
1 29 4
1 30 1
1 31 5
1 32 4
1 33 4
1 34 2
1 35 3
1 36 3
1 37 1
1 38 5
1 39 4
1 40 1
1 41 1
1 42 4
1 43 2
1 44 4
1 45 5
1 46 5
1 47 4
1 48 3
1 49 2
1 50 1
2 1 3
2 3 3
2 4 2
2 5 2
2 6 5
2 7 5
2 8 4
2 9 1
2 10 2
2 11 2
2 12 2
2 13 4
2 14 1
2 15 2
2 16 2
2 17 5
2 18 4
2 19 2
2 20 4
2 21 4
2 22 4
2 23 1
2 24 3
2 25 3
2 26 4
2 27 4
2 28 2
2 29 4
2 30 2
2 31 5
2 32 1
2 33 1
2 34 3
2 35 2
2 36 4
2 37 4
2 38 3
2 39 2
2 40 1
2 41 5
2 42 4
2 43 2
2 44 3
2 45 1
2 46 4
2 47 1
2 48 5
2 49 4
2 50 2
3 1 3
3 2 3
3 4 2
3 5 5
3 6 2
3 7 4
3 8 1
3 9 2
3 10 1
3 11 4
3 12 5
3 13 2
3 14 5
3 15 1
3 16 4
3 17 1
3 18 4
3 19 4
3 20 4
3 21 3
3 22 5
3 23 5
3 24 1
3 25 3
3 26 4
3 27 1
3 28 3
3 29 4
3 30 2
3 31 4
3 32 2
3 33 4
3 34 3
3 35 3
3 36 3
3 37 4
3 38 2
3 39 3
3 40 2
3 41 4
3 42 4
3 43 2
3 44 5
3 45 3
3 46 2
3 47 1
3 48 5
3 49 2
3 50 4
4 1 5
4 2 4
4 3 5
4 5 4
4 6 1
4 7 5
4 8 4
4 9 3
4 10 2
4 11 2
4 12 4
4 13 5
4 14 5
4 15 4
4 16 2
4 17 3
4 18 4
4 19 2
4 20 1
4 21 1
4 22 1
4 23 1
4 24 1
4 25 2
4 26 5
4 27 3
4 28 5
4 29 2
4 30 5
4 31 1
4 32 3
4 33 4
4 34 2
4 35 4
4 36 5
4 37 2
4 38 3
4 39 3
4 40 2
4 41 5
4 42 2
4 43 5
4 44 1
4 45 3
4 46 4
4 47 5
4 48 2
4 49 2
4 50 3
5 1 2
5 2 4
5 3 3
5 4 4
5 6 5
5 7 1
5 8 4
5 9 4
5 10 5
5 11 2
5 12 3
5 13 3
5 14 4
5 15 4
5 16 1
5 17 3
5 18 3
5 19 2
5 20 5
5 21 2
5 22 3
5 23 1
5 24 5
5 25 5
5 26 4
5 27 3
5 28 3
5 29 5
5 30 4
5 31 1
5 32 4
5 33 3
5 34 4
5 35 2
5 36 1
5 37 5
5 38 4
5 39 1
5 40 4
5 41 4
5 42 3
5 43 3
5 44 3
5 45 3
5 46 1
5 47 3
5 48 2
5 49 5
5 50 1
6 1 4
6 2 4
6 3 1
6 4 1
6 5 5
6 7 5
6 8 1
6 9 2
6 10 4
6 11 5
6 12 3
6 13 4
6 14 4
6 15 2
6 16 4
6 17 2
6 18 2
6 19 4
6 20 5
6 21 5
6 22 4
6 23 5
6 24 4
6 25 3
6 26 4
6 27 1
6 28 1
6 29 1
6 30 5
6 31 5
6 32 4
6 33 3
6 34 5
6 35 4
6 36 3
6 37 5
6 38 5
6 39 1
6 40 3
6 41 3
6 42 5
6 43 5
6 44 1
6 45 5
6 46 1
6 47 1
6 48 1
6 49 5
6 50 4
7 1 3
7 2 1
7 3 4
7 4 4
7 5 4
7 6 2
7 8 3
7 9 1
7 10 2
7 11 5
7 12 5
7 13 3
7 14 3
7 15 4
7 16 5
7 17 3
7 18 4
7 19 4
7 20 2
7 21 4
7 22 1
7 23 4
7 24 3
7 25 3
7 26 1
7 27 3
7 28 5
7 29 2
7 30 5
7 31 1
7 32 2
7 33 2
7 34 1
7 35 1
7 36 3
7 37 4
7 38 4
7 39 5
7 40 5
7 41 5
7 42 4
7 43 1
7 44 4
7 45 4
7 46 5
7 47 3
7 48 1
7 49 3
7 50 3
8 1 3
8 2 1
8 3 1
8 4 1
8 5 5
8 6 3
8 7 4
8 9 4
8 10 4
8 11 5
8 12 4
8 13 2
8 14 1
8 15 2
8 16 2
8 17 3
8 18 4
8 19 3
8 20 1
8 21 3
8 22 4
8 23 2
8 24 4
8 25 4
8 26 1
8 27 4
8 28 5
8 29 5
8 30 4
8 31 4
8 32 3
8 33 3
8 34 1
8 35 3
8 36 1
8 37 1
8 38 2
8 39 4
8 40 4
8 41 2
8 42 5
8 43 4
8 44 3
8 45 2
8 46 1
8 47 5
8 48 5
8 49 4
8 50 4
9 1 2
9 2 4
9 3 2
9 4 1
9 5 4
9 6 2
9 7 3
9 8 2
9 10 4
9 11 2
9 12 2
9 13 2
9 14 1
9 15 5
9 16 3
9 17 3
9 18 5
9 19 3
9 20 1
9 21 5
9 22 3
9 23 3
9 24 4
9 25 2
9 26 5
9 27 2
9 28 2
9 29 1
9 30 1
9 31 2
9 32 1
9 33 5
9 34 5
9 35 4
9 36 5
9 37 5
9 38 1
9 39 2
9 40 1
9 41 1
9 42 5
9 43 3
9 44 2
9 45 1
9 46 2
9 47 4
9 48 5
9 49 3
9 50 3
10 1 1
10 2 4
10 3 3
10 4 5
10 5 2
10 6 4
10 7 1
10 8 3
10 9 2
10 11 4
10 12 1
10 13 5
10 14 4
10 15 2
10 16 2
10 17 3
10 18 1
10 19 1
10 20 5
10 21 4
10 22 2
10 23 5
10 24 3
10 25 1
10 26 3
10 27 5
10 28 4
10 29 4
10 30 5
10 31 3
10 32 1
10 33 2
10 34 1
10 35 5
10 36 3
10 37 2
10 38 3
10 39 3
10 40 1
10 41 1
10 42 1
10 43 3
10 44 3
10 45 2
10 46 4
10 47 4
10 48 1
10 49 1
10 50 1
11 1 5
11 2 1
11 3 4
11 4 1
11 5 4
11 6 4
11 7 3
11 8 5
11 9 2
11 10 1
11 12 4
11 13 1
11 14 4
11 15 2
11 16 1
11 17 3
11 18 4
11 19 4
11 20 3
11 21 4
11 22 5
11 23 5
11 24 1
11 25 4
11 26 2
11 27 2
11 28 3
11 29 2
11 30 2
11 31 5
11 32 3
11 33 3
11 34 1
11 35 1
11 36 5
11 37 1
11 38 2
11 39 3
11 40 5
11 41 5
11 42 5
11 43 1
11 44 1
11 45 3
11 46 2
11 47 1
11 48 3
11 49 3
11 50 5
12 1 2
12 2 1
12 3 1
12 4 1
12 5 1
12 6 4
12 7 5
12 8 5
12 9 3
12 10 1
12 11 1
12 13 5
12 14 5
12 15 1
12 16 5
12 17 1
12 18 5
12 19 2
12 20 2
12 21 4
12 22 1
12 23 3
12 24 4
12 25 3
12 26 3
12 27 3
12 28 2
12 29 4
12 30 2
12 31 4
12 32 5
12 33 3
12 34 4
12 35 5
12 36 1
12 37 1
12 38 5
12 39 5
12 40 5
12 41 5
12 42 2
12 43 3
12 44 4
12 45 2
12 46 3
12 47 5
12 48 4
12 49 4
12 50 1
13 1 2
13 2 5
13 3 3
13 4 4
13 5 5
13 6 1
13 7 2
13 8 2
13 9 2
13 10 2
13 11 1
13 12 2
13 14 1
13 15 5
13 16 5
13 17 2
13 18 5
13 19 5
13 20 3
13 21 1
13 22 5
13 23 2
13 24 3
13 25 2
13 26 2
13 27 4
13 28 1
13 29 1
13 30 4
13 31 1
13 32 3
13 33 5
13 34 5
13 35 1
13 36 3
13 37 4
13 38 3
13 39 1
13 40 3
13 41 1
13 42 2
13 43 3
13 44 2
13 45 4
13 46 2
13 47 1
13 48 2
13 49 4
13 50 2
14 1 2
14 2 4
14 3 3
14 4 3
14 5 1
14 6 1
14 7 2
14 8 1
14 9 1
14 10 2
14 11 4
14 12 2
14 13 2
14 15 5
14 16 1
14 17 2
14 18 3
14 19 5
14 20 4
14 21 5
14 22 4
14 23 4
14 24 2
14 25 1
14 26 2
14 27 2
14 28 4
14 29 2
14 30 1
14 31 2
14 32 5
14 33 2
14 34 1
14 35 3
14 36 1
14 37 1
14 38 3
14 39 2
14 40 4
14 41 1
14 42 1
14 43 2
14 44 4
14 45 2
14 46 2
14 47 1
14 48 5
14 49 1
14 50 2
15 1 5
15 2 5
15 3 5
15 4 5
15 5 3
15 6 5
15 7 1
15 8 2
15 9 4
15 10 4
15 11 2
15 12 2
15 13 3
15 14 3
15 16 2
15 17 2
15 18 5
15 19 5
15 20 2
15 21 2
15 22 3
15 23 2
15 24 4
15 25 1
15 26 2
15 27 5
15 28 4
15 29 2
15 30 1
15 31 1
15 32 4
15 33 5
15 34 3
15 35 3
15 36 4
15 37 2
15 38 5
15 39 4
15 40 3
15 41 5
15 42 2
15 43 1
15 44 1
15 45 1
15 46 5
15 47 5
15 48 3
15 49 5
15 50 4
16 1 4
16 2 3
16 3 3
16 4 2
16 5 1
16 6 5
16 7 3
16 8 2
16 9 1
16 10 1
16 11 2
16 12 1
16 13 4
16 14 1
16 15 3
16 17 2
16 18 4
16 19 5
16 20 1
16 21 4
16 22 4
16 23 2
16 24 2
16 25 5
16 26 2
16 27 2
16 28 4
16 29 1
16 30 4
16 31 5
16 32 1
16 33 4
16 34 2
16 35 3
16 36 2
16 37 2
16 38 5
16 39 4
16 40 3
16 41 5
16 42 5
16 43 4
16 44 5
16 45 5
16 46 1
16 47 5
16 48 3
16 49 1
16 50 1
17 1 5
17 2 4
17 3 4
17 4 1
17 5 5
17 6 5
17 7 3
17 8 2
17 9 4
17 10 5
17 11 2
17 12 3
17 13 1
17 14 3
17 15 2
17 16 3
17 18 4
17 19 3
17 20 4
17 21 5
17 22 3
17 23 3
17 24 1
17 25 1
17 26 5
17 27 5
17 28 2
17 29 4
17 30 3
17 31 2
17 32 4
17 33 2
17 34 3
17 35 4
17 36 5
17 37 2
17 38 4
17 39 2
17 40 5
17 41 4
17 42 1
17 43 4
17 44 3
17 45 1
17 46 1
17 47 4
17 48 1
17 49 4
17 50 2
18 1 4
18 2 3
18 3 4
18 4 4
18 5 3
18 6 1
18 7 3
18 8 5
18 9 4
18 10 1
18 11 2
18 12 3
18 13 1
18 14 5
18 15 5
18 16 1
18 17 4
18 19 3
18 20 4
18 21 2
18 22 5
18 23 4
18 24 5
18 25 3
18 26 2
18 27 2
18 28 3
18 29 5
18 30 2
18 31 3
18 32 3
18 33 3
18 34 1
18 35 1
18 36 1
18 37 5
18 38 4
18 39 3
18 40 4
18 41 2
18 42 5
18 43 2
18 44 1
18 45 2
18 46 2
18 47 2
18 48 2
18 49 2
18 50 5
19 1 3
19 2 1
19 3 1
19 4 1
19 5 5
19 6 3
19 7 2
19 8 1
19 9 2
19 10 2
19 11 5
19 12 4
19 13 1
19 14 2
19 15 1
19 16 4
19 17 4
19 18 3
19 20 2
19 21 3
19 22 1
19 23 5
19 24 4
19 25 3
19 26 1
19 27 5
19 28 1
19 29 2
19 30 1
19 31 4
19 32 3
19 33 3
19 34 4
19 35 3
19 36 1
19 37 3
19 38 2
19 39 2
19 40 1
19 41 3
19 42 5
19 43 5
19 44 4
19 45 1
19 46 3
19 47 4
19 48 4
19 49 1
19 50 3
20 1 2
20 2 5
20 3 4
20 4 1
20 5 3
20 6 3
20 7 3
20 8 2
20 9 5
20 10 2
20 11 4
20 12 5
20 13 4
20 14 4
20 15 4
20 16 4
20 17 4
20 18 3
20 19 5
20 21 2
20 22 5
20 23 5
20 24 2
20 25 4
20 26 3
20 27 4
20 28 3
20 29 3
20 30 4
20 31 5
20 32 1
20 33 5
20 34 4
20 35 1
20 36 2
20 37 1
20 38 5
20 39 5
20 40 4
20 41 1
20 42 3
20 43 5
20 44 5
20 45 3
20 46 3
20 47 5
20 48 1
20 49 3
20 50 5
21 1 3
21 2 1
21 3 4
21 4 4
21 5 2
21 6 5
21 7 3
21 8 2
21 9 2
21 10 2
21 11 5
21 12 2
21 13 4
21 14 4
21 15 5
21 16 4
21 17 3
21 18 3
21 19 5
21 20 2
21 22 1
21 23 5
21 24 1
21 25 2
21 26 5
21 27 3
21 28 1
21 29 4
21 30 1
21 31 3
21 32 3
21 33 3
21 34 4
21 35 4
21 36 3
21 37 2
21 38 3
21 39 5
21 40 4
21 41 4
21 42 1
21 43 5
21 44 5
21 45 5
21 46 4
21 47 2
21 48 5
21 49 1
21 50 4
22 1 2
22 2 4
22 3 1
22 4 1
22 5 4
22 6 3
22 7 5
22 8 3
22 9 3
22 10 1
22 11 3
22 12 3
22 13 5
22 14 2
22 15 3
22 16 3
22 17 4
22 18 1
22 19 5
22 20 3
22 21 1
22 23 1
22 24 1
22 25 1
22 26 5
22 27 2
22 28 1
22 29 1
22 30 3
22 31 1
22 32 1
22 33 4
22 34 1
22 35 2
22 36 5
22 37 1
22 38 1
22 39 1
22 40 3
22 41 5
22 42 3
22 43 3
22 44 2
22 45 3
22 46 4
22 47 1
22 48 2
22 49 3
22 50 2
23 1 4
23 2 2
23 3 2
23 4 4
23 5 4
23 6 4
23 7 3
23 8 5
23 9 4
23 10 1
23 11 3
23 12 1
23 13 1
23 14 1
23 15 1
23 16 4
23 17 2
23 18 3
23 19 4
23 20 5
23 21 3
23 22 4
23 24 2
23 25 5
23 26 2
23 27 1
23 28 3
23 29 3
23 30 3
23 31 2
23 32 1
23 33 1
23 34 4
23 35 4
23 36 4
23 37 2
23 38 3
23 39 3
23 40 4
23 41 3
23 42 3
23 43 1
23 44 4
23 45 1
23 46 3
23 47 1
23 48 4
23 49 5
23 50 4
24 1 5
24 2 4
24 3 1
24 4 3
24 5 2
24 6 5
24 7 4
24 8 3
24 9 4
24 10 3
24 11 2
24 12 1
24 13 5
24 14 2
24 15 1
24 16 4
24 17 2
24 18 2
24 19 3
24 20 1
24 21 5
24 22 5
24 23 1
24 25 2
24 26 5
24 27 1
24 28 5
24 29 1
24 30 1
24 31 1
24 32 1
24 33 5
24 34 1
24 35 1
24 36 4
24 37 2
24 38 2
24 39 3
24 40 1
24 41 2
24 42 2
24 43 2
24 44 2
24 45 2
24 46 5
24 47 2
24 48 2
24 49 3
24 50 1
25 1 4
25 2 4
25 3 2
25 4 5
25 5 4
25 6 4
25 7 5
25 8 1
25 9 5
25 10 5
25 11 1
25 12 5
25 13 2
25 14 3
25 15 2
25 16 2
25 17 1
25 18 5
25 19 5
25 20 5
25 21 1
25 22 1
25 23 4
25 24 2
25 26 5
25 27 5
25 28 4
25 29 1
25 30 3
25 31 1
25 32 1
25 33 1
25 34 4
25 35 5
25 36 2
25 37 4
25 38 3
25 39 1
25 40 4
25 41 2
25 42 2
25 43 2
25 44 3
25 45 3
25 46 1
25 47 4
25 48 1
25 49 1
25 50 5
26 1 2
26 2 3
26 3 5
26 4 5
26 5 1
26 6 4
26 7 4
26 8 2
26 9 2
26 10 4
26 11 4
26 12 2
26 13 2
26 14 1
26 15 3
26 16 1
26 17 2
26 18 1
26 19 5
26 20 5
26 21 2
26 22 3
26 23 3
26 24 3
26 25 5
26 27 3
26 28 5
26 29 5
26 30 5
26 31 2
26 32 4
26 33 2
26 34 4
26 35 1
26 36 3
26 37 1
26 38 4
26 39 1
26 40 2
26 41 5
26 42 1
26 43 2
26 44 1
26 45 4
26 46 2
26 47 3
26 48 4
26 49 4
26 50 1
27 1 5
27 2 5
27 3 2
27 4 2
27 5 2
27 6 1
27 7 3
27 8 4
27 9 5
27 10 2
27 11 1
27 12 1
27 13 3
27 14 4
27 15 2
27 16 3
27 17 1
27 18 4
27 19 3
27 20 1
27 21 1
27 22 2
27 23 1
27 24 2
27 25 4
27 26 5
27 28 4
27 29 4
27 30 5
27 31 4
27 32 4
27 33 5
27 34 3
27 35 2
27 36 1
27 37 1
27 38 2
27 39 4
27 40 2
27 41 1
27 42 2
27 43 2
27 44 3
27 45 1
27 46 5
27 47 1
27 48 5
27 49 5
27 50 5
28 1 2
28 2 2
28 3 2
28 4 5
28 5 4
28 6 3
28 7 4
28 8 3
28 9 3
28 10 4
28 11 5
28 12 3
28 13 2
28 14 1
28 15 2
28 16 3
28 17 1
28 18 3
28 19 1
28 20 1
28 21 1
28 22 3
28 23 5
28 24 2
28 25 2
28 26 2
28 27 3
28 29 3
28 30 2
28 31 4
28 32 4
28 33 5
28 34 2
28 35 5
28 36 5
28 37 5
28 38 4
28 39 5
28 40 5
28 41 4
28 42 3
28 43 4
28 44 1
28 45 1
28 46 4
28 47 3
28 48 5
28 49 1
28 50 2
29 1 5
29 2 4
29 3 4
29 4 2
29 5 5
29 6 2
29 7 5
29 8 1
29 9 4
29 10 2
29 11 4
29 12 4
29 13 5
29 14 4
29 15 5
29 16 1
29 17 5
29 18 1
29 19 5
29 20 4
29 21 5
29 22 3
29 23 1
29 24 5
29 25 5
29 26 3
29 27 3
29 28 4
29 30 2
29 31 1
29 32 5
29 33 3
29 34 1
29 35 3
29 36 1
29 37 5
29 38 1
29 39 5
29 40 2
29 41 4
29 42 2
29 43 3
29 44 4
29 45 3
29 46 1
29 47 5
29 48 4
29 49 2
29 50 1
30 1 5
30 2 5
30 3 5
30 4 2
30 5 2
30 6 5
30 7 1
30 8 4
30 9 4
30 10 5
30 11 2
30 12 1
30 13 1
30 14 4
30 15 3
30 16 1
30 17 4
30 18 4
30 19 1
30 20 5
30 21 1
30 22 2
30 23 1
30 24 3
30 25 5
30 26 1
30 27 5
30 28 2
30 29 1
30 31 1
30 32 2
30 33 5
30 34 2
30 35 3
30 36 3
30 37 3
30 38 4
30 39 3
30 40 3
30 41 5
30 42 4
30 43 4
30 44 5
30 45 5
30 46 4
30 47 3
30 48 2
30 49 4
30 50 3
31 1 2
31 2 3
31 3 3
31 4 5
31 5 4
31 6 2
31 7 5
31 8 1
31 9 3
31 10 1
31 11 1
31 12 5
31 13 4
31 14 2
31 15 1
31 16 1
31 17 4
31 18 5
31 19 5
31 20 1
31 21 2
31 22 4
31 23 2
31 24 2
31 25 5
31 26 1
31 27 5
31 28 4
31 29 4
31 30 3
31 32 2
31 33 2
31 34 1
31 35 1
31 36 2
31 37 1
31 38 5
31 39 1
31 40 3
31 41 2
31 42 3
31 43 3
31 44 4
31 45 3
31 46 4
31 47 4
31 48 3
31 49 2
31 50 1
32 1 4
32 2 4
32 3 2
32 4 4
32 5 5
32 6 1
32 7 4
32 8 2
32 9 5
32 10 4
32 11 2
32 12 5
32 13 5
32 14 4
32 15 2
32 16 1
32 17 5
32 18 4
32 19 5
32 20 2
32 21 1
32 22 3
32 23 1
32 24 5
32 25 1
32 26 3
32 27 5
32 28 2
32 29 2
32 30 3
32 31 2
32 33 1
32 34 1
32 35 5
32 36 1
32 37 3
32 38 5
32 39 1
32 40 1
32 41 2
32 42 5
32 43 3
32 44 3
32 45 4
32 46 1
32 47 4
32 48 1
32 49 5
32 50 4
33 1 5
33 2 1
33 3 4
33 4 3
33 5 1
33 6 5
33 7 5
33 8 5
33 9 4
33 10 1
33 11 1
33 12 1
33 13 2
33 14 3
33 15 3
33 16 4
33 17 1
33 18 2
33 19 3
33 20 1
33 21 3
33 22 1
33 23 5
33 24 2
33 25 3
33 26 4
33 27 4
33 28 3
33 29 4
33 30 3
33 31 1
33 32 1
33 34 5
33 35 1
33 36 5
33 37 2
33 38 2
33 39 4
33 40 1
33 41 5
33 42 5
33 43 3
33 44 2
33 45 3
33 46 3
33 47 2
33 48 1
33 49 3
33 50 3
34 1 1
34 2 3
34 3 2
34 4 1
34 5 3
34 6 5
34 7 1
34 8 3
34 9 3
34 10 3
34 11 3
34 12 5
34 13 1
34 14 3
34 15 1
34 16 3
34 17 2
34 18 2
34 19 5
34 20 3
34 21 4
34 22 1
34 23 4
34 24 4
34 25 3
34 26 1
34 27 1
34 28 4
34 29 4
34 30 3
34 31 3
34 32 4
34 33 5
34 35 2
34 36 4
34 37 4
34 38 1
34 39 4
34 40 1
34 41 4
34 42 4
34 43 4
34 44 5
34 45 1
34 46 3
34 47 3
34 48 3
34 49 2
34 50 1
35 1 2
35 2 4
35 3 5
35 4 5
35 5 4
35 6 5
35 7 2
35 8 4
35 9 5
35 10 2
35 11 2
35 12 2
35 13 1
35 14 2
35 15 3
35 16 2
35 17 1
35 18 4
35 19 3
35 20 1
35 21 1
35 22 3
35 23 4
35 24 4
35 25 4
35 26 4
35 27 4
35 28 1
35 29 4
35 30 2
35 31 4
35 32 2
35 33 2
35 34 5
35 36 1
35 37 5
35 38 4
35 39 4
35 40 5
35 41 3
35 42 5
35 43 2
35 44 1
35 45 1
35 46 3
35 47 5
35 48 2
35 49 5
35 50 3
36 1 1
36 2 1
36 3 4
36 4 5
36 5 1
36 6 4
36 7 1
36 8 2
36 9 4
36 10 1
36 11 5
36 12 5
36 13 1
36 14 3
36 15 1
36 16 5
36 17 4
36 18 2
36 19 3
36 20 2
36 21 2
36 22 2
36 23 4
36 24 5
36 25 2
36 26 4
36 27 4
36 28 4
36 29 2
36 30 4
36 31 3
36 32 3
36 33 1
36 34 1
36 35 4
36 37 3
36 38 2
36 39 4
36 40 4
36 41 2
36 42 2
36 43 5
36 44 2
36 45 2
36 46 3
36 47 4
36 48 2
36 49 3
36 50 1
37 1 1
37 2 4
37 3 2
37 4 3
37 5 2
37 6 1
37 7 1
37 8 2
37 9 4
37 10 4
37 11 4
37 12 4
37 13 2
37 14 3
37 15 4
37 16 4
37 17 1
37 18 4
37 19 2
37 20 2
37 21 2
37 22 4
37 23 3
37 24 4
37 25 2
37 26 1
37 27 3
37 28 5
37 29 4
37 30 5
37 31 2
37 32 5
37 33 5
37 34 3
37 35 2
37 36 4
37 38 5
37 39 2
37 40 5
37 41 1
37 42 3
37 43 3
37 44 4
37 45 1
37 46 2
37 47 5
37 48 4
37 49 5
37 50 3
38 1 3
38 2 1
38 3 1
38 4 1
38 5 5
38 6 1
38 7 4
38 8 2
38 9 3
38 10 3
38 11 1
38 12 2
38 13 2
38 14 5
38 15 2
38 16 4
38 17 3
38 18 5
38 19 1
38 20 1
38 21 1
38 22 1
38 23 3
38 24 4
38 25 1
38 26 5
38 27 2
38 28 5
38 29 4
38 30 1
38 31 4
38 32 1
38 33 3
38 34 2
38 35 3
38 36 4
38 37 2
38 39 1
38 40 1
38 41 5
38 42 5
38 43 1
38 44 1
38 45 1
38 46 2
38 47 4
38 48 2
38 49 1
38 50 5
39 1 4
39 2 1
39 3 1
39 4 4
39 5 1
39 6 1
39 7 1
39 8 5
39 9 2
39 10 1
39 11 5
39 12 5
39 13 1
39 14 2
39 15 4
39 16 2
39 17 4
39 18 3
39 19 4
39 20 1
39 21 3
39 22 3
39 23 3
39 24 5
39 25 5
39 26 3
39 27 3
39 28 4
39 29 1
39 30 3
39 31 3
39 32 4
39 33 5
39 34 5
39 35 4
39 36 5
39 37 5
39 38 5
39 40 2
39 41 2
39 42 2
39 43 1
39 44 3
39 45 2
39 46 3
39 47 1
39 48 1
39 49 3
39 50 3
40 1 4
40 2 4
40 3 2
40 4 3
40 5 1
40 6 3
40 7 2
40 8 5
40 9 2
40 10 2
40 11 3
40 12 4
40 13 2
40 14 1
40 15 4
40 16 1
40 17 2
40 18 5
40 19 1
40 20 3
40 21 1
40 22 4
40 23 4
40 24 2
40 25 3
40 26 2
40 27 1
40 28 3
40 29 2
40 30 3
40 31 3
40 32 2
40 33 3
40 34 1
40 35 4
40 36 5
40 37 4
40 38 3
40 39 2
40 41 2
40 42 4
40 43 4
40 44 1
40 45 2
40 46 1
40 47 1
40 48 3
40 49 2
40 50 2
41 1 5
41 2 4
41 3 5
41 4 3
41 5 4
41 6 3
41 7 5
41 8 3
41 9 3
41 10 4
41 11 1
41 12 5
41 13 1
41 14 3
41 15 5
41 16 2
41 17 3
41 18 4
41 19 2
41 20 2
41 21 5
41 22 5
41 23 1
41 24 3
41 25 2
41 26 4
41 27 1
41 28 4
41 29 1
41 30 4
41 31 1
41 32 5
41 33 5
41 34 5
41 35 4
41 36 3
41 37 2
41 38 5
41 39 5
41 40 1
41 42 4
41 43 1
41 44 2
41 45 1
41 46 5
41 47 1
41 48 4
41 49 4
41 50 2
42 1 2
42 2 1
42 3 1
42 4 2
42 5 3
42 6 1
42 7 3
42 8 1
42 9 3
42 10 2
42 11 2
42 12 1
42 13 4
42 14 3
42 15 5
42 16 3
42 17 2
42 18 3
42 19 1
42 20 1
42 21 4
42 22 3
42 23 4
42 24 1
42 25 4
42 26 5
42 27 2
42 28 2
42 29 3
42 30 1
42 31 3
42 32 5
42 33 1
42 34 5
42 35 3
42 36 3
42 37 5
42 38 5
42 39 5
42 40 2
42 41 1
42 43 1
42 44 5
42 45 4
42 46 4
42 47 4
42 48 3
42 49 2
42 50 3
43 1 5
43 2 2
43 3 4
43 4 2
43 5 3
43 6 4
43 7 3
43 8 4
43 9 3
43 10 4
43 11 3
43 12 3
43 13 1
43 14 2
43 15 5
43 16 2
43 17 4
43 18 4
43 19 2
43 20 1
43 21 3
43 22 5
43 23 3
43 24 1
43 25 1
43 26 2
43 27 1
43 28 5
43 29 1
43 30 2
43 31 2
43 32 3
43 33 5
43 34 2
43 35 1
43 36 2
43 37 1
43 38 3
43 39 2
43 40 5
43 41 3
43 42 5
43 44 2
43 45 5
43 46 3
43 47 1
43 48 2
43 49 4
43 50 4
44 1 5
44 2 4
44 3 3
44 4 1
44 5 1
44 6 3
44 7 2
44 8 4
44 9 3
44 10 1
44 11 2
44 12 1
44 13 4
44 14 4
44 15 1
44 16 1
44 17 1
44 18 4
44 19 3
44 20 4
44 21 1
44 22 2
44 23 3
44 24 5
44 25 5
44 26 3
44 27 2
44 28 2
44 29 1
44 30 5
44 31 5
44 32 5
44 33 3
44 34 4
44 35 2
44 36 1
44 37 2
44 38 3
44 39 4
44 40 1
44 41 5
44 42 5
44 43 2
44 45 1
44 46 5
44 47 4
44 48 1
44 49 1
44 50 2
45 1 5
45 2 1
45 3 2
45 4 3
45 5 3
45 6 3
45 7 2
45 8 2
45 9 2
45 10 3
45 11 4
45 12 1
45 13 4
45 14 3
45 15 1
45 16 2
45 17 2
45 18 1
45 19 5
45 20 4
45 21 1
45 22 1
45 23 1
45 24 3
45 25 4
45 26 1
45 27 4
45 28 2
45 29 3
45 30 4
45 31 3
45 32 2
45 33 1
45 34 2
45 35 1
45 36 4
45 37 1
45 38 2
45 39 2
45 40 2
45 41 1
45 42 1
45 43 3
45 44 1
45 46 5
45 47 5
45 48 2
45 49 1
45 50 2
46 1 4
46 2 2
46 3 2
46 4 4
46 5 2
46 6 1
46 7 4
46 8 2
46 9 5
46 10 5
46 11 4
46 12 5
46 13 4
46 14 2
46 15 1
46 16 5
46 17 2
46 18 1
46 19 3
46 20 5
46 21 4
46 22 4
46 23 5
46 24 4
46 25 3
46 26 2
46 27 1
46 28 2
46 29 5
46 30 3
46 31 3
46 32 3
46 33 1
46 34 2
46 35 3
46 36 2
46 37 2
46 38 1
46 39 5
46 40 3
46 41 5
46 42 5
46 43 3
46 44 4
46 45 1
46 47 5
46 48 5
46 49 4
46 50 5
47 1 2
47 2 3
47 3 3
47 4 3
47 5 4
47 6 4
47 7 5
47 8 5
47 9 1
47 10 2
47 11 5
47 12 3
47 13 1
47 14 4
47 15 1
47 16 2
47 17 2
47 18 2
47 19 1
47 20 2
47 21 4
47 22 5
47 23 4
47 24 3
47 25 4
47 26 2
47 27 1
47 28 3
47 29 3
47 30 4
47 31 4
47 32 5
47 33 4
47 34 4
47 35 4
47 36 4
47 37 2
47 38 3
47 39 1
47 40 4
47 41 4
47 42 2
47 43 3
47 44 2
47 45 5
47 46 3
47 48 3
47 49 3
47 50 5
48 1 5
48 2 5
48 3 5
48 4 5
48 5 3
48 6 2
48 7 5
48 8 1
48 9 4
48 10 3
48 11 3
48 12 5
48 13 1
48 14 4
48 15 5
48 16 4
48 17 2
48 18 3
48 19 2
48 20 5
48 21 5
48 22 5
48 23 5
48 24 1
48 25 3
48 26 1
48 27 3
48 28 5
48 29 1
48 30 5
48 31 1
48 32 2
48 33 1
48 34 5
48 35 3
48 36 3
48 37 4
48 38 3
48 39 5
48 40 4
48 41 5
48 42 3
48 43 3
48 44 2
48 45 3
48 46 2
48 47 1
48 49 2
48 50 2
49 1 4
49 2 1
49 3 1
49 4 4
49 5 2
49 6 2
49 7 3
49 8 5
49 9 1
49 10 4
49 11 5
49 12 5
49 13 2
49 14 1
49 15 1
49 16 3
49 17 4
49 18 5
49 19 1
49 20 1
49 21 5
49 22 5
49 23 2
49 24 4
49 25 4
49 26 3
49 27 3
49 28 1
49 29 5
49 30 4
49 31 4
49 32 4
49 33 1
49 34 4
49 35 4
49 36 3
49 37 2
49 38 1
49 39 2
49 40 2
49 41 4
49 42 1
49 43 2
49 44 5
49 45 3
49 46 4
49 47 3
49 48 3
49 50 5
50 1 5
50 2 3
50 3 1
50 4 1
50 5 1
50 6 4
50 7 2
50 8 4
50 9 4
50 10 4
50 11 3
50 12 2
50 13 2
50 14 1
50 15 3
50 16 5
50 17 4
50 18 2
50 19 2
50 20 1
50 21 3
50 22 5
50 23 2
50 24 5
50 25 3
50 26 3
50 27 2
50 28 3
50 29 2
50 30 2
50 31 3
50 32 4
50 33 4
50 34 3
50 35 4
50 36 5
50 37 4
50 38 5
50 39 5
50 40 2
50 41 5
50 42 2
50 43 5
50 44 1
50 45 5
50 46 2
50 47 1
50 48 5
50 49 3

END
