INSTANCE_NAME b03.dat
NB_VERTICES 50
NB_ARCS 83
NB_REQUESTS 0
NB_BLOCKAGES 24
NB_TERMINALS 25

VERTICES
1 0 0
2 0 0
3 0 0
4 0 0
5 0 0
6 0 0
7 0 0
8 0 0
9 0 0
10 0 0
11 0 0
12 0 0
13 0 0
14 0 0
15 0 0
16 0 0
17 0 0
18 0 0
19 0 0
20 0 0
21 0 0
22 0 0
23 0 0
24 0 0
25 0 0
26 0 0
27 0 0
28 0 0
29 0 0
30 0 0
31 0 0
32 0 0
33 0 0
34 0 0
35 0 0
36 0 0
37 0 0
38 0 0
39 0 0
40 0 0
41 0 0
42 0 0
43 0 0
44 0 0
45 0 0
46 0 0
47 0 0
48 0 0
49 0 0
50 0 0

ARCS
1 49 6
49 19 6
19 12 9
12 35 8
35 6 4
6 10 4
10 9 4
9 18 5
18 16 4
16 38 2
38 21 8
21 9 1
9 22 8
22 4 5
4 5 1
5 22 4
22 25 2
25 46 10
46 34 6
34 13 2
13 10 1
10 30 8
30 21 9
21 8 7
8 39 6
39 26 6
26 30 10
30 12 5
12 21 1
21 11 8
11 3 8
3 17 10
17 7 4
7 33 5
33 36 5
36 42 8
42 41 6
41 9 10
9 45 9
45 6 3
9 27 1
27 24 5
24 40 1
40 19 8
19 23 8
23 20 7
20 11 5
11 15 8
15 47 9
47 32 4
32 30 4
30 31 8
31 5 2
5 16 8
16 34 7
34 1 10
1 14 9
14 28 7
28 18 7
28 2 2
2 48 8
48 4 1
48 10 1
10 20 4
14 50 7
50 17 7
50 22 5
50 39 1
50 40 5
50 43 7
43 9 2
9 32 8
14 26 4
14 13 10
13 31 1
31 37 2
37 29 2
29 7 4
29 41 4
30 15 9
42 44 9
44 8 9
46 49 5

REQUESTS

BLOCKAGES
46 34
10 30
14 13
9 18
40 19
32 30
50 39
50 22
29 41
30 31
21 9
13 31
48 10
9 22
49 19
11 15
10 20
14 28
17 7
22 4
1 14
30 21
21 11
30 12

TERMINALS
1
2
4
9
10
12
13
15
16
20
24
25
28
32
34
36
37
38
39
41
42
44
48
49
50

R
1 2 5
1 3 1
1 4 4
1 5 3
1 6 2
1 7 2
1 8 5
1 9 1
1 10 5
1 11 1
1 12 1
1 13 5
1 14 1
1 15 4
1 16 5
1 17 4
1 18 3
1 19 1
1 20 5
1 21 3
1 22 1
1 23 4
1 24 3
1 25 3
1 26 3
1 27 4
1 28 4
1 29 4
1 30 1
1 31 3
1 32 3
1 33 2
1 34 5
1 35 3
1 36 4
1 37 1
1 38 1
1 39 5
1 40 1
1 41 2
1 42 2
1 43 3
1 44 1
1 45 3
1 46 1
1 47 1
1 48 3
1 49 1
1 50 1
2 1 3
2 3 3
2 4 2
2 5 1
2 6 2
2 7 1
2 8 5
2 9 2
2 10 1
2 11 3
2 12 2
2 13 5
2 14 3
2 15 4
2 16 4
2 17 2
2 18 4
2 19 4
2 20 3
2 21 1
2 22 2
2 23 4
2 24 2
2 25 4
2 26 2
2 27 1
2 28 2
2 29 2
2 30 4
2 31 2
2 32 2
2 33 3
2 34 1
2 35 5
2 36 5
2 37 4
2 38 5
2 39 4
2 40 1
2 41 2
2 42 3
2 43 4
2 44 1
2 45 5
2 46 4
2 47 4
2 48 2
2 49 3
2 50 3
3 1 1
3 2 5
3 4 4
3 5 1
3 6 1
3 7 4
3 8 2
3 9 4
3 10 5
3 11 5
3 12 4
3 13 3
3 14 2
3 15 1
3 16 3
3 17 3
3 18 2
3 19 2
3 20 5
3 21 5
3 22 4
3 23 1
3 24 2
3 25 2
3 26 2
3 27 4
3 28 1
3 29 2
3 30 2
3 31 5
3 32 4
3 33 2
3 34 4
3 35 4
3 36 4
3 37 1
3 38 3
3 39 3
3 40 4
3 41 4
3 42 2
3 43 4
3 44 2
3 45 5
3 46 1
3 47 1
3 48 3
3 49 2
3 50 4
4 1 4
4 2 3
4 3 2
4 5 1
4 6 5
4 7 4
4 8 2
4 9 3
4 10 1
4 11 4
4 12 1
4 13 5
4 14 4
4 15 2
4 16 3
4 17 3
4 18 2
4 19 5
4 20 2
4 21 4
4 22 1
4 23 2
4 24 1
4 25 4
4 26 5
4 27 2
4 28 5
4 29 1
4 30 4
4 31 1
4 32 4
4 33 4
4 34 4
4 35 3
4 36 5
4 37 5
4 38 1
4 39 3
4 40 4
4 41 1
4 42 3
4 43 4
4 44 2
4 45 4
4 46 2
4 47 4
4 48 3
4 49 3
4 50 3
5 1 4
5 2 2
5 3 3
5 4 2
5 6 4
5 7 4
5 8 2
5 9 5
5 10 3
5 11 2
5 12 1
5 13 5
5 14 2
5 15 4
5 16 5
5 17 4
5 18 5
5 19 4
5 20 1
5 21 5
5 22 4
5 23 3
5 24 2
5 25 2
5 26 4
5 27 5
5 28 5
5 29 4
5 30 2
5 31 3
5 32 4
5 33 2
5 34 1
5 35 1
5 36 1
5 37 1
5 38 1
5 39 2
5 40 5
5 41 3
5 42 5
5 43 2
5 44 5
5 45 1
5 46 3
5 47 4
5 48 2
5 49 4
5 50 5
6 1 2
6 2 3
6 3 3
6 4 2
6 5 5
6 7 2
6 8 5
6 9 1
6 10 3
6 11 4
6 12 5
6 13 2
6 14 2
6 15 3
6 16 2
6 17 4
6 18 3
6 19 4
6 20 5
6 21 1
6 22 4
6 23 4
6 24 5
6 25 2
6 26 3
6 27 3
6 28 4
6 29 4
6 30 1
6 31 3
6 32 3
6 33 2
6 34 5
6 35 2
6 36 3
6 37 1
6 38 5
6 39 5
6 40 4
6 41 3
6 42 3
6 43 5
6 44 4
6 45 1
6 46 4
6 47 3
6 48 4
6 49 2
6 50 1
7 1 5
7 2 4
7 3 1
7 4 4
7 5 4
7 6 3
7 8 3
7 9 3
7 10 3
7 11 1
7 12 3
7 13 2
7 14 5
7 15 1
7 16 4
7 17 4
7 18 1
7 19 1
7 20 5
7 21 5
7 22 1
7 23 2
7 24 4
7 25 5
7 26 3
7 27 4
7 28 4
7 29 2
7 30 4
7 31 2
7 32 2
7 33 4
7 34 5
7 35 5
7 36 4
7 37 5
7 38 4
7 39 3
7 40 4
7 41 1
7 42 1
7 43 1
7 44 5
7 45 5
7 46 4
7 47 3
7 48 5
7 49 4
7 50 3
8 1 5
8 2 5
8 3 1
8 4 3
8 5 3
8 6 5
8 7 5
8 9 1
8 10 5
8 11 1
8 12 1
8 13 1
8 14 5
8 15 4
8 16 3
8 17 1
8 18 4
8 19 4
8 20 4
8 21 2
8 22 3
8 23 1
8 24 2
8 25 5
8 26 5
8 27 3
8 28 3
8 29 4
8 30 5
8 31 3
8 32 4
8 33 4
8 34 2
8 35 4
8 36 1
8 37 4
8 38 3
8 39 3
8 40 1
8 41 3
8 42 5
8 43 2
8 44 5
8 45 1
8 46 2
8 47 2
8 48 1
8 49 1
8 50 3
9 1 4
9 2 4
9 3 5
9 4 5
9 5 5
9 6 4
9 7 1
9 8 4
9 10 4
9 11 5
9 12 3
9 13 1
9 14 3
9 15 3
9 16 3
9 17 1
9 18 1
9 19 1
9 20 5
9 21 3
9 22 4
9 23 4
9 24 4
9 25 5
9 26 4
9 27 2
9 28 1
9 29 2
9 30 2
9 31 3
9 32 4
9 33 3
9 34 1
9 35 3
9 36 4
9 37 2
9 38 4
9 39 4
9 40 1
9 41 4
9 42 5
9 43 5
9 44 4
9 45 4
9 46 3
9 47 3
9 48 1
9 49 3
9 50 1
10 1 1
10 2 2
10 3 4
10 4 4
10 5 2
10 6 5
10 7 4
10 8 3
10 9 2
10 11 1
10 12 5
10 13 5
10 14 4
10 15 4
10 16 2
10 17 4
10 18 2
10 19 1
10 20 4
10 21 2
10 22 3
10 23 2
10 24 4
10 25 2
10 26 2
10 27 2
10 28 1
10 29 5
10 30 3
10 31 3
10 32 5
10 33 3
10 34 1
10 35 5
10 36 3
10 37 3
10 38 4
10 39 2
10 40 5
10 41 2
10 42 2
10 43 1
10 44 1
10 45 2
10 46 1
10 47 5
10 48 5
10 49 4
10 50 5
11 1 5
11 2 1
11 3 2
11 4 1
11 5 1
11 6 5
11 7 3
11 8 2
11 9 1
11 10 2
11 12 4
11 13 5
11 14 3
11 15 3
11 16 1
11 17 4
11 18 3
11 19 5
11 20 2
11 21 4
11 22 1
11 23 3
11 24 2
11 25 4
11 26 1
11 27 5
11 28 4
11 29 2
11 30 2
11 31 3
11 32 1
11 33 1
11 34 5
11 35 4
11 36 2
11 37 5
11 38 3
11 39 1
11 40 3
11 41 5
11 42 4
11 43 4
11 44 5
11 45 3
11 46 1
11 47 2
11 48 1
11 49 5
11 50 3
12 1 2
12 2 3
12 3 3
12 4 1
12 5 1
12 6 1
12 7 3
12 8 3
12 9 2
12 10 4
12 11 4
12 13 1
12 14 1
12 15 1
12 16 5
12 17 1
12 18 4
12 19 1
12 20 4
12 21 4
12 22 3
12 23 5
12 24 2
12 25 1
12 26 4
12 27 1
12 28 4
12 29 2
12 30 1
12 31 3
12 32 4
12 33 4
12 34 3
12 35 4
12 36 5
12 37 5
12 38 1
12 39 4
12 40 2
12 41 2
12 42 3
12 43 2
12 44 2
12 45 5
12 46 3
12 47 3
12 48 1
12 49 1
12 50 5
13 1 1
13 2 2
13 3 3
13 4 5
13 5 5
13 6 5
13 7 1
13 8 1
13 9 3
13 10 2
13 11 1
13 12 3
13 14 3
13 15 5
13 16 2
13 17 1
13 18 1
13 19 1
13 20 1
13 21 4
13 22 5
13 23 5
13 24 3
13 25 1
13 26 1
13 27 5
13 28 5
13 29 1
13 30 5
13 31 1
13 32 5
13 33 2
13 34 2
13 35 4
13 36 1
13 37 3
13 38 4
13 39 3
13 40 3
13 41 3
13 42 2
13 43 4
13 44 2
13 45 4
13 46 5
13 47 3
13 48 4
13 49 5
13 50 1
14 1 1
14 2 5
14 3 5
14 4 5
14 5 5
14 6 2
14 7 3
14 8 4
14 9 2
14 10 3
14 11 5
14 12 4
14 13 4
14 15 1
14 16 2
14 17 5
14 18 3
14 19 4
14 20 5
14 21 1
14 22 2
14 23 2
14 24 2
14 25 2
14 26 1
14 27 2
14 28 1
14 29 5
14 30 5
14 31 2
14 32 5
14 33 5
14 34 3
14 35 1
14 36 5
14 37 2
14 38 3
14 39 2
14 40 2
14 41 4
14 42 1
14 43 1
14 44 4
14 45 1
14 46 3
14 47 5
14 48 5
14 49 1
14 50 3
15 1 4
15 2 3
15 3 1
15 4 3
15 5 1
15 6 2
15 7 3
15 8 2
15 9 4
15 10 2
15 11 1
15 12 2
15 13 4
15 14 2
15 16 2
15 17 4
15 18 3
15 19 3
15 20 1
15 21 1
15 22 2
15 23 1
15 24 1
15 25 2
15 26 4
15 27 2
15 28 2
15 29 5
15 30 1
15 31 2
15 32 3
15 33 5
15 34 4
15 35 5
15 36 4
15 37 4
15 38 2
15 39 1
15 40 2
15 41 2
15 42 4
15 43 2
15 44 1
15 45 2
15 46 5
15 47 2
15 48 1
15 49 3
15 50 1
16 1 1
16 2 3
16 3 2
16 4 4
16 5 1
16 6 1
16 7 2
16 8 4
16 9 2
16 10 2
16 11 1
16 12 5
16 13 1
16 14 2
16 15 5
16 17 5
16 18 5
16 19 5
16 20 3
16 21 5
16 22 1
16 23 2
16 24 4
16 25 4
16 26 2
16 27 2
16 28 3
16 29 3
16 30 2
16 31 2
16 32 5
16 33 5
16 34 2
16 35 2
16 36 3
16 37 2
16 38 4
16 39 1
16 40 2
16 41 5
16 42 4
16 43 2
16 44 1
16 45 1
16 46 4
16 47 5
16 48 3
16 49 3
16 50 4
17 1 2
17 2 5
17 3 4
17 4 3
17 5 5
17 6 2
17 7 1
17 8 1
17 9 1
17 10 5
17 11 5
17 12 3
17 13 5
17 14 4
17 15 4
17 16 3
17 18 3
17 19 2
17 20 1
17 21 5
17 22 3
17 23 2
17 24 1
17 25 1
17 26 2
17 27 1
17 28 4
17 29 1
17 30 3
17 31 2
17 32 4
17 33 5
17 34 1
17 35 4
17 36 4
17 37 2
17 38 2
17 39 5
17 40 2
17 41 2
17 42 4
17 43 1
17 44 4
17 45 5
17 46 1
17 47 4
17 48 2
17 49 3
17 50 2
18 1 2
18 2 5
18 3 4
18 4 3
18 5 5
18 6 5
18 7 4
18 8 5
18 9 5
18 10 1
18 11 5
18 12 3
18 13 1
18 14 1
18 15 5
18 16 4
18 17 4
18 19 1
18 20 5
18 21 5
18 22 3
18 23 2
18 24 4
18 25 5
18 26 2
18 27 3
18 28 1
18 29 3
18 30 2
18 31 3
18 32 4
18 33 3
18 34 4
18 35 5
18 36 3
18 37 3
18 38 1
18 39 1
18 40 5
18 41 5
18 42 2
18 43 4
18 44 3
18 45 2
18 46 4
18 47 2
18 48 3
18 49 4
18 50 5
19 1 2
19 2 4
19 3 2
19 4 5
19 5 4
19 6 1
19 7 4
19 8 3
19 9 1
19 10 1
19 11 4
19 12 1
19 13 4
19 14 2
19 15 4
19 16 3
19 17 4
19 18 4
19 20 3
19 21 1
19 22 3
19 23 5
19 24 4
19 25 1
19 26 2
19 27 3
19 28 1
19 29 5
19 30 5
19 31 1
19 32 4
19 33 3
19 34 4
19 35 2
19 36 5
19 37 4
19 38 5
19 39 3
19 40 2
19 41 2
19 42 3
19 43 5
19 44 2
19 45 3
19 46 3
19 47 3
19 48 1
19 49 1
19 50 1
20 1 5
20 2 4
20 3 3
20 4 4
20 5 2
20 6 5
20 7 2
20 8 1
20 9 2
20 10 2
20 11 2
20 12 2
20 13 2
20 14 5
20 15 3
20 16 1
20 17 1
20 18 1
20 19 5
20 21 3
20 22 2
20 23 1
20 24 2
20 25 2
20 26 5
20 27 4
20 28 1
20 29 2
20 30 1
20 31 4
20 32 4
20 33 3
20 34 2
20 35 3
20 36 1
20 37 5
20 38 4
20 39 3
20 40 1
20 41 5
20 42 1
20 43 2
20 44 1
20 45 4
20 46 3
20 47 3
20 48 4
20 49 3
20 50 1
21 1 3
21 2 2
21 3 2
21 4 1
21 5 3
21 6 5
21 7 5
21 8 4
21 9 1
21 10 3
21 11 4
21 12 4
21 13 1
21 14 3
21 15 2
21 16 5
21 17 4
21 18 1
21 19 3
21 20 3
21 22 3
21 23 2
21 24 5
21 25 2
21 26 4
21 27 5
21 28 4
21 29 4
21 30 4
21 31 4
21 32 4
21 33 3
21 34 5
21 35 2
21 36 5
21 37 5
21 38 2
21 39 4
21 40 3
21 41 4
21 42 3
21 43 3
21 44 4
21 45 5
21 46 1
21 47 5
21 48 4
21 49 1
21 50 2
22 1 1
22 2 5
22 3 5
22 4 4
22 5 1
22 6 3
22 7 5
22 8 5
22 9 3
22 10 3
22 11 5
22 12 1
22 13 3
22 14 5
22 15 3
22 16 1
22 17 4
22 18 4
22 19 2
22 20 5
22 21 3
22 23 2
22 24 2
22 25 2
22 26 5
22 27 2
22 28 4
22 29 4
22 30 5
22 31 4
22 32 3
22 33 3
22 34 5
22 35 2
22 36 1
22 37 5
22 38 1
22 39 2
22 40 5
22 41 3
22 42 1
22 43 4
22 44 1
22 45 3
22 46 3
22 47 3
22 48 4
22 49 4
22 50 3
23 1 2
23 2 3
23 3 5
23 4 4
23 5 4
23 6 1
23 7 5
23 8 5
23 9 5
23 10 4
23 11 2
23 12 5
23 13 1
23 14 4
23 15 2
23 16 4
23 17 1
23 18 1
23 19 4
23 20 3
23 21 5
23 22 3
23 24 3
23 25 1
23 26 3
23 27 3
23 28 5
23 29 2
23 30 3
23 31 3
23 32 4
23 33 1
23 34 5
23 35 3
23 36 1
23 37 1
23 38 1
23 39 1
23 40 5
23 41 2
23 42 1
23 43 1
23 44 3
23 45 1
23 46 1
23 47 4
23 48 1
23 49 2
23 50 5
24 1 1
24 2 1
24 3 1
24 4 3
24 5 5
24 6 3
24 7 3
24 8 2
24 9 3
24 10 4
24 11 1
24 12 2
24 13 3
24 14 2
24 15 4
24 16 2
24 17 2
24 18 4
24 19 4
24 20 4
24 21 3
24 22 5
24 23 4
24 25 1
24 26 3
24 27 1
24 28 1
24 29 1
24 30 1
24 31 4
24 32 2
24 33 3
24 34 4
24 35 5
24 36 3
24 37 4
24 38 2
24 39 5
24 40 2
24 41 1
24 42 3
24 43 3
24 44 3
24 45 2
24 46 1
24 47 1
24 48 4
24 49 4
24 50 4
25 1 2
25 2 3
25 3 3
25 4 4
25 5 3
25 6 3
25 7 1
25 8 4
25 9 1
25 10 3
25 11 1
25 12 4
25 13 5
25 14 4
25 15 5
25 16 4
25 17 1
25 18 3
25 19 2
25 20 5
25 21 4
25 22 3
25 23 4
25 24 3
25 26 2
25 27 1
25 28 5
25 29 2
25 30 1
25 31 4
25 32 2
25 33 2
25 34 3
25 35 1
25 36 5
25 37 5
25 38 1
25 39 2
25 40 5
25 41 1
25 42 5
25 43 1
25 44 1
25 45 1
25 46 1
25 47 5
25 48 1
25 49 1
25 50 4
26 1 2
26 2 2
26 3 3
26 4 1
26 5 2
26 6 2
26 7 2
26 8 2
26 9 2
26 10 5
26 11 2
26 12 2
26 13 3
26 14 1
26 15 4
26 16 4
26 17 2
26 18 5
26 19 4
26 20 4
26 21 5
26 22 1
26 23 5
26 24 5
26 25 1
26 27 5
26 28 2
26 29 3
26 30 2
26 31 2
26 32 1
26 33 5
26 34 5
26 35 5
26 36 1
26 37 1
26 38 4
26 39 2
26 40 5
26 41 5
26 42 4
26 43 1
26 44 3
26 45 1
26 46 1
26 47 1
26 48 4
26 49 5
26 50 2
27 1 4
27 2 3
27 3 1
27 4 4
27 5 2
27 6 2
27 7 2
27 8 3
27 9 3
27 10 1
27 11 4
27 12 1
27 13 1
27 14 5
27 15 2
27 16 3
27 17 5
27 18 5
27 19 1
27 20 4
27 21 4
27 22 2
27 23 2
27 24 4
27 25 4
27 26 2
27 28 2
27 29 1
27 30 3
27 31 1
27 32 2
27 33 1
27 34 5
27 35 5
27 36 2
27 37 3
27 38 3
27 39 3
27 40 5
27 41 3
27 42 5
27 43 5
27 44 5
27 45 2
27 46 4
27 47 2
27 48 4
27 49 1
27 50 3
28 1 1
28 2 4
28 3 1
28 4 2
28 5 5
28 6 1
28 7 2
28 8 1
28 9 4
28 10 2
28 11 3
28 12 4
28 13 4
28 14 1
28 15 5
28 16 5
28 17 2
28 18 2
28 19 2
28 20 1
28 21 3
28 22 4
28 23 5
28 24 2
28 25 1
28 26 1
28 27 3
28 29 4
28 30 2
28 31 3
28 32 1
28 33 4
28 34 3
28 35 1
28 36 1
28 37 2
28 38 1
28 39 2
28 40 4
28 41 5
28 42 4
28 43 4
28 44 5
28 45 4
28 46 4
28 47 5
28 48 3
28 49 2
28 50 1
29 1 1
29 2 2
29 3 4
29 4 2
29 5 1
29 6 2
29 7 2
29 8 3
29 9 1
29 10 5
29 11 1
29 12 5
29 13 5
29 14 5
29 15 2
29 16 2
29 17 2
29 18 5
29 19 4
29 20 3
29 21 4
29 22 3
29 23 3
29 24 4
29 25 5
29 26 3
29 27 2
29 28 1
29 30 2
29 31 3
29 32 1
29 33 3
29 34 1
29 35 1
29 36 1
29 37 3
29 38 5
29 39 2
29 40 2
29 41 2
29 42 3
29 43 3
29 44 2
29 45 4
29 46 4
29 47 5
29 48 2
29 49 5
29 50 5
30 1 5
30 2 4
30 3 5
30 4 5
30 5 4
30 6 3
30 7 4
30 8 1
30 9 1
30 10 4
30 11 3
30 12 5
30 13 1
30 14 2
30 15 5
30 16 4
30 17 4
30 18 2
30 19 5
30 20 2
30 21 5
30 22 1
30 23 4
30 24 2
30 25 4
30 26 4
30 27 5
30 28 4
30 29 5
30 31 1
30 32 5
30 33 1
30 34 5
30 35 4
30 36 5
30 37 3
30 38 1
30 39 5
30 40 5
30 41 3
30 42 3
30 43 4
30 44 2
30 45 1
30 46 5
30 47 3
30 48 1
30 49 3
30 50 1
31 1 5
31 2 1
31 3 5
31 4 2
31 5 4
31 6 2
31 7 3
31 8 4
31 9 3
31 10 1
31 11 5
31 12 4
31 13 2
31 14 1
31 15 5
31 16 5
31 17 5
31 18 2
31 19 2
31 20 5
31 21 1
31 22 4
31 23 4
31 24 5
31 25 2
31 26 1
31 27 1
31 28 4
31 29 3
31 30 1
31 32 4
31 33 4
31 34 1
31 35 5
31 36 1
31 37 2
31 38 1
31 39 3
31 40 5
31 41 1
31 42 5
31 43 2
31 44 1
31 45 1
31 46 2
31 47 5
31 48 2
31 49 3
31 50 3
32 1 3
32 2 4
32 3 3
32 4 3
32 5 5
32 6 4
32 7 4
32 8 5
32 9 5
32 10 4
32 11 3
32 12 2
32 13 4
32 14 3
32 15 2
32 16 3
32 17 3
32 18 5
32 19 4
32 20 2
32 21 5
32 22 1
32 23 3
32 24 1
32 25 1
32 26 5
32 27 4
32 28 2
32 29 1
32 30 1
32 31 4
32 33 5
32 34 5
32 35 1
32 36 2
32 37 4
32 38 2
32 39 2
32 40 5
32 41 1
32 42 5
32 43 4
32 44 4
32 45 3
32 46 2
32 47 2
32 48 1
32 49 1
32 50 2
33 1 1
33 2 5
33 3 1
33 4 3
33 5 2
33 6 3
33 7 3
33 8 4
33 9 3
33 10 4
33 11 4
33 12 3
33 13 2
33 14 1
33 15 4
33 16 4
33 17 2
33 18 4
33 19 5
33 20 1
33 21 4
33 22 2
33 23 5
33 24 4
33 25 2
33 26 5
33 27 5
33 28 4
33 29 2
33 30 1
33 31 5
33 32 4
33 34 5
33 35 2
33 36 1
33 37 3
33 38 1
33 39 5
33 40 1
33 41 3
33 42 5
33 43 2
33 44 2
33 45 3
33 46 2
33 47 1
33 48 1
33 49 5
33 50 1
34 1 3
34 2 5
34 3 1
34 4 1
34 5 2
34 6 5
34 7 3
34 8 3
34 9 4
34 10 1
34 11 4
34 12 1
34 13 5
34 14 4
34 15 5
34 16 1
34 17 4
34 18 3
34 19 1
34 20 5
34 21 5
34 22 5
34 23 4
34 24 1
34 25 1
34 26 1
34 27 2
34 28 3
34 29 3
34 30 4
34 31 1
34 32 2
34 33 3
34 35 1
34 36 3
34 37 1
34 38 5
34 39 2
34 40 3
34 41 4
34 42 4
34 43 3
34 44 4
34 45 3
34 46 1
34 47 1
34 48 5
34 49 1
34 50 5
35 1 2
35 2 2
35 3 4
35 4 1
35 5 5
35 6 5
35 7 3
35 8 2
35 9 3
35 10 3
35 11 2
35 12 1
35 13 3
35 14 3
35 15 1
35 16 3
35 17 2
35 18 1
35 19 3
35 20 5
35 21 1
35 22 3
35 23 3
35 24 3
35 25 3
35 26 5
35 27 1
35 28 3
35 29 1
35 30 3
35 31 2
35 32 2
35 33 5
35 34 3
35 36 4
35 37 1
35 38 4
35 39 4
35 40 3
35 41 1
35 42 1
35 43 4
35 44 4
35 45 3
35 46 3
35 47 4
35 48 5
35 49 2
35 50 4
36 1 4
36 2 1
36 3 4
36 4 1
36 5 4
36 6 4
36 7 4
36 8 5
36 9 1
36 10 3
36 11 3
36 12 3
36 13 2
36 14 1
36 15 2
36 16 4
36 17 5
36 18 5
36 19 4
36 20 5
36 21 2
36 22 4
36 23 5
36 24 2
36 25 2
36 26 2
36 27 1
36 28 2
36 29 3
36 30 2
36 31 1
36 32 4
36 33 3
36 34 1
36 35 1
36 37 3
36 38 4
36 39 4
36 40 4
36 41 4
36 42 4
36 43 1
36 44 4
36 45 2
36 46 4
36 47 2
36 48 2
36 49 5
36 50 1
37 1 5
37 2 4
37 3 4
37 4 5
37 5 3
37 6 5
37 7 2
37 8 1
37 9 1
37 10 3
37 11 5
37 12 2
37 13 5
37 14 3
37 15 1
37 16 1
37 17 4
37 18 5
37 19 1
37 20 4
37 21 1
37 22 2
37 23 4
37 24 1
37 25 5
37 26 5
37 27 1
37 28 3
37 29 1
37 30 5
37 31 4
37 32 2
37 33 3
37 34 2
37 35 2
37 36 2
37 38 4
37 39 5
37 40 2
37 41 4
37 42 4
37 43 4
37 44 2
37 45 4
37 46 3
37 47 3
37 48 1
37 49 1
37 50 4
38 1 3
38 2 2
38 3 4
38 4 4
38 5 2
38 6 2
38 7 5
38 8 2
38 9 2
38 10 3
38 11 4
38 12 2
38 13 3
38 14 1
38 15 1
38 16 4
38 17 2
38 18 3
38 19 2
38 20 1
38 21 1
38 22 2
38 23 4
38 24 4
38 25 4
38 26 4
38 27 2
38 28 3
38 29 4
38 30 4
38 31 1
38 32 4
38 33 2
38 34 2
38 35 2
38 36 4
38 37 3
38 39 4
38 40 2
38 41 1
38 42 3
38 43 5
38 44 4
38 45 5
38 46 2
38 47 5
38 48 5
38 49 3
38 50 2
39 1 4
39 2 5
39 3 2
39 4 5
39 5 1
39 6 3
39 7 3
39 8 4
39 9 1
39 10 2
39 11 5
39 12 4
39 13 5
39 14 3
39 15 3
39 16 1
39 17 1
39 18 1
39 19 5
39 20 1
39 21 4
39 22 2
39 23 3
39 24 3
39 25 1
39 26 2
39 27 2
39 28 5
39 29 2
39 30 4
39 31 3
39 32 5
39 33 1
39 34 1
39 35 1
39 36 1
39 37 3
39 38 4
39 40 1
39 41 5
39 42 2
39 43 5
39 44 4
39 45 1
39 46 4
39 47 1
39 48 3
39 49 2
39 50 3
40 1 4
40 2 2
40 3 1
40 4 1
40 5 5
40 6 5
40 7 1
40 8 1
40 9 1
40 10 2
40 11 4
40 12 2
40 13 1
40 14 5
40 15 4
40 16 1
40 17 1
40 18 4
40 19 1
40 20 1
40 21 1
40 22 5
40 23 2
40 24 1
40 25 5
40 26 5
40 27 1
40 28 2
40 29 4
40 30 2
40 31 4
40 32 3
40 33 4
40 34 1
40 35 3
40 36 3
40 37 3
40 38 5
40 39 5
40 41 3
40 42 3
40 43 4
40 44 1
40 45 3
40 46 3
40 47 4
40 48 5
40 49 5
40 50 4
41 1 5
41 2 5
41 3 5
41 4 2
41 5 2
41 6 2
41 7 1
41 8 3
41 9 2
41 10 3
41 11 1
41 12 1
41 13 3
41 14 3
41 15 4
41 16 4
41 17 2
41 18 3
41 19 1
41 20 3
41 21 2
41 22 5
41 23 2
41 24 2
41 25 3
41 26 4
41 27 2
41 28 1
41 29 4
41 30 1
41 31 2
41 32 5
41 33 1
41 34 3
41 35 1
41 36 4
41 37 4
41 38 2
41 39 3
41 40 2
41 42 1
41 43 3
41 44 2
41 45 3
41 46 3
41 47 2
41 48 3
41 49 1
41 50 4
42 1 5
42 2 4
42 3 3
42 4 2
42 5 2
42 6 4
42 7 4
42 8 1
42 9 2
42 10 1
42 11 1
42 12 3
42 13 2
42 14 2
42 15 5
42 16 4
42 17 5
42 18 3
42 19 4
42 20 3
42 21 5
42 22 3
42 23 3
42 24 4
42 25 1
42 26 5
42 27 1
42 28 3
42 29 5
42 30 2
42 31 3
42 32 4
42 33 2
42 34 2
42 35 5
42 36 5
42 37 1
42 38 3
42 39 2
42 40 4
42 41 1
42 43 4
42 44 1
42 45 4
42 46 1
42 47 5
42 48 5
42 49 5
42 50 4
43 1 3
43 2 2
43 3 5
43 4 5
43 5 1
43 6 4
43 7 1
43 8 2
43 9 1
43 10 5
43 11 1
43 12 4
43 13 4
43 14 2
43 15 2
43 16 1
43 17 1
43 18 2
43 19 3
43 20 1
43 21 3
43 22 1
43 23 3
43 24 2
43 25 2
43 26 1
43 27 4
43 28 3
43 29 5
43 30 3
43 31 2
43 32 3
43 33 1
43 34 1
43 35 4
43 36 3
43 37 4
43 38 1
43 39 4
43 40 5
43 41 2
43 42 2
43 44 3
43 45 1
43 46 3
43 47 5
43 48 1
43 49 5
43 50 3
44 1 3
44 2 5
44 3 5
44 4 5
44 5 2
44 6 1
44 7 1
44 8 5
44 9 4
44 10 4
44 11 4
44 12 3
44 13 2
44 14 3
44 15 5
44 16 2
44 17 4
44 18 2
44 19 3
44 20 4
44 21 3
44 22 4
44 23 3
44 24 4
44 25 3
44 26 3
44 27 1
44 28 2
44 29 5
44 30 2
44 31 4
44 32 4
44 33 2
44 34 1
44 35 3
44 36 5
44 37 3
44 38 1
44 39 1
44 40 2
44 41 1
44 42 5
44 43 1
44 45 2
44 46 2
44 47 3
44 48 5
44 49 2
44 50 1
45 1 2
45 2 1
45 3 3
45 4 2
45 5 5
45 6 3
45 7 5
45 8 2
45 9 5
45 10 3
45 11 1
45 12 2
45 13 4
45 14 4
45 15 5
45 16 4
45 17 3
45 18 1
45 19 1
45 20 3
45 21 2
45 22 4
45 23 3
45 24 1
45 25 2
45 26 1
45 27 4
45 28 4
45 29 1
45 30 1
45 31 1
45 32 4
45 33 3
45 34 4
45 35 1
45 36 2
45 37 3
45 38 5
45 39 5
45 40 3
45 41 2
45 42 2
45 43 1
45 44 5
45 46 5
45 47 5
45 48 3
45 49 4
45 50 2
46 1 1
46 2 2
46 3 3
46 4 4
46 5 1
46 6 5
46 7 5
46 8 2
46 9 1
46 10 5
46 11 4
46 12 1
46 13 1
46 14 2
46 15 5
46 16 1
46 17 2
46 18 3
46 19 3
46 20 3
46 21 2
46 22 2
46 23 2
46 24 3
46 25 4
46 26 1
46 27 4
46 28 3
46 29 1
46 30 2
46 31 2
46 32 1
46 33 5
46 34 4
46 35 1
46 36 1
46 37 1
46 38 3
46 39 4
46 40 1
46 41 4
46 42 2
46 43 3
46 44 4
46 45 3
46 47 2
46 48 1
46 49 2
46 50 1
47 1 4
47 2 1
47 3 2
47 4 2
47 5 2
47 6 1
47 7 1
47 8 3
47 9 1
47 10 5
47 11 5
47 12 2
47 13 1
47 14 2
47 15 4
47 16 2
47 17 2
47 18 4
47 19 2
47 20 1
47 21 4
47 22 2
47 23 5
47 24 5
47 25 4
47 26 5
47 27 4
47 28 2
47 29 1
47 30 5
47 31 2
47 32 1
47 33 3
47 34 5
47 35 4
47 36 4
47 37 5
47 38 4
47 39 3
47 40 2
47 41 1
47 42 2
47 43 5
47 44 3
47 45 3
47 46 3
47 48 1
47 49 2
47 50 3
48 1 2
48 2 2
48 3 1
48 4 5
48 5 3
48 6 5
48 7 5
48 8 3
48 9 4
48 10 1
48 11 5
48 12 5
48 13 4
48 14 5
48 15 2
48 16 3
48 17 3
48 18 3
48 19 4
48 20 4
48 21 5
48 22 5
48 23 1
48 24 2
48 25 5
48 26 3
48 27 1
48 28 4
48 29 1
48 30 2
48 31 2
48 32 2
48 33 1
48 34 2
48 35 4
48 36 5
48 37 4
48 38 3
48 39 4
48 40 2
48 41 1
48 42 3
48 43 3
48 44 4
48 45 4
48 46 5
48 47 4
48 49 4
48 50 4
49 1 4
49 2 2
49 3 3
49 4 1
49 5 4
49 6 4
49 7 2
49 8 3
49 9 2
49 10 5
49 11 3
49 12 3
49 13 3
49 14 5
49 15 5
49 16 5
49 17 5
49 18 5
49 19 3
49 20 2
49 21 5
49 22 1
49 23 4
49 24 3
49 25 3
49 26 5
49 27 1
49 28 4
49 29 5
49 30 4
49 31 2
49 32 3
49 33 2
49 34 5
49 35 5
49 36 5
49 37 5
49 38 1
49 39 3
49 40 1
49 41 3
49 42 5
49 43 1
49 44 5
49 45 1
49 46 2
49 47 1
49 48 5
49 50 3
50 1 3
50 2 4
50 3 3
50 4 5
50 5 4
50 6 5
50 7 3
50 8 3
50 9 2
50 10 3
50 11 2
50 12 1
50 13 2
50 14 2
50 15 4
50 16 1
50 17 1
50 18 4
50 19 2
50 20 2
50 21 3
50 22 5
50 23 1
50 24 4
50 25 5
50 26 5
50 27 2
50 28 1
50 29 1
50 30 3
50 31 4
50 32 5
50 33 1
50 34 1
50 35 5
50 36 5
50 37 2
50 38 4
50 39 4
50 40 3
50 41 3
50 42 1
50 43 5
50 44 4
50 45 4
50 46 4
50 47 1
50 48 4
50 49 4

END
