INSTANCE_NAME b14.dat
NB_VERTICES 100
NB_ARCS 165
NB_REQUESTS 0
NB_BLOCKAGES 49
NB_TERMINALS 25

VERTICES
1 0 0
2 0 0
3 0 0
4 0 0
5 0 0
6 0 0
7 0 0
8 0 0
9 0 0
10 0 0
11 0 0
12 0 0
13 0 0
14 0 0
15 0 0
16 0 0
17 0 0
18 0 0
19 0 0
20 0 0
21 0 0
22 0 0
23 0 0
24 0 0
25 0 0
26 0 0
27 0 0
28 0 0
29 0 0
30 0 0
31 0 0
32 0 0
33 0 0
34 0 0
35 0 0
36 0 0
37 0 0
38 0 0
39 0 0
40 0 0
41 0 0
42 0 0
43 0 0
44 0 0
45 0 0
46 0 0
47 0 0
48 0 0
49 0 0
50 0 0
51 0 0
52 0 0
53 0 0
54 0 0
55 0 0
56 0 0
57 0 0
58 0 0
59 0 0
60 0 0
61 0 0
62 0 0
63 0 0
64 0 0
65 0 0
66 0 0
67 0 0
68 0 0
69 0 0
70 0 0
71 0 0
72 0 0
73 0 0
74 0 0
75 0 0
76 0 0
77 0 0
78 0 0
79 0 0
80 0 0
81 0 0
82 0 0
83 0 0
84 0 0
85 0 0
86 0 0
87 0 0
88 0 0
89 0 0
90 0 0
91 0 0
92 0 0
93 0 0
94 0 0
95 0 0
96 0 0
97 0 0
98 0 0
99 0 0
100 0 0

ARCS
6 94 10
94 99 1
99 5 3
5 8 6
8 6 7
6 59 6
59 21 5
21 60 9
60 55 6
55 53 5
53 5 1
5 35 5
35 17 7
17 13 2
13 14 3
14 22 6
22 89 8
89 57 1
57 39 7
39 41 8
41 51 8
51 9 5
9 96 8
96 40 7
40 42 9
42 15 7
15 97 9
97 87 4
87 74 3
74 4 9
4 85 5
85 5 8
5 56 5
56 2 10
2 47 9
47 27 6
27 54 8
54 43 8
43 68 7
68 3 5
3 91 3
91 80 10
80 76 1
76 48 8
48 12 2
12 100 6
100 28 6
28 74 10
74 62 8
62 56 9
56 34 6
34 7 2
7 11 2
11 97 3
97 93 8
93 35 2
93 32 4
32 29 9
29 10 5
10 1 2
1 87 8
87 5 8
5 84 1
84 23 10
23 17 6
17 52 4
52 66 6
66 31 5
31 46 3
46 72 10
72 47 4
47 31 9
31 99 5
99 25 7
25 73 8
73 89 9
89 58 7
58 79 2
79 81 9
81 71 3
71 66 4
66 44 9
44 54 1
54 18 1
18 80 10
80 37 2
37 23 1
37 81 1
81 30 7
30 26 10
26 34 10
34 100 3
100 99 3
34 1 4
26 88 6
88 68 8
68 20 3
20 63 4
63 56 3
20 95 3
95 7 3
7 45 2
45 50 7
50 24 10
24 61 8
61 68 8
68 66 8
68 70 3
70 54 7
54 75 3
75 42 1
68 74 10
74 96 10
96 59 8
59 4 8
96 73 1
96 78 9
78 53 6
53 16 5
16 2 2
2 19 9
19 36 4
36 9 1
19 78 1
78 49 6
49 29 6
29 19 6
29 83 10
83 58 4
58 81 7
81 38 1
38 95 2
95 43 1
58 90 7
90 67 2
67 91 7
91 77 10
77 83 2
67 57 8
57 48 3
57 13 2
57 86 6
86 69 6
69 20 7
86 33 9
33 87 8
33 49 5
53 24 8
24 65 6
65 62 8
65 6 8
65 82 6
82 89 8
89 76 9
89 92 3
92 14 5
53 51 7
61 84 9
7 64 7
64 98 1
98 44 2
64 46 10
88 25 8
71 60 6
71 10 8

REQUESTS

BLOCKAGES
33 87
17 13
66 44
43 68
68 74
31 46
83 58
5 56
53 24
89 76
23 17
34 1
56 2
99 25
47 31
88 68
56 34
26 34
93 35
57 48
67 57
37 81
57 86
6 59
20 95
96 59
78 49
91 80
24 61
29 10
81 71
58 81
9 96
68 20
5 84
74 4
97 87
96 73
96 78
99 5
74 62
53 51
89 57
71 66
2 47
95 7
100 99
68 66
29 19

TERMINALS
6
12
15
16
22
25
30
39
40
41
42
43
49
65
70
71
72
76
78
79
85
86
92
96
98

R
1 2 2
1 3 4
1 4 3
1 5 3
1 6 3
1 7 4
1 8 2
1 9 3
1 10 2
1 11 4
1 12 4
1 13 2
1 14 5
1 15 3
1 16 2
1 17 1
1 18 5
1 19 2
1 20 4
1 21 5
1 22 4
1 23 5
1 24 4
1 25 1
1 26 5
1 27 4
1 28 3
1 29 2
1 30 2
1 31 4
1 32 5
1 33 5
1 34 4
1 35 2
1 36 3
1 37 4
1 38 2
1 39 1
1 40 1
1 41 1
1 42 1
1 43 1
1 44 2
1 45 5
1 46 3
1 47 5
1 48 2
1 49 5
1 50 1
1 51 3
1 52 4
1 53 2
1 54 4
1 55 5
1 56 2
1 57 3
1 58 3
1 59 2
1 60 5
1 61 2
1 62 5
1 63 1
1 64 3
1 65 4
1 66 5
1 67 2
1 68 2
1 69 3
1 70 2
1 71 4
1 72 3
1 73 4
1 74 5
1 75 1
1 76 4
1 77 4
1 78 5
1 79 2
1 80 3
1 81 3
1 82 4
1 83 4
1 84 1
1 85 3
1 86 3
1 87 2
1 88 5
1 89 2
1 90 3
1 91 1
1 92 5
1 93 5
1 94 4
1 95 3
1 96 3
1 97 5
1 98 4
1 99 1
1 100 4
2 1 3
2 3 4
2 4 2
2 5 1
2 6 5
2 7 4
2 8 1
2 9 4
2 10 4
2 11 3
2 12 3
2 13 3
2 14 3
2 15 1
2 16 3
2 17 2
2 18 5
2 19 1
2 20 4
2 21 4
2 22 1
2 23 1
2 24 5
2 25 5
2 26 1
2 27 2
2 28 4
2 29 5
2 30 3
2 31 4
2 32 4
2 33 2
2 34 4
2 35 2
2 36 2
2 37 4
2 38 5
2 39 5
2 40 4
2 41 5
2 42 4
2 43 3
2 44 4
2 45 1
2 46 1
2 47 1
2 48 5
2 49 5
2 50 4
2 51 3
2 52 5
2 53 4
2 54 3
2 55 5
2 56 5
2 57 1
2 58 3
2 59 3
2 60 5
2 61 5
2 62 1
2 63 5
2 64 1
2 65 1
2 66 1
2 67 5
2 68 4
2 69 3
2 70 1
2 71 4
2 72 4
2 73 4
2 74 2
2 75 3
2 76 1
2 77 2
2 78 5
2 79 5
2 80 3
2 81 3
2 82 4
2 83 5
2 84 3
2 85 4
2 86 4
2 87 2
2 88 4
2 89 1
2 90 4
2 91 3
2 92 3
2 93 1
2 94 3
2 95 5
2 96 2
2 97 5
2 98 1
2 99 2
2 100 2
3 1 1
3 2 1
3 4 3
3 5 4
3 6 4
3 7 5
3 8 5
3 9 5
3 10 4
3 11 1
3 12 4
3 13 4
3 14 5
3 15 3
3 16 1
3 17 3
3 18 3
3 19 3
3 20 1
3 21 1
3 22 1
3 23 5
3 24 3
3 25 4
3 26 4
3 27 4
3 28 5
3 29 4
3 30 2
3 31 1
3 32 2
3 33 2
3 34 3
3 35 4
3 36 3
3 37 1
3 38 3
3 39 4
3 40 2
3 41 4
3 42 4
3 43 1
3 44 4
3 45 5
3 46 5
3 47 4
3 48 4
3 49 3
3 50 3
3 51 1
3 52 3
3 53 1
3 54 1
3 55 2
3 56 4
3 57 4
3 58 2
3 59 5
3 60 4
3 61 3
3 62 2
3 63 1
3 64 5
3 65 5
3 66 4
3 67 4
3 68 2
3 69 4
3 70 2
3 71 1
3 72 4
3 73 2
3 74 3
3 75 2
3 76 4
3 77 2
3 78 2
3 79 2
3 80 1
3 81 5
3 82 3
3 83 3
3 84 5
3 85 3
3 86 1
3 87 5
3 88 3
3 89 3
3 90 4
3 91 2
3 92 5
3 93 2
3 94 2
3 95 1
3 96 1
3 97 2
3 98 1
3 99 5
3 100 5
4 1 4
4 2 5
4 3 5
4 5 1
4 6 2
4 7 1
4 8 1
4 9 5
4 10 3
4 11 2
4 12 1
4 13 2
4 14 4
4 15 5
4 16 3
4 17 3
4 18 1
4 19 4
4 20 3
4 21 5
4 22 2
4 23 4
4 24 1
4 25 3
4 26 2
4 27 4
4 28 1
4 29 5
4 30 4
4 31 2
4 32 2
4 33 3
4 34 1
4 35 1
4 36 5
4 37 4
4 38 2
4 39 5
4 40 3
4 41 1
4 42 3
4 43 5
4 44 4
4 45 4
4 46 5
4 47 3
4 48 1
4 49 2
4 50 1
4 51 5
4 52 3
4 53 2
4 54 3
4 55 3
4 56 1
4 57 1
4 58 1
4 59 3
4 60 3
4 61 2
4 62 4
4 63 4
4 64 1
4 65 1
4 66 1
4 67 5
4 68 1
4 69 4
4 70 1
4 71 4
4 72 4
4 73 3
4 74 5
4 75 2
4 76 1
4 77 4
4 78 1
4 79 4
4 80 2
4 81 1
4 82 3
4 83 4
4 84 4
4 85 3
4 86 4
4 87 5
4 88 5
4 89 1
4 90 4
4 91 2
4 92 2
4 93 3
4 94 2
4 95 2
4 96 5
4 97 3
4 98 3
4 99 1
4 100 1
5 1 5
5 2 1
5 3 2
5 4 3
5 6 5
5 7 5
5 8 5
5 9 1
5 10 1
5 11 3
5 12 2
5 13 1
5 14 3
5 15 3
5 16 5
5 17 2
5 18 1
5 19 1
5 20 1
5 21 1
5 22 4
5 23 5
5 24 5
5 25 3
5 26 1
5 27 1
5 28 5
5 29 5
5 30 1
5 31 5
5 32 1
5 33 5
5 34 2
5 35 2
5 36 4
5 37 1
5 38 3
5 39 4
5 40 3
5 41 3
5 42 3
5 43 2
5 44 4
5 45 2
5 46 4
5 47 5
5 48 3
5 49 4
5 50 5
5 51 1
5 52 1
5 53 5
5 54 5
5 55 5
5 56 5
5 57 2
5 58 3
5 59 4
5 60 2
5 61 3
5 62 5
5 63 4
5 64 4
5 65 1
5 66 2
5 67 5
5 68 3
5 69 4
5 70 5
5 71 1
5 72 2
5 73 2
5 74 2
5 75 2
5 76 1
5 77 2
5 78 1
5 79 5
5 80 5
5 81 2
5 82 5
5 83 5
5 84 3
5 85 1
5 86 5
5 87 2
5 88 3
5 89 2
5 90 2
5 91 4
5 92 1
5 93 1
5 94 4
5 95 1
5 96 3
5 97 5
5 98 5
5 99 1
5 100 3
6 1 4
6 2 3
6 3 1
6 4 3
6 5 1
6 7 2
6 8 3
6 9 2
6 10 4
6 11 2
6 12 1
6 13 2
6 14 4
6 15 2
6 16 2
6 17 4
6 18 3
6 19 3
6 20 1
6 21 1
6 22 2
6 23 1
6 24 1
6 25 2
6 26 4
6 27 2
6 28 2
6 29 5
6 30 1
6 31 2
6 32 3
6 33 5
6 34 4
6 35 5
6 36 4
6 37 4
6 38 2
6 39 1
6 40 2
6 41 2
6 42 4
6 43 2
6 44 1
6 45 2
6 46 5
6 47 2
6 48 1
6 49 3
6 50 1
6 51 1
6 52 3
6 53 2
6 54 4
6 55 1
6 56 1
6 57 2
6 58 4
6 59 2
6 60 2
6 61 1
6 62 5
6 63 1
6 64 2
6 65 5
6 66 5
6 67 5
6 68 5
6 69 3
6 70 5
6 71 1
6 72 2
6 73 4
6 74 4
6 75 2
6 76 2
6 77 3
6 78 3
6 79 2
6 80 2
6 81 5
6 82 5
6 83 2
6 84 2
6 85 3
6 86 2
6 87 4
6 88 1
6 89 2
6 90 5
6 91 4
6 92 2
6 93 1
6 94 1
6 95 4
6 96 5
6 97 3
6 98 3
6 99 4
6 100 2
7 1 5
7 2 4
7 3 3
7 4 5
7 5 2
7 6 1
7 8 1
7 9 1
7 10 5
7 11 5
7 12 3
7 13 5
7 14 4
7 15 4
7 16 3
7 17 3
7 18 2
7 19 1
7 20 5
7 21 3
7 22 2
7 23 1
7 24 1
7 25 2
7 26 1
7 27 4
7 28 1
7 29 3
7 30 2
7 31 4
7 32 5
7 33 1
7 34 4
7 35 4
7 36 2
7 37 2
7 38 5
7 39 2
7 40 2
7 41 4
7 42 1
7 43 4
7 44 5
7 45 1
7 46 4
7 47 2
7 48 3
7 49 2
7 50 2
7 51 5
7 52 4
7 53 3
7 54 5
7 55 5
7 56 4
7 57 5
7 58 5
7 59 1
7 60 5
7 61 3
7 62 1
7 63 1
7 64 5
7 65 4
7 66 4
7 67 1
7 68 5
7 69 5
7 70 3
7 71 2
7 72 4
7 73 5
7 74 2
7 75 3
7 76 1
7 77 3
7 78 2
7 79 3
7 80 4
7 81 3
7 82 4
7 83 5
7 84 3
7 85 3
7 86 1
7 87 1
7 88 5
7 89 5
7 90 2
7 91 4
7 92 3
7 93 2
7 94 4
7 95 2
7 96 3
7 97 4
7 98 5
7 99 2
7 100 4
8 1 2
8 2 5
8 3 4
8 4 1
8 5 4
8 6 3
8 7 1
8 9 1
8 10 4
8 11 1
8 12 4
8 13 2
8 14 4
8 15 3
8 16 4
8 17 4
8 18 3
8 19 1
8 20 3
8 21 5
8 22 4
8 23 1
8 24 2
8 25 3
8 26 1
8 27 5
8 28 5
8 29 1
8 30 4
8 31 3
8 32 4
8 33 2
8 34 5
8 35 4
8 36 5
8 37 3
8 38 2
8 39 2
8 40 3
8 41 5
8 42 2
8 43 3
8 44 3
8 45 3
8 46 1
8 47 1
8 48 1
8 49 5
8 50 4
8 51 3
8 52 4
8 53 2
8 54 5
8 55 2
8 56 1
8 57 2
8 58 2
8 59 2
8 60 2
8 61 2
8 62 5
8 63 3
8 64 1
8 65 1
8 66 1
8 67 5
8 68 3
8 69 2
8 70 1
8 71 2
8 72 2
8 73 5
8 74 4
8 75 1
8 76 2
8 77 1
8 78 4
8 79 4
8 80 3
8 81 2
8 82 3
8 83 1
8 84 5
8 85 4
8 86 3
8 87 1
8 88 5
8 89 1
8 90 2
8 91 1
8 92 4
8 93 3
8 94 3
8 95 4
8 96 3
8 97 1
8 98 3
8 99 2
8 100 2
9 1 1
9 2 3
9 3 5
9 4 5
9 5 4
9 6 1
9 7 3
9 8 4
9 10 4
9 11 1
9 12 3
9 13 2
9 14 5
9 15 4
9 16 1
9 17 3
9 18 3
9 19 3
9 20 2
9 21 5
9 22 2
9 23 4
9 24 5
9 25 4
9 26 4
9 27 4
9 28 4
9 29 4
9 30 3
9 31 5
9 32 2
9 33 5
9 34 5
9 35 2
9 36 4
9 37 3
9 38 4
9 39 3
9 40 3
9 41 4
9 42 5
9 43 1
9 44 5
9 45 4
9 46 1
9 47 2
9 48 1
9 49 5
9 50 5
9 51 4
9 52 1
9 53 3
9 54 5
9 55 5
9 56 3
9 57 3
9 58 5
9 59 1
9 60 3
9 61 5
9 62 3
9 63 1
9 64 4
9 65 4
9 66 2
9 67 5
9 68 3
9 69 2
9 70 2
9 71 2
9 72 5
9 73 2
9 74 4
9 75 4
9 76 5
9 77 4
9 78 3
9 79 3
9 80 5
9 81 2
9 82 1
9 83 5
9 84 1
9 85 2
9 86 5
9 87 3
9 88 1
9 89 4
9 90 1
9 91 3
9 92 3
9 93 3
9 94 4
9 95 4
9 96 3
9 97 2
9 98 3
9 99 5
9 100 4
10 1 4
10 2 1
10 3 5
10 4 5
10 5 5
10 6 4
10 7 2
10 8 5
10 9 1
10 11 4
10 12 2
10 13 4
10 14 1
10 15 1
10 16 4
10 17 3
10 18 5
10 19 3
10 20 3
10 21 1
10 22 3
10 23 3
10 24 5
10 25 2
10 26 3
10 27 3
10 28 4
10 29 1
10 30 5
10 31 3
10 32 1
10 33 1
10 34 1
10 35 1
10 36 5
10 37 2
10 38 1
10 39 1
10 40 3
10 41 1
10 42 1
10 43 4
10 44 1
10 45 2
10 46 5
10 47 1
10 48 1
10 49 1
10 50 3
10 51 5
10 52 3
10 53 3
10 54 2
10 55 3
10 56 4
10 57 1
10 58 2
10 59 3
10 60 2
10 61 4
10 62 2
10 63 2
10 64 4
10 65 4
10 66 4
10 67 3
10 68 5
10 69 4
10 70 1
10 71 3
10 72 1
10 73 1
10 74 1
10 75 1
10 76 4
10 77 2
10 78 3
10 79 4
10 80 5
10 81 3
10 82 4
10 83 2
10 84 5
10 85 2
10 86 1
10 87 3
10 88 3
10 89 3
10 90 2
10 91 1
10 92 1
10 93 4
10 94 4
10 95 4
10 96 2
10 97 3
10 98 3
10 99 4
10 100 3
11 1 3
11 2 1
11 3 4
11 4 1
11 5 3
11 6 1
11 7 4
11 8 5
11 9 4
11 10 5
11 12 4
11 13 1
11 14 3
11 15 2
11 16 5
11 17 4
11 18 3
11 19 4
11 20 3
11 21 2
11 22 1
11 23 5
11 24 2
11 25 1
11 26 4
11 27 2
11 28 2
11 29 3
11 30 1
11 31 5
11 32 5
11 33 1
11 34 2
11 35 5
11 36 1
11 37 5
11 38 1
11 39 1
11 40 1
11 41 1
11 42 5
11 43 1
11 44 1
11 45 4
11 46 2
11 47 2
11 48 3
11 49 1
11 50 2
11 51 2
11 52 2
11 53 2
11 54 2
11 55 5
11 56 2
11 57 2
11 58 3
11 59 1
11 60 4
11 61 4
11 62 2
11 63 5
11 64 4
11 65 4
11 66 5
11 67 1
11 68 5
11 69 5
11 70 1
11 71 5
11 72 2
11 73 3
11 74 2
11 75 2
11 76 1
11 77 5
11 78 5
11 79 5
11 80 1
11 81 1
11 82 4
11 83 2
11 84 5
11 85 5
11 86 4
11 87 1
11 88 3
11 89 1
11 90 1
11 91 1
11 92 4
11 93 5
11 94 2
11 95 4
11 96 3
11 97 1
11 98 4
11 99 2
11 100 2
12 1 2
12 2 3
12 3 3
12 4 1
12 5 4
12 6 1
12 7 1
12 8 5
12 9 2
12 10 3
12 11 5
12 13 5
12 14 1
12 15 4
12 16 4
12 17 2
12 18 2
12 19 4
12 20 4
12 21 2
12 22 2
12 23 1
12 24 3
12 25 1
12 26 2
12 27 1
12 28 5
12 29 5
12 30 2
12 31 3
12 32 3
12 33 3
12 34 5
12 35 3
12 36 5
12 37 5
12 38 5
12 39 2
12 40 4
12 41 2
12 42 4
12 43 1
12 44 3
12 45 1
12 46 4
12 47 1
12 48 2
12 49 5
12 50 1
12 51 2
12 52 1
12 53 4
12 54 2
12 55 3
12 56 4
12 57 4
12 58 1
12 59 5
12 60 5
12 61 2
12 62 2
12 63 2
12 64 1
12 65 3
12 66 4
12 67 5
12 68 2
12 69 1
12 70 1
12 71 3
12 72 4
12 73 2
12 74 3
12 75 1
12 76 4
12 77 3
12 78 1
12 79 1
12 80 2
12 81 1
12 82 2
12 83 4
12 84 5
12 85 4
12 86 4
12 87 5
12 88 4
12 89 4
12 90 5
12 91 3
12 92 2
12 93 1
12 94 1
12 95 2
12 96 4
12 97 2
12 98 1
12 99 2
12 100 2
13 1 3
13 2 1
13 3 5
13 4 1
13 5 5
13 6 5
13 7 5
13 8 2
13 9 2
13 10 2
13 11 5
13 12 4
13 14 3
13 15 4
13 16 3
13 17 3
13 18 4
13 19 5
13 20 3
13 21 2
13 22 1
13 23 2
13 24 3
13 25 1
13 26 3
13 27 1
13 28 1
13 29 1
13 30 3
13 31 5
13 32 2
13 33 2
13 34 2
13 35 3
13 36 3
13 37 2
13 38 4
13 39 4
13 40 5
13 41 2
13 42 5
13 43 5
13 44 5
13 45 4
13 46 5
13 47 5
13 48 4
13 49 3
13 50 4
13 51 1
13 52 1
13 53 4
13 54 3
13 55 5
13 56 1
13 57 2
13 58 5
13 59 4
13 60 4
13 61 2
13 62 5
13 63 2
13 64 5
13 65 1
13 66 4
13 67 2
13 68 4
13 69 4
13 70 5
13 71 4
13 72 5
13 73 1
13 74 5
13 75 1
13 76 5
13 77 4
13 78 5
13 79 3
13 80 1
13 81 5
13 82 5
13 83 3
13 84 3
13 85 4
13 86 2
13 87 1
13 88 5
13 89 3
13 90 1
13 91 3
13 92 1
13 93 5
13 94 1
13 95 5
13 96 2
13 97 4
13 98 2
13 99 3
13 100 4
14 1 3
14 2 1
14 3 5
14 4 4
14 5 2
14 6 1
14 7 5
14 8 5
14 9 5
14 10 2
14 11 2
14 12 5
14 13 1
14 15 4
14 16 4
14 17 5
14 18 2
14 19 1
14 20 1
14 21 4
14 22 3
14 23 1
14 24 4
14 25 4
14 26 1
14 27 5
14 28 1
14 29 2
14 30 1
14 31 3
14 32 5
14 33 1
14 34 5
14 35 2
14 36 1
14 37 1
14 38 2
14 39 5
14 40 2
14 41 3
14 42 3
14 43 3
14 44 4
14 45 3
14 46 3
14 47 5
14 48 4
14 49 4
14 50 5
14 51 5
14 52 4
14 53 3
14 54 2
14 55 4
14 56 3
14 57 2
14 58 3
14 59 3
14 60 5
14 61 4
14 62 2
14 63 5
14 64 1
14 65 3
14 66 1
14 67 1
14 68 5
14 69 4
14 70 2
14 71 1
14 72 1
14 73 4
14 74 5
14 75 5
14 76 1
14 77 2
14 78 4
14 79 2
14 80 2
14 81 5
14 82 1
14 83 5
14 84 4
14 85 4
14 86 3
14 87 2
14 88 2
14 89 1
14 90 1
14 91 2
14 92 1
14 93 5
14 94 1
14 95 3
14 96 2
14 97 3
14 98 3
14 99 4
14 100 3
15 1 4
15 2 4
15 3 3
15 4 2
15 5 1
15 6 4
15 7 4
15 8 2
15 9 4
15 10 5
15 11 1
15 12 4
15 13 2
15 14 5
15 16 4
15 17 2
15 18 5
15 19 5
15 20 4
15 21 2
15 22 1
15 23 5
15 24 4
15 25 5
15 26 2
15 27 1
15 28 3
15 29 1
15 30 5
15 31 1
15 32 3
15 33 5
15 34 2
15 35 2
15 36 3
15 37 2
15 38 1
15 39 1
15 40 5
15 41 1
15 42 3
15 43 5
15 44 1
15 45 1
15 46 2
15 47 5
15 48 3
15 49 3
15 50 4
15 51 1
15 52 4
15 53 1
15 54 5
15 55 4
15 56 5
15 57 1
15 58 4
15 59 3
15 60 1
15 61 5
15 62 5
15 63 5
15 64 4
15 65 1
15 66 1
15 67 1
15 68 2
15 69 3
15 70 3
15 71 4
15 72 1
15 73 2
15 74 3
15 75 1
15 76 3
15 77 1
15 78 5
15 79 2
15 80 3
15 81 4
15 82 4
15 83 3
15 84 4
15 85 3
15 86 1
15 87 1
15 88 5
15 89 1
15 90 5
15 91 2
15 92 2
15 93 4
15 94 1
15 95 5
15 96 5
15 97 3
15 98 2
15 99 3
15 100 3
16 1 2
16 2 1
16 3 3
16 4 3
16 5 1
16 6 3
16 7 2
16 8 1
16 9 3
16 10 5
16 11 1
16 12 3
16 13 3
16 14 3
16 15 3
16 17 5
16 18 1
16 19 3
16 20 1
16 21 3
16 22 2
16 23 2
16 24 5
16 25 3
16 26 4
16 27 1
16 28 4
16 29 4
16 30 3
16 31 1
16 32 1
16 33 4
16 34 4
16 35 3
16 36 3
16 37 4
16 38 5
16 39 2
16 40 4
16 41 4
16 42 1
16 43 4
16 44 1
16 45 4
16 46 4
16 47 4
16 48 5
16 49 1
16 50 3
16 51 3
16 52 3
16 53 2
16 54 1
16 55 2
16 56 4
16 57 5
16 58 5
16 59 4
16 60 5
16 61 2
16 62 4
16 63 5
16 64 2
16 65 2
16 66 2
16 67 1
16 68 2
16 69 3
16 70 2
16 71 1
16 72 4
16 73 3
16 74 1
16 75 1
16 76 3
16 77 4
16 78 4
16 79 4
16 80 4
16 81 4
16 82 1
16 83 4
16 84 2
16 85 4
16 86 2
16 87 2
16 88 5
16 89 1
16 90 5
16 91 4
16 92 4
16 93 5
16 94 3
16 95 5
16 96 2
16 97 1
16 98 1
16 99 3
16 100 5
17 1 2
17 2 5
17 3 3
17 4 1
17 5 1
17 6 4
17 7 5
17 8 1
17 9 4
17 10 1
17 11 2
17 12 4
17 13 1
17 14 5
17 15 5
17 16 1
17 18 3
17 19 1
17 20 5
17 21 4
17 22 2
17 23 3
17 24 2
17 25 2
17 26 2
17 27 4
17 28 5
17 29 2
17 30 4
17 31 4
17 32 4
17 33 2
17 34 4
17 35 3
17 36 3
17 37 1
17 38 1
17 39 4
17 40 3
17 41 2
17 42 4
17 43 4
17 44 2
17 45 2
17 46 5
17 47 2
17 48 2
17 49 3
17 50 4
17 51 2
17 52 3
17 53 1
17 54 1
17 55 4
17 56 2
17 57 3
17 58 2
17 59 1
17 60 1
17 61 2
17 62 4
17 63 4
17 64 4
17 65 4
17 66 2
17 67 3
17 68 4
17 69 4
17 70 1
17 71 4
17 72 2
17 73 2
17 74 2
17 75 4
17 76 3
17 77 4
17 78 2
17 79 1
17 80 3
17 81 5
17 82 4
17 83 5
17 84 2
17 85 5
17 86 5
17 87 3
17 88 2
17 89 4
17 90 5
17 91 2
17 92 5
17 93 1
17 94 3
17 95 3
17 96 4
17 97 1
17 98 2
17 99 5
17 100 4
18 1 5
18 2 3
18 3 3
18 4 1
18 5 1
18 6 1
18 7 5
18 8 1
18 9 4
18 10 2
18 11 3
18 12 3
18 13 1
18 14 2
18 15 2
18 16 5
18 17 2
18 19 4
18 20 3
18 21 5
18 22 1
18 23 1
18 24 1
18 25 1
18 26 3
18 27 4
18 28 1
18 29 5
18 30 2
18 31 5
18 32 4
18 33 1
18 34 4
18 35 1
18 36 3
18 37 2
18 38 3
18 39 4
18 40 2
18 41 1
18 42 1
18 43 5
18 44 5
18 45 1
18 46 1
18 47 1
18 48 2
18 49 4
18 50 2
18 51 1
18 52 5
18 53 4
18 54 1
18 55 1
18 56 4
18 57 1
18 58 1
18 59 1
18 60 5
18 61 2
18 62 1
18 63 5
18 64 5
18 65 1
18 66 2
18 67 4
18 68 2
18 69 4
18 70 3
18 71 4
18 72 1
18 73 3
18 74 3
18 75 3
18 76 5
18 77 5
18 78 3
18 79 3
18 80 4
18 81 1
18 82 3
18 83 3
18 84 4
18 85 5
18 86 5
18 87 4
18 88 5
18 89 5
18 90 5
18 91 2
18 92 2
18 93 2
18 94 1
18 95 3
18 96 2
18 97 3
18 98 1
18 99 1
18 100 3
19 1 3
19 2 4
19 3 4
19 4 2
19 5 3
19 6 1
19 7 3
19 8 2
19 9 5
19 10 2
19 11 2
19 12 3
19 13 4
19 14 2
19 15 1
19 16 4
19 17 1
19 18 2
19 20 5
19 21 1
19 22 3
19 23 1
19 24 4
19 25 4
19 26 2
19 27 3
19 28 2
19 29 1
19 30 3
19 31 2
19 32 3
19 33 3
19 34 2
19 35 3
19 36 1
19 37 4
19 38 5
19 39 4
19 40 3
19 41 2
19 42 2
19 43 4
19 44 4
19 45 1
19 46 2
19 47 1
19 48 1
19 49 3
19 50 2
19 51 2
19 52 5
19 53 4
19 54 5
19 55 3
19 56 4
19 57 3
19 58 5
19 59 3
19 60 3
19 61 4
19 62 1
19 63 5
19 64 1
19 65 3
19 66 5
19 67 2
19 68 3
19 69 4
19 70 2
19 71 2
19 72 5
19 73 5
19 74 1
19 75 3
19 76 2
19 77 4
19 78 1
19 79 4
19 80 1
19 81 4
19 82 1
19 83 5
19 84 5
19 85 5
19 86 4
19 87 3
19 88 2
19 89 5
19 90 5
19 91 1
19 92 4
19 93 1
19 94 2
19 95 1
19 96 5
19 97 1
19 98 4
19 99 4
19 100 2
20 1 2
20 2 1
20 3 1
20 4 2
20 5 3
20 6 1
20 7 3
20 8 1
20 9 3
20 10 2
20 11 2
20 12 1
20 13 4
20 14 3
20 15 5
20 16 3
20 17 2
20 18 3
20 19 1
20 21 1
20 22 4
20 23 3
20 24 4
20 25 1
20 26 4
20 27 5
20 28 2
20 29 2
20 30 3
20 31 1
20 32 3
20 33 5
20 34 1
20 35 5
20 36 3
20 37 3
20 38 5
20 39 5
20 40 5
20 41 2
20 42 1
20 43 1
20 44 5
20 45 4
20 46 4
20 47 4
20 48 3
20 49 2
20 50 3
20 51 5
20 52 2
20 53 4
20 54 2
20 55 3
20 56 4
20 57 3
20 58 4
20 59 3
20 60 4
20 61 3
20 62 3
20 63 1
20 64 2
20 65 5
20 66 2
20 67 4
20 68 4
20 69 2
20 70 1
20 71 3
20 72 5
20 73 3
20 74 1
20 75 1
20 76 2
20 77 1
20 78 5
20 79 1
20 80 2
20 81 2
20 82 3
20 83 5
20 84 2
20 85 1
20 86 2
20 87 1
20 88 3
20 89 2
20 90 5
20 91 3
20 92 5
20 93 2
20 94 5
20 95 3
20 96 1
20 97 2
20 98 4
20 99 4
20 100 5
21 1 4
21 2 3
21 3 1
21 4 1
21 5 3
21 6 2
21 7 4
21 8 3
21 9 1
21 10 2
21 11 1
21 12 4
21 13 4
21 14 1
21 15 1
21 16 1
21 17 4
21 18 3
21 19 4
21 20 1
21 22 2
21 23 3
21 24 5
21 25 5
21 26 3
21 27 2
21 28 2
21 29 1
21 30 5
21 31 5
21 32 5
21 33 3
21 34 4
21 35 2
21 36 1
21 37 2
21 38 3
21 39 4
21 40 1
21 41 5
21 42 5
21 43 2
21 44 1
21 45 5
21 46 4
21 47 1
21 48 1
21 49 2
21 50 5
21 51 1
21 52 2
21 53 3
21 54 3
21 55 3
21 56 2
21 57 2
21 58 2
21 59 3
21 60 4
21 61 1
21 62 4
21 63 3
21 64 1
21 65 2
21 66 2
21 67 1
21 68 5
21 69 4
21 70 1
21 71 1
21 72 1
21 73 3
21 74 4
21 75 1
21 76 4
21 77 2
21 78 3
21 79 4
21 80 3
21 81 2
21 82 1
21 83 2
21 84 1
21 85 4
21 86 1
21 87 2
21 88 2
21 89 2
21 90 1
21 91 1
21 92 3
21 93 1
21 94 5
21 95 5
21 96 2
21 97 1
21 98 2
21 99 4
21 100 2
22 1 2
22 2 4
22 3 2
22 4 1
22 5 4
22 6 2
22 7 5
22 8 5
22 9 4
22 10 5
22 11 4
22 12 2
22 13 1
22 14 5
22 15 2
22 16 1
22 17 3
22 18 5
22 19 4
22 20 4
22 21 5
22 23 4
22 24 3
22 25 2
22 26 1
22 27 2
22 28 5
22 29 3
22 30 3
22 31 3
22 32 1
22 33 2
22 34 3
22 35 2
22 36 2
22 37 1
22 38 5
22 39 3
22 40 5
22 41 5
22 42 3
22 43 4
22 44 1
22 45 5
22 46 5
22 47 4
22 48 5
22 49 2
22 50 3
22 51 3
22 52 3
22 53 4
22 54 4
22 55 5
22 56 5
22 57 1
22 58 2
22 59 5
22 60 3
22 61 1
22 62 4
22 63 1
22 64 2
22 65 2
22 66 2
22 67 1
22 68 2
22 69 4
22 70 5
22 71 4
22 72 3
22 73 4
22 74 2
22 75 1
22 76 3
22 77 3
22 78 4
22 79 4
22 80 5
22 81 4
22 82 4
22 83 4
22 84 4
22 85 2
22 86 3
22 87 1
22 88 4
22 89 4
22 90 2
22 91 3
22 92 2
22 93 5
22 94 3
22 95 3
22 96 3
22 97 5
22 98 5
22 99 5
22 100 5
23 1 5
23 2 3
23 3 2
23 4 5
23 5 1
23 6 4
23 7 3
23 8 3
23 9 5
23 10 1
23 11 4
23 12 5
23 13 4
23 14 2
23 15 3
23 16 2
23 17 5
23 18 5
23 19 5
23 20 5
23 21 1
23 22 3
23 24 1
23 25 3
23 26 5
23 27 1
23 28 5
23 29 1
23 30 2
23 31 1
23 32 5
23 33 3
23 34 3
23 35 4
23 36 3
23 37 5
23 38 4
23 39 5
23 40 3
23 41 3
23 42 2
23 43 3
23 44 2
23 45 1
23 46 2
23 47 2
23 48 4
23 49 1
23 50 1
23 51 4
23 52 2
23 53 2
23 54 3
23 55 5
23 56 1
23 57 4
23 58 5
23 59 5
23 60 2
23 61 1
23 62 1
23 63 3
23 64 4
23 65 5
23 66 1
23 67 1
23 68 5
23 69 5
23 70 2
23 71 4
23 72 4
23 73 3
23 74 3
23 75 1
23 76 5
23 77 4
23 78 4
23 79 4
23 80 1
23 81 4
23 82 4
23 83 3
23 84 2
23 85 1
23 86 2
23 87 2
23 88 4
23 89 1
23 90 2
23 91 5
23 92 3
23 93 4
23 94 3
23 95 3
23 96 5
23 97 5
23 98 3
23 99 1
23 100 1
24 1 1
24 2 4
24 3 2
24 4 4
24 5 4
24 6 4
24 7 3
24 8 2
24 9 2
24 10 1
24 11 3
24 12 5
24 13 4
24 14 2
24 15 2
24 16 1
24 17 3
24 18 5
24 19 2
24 20 5
24 21 3
24 22 3
24 23 2
24 25 3
24 26 2
24 27 2
24 28 3
24 29 4
24 30 4
24 31 3
24 32 4
24 33 5
24 34 4
24 35 5
24 36 5
24 37 2
24 38 5
24 39 2
24 40 5
24 41 1
24 42 5
24 43 2
24 44 1
24 45 5
24 46 3
24 47 4
24 48 3
24 49 2
24 50 5
24 51 4
24 52 1
24 53 3
24 54 1
24 55 5
24 56 5
24 57 3
24 58 1
24 59 4
24 60 3
24 61 1
24 62 2
24 63 1
24 64 2
24 65 2
24 66 3
24 67 3
24 68 5
24 69 2
24 70 2
24 71 4
24 72 5
24 73 1
24 74 3
24 75 5
24 76 2
24 77 2
24 78 5
24 79 4
24 80 1
24 81 1
24 82 2
24 83 1
24 84 3
24 85 5
24 86 2
24 87 5
24 88 4
24 89 4
24 90 3
24 91 1
24 92 2
24 93 1
24 94 3
24 95 5
24 96 4
24 97 5
24 98 3
24 99 5
24 100 4
25 1 4
25 2 4
25 3 3
25 4 1
25 5 3
25 6 4
25 7 2
25 8 1
25 9 5
25 10 1
25 11 1
25 12 5
25 13 4
25 14 4
25 15 5
25 16 3
25 17 5
25 18 1
25 19 3
25 20 1
25 21 3
25 22 3
25 23 2
25 24 1
25 26 1
25 27 3
25 28 1
25 29 2
25 30 5
25 31 1
25 32 2
25 33 5
25 34 1
25 35 4
25 36 5
25 37 3
25 38 4
25 39 4
25 40 5
25 41 5
25 42 4
25 43 1
25 44 5
25 45 4
25 46 1
25 47 1
25 48 4
25 49 2
25 50 1
25 51 1
25 52 2
25 53 5
25 54 1
25 55 5
25 56 2
25 57 1
25 58 3
25 59 3
25 60 4
25 61 4
25 62 3
25 63 1
25 64 4
25 65 3
25 66 1
25 67 5
25 68 2
25 69 5
25 70 3
25 71 3
25 72 1
25 73 3
25 74 5
25 75 5
25 76 2
25 77 5
25 78 2
25 79 2
25 80 2
25 81 2
25 82 2
25 83 3
25 84 4
25 85 4
25 86 5
25 87 5
25 88 4
25 89 4
25 90 2
25 91 5
25 92 2
25 93 1
25 94 5
25 95 2
25 96 5
25 97 2
25 98 2
25 99 3
25 100 3
26 1 4
26 2 1
26 3 4
26 4 2
26 5 5
26 6 5
26 7 5
26 8 5
26 9 2
26 10 1
26 11 1
26 12 5
26 13 4
26 14 5
26 15 3
26 16 3
26 17 4
26 18 5
26 19 3
26 20 2
26 21 3
26 22 2
26 23 1
26 24 4
26 25 3
26 27 2
26 28 3
26 29 5
26 30 5
26 31 1
26 32 4
26 33 4
26 34 3
26 35 2
26 36 2
26 37 2
26 38 4
26 39 1
26 40 1
26 41 5
26 42 1
26 43 3
26 44 1
26 45 4
26 46 3
26 47 1
26 48 3
26 49 1
26 50 5
26 51 1
26 52 5
26 53 2
26 54 2
26 55 5
26 56 2
26 57 5
26 58 3
26 59 2
26 60 1
26 61 3
26 62 2
26 63 4
26 64 1
26 65 4
26 66 3
26 67 4
26 68 2
26 69 1
26 70 4
26 71 3
26 72 2
26 73 1
26 74 5
26 75 2
26 76 1
26 77 2
26 78 2
26 79 4
26 80 5
26 81 3
26 82 4
26 83 1
26 84 2
26 85 2
26 86 5
26 87 3
26 88 3
26 89 4
26 90 4
26 91 3
26 92 1
26 93 2
26 94 4
26 95 3
26 96 2
26 97 1
26 98 1
26 99 4
26 100 3
27 1 1
27 2 1
27 3 4
27 4 1
27 5 2
27 6 2
27 7 4
27 8 1
27 9 1
27 10 4
27 11 2
27 12 5
27 13 4
27 14 2
27 15 1
27 16 5
27 17 1
27 18 4
27 19 3
27 20 4
27 21 4
27 22 2
27 23 2
27 24 1
27 25 5
27 26 4
27 28 2
27 29 2
27 30 2
27 31 2
27 32 1
27 33 2
27 34 4
27 35 1
27 36 5
27 37 1
27 38 3
27 39 3
27 40 3
27 41 5
27 42 1
27 43 4
27 44 4
27 45 4
27 46 5
27 47 5
27 48 5
27 49 2
27 50 5
27 51 2
27 52 2
27 53 3
27 54 1
27 55 3
27 56 5
27 57 2
27 58 4
27 59 4
27 60 4
27 61 5
27 62 5
27 63 1
27 64 1
27 65 4
27 66 2
27 67 2
27 68 1
27 69 4
27 70 4
27 71 3
27 72 5
27 73 1
27 74 1
27 75 3
27 76 1
27 77 5
27 78 4
27 79 1
27 80 3
27 81 3
27 82 4
27 83 4
27 84 3
27 85 4
27 86 4
27 87 2
27 88 1
27 89 4
27 90 5
27 91 1
27 92 3
27 93 2
27 94 1
27 95 5
27 96 5
27 97 2
27 98 2
27 99 5
27 100 2
28 1 2
28 2 2
28 3 3
28 4 5
28 5 4
28 6 1
28 7 5
28 8 5
28 9 4
28 10 2
28 11 2
28 12 4
28 13 1
28 14 2
28 15 1
28 16 1
28 17 2
28 18 4
28 19 3
28 20 5
28 21 1
28 22 3
28 23 2
28 24 2
28 25 1
28 26 4
28 27 3
28 29 4
28 30 2
28 31 2
28 32 3
28 33 3
28 34 5
28 35 5
28 36 2
28 37 3
28 38 2
28 39 2
28 40 4
28 41 3
28 42 5
28 43 5
28 44 1
28 45 5
28 46 3
28 47 3
28 48 3
28 49 5
28 50 1
28 51 5
28 52 4
28 53 3
28 54 5
28 55 3
28 56 4
28 57 2
28 58 1
28 59 1
28 60 5
28 61 2
28 62 4
28 63 4
28 64 1
28 65 5
28 66 1
28 67 3
28 68 4
28 69 2
28 70 1
28 71 2
28 72 4
28 73 2
28 74 3
28 75 1
28 76 2
28 77 1
28 78 3
28 79 1
28 80 2
28 81 1
28 82 2
28 83 5
28 84 3
28 85 1
28 86 4
28 87 2
28 88 4
28 89 1
28 90 4
28 91 1
28 92 4
28 93 5
28 94 4
28 95 5
28 96 4
28 97 4
28 98 4
28 99 5
28 100 3
29 1 1
29 2 3
29 3 1
29 4 2
29 5 1
29 6 2
29 7 5
29 8 3
29 9 1
29 10 2
29 11 4
29 12 1
29 13 4
29 14 5
29 15 4
29 16 4
29 17 4
29 18 2
29 19 3
29 20 4
29 21 5
29 22 3
29 23 5
29 24 1
29 25 3
29 26 4
29 27 2
29 28 4
29 30 4
29 31 1
29 32 1
29 33 4
29 34 3
29 35 3
29 36 2
29 37 3
29 38 1
29 39 4
29 40 2
29 41 2
29 42 5
29 43 5
29 44 2
29 45 3
29 46 5
29 47 2
29 48 4
29 49 5
29 50 3
29 51 3
29 52 5
29 53 5
29 54 2
29 55 4
29 56 5
29 57 4
29 58 4
29 59 1
29 60 4
29 61 2
29 62 1
29 63 4
29 64 2
29 65 1
29 66 4
29 67 4
29 68 5
29 69 4
29 70 2
29 71 2
29 72 2
29 73 3
29 74 3
29 75 1
29 76 1
29 77 4
29 78 2
29 79 4
29 80 3
29 81 5
29 82 1
29 83 5
29 84 1
29 85 4
29 86 3
29 87 5
29 88 2
29 89 2
29 90 1
29 91 1
29 92 3
29 93 3
29 94 1
29 95 2
29 96 5
29 97 1
29 98 5
29 99 5
29 100 5
30 1 3
30 2 3
30 3 3
30 4 5
30 5 5
30 6 3
30 7 2
30 8 4
30 9 2
30 10 2
30 11 3
30 12 3
30 13 4
30 14 2
30 15 3
30 16 2
30 17 5
30 18 2
30 19 1
30 20 3
30 21 4
30 22 3
30 23 2
30 24 4
30 25 3
30 26 3
30 27 3
30 28 4
30 29 4
30 31 4
30 32 5
30 33 1
30 34 1
30 35 4
30 36 3
30 37 3
30 38 2
30 39 1
30 40 1
30 41 5
30 42 3
30 43 5
30 44 2
30 45 3
30 46 2
30 47 4
30 48 5
30 49 3
30 50 2
30 51 5
30 52 5
30 53 3
30 54 2
30 55 1
30 56 3
30 57 1
30 58 1
30 59 5
30 60 1
30 61 4
30 62 1
30 63 2
30 64 2
30 65 3
30 66 1
30 67 1
30 68 5
30 69 4
30 70 1
30 71 2
30 72 3
30 73 5
30 74 2
30 75 1
30 76 3
30 77 3
30 78 4
30 79 2
30 80 2
30 81 2
30 82 3
30 83 1
30 84 1
30 85 4
30 86 3
30 87 3
30 88 1
30 89 3
30 90 5
30 91 2
30 92 4
30 93 5
30 94 3
30 95 5
30 96 2
30 97 3
30 98 5
30 99 2
30 100 1
31 1 2
31 2 3
31 3 5
31 4 4
31 5 4
31 6 5
31 7 1
31 8 3
31 9 5
31 10 4
31 11 4
31 12 4
31 13 3
31 14 1
31 15 4
31 16 3
31 17 1
31 18 2
31 19 3
31 20 3
31 21 1
31 22 4
31 23 3
31 24 5
31 25 2
31 26 2
31 27 3
31 28 1
31 29 3
31 30 1
31 32 4
31 33 2
31 34 1
31 35 5
31 36 5
31 37 1
31 38 5
31 39 2
31 40 4
31 41 1
31 42 2
31 43 4
31 44 4
31 45 4
31 46 5
31 47 3
31 48 1
31 49 5
31 50 1
31 51 3
31 52 4
31 53 1
31 54 4
31 55 4
31 56 2
31 57 2
31 58 5
31 59 4
31 60 2
31 61 5
31 62 5
31 63 2
31 64 3
31 65 5
31 66 2
31 67 2
31 68 5
31 69 3
31 70 5
31 71 5
31 72 3
31 73 1
31 74 4
31 75 4
31 76 4
31 77 5
31 78 1
31 79 1
31 80 1
31 81 3
31 82 5
31 83 1
31 84 3
31 85 3
31 86 4
31 87 1
31 88 4
31 89 1
31 90 4
31 91 3
31 92 5
31 93 5
31 94 4
31 95 2
31 96 1
31 97 2
31 98 5
31 99 3
31 100 4
32 1 4
32 2 4
32 3 2
32 4 4
32 5 4
32 6 2
32 7 4
32 8 3
32 9 4
32 10 1
32 11 5
32 12 1
32 13 5
32 14 1
32 15 5
32 16 5
32 17 4
32 18 5
32 19 5
32 20 4
32 21 3
32 22 2
32 23 5
32 24 5
32 25 3
32 26 3
32 27 2
32 28 4
32 29 2
32 30 4
32 31 5
32 33 2
32 34 3
32 35 3
32 36 2
32 37 3
32 38 4
32 39 2
32 40 1
32 41 2
32 42 2
32 43 2
32 44 2
32 45 4
32 46 2
32 47 1
32 48 3
32 49 3
32 50 5
32 51 2
32 52 3
32 53 4
32 54 1
32 55 3
32 56 5
32 57 3
32 58 5
32 59 2
32 60 3
32 61 4
32 62 2
32 63 4
32 64 5
32 65 1
32 66 1
32 67 2
32 68 4
32 69 4
32 70 3
32 71 1
32 72 2
32 73 2
32 74 2
32 75 5
32 76 5
32 77 1
32 78 5
32 79 2
32 80 3
32 81 1
32 82 5
32 83 5
32 84 2
32 85 5
32 86 4
32 87 3
32 88 4
32 89 4
32 90 4
32 91 4
32 92 4
32 93 3
32 94 2
32 95 3
32 96 3
32 97 3
32 98 1
32 99 1
32 100 3
33 1 1
33 2 3
33 3 5
33 4 2
33 5 5
33 6 1
33 7 1
33 8 5
33 9 3
33 10 4
33 11 4
33 12 3
33 13 5
33 14 3
33 15 1
33 16 2
33 17 2
33 18 4
33 19 5
33 20 2
33 21 4
33 22 5
33 23 5
33 24 1
33 25 2
33 26 4
33 27 1
33 28 1
33 29 5
33 30 3
33 31 5
33 32 5
33 34 1
33 35 1
33 36 1
33 37 2
33 38 2
33 39 3
33 40 1
33 41 4
33 42 3
33 43 4
33 44 3
33 45 2
33 46 3
33 47 1
33 48 3
33 49 1
33 50 1
33 51 5
33 52 2
33 53 4
33 54 4
33 55 1
33 56 2
33 57 2
33 58 2
33 59 4
33 60 4
33 61 1
33 62 1
33 63 4
33 64 2
33 65 1
33 66 1
33 67 2
33 68 2
33 69 2
33 70 1
33 71 4
33 72 2
33 73 3
33 74 4
33 75 5
33 76 4
33 77 2
33 78 5
33 79 4
33 80 2
33 81 5
33 82 3
33 83 1
33 84 5
33 85 3
33 86 3
33 87 3
33 88 5
33 89 4
33 90 1
33 91 3
33 92 1
33 93 2
33 94 3
33 95 2
33 96 4
33 97 4
33 98 5
33 99 3
33 100 2
34 1 5
34 2 3
34 3 4
34 4 4
34 5 2
34 6 3
34 7 5
34 8 5
34 9 4
34 10 3
34 11 3
34 12 5
34 13 2
34 14 3
34 15 4
34 16 4
34 17 1
34 18 2
34 19 3
34 20 1
34 21 4
34 22 3
34 23 2
34 24 2
34 25 2
34 26 3
34 27 3
34 28 5
34 29 3
34 30 5
34 31 4
34 32 4
34 33 4
34 35 2
34 36 3
34 37 2
34 38 1
34 39 2
34 40 1
34 41 1
34 42 1
34 43 4
34 44 5
34 45 2
34 46 3
34 47 5
34 48 5
34 49 5
34 50 3
34 51 5
34 52 1
34 53 2
34 54 4
34 55 4
34 56 3
34 57 5
34 58 1
34 59 2
34 60 2
34 61 5
34 62 3
34 63 5
34 64 4
34 65 2
34 66 3
34 67 1
34 68 3
34 69 5
34 70 4
34 71 1
34 72 5
34 73 4
34 74 4
34 75 4
34 76 2
34 77 3
34 78 3
34 79 3
34 80 3
34 81 1
34 82 2
34 83 5
34 84 4
34 85 5
34 86 3
34 87 3
34 88 2
34 89 5
34 90 5
34 91 5
34 92 5
34 93 2
34 94 4
34 95 3
34 96 3
34 97 3
34 98 5
34 99 3
34 100 2
35 1 3
35 2 3
35 3 1
35 4 3
35 5 3
35 6 1
35 7 1
35 8 5
35 9 5
35 10 3
35 11 4
35 12 2
35 13 2
35 14 5
35 15 5
35 16 3
35 17 4
35 18 3
35 19 4
35 20 4
35 21 4
35 22 3
35 23 3
35 24 5
35 25 3
35 26 2
35 27 5
35 28 5
35 29 1
35 30 2
35 31 3
35 32 5
35 33 1
35 34 5
35 36 4
35 37 3
35 38 2
35 39 4
35 40 4
35 41 2
35 42 3
35 43 5
35 44 5
35 45 4
35 46 1
35 47 5
35 48 2
35 49 5
35 50 4
35 51 2
35 52 3
35 53 2
35 54 5
35 55 2
35 56 3
35 57 4
35 58 5
35 59 4
35 60 1
35 61 5
35 62 2
35 63 3
35 64 1
35 65 2
35 66 5
35 67 1
35 68 1
35 69 1
35 70 1
35 71 2
35 72 4
35 73 3
35 74 1
35 75 4
35 76 2
35 77 3
35 78 3
35 79 5
35 80 2
35 81 3
35 82 1
35 83 1
35 84 1
35 85 2
35 86 4
35 87 5
35 88 1
35 89 3
35 90 4
35 91 3
35 92 4
35 93 5
35 94 2
35 95 4
35 96 2
35 97 1
35 98 4
35 99 4
35 100 4
36 1 1
36 2 5
36 3 2
36 4 4
36 5 2
36 6 5
36 7 2
36 8 5
36 9 4
36 10 3
36 11 1
36 12 3
36 13 3
36 14 4
36 15 3
36 16 2
36 17 2
36 18 3
36 19 4
36 20 5
36 21 1
36 22 1
36 23 3
36 24 2
36 25 2
36 26 4
36 27 3
36 28 5
36 29 2
36 30 4
36 31 3
36 32 5
36 33 3
36 34 4
36 35 3
36 37 5
36 38 1
36 39 1
36 40 4
36 41 4
36 42 3
36 43 1
36 44 2
36 45 2
36 46 4
36 47 1
36 48 3
36 49 1
36 50 5
36 51 1
36 52 5
36 53 5
36 54 3
36 55 4
36 56 4
36 57 2
36 58 2
36 59 3
36 60 1
36 61 1
36 62 1
36 63 3
36 64 5
36 65 4
36 66 3
36 67 4
36 68 3
36 69 3
36 70 4
36 71 3
36 72 2
36 73 1
36 74 3
36 75 5
36 76 2
36 77 2
36 78 5
36 79 2
36 80 2
36 81 2
36 82 4
36 83 3
36 84 3
36 85 2
36 86 1
36 87 1
36 88 3
36 89 5
36 90 4
36 91 5
36 92 5
36 93 4
36 94 2
36 95 4
36 96 2
36 97 4
36 98 2
36 99 1
36 100 4
37 1 2
37 2 3
37 3 5
37 4 2
37 5 3
37 6 1
37 7 5
37 8 4
37 9 2
37 10 1
37 11 2
37 12 3
37 13 5
37 14 1
37 15 1
37 16 3
37 17 1
37 18 1
37 19 2
37 20 5
37 21 4
37 22 1
37 23 1
37 24 5
37 25 2
37 26 4
37 27 3
37 28 2
37 29 2
37 30 4
37 31 5
37 32 3
37 33 3
37 34 1
37 35 1
37 36 2
37 38 3
37 39 1
37 40 5
37 41 5
37 42 3
37 43 3
37 44 4
37 45 4
37 46 3
37 47 4
37 48 3
37 49 1
37 50 2
37 51 4
37 52 2
37 53 2
37 54 4
37 55 3
37 56 1
37 57 2
37 58 3
37 59 4
37 60 1
37 61 5
37 62 4
37 63 2
37 64 4
37 65 3
37 66 3
37 67 2
37 68 5
37 69 2
37 70 4
37 71 1
37 72 1
37 73 1
37 74 1
37 75 5
37 76 2
37 77 3
37 78 5
37 79 4
37 80 5
37 81 1
37 82 3
37 83 2
37 84 5
37 85 3
37 86 4
37 87 5
37 88 5
37 89 3
37 90 5
37 91 5
37 92 4
37 93 5
37 94 1
37 95 3
37 96 5
37 97 5
37 98 4
37 99 1
37 100 2
38 1 2
38 2 1
38 3 4
38 4 4
38 5 3
38 6 5
38 7 2
38 8 1
38 9 2
38 10 3
38 11 2
38 12 2
38 13 2
38 14 3
38 15 3
38 16 4
38 17 3
38 18 3
38 19 5
38 20 1
38 21 4
38 22 1
38 23 4
38 24 1
38 25 4
38 26 3
38 27 5
38 28 3
38 29 3
38 30 5
38 31 1
38 32 1
38 33 2
38 34 2
38 35 5
38 36 2
38 37 1
38 39 3
38 40 4
38 41 2
38 42 5
38 43 5
38 44 1
38 45 1
38 46 3
38 47 3
38 48 2
38 49 2
38 50 2
38 51 1
38 52 2
38 53 3
38 54 4
38 55 3
38 56 5
38 57 2
38 58 5
38 59 4
38 60 4
38 61 3
38 62 5
38 63 2
38 64 3
38 65 3
38 66 3
38 67 4
38 68 4
38 69 5
38 70 2
38 71 2
38 72 4
38 73 3
38 74 2
38 75 4
38 76 1
38 77 1
38 78 3
38 79 4
38 80 2
38 81 2
38 82 1
38 83 1
38 84 1
38 85 4
38 86 3
38 87 5
38 88 5
38 89 2
38 90 5
38 91 4
38 92 4
38 93 4
38 94 2
38 95 4
38 96 3
38 97 1
38 98 2
38 99 2
38 100 5
39 1 5
39 2 5
39 3 3
39 4 5
39 5 3
39 6 3
39 7 2
39 8 5
39 9 3
39 10 5
39 11 2
39 12 4
39 13 5
39 14 2
39 15 1
39 16 4
39 17 4
39 18 5
39 19 3
39 20 2
39 21 4
39 22 3
39 23 3
39 24 4
39 25 1
39 26 1
39 27 1
39 28 1
39 29 4
39 30 4
39 31 1
39 32 1
39 33 1
39 34 5
39 35 2
39 36 3
39 37 5
39 38 3
39 40 3
39 41 2
39 42 4
39 43 1
39 44 2
39 45 5
39 46 2
39 47 2
39 48 3
39 49 2
39 50 1
39 51 3
39 52 5
39 53 1
39 54 2
39 55 2
39 56 4
39 57 3
39 58 4
39 59 4
39 60 3
39 61 5
39 62 5
39 63 5
39 64 2
39 65 5
39 66 2
39 67 3
39 68 2
39 69 1
39 70 2
39 71 1
39 72 2
39 73 2
39 74 1
39 75 5
39 76 1
39 77 4
39 78 1
39 79 1
39 80 2
39 81 3
39 82 3
39 83 2
39 84 5
39 85 1
39 86 5
39 87 3
39 88 3
39 89 1
39 90 3
39 91 3
39 92 5
39 93 2
39 94 4
39 95 3
39 96 1
39 97 5
39 98 5
39 99 5
39 100 5
40 1 3
40 2 5
40 3 3
40 4 1
40 5 3
40 6 2
40 7 1
40 8 1
40 9 4
40 10 1
40 11 5
40 12 3
40 13 5
40 14 1
40 15 2
40 16 1
40 17 2
40 18 4
40 19 5
40 20 2
40 21 4
40 22 2
40 23 3
40 24 5
40 25 1
40 26 5
40 27 3
40 28 2
40 29 1
40 30 2
40 31 4
40 32 5
40 33 3
40 34 1
40 35 5
40 36 5
40 37 5
40 38 1
40 39 3
40 41 5
40 42 3
40 43 2
40 44 3
40 45 5
40 46 4
40 47 1
40 48 5
40 49 5
40 50 2
40 51 1
40 52 4
40 53 5
40 54 3
40 55 1
40 56 4
40 57 5
40 58 3
40 59 3
40 60 1
40 61 3
40 62 4
40 63 1
40 64 3
40 65 4
40 66 2
40 67 4
40 68 3
40 69 3
40 70 1
40 71 2
40 72 2
40 73 4
40 74 3
40 75 1
40 76 5
40 77 1
40 78 4
40 79 4
40 80 3
40 81 5
40 82 4
40 83 3
40 84 4
40 85 3
40 86 3
40 87 4
40 88 4
40 89 2
40 90 2
40 91 2
40 92 5
40 93 5
40 94 2
40 95 4
40 96 3
40 97 5
40 98 2
40 99 3
40 100 2
41 1 3
41 2 4
41 3 1
41 4 3
41 5 4
41 6 3
41 7 2
41 8 1
41 9 1
41 10 2
41 11 3
41 12 5
41 13 2
41 14 5
41 15 3
41 16 2
41 17 5
41 18 2
41 19 5
41 20 1
41 21 3
41 22 1
41 23 2
41 24 4
41 25 3
41 26 5
41 27 4
41 28 2
41 29 4
41 30 3
41 31 1
41 32 1
41 33 3
41 34 1
41 35 3
41 36 1
41 37 5
41 38 1
41 39 2
41 40 1
41 42 2
41 43 1
41 44 2
41 45 3
41 46 1
41 47 5
41 48 4
41 49 2
41 50 3
41 51 1
41 52 4
41 53 2
41 54 1
41 55 1
41 56 2
41 57 5
41 58 2
41 59 2
41 60 2
41 61 5
41 62 4
41 63 4
41 64 5
41 65 2
41 66 4
41 67 4
41 68 4
41 69 5
41 70 4
41 71 5
41 72 5
41 73 2
41 74 1
41 75 2
41 76 2
41 77 3
41 78 3
41 79 2
41 80 1
41 81 2
41 82 2
41 83 4
41 84 5
41 85 5
41 86 1
41 87 1
41 88 4
41 89 3
41 90 5
41 91 2
41 92 2
41 93 3
41 94 5
41 95 2
41 96 1
41 97 5
41 98 2
41 99 5
41 100 2
42 1 3
42 2 1
42 3 1
42 4 4
42 5 3
42 6 4
42 7 2
42 8 2
42 9 3
42 10 4
42 11 2
42 12 1
42 13 2
42 14 3
42 15 5
42 16 1
42 17 3
42 18 3
42 19 2
42 20 5
42 21 2
42 22 3
42 23 4
42 24 1
42 25 5
42 26 2
42 27 4
42 28 1
42 29 3
42 30 3
42 31 2
42 32 5
42 33 5
42 34 5
42 35 1
42 36 3
42 37 5
42 38 2
42 39 1
42 40 3
42 41 2
42 43 5
42 44 5
42 45 4
42 46 2
42 47 2
42 48 1
42 49 1
42 50 4
42 51 2
42 52 3
42 53 2
42 54 2
42 55 1
42 56 4
42 57 1
42 58 2
42 59 2
42 60 3
42 61 1
42 62 1
42 63 2
42 64 1
42 65 3
42 66 1
42 67 3
42 68 2
42 69 5
42 70 1
42 71 2
42 72 4
42 73 3
42 74 1
42 75 4
42 76 3
42 77 4
42 78 5
42 79 3
42 80 5
42 81 5
42 82 5
42 83 4
42 84 3
42 85 1
42 86 4
42 87 3
42 88 3
42 89 2
42 90 2
42 91 5
42 92 2
42 93 4
42 94 1
42 95 4
42 96 1
42 97 3
42 98 1
42 99 2
42 100 3
43 1 2
43 2 4
43 3 3
43 4 1
43 5 1
43 6 3
43 7 3
43 8 5
43 9 2
43 10 5
43 11 1
43 12 3
43 13 4
43 14 4
43 15 2
43 16 1
43 17 2
43 18 5
43 19 3
43 20 5
43 21 3
43 22 3
43 23 1
43 24 1
43 25 5
43 26 5
43 27 2
43 28 3
43 29 2
43 30 5
43 31 2
43 32 5
43 33 3
43 34 4
43 35 5
43 36 1
43 37 2
43 38 2
43 39 5
43 40 5
43 41 4
43 42 5
43 44 5
43 45 4
43 46 3
43 47 3
43 48 5
43 49 1
43 50 4
43 51 2
43 52 5
43 53 1
43 54 1
43 55 2
43 56 2
43 57 3
43 58 1
43 59 5
43 60 5
43 61 5
43 62 4
43 63 3
43 64 4
43 65 2
43 66 3
43 67 4
43 68 4
43 69 1
43 70 2
43 71 3
43 72 3
43 73 5
43 74 4
43 75 2
43 76 1
43 77 1
43 78 4
43 79 5
43 80 3
43 81 3
43 82 3
43 83 4
43 84 5
43 85 4
43 86 5
43 87 1
43 88 3
43 89 3
43 90 5
43 91 2
43 92 2
43 93 4
43 94 1
43 95 5
43 96 2
43 97 3
43 98 3
43 99 5
43 100 4
44 1 2
44 2 4
44 3 1
44 4 1
44 5 2
44 6 4
44 7 1
44 8 4
44 9 4
44 10 2
44 11 1
44 12 3
44 13 5
44 14 1
44 15 3
44 16 5
44 17 5
44 18 3
44 19 2
44 20 2
44 21 5
44 22 5
44 23 3
44 24 5
44 25 5
44 26 5
44 27 1
44 28 4
44 29 2
44 30 2
44 31 2
44 32 5
44 33 5
44 34 4
44 35 1
44 36 3
44 37 2
44 38 3
44 39 1
44 40 1
44 41 2
44 42 3
44 43 3
44 45 1
44 46 3
44 47 5
44 48 2
44 49 4
44 50 5
44 51 3
44 52 3
44 53 4
44 54 4
44 55 5
44 56 3
44 57 3
44 58 1
44 59 5
44 60 3
44 61 3
44 62 3
44 63 5
44 64 2
44 65 2
44 66 3
44 67 4
44 68 1
44 69 5
44 70 4
44 71 1
44 72 2
44 73 2
44 74 5
44 75 4
44 76 4
44 77 4
44 78 1
44 79 5
44 80 2
44 81 5
44 82 4
44 83 4
44 84 5
44 85 2
44 86 1
44 87 4
44 88 1
44 89 1
44 90 5
44 91 3
44 92 5
44 93 2
44 94 4
44 95 4
44 96 5
44 97 2
44 98 4
44 99 5
44 100 3
45 1 4
45 2 2
45 3 1
45 4 5
45 5 1
45 6 4
45 7 3
45 8 1
45 9 1
45 10 4
45 11 2
45 12 2
45 13 2
45 14 3
45 15 3
45 16 5
45 17 5
45 18 1
45 19 5
45 20 2
45 21 2
45 22 5
45 23 2
45 24 3
45 25 3
45 26 2
45 27 2
45 28 1
45 29 2
45 30 3
45 31 3
45 32 1
45 33 4
45 34 3
45 35 2
45 36 1
45 37 4
45 38 2
45 39 3
45 40 1
45 41 2
45 42 5
45 43 3
45 44 4
45 46 4
45 47 5
45 48 5
45 49 3
45 50 3
45 51 5
45 52 1
45 53 4
45 54 4
45 55 2
45 56 2
45 57 3
45 58 5
45 59 5
45 60 4
45 61 2
45 62 5
45 63 1
45 64 4
45 65 5
45 66 1
45 67 2
45 68 3
45 69 1
45 70 5
45 71 5
45 72 1
45 73 2
45 74 1
45 75 5
45 76 2
45 77 4
45 78 5
45 79 1
45 80 3
45 81 4
45 82 5
45 83 4
45 84 2
45 85 5
45 86 2
45 87 5
45 88 3
45 89 2
45 90 2
45 91 1
45 92 5
45 93 1
45 94 3
45 95 5
45 96 5
45 97 5
45 98 1
45 99 2
45 100 2
46 1 3
46 2 2
46 3 5
46 4 4
46 5 2
46 6 4
46 7 5
46 8 3
46 9 5
46 10 5
46 11 5
46 12 3
46 13 2
46 14 5
46 15 2
46 16 3
46 17 2
46 18 1
46 19 2
46 20 5
46 21 2
46 22 4
46 23 1
46 24 4
46 25 4
46 26 5
46 27 4
46 28 3
46 29 2
46 30 2
46 31 2
46 32 4
46 33 5
46 34 1
46 35 4
46 36 4
46 37 4
46 38 3
46 39 1
46 40 1
46 41 5
46 42 2
46 43 5
46 44 3
46 45 4
46 47 1
46 48 5
46 49 5
46 50 4
46 51 4
46 52 1
46 53 2
46 54 2
46 55 1
46 56 1
46 57 5
46 58 2
46 59 1
46 60 5
46 61 5
46 62 4
46 63 1
46 64 4
46 65 4
46 66 3
46 67 2
46 68 4
46 69 1
46 70 2
46 71 4
46 72 3
46 73 3
46 74 2
46 75 3
46 76 5
46 77 5
46 78 5
46 79 1
46 80 1
46 81 3
46 82 4
46 83 1
46 84 5
46 85 1
46 86 3
46 87 2
46 88 2
46 89 1
46 90 4
46 91 3
46 92 1
46 93 2
46 94 3
46 95 1
46 96 2
46 97 5
46 98 4
46 99 5
46 100 3
47 1 2
47 2 3
47 3 2
47 4 4
47 5 2
47 6 4
47 7 3
47 8 3
47 9 1
47 10 4
47 11 4
47 12 3
47 13 4
47 14 1
47 15 4
47 16 1
47 17 1
47 18 2
47 19 3
47 20 3
47 21 5
47 22 5
47 23 3
47 24 2
47 25 5
47 26 5
47 27 3
47 28 1
47 29 1
47 30 3
47 31 5
47 32 2
47 33 2
47 34 2
47 35 1
47 36 5
47 37 2
47 38 3
47 39 3
47 40 2
47 41 3
47 42 3
47 43 2
47 44 2
47 45 3
47 46 2
47 48 2
47 49 5
47 50 4
47 51 1
47 52 3
47 53 3
47 54 3
47 55 2
47 56 4
47 57 4
47 58 2
47 59 4
47 60 4
47 61 2
47 62 3
47 63 1
47 64 3
47 65 4
47 66 4
47 67 5
47 68 1
47 69 2
47 70 5
47 71 3
47 72 1
47 73 2
47 74 5
47 75 2
47 76 5
47 77 4
47 78 3
47 79 2
47 80 4
47 81 1
47 82 2
47 83 3
47 84 4
47 85 1
47 86 4
47 87 4
47 88 4
47 89 5
47 90 4
47 91 5
47 92 3
47 93 1
47 94 5
47 95 3
47 96 2
47 97 3
47 98 2
47 99 2
47 100 1
48 1 1
48 2 4
48 3 1
48 4 5
48 5 5
48 6 2
48 7 4
48 8 5
48 9 2
48 10 2
48 11 3
48 12 4
48 13 1
48 14 2
48 15 4
48 16 1
48 17 1
48 18 5
48 19 5
48 20 2
48 21 3
48 22 4
48 23 5
48 24 4
48 25 5
48 26 4
48 27 5
48 28 4
48 29 2
48 30 1
48 31 4
48 32 5
48 33 1
48 34 2
48 35 4
48 36 5
48 37 5
48 38 4
48 39 4
48 40 1
48 41 1
48 42 4
48 43 2
48 44 1
48 45 5
48 46 5
48 47 1
48 49 5
48 50 4
48 51 2
48 52 4
48 53 2
48 54 2
48 55 5
48 56 5
48 57 1
48 58 3
48 59 1
48 60 1
48 61 4
48 62 1
48 63 2
48 64 5
48 65 1
48 66 3
48 67 3
48 68 2
48 69 2
48 70 2
48 71 2
48 72 3
48 73 4
48 74 5
48 75 1
48 76 4
48 77 2
48 78 5
48 79 4
48 80 3
48 81 1
48 82 3
48 83 1
48 84 2
48 85 4
48 86 5
48 87 3
48 88 2
48 89 2
48 90 3
48 91 2
48 92 3
48 93 5
48 94 5
48 95 2
48 96 2
48 97 2
48 98 2
48 99 3
48 100 4
49 1 5
49 2 4
49 3 3
49 4 3
49 5 1
49 6 3
49 7 1
49 8 2
49 9 2
49 10 1
49 11 4
49 12 4
49 13 3
49 14 5
49 15 5
49 16 4
49 17 1
49 18 4
49 19 2
49 20 3
49 21 3
49 22 5
49 23 2
49 24 4
49 25 5
49 26 5
49 27 5
49 28 1
49 29 1
49 30 4
49 31 1
49 32 5
49 33 5
49 34 3
49 35 2
49 36 5
49 37 5
49 38 4
49 39 3
49 40 4
49 41 5
49 42 1
49 43 2
49 44 4
49 45 2
49 46 4
49 47 4
49 48 3
49 50 4
49 51 5
49 52 2
49 53 4
49 54 5
49 55 5
49 56 2
49 57 4
49 58 4
49 59 4
49 60 1
49 61 2
49 62 2
49 63 2
49 64 1
49 65 1
49 66 4
49 67 5
49 68 2
49 69 1
49 70 5
49 71 4
49 72 1
49 73 1
49 74 2
49 75 2
49 76 5
49 77 5
49 78 2
49 79 5
49 80 2
49 81 3
49 82 5
49 83 5
49 84 1
49 85 1
49 86 4
49 87 2
49 88 4
49 89 3
49 90 5
49 91 1
49 92 4
49 93 2
49 94 2
49 95 1
49 96 4
49 97 3
49 98 2
49 99 3
49 100 3
50 1 2
50 2 3
50 3 3
50 4 2
50 5 4
50 6 1
50 7 3
50 8 1
50 9 5
50 10 5
50 11 4
50 12 2
50 13 4
50 14 4
50 15 2
50 16 4
50 17 2
50 18 5
50 19 4
50 20 1
50 21 5
50 22 4
50 23 1
50 24 3
50 25 1
50 26 4
50 27 3
50 28 3
50 29 2
50 30 5
50 31 2
50 32 3
50 33 3
50 34 1
50 35 2
50 36 3
50 37 1
50 38 1
50 39 5
50 40 2
50 41 5
50 42 4
50 43 3
50 44 5
50 45 2
50 46 1
50 47 5
50 48 5
50 49 1
50 51 3
50 52 3
50 53 2
50 54 2
50 55 5
50 56 4
50 57 4
50 58 3
50 59 3
50 60 3
50 61 5
50 62 3
50 63 4
50 64 4
50 65 2
50 66 1
50 67 2
50 68 1
50 69 3
50 70 5
50 71 1
50 72 5
50 73 1
50 74 4
50 75 4
50 76 1
50 77 2
50 78 2
50 79 5
50 80 3
50 81 2
50 82 5
50 83 5
50 84 5
50 85 3
50 86 5
50 87 5
50 88 1
50 89 4
50 90 2
50 91 5
50 92 5
50 93 1
50 94 5
50 95 1
50 96 2
50 97 5
50 98 2
50 99 5
50 100 2
51 1 3
51 2 2
51 3 3
51 4 4
51 5 2
51 6 2
51 7 1
51 8 3
51 9 3
51 10 5
51 11 5
51 12 1
51 13 1
51 14 2
51 15 5
51 16 3
51 17 3
51 18 4
51 19 3
51 20 1
51 21 2
51 22 4
51 23 1
51 24 3
51 25 3
51 26 1
51 27 4
51 28 4
51 29 4
51 30 5
51 31 1
51 32 2
51 33 1
51 34 3
51 35 2
51 36 2
51 37 1
51 38 2
51 39 4
51 40 5
51 41 3
51 42 1
51 43 2
51 44 4
51 45 4
51 46 3
51 47 1
51 48 1
51 49 3
51 50 1
51 52 1
51 53 5
51 54 1
51 55 3
51 56 2
51 57 4
51 58 5
51 59 2
51 60 2
51 61 1
51 62 2
51 63 4
51 64 4
51 65 4
51 66 4
51 67 5
51 68 1
51 69 1
51 70 3
51 71 1
51 72 1
51 73 5
51 74 3
51 75 4
51 76 5
51 77 1
51 78 2
51 79 1
51 80 1
51 81 1
51 82 3
51 83 4
51 84 5
51 85 3
51 86 3
51 87 1
51 88 3
51 89 5
51 90 5
51 91 5
51 92 5
51 93 3
51 94 5
51 95 3
51 96 1
51 97 3
51 98 4
51 99 1
51 100 1
52 1 1
52 2 4
52 3 3
52 4 2
52 5 1
52 6 1
52 7 2
52 8 4
52 9 4
52 10 4
52 11 4
52 12 5
52 13 1
52 14 4
52 15 4
52 16 5
52 17 2
52 18 2
52 19 3
52 20 1
52 21 1
52 22 4
52 23 5
52 24 5
52 25 3
52 26 4
52 27 5
52 28 3
52 29 4
52 30 3
52 31 5
52 32 1
52 33 1
52 34 2
52 35 2
52 36 3
52 37 2
52 38 5
52 39 1
52 40 1
52 41 3
52 42 2
52 43 2
52 44 5
52 45 5
52 46 5
52 47 5
52 48 3
52 49 3
52 50 2
52 51 3
52 53 5
52 54 2
52 55 4
52 56 4
52 57 1
52 58 4
52 59 4
52 60 3
52 61 2
52 62 3
52 63 4
52 64 4
52 65 5
52 66 5
52 67 3
52 68 2
52 69 2
52 70 2
52 71 5
52 72 4
52 73 5
52 74 3
52 75 5
52 76 4
52 77 2
52 78 1
52 79 5
52 80 5
52 81 4
52 82 3
52 83 4
52 84 5
52 85 4
52 86 3
52 87 4
52 88 5
52 89 1
52 90 4
52 91 4
52 92 5
52 93 1
52 94 3
52 95 5
52 96 5
52 97 2
52 98 2
52 99 3
52 100 5
53 1 4
53 2 4
53 3 5
53 4 3
53 5 1
53 6 1
53 7 3
53 8 5
53 9 4
53 10 5
53 11 4
53 12 4
53 13 2
53 14 4
53 15 3
53 16 3
53 17 1
53 18 1
53 19 4
53 20 4
53 21 1
53 22 2
53 23 5
53 24 1
53 25 1
53 26 4
53 27 2
53 28 5
53 29 1
53 30 5
53 31 1
53 32 4
53 33 3
53 34 3
53 35 3
53 36 1
53 37 3
53 38 2
53 39 5
53 40 1
53 41 1
53 42 3
53 43 4
53 44 5
53 45 3
53 46 2
53 47 2
53 48 4
53 49 4
53 50 5
53 51 4
53 52 5
53 54 3
53 55 3
53 56 2
53 57 1
53 58 3
53 59 1
53 60 5
53 61 3
53 62 5
53 63 5
53 64 3
53 65 4
53 66 2
53 67 5
53 68 1
53 69 2
53 70 4
53 71 5
53 72 4
53 73 1
53 74 4
53 75 3
53 76 5
53 77 2
53 78 1
53 79 3
53 80 5
53 81 1
53 82 4
53 83 5
53 84 2
53 85 2
53 86 2
53 87 4
53 88 2
53 89 4
53 90 4
53 91 3
53 92 4
53 93 5
53 94 4
53 95 1
53 96 5
53 97 3
53 98 3
53 99 1
53 100 4
54 1 1
54 2 2
54 3 2
54 4 3
54 5 1
54 6 1
54 7 3
54 8 2
54 9 3
54 10 5
54 11 3
54 12 1
54 13 4
54 14 2
54 15 2
54 16 2
54 17 5
54 18 2
54 19 5
54 20 5
54 21 2
54 22 2
54 23 3
54 24 3
54 25 5
54 26 1
54 27 5
54 28 2
54 29 3
54 30 5
54 31 5
54 32 5
54 33 3
54 34 4
54 35 2
54 36 3
54 37 1
54 38 1
54 39 1
54 40 1
54 41 3
54 42 3
54 43 1
54 44 3
54 45 1
54 46 2
54 47 4
54 48 5
54 49 1
54 50 3
54 51 2
54 52 2
54 53 4
54 55 1
54 56 2
54 57 5
54 58 1
54 59 1
54 60 2
54 61 5
54 62 2
54 63 3
54 64 1
54 65 4
54 66 3
54 67 5
54 68 2
54 69 4
54 70 5
54 71 2
54 72 4
54 73 2
54 74 2
54 75 1
54 76 4
54 77 2
54 78 4
54 79 4
54 80 4
54 81 4
54 82 1
54 83 5
54 84 3
54 85 1
54 86 2
54 87 4
54 88 1
54 89 3
54 90 4
54 91 4
54 92 4
54 93 2
54 94 1
54 95 2
54 96 5
54 97 1
54 98 1
54 99 3
54 100 4
55 1 5
55 2 2
55 3 4
55 4 4
55 5 3
55 6 1
55 7 4
55 8 1
55 9 4
55 10 3
55 11 4
55 12 3
55 13 5
55 14 5
55 15 2
55 16 3
55 17 2
55 18 5
55 19 5
55 20 1
55 21 5
55 22 3
55 23 1
55 24 1
55 25 5
55 26 2
55 27 2
55 28 5
55 29 2
55 30 5
55 31 3
55 32 4
55 33 1
55 34 3
55 35 2
55 36 5
55 37 3
55 38 2
55 39 5
55 40 2
55 41 4
55 42 4
55 43 1
55 44 1
55 45 5
55 46 2
55 47 3
55 48 3
55 49 3
55 50 2
55 51 5
55 52 4
55 53 4
55 54 1
55 56 4
55 57 3
55 58 4
55 59 2
55 60 3
55 61 1
55 62 1
55 63 2
55 64 1
55 65 3
55 66 2
55 67 4
55 68 2
55 69 4
55 70 5
55 71 2
55 72 2
55 73 4
55 74 2
55 75 4
55 76 4
55 77 1
55 78 2
55 79 3
55 80 4
55 81 4
55 82 4
55 83 3
55 84 2
55 85 4
55 86 5
55 87 2
55 88 1
55 89 4
55 90 4
55 91 5
55 92 1
55 93 1
55 94 4
55 95 1
55 96 4
55 97 5
55 98 4
55 99 5
55 100 3
56 1 5
56 2 1
56 3 2
56 4 3
56 5 4
56 6 2
56 7 3
56 8 5
56 9 4
56 10 5
56 11 5
56 12 4
56 13 5
56 14 4
56 15 3
56 16 3
56 17 4
56 18 4
56 19 1
56 20 4
56 21 4
56 22 2
56 23 4
56 24 5
56 25 5
56 26 1
56 27 3
56 28 4
56 29 1
56 30 4
56 31 4
56 32 5
56 33 2
56 34 5
56 35 5
56 36 5
56 37 3
56 38 4
56 39 1
56 40 1
56 41 4
56 42 5
56 43 5
56 44 5
56 45 4
56 46 2
56 47 5
56 48 4
56 49 2
56 50 5
56 51 2
56 52 1
56 53 1
56 54 2
56 55 2
56 57 1
56 58 4
56 59 1
56 60 1
56 61 1
56 62 4
56 63 4
56 64 5
56 65 2
56 66 5
56 67 1
56 68 2
56 69 3
56 70 5
56 71 2
56 72 5
56 73 5
56 74 4
56 75 4
56 76 4
56 77 4
56 78 2
56 79 3
56 80 2
56 81 1
56 82 4
56 83 5
56 84 3
56 85 5
56 86 3
56 87 4
56 88 2
56 89 1
56 90 4
56 91 2
56 92 1
56 93 4
56 94 1
56 95 2
56 96 1
56 97 2
56 98 3
56 99 2
56 100 4
57 1 2
57 2 5
57 3 4
57 4 3
57 5 3
57 6 4
57 7 1
57 8 1
57 9 3
57 10 1
57 11 4
57 12 3
57 13 4
57 14 5
57 15 5
57 16 5
57 17 2
57 18 3
57 19 1
57 20 4
57 21 3
57 22 5
57 23 1
57 24 1
57 25 2
57 26 3
57 27 1
57 28 3
57 29 2
57 30 4
57 31 4
57 32 5
57 33 1
57 34 4
57 35 2
57 36 5
57 37 2
57 38 4
57 39 3
57 40 1
57 41 4
57 42 1
57 43 3
57 44 3
57 45 3
57 46 4
57 47 4
57 48 4
57 49 1
57 50 2
57 51 5
57 52 5
57 53 1
57 54 5
57 55 1
57 56 4
57 58 4
57 59 3
57 60 3
57 61 2
57 62 4
57 63 1
57 64 1
57 65 1
57 66 1
57 67 4
57 68 5
57 69 5
57 70 3
57 71 2
57 72 5
57 73 1
57 74 5
57 75 3
57 76 5
57 77 4
57 78 1
57 79 1
57 80 2
57 81 4
57 82 2
57 83 1
57 84 3
57 85 2
57 86 3
57 87 5
57 88 2
57 89 1
57 90 5
57 91 4
57 92 3
57 93 5
57 94 5
57 95 5
57 96 5
57 97 5
57 98 4
57 99 4
57 100 4
58 1 3
58 2 3
58 3 1
58 4 5
58 5 4
58 6 5
58 7 5
58 8 2
58 9 2
58 10 5
58 11 5
58 12 5
58 13 3
58 14 3
58 15 5
58 16 1
58 17 5
58 18 1
58 19 2
58 20 2
58 21 2
58 22 5
58 23 1
58 24 1
58 25 1
58 26 3
58 27 5
58 28 3
58 29 1
58 30 1
58 31 3
58 32 3
58 33 5
58 34 3
58 35 2
58 36 3
58 37 2
58 38 3
58 39 1
58 40 4
58 41 4
58 42 5
58 43 5
58 44 3
58 45 4
58 46 1
58 47 3
58 48 5
58 49 2
58 50 4
58 51 4
58 52 3
58 53 4
58 54 4
58 55 4
58 56 1
58 57 3
58 59 5
58 60 3
58 61 3
58 62 5
58 63 1
58 64 2
58 65 4
58 66 3
58 67 1
58 68 3
58 69 2
58 70 5
58 71 3
58 72 2
58 73 1
58 74 5
58 75 1
58 76 3
58 77 5
58 78 2
58 79 1
58 80 5
58 81 5
58 82 4
58 83 3
58 84 4
58 85 4
58 86 3
58 87 4
58 88 5
58 89 1
58 90 4
58 91 4
58 92 5
58 93 5
58 94 1
58 95 4
58 96 1
58 97 4
58 98 4
58 99 3
58 100 2
59 1 5
59 2 3
59 3 3
59 4 5
59 5 4
59 6 3
59 7 3
59 8 5
59 9 1
59 10 5
59 11 4
59 12 5
59 13 3
59 14 3
59 15 1
59 16 4
59 17 1
59 18 4
59 19 5
59 20 3
59 21 2
59 22 5
59 23 2
59 24 4
59 25 1
59 26 5
59 27 4
59 28 1
59 29 5
59 30 3
59 31 2
59 32 5
59 33 2
59 34 1
59 35 4
59 36 2
59 37 3
59 38 3
59 39 2
59 40 1
59 41 2
59 42 5
59 43 2
59 44 2
59 45 5
59 46 2
59 47 2
59 48 5
59 49 1
59 50 3
59 51 4
59 52 4
59 53 2
59 54 5
59 55 2
59 56 2
59 57 2
59 58 2
59 60 2
59 61 1
59 62 5
59 63 3
59 64 2
59 65 1
59 66 3
59 67 1
59 68 5
59 69 3
59 70 5
59 71 1
59 72 5
59 73 4
59 74 2
59 75 1
59 76 2
59 77 1
59 78 5
59 79 3
59 80 2
59 81 5
59 82 5
59 83 5
59 84 5
59 85 3
59 86 2
59 87 2
59 88 5
59 89 3
59 90 3
59 91 1
59 92 3
59 93 4
59 94 1
59 95 5
59 96 5
59 97 3
59 98 2
59 99 1
59 100 2
60 1 3
60 2 1
60 3 1
60 4 1
60 5 4
60 6 4
60 7 4
60 8 5
60 9 3
60 10 1
60 11 3
60 12 4
60 13 2
60 14 3
60 15 3
60 16 5
60 17 4
60 18 4
60 19 1
60 20 1
60 21 4
60 22 1
60 23 5
60 24 2
60 25 1
60 26 1
60 27 3
60 28 1
60 29 4
60 30 3
60 31 4
60 32 2
60 33 3
60 34 5
60 35 4
60 36 4
60 37 5
60 38 3
60 39 3
60 40 2
60 41 5
60 42 5
60 43 5
60 44 4
60 45 4
60 46 2
60 47 5
60 48 4
60 49 3
60 50 5
60 51 1
60 52 1
60 53 5
60 54 1
60 55 2
60 56 3
60 57 3
60 58 5
60 59 5
60 61 2
60 62 2
60 63 3
60 64 5
60 65 2
60 66 4
60 67 3
60 68 5
60 69 3
60 70 2
60 71 4
60 72 4
60 73 2
60 74 5
60 75 5
60 76 5
60 77 1
60 78 4
60 79 4
60 80 4
60 81 1
60 82 3
60 83 5
60 84 3
60 85 4
60 86 5
60 87 4
60 88 3
60 89 4
60 90 5
60 91 2
60 92 5
60 93 4
60 94 5
60 95 4
60 96 2
60 97 3
60 98 4
60 99 3
60 100 1
61 1 5
61 2 3
61 3 1
61 4 1
61 5 2
61 6 1
61 7 2
61 8 2
61 9 1
61 10 2
61 11 1
61 12 3
61 13 1
61 14 5
61 15 5
61 16 2
61 17 1
61 18 5
61 19 4
61 20 4
61 21 5
61 22 1
61 23 1
61 24 5
61 25 2
61 26 1
61 27 3
61 28 4
61 29 4
61 30 5
61 31 1
61 32 4
61 33 2
61 34 2
61 35 1
61 36 5
61 37 4
61 38 5
61 39 4
61 40 4
61 41 1
61 42 4
61 43 1
61 44 2
61 45 5
61 46 2
61 47 5
61 48 2
61 49 1
61 50 3
61 51 2
61 52 2
61 53 5
61 54 4
61 55 1
61 56 1
61 57 5
61 58 3
61 59 5
61 60 3
61 62 4
61 63 5
61 64 3
61 65 2
61 66 1
61 67 4
61 68 2
61 69 1
61 70 3
61 71 5
61 72 4
61 73 5
61 74 5
61 75 1
61 76 3
61 77 1
61 78 2
61 79 2
61 80 4
61 81 3
61 82 5
61 83 5
61 84 1
61 85 4
61 86 4
61 87 4
61 88 5
61 89 5
61 90 1
61 91 1
61 92 2
61 93 2
61 94 5
61 95 5
61 96 3
61 97 3
61 98 5
61 99 1
61 100 3
62 1 2
62 2 5
62 3 4
62 4 3
62 5 1
62 6 1
62 7 1
62 8 1
62 9 3
62 10 2
62 11 4
62 12 2
62 13 1
62 14 1
62 15 4
62 16 2
62 17 1
62 18 2
62 19 3
62 20 5
62 21 5
62 22 3
62 23 3
62 24 1
62 25 4
62 26 2
62 27 5
62 28 1
62 29 1
62 30 1
62 31 1
62 32 4
62 33 2
62 34 1
62 35 2
62 36 3
62 37 1
62 38 2
62 39 3
62 40 5
62 41 5
62 42 4
62 43 3
62 44 3
62 45 1
62 46 2
62 47 4
62 48 1
62 49 3
62 50 3
62 51 5
62 52 2
62 53 5
62 54 4
62 55 4
62 56 3
62 57 1
62 58 4
62 59 1
62 60 3
62 61 4
62 63 3
62 64 4
62 65 5
62 66 3
62 67 2
62 68 4
62 69 5
62 70 5
62 71 4
62 72 5
62 73 4
62 74 2
62 75 4
62 76 1
62 77 2
62 78 2
62 79 1
62 80 4
62 81 5
62 82 3
62 83 5
62 84 3
62 85 4
62 86 3
62 87 2
62 88 4
62 89 5
62 90 2
62 91 4
62 92 3
62 93 2
62 94 3
62 95 3
62 96 1
62 97 5
62 98 4
62 99 2
62 100 4
63 1 3
63 2 5
63 3 5
63 4 1
63 5 3
63 6 1
63 7 4
63 8 1
63 9 2
63 10 4
63 11 4
63 12 3
63 13 4
63 14 3
63 15 3
63 16 2
63 17 2
63 18 4
63 19 5
63 20 2
63 21 2
63 22 5
63 23 1
63 24 3
63 25 2
63 26 3
63 27 5
63 28 3
63 29 1
63 30 1
63 31 2
63 32 3
63 33 5
63 34 3
63 35 5
63 36 2
63 37 5
63 38 3
63 39 2
63 40 2
63 41 2
63 42 2
63 43 1
63 44 5
63 45 1
63 46 3
63 47 3
63 48 3
63 49 1
63 50 3
63 51 4
63 52 4
63 53 2
63 54 4
63 55 1
63 56 1
63 57 1
63 58 1
63 59 3
63 60 3
63 61 3
63 62 1
63 64 5
63 65 5
63 66 1
63 67 1
63 68 3
63 69 5
63 70 4
63 71 5
63 72 1
63 73 2
63 74 3
63 75 2
63 76 1
63 77 4
63 78 1
63 79 3
63 80 1
63 81 4
63 82 2
63 83 1
63 84 2
63 85 1
63 86 1
63 87 3
63 88 1
63 89 3
63 90 5
63 91 5
63 92 5
63 93 2
63 94 1
63 95 1
63 96 1
63 97 1
63 98 1
63 99 4
63 100 2
64 1 4
64 2 5
64 3 5
64 4 2
64 5 4
64 6 3
64 7 2
64 8 2
64 9 3
64 10 2
64 11 4
64 12 1
64 13 5
64 14 1
64 15 3
64 16 5
64 17 1
64 18 5
64 19 2
64 20 3
64 21 1
64 22 4
64 23 4
64 24 4
64 25 4
64 26 4
64 27 5
64 28 1
64 29 2
64 30 5
64 31 2
64 32 5
64 33 1
64 34 1
64 35 2
64 36 4
64 37 3
64 38 5
64 39 3
64 40 1
64 41 3
64 42 3
64 43 1
64 44 5
64 45 4
64 46 5
64 47 1
64 48 4
64 49 1
64 50 5
64 51 4
64 52 1
64 53 3
64 54 4
64 55 5
64 56 1
64 57 3
64 58 1
64 59 3
64 60 4
64 61 2
64 62 1
64 63 5
64 65 2
64 66 4
64 67 3
64 68 2
64 69 3
64 70 5
64 71 1
64 72 3
64 73 4
64 74 4
64 75 1
64 76 3
64 77 2
64 78 2
64 79 1
64 80 2
64 81 3
64 82 5
64 83 2
64 84 3
64 85 2
64 86 1
64 87 4
64 88 4
64 89 5
64 90 4
64 91 1
64 92 3
64 93 2
64 94 3
64 95 4
64 96 5
64 97 1
64 98 4
64 99 2
64 100 4
65 1 3
65 2 2
65 3 3
65 4 3
65 5 2
65 6 5
65 7 3
65 8 3
65 9 2
65 10 3
65 11 2
65 12 4
65 13 2
65 14 3
65 15 3
65 16 3
65 17 3
65 18 2
65 19 1
65 20 2
65 21 2
65 22 3
65 23 1
65 24 4
65 25 2
65 26 2
65 27 5
65 28 3
65 29 5
65 30 1
65 31 3
65 32 4
65 33 5
65 34 5
65 35 1
65 36 1
65 37 5
65 38 3
65 39 1
65 40 1
65 41 5
65 42 2
65 43 1
65 44 1
65 45 4
65 46 3
65 47 5
65 48 4
65 49 4
65 50 2
65 51 2
65 52 3
65 53 1
65 54 5
65 55 3
65 56 3
65 57 1
65 58 2
65 59 2
65 60 2
65 61 5
65 62 4
65 63 5
65 64 4
65 66 3
65 67 5
65 68 1
65 69 4
65 70 5
65 71 1
65 72 1
65 73 4
65 74 4
65 75 1
65 76 2
65 77 3
65 78 4
65 79 3
65 80 3
65 81 4
65 82 5
65 83 1
65 84 3
65 85 5
65 86 5
65 87 5
65 88 4
65 89 2
65 90 4
65 91 5
65 92 3
65 93 3
65 94 3
65 95 2
65 96 1
65 97 3
65 98 2
65 99 3
65 100 1
66 1 1
66 2 1
66 3 4
66 4 1
66 5 4
66 6 4
66 7 2
66 8 3
66 9 4
66 10 2
66 11 5
66 12 5
66 13 1
66 14 1
66 15 2
66 16 2
66 17 2
66 18 4
66 19 3
66 20 4
66 21 2
66 22 2
66 23 1
66 24 4
66 25 2
66 26 3
66 27 1
66 28 4
66 29 1
66 30 5
66 31 1
66 32 1
66 33 5
66 34 4
66 35 3
66 36 4
66 37 5
66 38 2
66 39 1
66 40 5
66 41 3
66 42 1
66 43 4
66 44 5
66 45 3
66 46 3
66 47 1
66 48 4
66 49 1
66 50 3
66 51 2
66 52 4
66 53 2
66 54 3
66 55 2
66 56 3
66 57 2
66 58 4
66 59 3
66 60 2
66 61 3
66 62 5
66 63 4
66 64 3
66 65 1
66 67 1
66 68 3
66 69 5
66 70 2
66 71 3
66 72 1
66 73 1
66 74 5
66 75 5
66 76 5
66 77 2
66 78 2
66 79 3
66 80 3
66 81 4
66 82 5
66 83 1
66 84 2
66 85 3
66 86 5
66 87 5
66 88 5
66 89 1
66 90 5
66 91 4
66 92 2
66 93 2
66 94 4
66 95 2
66 96 1
66 97 4
66 98 3
66 99 3
66 100 5
67 1 1
67 2 1
67 3 5
67 4 2
67 5 2
67 6 1
67 7 3
67 8 1
67 9 4
67 10 5
67 11 3
67 12 2
67 13 2
67 14 3
67 15 5
67 16 4
67 17 3
67 18 1
67 19 4
67 20 5
67 21 5
67 22 4
67 23 4
67 24 4
67 25 2
67 26 5
67 27 4
67 28 2
67 29 2
67 30 4
67 31 1
67 32 5
67 33 4
67 34 3
67 35 3
67 36 2
67 37 3
67 38 5
67 39 2
67 40 2
67 41 5
67 42 4
67 43 3
67 44 3
67 45 4
67 46 5
67 47 1
67 48 3
67 49 2
67 50 1
67 51 2
67 52 2
67 53 5
67 54 2
67 55 2
67 56 1
67 57 2
67 58 5
67 59 3
67 60 5
67 61 3
67 62 5
67 63 4
67 64 3
67 65 2
67 66 1
67 68 5
67 69 5
67 70 3
67 71 1
67 72 1
67 73 4
67 74 2
67 75 5
67 76 1
67 77 2
67 78 1
67 79 1
67 80 1
67 81 3
67 82 2
67 83 4
67 84 1
67 85 1
67 86 1
67 87 2
67 88 3
67 89 2
67 90 1
67 91 2
67 92 1
67 93 1
67 94 2
67 95 5
67 96 3
67 97 5
67 98 2
67 99 4
67 100 4
68 1 1
68 2 2
68 3 1
68 4 1
68 5 5
68 6 1
68 7 1
68 8 1
68 9 3
68 10 4
68 11 3
68 12 5
68 13 2
68 14 1
68 15 5
68 16 4
68 17 1
68 18 1
68 19 3
68 20 4
68 21 4
68 22 5
68 23 5
68 24 4
68 25 3
68 26 1
68 27 3
68 28 2
68 29 4
68 30 2
68 31 3
68 32 2
68 33 5
68 34 3
68 35 2
68 36 4
68 37 5
68 38 5
68 39 1
68 40 3
68 41 5
68 42 3
68 43 4
68 44 3
68 45 3
68 46 4
68 47 1
68 48 1
68 49 4
68 50 3
68 51 4
68 52 4
68 53 4
68 54 5
68 55 2
68 56 1
68 57 2
68 58 5
68 59 5
68 60 3
68 61 3
68 62 4
68 63 4
68 64 2
68 65 1
68 66 2
68 67 5
68 69 3
68 70 1
68 71 2
68 72 5
68 73 5
68 74 4
68 75 5
68 76 2
68 77 3
68 78 3
68 79 4
68 80 3
68 81 4
68 82 4
68 83 4
68 84 2
68 85 4
68 86 5
68 87 4
68 88 2
68 89 2
68 90 5
68 91 1
68 92 4
68 93 2
68 94 4
68 95 4
68 96 5
68 97 1
68 98 5
68 99 1
68 100 3
69 1 1
69 2 2
69 3 4
69 4 2
69 5 2
69 6 4
69 7 1
69 8 4
69 9 3
69 10 1
69 11 4
69 12 1
69 13 4
69 14 4
69 15 3
69 16 5
69 17 3
69 18 3
69 19 1
69 20 1
69 21 4
69 22 1
69 23 1
69 24 2
69 25 1
69 26 4
69 27 1
69 28 1
69 29 1
69 30 3
69 31 1
69 32 3
69 33 1
69 34 1
69 35 1
69 36 2
69 37 1
69 38 1
69 39 5
69 40 4
69 41 4
69 42 5
69 43 4
69 44 4
69 45 3
69 46 3
69 47 3
69 48 3
69 49 2
69 50 3
69 51 3
69 52 2
69 53 5
69 54 1
69 55 3
69 56 5
69 57 1
69 58 5
69 59 3
69 60 1
69 61 2
69 62 5
69 63 3
69 64 2
69 65 5
69 66 4
69 67 5
69 68 1
69 70 1
69 71 5
69 72 1
69 73 1
69 74 4
69 75 4
69 76 5
69 77 2
69 78 4
69 79 2
69 80 1
69 81 2
69 82 2
69 83 3
69 84 4
69 85 1
69 86 5
69 87 1
69 88 3
69 89 1
69 90 3
69 91 5
69 92 1
69 93 1
69 94 1
69 95 1
69 96 5
69 97 2
69 98 1
69 99 4
69 100 2
70 1 3
70 2 3
70 3 2
70 4 4
70 5 4
70 6 3
70 7 3
70 8 2
70 9 3
70 10 1
70 11 2
70 12 4
70 13 2
70 14 1
70 15 4
70 16 3
70 17 1
70 18 5
70 19 5
70 20 1
70 21 4
70 22 1
70 23 3
70 24 4
70 25 1
70 26 3
70 27 3
70 28 2
70 29 5
70 30 4
70 31 1
70 32 3
70 33 3
70 34 4
70 35 1
70 36 1
70 37 3
70 38 3
70 39 4
70 40 5
70 41 3
70 42 5
70 43 1
70 44 5
70 45 3
70 46 4
70 47 4
70 48 3
70 49 5
70 50 5
70 51 5
70 52 3
70 53 5
70 54 2
70 55 4
70 56 2
70 57 2
70 58 3
70 59 5
70 60 3
70 61 1
70 62 5
70 63 5
70 64 4
70 65 1
70 66 5
70 67 4
70 68 3
70 69 4
70 71 5
70 72 5
70 73 4
70 74 1
70 75 2
70 76 3
70 77 3
70 78 5
70 79 3
70 80 2
70 81 5
70 82 2
70 83 1
70 84 4
70 85 3
70 86 5
70 87 2
70 88 4
70 89 3
70 90 5
70 91 3
70 92 5
70 93 5
70 94 5
70 95 5
70 96 5
70 97 5
70 98 1
70 99 1
70 100 4
71 1 5
71 2 5
71 3 5
71 4 3
71 5 5
71 6 1
71 7 2
71 8 5
71 9 1
71 10 1
71 11 1
71 12 2
71 13 2
71 14 4
71 15 2
71 16 4
71 17 3
71 18 1
71 19 4
71 20 5
71 21 2
71 22 1
71 23 1
71 24 3
71 25 2
71 26 2
71 27 3
71 28 3
71 29 3
71 30 3
71 31 2
71 32 4
71 33 2
71 34 3
71 35 3
71 36 3
71 37 4
71 38 1
71 39 2
71 40 1
71 41 1
71 42 3
71 43 4
71 44 4
71 45 1
71 46 5
71 47 2
71 48 5
71 49 2
71 50 5
71 51 1
71 52 3
71 53 2
71 54 1
71 55 1
71 56 4
71 57 3
71 58 5
71 59 1
71 60 2
71 61 2
71 62 4
71 63 2
71 64 5
71 65 2
71 66 1
71 67 2
71 68 2
71 69 1
71 70 4
71 72 2
71 73 3
71 74 1
71 75 2
71 76 1
71 77 3
71 78 1
71 79 4
71 80 2
71 81 5
71 82 5
71 83 2
71 84 2
71 85 1
71 86 2
71 87 4
71 88 1
71 89 1
71 90 3
71 91 4
71 92 4
71 93 4
71 94 4
71 95 5
71 96 3
71 97 2
71 98 5
71 99 5
71 100 3
72 1 5
72 2 5
72 3 1
72 4 4
72 5 5
72 6 2
72 7 4
72 8 2
72 9 5
72 10 2
72 11 3
72 12 4
72 13 1
72 14 1
72 15 2
72 16 4
72 17 2
72 18 1
72 19 1
72 20 5
72 21 3
72 22 1
72 23 3
72 24 4
72 25 5
72 26 5
72 27 3
72 28 3
72 29 4
72 30 4
72 31 3
72 32 1
72 33 3
72 34 3
72 35 4
72 36 2
72 37 2
72 38 5
72 39 5
72 40 3
72 41 1
72 42 4
72 43 1
72 44 4
72 45 4
72 46 2
72 47 4
72 48 3
72 49 4
72 50 4
72 51 4
72 52 4
72 53 5
72 54 1
72 55 2
72 56 1
72 57 5
72 58 4
72 59 3
72 60 1
72 61 5
72 62 5
72 63 1
72 64 2
72 65 5
72 66 1
72 67 1
72 68 3
72 69 5
72 70 2
72 71 5
72 73 3
72 74 1
72 75 5
72 76 1
72 77 1
72 78 3
72 79 4
72 80 5
72 81 4
72 82 4
72 83 3
72 84 2
72 85 5
72 86 1
72 87 5
72 88 5
72 89 2
72 90 5
72 91 5
72 92 2
72 93 4
72 94 1
72 95 2
72 96 1
72 97 2
72 98 5
72 99 1
72 100 4
73 1 4
73 2 4
73 3 3
73 4 1
73 5 1
73 6 4
73 7 3
73 8 2
73 9 4
73 10 1
73 11 3
73 12 2
73 13 2
73 14 3
73 15 3
73 16 1
73 17 5
73 18 2
73 19 3
73 20 1
73 21 1
73 22 4
73 23 3
73 24 2
73 25 1
73 26 1
73 27 2
73 28 3
73 29 5
73 30 4
73 31 3
73 32 1
73 33 2
73 34 1
73 35 1
73 36 3
73 37 4
73 38 4
73 39 1
73 40 2
73 41 1
73 42 5
73 43 3
73 44 4
73 45 4
73 46 2
73 47 2
73 48 3
73 49 5
73 50 1
73 51 4
73 52 3
73 53 4
73 54 1
73 55 4
73 56 1
73 57 3
73 58 5
73 59 3
73 60 5
73 61 5
73 62 1
73 63 5
73 64 3
73 65 3
73 66 2
73 67 5
73 68 1
73 69 2
73 70 2
73 71 5
73 72 5
73 74 4
73 75 4
73 76 3
73 77 2
73 78 3
73 79 4
73 80 5
73 81 2
73 82 4
73 83 3
73 84 4
73 85 4
73 86 5
73 87 2
73 88 5
73 89 2
73 90 3
73 91 4
73 92 1
73 93 4
73 94 1
73 95 2
73 96 2
73 97 3
73 98 4
73 99 3
73 100 1
74 1 5
74 2 2
74 3 5
74 4 4
74 5 5
74 6 5
74 7 4
74 8 1
74 9 2
74 10 4
74 11 5
74 12 1
74 13 5
74 14 4
74 15 4
74 16 3
74 17 3
74 18 3
74 19 4
74 20 2
74 21 2
74 22 5
74 23 4
74 24 3
74 25 5
74 26 3
74 27 4
74 28 3
74 29 1
74 30 3
74 31 3
74 32 2
74 33 4
74 34 4
74 35 3
74 36 5
74 37 5
74 38 1
74 39 3
74 40 4
74 41 4
74 42 2
74 43 4
74 44 3
74 45 3
74 46 4
74 47 3
74 48 2
74 49 3
74 50 3
74 51 3
74 52 2
74 53 2
74 54 4
74 55 4
74 56 2
74 57 1
74 58 4
74 59 1
74 60 3
74 61 1
74 62 5
74 63 4
74 64 2
74 65 5
74 66 1
74 67 3
74 68 4
74 69 1
74 70 5
74 71 2
74 72 2
74 73 4
74 75 2
74 76 4
74 77 1
74 78 1
74 79 3
74 80 2
74 81 5
74 82 1
74 83 2
74 84 1
74 85 2
74 86 5
74 87 4
74 88 5
74 89 2
74 90 2
74 91 2
74 92 4
74 93 5
74 94 1
74 95 4
74 96 3
74 97 5
74 98 5
74 99 5
74 100 1
75 1 2
75 2 5
75 3 4
75 4 5
75 5 3
75 6 1
75 7 1
75 8 5
75 9 3
75 10 3
75 11 1
75 12 2
75 13 5
75 14 2
75 15 5
75 16 4
75 17 3
75 18 3
75 19 3
75 20 4
75 21 2
75 22 5
75 23 4
75 24 3
75 25 2
75 26 5
75 27 5
75 28 2
75 29 4
75 30 4
75 31 4
75 32 2
75 33 5
75 34 2
75 35 2
75 36 4
75 37 2
75 38 4
75 39 3
75 40 4
75 41 1
75 42 4
75 43 3
75 44 1
75 45 2
75 46 2
75 47 4
75 48 2
75 49 1
75 50 3
75 51 5
75 52 4
75 53 4
75 54 1
75 55 1
75 56 3
75 57 5
75 58 5
75 59 1
75 60 5
75 61 1
75 62 4
75 63 3
75 64 2
75 65 5
75 66 1
75 67 1
75 68 2
75 69 4
75 70 5
75 71 2
75 72 2
75 73 5
75 74 1
75 76 4
75 77 4
75 78 4
75 79 4
75 80 5
75 81 5
75 82 1
75 83 1
75 84 3
75 85 2
75 86 1
75 87 1
75 88 4
75 89 2
75 90 2
75 91 4
75 92 3
75 93 2
75 94 2
75 95 1
75 96 1
75 97 3
75 98 3
75 99 3
75 100 4
76 1 2
76 2 2
76 3 3
76 4 3
76 5 4
76 6 3
76 7 1
76 8 2
76 9 4
76 10 4
76 11 1
76 12 3
76 13 1
76 14 1
76 15 2
76 16 4
76 17 4
76 18 4
76 19 4
76 20 2
76 21 1
76 22 4
76 23 5
76 24 4
76 25 5
76 26 5
76 27 4
76 28 3
76 29 4
76 30 3
76 31 3
76 32 5
76 33 2
76 34 2
76 35 4
76 36 5
76 37 2
76 38 1
76 39 1
76 40 5
76 41 1
76 42 3
76 43 4
76 44 4
76 45 5
76 46 2
76 47 2
76 48 3
76 49 1
76 50 3
76 51 5
76 52 1
76 53 1
76 54 1
76 55 4
76 56 3
76 57 2
76 58 5
76 59 2
76 60 5
76 61 2
76 62 4
76 63 5
76 64 3
76 65 3
76 66 5
76 67 4
76 68 4
76 69 3
76 70 1
76 71 5
76 72 5
76 73 3
76 74 3
76 75 3
76 77 5
76 78 4
76 79 2
76 80 4
76 81 1
76 82 4
76 83 5
76 84 3
76 85 1
76 86 5
76 87 4
76 88 3
76 89 1
76 90 3
76 91 4
76 92 1
76 93 1
76 94 5
76 95 2
76 96 1
76 97 2
76 98 3
76 99 4
76 100 2
77 1 5
77 2 5
77 3 1
77 4 5
77 5 4
77 6 5
77 7 4
77 8 5
77 9 3
77 10 5
77 11 4
77 12 1
77 13 5
77 14 3
77 15 3
77 16 1
77 17 5
77 18 1
77 19 3
77 20 5
77 21 5
77 22 4
77 23 2
77 24 1
77 25 3
77 26 5
77 27 3
77 28 1
77 29 3
77 30 1
77 31 2
77 32 2
77 33 2
77 34 4
77 35 3
77 36 3
77 37 3
77 38 2
77 39 4
77 40 2
77 41 3
77 42 2
77 43 2
77 44 3
77 45 2
77 46 5
77 47 5
77 48 1
77 49 2
77 50 4
77 51 2
77 52 2
77 53 2
77 54 1
77 55 4
77 56 1
77 57 5
77 58 1
77 59 1
77 60 2
77 61 3
77 62 4
77 63 1
77 64 2
77 65 2
77 66 5
77 67 1
77 68 4
77 69 3
77 70 4
77 71 1
77 72 1
77 73 1
77 74 4
77 75 5
77 76 4
77 78 5
77 79 4
77 80 1
77 81 2
77 82 4
77 83 2
77 84 3
77 85 3
77 86 4
77 87 3
77 88 3
77 89 4
77 90 3
77 91 1
77 92 2
77 93 2
77 94 4
77 95 4
77 96 3
77 97 3
77 98 1
77 99 3
77 100 1
78 1 3
78 2 4
78 3 3
78 4 3
78 5 1
78 6 4
78 7 4
78 8 4
78 9 3
78 10 4
78 11 4
78 12 4
78 13 3
78 14 2
78 15 3
78 16 5
78 17 1
78 18 5
78 19 2
78 20 1
78 21 4
78 22 2
78 23 4
78 24 1
78 25 3
78 26 5
78 27 5
78 28 5
78 29 5
78 30 5
78 31 2
78 32 4
78 33 3
78 34 2
78 35 2
78 36 3
78 37 5
78 38 2
78 39 3
78 40 2
78 41 1
78 42 1
78 43 3
78 44 5
78 45 4
78 46 5
78 47 4
78 48 1
78 49 2
78 50 2
78 51 3
78 52 2
78 53 1
78 54 4
78 55 4
78 56 5
78 57 3
78 58 4
78 59 4
78 60 4
78 61 5
78 62 2
78 63 2
78 64 4
78 65 3
78 66 5
78 67 3
78 68 2
78 69 2
78 70 5
78 71 1
78 72 4
78 73 2
78 74 5
78 75 3
78 76 5
78 77 1
78 79 3
78 80 3
78 81 2
78 82 1
78 83 5
78 84 1
78 85 3
78 86 3
78 87 4
78 88 2
78 89 2
78 90 4
78 91 2
78 92 5
78 93 3
78 94 4
78 95 4
78 96 3
78 97 3
78 98 3
78 99 5
78 100 2
79 1 1
79 2 4
79 3 2
79 4 1
79 5 5
79 6 3
79 7 3
79 8 2
79 9 3
79 10 2
79 11 1
79 12 5
79 13 5
79 14 5
79 15 2
79 16 2
79 17 5
79 18 5
79 19 1
79 20 1
79 21 4
79 22 2
79 23 3
79 24 3
79 25 2
79 26 1
79 27 1
79 28 5
79 29 5
79 30 5
79 31 1
79 32 3
79 33 1
79 34 4
79 35 5
79 36 2
79 37 1
79 38 3
79 39 3
79 40 3
79 41 1
79 42 3
79 43 4
79 44 5
79 45 5
79 46 5
79 47 2
79 48 4
79 49 5
79 50 2
79 51 1
79 52 5
79 53 5
79 54 3
79 55 2
79 56 2
79 57 5
79 58 2
79 59 1
79 60 2
79 61 2
79 62 1
79 63 1
79 64 2
79 65 4
79 66 5
79 67 3
79 68 1
79 69 4
79 70 3
79 71 3
79 72 5
79 73 2
79 74 2
79 75 1
79 76 1
79 77 3
79 78 4
79 80 1
79 81 2
79 82 2
79 83 4
79 84 1
79 85 2
79 86 3
79 87 5
79 88 5
79 89 3
79 90 1
79 91 5
79 92 1
79 93 4
79 94 2
79 95 3
79 96 5
79 97 2
79 98 2
79 99 5
79 100 2
80 1 1
80 2 4
80 3 1
80 4 2
80 5 5
80 6 4
80 7 4
80 8 3
80 9 2
80 10 3
80 11 5
80 12 5
80 13 1
80 14 3
80 15 1
80 16 2
80 17 1
80 18 2
80 19 3
80 20 5
80 21 2
80 22 2
80 23 2
80 24 1
80 25 5
80 26 4
80 27 2
80 28 3
80 29 5
80 30 3
80 31 1
80 32 2
80 33 1
80 34 2
80 35 5
80 36 1
80 37 5
80 38 1
80 39 5
80 40 1
80 41 3
80 42 4
80 43 1
80 44 3
80 45 4
80 46 3
80 47 2
80 48 4
80 49 4
80 50 4
80 51 5
80 52 2
80 53 3
80 54 1
80 55 2
80 56 4
80 57 4
80 58 1
80 59 2
80 60 5
80 61 3
80 62 4
80 63 4
80 64 4
80 65 5
80 66 5
80 67 1
80 68 2
80 69 5
80 70 5
80 71 4
80 72 4
80 73 5
80 74 1
80 75 4
80 76 3
80 77 5
80 78 5
80 79 3
80 81 5
80 82 5
80 83 2
80 84 2
80 85 4
80 86 4
80 87 5
80 88 3
80 89 4
80 90 5
80 91 1
80 92 4
80 93 5
80 94 4
80 95 4
80 96 3
80 97 1
80 98 5
80 99 5
80 100 2
81 1 5
81 2 1
81 3 2
81 4 3
81 5 5
81 6 3
81 7 3
81 8 5
81 9 4
81 10 4
81 11 2
81 12 4
81 13 4
81 14 1
81 15 5
81 16 4
81 17 4
81 18 4
81 19 3
81 20 3
81 21 1
81 22 3
81 23 3
81 24 5
81 25 4
81 26 1
81 27 4
81 28 4
81 29 5
81 30 3
81 31 2
81 32 1
81 33 3
81 34 5
81 35 1
81 36 4
81 37 4
81 38 3
81 39 3
81 40 3
81 41 2
81 42 5
81 43 1
81 44 2
81 45 5
81 46 5
81 47 2
81 48 3
81 49 5
81 50 5
81 51 5
81 52 5
81 53 2
81 54 4
81 55 1
81 56 2
81 57 4
81 58 4
81 59 2
81 60 1
81 61 1
81 62 3
81 63 3
81 64 5
81 65 5
81 66 3
81 67 4
81 68 3
81 69 3
81 70 1
81 71 5
81 72 1
81 73 5
81 74 2
81 75 4
81 76 1
81 77 1
81 78 5
81 79 1
81 80 3
81 82 4
81 83 2
81 84 4
81 85 1
81 86 1
81 87 5
81 88 4
81 89 1
81 90 5
81 91 1
81 92 3
81 93 1
81 94 5
81 95 1
81 96 2
81 97 4
81 98 5
81 99 5
81 100 2
82 1 4
82 2 1
82 3 3
82 4 4
82 5 2
82 6 5
82 7 2
82 8 5
82 9 2
82 10 2
82 11 5
82 12 4
82 13 5
82 14 1
82 15 5
82 16 2
82 17 3
82 18 4
82 19 3
82 20 4
82 21 3
82 22 3
82 23 3
82 24 5
82 25 2
82 26 3
82 27 4
82 28 3
82 29 5
82 30 3
82 31 1
82 32 3
82 33 5
82 34 3
82 35 4
82 36 4
82 37 4
82 38 2
82 39 3
82 40 1
82 41 3
82 42 2
82 43 1
82 44 5
82 45 4
82 46 2
82 47 3
82 48 4
82 49 5
82 50 5
82 51 2
82 52 5
82 53 4
82 54 1
82 55 1
82 56 1
82 57 4
82 58 4
82 59 5
82 60 5
82 61 4
82 62 5
82 63 4
82 64 3
82 65 4
82 66 2
82 67 1
82 68 3
82 69 4
82 70 3
82 71 5
82 72 3
82 73 1
82 74 2
82 75 4
82 76 2
82 77 4
82 78 4
82 79 5
82 80 5
82 81 5
82 83 3
82 84 1
82 85 4
82 86 3
82 87 2
82 88 1
82 89 3
82 90 2
82 91 5
82 92 4
82 93 2
82 94 4
82 95 3
82 96 5
82 97 2
82 98 1
82 99 2
82 100 1
83 1 4
83 2 5
83 3 5
83 4 4
83 5 2
83 6 4
83 7 2
83 8 5
83 9 2
83 10 5
83 11 1
83 12 1
83 13 2
83 14 3
83 15 2
83 16 5
83 17 3
83 18 5
83 19 5
83 20 2
83 21 3
83 22 1
83 23 1
83 24 5
83 25 1
83 26 3
83 27 4
83 28 4
83 29 3
83 30 5
83 31 5
83 32 4
83 33 1
83 34 1
83 35 2
83 36 5
83 37 4
83 38 5
83 39 4
83 40 2
83 41 2
83 42 5
83 43 3
83 44 3
83 45 4
83 46 1
83 47 4
83 48 3
83 49 2
83 50 3
83 51 5
83 52 4
83 53 5
83 54 5
83 55 3
83 56 5
83 57 4
83 58 3
83 59 5
83 60 3
83 61 5
83 62 4
83 63 1
83 64 2
83 65 2
83 66 4
83 67 3
83 68 2
83 69 1
83 70 2
83 71 4
83 72 2
83 73 3
83 74 3
83 75 1
83 76 3
83 77 5
83 78 4
83 79 3
83 80 1
83 81 3
83 82 2
83 84 1
83 85 2
83 86 3
83 87 1
83 88 3
83 89 3
83 90 3
83 91 2
83 92 5
83 93 4
83 94 3
83 95 1
83 96 3
83 97 1
83 98 1
83 99 5
83 100 4
84 1 1
84 2 3
84 3 4
84 4 4
84 5 2
84 6 3
84 7 4
84 8 5
84 9 2
84 10 4
84 11 2
84 12 4
84 13 3
84 14 5
84 15 5
84 16 1
84 17 4
84 18 2
84 19 3
84 20 1
84 21 1
84 22 2
84 23 5
84 24 5
84 25 1
84 26 2
84 27 2
84 28 3
84 29 3
84 30 3
84 31 1
84 32 5
84 33 1
84 34 5
84 35 1
84 36 2
84 37 2
84 38 1
84 39 3
84 40 1
84 41 5
84 42 1
84 43 4
84 44 2
84 45 5
84 46 5
84 47 3
84 48 3
84 49 1
84 50 2
84 51 3
84 52 4
84 53 5
84 54 5
84 55 3
84 56 5
84 57 1
84 58 1
84 59 4
84 60 5
84 61 3
84 62 5
84 63 5
84 64 3
84 65 1
84 66 5
84 67 2
84 68 2
84 69 5
84 70 4
84 71 4
84 72 1
84 73 5
84 74 5
84 75 5
84 76 1
84 77 1
84 78 2
84 79 1
84 80 4
84 81 5
84 82 5
84 83 2
84 85 5
84 86 4
84 87 4
84 88 1
84 89 5
84 90 1
84 91 5
84 92 1
84 93 5
84 94 4
84 95 5
84 96 5
84 97 4
84 98 1
84 99 1
84 100 2
85 1 3
85 2 4
85 3 3
85 4 5
85 5 5
85 6 2
85 7 4
85 8 1
85 9 2
85 10 2
85 11 3
85 12 5
85 13 2
85 14 2
85 15 3
85 16 1
85 17 1
85 18 3
85 19 1
85 20 2
85 21 3
85 22 5
85 23 2
85 24 5
85 25 5
85 26 4
85 27 4
85 28 5
85 29 1
85 30 4
85 31 4
85 32 5
85 33 4
85 34 1
85 35 5
85 36 1
85 37 4
85 38 3
85 39 3
85 40 2
85 41 2
85 42 5
85 43 4
85 44 3
85 45 1
85 46 1
85 47 3
85 48 3
85 49 4
85 50 5
85 51 4
85 52 3
85 53 2
85 54 1
85 55 2
85 56 1
85 57 4
85 58 5
85 59 3
85 60 4
85 61 5
85 62 1
85 63 1
85 64 4
85 65 3
85 66 5
85 67 1
85 68 1
85 69 4
85 70 3
85 71 2
85 72 5
85 73 2
85 74 5
85 75 2
85 76 4
85 77 3
85 78 1
85 79 2
85 80 1
85 81 3
85 82 5
85 83 3
85 84 4
85 86 2
85 87 5
85 88 4
85 89 5
85 90 4
85 91 1
85 92 1
85 93 4
85 94 3
85 95 1
85 96 4
85 97 5
85 98 2
85 99 4
85 100 2
86 1 5
86 2 1
86 3 4
86 4 2
86 5 4
86 6 5
86 7 5
86 8 2
86 9 4
86 10 3
86 11 5
86 12 4
86 13 5
86 14 5
86 15 4
86 16 3
86 17 1
86 18 3
86 19 3
86 20 3
86 21 3
86 22 1
86 23 5
86 24 3
86 25 3
86 26 2
86 27 3
86 28 5
86 29 3
86 30 3
86 31 1
86 32 4
86 33 5
86 34 1
86 35 2
86 36 3
86 37 3
86 38 2
86 39 2
86 40 1
86 41 4
86 42 3
86 43 2
86 44 5
86 45 4
86 46 5
86 47 2
86 48 2
86 49 4
86 50 1
86 51 1
86 52 3
86 53 3
86 54 5
86 55 3
86 56 3
86 57 3
86 58 5
86 59 2
86 60 2
86 61 5
86 62 4
86 63 2
86 64 4
86 65 5
86 66 4
86 67 4
86 68 2
86 69 5
86 70 2
86 71 4
86 72 5
86 73 4
86 74 5
86 75 4
86 76 3
86 77 4
86 78 2
86 79 4
86 80 2
86 81 4
86 82 4
86 83 2
86 84 2
86 85 5
86 87 4
86 88 4
86 89 2
86 90 5
86 91 2
86 92 5
86 93 4
86 94 5
86 95 1
86 96 3
86 97 4
86 98 4
86 99 1
86 100 2
87 1 5
87 2 4
87 3 1
87 4 4
87 5 2
87 6 5
87 7 4
87 8 1
87 9 1
87 10 2
87 11 1
87 12 4
87 13 3
87 14 1
87 15 5
87 16 4
87 17 5
87 18 3
87 19 4
87 20 3
87 21 3
87 22 2
87 23 2
87 24 1
87 25 1
87 26 3
87 27 5
87 28 2
87 29 1
87 30 2
87 31 5
87 32 1
87 33 5
87 34 5
87 35 1
87 36 4
87 37 2
87 38 2
87 39 1
87 40 2
87 41 5
87 42 2
87 43 5
87 44 2
87 45 2
87 46 2
87 47 2
87 48 2
87 49 4
87 50 5
87 51 1
87 52 3
87 53 1
87 54 3
87 55 1
87 56 4
87 57 5
87 58 5
87 59 2
87 60 2
87 61 4
87 62 1
87 63 4
87 64 5
87 65 3
87 66 2
87 67 3
87 68 1
87 69 3
87 70 1
87 71 2
87 72 2
87 73 2
87 74 3
87 75 4
87 76 3
87 77 4
87 78 5
87 79 1
87 80 5
87 81 2
87 82 2
87 83 2
87 84 4
87 85 1
87 86 4
87 88 4
87 89 2
87 90 1
87 91 5
87 92 3
87 93 4
87 94 3
87 95 4
87 96 3
87 97 5
87 98 5
87 99 3
87 100 5
88 1 4
88 2 3
88 3 3
88 4 5
88 5 1
88 6 2
88 7 5
88 8 3
88 9 3
88 10 2
88 11 1
88 12 2
88 13 5
88 14 4
88 15 5
88 16 5
88 17 4
88 18 4
88 19 4
88 20 5
88 21 4
88 22 3
88 23 4
88 24 4
88 25 2
88 26 4
88 27 3
88 28 1
88 29 5
88 30 5
88 31 2
88 32 3
88 33 4
88 34 4
88 35 5
88 36 4
88 37 3
88 38 1
88 39 4
88 40 5
88 41 2
88 42 1
88 43 3
88 44 3
88 45 4
88 46 4
88 47 3
88 48 2
88 49 4
88 50 1
88 51 3
88 52 4
88 53 5
88 54 3
88 55 2
88 56 4
88 57 4
88 58 5
88 59 4
88 60 3
88 61 1
88 62 3
88 63 1
88 64 2
88 65 1
88 66 2
88 67 2
88 68 5
88 69 2
88 70 5
88 71 1
88 72 1
88 73 5
88 74 3
88 75 3
88 76 5
88 77 4
88 78 2
88 79 3
88 80 2
88 81 4
88 82 5
88 83 3
88 84 4
88 85 5
88 86 1
88 87 4
88 89 3
88 90 2
88 91 2
88 92 5
88 93 3
88 94 4
88 95 2
88 96 1
88 97 2
88 98 3
88 99 2
88 100 1
89 1 2
89 2 2
89 3 4
89 4 2
89 5 3
89 6 1
89 7 1
89 8 3
89 9 1
89 10 3
89 11 5
89 12 5
89 13 1
89 14 2
89 15 2
89 16 1
89 17 3
89 18 2
89 19 4
89 20 5
89 21 4
89 22 3
89 23 1
89 24 3
89 25 1
89 26 5
89 27 3
89 28 4
89 29 2
89 30 4
89 31 2
89 32 5
89 33 2
89 34 5
89 35 1
89 36 2
89 37 2
89 38 2
89 39 4
89 40 3
89 41 4
89 42 5
89 43 2
89 44 1
89 45 1
89 46 3
89 47 2
89 48 3
89 49 1
89 50 5
89 51 4
89 52 4
89 53 2
89 54 2
89 55 3
89 56 5
89 57 1
89 58 5
89 59 3
89 60 4
89 61 1
89 62 1
89 63 4
89 64 2
89 65 5
89 66 1
89 67 3
89 68 4
89 69 2
89 70 3
89 71 1
89 72 2
89 73 3
89 74 4
89 75 3
89 76 5
89 77 3
89 78 4
89 79 5
89 80 3
89 81 5
89 82 5
89 83 4
89 84 4
89 85 1
89 86 1
89 87 3
89 88 3
89 90 3
89 91 2
89 92 4
89 93 3
89 94 3
89 95 4
89 96 1
89 97 4
89 98 4
89 99 1
89 100 2
90 1 1
90 2 5
90 3 4
90 4 2
90 5 4
90 6 2
90 7 1
90 8 4
90 9 4
90 10 4
90 11 5
90 12 4
90 13 1
90 14 4
90 15 4
90 16 4
90 17 2
90 18 1
90 19 3
90 20 1
90 21 3
90 22 4
90 23 4
90 24 2
90 25 3
90 26 2
90 27 5
90 28 4
90 29 1
90 30 2
90 31 5
90 32 3
90 33 1
90 34 4
90 35 1
90 36 5
90 37 2
90 38 2
90 39 5
90 40 3
90 41 2
90 42 4
90 43 1
90 44 4
90 45 4
90 46 4
90 47 2
90 48 2
90 49 1
90 50 4
90 51 3
90 52 4
90 53 5
90 54 3
90 55 2
90 56 4
90 57 5
90 58 1
90 59 2
90 60 2
90 61 2
90 62 2
90 63 4
90 64 5
90 65 2
90 66 1
90 67 4
90 68 3
90 69 4
90 70 3
90 71 5
90 72 1
90 73 1
90 74 2
90 75 4
90 76 1
90 77 2
90 78 3
90 79 3
90 80 3
90 81 3
90 82 2
90 83 3
90 84 2
90 85 4
90 86 4
90 87 1
90 88 3
90 89 2
90 91 2
90 92 1
90 93 5
90 94 5
90 95 1
90 96 4
90 97 3
90 98 2
90 99 2
90 100 1
91 1 5
91 2 4
91 3 2
91 4 2
91 5 1
91 6 1
91 7 3
91 8 2
91 9 2
91 10 5
91 11 1
91 12 1
91 13 4
91 14 2
91 15 3
91 16 1
91 17 5
91 18 4
91 19 3
91 20 5
91 21 2
91 22 1
91 23 5
91 24 1
91 25 3
91 26 1
91 27 5
91 28 5
91 29 4
91 30 3
91 31 2
91 32 3
91 33 4
91 34 4
91 35 2
91 36 4
91 37 1
91 38 4
91 39 2
91 40 4
91 41 5
91 42 4
91 43 5
91 44 3
91 45 5
91 46 4
91 47 5
91 48 2
91 49 4
91 50 4
91 51 1
91 52 5
91 53 2
91 54 2
91 55 3
91 56 4
91 57 4
91 58 4
91 59 5
91 60 2
91 61 1
91 62 2
91 63 2
91 64 4
91 65 2
91 66 5
91 67 5
91 68 2
91 69 3
91 70 3
91 71 5
91 72 4
91 73 4
91 74 1
91 75 3
91 76 5
91 77 5
91 78 3
91 79 1
91 80 5
91 81 3
91 82 3
91 83 5
91 84 4
91 85 2
91 86 4
91 87 4
91 88 5
91 89 2
91 90 4
91 92 4
91 93 2
91 94 5
91 95 2
91 96 3
91 97 1
91 98 1
91 99 4
91 100 2
92 1 5
92 2 3
92 3 3
92 4 5
92 5 1
92 6 4
92 7 2
92 8 1
92 9 5
92 10 1
92 11 3
92 12 4
92 13 4
92 14 3
92 15 5
92 16 2
92 17 4
92 18 3
92 19 3
92 20 5
92 21 1
92 22 1
92 23 5
92 24 5
92 25 5
92 26 1
92 27 2
92 28 2
92 29 3
92 30 2
92 31 5
92 32 4
92 33 4
92 34 4
92 35 3
92 36 2
92 37 2
92 38 5
92 39 4
92 40 1
92 41 5
92 42 3
92 43 2
92 44 5
92 45 5
92 46 3
92 47 4
92 48 5
92 49 3
92 50 1
92 51 5
92 52 3
92 53 1
92 54 4
92 55 2
92 56 2
92 57 2
92 58 5
92 59 5
92 60 1
92 61 3
92 62 4
92 63 5
92 64 4
92 65 2
92 66 2
92 67 5
92 68 1
92 69 3
92 70 5
92 71 3
92 72 3
92 73 2
92 74 4
92 75 2
92 76 2
92 77 4
92 78 5
92 79 1
92 80 1
92 81 2
92 82 2
92 83 3
92 84 2
92 85 3
92 86 2
92 87 5
92 88 4
92 89 3
92 90 4
92 91 4
92 93 1
92 94 4
92 95 5
92 96 4
92 97 3
92 98 2
92 99 5
92 100 3
93 1 4
93 2 4
93 3 5
93 4 3
93 5 5
93 6 1
93 7 2
93 8 1
93 9 4
93 10 3
93 11 4
93 12 1
93 13 5
93 14 5
93 15 5
93 16 3
93 17 2
93 18 1
93 19 3
93 20 2
93 21 4
93 22 1
93 23 3
93 24 1
93 25 2
93 26 2
93 27 4
93 28 4
93 29 5
93 30 5
93 31 1
93 32 4
93 33 3
93 34 2
93 35 3
93 36 2
93 37 2
93 38 4
93 39 5
93 40 2
93 41 2
93 42 3
93 43 2
93 44 3
93 45 4
93 46 2
93 47 5
93 48 3
93 49 4
93 50 2
93 51 4
93 52 2
93 53 5
93 54 3
93 55 4
93 56 1
93 57 5
93 58 4
93 59 4
93 60 1
93 61 3
93 62 1
93 63 1
93 64 5
93 65 2
93 66 4
93 67 4
93 68 4
93 69 4
93 70 3
93 71 2
93 72 2
93 73 2
93 74 4
93 75 4
93 76 5
93 77 2
93 78 4
93 79 4
93 80 5
93 81 2
93 82 3
93 83 4
93 84 3
93 85 2
93 86 2
93 87 5
93 88 3
93 89 1
93 90 5
93 91 4
93 92 3
93 94 5
93 95 4
93 96 5
93 97 2
93 98 2
93 99 3
93 100 2
94 1 1
94 2 5
94 3 5
94 4 2
94 5 3
94 6 3
94 7 3
94 8 2
94 9 1
94 10 3
94 11 1
94 12 1
94 13 4
94 14 5
94 15 4
94 16 4
94 17 3
94 18 2
94 19 3
94 20 1
94 21 2
94 22 5
94 23 1
94 24 2
94 25 4
94 26 4
94 27 3
94 28 2
94 29 3
94 30 5
94 31 5
94 32 5
94 33 1
94 34 5
94 35 1
94 36 3
94 37 4
94 38 5
94 39 1
94 40 5
94 41 2
94 42 3
94 43 5
94 44 3
94 45 4
94 46 3
94 47 1
94 48 2
94 49 4
94 50 5
94 51 4
94 52 3
94 53 4
94 54 4
94 55 1
94 56 5
94 57 2
94 58 3
94 59 1
94 60 1
94 61 2
94 62 1
94 63 5
94 64 4
94 65 5
94 66 3
94 67 1
94 68 5
94 69 2
94 70 1
94 71 4
94 72 4
94 73 4
94 74 3
94 75 1
94 76 4
94 77 2
94 78 3
94 79 5
94 80 3
94 81 2
94 82 3
94 83 2
94 84 3
94 85 3
94 86 2
94 87 2
94 88 5
94 89 4
94 90 2
94 91 5
94 92 2
94 93 4
94 95 5
94 96 5
94 97 5
94 98 2
94 99 2
94 100 5
95 1 5
95 2 2
95 3 3
95 4 3
95 5 2
95 6 3
95 7 5
95 8 1
95 9 4
95 10 2
95 11 2
95 12 1
95 13 1
95 14 2
95 15 2
95 16 3
95 17 4
95 18 5
95 19 4
95 20 5
95 21 5
95 22 2
95 23 5
95 24 1
95 25 3
95 26 1
95 27 2
95 28 2
95 29 4
95 30 3
95 31 1
95 32 3
95 33 2
95 34 1
95 35 3
95 36 5
95 37 3
95 38 2
95 39 2
95 40 1
95 41 4
95 42 4
95 43 4
95 44 4
95 45 5
95 46 2
95 47 3
95 48 5
95 49 2
95 50 3
95 51 5
95 52 1
95 53 1
95 54 4
95 55 4
95 56 3
95 57 1
95 58 5
95 59 2
95 60 1
95 61 5
95 62 2
95 63 3
95 64 3
95 65 4
95 66 5
95 67 2
95 68 1
95 69 4
95 70 4
95 71 4
95 72 2
95 73 4
95 74 4
95 75 2
95 76 5
95 77 5
95 78 1
95 79 4
95 80 3
95 81 3
95 82 3
95 83 1
95 84 5
95 85 3
95 86 4
95 87 3
95 88 3
95 89 5
95 90 4
95 91 3
95 92 1
95 93 2
95 94 3
95 96 3
95 97 1
95 98 4
95 99 2
95 100 3
96 1 2
96 2 5
96 3 3
96 4 5
96 5 5
96 6 1
96 7 3
96 8 4
96 9 1
96 10 3
96 11 2
96 12 5
96 13 2
96 14 5
96 15 5
96 16 2
96 17 2
96 18 3
96 19 1
96 20 2
96 21 5
96 22 4
96 23 1
96 24 5
96 25 2
96 26 3
96 27 5
96 28 4
96 29 4
96 30 1
96 31 2
96 32 2
96 33 5
96 34 4
96 35 2
96 36 4
96 37 5
96 38 1
96 39 4
96 40 2
96 41 4
96 42 5
96 43 1
96 44 2
96 45 1
96 46 3
96 47 3
96 48 5
96 49 2
96 50 3
96 51 3
96 52 1
96 53 3
96 54 3
96 55 1
96 56 5
96 57 3
96 58 5
96 59 3
96 60 1
96 61 2
96 62 1
96 63 2
96 64 1
96 65 2
96 66 5
96 67 1
96 68 3
96 69 1
96 70 1
96 71 4
96 72 1
96 73 5
96 74 1
96 75 2
96 76 3
96 77 5
96 78 5
96 79 4
96 80 2
96 81 4
96 82 1
96 83 2
96 84 4
96 85 3
96 86 4
96 87 3
96 88 5
96 89 5
96 90 2
96 91 2
96 92 1
96 93 5
96 94 4
96 95 3
96 97 1
96 98 3
96 99 5
96 100 3
97 1 5
97 2 5
97 3 3
97 4 5
97 5 2
97 6 5
97 7 2
97 8 1
97 9 5
97 10 3
97 11 4
97 12 1
97 13 3
97 14 4
97 15 4
97 16 1
97 17 1
97 18 5
97 19 5
97 20 3
97 21 4
97 22 4
97 23 4
97 24 2
97 25 3
97 26 2
97 27 4
97 28 5
97 29 2
97 30 1
97 31 2
97 32 1
97 33 5
97 34 1
97 35 3
97 36 3
97 37 5
97 38 4
97 39 3
97 40 1
97 41 3
97 42 1
97 43 3
97 44 5
97 45 4
97 46 4
97 47 3
97 48 2
97 49 3
97 50 2
97 51 4
97 52 1
97 53 2
97 54 2
97 55 4
97 56 4
97 57 1
97 58 5
97 59 3
97 60 2
97 61 5
97 62 1
97 63 4
97 64 1
97 65 1
97 66 3
97 67 4
97 68 3
97 69 3
97 70 3
97 71 5
97 72 5
97 73 1
97 74 3
97 75 2
97 76 4
97 77 1
97 78 4
97 79 2
97 80 3
97 81 2
97 82 5
97 83 5
97 84 4
97 85 4
97 86 4
97 87 4
97 88 4
97 89 5
97 90 4
97 91 2
97 92 4
97 93 1
97 94 2
97 95 4
97 96 2
97 98 5
97 99 4
97 100 1
98 1 2
98 2 2
98 3 5
98 4 2
98 5 4
98 6 4
98 7 5
98 8 4
98 9 4
98 10 3
98 11 1
98 12 3
98 13 1
98 14 5
98 15 5
98 16 4
98 17 3
98 18 5
98 19 5
98 20 3
98 21 4
98 22 3
98 23 4
98 24 2
98 25 3
98 26 1
98 27 2
98 28 1
98 29 5
98 30 1
98 31 3
98 32 1
98 33 4
98 34 5
98 35 4
98 36 2
98 37 3
98 38 3
98 39 5
98 40 4
98 41 2
98 42 2
98 43 1
98 44 5
98 45 2
98 46 5
98 47 5
98 48 1
98 49 4
98 50 4
98 51 1
98 52 4
98 53 3
98 54 4
98 55 5
98 56 3
98 57 4
98 58 2
98 59 5
98 60 5
98 61 4
98 62 3
98 63 3
98 64 4
98 65 4
98 66 1
98 67 2
98 68 1
98 69 1
98 70 1
98 71 4
98 72 4
98 73 3
98 74 2
98 75 3
98 76 1
98 77 3
98 78 3
98 79 3
98 80 4
98 81 3
98 82 3
98 83 2
98 84 1
98 85 4
98 86 2
98 87 5
98 88 4
98 89 5
98 90 4
98 91 4
98 92 5
98 93 3
98 94 1
98 95 3
98 96 1
98 97 3
98 99 4
98 100 2
99 1 5
99 2 1
99 3 2
99 4 1
99 5 5
99 6 3
99 7 3
99 8 2
99 9 1
99 10 2
99 11 5
99 12 1
99 13 5
99 14 4
99 15 2
99 16 2
99 17 4
99 18 5
99 19 1
99 20 3
99 21 1
99 22 1
99 23 1
99 24 5
99 25 4
99 26 3
99 27 4
99 28 1
99 29 2
99 30 4
99 31 2
99 32 2
99 33 5
99 34 1
99 35 2
99 36 1
99 37 5
99 38 1
99 39 3
99 40 2
99 41 5
99 42 4
99 43 2
99 44 1
99 45 4
99 46 4
99 47 2
99 48 3
99 49 5
99 50 4
99 51 5
99 52 1
99 53 4
99 54 2
99 55 2
99 56 4
99 57 4
99 58 1
99 59 5
99 60 5
99 61 1
99 62 3
99 63 3
99 64 2
99 65 3
99 66 1
99 67 3
99 68 3
99 69 4
99 70 5
99 71 4
99 72 3
99 73 5
99 74 3
99 75 5
99 76 3
99 77 1
99 78 1
99 79 5
99 80 2
99 81 1
99 82 4
99 83 2
99 84 4
99 85 5
99 86 4
99 87 3
99 88 5
99 89 1
99 90 2
99 91 2
99 92 1
99 93 1
99 94 4
99 95 3
99 96 4
99 97 2
99 98 5
99 100 3
100 1 5
100 2 1
100 3 1
100 4 4
100 5 2
100 6 5
100 7 3
100 8 4
100 9 2
100 10 5
100 11 4
100 12 4
100 13 5
100 14 4
100 15 5
100 16 5
100 17 4
100 18 5
100 19 4
100 20 5
100 21 5
100 22 2
100 23 1
100 24 3
100 25 3
100 26 5
100 27 5
100 28 1
100 29 3
100 30 1
100 31 3
100 32 4
100 33 3
100 34 5
100 35 2
100 36 4
100 37 5
100 38 1
100 39 2
100 40 1
100 41 2
100 42 2
100 43 1
100 44 1
100 45 1
100 46 1
100 47 2
100 48 1
100 49 2
100 50 1
100 51 5
100 52 4
100 53 2
100 54 1
100 55 1
100 56 4
100 57 2
100 58 2
100 59 1
100 60 1
100 61 4
100 62 3
100 63 4
100 64 1
100 65 5
100 66 5
100 67 1
100 68 1
100 69 2
100 70 4
100 71 3
100 72 3
100 73 3
100 74 4
100 75 5
100 76 3
100 77 1
100 78 1
100 79 5
100 80 2
100 81 1
100 82 1
100 83 2
100 84 3
100 85 1
100 86 2
100 87 3
100 88 4
100 89 5
100 90 4
100 91 4
100 92 3
100 93 3
100 94 4
100 95 5
100 96 2
100 97 3
100 98 5
100 99 4

END
