INSTANCE_NAME b15.dat
NB_VERTICES 100
NB_ARCS 159
NB_REQUESTS 0
NB_BLOCKAGES 47
NB_TERMINALS 50

VERTICES
1 0 0
2 0 0
3 0 0
4 0 0
5 0 0
6 0 0
7 0 0
8 0 0
9 0 0
10 0 0
11 0 0
12 0 0
13 0 0
14 0 0
15 0 0
16 0 0
17 0 0
18 0 0
19 0 0
20 0 0
21 0 0
22 0 0
23 0 0
24 0 0
25 0 0
26 0 0
27 0 0
28 0 0
29 0 0
30 0 0
31 0 0
32 0 0
33 0 0
34 0 0
35 0 0
36 0 0
37 0 0
38 0 0
39 0 0
40 0 0
41 0 0
42 0 0
43 0 0
44 0 0
45 0 0
46 0 0
47 0 0
48 0 0
49 0 0
50 0 0
51 0 0
52 0 0
53 0 0
54 0 0
55 0 0
56 0 0
57 0 0
58 0 0
59 0 0
60 0 0
61 0 0
62 0 0
63 0 0
64 0 0
65 0 0
66 0 0
67 0 0
68 0 0
69 0 0
70 0 0
71 0 0
72 0 0
73 0 0
74 0 0
75 0 0
76 0 0
77 0 0
78 0 0
79 0 0
80 0 0
81 0 0
82 0 0
83 0 0
84 0 0
85 0 0
86 0 0
87 0 0
88 0 0
89 0 0
90 0 0
91 0 0
92 0 0
93 0 0
94 0 0
95 0 0
96 0 0
97 0 0
98 0 0
99 0 0
100 0 0

ARCS
2 4 7
4 66 8
66 27 5
27 1 5
1 35 4
35 10 6
10 19 6
19 6 5
6 80 2
80 68 9
68 67 8
67 64 5
64 31 2
31 22 7
22 59 8
59 7 6
7 60 8
60 19 7
19 13 9
13 100 1
100 34 6
34 68 10
68 25 5
25 5 9
5 1 6
5 89 8
89 70 5
70 98 8
98 3 8
3 61 9
61 37 5
37 9 1
9 53 7
53 30 1
30 82 6
82 56 4
56 36 2
36 21 7
21 26 3
26 25 7
25 92 1
92 98 6
98 17 10
17 48 5
48 2 6
2 43 5
43 97 9
97 26 3
26 47 3
47 58 1
58 95 10
95 41 4
41 9 4
9 87 3
87 81 6
81 48 1
81 50 1
50 42 9
42 24 6
24 64 10
64 4 7
4 79 5
79 49 6
49 23 1
23 12 7
12 45 5
45 62 10
62 54 4
54 52 4
52 63 8
63 71 8
71 65 6
65 56 10
56 38 8
38 16 2
16 65 6
65 8 10
8 39 3
39 11 5
11 72 3
72 56 4
56 46 8
46 88 1
88 44 5
44 41 9
41 28 3
28 91 8
91 67 1
67 19 9
19 57 1
57 29 9
29 54 6
54 61 9
29 59 7
59 77 5
77 44 6
44 55 1
55 18 6
18 33 1
33 64 10
64 8 3
64 41 2
41 51 6
51 29 6
29 97 10
64 93 9
93 37 1
18 99 5
99 85 1
85 67 3
85 46 10
99 78 2
78 35 7
35 23 7
35 76 5
76 83 10
83 84 10
84 31 10
31 14 9
14 20 7
20 91 3
91 40 5
40 9 1
20 68 8
14 38 5
84 56 3
56 95 5
95 71 4
76 80 10
78 57 8
55 66 7
66 75 7
75 28 1
66 53 5
53 73 6
73 2 7
73 44 5
44 86 4
86 34 9
73 52 1
52 90 6
90 82 1
82 15 6
15 58 7
90 7 7
73 88 9
88 11 8
11 60 5
39 96 7
96 70 1
65 50 7
49 74 4
74 94 1
94 26 3
26 24 10
81 32 9
32 98 10
81 69 7
69 36 4

REQUESTS

BLOCKAGES
59 7
73 44
82 56
56 46
14 20
90 82
41 28
85 67
97 26
70 98
24 64
35 76
95 71
67 64
66 53
49 23
44 41
34 68
84 31
48 2
65 56
1 35
64 41
55 66
18 99
68 67
88 44
64 31
11 60
88 11
54 61
73 2
54 52
26 25
4 66
95 41
78 57
81 50
68 25
29 59
37 9
56 36
73 52
64 8
64 4
56 38
9 53

TERMINALS
2
5
6
7
10
11
12
16
17
18
19
20
23
24
27
28
29
30
31
32
35
36
42
43
45
47
48
50
51
53
55
56
57
59
61
66
67
73
74
77
79
80
81
82
88
90
91
94
95
100

R
1 2 4
1 3 4
1 4 5
1 5 2
1 6 3
1 7 3
1 8 4
1 9 4
1 10 1
1 11 3
1 12 3
1 13 2
1 14 5
1 15 2
1 16 3
1 17 1
1 18 5
1 19 5
1 20 4
1 21 3
1 22 3
1 23 5
1 24 4
1 25 1
1 26 4
1 27 3
1 28 4
1 29 2
1 30 1
1 31 5
1 32 4
1 33 1
1 34 4
1 35 4
1 36 3
1 37 3
1 38 3
1 39 3
1 40 1
1 41 3
1 42 2
1 43 5
1 44 1
1 45 4
1 46 4
1 47 1
1 48 1
1 49 5
1 50 5
1 51 1
1 52 2
1 53 4
1 54 5
1 55 3
1 56 4
1 57 4
1 58 2
1 59 4
1 60 2
1 61 2
1 62 4
1 63 5
1 64 5
1 65 4
1 66 5
1 67 4
1 68 3
1 69 4
1 70 1
1 71 1
1 72 1
1 73 5
1 74 5
1 75 4
1 76 3
1 77 5
1 78 4
1 79 3
1 80 5
1 81 5
1 82 1
1 83 3
1 84 3
1 85 5
1 86 5
1 87 1
1 88 5
1 89 1
1 90 1
1 91 1
1 92 5
1 93 4
1 94 3
1 95 1
1 96 4
1 97 4
1 98 4
1 99 2
1 100 3
2 1 1
2 3 2
2 4 5
2 5 5
2 6 3
2 7 3
2 8 4
2 9 5
2 10 3
2 11 4
2 12 4
2 13 2
2 14 4
2 15 1
2 16 4
2 17 3
2 18 3
2 19 1
2 20 3
2 21 5
2 22 2
2 23 5
2 24 1
2 25 2
2 26 2
2 27 1
2 28 1
2 29 3
2 30 4
2 31 4
2 32 5
2 33 5
2 34 5
2 35 4
2 36 1
2 37 4
2 38 4
2 39 5
2 40 3
2 41 1
2 42 3
2 43 3
2 44 3
2 45 1
2 46 1
2 47 1
2 48 5
2 49 3
2 50 4
2 51 4
2 52 4
2 53 5
2 54 4
2 55 2
2 56 1
2 57 2
2 58 2
2 59 3
2 60 4
2 61 3
2 62 1
2 63 3
2 64 4
2 65 2
2 66 4
2 67 4
2 68 1
2 69 4
2 70 5
2 71 5
2 72 4
2 73 4
2 74 3
2 75 3
2 76 1
2 77 3
2 78 1
2 79 1
2 80 2
2 81 4
2 82 4
2 83 2
2 84 5
2 85 4
2 86 3
2 87 2
2 88 1
2 89 5
2 90 5
2 91 4
2 92 4
2 93 2
2 94 4
2 95 2
2 96 1
2 97 4
2 98 2
2 99 3
2 100 2
3 1 4
3 2 2
3 4 2
3 5 2
3 6 1
3 7 5
3 8 3
3 9 3
3 10 5
3 11 3
3 12 1
3 13 5
3 14 3
3 15 3
3 16 4
3 17 2
3 18 5
3 19 2
3 20 2
3 21 1
3 22 1
3 23 2
3 24 1
3 25 5
3 26 5
3 27 4
3 28 5
3 29 5
3 30 1
3 31 2
3 32 1
3 33 1
3 34 5
3 35 3
3 36 2
3 37 1
3 38 2
3 39 4
3 40 5
3 41 3
3 42 3
3 43 1
3 44 4
3 45 3
3 46 5
3 47 2
3 48 4
3 49 1
3 50 3
3 51 2
3 52 4
3 53 1
3 54 5
3 55 4
3 56 2
3 57 2
3 58 3
3 59 1
3 60 1
3 61 5
3 62 4
3 63 2
3 64 5
3 65 3
3 66 1
3 67 3
3 68 5
3 69 4
3 70 4
3 71 5
3 72 3
3 73 1
3 74 2
3 75 1
3 76 5
3 77 3
3 78 2
3 79 3
3 80 3
3 81 1
3 82 1
3 83 1
3 84 3
3 85 3
3 86 2
3 87 4
3 88 4
3 89 1
3 90 1
3 91 1
3 92 5
3 93 1
3 94 4
3 95 1
3 96 4
3 97 4
3 98 3
3 99 5
3 100 2
4 1 1
4 2 4
4 3 1
4 5 4
4 6 2
4 7 1
4 8 3
4 9 4
4 10 4
4 11 3
4 12 4
4 13 5
4 14 5
4 15 1
4 16 4
4 17 2
4 18 2
4 19 3
4 20 2
4 21 2
4 22 5
4 23 3
4 24 3
4 25 1
4 26 1
4 27 5
4 28 1
4 29 2
4 30 3
4 31 5
4 32 5
4 33 5
4 34 1
4 35 1
4 36 3
4 37 2
4 38 1
4 39 3
4 40 3
4 41 5
4 42 2
4 43 1
4 44 1
4 45 1
4 46 1
4 47 4
4 48 5
4 49 5
4 50 3
4 51 1
4 52 1
4 53 5
4 54 5
4 55 1
4 56 5
4 57 1
4 58 5
4 59 2
4 60 2
4 61 4
4 62 1
4 63 3
4 64 4
4 65 3
4 66 3
4 67 3
4 68 2
4 69 4
4 70 2
4 71 4
4 72 5
4 73 3
4 74 4
4 75 5
4 76 1
4 77 1
4 78 5
4 79 5
4 80 5
4 81 5
4 82 2
4 83 3
4 84 4
4 85 2
4 86 3
4 87 5
4 88 4
4 89 4
4 90 1
4 91 2
4 92 5
4 93 3
4 94 4
4 95 5
4 96 1
4 97 2
4 98 2
4 99 2
4 100 2
5 1 1
5 2 2
5 3 1
5 4 5
5 6 5
5 7 2
5 8 5
5 9 5
5 10 3
5 11 1
5 12 5
5 13 2
5 14 3
5 15 2
5 16 2
5 17 4
5 18 1
5 19 1
5 20 4
5 21 1
5 22 3
5 23 5
5 24 5
5 25 1
5 26 3
5 27 4
5 28 3
5 29 1
5 30 3
5 31 1
5 32 2
5 33 3
5 34 2
5 35 4
5 36 2
5 37 1
5 38 2
5 39 4
5 40 2
5 41 2
5 42 4
5 43 3
5 44 3
5 45 1
5 46 1
5 47 2
5 48 1
5 49 1
5 50 2
5 51 4
5 52 2
5 53 2
5 54 5
5 55 1
5 56 2
5 57 3
5 58 5
5 59 4
5 60 5
5 61 4
5 62 4
5 63 2
5 64 1
5 65 2
5 66 2
5 67 4
5 68 2
5 69 1
5 70 2
5 71 5
5 72 2
5 73 1
5 74 3
5 75 1
5 76 1
5 77 3
5 78 2
5 79 4
5 80 1
5 81 1
5 82 2
5 83 4
5 84 2
5 85 2
5 86 1
5 87 5
5 88 1
5 89 2
5 90 5
5 91 5
5 92 5
5 93 5
5 94 3
5 95 5
5 96 1
5 97 2
5 98 4
5 99 4
5 100 2
6 1 2
6 2 3
6 3 3
6 4 2
6 5 2
6 7 5
6 8 5
6 9 2
6 10 2
6 11 3
6 12 2
6 13 4
6 14 1
6 15 2
6 16 5
6 17 4
6 18 2
6 19 1
6 20 1
6 21 4
6 22 5
6 23 3
6 24 3
6 25 4
6 26 2
6 27 5
6 28 4
6 29 3
6 30 5
6 31 2
6 32 1
6 33 1
6 34 1
6 35 5
6 36 5
6 37 3
6 38 5
6 39 4
6 40 4
6 41 3
6 42 3
6 43 2
6 44 1
6 45 5
6 46 3
6 47 2
6 48 1
6 49 1
6 50 2
6 51 1
6 52 4
6 53 1
6 54 3
6 55 2
6 56 4
6 57 5
6 58 1
6 59 4
6 60 4
6 61 2
6 62 2
6 63 5
6 64 2
6 65 2
6 66 4
6 67 1
6 68 4
6 69 5
6 70 1
6 71 4
6 72 2
6 73 3
6 74 2
6 75 2
6 76 5
6 77 4
6 78 3
6 79 5
6 80 5
6 81 4
6 82 5
6 83 5
6 84 1
6 85 5
6 86 3
6 87 1
6 88 1
6 89 5
6 90 4
6 91 4
6 92 1
6 93 5
6 94 5
6 95 3
6 96 2
6 97 4
6 98 5
6 99 2
6 100 3
7 1 1
7 2 3
7 3 2
7 4 3
7 5 4
7 6 3
7 8 4
7 9 5
7 10 3
7 11 3
7 12 1
7 13 1
7 14 5
7 15 5
7 16 2
7 17 4
7 18 3
7 19 2
7 20 4
7 21 2
7 22 3
7 23 4
7 24 5
7 25 2
7 26 4
7 27 2
7 28 5
7 29 4
7 30 1
7 31 4
7 32 3
7 33 1
7 34 1
7 35 4
7 36 1
7 37 4
7 38 2
7 39 4
7 40 3
7 41 4
7 42 4
7 43 3
7 44 1
7 45 3
7 46 5
7 47 4
7 48 1
7 49 2
7 50 3
7 51 1
7 52 5
7 53 5
7 54 1
7 55 4
7 56 3
7 57 4
7 58 2
7 59 5
7 60 4
7 61 5
7 62 3
7 63 2
7 64 2
7 65 3
7 66 5
7 67 2
7 68 3
7 69 3
7 70 3
7 71 1
7 72 1
7 73 1
7 74 5
7 75 4
7 76 3
7 77 4
7 78 2
7 79 5
7 80 2
7 81 1
7 82 2
7 83 2
7 84 2
7 85 2
7 86 2
7 87 5
7 88 3
7 89 1
7 90 1
7 91 1
7 92 5
7 93 3
7 94 2
7 95 1
7 96 2
7 97 2
7 98 5
7 99 4
7 100 1
8 1 2
8 2 1
8 3 4
8 4 4
8 5 3
8 6 2
8 7 3
8 9 1
8 10 5
8 11 4
8 12 3
8 13 1
8 14 5
8 15 1
8 16 2
8 17 1
8 18 4
8 19 3
8 20 3
8 21 4
8 22 3
8 23 1
8 24 3
8 25 2
8 26 2
8 27 1
8 28 3
8 29 5
8 30 5
8 31 4
8 32 1
8 33 3
8 34 4
8 35 4
8 36 1
8 37 3
8 38 2
8 39 5
8 40 4
8 41 1
8 42 3
8 43 3
8 44 3
8 45 2
8 46 5
8 47 2
8 48 4
8 49 5
8 50 4
8 51 4
8 52 4
8 53 4
8 54 4
8 55 3
8 56 5
8 57 2
8 58 5
8 59 5
8 60 2
8 61 4
8 62 3
8 63 4
8 64 3
8 65 3
8 66 4
8 67 5
8 68 1
8 69 5
8 70 4
8 71 1
8 72 2
8 73 1
8 74 5
8 75 5
8 76 4
8 77 1
8 78 3
8 79 5
8 80 5
8 81 3
8 82 3
8 83 5
8 84 1
8 85 3
8 86 5
8 87 3
8 88 1
8 89 4
8 90 4
8 91 2
8 92 5
8 93 3
8 94 2
8 95 2
8 96 2
8 97 5
8 98 2
8 99 4
8 100 4
9 1 5
9 2 4
9 3 3
9 4 3
9 5 5
9 6 2
9 7 1
9 8 5
9 10 1
9 11 2
9 12 5
9 13 3
9 14 1
9 15 4
9 16 1
9 17 3
9 18 3
9 19 3
9 20 4
9 21 4
9 22 3
9 23 2
9 24 3
9 25 5
9 26 4
9 27 4
9 28 1
9 29 5
9 30 5
9 31 5
9 32 4
9 33 2
9 34 5
9 35 1
9 36 4
9 37 2
9 38 4
9 39 1
9 40 1
9 41 4
9 42 3
9 43 5
9 44 3
9 45 3
9 46 1
9 47 3
9 48 3
9 49 5
9 50 2
9 51 3
9 52 3
9 53 4
9 54 1
9 55 5
9 56 3
9 57 1
9 58 1
9 59 1
9 60 1
9 61 5
9 62 2
9 63 1
9 64 1
9 65 3
9 66 1
9 67 1
9 68 4
9 69 1
9 70 2
9 71 5
9 72 1
9 73 1
9 74 1
9 75 3
9 76 5
9 77 3
9 78 3
9 79 2
9 80 3
9 81 4
9 82 1
9 83 2
9 84 3
9 85 2
9 86 4
9 87 2
9 88 2
9 89 4
9 90 4
9 91 4
9 92 3
9 93 5
9 94 4
9 95 1
9 96 3
9 97 1
9 98 1
9 99 1
9 100 1
10 1 4
10 2 2
10 3 3
10 4 4
10 5 5
10 6 3
10 7 4
10 8 2
10 9 5
10 11 2
10 12 1
10 13 3
10 14 3
10 15 3
10 16 2
10 17 1
10 18 1
10 19 4
10 20 4
10 21 4
10 22 2
10 23 3
10 24 3
10 25 4
10 26 3
10 27 3
10 28 1
10 29 4
10 30 1
10 31 3
10 32 1
10 33 4
10 34 5
10 35 4
10 36 5
10 37 4
10 38 1
10 39 3
10 40 2
10 41 5
10 42 4
10 43 3
10 44 4
10 45 3
10 46 2
10 47 1
10 48 5
10 49 2
10 50 1
10 51 4
10 52 2
10 53 2
10 54 3
10 55 1
10 56 5
10 57 5
10 58 1
10 59 2
10 60 5
10 61 1
10 62 5
10 63 1
10 64 1
10 65 1
10 66 1
10 67 5
10 68 1
10 69 1
10 70 4
10 71 2
10 72 2
10 73 3
10 74 1
10 75 2
10 76 2
10 77 2
10 78 2
10 79 2
10 80 5
10 81 2
10 82 2
10 83 3
10 84 1
10 85 4
10 86 4
10 87 2
10 88 5
10 89 4
10 90 4
10 91 5
10 92 1
10 93 5
10 94 5
10 95 1
10 96 5
10 97 2
10 98 3
10 99 2
10 100 2
11 1 1
11 2 5
11 3 5
11 4 5
11 5 1
11 6 1
11 7 4
11 8 2
11 9 5
11 10 5
11 12 4
11 13 1
11 14 3
11 15 1
11 16 1
11 17 1
11 18 4
11 19 5
11 20 2
11 21 4
11 22 3
11 23 1
11 24 4
11 25 2
11 26 2
11 27 2
11 28 3
11 29 3
11 30 1
11 31 4
11 32 1
11 33 1
11 34 5
11 35 2
11 36 3
11 37 5
11 38 5
11 39 1
11 40 4
11 41 4
11 42 2
11 43 2
11 44 4
11 45 4
11 46 2
11 47 2
11 48 1
11 49 3
11 50 1
11 51 2
11 52 1
11 53 5
11 54 5
11 55 2
11 56 3
11 57 3
11 58 3
11 59 5
11 60 3
11 61 5
11 62 5
11 63 5
11 64 2
11 65 4
11 66 2
11 67 4
11 68 1
11 69 3
11 70 1
11 71 4
11 72 1
11 73 2
11 74 5
11 75 1
11 76 2
11 77 1
11 78 4
11 79 2
11 80 3
11 81 4
11 82 4
11 83 1
11 84 5
11 85 5
11 86 2
11 87 2
11 88 2
11 89 1
11 90 3
11 91 4
11 92 5
11 93 2
11 94 1
11 95 1
11 96 3
11 97 4
11 98 2
11 99 3
11 100 1
12 1 4
12 2 3
12 3 1
12 4 1
12 5 2
12 6 1
12 7 2
12 8 4
12 9 5
12 10 4
12 11 4
12 13 5
12 14 4
12 15 4
12 16 5
12 17 3
12 18 2
12 19 1
12 20 1
12 21 2
12 22 4
12 23 2
12 24 1
12 25 2
12 26 2
12 27 3
12 28 1
12 29 5
12 30 1
12 31 5
12 32 5
12 33 5
12 34 2
12 35 2
12 36 2
12 37 5
12 38 4
12 39 3
12 40 4
12 41 3
12 42 3
12 43 4
12 44 5
12 45 3
12 46 2
12 47 1
12 48 2
12 49 3
12 50 1
12 51 3
12 52 1
12 53 1
12 54 1
12 55 3
12 56 5
12 57 2
12 58 2
12 59 2
12 60 3
12 61 3
12 62 2
12 63 4
12 64 4
12 65 5
12 66 2
12 67 5
12 68 5
12 69 5
12 70 4
12 71 5
12 72 5
12 73 4
12 74 3
12 75 4
12 76 1
12 77 1
12 78 4
12 79 3
12 80 5
12 81 1
12 82 2
12 83 5
12 84 4
12 85 4
12 86 2
12 87 5
12 88 2
12 89 5
12 90 1
12 91 4
12 92 2
12 93 4
12 94 4
12 95 5
12 96 4
12 97 5
12 98 1
12 99 5
12 100 1
13 1 5
13 2 4
13 3 5
13 4 3
13 5 1
13 6 5
13 7 5
13 8 3
13 9 3
13 10 4
13 11 2
13 12 1
13 14 5
13 15 3
13 16 1
13 17 3
13 18 1
13 19 5
13 20 1
13 21 5
13 22 2
13 23 4
13 24 2
13 25 3
13 26 4
13 27 3
13 28 1
13 29 5
13 30 4
13 31 2
13 32 1
13 33 5
13 34 5
13 35 5
13 36 2
13 37 2
13 38 5
13 39 1
13 40 4
13 41 4
13 42 5
13 43 2
13 44 1
13 45 1
13 46 4
13 47 3
13 48 1
13 49 4
13 50 4
13 51 1
13 52 5
13 53 1
13 54 2
13 55 1
13 56 3
13 57 5
13 58 1
13 59 5
13 60 2
13 61 1
13 62 1
13 63 2
13 64 5
13 65 2
13 66 3
13 67 3
13 68 3
13 69 4
13 70 3
13 71 3
13 72 5
13 73 4
13 74 4
13 75 5
13 76 5
13 77 4
13 78 3
13 79 2
13 80 4
13 81 3
13 82 2
13 83 3
13 84 3
13 85 5
13 86 4
13 87 2
13 88 5
13 89 1
13 90 3
13 91 1
13 92 1
13 93 5
13 94 4
13 95 2
13 96 1
13 97 1
13 98 4
13 99 5
13 100 5
14 1 1
14 2 2
14 3 4
14 4 2
14 5 2
14 6 5
14 7 1
14 8 5
14 9 4
14 10 4
14 11 3
14 12 2
14 13 2
14 15 1
14 16 1
14 17 2
14 18 1
14 19 5
14 20 1
14 21 3
14 22 2
14 23 3
14 24 3
14 25 4
14 26 3
14 27 4
14 28 4
14 29 3
14 30 2
14 31 1
14 32 4
14 33 4
14 34 2
14 35 4
14 36 5
14 37 1
14 38 4
14 39 2
14 40 5
14 41 4
14 42 2
14 43 5
14 44 5
14 45 4
14 46 2
14 47 1
14 48 5
14 49 4
14 50 5
14 51 2
14 52 1
14 53 3
14 54 1
14 55 5
14 56 1
14 57 3
14 58 5
14 59 2
14 60 2
14 61 3
14 62 2
14 63 1
14 64 1
14 65 5
14 66 1
14 67 3
14 68 5
14 69 1
14 70 1
14 71 2
14 72 5
14 73 3
14 74 3
14 75 4
14 76 1
14 77 4
14 78 1
14 79 5
14 80 4
14 81 5
14 82 1
14 83 4
14 84 3
14 85 1
14 86 5
14 87 5
14 88 5
14 89 4
14 90 1
14 91 1
14 92 1
14 93 2
14 94 3
14 95 3
14 96 4
14 97 1
14 98 2
14 99 3
14 100 1
15 1 3
15 2 1
15 3 5
15 4 2
15 5 3
15 6 4
15 7 4
15 8 3
15 9 4
15 10 3
15 11 1
15 12 1
15 13 5
15 14 1
15 16 5
15 17 2
15 18 2
15 19 4
15 20 1
15 21 5
15 22 5
15 23 3
15 24 2
15 25 3
15 26 3
15 27 2
15 28 1
15 29 3
15 30 3
15 31 1
15 32 3
15 33 2
15 34 1
15 35 3
15 36 5
15 37 1
15 38 3
15 39 3
15 40 3
15 41 3
15 42 5
15 43 1
15 44 3
15 45 1
15 46 3
15 47 2
15 48 2
15 49 5
15 50 3
15 51 4
15 52 1
15 53 4
15 54 4
15 55 3
15 56 1
15 57 1
15 58 4
15 59 4
15 60 3
15 61 3
15 62 4
15 63 5
15 64 2
15 65 4
15 66 4
15 67 1
15 68 4
15 69 1
15 70 4
15 71 4
15 72 4
15 73 5
15 74 1
15 75 3
15 76 3
15 77 3
15 78 2
15 79 1
15 80 2
15 81 4
15 82 5
15 83 5
15 84 4
15 85 5
15 86 2
15 87 4
15 88 5
15 89 2
15 90 2
15 91 2
15 92 1
15 93 2
15 94 3
15 95 2
15 96 1
15 97 4
15 98 3
15 99 1
15 100 1
16 1 3
16 2 4
16 3 4
16 4 4
16 5 4
16 6 4
16 7 1
16 8 4
16 9 2
16 10 4
16 11 2
16 12 2
16 13 5
16 14 1
16 15 5
16 17 4
16 18 4
16 19 5
16 20 3
16 21 5
16 22 2
16 23 1
16 24 1
16 25 3
16 26 5
16 27 2
16 28 5
16 29 3
16 30 1
16 31 1
16 32 4
16 33 5
16 34 1
16 35 4
16 36 1
16 37 2
16 38 4
16 39 1
16 40 5
16 41 5
16 42 1
16 43 3
16 44 1
16 45 5
16 46 4
16 47 2
16 48 3
16 49 2
16 50 2
16 51 2
16 52 4
16 53 5
16 54 2
16 55 4
16 56 4
16 57 4
16 58 2
16 59 4
16 60 3
16 61 3
16 62 1
16 63 1
16 64 4
16 65 3
16 66 2
16 67 4
16 68 4
16 69 2
16 70 2
16 71 5
16 72 2
16 73 2
16 74 3
16 75 4
16 76 2
16 77 3
16 78 1
16 79 1
16 80 4
16 81 2
16 82 3
16 83 2
16 84 1
16 85 1
16 86 2
16 87 4
16 88 4
16 89 4
16 90 4
16 91 2
16 92 3
16 93 4
16 94 4
16 95 1
16 96 4
16 97 2
16 98 2
16 99 2
16 100 4
17 1 3
17 2 4
17 3 2
17 4 1
17 5 3
17 6 5
17 7 4
17 8 5
17 9 2
17 10 5
17 11 5
17 12 3
17 13 2
17 14 4
17 15 5
17 16 2
17 18 5
17 19 1
17 20 3
17 21 3
17 22 4
17 23 1
17 24 2
17 25 5
17 26 4
17 27 5
17 28 3
17 29 3
17 30 1
17 31 1
17 32 1
17 33 5
17 34 1
17 35 4
17 36 2
17 37 3
17 38 3
17 39 1
17 40 2
17 41 2
17 42 5
17 43 2
17 44 4
17 45 3
17 46 5
17 47 1
17 48 1
17 49 1
17 50 1
17 51 3
17 52 4
17 53 1
17 54 5
17 55 2
17 56 5
17 57 4
17 58 1
17 59 4
17 60 1
17 61 3
17 62 2
17 63 3
17 64 4
17 65 2
17 66 1
17 67 1
17 68 5
17 69 5
17 70 1
17 71 1
17 72 1
17 73 2
17 74 4
17 75 2
17 76 1
17 77 5
17 78 4
17 79 1
17 80 1
17 81 4
17 82 1
17 83 1
17 84 1
17 85 5
17 86 2
17 87 1
17 88 5
17 89 5
17 90 1
17 91 2
17 92 4
17 93 2
17 94 4
17 95 3
17 96 4
17 97 1
17 98 3
17 99 3
17 100 3
18 1 5
18 2 5
18 3 3
18 4 3
18 5 4
18 6 1
18 7 3
18 8 3
18 9 4
18 10 5
18 11 5
18 12 4
18 13 5
18 14 5
18 15 5
18 16 2
18 17 2
18 19 2
18 20 1
18 21 3
18 22 2
18 23 3
18 24 1
18 25 1
18 26 3
18 27 3
18 28 4
18 29 4
18 30 2
18 31 3
18 32 1
18 33 3
18 34 2
18 35 5
18 36 2
18 37 2
18 38 3
18 39 4
18 40 2
18 41 1
18 42 4
18 43 1
18 44 2
18 45 5
18 46 1
18 47 3
18 48 1
18 49 4
18 50 4
18 51 2
18 52 3
18 53 2
18 54 1
18 55 3
18 56 2
18 57 3
18 58 3
18 59 2
18 60 3
18 61 1
18 62 4
18 63 5
18 64 4
18 65 3
18 66 2
18 67 2
18 68 4
18 69 4
18 70 1
18 71 2
18 72 1
18 73 1
18 74 3
18 75 2
18 76 2
18 77 5
18 78 4
18 79 5
18 80 3
18 81 4
18 82 3
18 83 5
18 84 3
18 85 3
18 86 4
18 87 1
18 88 5
18 89 1
18 90 3
18 91 5
18 92 2
18 93 3
18 94 4
18 95 2
18 96 2
18 97 5
18 98 5
18 99 1
18 100 3
19 1 2
19 2 4
19 3 1
19 4 4
19 5 1
19 6 4
19 7 1
19 8 5
19 9 5
19 10 5
19 11 4
19 12 3
19 13 2
19 14 5
19 15 5
19 16 1
19 17 4
19 18 1
19 20 2
19 21 1
19 22 5
19 23 1
19 24 4
19 25 4
19 26 2
19 27 2
19 28 1
19 29 1
19 30 2
19 31 3
19 32 1
19 33 3
19 34 1
19 35 3
19 36 2
19 37 2
19 38 1
19 39 4
19 40 3
19 41 5
19 42 3
19 43 2
19 44 3
19 45 1
19 46 1
19 47 4
19 48 3
19 49 4
19 50 1
19 51 4
19 52 5
19 53 2
19 54 2
19 55 3
19 56 1
19 57 3
19 58 5
19 59 1
19 60 5
19 61 3
19 62 3
19 63 5
19 64 5
19 65 5
19 66 2
19 67 1
19 68 1
19 69 5
19 70 4
19 71 4
19 72 4
19 73 3
19 74 2
19 75 3
19 76 5
19 77 2
19 78 4
19 79 2
19 80 3
19 81 4
19 82 3
19 83 4
19 84 3
19 85 4
19 86 3
19 87 3
19 88 1
19 89 2
19 90 5
19 91 2
19 92 4
19 93 4
19 94 2
19 95 1
19 96 3
19 97 5
19 98 3
19 99 1
19 100 1
20 1 2
20 2 1
20 3 5
20 4 1
20 5 2
20 6 2
20 7 3
20 8 5
20 9 2
20 10 1
20 11 2
20 12 1
20 13 3
20 14 2
20 15 5
20 16 3
20 17 5
20 18 2
20 19 5
20 21 3
20 22 1
20 23 2
20 24 4
20 25 4
20 26 5
20 27 4
20 28 3
20 29 1
20 30 1
20 31 3
20 32 2
20 33 4
20 34 3
20 35 1
20 36 2
20 37 1
20 38 4
20 39 4
20 40 1
20 41 1
20 42 1
20 43 4
20 44 3
20 45 4
20 46 1
20 47 2
20 48 3
20 49 5
20 50 5
20 51 3
20 52 2
20 53 2
20 54 1
20 55 5
20 56 5
20 57 5
20 58 3
20 59 4
20 60 2
20 61 1
20 62 2
20 63 3
20 64 4
20 65 1
20 66 5
20 67 5
20 68 2
20 69 1
20 70 5
20 71 4
20 72 1
20 73 1
20 74 2
20 75 5
20 76 1
20 77 2
20 78 3
20 79 3
20 80 3
20 81 2
20 82 2
20 83 2
20 84 3
20 85 4
20 86 1
20 87 4
20 88 3
20 89 1
20 90 2
20 91 2
20 92 1
20 93 5
20 94 4
20 95 1
20 96 1
20 97 1
20 98 3
20 99 4
20 100 1
21 1 4
21 2 2
21 3 3
21 4 4
21 5 3
21 6 2
21 7 1
21 8 2
21 9 1
21 10 4
21 11 1
21 12 2
21 13 2
21 14 2
21 15 1
21 16 1
21 17 3
21 18 1
21 19 5
21 20 5
21 22 2
21 23 1
21 24 2
21 25 4
21 26 2
21 27 2
21 28 4
21 29 2
21 30 1
21 31 4
21 32 2
21 33 5
21 34 5
21 35 4
21 36 5
21 37 4
21 38 2
21 39 1
21 40 5
21 41 2
21 42 1
21 43 3
21 44 5
21 45 4
21 46 4
21 47 5
21 48 4
21 49 3
21 50 2
21 51 1
21 52 2
21 53 5
21 54 3
21 55 3
21 56 3
21 57 1
21 58 2
21 59 3
21 60 2
21 61 2
21 62 1
21 63 5
21 64 3
21 65 5
21 66 5
21 67 3
21 68 4
21 69 1
21 70 5
21 71 5
21 72 4
21 73 5
21 74 2
21 75 3
21 76 3
21 77 3
21 78 4
21 79 4
21 80 5
21 81 5
21 82 1
21 83 2
21 84 5
21 85 3
21 86 1
21 87 4
21 88 1
21 89 2
21 90 2
21 91 2
21 92 1
21 93 2
21 94 4
21 95 5
21 96 4
21 97 3
21 98 4
21 99 2
21 100 1
22 1 3
22 2 3
22 3 4
22 4 4
22 5 5
22 6 4
22 7 4
22 8 4
22 9 4
22 10 2
22 11 3
22 12 1
22 13 4
22 14 4
22 15 2
22 16 3
22 17 2
22 18 5
22 19 3
22 20 3
22 21 3
22 23 5
22 24 5
22 25 5
22 26 5
22 27 5
22 28 3
22 29 2
22 30 5
22 31 1
22 32 4
22 33 3
22 34 3
22 35 5
22 36 1
22 37 4
22 38 5
22 39 4
22 40 2
22 41 3
22 42 2
22 43 5
22 44 5
22 45 5
22 46 5
22 47 1
22 48 3
22 49 1
22 50 3
22 51 5
22 52 1
22 53 5
22 54 1
22 55 2
22 56 1
22 57 5
22 58 3
22 59 3
22 60 4
22 61 3
22 62 5
22 63 4
22 64 5
22 65 3
22 66 3
22 67 2
22 68 3
22 69 2
22 70 1
22 71 2
22 72 2
22 73 4
22 74 1
22 75 1
22 76 4
22 77 2
22 78 2
22 79 3
22 80 5
22 81 1
22 82 4
22 83 5
22 84 5
22 85 2
22 86 1
22 87 1
22 88 3
22 89 4
22 90 5
22 91 1
22 92 1
22 93 5
22 94 5
22 95 2
22 96 4
22 97 4
22 98 3
22 99 3
22 100 1
23 1 5
23 2 4
23 3 4
23 4 4
23 5 1
23 6 4
23 7 4
23 8 3
23 9 2
23 10 1
23 11 2
23 12 2
23 13 4
23 14 1
23 15 2
23 16 5
23 17 3
23 18 4
23 19 3
23 20 3
23 21 5
23 22 5
23 24 3
23 25 1
23 26 1
23 27 1
23 28 4
23 29 2
23 30 4
23 31 4
23 32 4
23 33 3
23 34 2
23 35 2
23 36 1
23 37 3
23 38 5
23 39 4
23 40 2
23 41 2
23 42 1
23 43 3
23 44 5
23 45 2
23 46 5
23 47 3
23 48 3
23 49 2
23 50 3
23 51 2
23 52 2
23 53 3
23 54 4
23 55 4
23 56 3
23 57 4
23 58 5
23 59 4
23 60 5
23 61 5
23 62 2
23 63 5
23 64 2
23 65 5
23 66 1
23 67 5
23 68 2
23 69 1
23 70 5
23 71 3
23 72 4
23 73 3
23 74 2
23 75 5
23 76 4
23 77 1
23 78 3
23 79 1
23 80 5
23 81 5
23 82 3
23 83 1
23 84 4
23 85 3
23 86 1
23 87 2
23 88 1
23 89 2
23 90 2
23 91 3
23 92 3
23 93 5
23 94 2
23 95 2
23 96 4
23 97 5
23 98 1
23 99 3
23 100 5
24 1 2
24 2 2
24 3 5
24 4 4
24 5 1
24 6 1
24 7 2
24 8 1
24 9 3
24 10 5
24 11 2
24 12 5
24 13 4
24 14 4
24 15 3
24 16 1
24 17 2
24 18 1
24 19 3
24 20 5
24 21 4
24 22 5
24 23 3
24 25 5
24 26 4
24 27 4
24 28 4
24 29 3
24 30 1
24 31 3
24 32 4
24 33 2
24 34 1
24 35 5
24 36 1
24 37 1
24 38 5
24 39 4
24 40 4
24 41 5
24 42 3
24 43 5
24 44 1
24 45 3
24 46 1
24 47 3
24 48 3
24 49 2
24 50 1
24 51 1
24 52 3
24 53 1
24 54 2
24 55 5
24 56 1
24 57 2
24 58 5
24 59 1
24 60 4
24 61 5
24 62 3
24 63 4
24 64 4
24 65 5
24 66 5
24 67 4
24 68 1
24 69 5
24 70 4
24 71 1
24 72 1
24 73 4
24 74 2
24 75 1
24 76 1
24 77 2
24 78 5
24 79 1
24 80 5
24 81 2
24 82 1
24 83 3
24 84 3
24 85 4
24 86 4
24 87 3
24 88 1
24 89 4
24 90 3
24 91 1
24 92 5
24 93 2
24 94 5
24 95 3
24 96 3
24 97 1
24 98 3
24 99 5
24 100 5
25 1 2
25 2 5
25 3 2
25 4 2
25 5 2
25 6 2
25 7 2
25 8 3
25 9 4
25 10 4
25 11 5
25 12 5
25 13 4
25 14 4
25 15 2
25 16 5
25 17 2
25 18 1
25 19 5
25 20 2
25 21 5
25 22 2
25 23 2
25 24 3
25 26 3
25 27 4
25 28 1
25 29 4
25 30 2
25 31 5
25 32 5
25 33 5
25 34 5
25 35 2
25 36 1
25 37 1
25 38 5
25 39 4
25 40 5
25 41 3
25 42 3
25 43 4
25 44 5
25 45 3
25 46 2
25 47 3
25 48 2
25 49 1
25 50 4
25 51 3
25 52 2
25 53 3
25 54 5
25 55 5
25 56 1
25 57 4
25 58 4
25 59 3
25 60 2
25 61 2
25 62 2
25 63 4
25 64 1
25 65 1
25 66 5
25 67 1
25 68 3
25 69 1
25 70 4
25 71 3
25 72 1
25 73 3
25 74 1
25 75 5
25 76 1
25 77 5
25 78 2
25 79 2
25 80 5
25 81 2
25 82 5
25 83 3
25 84 2
25 85 1
25 86 3
25 87 2
25 88 4
25 89 1
25 90 4
25 91 3
25 92 4
25 93 2
25 94 1
25 95 4
25 96 3
25 97 2
25 98 1
25 99 5
25 100 2
26 1 1
26 2 2
26 3 2
26 4 4
26 5 5
26 6 3
26 7 4
26 8 1
26 9 2
26 10 2
26 11 5
26 12 3
26 13 3
26 14 4
26 15 4
26 16 3
26 17 1
26 18 2
26 19 4
26 20 3
26 21 2
26 22 1
26 23 1
26 24 4
26 25 3
26 27 1
26 28 1
26 29 4
26 30 1
26 31 2
26 32 2
26 33 4
26 34 1
26 35 1
26 36 4
26 37 2
26 38 5
26 39 4
26 40 2
26 41 1
26 42 5
26 43 1
26 44 4
26 45 3
26 46 4
26 47 4
26 48 2
26 49 2
26 50 1
26 51 5
26 52 4
26 53 2
26 54 2
26 55 2
26 56 2
26 57 1
26 58 2
26 59 4
26 60 1
26 61 5
26 62 1
26 63 3
26 64 3
26 65 3
26 66 5
26 67 1
26 68 4
26 69 4
26 70 4
26 71 5
26 72 5
26 73 5
26 74 2
26 75 5
26 76 2
26 77 2
26 78 3
26 79 1
26 80 3
26 81 5
26 82 2
26 83 4
26 84 4
26 85 4
26 86 5
26 87 5
26 88 1
26 89 1
26 90 4
26 91 2
26 92 2
26 93 1
26 94 4
26 95 4
26 96 3
26 97 5
26 98 1
26 99 1
26 100 3
27 1 1
27 2 5
27 3 4
27 4 1
27 5 3
27 6 3
27 7 4
27 8 4
27 9 3
27 10 4
27 11 4
27 12 2
27 13 1
27 14 4
27 15 5
27 16 1
27 17 3
27 18 2
27 19 1
27 20 5
27 21 5
27 22 2
27 23 2
27 24 5
27 25 2
27 26 2
27 28 2
27 29 3
27 30 5
27 31 4
27 32 1
27 33 5
27 34 5
27 35 4
27 36 2
27 37 2
27 38 4
27 39 1
27 40 2
27 41 1
27 42 1
27 43 2
27 44 4
27 45 3
27 46 5
27 47 1
27 48 3
27 49 2
27 50 2
27 51 1
27 52 4
27 53 3
27 54 4
27 55 2
27 56 2
27 57 3
27 58 3
27 59 5
27 60 5
27 61 2
27 62 3
27 63 2
27 64 2
27 65 4
27 66 3
27 67 5
27 68 5
27 69 1
27 70 5
27 71 3
27 72 3
27 73 3
27 74 5
27 75 1
27 76 5
27 77 4
27 78 3
27 79 5
27 80 3
27 81 4
27 82 2
27 83 1
27 84 1
27 85 5
27 86 2
27 87 4
27 88 4
27 89 1
27 90 5
27 91 1
27 92 3
27 93 4
27 94 2
27 95 1
27 96 2
27 97 4
27 98 2
27 99 3
27 100 1
28 1 2
28 2 1
28 3 3
28 4 1
28 5 2
28 6 1
28 7 2
28 8 5
28 9 3
28 10 1
28 11 4
28 12 2
28 13 4
28 14 1
28 15 4
28 16 1
28 17 4
28 18 5
28 19 4
28 20 5
28 21 4
28 22 4
28 23 4
28 24 5
28 25 3
28 26 1
28 27 3
28 29 1
28 30 2
28 31 1
28 32 2
28 33 5
28 34 3
28 35 1
28 36 2
28 37 4
28 38 1
28 39 4
28 40 5
28 41 4
28 42 4
28 43 4
28 44 2
28 45 3
28 46 4
28 47 5
28 48 3
28 49 5
28 50 1
28 51 3
28 52 4
28 53 2
28 54 4
28 55 4
28 56 1
28 57 1
28 58 4
28 59 3
28 60 3
28 61 2
28 62 3
28 63 1
28 64 4
28 65 2
28 66 2
28 67 5
28 68 5
28 69 2
28 70 3
28 71 5
28 72 2
28 73 4
28 74 5
28 75 3
28 76 3
28 77 5
28 78 5
28 79 2
28 80 4
28 81 5
28 82 4
28 83 4
28 84 1
28 85 4
28 86 2
28 87 1
28 88 4
28 89 2
28 90 1
28 91 4
28 92 4
28 93 5
28 94 4
28 95 2
28 96 2
28 97 2
28 98 3
28 99 3
28 100 1
29 1 1
29 2 4
29 3 2
29 4 4
29 5 3
29 6 5
29 7 1
29 8 5
29 9 1
29 10 4
29 11 3
29 12 5
29 13 2
29 14 2
29 15 1
29 16 1
29 17 3
29 18 3
29 19 1
29 20 2
29 21 5
29 22 1
29 23 5
29 24 5
29 25 5
29 26 3
29 27 3
29 28 3
29 30 5
29 31 5
29 32 3
29 33 2
29 34 4
29 35 2
29 36 2
29 37 3
29 38 3
29 39 4
29 40 2
29 41 3
29 42 2
29 43 5
29 44 2
29 45 1
29 46 3
29 47 4
29 48 3
29 49 2
29 50 4
29 51 3
29 52 3
29 53 3
29 54 4
29 55 4
29 56 4
29 57 5
29 58 1
29 59 1
29 60 4
29 61 3
29 62 3
29 63 2
29 64 1
29 65 1
29 66 5
29 67 3
29 68 5
29 69 2
29 70 3
29 71 2
29 72 4
29 73 5
29 74 3
29 75 2
29 76 5
29 77 5
29 78 3
29 79 2
29 80 1
29 81 3
29 82 1
29 83 1
29 84 5
29 85 1
29 86 4
29 87 1
29 88 2
29 89 2
29 90 3
29 91 1
29 92 1
29 93 5
29 94 4
29 95 1
29 96 2
29 97 3
29 98 5
29 99 2
29 100 1
30 1 3
30 2 3
30 3 4
30 4 2
30 5 2
30 6 2
30 7 3
30 8 1
30 9 1
30 10 4
30 11 3
30 12 3
30 13 1
30 14 3
30 15 5
30 16 2
30 17 4
30 18 5
30 19 3
30 20 5
30 21 2
30 22 3
30 23 5
30 24 2
30 25 1
30 26 2
30 27 3
30 28 5
30 29 4
30 31 4
30 32 5
30 33 1
30 34 3
30 35 5
30 36 4
30 37 4
30 38 4
30 39 3
30 40 1
30 41 4
30 42 3
30 43 1
30 44 2
30 45 3
30 46 3
30 47 1
30 48 4
30 49 3
30 50 5
30 51 2
30 52 2
30 53 3
30 54 1
30 55 3
30 56 1
30 57 4
30 58 2
30 59 1
30 60 5
30 61 5
30 62 1
30 63 5
30 64 2
30 65 4
30 66 1
30 67 2
30 68 4
30 69 4
30 70 4
30 71 5
30 72 3
30 73 1
30 74 5
30 75 1
30 76 3
30 77 4
30 78 1
30 79 4
30 80 4
30 81 2
30 82 2
30 83 5
30 84 4
30 85 2
30 86 5
30 87 5
30 88 2
30 89 3
30 90 5
30 91 2
30 92 2
30 93 5
30 94 3
30 95 5
30 96 5
30 97 3
30 98 1
30 99 4
30 100 4
31 1 4
31 2 5
31 3 1
31 4 1
31 5 1
31 6 3
31 7 5
31 8 1
31 9 3
31 10 3
31 11 4
31 12 1
31 13 4
31 14 1
31 15 4
31 16 3
31 17 5
31 18 5
31 19 4
31 20 2
31 21 1
31 22 2
31 23 5
31 24 3
31 25 4
31 26 4
31 27 4
31 28 2
31 29 4
31 30 4
31 32 2
31 33 4
31 34 3
31 35 4
31 36 1
31 37 5
31 38 1
31 39 5
31 40 1
31 41 5
31 42 5
31 43 4
31 44 5
31 45 5
31 46 4
31 47 3
31 48 2
31 49 5
31 50 5
31 51 3
31 52 3
31 53 2
31 54 4
31 55 2
31 56 4
31 57 5
31 58 2
31 59 3
31 60 3
31 61 2
31 62 3
31 63 4
31 64 2
31 65 1
31 66 2
31 67 2
31 68 2
31 69 2
31 70 4
31 71 2
31 72 1
31 73 3
31 74 3
31 75 5
31 76 2
31 77 3
31 78 4
31 79 1
31 80 3
31 81 5
31 82 3
31 83 5
31 84 2
31 85 3
31 86 4
31 87 2
31 88 4
31 89 5
31 90 1
31 91 1
31 92 2
31 93 4
31 94 4
31 95 3
31 96 1
31 97 2
31 98 2
31 99 2
31 100 5
32 1 5
32 2 1
32 3 5
32 4 2
32 5 3
32 6 1
32 7 5
32 8 5
32 9 2
32 10 5
32 11 4
32 12 3
32 13 4
32 14 4
32 15 4
32 16 4
32 17 4
32 18 3
32 19 2
32 20 3
32 21 3
32 22 3
32 23 1
32 24 1
32 25 3
32 26 1
32 27 3
32 28 5
32 29 2
32 30 5
32 31 1
32 33 1
32 34 5
32 35 3
32 36 4
32 37 4
32 38 3
32 39 5
32 40 3
32 41 1
32 42 2
32 43 2
32 44 4
32 45 5
32 46 2
32 47 4
32 48 5
32 49 5
32 50 1
32 51 2
32 52 4
32 53 1
32 54 1
32 55 5
32 56 3
32 57 5
32 58 5
32 59 1
32 60 1
32 61 1
32 62 2
32 63 2
32 64 3
32 65 1
32 66 4
32 67 3
32 68 4
32 69 3
32 70 2
32 71 3
32 72 1
32 73 3
32 74 1
32 75 1
32 76 5
32 77 2
32 78 4
32 79 4
32 80 1
32 81 2
32 82 2
32 83 2
32 84 4
32 85 4
32 86 1
32 87 1
32 88 4
32 89 2
32 90 1
32 91 1
32 92 2
32 93 2
32 94 2
32 95 1
32 96 4
32 97 2
32 98 3
32 99 4
32 100 5
33 1 4
33 2 2
33 3 5
33 4 4
33 5 2
33 6 5
33 7 3
33 8 1
33 9 5
33 10 3
33 11 3
33 12 3
33 13 5
33 14 4
33 15 1
33 16 3
33 17 1
33 18 2
33 19 3
33 20 2
33 21 4
33 22 4
33 23 5
33 24 3
33 25 2
33 26 5
33 27 3
33 28 4
33 29 4
33 30 2
33 31 3
33 32 5
33 34 5
33 35 4
33 36 3
33 37 3
33 38 5
33 39 2
33 40 3
33 41 4
33 42 4
33 43 1
33 44 2
33 45 3
33 46 1
33 47 4
33 48 3
33 49 2
33 50 2
33 51 2
33 52 3
33 53 3
33 54 5
33 55 3
33 56 5
33 57 4
33 58 4
33 59 4
33 60 2
33 61 3
33 62 2
33 63 1
33 64 2
33 65 1
33 66 1
33 67 1
33 68 4
33 69 5
33 70 2
33 71 3
33 72 5
33 73 5
33 74 5
33 75 3
33 76 5
33 77 1
33 78 2
33 79 4
33 80 4
33 81 3
33 82 5
33 83 1
33 84 2
33 85 2
33 86 5
33 87 3
33 88 5
33 89 4
33 90 2
33 91 3
33 92 1
33 93 3
33 94 5
33 95 4
33 96 1
33 97 5
33 98 4
33 99 4
33 100 4
34 1 2
34 2 3
34 3 3
34 4 3
34 5 3
34 6 1
34 7 2
34 8 5
34 9 4
34 10 5
34 11 3
34 12 3
34 13 2
34 14 5
34 15 5
34 16 5
34 17 5
34 18 2
34 19 4
34 20 3
34 21 3
34 22 3
34 23 5
34 24 3
34 25 2
34 26 3
34 27 3
34 28 1
34 29 3
34 30 3
34 31 1
34 32 1
34 33 5
34 35 5
34 36 3
34 37 4
34 38 2
34 39 2
34 40 5
34 41 5
34 42 3
34 43 4
34 44 3
34 45 4
34 46 4
34 47 4
34 48 3
34 49 3
34 50 5
34 51 3
34 52 2
34 53 5
34 54 5
34 55 1
34 56 2
34 57 3
34 58 5
34 59 1
34 60 5
34 61 4
34 62 3
34 63 2
34 64 4
34 65 4
34 66 2
34 67 3
34 68 5
34 69 5
34 70 4
34 71 1
34 72 5
34 73 2
34 74 5
34 75 4
34 76 2
34 77 3
34 78 2
34 79 5
34 80 2
34 81 3
34 82 4
34 83 5
34 84 4
34 85 1
34 86 5
34 87 2
34 88 3
34 89 1
34 90 2
34 91 5
34 92 1
34 93 1
34 94 1
34 95 1
34 96 2
34 97 4
34 98 3
34 99 1
34 100 4
35 1 2
35 2 3
35 3 3
35 4 5
35 5 2
35 6 3
35 7 1
35 8 1
35 9 1
35 10 2
35 11 4
35 12 5
35 13 1
35 14 3
35 15 4
35 16 3
35 17 4
35 18 5
35 19 2
35 20 4
35 21 2
35 22 1
35 23 4
35 24 4
35 25 4
35 26 1
35 27 5
35 28 2
35 29 4
35 30 2
35 31 5
35 32 2
35 33 5
35 34 4
35 36 3
35 37 1
35 38 3
35 39 3
35 40 4
35 41 3
35 42 2
35 43 2
35 44 3
35 45 4
35 46 5
35 47 1
35 48 1
35 49 3
35 50 2
35 51 2
35 52 4
35 53 3
35 54 5
35 55 2
35 56 4
35 57 3
35 58 5
35 59 3
35 60 4
35 61 3
35 62 5
35 63 1
35 64 1
35 65 4
35 66 4
35 67 3
35 68 1
35 69 2
35 70 2
35 71 4
35 72 1
35 73 3
35 74 1
35 75 5
35 76 1
35 77 5
35 78 5
35 79 3
35 80 4
35 81 4
35 82 2
35 83 2
35 84 3
35 85 1
35 86 1
35 87 1
35 88 3
35 89 5
35 90 4
35 91 3
35 92 4
35 93 3
35 94 3
35 95 4
35 96 3
35 97 2
35 98 1
35 99 3
35 100 5
36 1 2
36 2 2
36 3 5
36 4 2
36 5 2
36 6 2
36 7 4
36 8 3
36 9 3
36 10 2
36 11 1
36 12 1
36 13 3
36 14 5
36 15 4
36 16 5
36 17 5
36 18 4
36 19 2
36 20 4
36 21 2
36 22 4
36 23 2
36 24 1
36 25 4
36 26 2
36 27 3
36 28 5
36 29 2
36 30 3
36 31 1
36 32 5
36 33 4
36 34 2
36 35 1
36 37 2
36 38 3
36 39 5
36 40 1
36 41 1
36 42 3
36 43 1
36 44 1
36 45 2
36 46 5
36 47 4
36 48 1
36 49 1
36 50 5
36 51 2
36 52 4
36 53 3
36 54 2
36 55 2
36 56 4
36 57 5
36 58 3
36 59 3
36 60 1
36 61 1
36 62 2
36 63 3
36 64 1
36 65 5
36 66 5
36 67 3
36 68 3
36 69 4
36 70 4
36 71 3
36 72 4
36 73 3
36 74 1
36 75 2
36 76 4
36 77 2
36 78 2
36 79 4
36 80 3
36 81 1
36 82 2
36 83 3
36 84 4
36 85 1
36 86 5
36 87 4
36 88 2
36 89 4
36 90 3
36 91 3
36 92 2
36 93 5
36 94 2
36 95 4
36 96 1
36 97 1
36 98 1
36 99 1
36 100 5
37 1 2
37 2 3
37 3 5
37 4 4
37 5 5
37 6 1
37 7 3
37 8 2
37 9 5
37 10 3
37 11 4
37 12 5
37 13 5
37 14 3
37 15 5
37 16 5
37 17 4
37 18 5
37 19 1
37 20 3
37 21 5
37 22 5
37 23 4
37 24 1
37 25 2
37 26 2
37 27 1
37 28 4
37 29 4
37 30 3
37 31 5
37 32 2
37 33 1
37 34 2
37 35 3
37 36 2
37 38 2
37 39 2
37 40 3
37 41 3
37 42 4
37 43 3
37 44 3
37 45 5
37 46 1
37 47 4
37 48 1
37 49 4
37 50 1
37 51 4
37 52 3
37 53 5
37 54 3
37 55 3
37 56 5
37 57 1
37 58 1
37 59 2
37 60 2
37 61 5
37 62 2
37 63 1
37 64 3
37 65 4
37 66 2
37 67 5
37 68 5
37 69 1
37 70 1
37 71 3
37 72 3
37 73 2
37 74 2
37 75 2
37 76 1
37 77 2
37 78 3
37 79 4
37 80 3
37 81 5
37 82 2
37 83 5
37 84 4
37 85 4
37 86 3
37 87 5
37 88 2
37 89 3
37 90 3
37 91 3
37 92 4
37 93 4
37 94 5
37 95 2
37 96 2
37 97 4
37 98 3
37 99 2
37 100 4
38 1 1
38 2 1
38 3 3
38 4 4
38 5 2
38 6 2
38 7 1
38 8 1
38 9 1
38 10 4
38 11 3
38 12 5
38 13 5
38 14 2
38 15 5
38 16 4
38 17 4
38 18 4
38 19 2
38 20 4
38 21 3
38 22 1
38 23 2
38 24 2
38 25 5
38 26 5
38 27 5
38 28 3
38 29 5
38 30 3
38 31 3
38 32 2
38 33 5
38 34 3
38 35 5
38 36 2
38 37 4
38 39 5
38 40 2
38 41 1
38 42 4
38 43 4
38 44 5
38 45 3
38 46 2
38 47 4
38 48 3
38 49 3
38 50 4
38 51 1
38 52 1
38 53 1
38 54 1
38 55 4
38 56 4
38 57 1
38 58 1
38 59 1
38 60 5
38 61 2
38 62 3
38 63 5
38 64 3
38 65 3
38 66 2
38 67 4
38 68 1
38 69 2
38 70 5
38 71 2
38 72 2
38 73 3
38 74 2
38 75 1
38 76 3
38 77 5
38 78 1
38 79 2
38 80 2
38 81 4
38 82 3
38 83 4
38 84 4
38 85 3
38 86 5
38 87 5
38 88 5
38 89 2
38 90 5
38 91 2
38 92 3
38 93 2
38 94 1
38 95 2
38 96 1
38 97 2
38 98 2
38 99 1
38 100 5
39 1 1
39 2 4
39 3 1
39 4 1
39 5 2
39 6 3
39 7 3
39 8 2
39 9 5
39 10 1
39 11 5
39 12 3
39 13 3
39 14 1
39 15 3
39 16 3
39 17 5
39 18 2
39 19 4
39 20 3
39 21 1
39 22 5
39 23 5
39 24 5
39 25 5
39 26 3
39 27 5
39 28 3
39 29 1
39 30 3
39 31 2
39 32 1
39 33 1
39 34 4
39 35 1
39 36 5
39 37 3
39 38 5
39 40 1
39 41 2
39 42 1
39 43 2
39 44 4
39 45 5
39 46 2
39 47 4
39 48 2
39 49 3
39 50 5
39 51 1
39 52 5
39 53 3
39 54 2
39 55 1
39 56 2
39 57 4
39 58 5
39 59 3
39 60 1
39 61 5
39 62 5
39 63 5
39 64 1
39 65 3
39 66 5
39 67 3
39 68 2
39 69 3
39 70 5
39 71 4
39 72 1
39 73 5
39 74 5
39 75 2
39 76 1
39 77 4
39 78 5
39 79 3
39 80 1
39 81 4
39 82 5
39 83 3
39 84 3
39 85 1
39 86 3
39 87 4
39 88 1
39 89 3
39 90 4
39 91 2
39 92 4
39 93 3
39 94 3
39 95 1
39 96 2
39 97 2
39 98 4
39 99 3
39 100 1
40 1 5
40 2 1
40 3 4
40 4 4
40 5 3
40 6 5
40 7 4
40 8 3
40 9 4
40 10 3
40 11 3
40 12 4
40 13 4
40 14 2
40 15 2
40 16 2
40 17 5
40 18 5
40 19 2
40 20 4
40 21 3
40 22 5
40 23 2
40 24 3
40 25 2
40 26 3
40 27 4
40 28 1
40 29 3
40 30 4
40 31 3
40 32 2
40 33 1
40 34 1
40 35 2
40 36 3
40 37 5
40 38 2
40 39 5
40 41 3
40 42 2
40 43 5
40 44 2
40 45 5
40 46 1
40 47 3
40 48 1
40 49 2
40 50 4
40 51 3
40 52 5
40 53 4
40 54 2
40 55 4
40 56 3
40 57 1
40 58 1
40 59 3
40 60 1
40 61 3
40 62 1
40 63 5
40 64 1
40 65 2
40 66 1
40 67 2
40 68 1
40 69 2
40 70 3
40 71 1
40 72 5
40 73 4
40 74 2
40 75 3
40 76 1
40 77 4
40 78 2
40 79 1
40 80 1
40 81 2
40 82 5
40 83 2
40 84 2
40 85 2
40 86 5
40 87 4
40 88 4
40 89 5
40 90 2
40 91 4
40 92 4
40 93 4
40 94 5
40 95 4
40 96 5
40 97 5
40 98 2
40 99 1
40 100 2
41 1 2
41 2 3
41 3 3
41 4 2
41 5 1
41 6 2
41 7 2
41 8 4
41 9 5
41 10 5
41 11 1
41 12 1
41 13 4
41 14 3
41 15 5
41 16 2
41 17 2
41 18 3
41 19 5
41 20 2
41 21 1
41 22 5
41 23 2
41 24 5
41 25 2
41 26 3
41 27 1
41 28 1
41 29 4
41 30 3
41 31 4
41 32 2
41 33 2
41 34 3
41 35 4
41 36 2
41 37 1
41 38 2
41 39 3
41 40 5
41 42 1
41 43 3
41 44 3
41 45 2
41 46 5
41 47 2
41 48 3
41 49 4
41 50 1
41 51 5
41 52 2
41 53 4
41 54 1
41 55 3
41 56 3
41 57 2
41 58 5
41 59 5
41 60 5
41 61 1
41 62 3
41 63 5
41 64 2
41 65 1
41 66 3
41 67 2
41 68 5
41 69 5
41 70 4
41 71 2
41 72 2
41 73 1
41 74 1
41 75 4
41 76 2
41 77 3
41 78 2
41 79 2
41 80 1
41 81 4
41 82 1
41 83 2
41 84 2
41 85 3
41 86 1
41 87 1
41 88 2
41 89 1
41 90 3
41 91 1
41 92 3
41 93 2
41 94 5
41 95 1
41 96 2
41 97 4
41 98 3
41 99 1
41 100 4
42 1 3
42 2 4
42 3 5
42 4 3
42 5 5
42 6 5
42 7 5
42 8 4
42 9 3
42 10 1
42 11 4
42 12 3
42 13 3
42 14 2
42 15 2
42 16 5
42 17 2
42 18 4
42 19 1
42 20 4
42 21 1
42 22 3
42 23 1
42 24 2
42 25 3
42 26 2
42 27 4
42 28 3
42 29 1
42 30 1
42 31 3
42 32 3
42 33 5
42 34 2
42 35 5
42 36 1
42 37 3
42 38 4
42 39 4
42 40 2
42 41 1
42 43 2
42 44 5
42 45 3
42 46 5
42 47 3
42 48 3
42 49 1
42 50 1
42 51 5
42 52 5
42 53 2
42 54 3
42 55 2
42 56 5
42 57 2
42 58 5
42 59 3
42 60 4
42 61 5
42 62 1
42 63 2
42 64 2
42 65 5
42 66 5
42 67 4
42 68 5
42 69 5
42 70 4
42 71 3
42 72 3
42 73 5
42 74 1
42 75 4
42 76 2
42 77 5
42 78 1
42 79 1
42 80 2
42 81 2
42 82 3
42 83 1
42 84 5
42 85 5
42 86 5
42 87 4
42 88 3
42 89 4
42 90 2
42 91 3
42 92 4
42 93 4
42 94 1
42 95 2
42 96 3
42 97 3
42 98 5
42 99 4
42 100 2
43 1 1
43 2 1
43 3 4
43 4 5
43 5 3
43 6 3
43 7 3
43 8 4
43 9 5
43 10 4
43 11 5
43 12 1
43 13 3
43 14 3
43 15 5
43 16 2
43 17 2
43 18 4
43 19 1
43 20 5
43 21 2
43 22 3
43 23 3
43 24 5
43 25 4
43 26 2
43 27 4
43 28 1
43 29 1
43 30 2
43 31 4
43 32 1
43 33 4
43 34 4
43 35 2
43 36 1
43 37 3
43 38 5
43 39 1
43 40 3
43 41 5
43 42 5
43 44 3
43 45 2
43 46 2
43 47 5
43 48 5
43 49 3
43 50 5
43 51 5
43 52 5
43 53 1
43 54 4
43 55 2
43 56 2
43 57 2
43 58 5
43 59 5
43 60 4
43 61 1
43 62 3
43 63 2
43 64 3
43 65 1
43 66 1
43 67 2
43 68 3
43 69 3
43 70 1
43 71 3
43 72 5
43 73 2
43 74 4
43 75 5
43 76 3
43 77 3
43 78 4
43 79 4
43 80 5
43 81 3
43 82 3
43 83 1
43 84 5
43 85 3
43 86 3
43 87 3
43 88 5
43 89 2
43 90 2
43 91 3
43 92 4
43 93 1
43 94 5
43 95 4
43 96 1
43 97 2
43 98 2
43 99 5
43 100 4
44 1 4
44 2 4
44 3 1
44 4 5
44 5 2
44 6 5
44 7 4
44 8 4
44 9 5
44 10 2
44 11 1
44 12 4
44 13 1
44 14 1
44 15 5
44 16 3
44 17 5
44 18 2
44 19 4
44 20 4
44 21 5
44 22 2
44 23 4
44 24 5
44 25 3
44 26 4
44 27 2
44 28 1
44 29 5
44 30 1
44 31 4
44 32 3
44 33 1
44 34 1
44 35 4
44 36 2
44 37 2
44 38 2
44 39 3
44 40 3
44 41 5
44 42 5
44 43 1
44 45 5
44 46 2
44 47 2
44 48 5
44 49 2
44 50 3
44 51 3
44 52 2
44 53 2
44 54 1
44 55 2
44 56 3
44 57 3
44 58 1
44 59 4
44 60 3
44 61 2
44 62 1
44 63 4
44 64 2
44 65 3
44 66 1
44 67 2
44 68 5
44 69 3
44 70 4
44 71 4
44 72 5
44 73 5
44 74 3
44 75 3
44 76 5
44 77 1
44 78 4
44 79 4
44 80 2
44 81 2
44 82 3
44 83 5
44 84 5
44 85 4
44 86 2
44 87 5
44 88 1
44 89 4
44 90 5
44 91 1
44 92 2
44 93 3
44 94 1
44 95 5
44 96 5
44 97 1
44 98 2
44 99 1
44 100 5
45 1 2
45 2 4
45 3 5
45 4 1
45 5 3
45 6 4
45 7 5
45 8 4
45 9 2
45 10 5
45 11 2
45 12 5
45 13 3
45 14 2
45 15 2
45 16 1
45 17 5
45 18 1
45 19 3
45 20 5
45 21 5
45 22 5
45 23 1
45 24 2
45 25 2
45 26 3
45 27 2
45 28 5
45 29 4
45 30 2
45 31 4
45 32 5
45 33 3
45 34 5
45 35 5
45 36 5
45 37 3
45 38 2
45 39 5
45 40 2
45 41 3
45 42 2
45 43 1
45 44 2
45 46 5
45 47 2
45 48 4
45 49 1
45 50 4
45 51 4
45 52 5
45 53 4
45 54 3
45 55 2
45 56 2
45 57 2
45 58 4
45 59 5
45 60 1
45 61 4
45 62 4
45 63 4
45 64 3
45 65 1
45 66 1
45 67 5
45 68 2
45 69 5
45 70 3
45 71 4
45 72 1
45 73 5
45 74 5
45 75 4
45 76 4
45 77 1
45 78 2
45 79 2
45 80 1
45 81 1
45 82 5
45 83 2
45 84 1
45 85 5
45 86 5
45 87 4
45 88 1
45 89 4
45 90 4
45 91 3
45 92 2
45 93 4
45 94 1
45 95 2
45 96 4
45 97 3
45 98 3
45 99 2
45 100 3
46 1 5
46 2 5
46 3 5
46 4 1
46 5 1
46 6 3
46 7 4
46 8 1
46 9 5
46 10 1
46 11 3
46 12 2
46 13 2
46 14 1
46 15 4
46 16 3
46 17 1
46 18 2
46 19 3
46 20 1
46 21 2
46 22 5
46 23 4
46 24 5
46 25 3
46 26 2
46 27 3
46 28 2
46 29 4
46 30 2
46 31 4
46 32 3
46 33 3
46 34 1
46 35 4
46 36 4
46 37 3
46 38 4
46 39 1
46 40 4
46 41 1
46 42 1
46 43 2
46 44 3
46 45 3
46 47 5
46 48 5
46 49 3
46 50 2
46 51 5
46 52 5
46 53 3
46 54 1
46 55 1
46 56 3
46 57 5
46 58 2
46 59 2
46 60 2
46 61 1
46 62 5
46 63 2
46 64 3
46 65 3
46 66 2
46 67 3
46 68 3
46 69 2
46 70 2
46 71 3
46 72 2
46 73 2
46 74 5
46 75 4
46 76 1
46 77 3
46 78 3
46 79 3
46 80 2
46 81 4
46 82 4
46 83 2
46 84 4
46 85 4
46 86 2
46 87 3
46 88 1
46 89 3
46 90 4
46 91 4
46 92 5
46 93 1
46 94 2
46 95 5
46 96 3
46 97 1
46 98 2
46 99 5
46 100 2
47 1 5
47 2 4
47 3 3
47 4 2
47 5 4
47 6 1
47 7 2
47 8 3
47 9 4
47 10 1
47 11 4
47 12 4
47 13 4
47 14 5
47 15 4
47 16 5
47 17 3
47 18 1
47 19 5
47 20 3
47 21 2
47 22 3
47 23 2
47 24 2
47 25 1
47 26 1
47 27 4
47 28 1
47 29 5
47 30 5
47 31 2
47 32 4
47 33 5
47 34 2
47 35 2
47 36 3
47 37 4
47 38 1
47 39 2
47 40 4
47 41 1
47 42 1
47 43 5
47 44 5
47 45 2
47 46 3
47 48 4
47 49 5
47 50 4
47 51 5
47 52 4
47 53 5
47 54 4
47 55 2
47 56 1
47 57 4
47 58 5
47 59 1
47 60 2
47 61 4
47 62 5
47 63 5
47 64 4
47 65 4
47 66 1
47 67 1
47 68 4
47 69 2
47 70 1
47 71 5
47 72 5
47 73 1
47 74 5
47 75 4
47 76 2
47 77 4
47 78 2
47 79 2
47 80 5
47 81 5
47 82 1
47 83 3
47 84 1
47 85 1
47 86 4
47 87 1
47 88 2
47 89 5
47 90 1
47 91 3
47 92 3
47 93 2
47 94 2
47 95 2
47 96 2
47 97 3
47 98 4
47 99 5
47 100 1
48 1 4
48 2 2
48 3 5
48 4 4
48 5 3
48 6 1
48 7 3
48 8 1
48 9 2
48 10 4
48 11 5
48 12 3
48 13 2
48 14 2
48 15 3
48 16 2
48 17 3
48 18 5
48 19 5
48 20 2
48 21 2
48 22 2
48 23 2
48 24 3
48 25 4
48 26 5
48 27 4
48 28 3
48 29 3
48 30 1
48 31 3
48 32 1
48 33 2
48 34 2
48 35 1
48 36 4
48 37 4
48 38 3
48 39 5
48 40 5
48 41 4
48 42 1
48 43 4
48 44 2
48 45 3
48 46 3
48 47 5
48 49 2
48 50 4
48 51 5
48 52 5
48 53 5
48 54 1
48 55 1
48 56 4
48 57 1
48 58 5
48 59 5
48 60 3
48 61 2
48 62 5
48 63 5
48 64 4
48 65 3
48 66 4
48 67 5
48 68 1
48 69 2
48 70 4
48 71 2
48 72 4
48 73 4
48 74 3
48 75 4
48 76 5
48 77 2
48 78 4
48 79 5
48 80 5
48 81 2
48 82 4
48 83 4
48 84 4
48 85 1
48 86 2
48 87 2
48 88 2
48 89 1
48 90 1
48 91 4
48 92 5
48 93 2
48 94 1
48 95 5
48 96 4
48 97 1
48 98 1
48 99 2
48 100 2
49 1 5
49 2 5
49 3 2
49 4 5
49 5 2
49 6 3
49 7 5
49 8 5
49 9 1
49 10 1
49 11 4
49 12 2
49 13 4
49 14 3
49 15 5
49 16 1
49 17 4
49 18 2
49 19 2
49 20 1
49 21 4
49 22 3
49 23 2
49 24 3
49 25 3
49 26 2
49 27 3
49 28 3
49 29 2
49 30 4
49 31 1
49 32 3
49 33 1
49 34 5
49 35 5
49 36 4
49 37 2
49 38 4
49 39 4
49 40 2
49 41 4
49 42 2
49 43 5
49 44 4
49 45 1
49 46 5
49 47 4
49 48 1
49 50 3
49 51 1
49 52 4
49 53 3
49 54 3
49 55 2
49 56 5
49 57 2
49 58 3
49 59 3
49 60 1
49 61 2
49 62 3
49 63 1
49 64 1
49 65 5
49 66 2
49 67 5
49 68 4
49 69 3
49 70 5
49 71 2
49 72 1
49 73 5
49 74 5
49 75 1
49 76 3
49 77 3
49 78 2
49 79 2
49 80 5
49 81 4
49 82 4
49 83 3
49 84 3
49 85 3
49 86 5
49 87 3
49 88 4
49 89 4
49 90 2
49 91 1
49 92 2
49 93 1
49 94 3
49 95 5
49 96 1
49 97 5
49 98 1
49 99 4
49 100 4
50 1 1
50 2 2
50 3 2
50 4 5
50 5 3
50 6 2
50 7 5
50 8 5
50 9 5
50 10 3
50 11 5
50 12 5
50 13 1
50 14 4
50 15 2
50 16 5
50 17 5
50 18 1
50 19 5
50 20 1
50 21 2
50 22 5
50 23 2
50 24 5
50 25 2
50 26 3
50 27 2
50 28 3
50 29 4
50 30 2
50 31 2
50 32 1
50 33 3
50 34 3
50 35 5
50 36 5
50 37 1
50 38 1
50 39 2
50 40 5
50 41 3
50 42 3
50 43 4
50 44 3
50 45 1
50 46 2
50 47 4
50 48 1
50 49 3
50 51 3
50 52 1
50 53 4
50 54 4
50 55 4
50 56 5
50 57 1
50 58 2
50 59 1
50 60 3
50 61 2
50 62 2
50 63 1
50 64 2
50 65 4
50 66 5
50 67 3
50 68 1
50 69 2
50 70 4
50 71 4
50 72 3
50 73 1
50 74 1
50 75 3
50 76 1
50 77 1
50 78 5
50 79 1
50 80 3
50 81 2
50 82 4
50 83 5
50 84 2
50 85 2
50 86 1
50 87 2
50 88 4
50 89 4
50 90 4
50 91 4
50 92 5
50 93 1
50 94 1
50 95 3
50 96 1
50 97 1
50 98 5
50 99 3
50 100 4
51 1 5
51 2 1
51 3 2
51 4 1
51 5 1
51 6 1
51 7 3
51 8 4
51 9 5
51 10 3
51 11 3
51 12 1
51 13 3
51 14 5
51 15 5
51 16 5
51 17 5
51 18 3
51 19 5
51 20 3
51 21 1
51 22 3
51 23 4
51 24 1
51 25 1
51 26 1
51 27 4
51 28 3
51 29 2
51 30 1
51 31 1
51 32 2
51 33 4
51 34 4
51 35 4
51 36 4
51 37 5
51 38 1
51 39 4
51 40 4
51 41 5
51 42 2
51 43 2
51 44 3
51 45 1
51 46 1
51 47 4
51 48 5
51 49 5
51 50 3
51 52 4
51 53 5
51 54 3
51 55 4
51 56 3
51 57 5
51 58 1
51 59 1
51 60 2
51 61 2
51 62 3
51 63 2
51 64 5
51 65 1
51 66 1
51 67 3
51 68 2
51 69 2
51 70 5
51 71 5
51 72 5
51 73 5
51 74 3
51 75 3
51 76 2
51 77 3
51 78 5
51 79 2
51 80 4
51 81 4
51 82 1
51 83 4
51 84 4
51 85 3
51 86 2
51 87 3
51 88 4
51 89 4
51 90 5
51 91 5
51 92 3
51 93 2
51 94 2
51 95 2
51 96 5
51 97 4
51 98 5
51 99 3
51 100 5
52 1 4
52 2 2
52 3 1
52 4 5
52 5 5
52 6 4
52 7 3
52 8 4
52 9 5
52 10 4
52 11 3
52 12 4
52 13 5
52 14 1
52 15 4
52 16 4
52 17 5
52 18 1
52 19 3
52 20 5
52 21 5
52 22 2
52 23 2
52 24 3
52 25 5
52 26 4
52 27 4
52 28 5
52 29 3
52 30 1
52 31 1
52 32 3
52 33 5
52 34 4
52 35 5
52 36 4
52 37 4
52 38 2
52 39 4
52 40 3
52 41 3
52 42 1
52 43 1
52 44 4
52 45 4
52 46 1
52 47 2
52 48 5
52 49 1
52 50 1
52 51 4
52 53 2
52 54 5
52 55 1
52 56 5
52 57 1
52 58 4
52 59 3
52 60 3
52 61 3
52 62 1
52 63 3
52 64 2
52 65 5
52 66 1
52 67 1
52 68 3
52 69 4
52 70 5
52 71 3
52 72 2
52 73 2
52 74 4
52 75 4
52 76 5
52 77 4
52 78 5
52 79 3
52 80 3
52 81 2
52 82 1
52 83 3
52 84 1
52 85 5
52 86 3
52 87 5
52 88 5
52 89 3
52 90 4
52 91 2
52 92 5
52 93 1
52 94 2
52 95 4
52 96 5
52 97 4
52 98 1
52 99 4
52 100 3
53 1 5
53 2 2
53 3 1
53 4 3
53 5 5
53 6 1
53 7 4
53 8 5
53 9 2
53 10 2
53 11 2
53 12 4
53 13 2
53 14 4
53 15 4
53 16 3
53 17 4
53 18 5
53 19 4
53 20 1
53 21 5
53 22 3
53 23 3
53 24 1
53 25 4
53 26 1
53 27 2
53 28 2
53 29 3
53 30 1
53 31 1
53 32 3
53 33 2
53 34 3
53 35 5
53 36 3
53 37 1
53 38 4
53 39 2
53 40 2
53 41 2
53 42 5
53 43 2
53 44 5
53 45 5
53 46 2
53 47 2
53 48 3
53 49 3
53 50 5
53 51 1
53 52 5
53 54 2
53 55 3
53 56 5
53 57 5
53 58 5
53 59 3
53 60 4
53 61 2
53 62 3
53 63 1
53 64 1
53 65 1
53 66 1
53 67 3
53 68 3
53 69 1
53 70 3
53 71 1
53 72 2
53 73 4
53 74 5
53 75 1
53 76 3
53 77 2
53 78 2
53 79 4
53 80 1
53 81 2
53 82 5
53 83 1
53 84 1
53 85 2
53 86 5
53 87 2
53 88 3
53 89 1
53 90 4
53 91 3
53 92 5
53 93 2
53 94 4
53 95 5
53 96 2
53 97 4
53 98 2
53 99 2
53 100 1
54 1 4
54 2 2
54 3 4
54 4 4
54 5 4
54 6 4
54 7 1
54 8 5
54 9 3
54 10 1
54 11 2
54 12 4
54 13 1
54 14 3
54 15 4
54 16 4
54 17 4
54 18 2
54 19 1
54 20 2
54 21 5
54 22 1
54 23 1
54 24 3
54 25 4
54 26 5
54 27 2
54 28 4
54 29 4
54 30 3
54 31 1
54 32 4
54 33 1
54 34 4
54 35 3
54 36 4
54 37 3
54 38 5
54 39 5
54 40 2
54 41 3
54 42 2
54 43 5
54 44 5
54 45 1
54 46 5
54 47 3
54 48 1
54 49 1
54 50 5
54 51 2
54 52 2
54 53 5
54 55 2
54 56 5
54 57 3
54 58 4
54 59 1
54 60 3
54 61 2
54 62 5
54 63 3
54 64 2
54 65 5
54 66 2
54 67 4
54 68 4
54 69 1
54 70 1
54 71 5
54 72 2
54 73 3
54 74 3
54 75 3
54 76 2
54 77 5
54 78 4
54 79 4
54 80 1
54 81 4
54 82 3
54 83 4
54 84 2
54 85 3
54 86 1
54 87 1
54 88 2
54 89 1
54 90 3
54 91 2
54 92 4
54 93 2
54 94 4
54 95 5
54 96 2
54 97 2
54 98 4
54 99 2
54 100 4
55 1 4
55 2 1
55 3 2
55 4 3
55 5 4
55 6 4
55 7 4
55 8 3
55 9 2
55 10 4
55 11 5
55 12 2
55 13 1
55 14 4
55 15 4
55 16 5
55 17 1
55 18 1
55 19 4
55 20 1
55 21 4
55 22 5
55 23 4
55 24 5
55 25 3
55 26 5
55 27 1
55 28 2
55 29 3
55 30 4
55 31 2
55 32 3
55 33 5
55 34 4
55 35 5
55 36 5
55 37 4
55 38 5
55 39 4
55 40 3
55 41 3
55 42 4
55 43 4
55 44 1
55 45 4
55 46 4
55 47 2
55 48 4
55 49 5
55 50 5
55 51 1
55 52 3
55 53 4
55 54 1
55 56 4
55 57 4
55 58 5
55 59 2
55 60 5
55 61 5
55 62 5
55 63 3
55 64 4
55 65 1
55 66 1
55 67 4
55 68 5
55 69 5
55 70 5
55 71 4
55 72 2
55 73 5
55 74 4
55 75 2
55 76 5
55 77 2
55 78 1
55 79 1
55 80 2
55 81 2
55 82 1
55 83 4
55 84 1
55 85 1
55 86 1
55 87 4
55 88 4
55 89 5
55 90 2
55 91 5
55 92 1
55 93 2
55 94 3
55 95 5
55 96 2
55 97 5
55 98 5
55 99 4
55 100 4
56 1 4
56 2 4
56 3 2
56 4 3
56 5 2
56 6 1
56 7 4
56 8 5
56 9 3
56 10 5
56 11 3
56 12 4
56 13 2
56 14 1
56 15 4
56 16 2
56 17 1
56 18 4
56 19 1
56 20 2
56 21 1
56 22 2
56 23 3
56 24 2
56 25 4
56 26 2
56 27 5
56 28 4
56 29 3
56 30 3
56 31 4
56 32 1
56 33 1
56 34 3
56 35 1
56 36 4
56 37 3
56 38 4
56 39 5
56 40 5
56 41 5
56 42 2
56 43 3
56 44 1
56 45 4
56 46 3
56 47 5
56 48 1
56 49 1
56 50 2
56 51 3
56 52 1
56 53 3
56 54 2
56 55 4
56 57 4
56 58 5
56 59 1
56 60 4
56 61 2
56 62 5
56 63 2
56 64 4
56 65 3
56 66 1
56 67 4
56 68 1
56 69 3
56 70 3
56 71 3
56 72 4
56 73 4
56 74 4
56 75 1
56 76 2
56 77 5
56 78 5
56 79 1
56 80 5
56 81 1
56 82 4
56 83 4
56 84 3
56 85 3
56 86 2
56 87 4
56 88 1
56 89 1
56 90 1
56 91 1
56 92 4
56 93 5
56 94 5
56 95 3
56 96 2
56 97 5
56 98 1
56 99 5
56 100 3
57 1 5
57 2 4
57 3 1
57 4 1
57 5 2
57 6 4
57 7 2
57 8 1
57 9 3
57 10 2
57 11 3
57 12 5
57 13 2
57 14 1
57 15 5
57 16 4
57 17 3
57 18 5
57 19 5
57 20 5
57 21 5
57 22 5
57 23 4
57 24 4
57 25 4
57 26 3
57 27 3
57 28 1
57 29 5
57 30 4
57 31 5
57 32 5
57 33 2
57 34 2
57 35 5
57 36 5
57 37 5
57 38 3
57 39 3
57 40 5
57 41 1
57 42 5
57 43 1
57 44 2
57 45 2
57 46 2
57 47 5
57 48 1
57 49 1
57 50 1
57 51 3
57 52 5
57 53 3
57 54 1
57 55 1
57 56 3
57 58 3
57 59 5
57 60 3
57 61 2
57 62 3
57 63 2
57 64 3
57 65 1
57 66 4
57 67 4
57 68 5
57 69 5
57 70 3
57 71 4
57 72 1
57 73 3
57 74 5
57 75 2
57 76 4
57 77 4
57 78 3
57 79 4
57 80 4
57 81 4
57 82 1
57 83 3
57 84 5
57 85 3
57 86 3
57 87 5
57 88 1
57 89 2
57 90 4
57 91 3
57 92 1
57 93 3
57 94 2
57 95 5
57 96 3
57 97 2
57 98 1
57 99 5
57 100 1
58 1 3
58 2 5
58 3 2
58 4 1
58 5 5
58 6 5
58 7 4
58 8 3
58 9 4
58 10 4
58 11 3
58 12 4
58 13 5
58 14 1
58 15 4
58 16 4
58 17 5
58 18 5
58 19 1
58 20 4
58 21 1
58 22 4
58 23 4
58 24 3
58 25 2
58 26 5
58 27 3
58 28 3
58 29 5
58 30 4
58 31 3
58 32 3
58 33 5
58 34 1
58 35 5
58 36 4
58 37 5
58 38 3
58 39 3
58 40 1
58 41 4
58 42 1
58 43 4
58 44 5
58 45 3
58 46 2
58 47 5
58 48 2
58 49 4
58 50 1
58 51 5
58 52 4
58 53 1
58 54 5
58 55 3
58 56 2
58 57 5
58 59 2
58 60 1
58 61 4
58 62 2
58 63 3
58 64 3
58 65 2
58 66 1
58 67 2
58 68 5
58 69 2
58 70 2
58 71 5
58 72 2
58 73 2
58 74 5
58 75 1
58 76 3
58 77 4
58 78 4
58 79 2
58 80 5
58 81 2
58 82 2
58 83 2
58 84 2
58 85 2
58 86 1
58 87 5
58 88 3
58 89 2
58 90 1
58 91 3
58 92 1
58 93 5
58 94 3
58 95 5
58 96 1
58 97 5
58 98 4
58 99 2
58 100 1
59 1 2
59 2 1
59 3 5
59 4 3
59 5 2
59 6 5
59 7 5
59 8 5
59 9 5
59 10 3
59 11 2
59 12 2
59 13 5
59 14 3
59 15 3
59 16 1
59 17 3
59 18 4
59 19 1
59 20 5
59 21 5
59 22 3
59 23 2
59 24 1
59 25 2
59 26 3
59 27 1
59 28 1
59 29 1
59 30 4
59 31 4
59 32 4
59 33 5
59 34 3
59 35 1
59 36 3
59 37 4
59 38 2
59 39 3
59 40 3
59 41 5
59 42 4
59 43 4
59 44 1
59 45 1
59 46 4
59 47 1
59 48 5
59 49 2
59 50 1
59 51 1
59 52 3
59 53 1
59 54 4
59 55 3
59 56 4
59 57 2
59 58 3
59 60 5
59 61 4
59 62 4
59 63 5
59 64 3
59 65 3
59 66 2
59 67 5
59 68 5
59 69 5
59 70 4
59 71 4
59 72 2
59 73 5
59 74 4
59 75 3
59 76 5
59 77 1
59 78 1
59 79 5
59 80 1
59 81 2
59 82 3
59 83 3
59 84 5
59 85 5
59 86 2
59 87 2
59 88 3
59 89 5
59 90 2
59 91 4
59 92 3
59 93 5
59 94 3
59 95 2
59 96 4
59 97 4
59 98 2
59 99 5
59 100 5
60 1 5
60 2 1
60 3 4
60 4 4
60 5 4
60 6 1
60 7 3
60 8 5
60 9 3
60 10 4
60 11 5
60 12 4
60 13 3
60 14 4
60 15 5
60 16 2
60 17 5
60 18 4
60 19 5
60 20 4
60 21 2
60 22 3
60 23 4
60 24 3
60 25 1
60 26 5
60 27 3
60 28 1
60 29 1
60 30 2
60 31 1
60 32 2
60 33 2
60 34 1
60 35 2
60 36 1
60 37 3
60 38 1
60 39 5
60 40 5
60 41 2
60 42 1
60 43 5
60 44 4
60 45 4
60 46 5
60 47 1
60 48 1
60 49 5
60 50 2
60 51 1
60 52 3
60 53 4
60 54 4
60 55 5
60 56 1
60 57 4
60 58 2
60 59 2
60 61 1
60 62 5
60 63 4
60 64 5
60 65 4
60 66 4
60 67 1
60 68 4
60 69 1
60 70 2
60 71 5
60 72 2
60 73 5
60 74 2
60 75 1
60 76 3
60 77 2
60 78 2
60 79 5
60 80 4
60 81 1
60 82 1
60 83 5
60 84 3
60 85 5
60 86 3
60 87 4
60 88 5
60 89 3
60 90 2
60 91 1
60 92 4
60 93 2
60 94 1
60 95 3
60 96 5
60 97 4
60 98 5
60 99 5
60 100 1
61 1 3
61 2 1
61 3 2
61 4 2
61 5 4
61 6 3
61 7 5
61 8 5
61 9 1
61 10 4
61 11 4
61 12 4
61 13 5
61 14 5
61 15 1
61 16 1
61 17 2
61 18 2
61 19 5
61 20 5
61 21 3
61 22 3
61 23 5
61 24 1
61 25 3
61 26 2
61 27 5
61 28 4
61 29 3
61 30 1
61 31 1
61 32 1
61 33 1
61 34 3
61 35 2
61 36 4
61 37 2
61 38 1
61 39 1
61 40 4
61 41 2
61 42 1
61 43 2
61 44 3
61 45 5
61 46 5
61 47 3
61 48 3
61 49 1
61 50 4
61 51 2
61 52 5
61 53 1
61 54 1
61 55 1
61 56 1
61 57 4
61 58 2
61 59 1
61 60 2
61 62 3
61 63 1
61 64 2
61 65 3
61 66 5
61 67 5
61 68 4
61 69 3
61 70 3
61 71 1
61 72 2
61 73 4
61 74 1
61 75 3
61 76 3
61 77 5
61 78 2
61 79 5
61 80 4
61 81 4
61 82 3
61 83 1
61 84 4
61 85 1
61 86 3
61 87 4
61 88 3
61 89 4
61 90 5
61 91 3
61 92 2
61 93 4
61 94 5
61 95 5
61 96 4
61 97 5
61 98 4
61 99 2
61 100 4
62 1 1
62 2 2
62 3 2
62 4 1
62 5 4
62 6 5
62 7 3
62 8 5
62 9 3
62 10 4
62 11 3
62 12 2
62 13 4
62 14 5
62 15 2
62 16 4
62 17 3
62 18 2
62 19 3
62 20 3
62 21 1
62 22 5
62 23 4
62 24 2
62 25 4
62 26 3
62 27 5
62 28 5
62 29 1
62 30 3
62 31 1
62 32 4
62 33 1
62 34 2
62 35 4
62 36 4
62 37 3
62 38 4
62 39 3
62 40 3
62 41 2
62 42 2
62 43 4
62 44 5
62 45 2
62 46 2
62 47 5
62 48 1
62 49 3
62 50 2
62 51 3
62 52 5
62 53 3
62 54 1
62 55 1
62 56 2
62 57 3
62 58 5
62 59 3
62 60 5
62 61 2
62 63 5
62 64 3
62 65 2
62 66 2
62 67 2
62 68 2
62 69 1
62 70 5
62 71 1
62 72 3
62 73 3
62 74 3
62 75 1
62 76 3
62 77 4
62 78 4
62 79 2
62 80 4
62 81 1
62 82 1
62 83 1
62 84 1
62 85 3
62 86 3
62 87 3
62 88 1
62 89 5
62 90 5
62 91 1
62 92 1
62 93 3
62 94 5
62 95 4
62 96 5
62 97 1
62 98 2
62 99 3
62 100 2
63 1 1
63 2 4
63 3 1
63 4 3
63 5 1
63 6 4
63 7 2
63 8 1
63 9 2
63 10 1
63 11 1
63 12 3
63 13 1
63 14 3
63 15 5
63 16 5
63 17 5
63 18 2
63 19 1
63 20 1
63 21 1
63 22 1
63 23 1
63 24 4
63 25 2
63 26 4
63 27 5
63 28 5
63 29 2
63 30 4
63 31 3
63 32 2
63 33 2
63 34 3
63 35 2
63 36 4
63 37 1
63 38 5
63 39 1
63 40 3
63 41 5
63 42 1
63 43 5
63 44 2
63 45 3
63 46 1
63 47 4
63 48 4
63 49 4
63 50 4
63 51 4
63 52 5
63 53 1
63 54 2
63 55 5
63 56 2
63 57 5
63 58 1
63 59 1
63 60 2
63 61 4
63 62 3
63 64 5
63 65 3
63 66 1
63 67 3
63 68 3
63 69 1
63 70 5
63 71 4
63 72 5
63 73 1
63 74 4
63 75 1
63 76 5
63 77 4
63 78 1
63 79 3
63 80 4
63 81 5
63 82 1
63 83 3
63 84 1
63 85 3
63 86 4
63 87 2
63 88 1
63 89 5
63 90 2
63 91 4
63 92 3
63 93 2
63 94 3
63 95 5
63 96 1
63 97 3
63 98 4
63 99 4
63 100 1
64 1 3
64 2 2
64 3 2
64 4 1
64 5 2
64 6 3
64 7 5
64 8 2
64 9 3
64 10 2
64 11 1
64 12 4
64 13 4
64 14 5
64 15 4
64 16 1
64 17 3
64 18 2
64 19 3
64 20 4
64 21 5
64 22 1
64 23 4
64 24 2
64 25 4
64 26 3
64 27 2
64 28 3
64 29 3
64 30 2
64 31 5
64 32 3
64 33 3
64 34 2
64 35 3
64 36 2
64 37 4
64 38 2
64 39 3
64 40 3
64 41 3
64 42 3
64 43 2
64 44 1
64 45 2
64 46 2
64 47 3
64 48 1
64 49 4
64 50 2
64 51 2
64 52 5
64 53 3
64 54 5
64 55 1
64 56 3
64 57 4
64 58 5
64 59 5
64 60 1
64 61 1
64 62 5
64 63 3
64 65 1
64 66 1
64 67 5
64 68 2
64 69 1
64 70 1
64 71 4
64 72 3
64 73 5
64 74 4
64 75 4
64 76 2
64 77 2
64 78 3
64 79 1
64 80 5
64 81 3
64 82 3
64 83 1
64 84 2
64 85 2
64 86 2
64 87 5
64 88 4
64 89 5
64 90 4
64 91 3
64 92 5
64 93 1
64 94 4
64 95 5
64 96 1
64 97 1
64 98 4
64 99 4
64 100 1
65 1 2
65 2 3
65 3 4
65 4 3
65 5 3
65 6 4
65 7 5
65 8 1
65 9 3
65 10 5
65 11 5
65 12 5
65 13 4
65 14 2
65 15 4
65 16 5
65 17 3
65 18 3
65 19 3
65 20 2
65 21 1
65 22 3
65 23 2
65 24 3
65 25 1
65 26 1
65 27 1
65 28 4
65 29 1
65 30 4
65 31 4
65 32 2
65 33 3
65 34 4
65 35 2
65 36 5
65 37 5
65 38 1
65 39 1
65 40 2
65 41 2
65 42 2
65 43 4
65 44 3
65 45 4
65 46 2
65 47 2
65 48 1
65 49 4
65 50 2
65 51 3
65 52 1
65 53 4
65 54 1
65 55 5
65 56 1
65 57 1
65 58 5
65 59 4
65 60 3
65 61 4
65 62 5
65 63 2
65 64 1
65 66 5
65 67 3
65 68 1
65 69 4
65 70 5
65 71 3
65 72 3
65 73 1
65 74 4
65 75 1
65 76 3
65 77 2
65 78 4
65 79 2
65 80 3
65 81 2
65 82 3
65 83 2
65 84 4
65 85 3
65 86 2
65 87 3
65 88 5
65 89 4
65 90 3
65 91 1
65 92 1
65 93 3
65 94 5
65 95 2
65 96 3
65 97 1
65 98 1
65 99 5
65 100 5
66 1 5
66 2 2
66 3 2
66 4 3
66 5 3
66 6 4
66 7 5
66 8 1
66 9 2
66 10 3
66 11 5
66 12 5
66 13 5
66 14 1
66 15 5
66 16 4
66 17 2
66 18 2
66 19 4
66 20 2
66 21 1
66 22 4
66 23 3
66 24 3
66 25 5
66 26 1
66 27 1
66 28 5
66 29 2
66 30 2
66 31 1
66 32 3
66 33 1
66 34 4
66 35 5
66 36 3
66 37 2
66 38 2
66 39 3
66 40 5
66 41 4
66 42 3
66 43 1
66 44 4
66 45 5
66 46 5
66 47 4
66 48 4
66 49 4
66 50 2
66 51 5
66 52 4
66 53 2
66 54 2
66 55 4
66 56 1
66 57 5
66 58 4
66 59 3
66 60 3
66 61 2
66 62 3
66 63 5
66 64 2
66 65 2
66 67 5
66 68 4
66 69 3
66 70 3
66 71 4
66 72 5
66 73 1
66 74 3
66 75 2
66 76 1
66 77 2
66 78 2
66 79 5
66 80 2
66 81 2
66 82 1
66 83 2
66 84 5
66 85 3
66 86 5
66 87 3
66 88 5
66 89 4
66 90 3
66 91 2
66 92 1
66 93 5
66 94 5
66 95 3
66 96 1
66 97 1
66 98 4
66 99 2
66 100 5
67 1 1
67 2 2
67 3 1
67 4 1
67 5 1
67 6 3
67 7 2
67 8 4
67 9 1
67 10 1
67 11 1
67 12 2
67 13 3
67 14 2
67 15 1
67 16 2
67 17 1
67 18 1
67 19 2
67 20 5
67 21 3
67 22 5
67 23 2
67 24 4
67 25 4
67 26 1
67 27 2
67 28 1
67 29 1
67 30 5
67 31 1
67 32 1
67 33 1
67 34 3
67 35 4
67 36 3
67 37 5
67 38 2
67 39 1
67 40 5
67 41 4
67 42 1
67 43 1
67 44 3
67 45 4
67 46 4
67 47 5
67 48 5
67 49 4
67 50 3
67 51 1
67 52 3
67 53 2
67 54 4
67 55 2
67 56 3
67 57 2
67 58 5
67 59 3
67 60 2
67 61 4
67 62 5
67 63 5
67 64 1
67 65 3
67 66 5
67 68 3
67 69 4
67 70 3
67 71 3
67 72 4
67 73 1
67 74 1
67 75 4
67 76 3
67 77 4
67 78 4
67 79 4
67 80 5
67 81 2
67 82 1
67 83 2
67 84 5
67 85 5
67 86 3
67 87 3
67 88 4
67 89 4
67 90 2
67 91 1
67 92 2
67 93 5
67 94 3
67 95 1
67 96 2
67 97 5
67 98 5
67 99 4
67 100 5
68 1 2
68 2 3
68 3 3
68 4 4
68 5 3
68 6 4
68 7 4
68 8 4
68 9 2
68 10 4
68 11 5
68 12 4
68 13 2
68 14 2
68 15 5
68 16 1
68 17 4
68 18 2
68 19 4
68 20 4
68 21 5
68 22 1
68 23 5
68 24 1
68 25 3
68 26 1
68 27 2
68 28 4
68 29 2
68 30 2
68 31 4
68 32 1
68 33 4
68 34 3
68 35 1
68 36 4
68 37 1
68 38 4
68 39 4
68 40 3
68 41 5
68 42 3
68 43 3
68 44 1
68 45 1
68 46 4
68 47 1
68 48 1
68 49 2
68 50 1
68 51 4
68 52 1
68 53 1
68 54 1
68 55 3
68 56 1
68 57 3
68 58 1
68 59 1
68 60 1
68 61 2
68 62 1
68 63 1
68 64 5
68 65 4
68 66 4
68 67 5
68 69 4
68 70 4
68 71 3
68 72 3
68 73 3
68 74 3
68 75 2
68 76 3
68 77 3
68 78 2
68 79 5
68 80 1
68 81 3
68 82 5
68 83 1
68 84 5
68 85 3
68 86 1
68 87 2
68 88 5
68 89 3
68 90 2
68 91 5
68 92 4
68 93 5
68 94 1
68 95 1
68 96 5
68 97 1
68 98 1
68 99 4
68 100 4
69 1 5
69 2 2
69 3 4
69 4 2
69 5 1
69 6 2
69 7 2
69 8 3
69 9 4
69 10 1
69 11 5
69 12 1
69 13 3
69 14 1
69 15 3
69 16 5
69 17 1
69 18 1
69 19 1
69 20 1
69 21 5
69 22 2
69 23 1
69 24 4
69 25 2
69 26 3
69 27 3
69 28 2
69 29 4
69 30 4
69 31 3
69 32 3
69 33 2
69 34 3
69 35 1
69 36 2
69 37 4
69 38 2
69 39 1
69 40 4
69 41 3
69 42 1
69 43 5
69 44 5
69 45 1
69 46 4
69 47 1
69 48 3
69 49 4
69 50 1
69 51 3
69 52 3
69 53 2
69 54 5
69 55 4
69 56 1
69 57 3
69 58 3
69 59 4
69 60 1
69 61 1
69 62 3
69 63 3
69 64 4
69 65 5
69 66 3
69 67 5
69 68 1
69 70 5
69 71 3
69 72 4
69 73 4
69 74 3
69 75 5
69 76 5
69 77 5
69 78 3
69 79 5
69 80 2
69 81 4
69 82 2
69 83 2
69 84 3
69 85 5
69 86 3
69 87 1
69 88 5
69 89 5
69 90 4
69 91 1
69 92 5
69 93 4
69 94 3
69 95 4
69 96 5
69 97 5
69 98 4
69 99 1
69 100 2
70 1 3
70 2 3
70 3 5
70 4 3
70 5 2
70 6 5
70 7 2
70 8 1
70 9 4
70 10 3
70 11 5
70 12 2
70 13 4
70 14 3
70 15 5
70 16 3
70 17 5
70 18 5
70 19 5
70 20 5
70 21 5
70 22 5
70 23 1
70 24 1
70 25 4
70 26 5
70 27 5
70 28 5
70 29 3
70 30 5
70 31 1
70 32 2
70 33 5
70 34 1
70 35 1
70 36 1
70 37 2
70 38 2
70 39 4
70 40 2
70 41 4
70 42 3
70 43 1
70 44 4
70 45 5
70 46 2
70 47 1
70 48 1
70 49 3
70 50 2
70 51 2
70 52 3
70 53 3
70 54 3
70 55 3
70 56 2
70 57 4
70 58 2
70 59 3
70 60 3
70 61 3
70 62 4
70 63 1
70 64 2
70 65 1
70 66 1
70 67 3
70 68 4
70 69 4
70 71 1
70 72 5
70 73 2
70 74 5
70 75 2
70 76 5
70 77 1
70 78 3
70 79 2
70 80 1
70 81 1
70 82 4
70 83 3
70 84 5
70 85 1
70 86 2
70 87 2
70 88 4
70 89 2
70 90 5
70 91 2
70 92 1
70 93 2
70 94 2
70 95 1
70 96 4
70 97 2
70 98 3
70 99 1
70 100 2
71 1 1
71 2 3
71 3 1
71 4 4
71 5 2
71 6 5
71 7 5
71 8 2
71 9 2
71 10 1
71 11 2
71 12 4
71 13 1
71 14 1
71 15 3
71 16 4
71 17 4
71 18 4
71 19 4
71 20 5
71 21 3
71 22 2
71 23 5
71 24 5
71 25 3
71 26 5
71 27 5
71 28 1
71 29 4
71 30 5
71 31 2
71 32 4
71 33 2
71 34 5
71 35 2
71 36 3
71 37 4
71 38 1
71 39 1
71 40 2
71 41 4
71 42 2
71 43 1
71 44 1
71 45 5
71 46 3
71 47 1
71 48 3
71 49 4
71 50 5
71 51 5
71 52 3
71 53 3
71 54 4
71 55 4
71 56 3
71 57 1
71 58 3
71 59 3
71 60 4
71 61 2
71 62 2
71 63 5
71 64 5
71 65 3
71 66 1
71 67 4
71 68 1
71 69 4
71 70 4
71 72 2
71 73 4
71 74 3
71 75 4
71 76 4
71 77 4
71 78 4
71 79 5
71 80 1
71 81 2
71 82 1
71 83 5
71 84 4
71 85 3
71 86 1
71 87 5
71 88 5
71 89 1
71 90 2
71 91 5
71 92 1
71 93 1
71 94 3
71 95 5
71 96 2
71 97 5
71 98 3
71 99 1
71 100 5
72 1 1
72 2 1
72 3 3
72 4 4
72 5 5
72 6 4
72 7 4
72 8 3
72 9 2
72 10 5
72 11 1
72 12 5
72 13 5
72 14 2
72 15 5
72 16 5
72 17 2
72 18 4
72 19 1
72 20 2
72 21 1
72 22 2
72 23 5
72 24 1
72 25 4
72 26 4
72 27 4
72 28 3
72 29 1
72 30 1
72 31 4
72 32 3
72 33 2
72 34 4
72 35 1
72 36 3
72 37 2
72 38 2
72 39 3
72 40 3
72 41 1
72 42 5
72 43 2
72 44 3
72 45 1
72 46 1
72 47 4
72 48 3
72 49 2
72 50 1
72 51 1
72 52 2
72 53 3
72 54 5
72 55 4
72 56 3
72 57 1
72 58 2
72 59 1
72 60 1
72 61 3
72 62 4
72 63 4
72 64 1
72 65 2
72 66 1
72 67 5
72 68 3
72 69 4
72 70 4
72 71 2
72 73 2
72 74 3
72 75 5
72 76 1
72 77 4
72 78 3
72 79 4
72 80 1
72 81 4
72 82 1
72 83 3
72 84 5
72 85 3
72 86 5
72 87 5
72 88 1
72 89 5
72 90 3
72 91 3
72 92 2
72 93 5
72 94 1
72 95 2
72 96 2
72 97 5
72 98 5
72 99 4
72 100 4
73 1 3
73 2 2
73 3 3
73 4 4
73 5 5
73 6 2
73 7 4
73 8 3
73 9 4
73 10 4
73 11 5
73 12 2
73 13 5
73 14 2
73 15 3
73 16 4
73 17 1
73 18 4
73 19 1
73 20 2
73 21 2
73 22 3
73 23 4
73 24 3
73 25 1
73 26 5
73 27 2
73 28 5
73 29 4
73 30 5
73 31 5
73 32 4
73 33 1
73 34 2
73 35 4
73 36 5
73 37 1
73 38 5
73 39 4
73 40 4
73 41 3
73 42 3
73 43 3
73 44 4
73 45 2
73 46 2
73 47 5
73 48 4
73 49 3
73 50 5
73 51 3
73 52 4
73 53 3
73 54 1
73 55 3
73 56 3
73 57 2
73 58 4
73 59 4
73 60 3
73 61 5
73 62 5
73 63 1
73 64 3
73 65 4
73 66 4
73 67 2
73 68 4
73 69 3
73 70 3
73 71 4
73 72 3
73 74 2
73 75 3
73 76 3
73 77 3
73 78 2
73 79 2
73 80 4
73 81 4
73 82 2
73 83 1
73 84 4
73 85 1
73 86 3
73 87 1
73 88 5
73 89 4
73 90 2
73 91 5
73 92 1
73 93 3
73 94 4
73 95 1
73 96 5
73 97 2
73 98 2
73 99 4
73 100 2
74 1 4
74 2 1
74 3 1
74 4 3
74 5 2
74 6 5
74 7 1
74 8 2
74 9 1
74 10 2
74 11 5
74 12 4
74 13 5
74 14 2
74 15 2
74 16 2
74 17 4
74 18 5
74 19 1
74 20 4
74 21 3
74 22 5
74 23 5
74 24 5
74 25 1
74 26 2
74 27 5
74 28 4
74 29 5
74 30 3
74 31 1
74 32 1
74 33 5
74 34 3
74 35 3
74 36 1
74 37 2
74 38 5
74 39 2
74 40 5
74 41 4
74 42 3
74 43 3
74 44 3
74 45 4
74 46 2
74 47 5
74 48 4
74 49 3
74 50 2
74 51 5
74 52 5
74 53 2
74 54 4
74 55 4
74 56 4
74 57 2
74 58 5
74 59 2
74 60 2
74 61 4
74 62 2
74 63 4
74 64 3
74 65 4
74 66 1
74 67 4
74 68 3
74 69 1
74 70 2
74 71 2
74 72 4
74 73 2
74 75 1
74 76 3
74 77 5
74 78 4
74 79 4
74 80 1
74 81 1
74 82 3
74 83 5
74 84 5
74 85 1
74 86 5
74 87 1
74 88 4
74 89 3
74 90 2
74 91 5
74 92 1
74 93 1
74 94 2
74 95 4
74 96 5
74 97 2
74 98 2
74 99 5
74 100 1
75 1 4
75 2 4
75 3 4
75 4 4
75 5 5
75 6 5
75 7 1
75 8 1
75 9 3
75 10 2
75 11 1
75 12 1
75 13 4
75 14 2
75 15 2
75 16 4
75 17 3
75 18 2
75 19 2
75 20 1
75 21 1
75 22 3
75 23 3
75 24 3
75 25 4
75 26 2
75 27 2
75 28 3
75 29 3
75 30 4
75 31 3
75 32 1
75 33 2
75 34 4
75 35 4
75 36 1
75 37 3
75 38 1
75 39 1
75 40 2
75 41 4
75 42 4
75 43 4
75 44 4
75 45 2
75 46 1
75 47 4
75 48 5
75 49 4
75 50 5
75 51 5
75 52 4
75 53 3
75 54 4
75 55 3
75 56 3
75 57 5
75 58 2
75 59 2
75 60 4
75 61 5
75 62 2
75 63 1
75 64 1
75 65 5
75 66 1
75 67 3
75 68 4
75 69 4
75 70 5
75 71 2
75 72 2
75 73 3
75 74 1
75 76 3
75 77 5
75 78 1
75 79 1
75 80 1
75 81 4
75 82 3
75 83 2
75 84 5
75 85 2
75 86 5
75 87 2
75 88 4
75 89 5
75 90 3
75 91 3
75 92 5
75 93 4
75 94 4
75 95 3
75 96 1
75 97 5
75 98 5
75 99 3
75 100 3
76 1 3
76 2 5
76 3 4
76 4 2
76 5 4
76 6 1
76 7 4
76 8 5
76 9 3
76 10 1
76 11 5
76 12 4
76 13 3
76 14 1
76 15 3
76 16 4
76 17 1
76 18 1
76 19 5
76 20 2
76 21 1
76 22 2
76 23 3
76 24 4
76 25 2
76 26 5
76 27 5
76 28 1
76 29 5
76 30 4
76 31 5
76 32 4
76 33 5
76 34 3
76 35 5
76 36 4
76 37 1
76 38 5
76 39 3
76 40 3
76 41 1
76 42 5
76 43 1
76 44 3
76 45 5
76 46 5
76 47 4
76 48 2
76 49 1
76 50 3
76 51 5
76 52 3
76 53 1
76 54 3
76 55 1
76 56 2
76 57 2
76 58 2
76 59 4
76 60 3
76 61 3
76 62 3
76 63 2
76 64 4
76 65 2
76 66 3
76 67 2
76 68 2
76 69 3
76 70 2
76 71 5
76 72 5
76 73 1
76 74 2
76 75 4
76 77 2
76 78 2
76 79 2
76 80 1
76 81 4
76 82 1
76 83 5
76 84 1
76 85 1
76 86 2
76 87 3
76 88 4
76 89 1
76 90 2
76 91 2
76 92 5
76 93 1
76 94 4
76 95 3
76 96 4
76 97 1
76 98 1
76 99 1
76 100 4
77 1 5
77 2 4
77 3 5
77 4 4
77 5 1
77 6 2
77 7 4
77 8 2
77 9 3
77 10 3
77 11 4
77 12 3
77 13 3
77 14 4
77 15 3
77 16 1
77 17 2
77 18 2
77 19 4
77 20 4
77 21 3
77 22 3
77 23 1
77 24 3
77 25 1
77 26 3
77 27 4
77 28 3
77 29 3
77 30 1
77 31 4
77 32 4
77 33 4
77 34 3
77 35 4
77 36 4
77 37 4
77 38 3
77 39 2
77 40 3
77 41 5
77 42 1
77 43 5
77 44 2
77 45 1
77 46 4
77 47 2
77 48 4
77 49 1
77 50 3
77 51 5
77 52 5
77 53 5
77 54 5
77 55 5
77 56 2
77 57 4
77 58 3
77 59 2
77 60 2
77 61 3
77 62 5
77 63 2
77 64 3
77 65 2
77 66 1
77 67 1
77 68 3
77 69 5
77 70 4
77 71 5
77 72 4
77 73 1
77 74 2
77 75 2
77 76 3
77 78 2
77 79 1
77 80 4
77 81 4
77 82 5
77 83 3
77 84 4
77 85 4
77 86 4
77 87 5
77 88 2
77 89 2
77 90 4
77 91 3
77 92 5
77 93 3
77 94 2
77 95 2
77 96 5
77 97 1
77 98 4
77 99 2
77 100 5
78 1 3
78 2 5
78 3 1
78 4 3
78 5 3
78 6 2
78 7 1
78 8 5
78 9 1
78 10 3
78 11 3
78 12 4
78 13 2
78 14 2
78 15 4
78 16 2
78 17 5
78 18 3
78 19 4
78 20 4
78 21 3
78 22 3
78 23 3
78 24 5
78 25 2
78 26 1
78 27 4
78 28 2
78 29 1
78 30 5
78 31 3
78 32 3
78 33 2
78 34 3
78 35 2
78 36 1
78 37 5
78 38 5
78 39 5
78 40 2
78 41 2
78 42 5
78 43 5
78 44 1
78 45 1
78 46 4
78 47 2
78 48 3
78 49 3
78 50 2
78 51 1
78 52 1
78 53 5
78 54 5
78 55 5
78 56 1
78 57 3
78 58 1
78 59 4
78 60 5
78 61 2
78 62 1
78 63 3
78 64 3
78 65 3
78 66 1
78 67 3
78 68 4
78 69 5
78 70 5
78 71 5
78 72 2
78 73 4
78 74 5
78 75 2
78 76 1
78 77 5
78 79 5
78 80 3
78 81 2
78 82 2
78 83 5
78 84 2
78 85 1
78 86 2
78 87 2
78 88 1
78 89 1
78 90 2
78 91 4
78 92 5
78 93 3
78 94 1
78 95 4
78 96 3
78 97 3
78 98 5
78 99 2
78 100 2
79 1 1
79 2 1
79 3 3
79 4 4
79 5 1
79 6 2
79 7 2
79 8 4
79 9 1
79 10 2
79 11 3
79 12 5
79 13 5
79 14 3
79 15 1
79 16 5
79 17 1
79 18 4
79 19 2
79 20 3
79 21 5
79 22 2
79 23 2
79 24 5
79 25 2
79 26 1
79 27 4
79 28 1
79 29 2
79 30 5
79 31 4
79 32 4
79 33 3
79 34 2
79 35 3
79 36 5
79 37 5
79 38 1
79 39 3
79 40 1
79 41 2
79 42 1
79 43 2
79 44 3
79 45 5
79 46 2
79 47 2
79 48 2
79 49 1
79 50 5
79 51 4
79 52 2
79 53 3
79 54 5
79 55 3
79 56 1
79 57 2
79 58 1
79 59 2
79 60 5
79 61 1
79 62 5
79 63 1
79 64 5
79 65 1
79 66 3
79 67 4
79 68 1
79 69 3
79 70 4
79 71 3
79 72 2
79 73 4
79 74 4
79 75 4
79 76 5
79 77 2
79 78 3
79 80 1
79 81 2
79 82 4
79 83 4
79 84 1
79 85 2
79 86 5
79 87 3
79 88 4
79 89 4
79 90 4
79 91 5
79 92 5
79 93 1
79 94 2
79 95 5
79 96 5
79 97 4
79 98 4
79 99 5
79 100 1
80 1 4
80 2 3
80 3 5
80 4 5
80 5 3
80 6 5
80 7 5
80 8 2
80 9 2
80 10 4
80 11 4
80 12 5
80 13 3
80 14 4
80 15 5
80 16 1
80 17 4
80 18 5
80 19 4
80 20 4
80 21 3
80 22 1
80 23 5
80 24 5
80 25 2
80 26 5
80 27 1
80 28 2
80 29 3
80 30 5
80 31 3
80 32 3
80 33 5
80 34 4
80 35 4
80 36 2
80 37 4
80 38 4
80 39 1
80 40 5
80 41 4
80 42 4
80 43 4
80 44 3
80 45 3
80 46 1
80 47 3
80 48 3
80 49 5
80 50 4
80 51 1
80 52 4
80 53 4
80 54 5
80 55 3
80 56 2
80 57 1
80 58 3
80 59 5
80 60 1
80 61 4
80 62 4
80 63 3
80 64 3
80 65 3
80 66 2
80 67 5
80 68 1
80 69 2
80 70 5
80 71 5
80 72 2
80 73 3
80 74 5
80 75 5
80 76 5
80 77 5
80 78 2
80 79 4
80 81 1
80 82 2
80 83 4
80 84 4
80 85 2
80 86 1
80 87 1
80 88 3
80 89 3
80 90 5
80 91 5
80 92 3
80 93 4
80 94 3
80 95 3
80 96 1
80 97 5
80 98 1
80 99 5
80 100 2
81 1 4
81 2 1
81 3 1
81 4 5
81 5 1
81 6 3
81 7 4
81 8 2
81 9 4
81 10 1
81 11 1
81 12 5
81 13 4
81 14 1
81 15 5
81 16 1
81 17 3
81 18 1
81 19 5
81 20 1
81 21 2
81 22 4
81 23 5
81 24 5
81 25 2
81 26 4
81 27 1
81 28 3
81 29 4
81 30 2
81 31 5
81 32 2
81 33 5
81 34 2
81 35 2
81 36 5
81 37 4
81 38 5
81 39 1
81 40 5
81 41 2
81 42 3
81 43 4
81 44 3
81 45 4
81 46 3
81 47 3
81 48 3
81 49 5
81 50 2
81 51 3
81 52 4
81 53 3
81 54 5
81 55 3
81 56 1
81 57 3
81 58 5
81 59 3
81 60 4
81 61 4
81 62 4
81 63 2
81 64 3
81 65 1
81 66 3
81 67 2
81 68 1
81 69 5
81 70 4
81 71 2
81 72 3
81 73 4
81 74 5
81 75 5
81 76 2
81 77 5
81 78 4
81 79 1
81 80 1
81 82 1
81 83 4
81 84 4
81 85 5
81 86 5
81 87 4
81 88 5
81 89 4
81 90 3
81 91 4
81 92 2
81 93 1
81 94 3
81 95 4
81 96 3
81 97 5
81 98 3
81 99 1
81 100 2
82 1 4
82 2 2
82 3 4
82 4 4
82 5 5
82 6 5
82 7 5
82 8 3
82 9 1
82 10 4
82 11 3
82 12 2
82 13 1
82 14 3
82 15 2
82 16 5
82 17 4
82 18 2
82 19 4
82 20 3
82 21 5
82 22 2
82 23 1
82 24 2
82 25 1
82 26 4
82 27 5
82 28 5
82 29 4
82 30 2
82 31 4
82 32 2
82 33 5
82 34 2
82 35 5
82 36 1
82 37 1
82 38 2
82 39 3
82 40 2
82 41 5
82 42 3
82 43 5
82 44 5
82 45 2
82 46 3
82 47 1
82 48 1
82 49 5
82 50 1
82 51 3
82 52 4
82 53 4
82 54 3
82 55 5
82 56 5
82 57 4
82 58 1
82 59 1
82 60 2
82 61 5
82 62 4
82 63 5
82 64 4
82 65 2
82 66 2
82 67 5
82 68 3
82 69 3
82 70 4
82 71 1
82 72 4
82 73 3
82 74 2
82 75 3
82 76 5
82 77 4
82 78 5
82 79 5
82 80 3
82 81 5
82 83 4
82 84 3
82 85 5
82 86 3
82 87 5
82 88 4
82 89 1
82 90 2
82 91 2
82 92 4
82 93 3
82 94 2
82 95 1
82 96 2
82 97 4
82 98 2
82 99 3
82 100 3
83 1 1
83 2 3
83 3 5
83 4 4
83 5 3
83 6 1
83 7 3
83 8 2
83 9 1
83 10 2
83 11 3
83 12 1
83 13 3
83 14 3
83 15 3
83 16 2
83 17 5
83 18 4
83 19 3
83 20 1
83 21 3
83 22 1
83 23 1
83 24 5
83 25 4
83 26 1
83 27 3
83 28 4
83 29 4
83 30 2
83 31 3
83 32 4
83 33 5
83 34 2
83 35 4
83 36 2
83 37 4
83 38 3
83 39 5
83 40 5
83 41 1
83 42 4
83 43 2
83 44 3
83 45 1
83 46 1
83 47 2
83 48 5
83 49 5
83 50 1
83 51 2
83 52 2
83 53 3
83 54 3
83 55 3
83 56 1
83 57 5
83 58 1
83 59 5
83 60 1
83 61 2
83 62 2
83 63 1
83 64 3
83 65 1
83 66 5
83 67 1
83 68 4
83 69 2
83 70 5
83 71 5
83 72 3
83 73 3
83 74 1
83 75 2
83 76 3
83 77 4
83 78 5
83 79 5
83 80 3
83 81 5
83 82 1
83 84 1
83 85 4
83 86 5
83 87 3
83 88 5
83 89 5
83 90 3
83 91 1
83 92 5
83 93 2
83 94 2
83 95 5
83 96 4
83 97 4
83 98 1
83 99 5
83 100 5
84 1 5
84 2 1
84 3 1
84 4 2
84 5 1
84 6 4
84 7 5
84 8 5
84 9 2
84 10 5
84 11 4
84 12 4
84 13 1
84 14 5
84 15 1
84 16 5
84 17 1
84 18 5
84 19 4
84 20 5
84 21 5
84 22 4
84 23 1
84 24 1
84 25 2
84 26 3
84 27 4
84 28 3
84 29 5
84 30 5
84 31 2
84 32 4
84 33 1
84 34 2
84 35 2
84 36 3
84 37 5
84 38 2
84 39 2
84 40 3
84 41 1
84 42 1
84 43 3
84 44 1
84 45 2
84 46 3
84 47 5
84 48 2
84 49 5
84 50 5
84 51 4
84 52 4
84 53 5
84 54 1
84 55 4
84 56 4
84 57 5
84 58 4
84 59 1
84 60 5
84 61 1
84 62 4
84 63 3
84 64 3
84 65 2
84 66 2
84 67 5
84 68 4
84 69 3
84 70 1
84 71 1
84 72 3
84 73 3
84 74 4
84 75 5
84 76 4
84 77 3
84 78 2
84 79 1
84 80 2
84 81 1
84 82 4
84 83 5
84 85 3
84 86 4
84 87 5
84 88 1
84 89 1
84 90 4
84 91 3
84 92 5
84 93 1
84 94 1
84 95 4
84 96 3
84 97 2
84 98 5
84 99 2
84 100 5
85 1 2
85 2 4
85 3 3
85 4 1
85 5 2
85 6 1
85 7 3
85 8 5
85 9 3
85 10 4
85 11 2
85 12 5
85 13 4
85 14 5
85 15 4
85 16 1
85 17 1
85 18 4
85 19 3
85 20 1
85 21 4
85 22 5
85 23 2
85 24 4
85 25 2
85 26 5
85 27 1
85 28 4
85 29 2
85 30 4
85 31 5
85 32 5
85 33 2
85 34 4
85 35 3
85 36 5
85 37 4
85 38 5
85 39 5
85 40 4
85 41 3
85 42 1
85 43 3
85 44 3
85 45 3
85 46 3
85 47 1
85 48 5
85 49 3
85 50 3
85 51 2
85 52 3
85 53 5
85 54 3
85 55 3
85 56 1
85 57 4
85 58 5
85 59 1
85 60 2
85 61 3
85 62 3
85 63 2
85 64 2
85 65 1
85 66 4
85 67 3
85 68 2
85 69 5
85 70 4
85 71 5
85 72 2
85 73 2
85 74 4
85 75 1
85 76 1
85 77 3
85 78 3
85 79 5
85 80 3
85 81 3
85 82 3
85 83 5
85 84 2
85 86 2
85 87 5
85 88 4
85 89 2
85 90 4
85 91 5
85 92 4
85 93 4
85 94 2
85 95 5
85 96 2
85 97 4
85 98 5
85 99 4
85 100 5
86 1 4
86 2 3
86 3 4
86 4 2
86 5 4
86 6 2
86 7 4
86 8 4
86 9 2
86 10 2
86 11 5
86 12 4
86 13 4
86 14 2
86 15 5
86 16 2
86 17 5
86 18 4
86 19 5
86 20 1
86 21 3
86 22 4
86 23 4
86 24 1
86 25 2
86 26 5
86 27 4
86 28 1
86 29 4
86 30 2
86 31 5
86 32 4
86 33 1
86 34 1
86 35 2
86 36 1
86 37 4
86 38 3
86 39 1
86 40 5
86 41 4
86 42 5
86 43 3
86 44 4
86 45 3
86 46 3
86 47 2
86 48 2
86 49 1
86 50 1
86 51 3
86 52 5
86 53 2
86 54 1
86 55 2
86 56 5
86 57 1
86 58 5
86 59 5
86 60 1
86 61 4
86 62 2
86 63 2
86 64 1
86 65 2
86 66 5
86 67 2
86 68 5
86 69 2
86 70 2
86 71 2
86 72 2
86 73 2
86 74 4
86 75 5
86 76 1
86 77 3
86 78 1
86 79 3
86 80 1
86 81 4
86 82 5
86 83 5
86 84 2
86 85 2
86 87 4
86 88 1
86 89 4
86 90 5
86 91 3
86 92 2
86 93 3
86 94 1
86 95 3
86 96 1
86 97 2
86 98 2
86 99 2
86 100 3
87 1 4
87 2 3
87 3 4
87 4 5
87 5 1
87 6 5
87 7 2
87 8 2
87 9 2
87 10 4
87 11 1
87 12 4
87 13 4
87 14 2
87 15 1
87 16 5
87 17 3
87 18 4
87 19 3
87 20 4
87 21 3
87 22 5
87 23 5
87 24 3
87 25 5
87 26 4
87 27 3
87 28 3
87 29 5
87 30 1
87 31 2
87 32 5
87 33 3
87 34 3
87 35 2
87 36 1
87 37 2
87 38 5
87 39 4
87 40 5
87 41 5
87 42 4
87 43 4
87 44 4
87 45 5
87 46 4
87 47 3
87 48 4
87 49 4
87 50 2
87 51 4
87 52 3
87 53 1
87 54 5
87 55 5
87 56 2
87 57 3
87 58 4
87 59 4
87 60 5
87 61 4
87 62 3
87 63 1
87 64 4
87 65 5
87 66 2
87 67 1
87 68 3
87 69 3
87 70 4
87 71 4
87 72 3
87 73 2
87 74 4
87 75 1
87 76 3
87 77 4
87 78 5
87 79 3
87 80 2
87 81 4
87 82 4
87 83 5
87 84 4
87 85 3
87 86 1
87 88 3
87 89 1
87 90 2
87 91 1
87 92 2
87 93 2
87 94 5
87 95 2
87 96 5
87 97 1
87 98 1
87 99 5
87 100 3
88 1 3
88 2 5
88 3 4
88 4 2
88 5 3
88 6 2
88 7 4
88 8 5
88 9 3
88 10 4
88 11 5
88 12 1
88 13 4
88 14 3
88 15 2
88 16 2
88 17 5
88 18 3
88 19 4
88 20 2
88 21 1
88 22 2
88 23 3
88 24 2
88 25 1
88 26 2
88 27 2
88 28 4
88 29 2
88 30 3
88 31 1
88 32 1
88 33 3
88 34 1
88 35 3
88 36 5
88 37 5
88 38 1
88 39 2
88 40 2
88 41 1
88 42 3
88 43 2
88 44 4
88 45 5
88 46 4
88 47 3
88 48 1
88 49 3
88 50 1
88 51 5
88 52 3
88 53 4
88 54 2
88 55 4
88 56 2
88 57 5
88 58 2
88 59 5
88 60 1
88 61 2
88 62 2
88 63 2
88 64 4
88 65 3
88 66 4
88 67 5
88 68 2
88 69 1
88 70 1
88 71 3
88 72 2
88 73 3
88 74 1
88 75 5
88 76 4
88 77 4
88 78 2
88 79 2
88 80 3
88 81 5
88 82 1
88 83 5
88 84 3
88 85 4
88 86 1
88 87 1
88 89 4
88 90 2
88 91 5
88 92 1
88 93 3
88 94 4
88 95 2
88 96 3
88 97 1
88 98 2
88 99 3
88 100 4
89 1 3
89 2 5
89 3 3
89 4 4
89 5 5
89 6 3
89 7 5
89 8 5
89 9 4
89 10 4
89 11 1
89 12 1
89 13 3
89 14 3
89 15 3
89 16 2
89 17 4
89 18 3
89 19 3
89 20 4
89 21 1
89 22 4
89 23 4
89 24 1
89 25 2
89 26 1
89 27 5
89 28 4
89 29 2
89 30 4
89 31 2
89 32 1
89 33 4
89 34 4
89 35 4
89 36 5
89 37 4
89 38 1
89 39 4
89 40 4
89 41 4
89 42 2
89 43 1
89 44 3
89 45 1
89 46 3
89 47 4
89 48 4
89 49 2
89 50 3
89 51 2
89 52 5
89 53 4
89 54 1
89 55 2
89 56 5
89 57 3
89 58 1
89 59 4
89 60 1
89 61 5
89 62 2
89 63 2
89 64 5
89 65 3
89 66 2
89 67 4
89 68 1
89 69 4
89 70 4
89 71 4
89 72 2
89 73 2
89 74 1
89 75 4
89 76 3
89 77 4
89 78 5
89 79 3
89 80 2
89 81 4
89 82 5
89 83 1
89 84 2
89 85 2
89 86 2
89 87 2
89 88 4
89 90 5
89 91 2
89 92 1
89 93 4
89 94 3
89 95 4
89 96 3
89 97 5
89 98 1
89 99 1
89 100 2
90 1 4
90 2 1
90 3 2
90 4 3
90 5 3
90 6 3
90 7 3
90 8 2
90 9 3
90 10 2
90 11 4
90 12 4
90 13 1
90 14 3
90 15 2
90 16 2
90 17 1
90 18 5
90 19 5
90 20 1
90 21 4
90 22 3
90 23 2
90 24 2
90 25 1
90 26 5
90 27 4
90 28 2
90 29 2
90 30 1
90 31 1
90 32 3
90 33 2
90 34 2
90 35 5
90 36 1
90 37 1
90 38 4
90 39 2
90 40 3
90 41 1
90 42 5
90 43 4
90 44 3
90 45 5
90 46 2
90 47 1
90 48 5
90 49 1
90 50 3
90 51 1
90 52 5
90 53 5
90 54 4
90 55 3
90 56 2
90 57 3
90 58 4
90 59 4
90 60 2
90 61 4
90 62 1
90 63 4
90 64 2
90 65 4
90 66 5
90 67 4
90 68 5
90 69 3
90 70 5
90 71 4
90 72 5
90 73 2
90 74 4
90 75 4
90 76 1
90 77 5
90 78 2
90 79 2
90 80 3
90 81 4
90 82 4
90 83 4
90 84 5
90 85 2
90 86 1
90 87 2
90 88 2
90 89 4
90 91 2
90 92 5
90 93 5
90 94 2
90 95 3
90 96 3
90 97 5
90 98 4
90 99 4
90 100 1
91 1 3
91 2 5
91 3 5
91 4 3
91 5 1
91 6 5
91 7 3
91 8 3
91 9 5
91 10 4
91 11 2
91 12 4
91 13 4
91 14 5
91 15 2
91 16 4
91 17 4
91 18 2
91 19 5
91 20 2
91 21 3
91 22 1
91 23 1
91 24 4
91 25 2
91 26 5
91 27 3
91 28 3
91 29 5
91 30 1
91 31 4
91 32 2
91 33 1
91 34 5
91 35 1
91 36 3
91 37 4
91 38 4
91 39 3
91 40 5
91 41 2
91 42 4
91 43 3
91 44 3
91 45 5
91 46 1
91 47 1
91 48 5
91 49 5
91 50 5
91 51 1
91 52 2
91 53 2
91 54 3
91 55 2
91 56 5
91 57 4
91 58 4
91 59 4
91 60 3
91 61 2
91 62 2
91 63 5
91 64 4
91 65 1
91 66 5
91 67 3
91 68 2
91 69 5
91 70 5
91 71 3
91 72 4
91 73 5
91 74 3
91 75 1
91 76 5
91 77 3
91 78 1
91 79 4
91 80 2
91 81 2
91 82 2
91 83 5
91 84 5
91 85 1
91 86 3
91 87 4
91 88 5
91 89 4
91 90 2
91 92 2
91 93 5
91 94 1
91 95 3
91 96 5
91 97 3
91 98 3
91 99 2
91 100 4
92 1 2
92 2 2
92 3 4
92 4 5
92 5 1
92 6 1
92 7 2
92 8 2
92 9 3
92 10 2
92 11 3
92 12 2
92 13 5
92 14 4
92 15 3
92 16 4
92 17 4
92 18 1
92 19 4
92 20 5
92 21 4
92 22 3
92 23 2
92 24 5
92 25 3
92 26 4
92 27 4
92 28 5
92 29 3
92 30 5
92 31 1
92 32 2
92 33 1
92 34 4
92 35 3
92 36 4
92 37 1
92 38 5
92 39 5
92 40 5
92 41 3
92 42 2
92 43 1
92 44 3
92 45 2
92 46 4
92 47 1
92 48 3
92 49 1
92 50 2
92 51 2
92 52 4
92 53 4
92 54 5
92 55 5
92 56 1
92 57 4
92 58 3
92 59 2
92 60 3
92 61 2
92 62 2
92 63 4
92 64 5
92 65 2
92 66 2
92 67 3
92 68 2
92 69 3
92 70 4
92 71 2
92 72 5
92 73 3
92 74 4
92 75 2
92 76 4
92 77 2
92 78 5
92 79 3
92 80 4
92 81 1
92 82 5
92 83 4
92 84 4
92 85 1
92 86 3
92 87 1
92 88 1
92 89 5
92 90 2
92 91 4
92 93 4
92 94 4
92 95 4
92 96 3
92 97 2
92 98 2
92 99 2
92 100 4
93 1 4
93 2 5
93 3 2
93 4 4
93 5 4
93 6 5
93 7 2
93 8 3
93 9 4
93 10 3
93 11 2
93 12 2
93 13 5
93 14 3
93 15 1
93 16 5
93 17 4
93 18 3
93 19 5
93 20 4
93 21 5
93 22 2
93 23 2
93 24 3
93 25 2
93 26 1
93 27 5
93 28 5
93 29 2
93 30 3
93 31 3
93 32 3
93 33 2
93 34 1
93 35 3
93 36 1
93 37 1
93 38 4
93 39 5
93 40 4
93 41 4
93 42 3
93 43 2
93 44 3
93 45 1
93 46 2
93 47 5
93 48 1
93 49 2
93 50 4
93 51 4
93 52 3
93 53 2
93 54 3
93 55 5
93 56 5
93 57 5
93 58 1
93 59 5
93 60 1
93 61 3
93 62 4
93 63 5
93 64 1
93 65 5
93 66 2
93 67 3
93 68 5
93 69 3
93 70 4
93 71 3
93 72 1
93 73 2
93 74 4
93 75 5
93 76 4
93 77 3
93 78 4
93 79 4
93 80 1
93 81 5
93 82 2
93 83 3
93 84 1
93 85 1
93 86 2
93 87 1
93 88 5
93 89 4
93 90 5
93 91 3
93 92 1
93 94 5
93 95 2
93 96 1
93 97 4
93 98 4
93 99 4
93 100 3
94 1 1
94 2 4
94 3 2
94 4 3
94 5 5
94 6 3
94 7 2
94 8 3
94 9 2
94 10 3
94 11 3
94 12 2
94 13 2
94 14 5
94 15 4
94 16 2
94 17 5
94 18 2
94 19 4
94 20 5
94 21 5
94 22 5
94 23 2
94 24 2
94 25 5
94 26 5
94 27 2
94 28 3
94 29 3
94 30 2
94 31 3
94 32 5
94 33 1
94 34 4
94 35 2
94 36 2
94 37 1
94 38 1
94 39 2
94 40 2
94 41 3
94 42 4
94 43 5
94 44 4
94 45 5
94 46 5
94 47 2
94 48 5
94 49 1
94 50 3
94 51 1
94 52 2
94 53 2
94 54 4
94 55 3
94 56 1
94 57 3
94 58 2
94 59 1
94 60 3
94 61 5
94 62 3
94 63 2
94 64 2
94 65 1
94 66 4
94 67 4
94 68 4
94 69 4
94 70 5
94 71 2
94 72 3
94 73 5
94 74 2
94 75 3
94 76 5
94 77 1
94 78 1
94 79 4
94 80 4
94 81 3
94 82 1
94 83 5
94 84 2
94 85 1
94 86 5
94 87 2
94 88 3
94 89 3
94 90 4
94 91 5
94 92 2
94 93 1
94 95 4
94 96 4
94 97 4
94 98 2
94 99 4
94 100 4
95 1 2
95 2 5
95 3 5
95 4 1
95 5 4
95 6 3
95 7 3
95 8 3
95 9 1
95 10 5
95 11 3
95 12 4
95 13 3
95 14 3
95 15 5
95 16 4
95 17 3
95 18 1
95 19 2
95 20 3
95 21 3
95 22 1
95 23 4
95 24 2
95 25 3
95 26 2
95 27 5
95 28 3
95 29 5
95 30 5
95 31 1
95 32 3
95 33 4
95 34 1
95 35 3
95 36 2
95 37 5
95 38 2
95 39 5
95 40 5
95 41 2
95 42 2
95 43 3
95 44 1
95 45 2
95 46 5
95 47 4
95 48 1
95 49 5
95 50 2
95 51 3
95 52 5
95 53 4
95 54 4
95 55 1
95 56 2
95 57 2
95 58 5
95 59 4
95 60 2
95 61 4
95 62 5
95 63 1
95 64 4
95 65 2
95 66 4
95 67 5
95 68 1
95 69 2
95 70 1
95 71 3
95 72 3
95 73 5
95 74 2
95 75 3
95 76 3
95 77 1
95 78 3
95 79 3
95 80 1
95 81 5
95 82 3
95 83 5
95 84 3
95 85 1
95 86 2
95 87 1
95 88 2
95 89 1
95 90 2
95 91 5
95 92 1
95 93 3
95 94 1
95 96 1
95 97 4
95 98 1
95 99 5
95 100 1
96 1 2
96 2 3
96 3 5
96 4 5
96 5 4
96 6 2
96 7 4
96 8 1
96 9 2
96 10 4
96 11 3
96 12 4
96 13 3
96 14 5
96 15 5
96 16 2
96 17 2
96 18 1
96 19 5
96 20 4
96 21 3
96 22 1
96 23 3
96 24 5
96 25 3
96 26 5
96 27 5
96 28 3
96 29 5
96 30 2
96 31 5
96 32 2
96 33 1
96 34 5
96 35 3
96 36 4
96 37 1
96 38 3
96 39 4
96 40 4
96 41 1
96 42 1
96 43 5
96 44 5
96 45 3
96 46 4
96 47 4
96 48 4
96 49 2
96 50 3
96 51 2
96 52 4
96 53 5
96 54 2
96 55 1
96 56 2
96 57 1
96 58 5
96 59 1
96 60 3
96 61 3
96 62 5
96 63 4
96 64 3
96 65 1
96 66 3
96 67 1
96 68 3
96 69 5
96 70 4
96 71 4
96 72 3
96 73 2
96 74 3
96 75 2
96 76 4
96 77 1
96 78 2
96 79 2
96 80 4
96 81 4
96 82 1
96 83 5
96 84 3
96 85 2
96 86 5
96 87 1
96 88 4
96 89 1
96 90 1
96 91 3
96 92 4
96 93 3
96 94 3
96 95 3
96 97 5
96 98 5
96 99 1
96 100 3
97 1 2
97 2 4
97 3 1
97 4 4
97 5 2
97 6 3
97 7 2
97 8 5
97 9 5
97 10 4
97 11 4
97 12 4
97 13 4
97 14 4
97 15 5
97 16 4
97 17 2
97 18 4
97 19 1
97 20 2
97 21 4
97 22 2
97 23 5
97 24 4
97 25 1
97 26 2
97 27 2
97 28 5
97 29 2
97 30 4
97 31 4
97 32 5
97 33 4
97 34 4
97 35 3
97 36 1
97 37 3
97 38 1
97 39 5
97 40 5
97 41 4
97 42 3
97 43 5
97 44 5
97 45 3
97 46 4
97 47 3
97 48 4
97 49 2
97 50 3
97 51 1
97 52 2
97 53 1
97 54 5
97 55 1
97 56 3
97 57 1
97 58 4
97 59 5
97 60 4
97 61 2
97 62 3
97 63 3
97 64 5
97 65 4
97 66 2
97 67 2
97 68 1
97 69 5
97 70 2
97 71 5
97 72 5
97 73 1
97 74 4
97 75 4
97 76 1
97 77 4
97 78 3
97 79 4
97 80 5
97 81 3
97 82 4
97 83 2
97 84 5
97 85 5
97 86 4
97 87 3
97 88 3
97 89 4
97 90 4
97 91 1
97 92 2
97 93 1
97 94 1
97 95 1
97 96 4
97 98 4
97 99 3
97 100 2
98 1 3
98 2 1
98 3 3
98 4 3
98 5 3
98 6 4
98 7 3
98 8 3
98 9 2
98 10 1
98 11 4
98 12 2
98 13 5
98 14 4
98 15 5
98 16 4
98 17 4
98 18 5
98 19 3
98 20 1
98 21 3
98 22 1
98 23 3
98 24 4
98 25 2
98 26 5
98 27 1
98 28 2
98 29 1
98 30 5
98 31 3
98 32 3
98 33 2
98 34 1
98 35 2
98 36 5
98 37 1
98 38 5
98 39 4
98 40 2
98 41 2
98 42 4
98 43 5
98 44 1
98 45 3
98 46 1
98 47 1
98 48 1
98 49 5
98 50 4
98 51 3
98 52 4
98 53 1
98 54 2
98 55 4
98 56 2
98 57 2
98 58 5
98 59 1
98 60 2
98 61 1
98 62 5
98 63 1
98 64 3
98 65 2
98 66 5
98 67 4
98 68 2
98 69 1
98 70 4
98 71 4
98 72 2
98 73 3
98 74 5
98 75 4
98 76 5
98 77 1
98 78 4
98 79 2
98 80 2
98 81 4
98 82 4
98 83 1
98 84 5
98 85 5
98 86 1
98 87 3
98 88 3
98 89 2
98 90 3
98 91 1
98 92 3
98 93 3
98 94 4
98 95 5
98 96 4
98 97 3
98 99 5
98 100 3
99 1 5
99 2 3
99 3 1
99 4 1
99 5 5
99 6 2
99 7 1
99 8 4
99 9 2
99 10 4
99 11 5
99 12 4
99 13 3
99 14 5
99 15 1
99 16 2
99 17 2
99 18 1
99 19 1
99 20 4
99 21 3
99 22 4
99 23 2
99 24 5
99 25 3
99 26 5
99 27 1
99 28 1
99 29 4
99 30 2
99 31 5
99 32 3
99 33 4
99 34 2
99 35 5
99 36 4
99 37 4
99 38 5
99 39 4
99 40 5
99 41 5
99 42 4
99 43 5
99 44 4
99 45 5
99 46 5
99 47 2
99 48 1
99 49 3
99 50 3
99 51 5
99 52 5
99 53 1
99 54 3
99 55 1
99 56 3
99 57 4
99 58 3
99 59 5
99 60 2
99 61 4
99 62 5
99 63 1
99 64 2
99 65 1
99 66 2
99 67 2
99 68 1
99 69 1
99 70 1
99 71 1
99 72 2
99 73 1
99 74 2
99 75 1
99 76 5
99 77 4
99 78 2
99 79 1
99 80 1
99 81 4
99 82 2
99 83 2
99 84 1
99 85 1
99 86 4
99 87 3
99 88 4
99 89 1
99 90 5
99 91 5
99 92 1
99 93 1
99 94 2
99 95 4
99 96 3
99 97 3
99 98 3
99 100 4
100 1 5
100 2 3
100 3 1
100 4 1
100 5 5
100 6 2
100 7 1
100 8 1
100 9 2
100 10 3
100 11 1
100 12 2
100 13 3
100 14 4
100 15 5
100 16 4
100 17 4
100 18 3
100 19 3
100 20 4
100 21 5
100 22 2
100 23 3
100 24 5
100 25 4
100 26 1
100 27 1
100 28 2
100 29 3
100 30 3
100 31 5
100 32 2
100 33 2
100 34 2
100 35 3
100 36 1
100 37 3
100 38 3
100 39 1
100 40 5
100 41 2
100 42 4
100 43 3
100 44 5
100 45 4
100 46 3
100 47 3
100 48 5
100 49 5
100 50 5
100 51 3
100 52 2
100 53 4
100 54 3
100 55 1
100 56 2
100 57 3
100 58 3
100 59 3
100 60 1
100 61 5
100 62 4
100 63 4
100 64 1
100 65 5
100 66 1
100 67 3
100 68 5
100 69 1
100 70 1
100 71 1
100 72 4
100 73 4
100 74 3
100 75 5
100 76 4
100 77 5
100 78 2
100 79 3
100 80 2
100 81 4
100 82 1
100 83 3
100 84 4
100 85 3
100 86 5
100 87 2
100 88 2
100 89 5
100 90 2
100 91 2
100 92 4
100 93 5
100 94 3
100 95 2
100 96 2
100 97 3
100 98 1
100 99 1

END
