INSTANCE_NAME c05.dat
NB_VERTICES 500
NB_ARCS 834
NB_REQUESTS 0
NB_BLOCKAGES 250
NB_TERMINALS 250

VERTICES
1 0 0
2 0 0
3 0 0
4 0 0
5 0 0
6 0 0
7 0 0
8 0 0
9 0 0
10 0 0
11 0 0
12 0 0
13 0 0
14 0 0
15 0 0
16 0 0
17 0 0
18 0 0
19 0 0
20 0 0
21 0 0
22 0 0
23 0 0
24 0 0
25 0 0
26 0 0
27 0 0
28 0 0
29 0 0
30 0 0
31 0 0
32 0 0
33 0 0
34 0 0
35 0 0
36 0 0
37 0 0
38 0 0
39 0 0
40 0 0
41 0 0
42 0 0
43 0 0
44 0 0
45 0 0
46 0 0
47 0 0
48 0 0
49 0 0
50 0 0
51 0 0
52 0 0
53 0 0
54 0 0
55 0 0
56 0 0
57 0 0
58 0 0
59 0 0
60 0 0
61 0 0
62 0 0
63 0 0
64 0 0
65 0 0
66 0 0
67 0 0
68 0 0
69 0 0
70 0 0
71 0 0
72 0 0
73 0 0
74 0 0
75 0 0
76 0 0
77 0 0
78 0 0
79 0 0
80 0 0
81 0 0
82 0 0
83 0 0
84 0 0
85 0 0
86 0 0
87 0 0
88 0 0
89 0 0
90 0 0
91 0 0
92 0 0
93 0 0
94 0 0
95 0 0
96 0 0
97 0 0
98 0 0
99 0 0
100 0 0
101 0 0
102 0 0
103 0 0
104 0 0
105 0 0
106 0 0
107 0 0
108 0 0
109 0 0
110 0 0
111 0 0
112 0 0
113 0 0
114 0 0
115 0 0
116 0 0
117 0 0
118 0 0
119 0 0
120 0 0
121 0 0
122 0 0
123 0 0
124 0 0
125 0 0
126 0 0
127 0 0
128 0 0
129 0 0
130 0 0
131 0 0
132 0 0
133 0 0
134 0 0
135 0 0
136 0 0
137 0 0
138 0 0
139 0 0
140 0 0
141 0 0
142 0 0
143 0 0
144 0 0
145 0 0
146 0 0
147 0 0
148 0 0
149 0 0
150 0 0
151 0 0
152 0 0
153 0 0
154 0 0
155 0 0
156 0 0
157 0 0
158 0 0
159 0 0
160 0 0
161 0 0
162 0 0
163 0 0
164 0 0
165 0 0
166 0 0
167 0 0
168 0 0
169 0 0
170 0 0
171 0 0
172 0 0
173 0 0
174 0 0
175 0 0
176 0 0
177 0 0
178 0 0
179 0 0
180 0 0
181 0 0
182 0 0
183 0 0
184 0 0
185 0 0
186 0 0
187 0 0
188 0 0
189 0 0
190 0 0
191 0 0
192 0 0
193 0 0
194 0 0
195 0 0
196 0 0
197 0 0
198 0 0
199 0 0
200 0 0
201 0 0
202 0 0
203 0 0
204 0 0
205 0 0
206 0 0
207 0 0
208 0 0
209 0 0
210 0 0
211 0 0
212 0 0
213 0 0
214 0 0
215 0 0
216 0 0
217 0 0
218 0 0
219 0 0
220 0 0
221 0 0
222 0 0
223 0 0
224 0 0
225 0 0
226 0 0
227 0 0
228 0 0
229 0 0
230 0 0
231 0 0
232 0 0
233 0 0
234 0 0
235 0 0
236 0 0
237 0 0
238 0 0
239 0 0
240 0 0
241 0 0
242 0 0
243 0 0
244 0 0
245 0 0
246 0 0
247 0 0
248 0 0
249 0 0
250 0 0
251 0 0
252 0 0
253 0 0
254 0 0
255 0 0
256 0 0
257 0 0
258 0 0
259 0 0
260 0 0
261 0 0
262 0 0
263 0 0
264 0 0
265 0 0
266 0 0
267 0 0
268 0 0
269 0 0
270 0 0
271 0 0
272 0 0
273 0 0
274 0 0
275 0 0
276 0 0
277 0 0
278 0 0
279 0 0
280 0 0
281 0 0
282 0 0
283 0 0
284 0 0
285 0 0
286 0 0
287 0 0
288 0 0
289 0 0
290 0 0
291 0 0
292 0 0
293 0 0
294 0 0
295 0 0
296 0 0
297 0 0
298 0 0
299 0 0
300 0 0
301 0 0
302 0 0
303 0 0
304 0 0
305 0 0
306 0 0
307 0 0
308 0 0
309 0 0
310 0 0
311 0 0
312 0 0
313 0 0
314 0 0
315 0 0
316 0 0
317 0 0
318 0 0
319 0 0
320 0 0
321 0 0
322 0 0
323 0 0
324 0 0
325 0 0
326 0 0
327 0 0
328 0 0
329 0 0
330 0 0
331 0 0
332 0 0
333 0 0
334 0 0
335 0 0
336 0 0
337 0 0
338 0 0
339 0 0
340 0 0
341 0 0
342 0 0
343 0 0
344 0 0
345 0 0
346 0 0
347 0 0
348 0 0
349 0 0
350 0 0
351 0 0
352 0 0
353 0 0
354 0 0
355 0 0
356 0 0
357 0 0
358 0 0
359 0 0
360 0 0
361 0 0
362 0 0
363 0 0
364 0 0
365 0 0
366 0 0
367 0 0
368 0 0
369 0 0
370 0 0
371 0 0
372 0 0
373 0 0
374 0 0
375 0 0
376 0 0
377 0 0
378 0 0
379 0 0
380 0 0
381 0 0
382 0 0
383 0 0
384 0 0
385 0 0
386 0 0
387 0 0
388 0 0
389 0 0
390 0 0
391 0 0
392 0 0
393 0 0
394 0 0
395 0 0
396 0 0
397 0 0
398 0 0
399 0 0
400 0 0
401 0 0
402 0 0
403 0 0
404 0 0
405 0 0
406 0 0
407 0 0
408 0 0
409 0 0
410 0 0
411 0 0
412 0 0
413 0 0
414 0 0
415 0 0
416 0 0
417 0 0
418 0 0
419 0 0
420 0 0
421 0 0
422 0 0
423 0 0
424 0 0
425 0 0
426 0 0
427 0 0
428 0 0
429 0 0
430 0 0
431 0 0
432 0 0
433 0 0
434 0 0
435 0 0
436 0 0
437 0 0
438 0 0
439 0 0
440 0 0
441 0 0
442 0 0
443 0 0
444 0 0
445 0 0
446 0 0
447 0 0
448 0 0
449 0 0
450 0 0
451 0 0
452 0 0
453 0 0
454 0 0
455 0 0
456 0 0
457 0 0
458 0 0
459 0 0
460 0 0
461 0 0
462 0 0
463 0 0
464 0 0
465 0 0
466 0 0
467 0 0
468 0 0
469 0 0
470 0 0
471 0 0
472 0 0
473 0 0
474 0 0
475 0 0
476 0 0
477 0 0
478 0 0
479 0 0
480 0 0
481 0 0
482 0 0
483 0 0
484 0 0
485 0 0
486 0 0
487 0 0
488 0 0
489 0 0
490 0 0
491 0 0
492 0 0
493 0 0
494 0 0
495 0 0
496 0 0
497 0 0
498 0 0
499 0 0
500 0 0

ARCS
1 46 5
46 469 9
469 41 7
41 107 10
107 455 7
455 446 4
446 464 1
464 156 5
156 406 4
406 20 9
20 188 3
188 160 5
160 469 2
469 340 7
340 344 10
344 294 7
294 21 9
21 365 8
365 186 10
186 392 1
392 41 6
41 391 10
391 225 10
225 144 4
144 288 7
288 114 10
114 500 9
500 43 1
43 16 7
16 357 5
357 399 5
399 454 8
454 117 10
117 151 9
151 392 8
392 426 9
426 146 10
146 478 2
478 88 4
88 179 8
179 51 8
51 305 1
305 167 10
167 155 10
155 391 3
391 351 6
351 191 4
191 321 4
321 361 2
361 400 4
400 436 7
436 428 9
428 125 7
125 315 3
315 397 2
397 41 6
41 281 4
281 380 7
380 419 3
419 60 9
60 246 9
246 160 5
160 296 7
296 227 9
227 259 9
259 434 9
434 44 2
44 13 1
13 170 4
170 312 5
312 399 9
399 17 6
17 276 8
276 201 2
201 350 6
350 117 2
117 293 3
293 397 1
397 145 8
145 164 10
164 408 6
408 336 7
336 206 6
206 302 7
302 491 8
491 345 8
345 357 5
357 12 3
12 374 5
374 204 5
204 355 10
355 454 2
454 73 4
73 270 4
270 370 6
370 409 6
409 83 8
83 79 3
79 299 7
299 151 4
151 23 2
23 101 1
101 165 7
165 483 10
483 345 7
345 423 5
423 104 9
104 225 8
225 473 7
473 340 9
340 489 1
489 487 2
487 320 10
320 358 3
358 211 5
211 79 9
79 474 5
474 445 3
445 465 7
465 344 8
344 103 8
103 89 2
89 140 7
140 370 8
370 81 4
81 192 2
192 23 6
23 250 6
250 410 4
410 312 4
410 412 3
412 144 3
144 50 3
50 176 5
176 436 3
176 279 6
279 180 4
180 274 8
274 409 7
409 316 9
316 292 3
292 34 4
34 377 9
377 289 5
289 233 2
233 272 4
272 152 10
152 499 8
499 187 2
187 391 1
391 462 4
462 161 4
161 131 10
131 400 2
400 91 6
91 168 9
168 88 10
88 197 4
197 268 3
268 132 4
132 270 8
270 173 8
173 228 5
228 273 7
273 278 2
278 38 5
38 67 9
67 355 2
355 488 7
488 69 7
69 317 2
317 220 2
220 122 7
122 195 6
195 117 4
117 420 8
420 382 5
382 357 3
357 232 6
232 74 8
74 204 9
204 326 2
326 498 2
498 300 9
300 195 8
195 450 9
450 471 5
471 369 1
369 61 1
61 337 10
337 356 1
356 455 4
455 235 2
235 494 1
494 245 7
245 125 7
125 253 2
253 196 9
196 378 7
378 352 8
352 185 3
185 401 5
401 60 1
60 396 1
396 416 1
416 327 6
327 195 6
195 24 9
24 451 3
451 351 5
351 310 2
310 184 1
184 149 6
149 470 2
470 392 4
392 128 1
128 435 5
435 25 7
25 444 9
444 104 2
104 146 9
146 341 9
341 248 3
248 66 6
66 435 5
66 353 5
353 359 4
359 395 4
395 401 10
401 9 2
9 62 6
62 142 7
142 249 7
249 455 6
455 238 5
238 205 7
205 154 6
154 374 4
374 252 3
252 379 4
379 187 4
187 108 10
108 153 6
153 346 8
346 3 6
3 67 4
67 260 10
260 480 7
480 267 8
267 10 10
10 46 5
46 332 7
332 177 8
177 452 9
452 483 4
483 16 3
16 125 10
125 307 9
307 343 2
343 142 3
142 97 9
97 380 8
380 356 8
356 182 1
182 347 9
347 360 4
360 404 6
404 297 4
297 214 4
214 79 9
79 314 5
314 404 9
79 249 6
249 87 9
87 38 6
38 201 8
201 256 3
256 438 5
438 41 4
41 262 10
262 271 8
271 469 8
469 29 2
29 284 2
284 367 3
367 282 5
282 368 1
368 10 2
10 147 9
147 226 1
226 470 5
470 418 3
418 37 2
37 28 9
28 266 7
266 83 5
83 4 5
4 460 3
460 293 8
4 306 5
306 267 4
306 207 10
207 23 1
23 64 3
64 390 10
390 131 4
131 481 3
481 57 3
57 420 3
420 493 1
493 475 9
475 273 6
493 143 3
143 471 2
471 181 3
181 288 1
288 49 6
49 393 8
393 299 5
299 313 3
313 261 10
261 463 7
463 224 4
224 108 10
108 6 8
6 210 8
210 70 3
70 484 10
484 67 1
484 331 10
331 444 9
444 459 4
459 244 10
244 432 5
432 488 3
488 213 4
213 194 7
194 358 2
358 441 6
441 96 1
96 239 7
239 429 7
429 499 5
499 141 5
141 115 3
115 36 4
36 431 8
431 471 4
471 341 7
341 458 1
458 14 4
14 165 10
14 442 5
442 21 4
21 270 3
270 72 6
72 229 1
229 279 2
72 35 1
35 108 7
108 425 8
425 69 9
69 202 10
202 387 10
387 148 10
148 59 10
59 304 1
304 426 9
304 457 7
457 310 1
304 17 2
17 40 7
40 350 9
350 65 6
65 32 8
32 94 7
94 93 1
93 160 1
160 139 4
139 443 2
443 451 4
451 2 10
2 290 5
290 486 1
486 154 8
154 75 10
75 152 6
152 200 1
200 328 3
328 39 8
39 63 4
63 80 1
80 188 4
188 324 8
324 166 2
166 369 10
324 41 8
80 56 4
56 442 1
442 477 3
477 397 1
397 174 9
174 351 7
351 98 7
98 288 2
98 141 5
141 20 2
20 203 1
203 169 6
169 432 6
432 330 2
330 464 1
464 131 3
432 397 9
397 159 8
159 428 4
428 427 7
427 217 6
217 78 9
78 287 7
287 198 4
198 451 1
451 85 4
85 227 9
85 448 10
448 76 3
76 392 7
392 33 5
33 414 5
414 11 4
11 303 1
303 357 7
357 19 8
19 378 8
378 101 5
101 9 9
357 409 3
409 237 7
237 342 4
342 34 6
34 447 10
447 99 8
99 379 8
99 389 4
389 364 7
364 16 6
389 402 6
402 171 8
171 189 5
189 484 4
484 114 1
114 439 2
439 438 1
438 105 9
105 52 7
52 377 7
52 246 3
246 490 6
490 230 4
230 76 4
76 106 8
106 223 3
223 492 6
492 487 2
487 7 8
7 405 6
405 275 7
275 149 3
149 318 10
318 311 9
311 104 10
104 236 3
236 173 5
173 175 10
175 415 4
415 5 6
5 499 2
499 413 8
413 433 6
433 439 9
413 247 7
247 59 9
247 251 10
251 497 10
497 226 4
226 186 8
186 398 8
398 126 4
126 167 5
167 105 9
398 119 3
119 403 8
403 155 9
155 50 4
119 389 6
389 46 2
398 327 5
327 226 3
398 200 3
200 384 10
384 295 10
295 120 2
120 368 4
368 240 9
240 286 4
286 443 8
443 193 4
193 354 3
354 329 1
329 109 3
109 493 3
493 47 2
47 395 8
47 456 2
456 477 6
329 212 10
212 350 1
350 476 3
476 123 6
123 146 7
146 301 8
301 87 7
123 376 2
376 367 2
123 421 5
421 281 10
421 255 10
255 60 8
60 269 1
269 218 6
218 211 2
218 30 4
30 266 8
266 375 4
375 243 4
243 110 6
110 461 1
461 387 2
461 498 3
110 338 8
338 153 3
338 264 9
264 95 2
95 83 5
83 82 6
82 381 8
381 317 9
317 86 9
86 361 8
361 43 9
317 48 8
48 399 4
399 215 6
215 225 4
48 129 4
129 240 6
129 150 4
150 351 7
317 235 8
235 222 8
222 450 3
235 72 7
83 383 7
383 290 2
290 56 7
290 449 2
449 315 10
315 468 4
468 152 2
152 53 2
53 446 2
53 162 8
162 102 7
102 5 7
102 394 1
394 337 7
337 485 7
485 214 7
214 111 7
111 358 2
337 183 3
183 80 9
80 100 5
100 447 4
183 316 10
316 81 9
81 118 8
118 499 1
499 137 10
137 390 4
390 260 5
390 34 2
390 326 5
390 163 4
163 36 8
36 251 1
81 210 9
81 2 9
2 136 1
136 283 10
283 489 6
283 97 9
97 355 8
355 319 3
319 247 6
355 135 10
135 68 10
68 78 8
78 339 10
339 368 5
368 177 4
78 305 3
78 220 9
78 363 10
363 123 2
123 424 2
424 221 7
221 238 7
238 380 8
221 280 5
280 340 7
340 323 1
323 308 1
308 274 6
274 500 7
323 89 4
323 121 3
121 77 7
77 272 3
272 372 1
372 8 3
8 451 1
8 26 7
26 428 4
428 197 8
26 216 7
216 33 10
33 45 3
45 392 9
392 258 1
258 123 8
123 42 4
42 17 3
17 264 2
216 27 3
27 158 10
158 265 6
265 488 8
488 466 9
466 51 9
26 286 4
272 494 2
494 12 1
12 237 8
237 362 4
362 432 5
77 472 1
472 491 2
491 92 10
92 79 6
79 486 6
79 328 4
77 18 7
18 393 5
18 459 10
121 22 2
22 113 8
113 440 8
440 302 6
302 334 8
334 28 4
28 178 9
178 181 1
181 13 8
13 277 8
277 263 10
263 429 1
429 120 7
120 373 1
373 149 1
429 133 4
133 463 9
429 241 2
241 474 10
474 173 5
241 124 6
124 201 2
263 430 8
430 478 7
478 13 1
13 453 6
453 185 6
185 492 4
492 184 10
453 58 4
58 386 6
386 423 8
58 249 6
13 347 4
478 44 1
44 85 10
28 145 7
145 112 8
112 199 3
199 245 10
112 371 6
371 187 8
187 54 10
54 496 6
496 349 3
349 117 6
496 242 2
242 103 6
103 93 2
54 63 4
63 234 9
234 162 5
162 130 8
130 168 7
168 479 7
479 298 2
298 261 3
261 55 8
55 3 9
261 97 3
187 157 8
157 495 1
495 470 10
495 138 7
138 300 2
495 348 1
348 193 1
371 407 3
407 115 6
115 213 2
440 207 9
440 375 1
375 315 8
22 275 5
135 209 5
209 204 9
209 445 1
445 356 10
356 385 7
385 2 2
2 285 7
285 410 9
410 417 6
417 422 4
422 136 1
136 233 6
417 307 7
417 172 7
172 396 3
396 331 3
172 127 4
127 316 9
417 75 2
410 231 6
231 239 9
410 282 5
282 161 4
161 11 3
356 487 3
487 333 2
333 411 8
411 99 8
99 325 3
325 391 3
333 490 7
487 108 3
355 15 5
15 295 3
15 64 1
355 257 7
257 427 1
427 84 6
84 83 1
283 402 8
283 262 7
262 437 8
437 218 4
53 134 10
134 365 1
468 497 1
497 318 9
95 32 6
243 388 3
388 192 8
243 254 8
254 125 4
254 401 3
401 116 10
116 90 7
90 76 2
76 270 4
76 415 4
116 269 2
255 284 9
200 405 6
7 357 2
223 366 9
366 39 4
189 37 5
160 132 4
65 482 10
482 164 6
164 190 1
190 232 2
164 335 4
335 219 10
219 142 2
335 467 9
467 256 4
69 1 8
35 481 4
420 128 7
57 4 8
418 74 2
469 309 6
309 144 8
483 196 10
196 406 10
452 31 6
31 208 3
208 191 6
374 228 1
205 71 3
71 291 7
291 322 10
322 140 2
291 370 2
291 278 10
180 156 9

REQUESTS

BLOCKAGES
470 418
176 436
401 60
165 483
156 406
380 356
243 110
98 288
26 286
421 281
140 370
97 355
392 128
443 451
275 149
8 451
453 185
204 326
299 151
291 370
454 117
76 392
131 400
495 470
350 65
328 39
161 11
79 474
439 438
338 153
183 80
201 350
196 378
145 112
263 429
492 184
185 401
83 79
149 470
444 459
186 392
305 167
52 246
87 38
16 125
283 489
2 136
12 374
389 402
413 247
350 117
272 494
7 357
256 438
340 344
451 85
274 500
368 177
205 154
487 333
146 478
379 187
121 77
392 426
254 125
144 50
484 114
235 494
189 484
34 447
200 405
66 435
278 38
401 9
218 211
115 213
168 88
135 209
317 48
375 243
483 196
261 463
469 41
56 442
451 2
417 75
493 47
483 345
361 43
378 101
13 347
374 228
69 317
246 160
141 115
152 499
283 97
461 387
365 186
233 272
446 464
486 154
16 357
41 262
58 249
131 481
306 267
117 293
15 295
195 117
35 108
442 477
117 420
188 324
95 83
172 396
410 312
497 226
270 370
499 141
67 355
59 304
397 41
3 67
492 487
79 299
317 235
272 152
187 108
468 497
145 164
440 302
125 315
355 488
76 270
2 290
361 400
99 389
398 200
164 335
270 72
410 282
440 375
97 380
429 499
23 64
432 488
74 204
67 260
238 380
478 13
455 238
327 226
160 469
351 310
357 232
81 210
214 79
44 85
357 399
392 41
469 340
225 144
79 249
60 396
192 23
146 341
478 44
78 220
300 195
399 454
53 162
10 46
54 496
288 114
423 104
390 34
491 345
152 53
368 10
302 491
401 116
488 69
284 367
315 397
247 251
142 249
487 108
81 2
181 13
274 409
123 146
37 28
181 288
18 393
337 356
167 155
304 17
351 191
187 391
455 235
255 60
344 103
21 270
374 204
151 23
46 469
161 131
340 323
484 331
41 391
474 445
499 187
136 283
93 160
420 493
428 197
26 428
471 369
282 368
399 17
391 351
398 327
266 83
103 89
357 409
357 12
119 389
120 368
23 101
444 104
432 397
428 125
216 33
63 80
270 173
415 5
391 225
149 318
392 33
20 188
409 83
409 316
28 266
279 180
125 307
162 102
129 240
239 429
371 187

TERMINALS
1
5
6
7
10
12
13
14
17
18
19
20
22
26
27
31
32
35
36
37
38
39
41
42
45
47
48
50
55
58
60
62
64
65
69
72
76
77
79
81
82
83
84
85
88
92
93
94
96
98
100
101
103
104
107
108
110
112
117
118
119
120
122
123
126
127
128
129
130
131
134
135
137
140
142
143
151
152
153
156
158
161
162
164
165
166
170
171
174
177
179
181
186
188
190
192
193
194
197
201
203
208
209
210
211
212
215
216
219
220
221
225
226
228
229
231
233
234
235
236
238
241
245
246
247
250
252
253
255
257
261
264
268
269
270
271
272
274
275
276
277
278
282
283
284
285
287
288
290
293
295
296
299
302
306
308
309
310
311
318
319
320
321
325
326
331
333
334
336
339
340
341
342
343
345
346
352
354
355
356
360
361
362
364
367
372
374
375
378
382
385
386
387
388
389
390
391
392
394
395
399
400
401
404
405
407
410
416
419
420
422
426
427
432
435
437
438
442
445
451
452
454
455
456
458
459
461
462
463
464
466
467
468
470
472
474
475
479
480
482
483
484
486
487
488
490
495
497
498
499

END
