INSTANCE_NAME c06.dat
NB_VERTICES 500
NB_ARCS 1029
NB_REQUESTS 0
NB_BLOCKAGES 411
NB_TERMINALS 5

VERTICES
1 0 0
2 0 0
3 0 0
4 0 0
5 0 0
6 0 0
7 0 0
8 0 0
9 0 0
10 0 0
11 0 0
12 0 0
13 0 0
14 0 0
15 0 0
16 0 0
17 0 0
18 0 0
19 0 0
20 0 0
21 0 0
22 0 0
23 0 0
24 0 0
25 0 0
26 0 0
27 0 0
28 0 0
29 0 0
30 0 0
31 0 0
32 0 0
33 0 0
34 0 0
35 0 0
36 0 0
37 0 0
38 0 0
39 0 0
40 0 0
41 0 0
42 0 0
43 0 0
44 0 0
45 0 0
46 0 0
47 0 0
48 0 0
49 0 0
50 0 0
51 0 0
52 0 0
53 0 0
54 0 0
55 0 0
56 0 0
57 0 0
58 0 0
59 0 0
60 0 0
61 0 0
62 0 0
63 0 0
64 0 0
65 0 0
66 0 0
67 0 0
68 0 0
69 0 0
70 0 0
71 0 0
72 0 0
73 0 0
74 0 0
75 0 0
76 0 0
77 0 0
78 0 0
79 0 0
80 0 0
81 0 0
82 0 0
83 0 0
84 0 0
85 0 0
86 0 0
87 0 0
88 0 0
89 0 0
90 0 0
91 0 0
92 0 0
93 0 0
94 0 0
95 0 0
96 0 0
97 0 0
98 0 0
99 0 0
100 0 0
101 0 0
102 0 0
103 0 0
104 0 0
105 0 0
106 0 0
107 0 0
108 0 0
109 0 0
110 0 0
111 0 0
112 0 0
113 0 0
114 0 0
115 0 0
116 0 0
117 0 0
118 0 0
119 0 0
120 0 0
121 0 0
122 0 0
123 0 0
124 0 0
125 0 0
126 0 0
127 0 0
128 0 0
129 0 0
130 0 0
131 0 0
132 0 0
133 0 0
134 0 0
135 0 0
136 0 0
137 0 0
138 0 0
139 0 0
140 0 0
141 0 0
142 0 0
143 0 0
144 0 0
145 0 0
146 0 0
147 0 0
148 0 0
149 0 0
150 0 0
151 0 0
152 0 0
153 0 0
154 0 0
155 0 0
156 0 0
157 0 0
158 0 0
159 0 0
160 0 0
161 0 0
162 0 0
163 0 0
164 0 0
165 0 0
166 0 0
167 0 0
168 0 0
169 0 0
170 0 0
171 0 0
172 0 0
173 0 0
174 0 0
175 0 0
176 0 0
177 0 0
178 0 0
179 0 0
180 0 0
181 0 0
182 0 0
183 0 0
184 0 0
185 0 0
186 0 0
187 0 0
188 0 0
189 0 0
190 0 0
191 0 0
192 0 0
193 0 0
194 0 0
195 0 0
196 0 0
197 0 0
198 0 0
199 0 0
200 0 0
201 0 0
202 0 0
203 0 0
204 0 0
205 0 0
206 0 0
207 0 0
208 0 0
209 0 0
210 0 0
211 0 0
212 0 0
213 0 0
214 0 0
215 0 0
216 0 0
217 0 0
218 0 0
219 0 0
220 0 0
221 0 0
222 0 0
223 0 0
224 0 0
225 0 0
226 0 0
227 0 0
228 0 0
229 0 0
230 0 0
231 0 0
232 0 0
233 0 0
234 0 0
235 0 0
236 0 0
237 0 0
238 0 0
239 0 0
240 0 0
241 0 0
242 0 0
243 0 0
244 0 0
245 0 0
246 0 0
247 0 0
248 0 0
249 0 0
250 0 0
251 0 0
252 0 0
253 0 0
254 0 0
255 0 0
256 0 0
257 0 0
258 0 0
259 0 0
260 0 0
261 0 0
262 0 0
263 0 0
264 0 0
265 0 0
266 0 0
267 0 0
268 0 0
269 0 0
270 0 0
271 0 0
272 0 0
273 0 0
274 0 0
275 0 0
276 0 0
277 0 0
278 0 0
279 0 0
280 0 0
281 0 0
282 0 0
283 0 0
284 0 0
285 0 0
286 0 0
287 0 0
288 0 0
289 0 0
290 0 0
291 0 0
292 0 0
293 0 0
294 0 0
295 0 0
296 0 0
297 0 0
298 0 0
299 0 0
300 0 0
301 0 0
302 0 0
303 0 0
304 0 0
305 0 0
306 0 0
307 0 0
308 0 0
309 0 0
310 0 0
311 0 0
312 0 0
313 0 0
314 0 0
315 0 0
316 0 0
317 0 0
318 0 0
319 0 0
320 0 0
321 0 0
322 0 0
323 0 0
324 0 0
325 0 0
326 0 0
327 0 0
328 0 0
329 0 0
330 0 0
331 0 0
332 0 0
333 0 0
334 0 0
335 0 0
336 0 0
337 0 0
338 0 0
339 0 0
340 0 0
341 0 0
342 0 0
343 0 0
344 0 0
345 0 0
346 0 0
347 0 0
348 0 0
349 0 0
350 0 0
351 0 0
352 0 0
353 0 0
354 0 0
355 0 0
356 0 0
357 0 0
358 0 0
359 0 0
360 0 0
361 0 0
362 0 0
363 0 0
364 0 0
365 0 0
366 0 0
367 0 0
368 0 0
369 0 0
370 0 0
371 0 0
372 0 0
373 0 0
374 0 0
375 0 0
376 0 0
377 0 0
378 0 0
379 0 0
380 0 0
381 0 0
382 0 0
383 0 0
384 0 0
385 0 0
386 0 0
387 0 0
388 0 0
389 0 0
390 0 0
391 0 0
392 0 0
393 0 0
394 0 0
395 0 0
396 0 0
397 0 0
398 0 0
399 0 0
400 0 0
401 0 0
402 0 0
403 0 0
404 0 0
405 0 0
406 0 0
407 0 0
408 0 0
409 0 0
410 0 0
411 0 0
412 0 0
413 0 0
414 0 0
415 0 0
416 0 0
417 0 0
418 0 0
419 0 0
420 0 0
421 0 0
422 0 0
423 0 0
424 0 0
425 0 0
426 0 0
427 0 0
428 0 0
429 0 0
430 0 0
431 0 0
432 0 0
433 0 0
434 0 0
435 0 0
436 0 0
437 0 0
438 0 0
439 0 0
440 0 0
441 0 0
442 0 0
443 0 0
444 0 0
445 0 0
446 0 0
447 0 0
448 0 0
449 0 0
450 0 0
451 0 0
452 0 0
453 0 0
454 0 0
455 0 0
456 0 0
457 0 0
458 0 0
459 0 0
460 0 0
461 0 0
462 0 0
463 0 0
464 0 0
465 0 0
466 0 0
467 0 0
468 0 0
469 0 0
470 0 0
471 0 0
472 0 0
473 0 0
474 0 0
475 0 0
476 0 0
477 0 0
478 0 0
479 0 0
480 0 0
481 0 0
482 0 0
483 0 0
484 0 0
485 0 0
486 0 0
487 0 0
488 0 0
489 0 0
490 0 0
491 0 0
492 0 0
493 0 0
494 0 0
495 0 0
496 0 0
497 0 0
498 0 0
499 0 0
500 0 0

ARCS
98 289 6
289 246 4
246 30 4
30 432 9
432 145 8
145 391 10
391 231 5
231 254 6
254 375 6
375 487 7
487 156 8
156 388 9
388 78 5
78 344 9
344 266 7
266 341 3
341 422 9
422 75 10
75 61 10
61 492 7
492 391 2
391 367 3
367 431 6
431 457 5
457 80 9
80 204 4
204 247 7
247 383 8
383 254 6
254 470 5
470 62 8
62 169 1
169 218 7
218 286 6
286 392 3
392 133 10
133 354 8
354 375 4
375 499 7
499 19 3
19 168 2
168 337 7
337 360 2
360 312 5
312 306 10
306 450 7
450 59 3
59 444 3
444 197 4
197 443 7
443 388 10
388 185 8
185 350 7
350 283 1
283 252 2
252 138 1
138 397 1
397 192 10
192 443 4
443 68 4
68 86 8
86 304 7
304 491 8
491 382 5
382 204 4
204 23 9
23 199 7
199 126 9
126 135 2
135 2 3
2 247 8
247 448 5
448 107 10
107 429 1
429 291 9
291 444 10
444 121 9
121 307 5
307 159 4
159 219 6
219 196 9
196 50 2
50 194 1
194 397 3
397 329 10
329 89 2
89 254 8
254 493 3
493 296 6
296 334 7
334 222 3
222 270 8
270 392 8
392 97 6
97 22 1
22 250 3
250 93 10
93 436 10
436 452 6
452 363 8
363 133 8
133 144 3
144 208 4
208 71 1
71 160 6
160 416 6
416 195 9
195 283 8
195 260 8
260 402 8
402 31 6
31 432 7
432 262 5
262 307 6
307 204 5
204 28 5
28 388 5
388 498 5
498 391 10
391 232 2
232 338 6
338 238 4
238 432 5
432 433 8
433 210 1
210 17 2
17 363 2
363 298 9
298 274 5
274 17 10
17 1 6
1 261 2
261 203 3
203 222 7
222 387 6
387 65 6
65 69 9
69 122 3
122 398 2
398 381 1
381 354 3
354 29 2
29 243 1
243 247 7
247 47 7
47 217 10
217 53 9
53 272 6
272 347 6
347 192 3
192 46 10
46 264 8
264 485 5
485 420 7
420 182 4
182 156 5
156 331 5
331 151 9
151 71 1
71 469 1
469 380 3
380 280 5
280 54 4
54 192 4
192 127 3
127 361 1
361 189 7
189 146 6
146 110 8
110 338 9
338 191 7
191 478 8
478 6 10
6 90 5
90 156 6
156 370 3
370 44 8
44 62 9
62 101 7
101 77 5
77 161 2
161 182 3
182 112 4
112 357 1
357 400 9
400 256 3
256 499 3
499 178 3
178 321 9
321 362 2
362 91 3
91 404 5
404 247 2
247 273 6
273 345 4
345 248 6
248 2 3
2 265 4
265 408 2
408 67 5
67 341 8
341 267 1
267 111 9
111 331 10
331 107 3
107 413 8
413 336 3
336 384 9
384 300 2
300 211 9
211 288 3
288 106 9
106 354 1
354 269 8
269 124 6
124 249 9
249 73 7
73 482 9
482 11 5
11 375 4
375 371 2
371 102 9
102 313 2
313 149 3
149 97 6
97 268 4
268 489 8
489 431 5
431 8 9
8 34 2
34 246 10
246 92 5
92 371 10
371 403 6
403 60 8
60 333 7
333 179 8
179 261 8
261 132 4
132 419 2
419 2 10
2 94 4
94 495 7
495 317 2
317 112 1
317 299 1
299 499 10
499 455 9
455 387 8
387 292 3
292 382 2
382 494 7
494 473 10
473 325 6
325 146 1
146 427 1
427 240 7
240 124 8
124 346 1
346 144 9
144 385 9
385 499 6
499 271 2
271 461 5
461 42 8
42 495 7
495 141 2
141 419 8
419 446 2
446 178 5
178 68 7
68 454 7
454 154 4
154 62 6
62 230 10
230 166 10
166 418 1
418 181 4
181 29 7
29 500 6
500 411 3
411 315 10
315 390 2
390 272 9
272 138 7
390 434 10
434 364 1
364 181 10
181 342 6
342 356 1
356 54 4
54 244 7
244 19 9
19 430 9
430 195 10
195 366 1
366 239 6
239 197 4
197 41 2
41 419 9
419 33 10
33 456 9
456 406 9
406 460 1
460 290 1
290 135 10
135 176 4
176 205 6
205 211 4
211 164 3
164 165 2
165 120 5
120 344 9
344 132 10
132 372 1
372 71 3
71 294 10
294 382 7
382 124 3
124 426 7
426 251 7
251 177 1
177 91 3
91 187 8
187 66 9
66 460 4
460 175 7
175 6 7
6 276 1
276 328 9
328 157 8
157 345 9
345 147 9
147 107 3
107 274 3
274 15 4
15 280 3
280 158 10
158 358 2
358 74 7
74 133 8
133 425 1
425 389 6
389 155 5
155 407 6
407 185 9
185 468 1
468 20 4
20 208 7
208 319 6
319 475 2
475 278 6
278 212 9
212 192 10
192 324 3
324 394 3
394 303 2
303 437 8
437 38 10
38 98 4
98 451 2
451 185 5
185 64 1
64 468 1
468 500 6
500 466 2
466 88 3
88 424 2
424 486 6
486 144 9
144 409 9
409 130 8
130 241 5
241 462 7
462 182 6
182 70 1
70 474 8
474 362 10
362 123 2
123 58 1
58 491 1
491 21 8
21 83 7
83 263 3
263 15 9
15 212 3
212 415 8
415 444 7
444 3 2
3 335 5
335 305 3
305 214 2
214 102 5
214 137 1
137 270 4
270 458 2
458 206 7
206 198 9
198 392 10
392 129 9
129 174 10
174 334 7
334 339 1
339 366 4
366 95 2
95 66 1
66 209 6
209 435 4
435 89 4
89 136 4
136 447 2
447 248 6
248 441 5
441 491 2
491 353 5
353 225 1
225 14 7
14 258 5
258 182 3
258 9 3
9 49 1
49 104 8
104 78 10
78 76 9
76 80 4
80 375 4
375 285 9
285 26 3
26 304 5
304 267 10
285 23 10
23 342 9
342 183 4
183 177 4
177 308 1
308 45 2
45 18 10
18 194 10
194 387 6
387 188 9
188 407 3
407 99 7
99 280 3
280 40 9
40 452 9
452 453 5
453 415 5
415 51 5
51 125 6
125 375 8
125 245 9
245 180 6
180 81 9
81 181 2
181 98 6
98 365 6
365 374 6
374 7 2
7 353 3
353 233 2
233 74 9
74 13 4
13 93 10
93 89 5
89 369 3
369 489 5
489 479 4
479 214 3
214 87 7
87 351 10
351 401 5
401 220 3
220 231 1
231 471 10
471 190 6
190 198 2
198 480 7
480 229 6
229 383 3
383 12 7
12 75 6
75 123 4
123 366 6
366 2 7
2 481 7
481 193 2
193 90 6
90 237 8
237 139 1
139 172 3
172 395 10
395 56 9
56 239 8
239 316 2
316 124 6
124 4 9
4 189 5
189 116 8
116 300 9
300 446 5
300 153 8
153 10 4
10 470 9
470 37 9
37 224 9
224 109 5
109 388 2
388 5 6
5 110 8
109 223 9
223 176 3
176 426 6
426 266 3
266 167 10
167 119 9
119 216 4
216 49 10
49 134 5
134 255 1
255 106 8
106 43 8
43 299 2
299 117 8
117 268 1
268 207 7
207 159 4
159 103 9
103 308 6
308 38 6
38 355 6
355 448 4
448 378 6
378 499 10
499 340 3
340 58 8
58 442 9
442 334 10
334 435 4
435 348 3
348 169 6
169 439 5
439 346 3
346 145 7
145 143 8
143 100 2
100 395 4
395 39 5
39 170 2
170 364 1
364 55 5
55 105 9
105 347 10
347 79 7
79 201 4
201 268 8
201 57 2
57 470 5
470 381 9
381 235 4
235 183 1
235 417 3
417 239 5
239 57 8
57 173 9
173 410 10
410 163 10
163 47 5
47 219 10
47 122 3
163 96 7
96 277 5
277 134 9
134 175 5
175 496 4
496 36 1
36 192 8
192 355 10
192 498 2
498 135 3
135 131 8
131 101 1
101 108 7
108 160 1
160 113 8
113 472 8
472 64 5
113 311 10
311 49 4
49 195 4
195 497 9
497 214 4
214 48 4
48 386 6
386 108 2
108 114 1
114 217 7
217 379 2
379 294 6
294 351 2
351 162 7
162 414 1
414 494 2
494 465 10
465 117 8
117 30 6
465 198 2
198 321 8
321 411 6
411 314 6
314 140 10
140 242 1
242 354 3
354 223 7
223 331 2
223 198 3
198 55 7
55 215 4
215 61 10
61 19 1
61 80 3
215 348 6
215 13 2
13 46 3
46 281 9
281 367 8
367 257 7
257 377 2
377 85 2
85 447 8
447 330 10
330 241 4
241 109 4
447 403 1
403 249 6
403 141 7
403 192 8
192 490 1
490 361 6
361 393 2
393 126 9
126 376 5
376 425 9
425 279 2
279 63 2
63 193 10
63 35 9
35 37 10
35 310 5
310 265 5
265 287 4
287 21 9
287 479 4
479 99 1
479 484 6
484 337 9
484 347 6
347 449 7
449 396 8
396 186 4
186 96 10
96 361 2
361 286 10
286 172 9
286 79 4
79 200 9
200 266 4
266 103 1
266 169 10
169 334 4
334 142 7
142 297 9
297 165 5
165 346 3
346 394 5
394 432 9
432 264 3
264 411 5
411 307 6
307 148 9
148 477 6
477 489 6
489 399 9
399 392 1
392 32 1
32 85 2
85 488 1
488 456 9
488 24 1
24 91 6
91 119 7
119 485 5
485 419 7
419 168 5
168 148 10
148 487 7
487 332 7
332 144 2
144 259 7
259 374 8
148 59 5
59 213 2
213 493 9
493 116 7
116 58 1
116 74 10
74 445 2
445 368 3
368 405 9
405 443 2
443 46 10
46 279 3
279 296 8
296 256 2
256 16 5
16 358 10
358 92 5
92 392 10
392 179 3
179 410 5
410 147 3
147 420 2
420 359 8
359 394 10
394 285 8
394 251 9
251 11 3
11 113 8
11 136 8
136 380 5
380 284 1
284 414 7
380 108 1
380 429 3
429 20 3
20 260 9
429 55 4
55 44 7
136 275 3
275 405 2
405 496 10
496 453 6
453 433 1
433 496 4
453 139 8
139 160 9
160 134 5
134 197 2
197 467 1
467 216 9
216 52 3
52 443 10
443 135 1
135 115 1
115 238 5
238 142 5
142 447 3
447 168 9
168 195 5
168 436 6
142 396 2
396 438 9
438 417 4
417 265 1
265 27 6
27 481 10
481 399 2
27 318 1
318 297 7
297 282 9
282 400 10
400 301 10
301 412 1
412 398 7
398 152 6
152 326 6
326 391 1
391 63 3
63 494 4
63 8 2
8 250 7
250 343 9
343 237 1
343 90 1
90 423 4
423 312 3
312 457 1
312 169 7
169 282 4
423 484 4
484 270 3
270 227 4
227 435 5
227 145 5
270 485 2
485 244 1
484 163 10
90 458 5
458 409 3
250 358 8
358 404 4
404 82 1
82 189 1
189 164 9
164 105 10
82 151 7
151 118 1
118 404 5
404 228 10
228 324 8
324 404 7
404 420 4
420 415 9
420 395 6
395 302 10
302 69 3
69 471 5
471 477 3
477 72 5
72 159 8
159 7 9
7 56 2
56 383 3
56 245 5
245 254 8
254 10 7
254 42 1
42 402 5
254 132 6
245 395 6
395 217 10
217 49 3
395 51 7
51 176 3
176 441 10
441 313 6
313 73 4
73 444 9
444 476 8
476 127 3
127 78 6
78 40 7
40 150 4
150 240 10
78 311 3
127 445 3
445 271 10
271 1 1
271 279 7
279 490 4
279 184 3
184 350 6
350 73 3
350 96 9
96 420 1
350 106 8
106 226 1
226 406 6
406 211 6
211 327 8
327 190 1
190 277 6
277 137 9
190 151 5
151 59 1
59 85 8
59 407 6
407 140 2
140 475 7
475 318 10
475 31 1
140 171 9
171 339 7
339 450 9
450 56 3
56 462 10
462 234 4
234 203 10
203 440 6
440 431 2
431 421 10
421 41 5
203 94 1
234 77 1
77 214 2
234 157 1
157 478 5
157 335 9
234 82 10
82 269 1
269 308 6
308 387 5
387 279 10
387 123 4
123 45 9
45 69 7
45 293 4
293 118 5
308 384 8
384 322 4
322 371 5
322 97 6
97 362 7
362 411 9
97 289 2
289 253 10
253 341 6
341 16 2
253 29 5
289 344 4
344 365 8
322 114 10
384 156 10
156 234 2
308 301 1
269 6 9
56 174 10
140 8 7
8 247 9
407 298 1
298 225 3
298 14 3
14 265 10
14 98 3
98 128 1
128 28 3
128 236 2
236 347 2
347 84 1
84 133 9
84 295 2
295 136 4
236 407 7
407 22 8
22 425 6
425 292 2
59 251 3
151 186 8
327 321 6
321 12 3
12 221 4
221 67 5
67 419 9
419 155 4
221 377 7
327 231 2
211 320 5
320 349 6
349 454 2
454 27 6
27 46 7
46 294 3
27 492 2
320 352 4
352 71 6
71 314 2
320 75 8
406 498 1
498 495 3
226 179 2
179 400 5
400 53 6
53 497 5
497 390 9
390 161 10
161 309 4
309 191 7
191 185 10
191 489 5
161 466 4
466 373 6
373 296 6
466 323 2
323 50 1
50 319 6
319 459 9
459 408 5
319 437 1
437 121 8
390 70 2
70 428 7
428 427 9
427 250 7
428 120 7
120 18 2
18 188 4
188 202 2
202 54 4
54 25 1
25 239 8
239 177 10
239 288 3
54 463 1
463 452 8
428 360 5
360 336 1
70 60 6
497 500 8
53 368 6
368 24 8
400 342 7
176 200 3
245 287 1
477 412 3
471 222 7
222 464 10
464 328 8
222 216 4
222 281 1
63 152 5
438 263 6
438 194 6
194 461 5
461 334 8
361 38 9
367 229 8
175 482 10
39 278 7
100 111 8
299 212 4
300 473 7
473 86 10
181 451 5
280 389 2
83 196 8
158 370 4
372 434 6
33 483 7
483 210 6
261 246 2

REQUESTS

BLOCKAGES
83 263
432 264
471 222
301 412
50 319
371 102
78 344
244 19
155 407
71 294
475 318
46 281
456 406
470 37
178 68
174 334
127 78
347 79
487 156
406 460
450 59
41 419
403 60
146 427
364 181
452 363
157 478
495 317
47 217
69 122
161 466
13 46
148 59
354 375
148 477
134 175
100 111
1 261
38 355
404 247
473 86
151 71
56 383
59 444
24 91
117 30
216 49
419 168
451 185
350 73
411 314
144 409
92 392
250 343
435 89
407 185
289 253
454 27
307 159
407 140
394 251
250 93
38 98
145 391
407 99
387 188
176 426
223 331
269 124
190 277
266 169
63 152
419 446
471 190
59 407
277 137
395 56
246 92
288 106
40 452
298 225
308 38
109 388
392 179
415 444
497 214
168 195
198 321
97 362
217 49
461 334
239 57
151 59
312 457
231 254
354 29
106 226
94 495
185 350
429 55
222 270
8 247
420 182
80 204
27 492
297 282
304 267
383 254
338 191
74 133
406 498
161 182
227 145
27 481
56 462
274 17
270 485
497 390
146 110
235 183
500 466
400 53
404 82
447 403
159 103
29 500
382 204
375 285
334 435
239 177
240 124
160 113
271 461
6 90
350 283
312 169
109 223
274 15
444 197
477 489
107 429
61 80
368 405
45 18
254 42
380 429
334 339
403 192
407 298
399 392
200 266
344 132
484 347
371 403
192 443
139 172
428 120
400 342
367 431
481 193
236 347
118 404
85 488
98 365
177 91
382 494
18 194
148 487
270 392
195 260
499 271
164 105
73 444
447 248
387 123
210 17
160 134
420 395
151 186
141 419
372 71
15 212
44 62
2 265
468 20
140 475
322 97
346 145
322 371
269 6
441 313
163 96
31 432
204 28
61 19
123 45
426 251
484 270
395 217
165 346
289 246
238 142
366 239
462 182
67 341
178 321
286 79
7 56
185 468
85 447
119 485
215 348
377 85
117 268
123 366
452 453
307 204
165 120
388 498
491 353
407 22
387 279
247 47
68 454
419 33
156 234
91 119
367 229
366 2
279 490
299 212
49 134
248 441
268 489
493 296
116 58
191 489
157 335
347 192
71 160
484 163
447 168
126 135
89 136
223 176
158 358
493 116
484 337
57 470
338 238
134 197
51 125
279 296
278 212
53 272
498 495
247 448
431 8
320 75
116 300
133 354
394 285
168 436
192 46
272 347
182 112
438 417
159 7
380 280
49 195
14 265
185 64
47 219
453 415
234 203
387 292
70 428
182 70
280 40
419 2
101 108
336 384
93 89
245 254
222 216
381 354
395 51
181 98
67 419
136 380
358 404
133 425
63 35
319 437
287 479
482 11
414 494
108 160
308 384
90 458
194 397
179 400
98 289
55 215
491 382
434 364
254 470
398 381
66 460
208 71
270 458
132 419
261 132
489 479
269 308
75 123
169 334
271 279
135 176
443 135
411 307
19 168
247 383
142 396
438 194
20 208
245 287
22 250
294 351
432 433
50 194
313 73
327 321
264 485
250 358
124 346
127 445
90 423
190 198
261 203
390 161
489 431
108 114
53 497
91 404
334 142
46 279
96 420
450 56
294 382
485 420
211 327
339 366
69 471
491 21
363 133
279 63
256 499
311 49
346 394
443 46
156 370
319 475
410 147
16 358
106 354
147 107
304 491
324 404
400 256
192 127
2 247
265 408
156 331
350 96
360 312
405 496
453 139
420 415
347 84
203 222
417 239
192 498
56 245
90 156
254 10
23 342
239 197
14 258
197 443
479 214
308 387
175 6
334 222
299 499
391 231
331 107
192 324
97 268
11 113
397 192
391 63
465 198
198 392
391 367
280 389
27 46
74 445
96 361
136 447
140 8

TERMINALS
98
261
395
426
480

END
