INSTANCE_NAME cc10-2p.dat
NB_VERTICES 1024
NB_ARCS 5120
NB_REQUESTS 0
NB_BLOCKAGES 3840
NB_TERMINALS 135

VERTICES
1 0 0
2 0 0
3 0 0
4 0 0
5 0 0
6 0 0
7 0 0
8 0 0
9 0 0
10 0 0
11 0 0
12 0 0
13 0 0
14 0 0
15 0 0
16 0 0
17 0 0
18 0 0
19 0 0
20 0 0
21 0 0
22 0 0
23 0 0
24 0 0
25 0 0
26 0 0
27 0 0
28 0 0
29 0 0
30 0 0
31 0 0
32 0 0
33 0 0
34 0 0
35 0 0
36 0 0
37 0 0
38 0 0
39 0 0
40 0 0
41 0 0
42 0 0
43 0 0
44 0 0
45 0 0
46 0 0
47 0 0
48 0 0
49 0 0
50 0 0
51 0 0
52 0 0
53 0 0
54 0 0
55 0 0
56 0 0
57 0 0
58 0 0
59 0 0
60 0 0
61 0 0
62 0 0
63 0 0
64 0 0
65 0 0
66 0 0
67 0 0
68 0 0
69 0 0
70 0 0
71 0 0
72 0 0
73 0 0
74 0 0
75 0 0
76 0 0
77 0 0
78 0 0
79 0 0
80 0 0
81 0 0
82 0 0
83 0 0
84 0 0
85 0 0
86 0 0
87 0 0
88 0 0
89 0 0
90 0 0
91 0 0
92 0 0
93 0 0
94 0 0
95 0 0
96 0 0
97 0 0
98 0 0
99 0 0
100 0 0
101 0 0
102 0 0
103 0 0
104 0 0
105 0 0
106 0 0
107 0 0
108 0 0
109 0 0
110 0 0
111 0 0
112 0 0
113 0 0
114 0 0
115 0 0
116 0 0
117 0 0
118 0 0
119 0 0
120 0 0
121 0 0
122 0 0
123 0 0
124 0 0
125 0 0
126 0 0
127 0 0
128 0 0
129 0 0
130 0 0
131 0 0
132 0 0
133 0 0
134 0 0
135 0 0
136 0 0
137 0 0
138 0 0
139 0 0
140 0 0
141 0 0
142 0 0
143 0 0
144 0 0
145 0 0
146 0 0
147 0 0
148 0 0
149 0 0
150 0 0
151 0 0
152 0 0
153 0 0
154 0 0
155 0 0
156 0 0
157 0 0
158 0 0
159 0 0
160 0 0
161 0 0
162 0 0
163 0 0
164 0 0
165 0 0
166 0 0
167 0 0
168 0 0
169 0 0
170 0 0
171 0 0
172 0 0
173 0 0
174 0 0
175 0 0
176 0 0
177 0 0
178 0 0
179 0 0
180 0 0
181 0 0
182 0 0
183 0 0
184 0 0
185 0 0
186 0 0
187 0 0
188 0 0
189 0 0
190 0 0
191 0 0
192 0 0
193 0 0
194 0 0
195 0 0
196 0 0
197 0 0
198 0 0
199 0 0
200 0 0
201 0 0
202 0 0
203 0 0
204 0 0
205 0 0
206 0 0
207 0 0
208 0 0
209 0 0
210 0 0
211 0 0
212 0 0
213 0 0
214 0 0
215 0 0
216 0 0
217 0 0
218 0 0
219 0 0
220 0 0
221 0 0
222 0 0
223 0 0
224 0 0
225 0 0
226 0 0
227 0 0
228 0 0
229 0 0
230 0 0
231 0 0
232 0 0
233 0 0
234 0 0
235 0 0
236 0 0
237 0 0
238 0 0
239 0 0
240 0 0
241 0 0
242 0 0
243 0 0
244 0 0
245 0 0
246 0 0
247 0 0
248 0 0
249 0 0
250 0 0
251 0 0
252 0 0
253 0 0
254 0 0
255 0 0
256 0 0
257 0 0
258 0 0
259 0 0
260 0 0
261 0 0
262 0 0
263 0 0
264 0 0
265 0 0
266 0 0
267 0 0
268 0 0
269 0 0
270 0 0
271 0 0
272 0 0
273 0 0
274 0 0
275 0 0
276 0 0
277 0 0
278 0 0
279 0 0
280 0 0
281 0 0
282 0 0
283 0 0
284 0 0
285 0 0
286 0 0
287 0 0
288 0 0
289 0 0
290 0 0
291 0 0
292 0 0
293 0 0
294 0 0
295 0 0
296 0 0
297 0 0
298 0 0
299 0 0
300 0 0
301 0 0
302 0 0
303 0 0
304 0 0
305 0 0
306 0 0
307 0 0
308 0 0
309 0 0
310 0 0
311 0 0
312 0 0
313 0 0
314 0 0
315 0 0
316 0 0
317 0 0
318 0 0
319 0 0
320 0 0
321 0 0
322 0 0
323 0 0
324 0 0
325 0 0
326 0 0
327 0 0
328 0 0
329 0 0
330 0 0
331 0 0
332 0 0
333 0 0
334 0 0
335 0 0
336 0 0
337 0 0
338 0 0
339 0 0
340 0 0
341 0 0
342 0 0
343 0 0
344 0 0
345 0 0
346 0 0
347 0 0
348 0 0
349 0 0
350 0 0
351 0 0
352 0 0
353 0 0
354 0 0
355 0 0
356 0 0
357 0 0
358 0 0
359 0 0
360 0 0
361 0 0
362 0 0
363 0 0
364 0 0
365 0 0
366 0 0
367 0 0
368 0 0
369 0 0
370 0 0
371 0 0
372 0 0
373 0 0
374 0 0
375 0 0
376 0 0
377 0 0
378 0 0
379 0 0
380 0 0
381 0 0
382 0 0
383 0 0
384 0 0
385 0 0
386 0 0
387 0 0
388 0 0
389 0 0
390 0 0
391 0 0
392 0 0
393 0 0
394 0 0
395 0 0
396 0 0
397 0 0
398 0 0
399 0 0
400 0 0
401 0 0
402 0 0
403 0 0
404 0 0
405 0 0
406 0 0
407 0 0
408 0 0
409 0 0
410 0 0
411 0 0
412 0 0
413 0 0
414 0 0
415 0 0
416 0 0
417 0 0
418 0 0
419 0 0
420 0 0
421 0 0
422 0 0
423 0 0
424 0 0
425 0 0
426 0 0
427 0 0
428 0 0
429 0 0
430 0 0
431 0 0
432 0 0
433 0 0
434 0 0
435 0 0
436 0 0
437 0 0
438 0 0
439 0 0
440 0 0
441 0 0
442 0 0
443 0 0
444 0 0
445 0 0
446 0 0
447 0 0
448 0 0
449 0 0
450 0 0
451 0 0
452 0 0
453 0 0
454 0 0
455 0 0
456 0 0
457 0 0
458 0 0
459 0 0
460 0 0
461 0 0
462 0 0
463 0 0
464 0 0
465 0 0
466 0 0
467 0 0
468 0 0
469 0 0
470 0 0
471 0 0
472 0 0
473 0 0
474 0 0
475 0 0
476 0 0
477 0 0
478 0 0
479 0 0
480 0 0
481 0 0
482 0 0
483 0 0
484 0 0
485 0 0
486 0 0
487 0 0
488 0 0
489 0 0
490 0 0
491 0 0
492 0 0
493 0 0
494 0 0
495 0 0
496 0 0
497 0 0
498 0 0
499 0 0
500 0 0
501 0 0
502 0 0
503 0 0
504 0 0
505 0 0
506 0 0
507 0 0
508 0 0
509 0 0
510 0 0
511 0 0
512 0 0
513 0 0
514 0 0
515 0 0
516 0 0
517 0 0
518 0 0
519 0 0
520 0 0
521 0 0
522 0 0
523 0 0
524 0 0
525 0 0
526 0 0
527 0 0
528 0 0
529 0 0
530 0 0
531 0 0
532 0 0
533 0 0
534 0 0
535 0 0
536 0 0
537 0 0
538 0 0
539 0 0
540 0 0
541 0 0
542 0 0
543 0 0
544 0 0
545 0 0
546 0 0
547 0 0
548 0 0
549 0 0
550 0 0
551 0 0
552 0 0
553 0 0
554 0 0
555 0 0
556 0 0
557 0 0
558 0 0
559 0 0
560 0 0
561 0 0
562 0 0
563 0 0
564 0 0
565 0 0
566 0 0
567 0 0
568 0 0
569 0 0
570 0 0
571 0 0
572 0 0
573 0 0
574 0 0
575 0 0
576 0 0
577 0 0
578 0 0
579 0 0
580 0 0
581 0 0
582 0 0
583 0 0
584 0 0
585 0 0
586 0 0
587 0 0
588 0 0
589 0 0
590 0 0
591 0 0
592 0 0
593 0 0
594 0 0
595 0 0
596 0 0
597 0 0
598 0 0
599 0 0
600 0 0
601 0 0
602 0 0
603 0 0
604 0 0
605 0 0
606 0 0
607 0 0
608 0 0
609 0 0
610 0 0
611 0 0
612 0 0
613 0 0
614 0 0
615 0 0
616 0 0
617 0 0
618 0 0
619 0 0
620 0 0
621 0 0
622 0 0
623 0 0
624 0 0
625 0 0
626 0 0
627 0 0
628 0 0
629 0 0
630 0 0
631 0 0
632 0 0
633 0 0
634 0 0
635 0 0
636 0 0
637 0 0
638 0 0
639 0 0
640 0 0
641 0 0
642 0 0
643 0 0
644 0 0
645 0 0
646 0 0
647 0 0
648 0 0
649 0 0
650 0 0
651 0 0
652 0 0
653 0 0
654 0 0
655 0 0
656 0 0
657 0 0
658 0 0
659 0 0
660 0 0
661 0 0
662 0 0
663 0 0
664 0 0
665 0 0
666 0 0
667 0 0
668 0 0
669 0 0
670 0 0
671 0 0
672 0 0
673 0 0
674 0 0
675 0 0
676 0 0
677 0 0
678 0 0
679 0 0
680 0 0
681 0 0
682 0 0
683 0 0
684 0 0
685 0 0
686 0 0
687 0 0
688 0 0
689 0 0
690 0 0
691 0 0
692 0 0
693 0 0
694 0 0
695 0 0
696 0 0
697 0 0
698 0 0
699 0 0
700 0 0
701 0 0
702 0 0
703 0 0
704 0 0
705 0 0
706 0 0
707 0 0
708 0 0
709 0 0
710 0 0
711 0 0
712 0 0
713 0 0
714 0 0
715 0 0
716 0 0
717 0 0
718 0 0
719 0 0
720 0 0
721 0 0
722 0 0
723 0 0
724 0 0
725 0 0
726 0 0
727 0 0
728 0 0
729 0 0
730 0 0
731 0 0
732 0 0
733 0 0
734 0 0
735 0 0
736 0 0
737 0 0
738 0 0
739 0 0
740 0 0
741 0 0
742 0 0
743 0 0
744 0 0
745 0 0
746 0 0
747 0 0
748 0 0
749 0 0
750 0 0
751 0 0
752 0 0
753 0 0
754 0 0
755 0 0
756 0 0
757 0 0
758 0 0
759 0 0
760 0 0
761 0 0
762 0 0
763 0 0
764 0 0
765 0 0
766 0 0
767 0 0
768 0 0
769 0 0
770 0 0
771 0 0
772 0 0
773 0 0
774 0 0
775 0 0
776 0 0
777 0 0
778 0 0
779 0 0
780 0 0
781 0 0
782 0 0
783 0 0
784 0 0
785 0 0
786 0 0
787 0 0
788 0 0
789 0 0
790 0 0
791 0 0
792 0 0
793 0 0
794 0 0
795 0 0
796 0 0
797 0 0
798 0 0
799 0 0
800 0 0
801 0 0
802 0 0
803 0 0
804 0 0
805 0 0
806 0 0
807 0 0
808 0 0
809 0 0
810 0 0
811 0 0
812 0 0
813 0 0
814 0 0
815 0 0
816 0 0
817 0 0
818 0 0
819 0 0
820 0 0
821 0 0
822 0 0
823 0 0
824 0 0
825 0 0
826 0 0
827 0 0
828 0 0
829 0 0
830 0 0
831 0 0
832 0 0
833 0 0
834 0 0
835 0 0
836 0 0
837 0 0
838 0 0
839 0 0
840 0 0
841 0 0
842 0 0
843 0 0
844 0 0
845 0 0
846 0 0
847 0 0
848 0 0
849 0 0
850 0 0
851 0 0
852 0 0
853 0 0
854 0 0
855 0 0
856 0 0
857 0 0
858 0 0
859 0 0
860 0 0
861 0 0
862 0 0
863 0 0
864 0 0
865 0 0
866 0 0
867 0 0
868 0 0
869 0 0
870 0 0
871 0 0
872 0 0
873 0 0
874 0 0
875 0 0
876 0 0
877 0 0
878 0 0
879 0 0
880 0 0
881 0 0
882 0 0
883 0 0
884 0 0
885 0 0
886 0 0
887 0 0
888 0 0
889 0 0
890 0 0
891 0 0
892 0 0
893 0 0
894 0 0
895 0 0
896 0 0
897 0 0
898 0 0
899 0 0
900 0 0
901 0 0
902 0 0
903 0 0
904 0 0
905 0 0
906 0 0
907 0 0
908 0 0
909 0 0
910 0 0
911 0 0
912 0 0
913 0 0
914 0 0
915 0 0
916 0 0
917 0 0
918 0 0
919 0 0
920 0 0
921 0 0
922 0 0
923 0 0
924 0 0
925 0 0
926 0 0
927 0 0
928 0 0
929 0 0
930 0 0
931 0 0
932 0 0
933 0 0
934 0 0
935 0 0
936 0 0
937 0 0
938 0 0
939 0 0
940 0 0
941 0 0
942 0 0
943 0 0
944 0 0
945 0 0
946 0 0
947 0 0
948 0 0
949 0 0
950 0 0
951 0 0
952 0 0
953 0 0
954 0 0
955 0 0
956 0 0
957 0 0
958 0 0
959 0 0
960 0 0
961 0 0
962 0 0
963 0 0
964 0 0
965 0 0
966 0 0
967 0 0
968 0 0
969 0 0
970 0 0
971 0 0
972 0 0
973 0 0
974 0 0
975 0 0
976 0 0
977 0 0
978 0 0
979 0 0
980 0 0
981 0 0
982 0 0
983 0 0
984 0 0
985 0 0
986 0 0
987 0 0
988 0 0
989 0 0
990 0 0
991 0 0
992 0 0
993 0 0
994 0 0
995 0 0
996 0 0
997 0 0
998 0 0
999 0 0
1000 0 0
1001 0 0
1002 0 0
1003 0 0
1004 0 0
1005 0 0
1006 0 0
1007 0 0
1008 0 0
1009 0 0
1010 0 0
1011 0 0
1012 0 0
1013 0 0
1014 0 0
1015 0 0
1016 0 0
1017 0 0
1018 0 0
1019 0 0
1020 0 0
1021 0 0
1022 0 0
1023 0 0
1024 0 0

ARCS
1 2 201
2 4 101
4 3 108
3 1 210
1 5 205
5 6 104
6 2 105
2 10 107
10 9 101
9 1 209
1 17 203
17 18 109
18 2 101
2 34 107
34 33 110
33 1 209
1 65 204
65 66 110
66 2 110
2 130 102
130 129 105
129 1 206
1 257 204
257 258 105
258 2 104
2 514 205
514 513 204
513 1 210
513 515 209
515 3 210
3 7 104
7 5 106
5 13 108
13 9 110
9 11 101
11 3 103
3 19 102
19 17 109
17 21 105
21 5 110
5 37 102
37 33 107
33 35 101
35 3 103
3 67 101
67 65 101
65 69 102
69 5 105
5 133 206
133 129 206
129 131 103
131 3 106
3 259 105
259 257 107
257 261 110
261 5 104
5 517 109
517 513 110
513 521 205
521 9 205
9 25 201
25 17 203
17 49 110
49 33 109
33 41 110
41 9 108
9 73 109
73 65 108
65 81 105
81 17 102
17 145 106
145 129 110
129 137 106
137 9 103
9 265 103
265 257 106
257 273 109
273 17 106
17 529 109
529 513 102
513 545 110
545 33 109
33 97 102
97 65 104
65 193 102
193 129 105
129 161 103
161 33 105
33 289 105
289 257 103
257 321 105
321 65 105
65 577 104
577 513 107
513 641 101
641 129 105
129 385 104
385 257 107
257 769 104
769 513 104
769 770 105
770 258 108
258 260 202
260 4 209
4 8 101
8 6 104
6 14 101
14 10 106
10 12 105
12 4 108
4 20 110
20 18 104
18 22 110
22 6 101
6 38 104
38 34 108
34 36 101
36 4 109
4 68 110
68 66 104
66 70 104
70 6 103
6 134 109
134 130 108
130 132 104
132 4 101
4 516 110
516 514 210
514 518 210
518 6 110
6 262 207
262 258 210
258 266 103
266 10 109
10 26 102
26 18 104
18 50 103
50 34 109
34 42 106
42 10 109
10 74 102
74 66 105
66 82 102
82 18 101
18 146 101
146 130 103
130 138 202
138 10 207
10 522 108
522 514 209
514 530 303
530 18 202
18 274 103
274 258 106
258 290 109
290 34 109
34 98 110
98 66 101
66 194 108
194 130 109
130 162 206
162 34 202
34 546 104
546 514 202
514 578 308
578 66 201
66 322 110
322 258 106
258 386 102
386 130 106
130 642 101
642 514 203
514 770 201
770 772 106
772 260 208
260 259 207
259 263 103
263 7 103
7 8 102
8 16 209
16 12 209
12 11 110
11 15 108
15 7 109
7 23 205
23 19 205
19 20 107
20 24 103
24 8 108
8 40 103
40 36 101
36 35 103
35 39 209
39 7 209
7 71 104
71 67 103
67 68 102
68 72 110
72 8 102
8 136 107
136 132 103
132 131 103
131 135 107
135 7 110
7 519 104
519 515 209
515 516 210
516 520 105
520 8 108
8 264 102
264 260 206
260 268 208
268 12 101
12 28 107
28 20 106
20 52 202
52 36 209
36 44 108
44 12 110
12 76 105
76 68 104
68 84 210
84 20 207
20 148 103
148 132 104
132 140 102
140 12 109
12 524 103
524 516 106
516 532 105
532 20 105
20 276 103
276 260 203
260 292 204
292 36 107
36 100 210
100 68 201
68 196 103
196 132 104
132 164 103
164 36 105
36 548 107
548 516 106
516 580 110
580 68 106
68 324 106
324 260 206
260 388 201
388 132 105
132 644 210
644 516 207
516 772 101
772 771 101
771 259 106
259 267 101
267 11 104
11 27 109
27 19 110
19 51 102
51 35 104
35 43 109
43 11 106
11 75 204
75 67 207
67 83 110
83 19 104
19 147 207
147 131 210
131 139 106
139 11 103
11 523 101
523 515 210
515 531 210
531 19 104
19 275 208
275 259 203
259 291 104
291 35 103
35 99 105
99 67 109
67 195 108
195 131 109
131 163 103
163 35 107
35 547 102
547 515 202
515 579 208
579 67 102
67 323 105
323 259 101
259 387 101
387 131 106
131 643 110
643 515 205
515 771 204
771 769 110
769 773 102
773 261 104
261 262 202
262 264 206
264 263 107
263 261 107
261 269 209
269 13 204
13 14 108
14 16 209
16 15 202
15 13 101
13 29 105
29 21 106
21 22 102
22 24 103
24 23 210
23 21 206
21 53 103
53 37 105
37 38 109
38 40 110
40 39 210
39 37 204
37 45 102
45 13 108
13 77 103
77 69 101
69 70 104
70 72 103
72 71 104
71 69 107
69 85 106
85 21 102
21 149 107
149 133 210
133 134 209
134 136 101
136 135 110
135 133 204
133 141 202
141 13 105
13 525 206
525 517 203
517 518 108
518 520 108
520 519 103
519 517 110
517 533 102
533 21 108
21 277 110
277 261 108
261 293 110
293 37 107
37 101 110
101 69 104
69 197 203
197 133 307
133 165 210
165 37 109
37 549 107
549 517 107
517 581 107
581 69 108
69 325 108
325 261 101
261 389 103
389 133 204
133 645 208
645 517 103
517 773 107
773 774 108
774 262 203
262 270 208
270 14 110
14 30 110
30 22 104
22 54 108
54 38 105
38 46 101
46 14 108
14 78 106
78 70 103
70 86 103
86 22 110
22 150 208
150 134 204
134 142 107
142 14 103
14 526 105
526 518 103
518 534 105
534 22 103
22 278 105
278 262 202
262 294 203
294 38 101
38 102 208
102 70 206
70 198 109
198 134 105
134 166 107
166 38 105
38 550 109
550 518 103
518 582 103
582 70 108
70 326 102
326 262 202
262 390 202
390 134 105
134 646 101
646 518 109
518 774 105
774 770 107
770 778 110
778 266 103
266 265 101
265 267 102
267 268 109
268 266 107
266 270 108
270 269 201
269 265 205
265 281 109
281 25 210
25 26 206
26 28 107
28 27 108
27 25 204
25 29 201
29 30 108
30 26 110
26 58 106
58 42 102
42 41 108
41 43 108
43 44 101
44 42 103
42 46 104
46 45 101
45 41 110
41 57 204
57 25 309
25 89 209
89 73 108
73 74 102
74 76 109
76 75 204
75 73 207
73 77 106
77 78 107
78 74 107
74 90 101
90 26 103
26 154 102
154 138 201
138 137 204
137 139 106
139 140 110
140 138 207
138 142 202
142 141 108
141 137 107
137 153 104
153 25 205
25 537 205
537 521 205
521 522 210
522 524 106
524 523 105
523 521 204
521 525 306
525 526 210
526 522 110
522 538 103
538 26 103
26 282 102
282 266 110
266 298 102
298 42 110
42 106 106
106 74 102
74 202 101
202 138 205
138 170 309
170 42 201
42 554 110
554 522 105
522 586 104
586 74 101
74 330 209
330 266 207
266 394 104
394 138 202
138 650 206
650 522 110
522 778 110
778 777 106
777 265 103
265 297 108
297 41 104
41 105 104
105 73 102
73 201 106
201 137 102
137 169 104
169 41 103
41 553 107
553 521 203
521 585 201
585 73 107
73 329 102
329 265 103
265 393 103
393 137 105
137 649 109
649 521 203
521 777 205
777 769 103
769 785 104
785 273 107
273 274 109
274 276 101
276 275 204
275 273 203
273 277 102
277 278 108
278 274 107
274 282 101
282 281 110
281 273 107
273 305 104
305 49 104
49 50 102
50 52 208
52 51 202
51 49 109
49 53 103
53 54 109
54 50 109
50 58 108
58 57 203
57 49 204
49 113 106
113 81 102
81 82 107
82 84 206
84 83 209
83 81 101
81 85 101
85 86 107
86 82 109
82 90 106
90 89 108
89 81 105
81 209 107
209 145 110
145 146 106
146 148 102
148 147 202
147 145 201
145 149 108
149 150 206
150 146 203
146 154 110
154 153 109
153 145 110
145 177 103
177 49 109
49 561 108
561 529 102
529 530 203
530 532 210
532 531 110
531 529 106
529 533 107
533 534 106
534 530 209
530 538 201
538 537 106
537 529 110
529 593 105
593 81 108
81 337 209
337 273 203
273 401 109
401 145 103
145 657 206
657 529 207
529 785 110
785 786 103
786 274 105
274 306 203
306 50 202
50 114 103
114 82 110
82 210 106
210 146 103
146 178 110
178 50 102
50 562 101
562 530 208
530 594 208
594 82 107
82 338 108
338 274 104
274 402 110
402 146 109
146 658 107
658 530 208
530 786 203
786 770 109
770 802 109
802 290 107
290 289 110
289 291 104
291 292 101
292 290 101
290 294 109
294 293 106
293 289 108
289 297 102
297 298 106
298 290 106
290 306 202
306 305 201
305 289 106
289 353 209
353 97 208
97 98 104
98 100 202
100 99 208
99 97 107
97 101 106
101 102 210
102 98 205
98 106 102
106 105 103
105 97 104
97 113 107
113 114 110
114 98 108
98 226 103
226 162 201
162 161 203
161 163 103
163 164 102
164 162 206
162 166 208
166 165 103
165 161 107
161 169 107
169 170 206
170 162 310
162 178 209
178 177 108
177 161 108
161 225 107
225 97 104
97 609 107
609 545 108
545 546 105
546 548 103
548 547 104
547 545 108
545 549 110
549 550 103
550 546 109
546 554 110
554 553 104
553 545 110
545 561 105
561 562 101
562 546 108
546 610 106
610 98 107
98 354 106
354 290 104
290 418 108
418 162 202
162 674 301
674 546 205
546 802 101
802 801 203
801 289 204
289 417 204
417 161 210
161 673 110
673 545 108
545 801 201
801 769 207
769 833 101
833 321 108
321 322 110
322 324 110
324 323 106
323 321 103
321 325 101
325 326 109
326 322 102
322 330 202
330 329 205
329 321 107
321 337 210
337 338 204
338 322 101
322 354 108
354 353 207
353 321 202
321 449 107
449 193 109
193 194 101
194 196 110
196 195 109
195 193 108
193 197 207
197 198 210
198 194 104
194 202 101
202 201 106
201 193 108
193 209 104
209 210 107
210 194 103
194 226 101
226 225 104
225 193 102
193 705 109
705 577 105
577 578 204
578 580 209
580 579 109
579 577 105
577 581 103
581 582 109
582 578 210
578 586 210
586 585 102
585 577 103
577 593 104
593 594 106
594 578 204
578 610 204
610 609 102
609 577 105
577 833 102
833 834 106
834 322 106
322 450 203
450 194 209
194 706 108
706 578 209
578 834 208
834 770 105
770 898 101
898 386 110
386 385 105
385 387 109
387 388 101
388 386 106
386 390 105
390 389 101
389 385 103
385 393 110
393 394 105
394 386 101
386 402 102
402 401 106
401 385 103
385 417 206
417 418 206
418 386 110
386 450 210
450 449 207
449 385 108
385 897 107
897 641 109
641 642 106
642 644 201
644 643 209
643 641 103
641 645 105
645 646 105
646 642 102
642 650 104
650 649 104
649 641 105
641 657 207
657 658 204
658 642 104
642 674 201
674 673 203
673 641 105
641 705 107
705 706 103
706 642 105
642 898 108
898 897 104
897 769 105
897 899 109
899 387 103
387 391 108
391 135 102
135 143 106
143 15 110
15 31 102
31 23 210
23 55 204
55 39 207
39 47 208
47 15 109
15 79 107
79 71 108
71 87 109
87 23 205
23 151 209
151 135 103
135 167 107
167 39 204
39 103 203
103 71 106
71 199 109
199 135 103
135 647 102
647 519 110
519 527 110
527 15 102
15 271 104
271 263 107
263 279 101
279 23 207
23 535 210
535 519 102
519 551 104
551 39 208
39 295 203
295 263 102
263 327 210
327 71 207
71 583 105
583 519 101
519 775 209
775 263 205
263 391 109
391 389 102
389 397 206
397 141 207
141 143 101
143 139 101
139 155 106
155 27 102
27 31 102
31 29 104
29 61 103
61 45 103
45 47 103
47 43 102
43 59 103
59 27 107
27 91 105
91 75 208
75 79 203
79 77 107
77 93 109
93 29 109
29 157 104
157 141 101
141 173 108
173 45 108
45 109 207
109 77 202
77 205 107
205 141 101
141 653 105
653 525 207
525 527 209
527 523 107
523 539 106
539 27 107
27 283 105
283 267 103
267 271 104
271 269 209
269 285 209
285 29 104
29 541 103
541 525 210
525 557 203
557 45 102
45 301 209
301 269 310
269 333 205
333 77 105
77 589 103
589 525 203
525 781 207
781 269 206
269 397 307
397 393 201
393 395 101
395 139 103
139 171 101
171 43 104
43 107 104
107 75 210
75 203 302
203 139 209
139 651 104
651 523 102
523 555 108
555 43 104
43 299 205
299 267 205
267 331 107
331 75 210
75 587 201
587 523 109
523 779 109
779 267 108
267 395 106
395 387 106
387 403 202
403 147 309
147 151 207
151 149 106
149 157 105
157 153 104
153 155 108
155 147 207
147 179 205
179 51 107
51 55 103
55 53 102
53 61 101
61 57 203
57 59 210
59 51 104
51 115 108
115 83 102
83 87 102
87 85 101
85 93 107
93 89 110
89 91 108
91 83 101
83 211 103
211 147 208
147 659 204
659 531 104
531 535 101
535 533 106
533 541 103
541 537 102
537 539 109
539 531 108
531 563 103
563 51 107
51 307 106
307 275 206
275 279 209
279 277 105
277 285 108
285 281 108
281 283 109
283 275 210
275 339 205
339 83 110
83 595 106
595 531 106
531 787 104
787 275 209
275 403 307
403 401 201
401 405 105
405 149 105
149 181 101
181 53 109
53 117 106
117 85 110
85 213 105
213 149 101
149 661 105
661 533 105
533 565 201
565 53 205
53 309 108
309 277 105
277 341 108
341 85 102
85 597 205
597 533 201
533 789 205
789 277 210
277 405 102
405 389 106
389 421 102
421 165 105
165 167 101
167 163 105
163 171 102
171 169 105
169 173 106
173 165 110
165 181 102
181 177 105
177 179 106
179 163 102
163 227 104
227 99 104
99 103 108
103 101 105
101 109 209
109 105 202
105 107 108
107 99 106
99 115 106
115 113 102
113 117 104
117 101 107
101 229 110
229 165 102
165 677 109
677 549 105
549 551 102
551 547 108
547 555 107
555 553 103
553 557 102
557 549 106
549 565 208
565 561 202
561 563 103
563 547 106
547 611 109
611 99 108
99 355 106
355 291 102
291 295 101
295 293 103
293 301 208
301 297 210
297 299 209
299 291 207
291 307 101
307 305 108
305 309 105
309 293 106
293 357 109
357 101 110
101 613 109
613 549 107
549 805 103
805 293 103
293 421 106
421 417 207
417 419 205
419 163 109
163 675 203
675 547 201
547 803 107
803 291 107
291 419 110
419 387 108
387 451 103
451 195 101
195 199 104
199 197 208
197 205 203
205 201 103
201 203 207
203 195 202
195 211 107
211 209 103
209 213 108
213 197 210
197 229 206
229 225 110
225 227 106
227 195 102
195 707 103
707 579 109
579 583 103
583 581 108
581 589 110
589 585 108
585 587 107
587 579 102
579 595 106
595 593 101
593 597 201
597 581 201
581 613 105
613 609 104
609 611 106
611 579 109
579 835 106
835 323 107
323 327 205
327 325 210
325 333 108
333 329 107
329 331 104
331 323 104
323 339 105
339 337 201
337 341 202
341 325 101
325 357 103
357 353 205
353 355 204
355 323 108
323 451 107
451 449 104
449 453 104
453 197 210
197 709 204
709 581 103
581 837 108
837 325 109
325 453 103
453 389 106
389 901 106
901 645 107
645 647 104
647 643 101
643 651 109
651 649 106
649 653 107
653 645 110
645 661 103
661 657 206
657 659 208
659 643 104
643 675 206
675 673 204
673 677 110
677 645 101
645 709 110
709 705 104
705 707 110
707 643 108
643 899 105
899 771 108
771 775 209
775 773 202
773 781 102
781 777 109
777 779 107
779 771 106
771 787 107
787 785 110
785 789 209
789 773 205
773 805 109
805 801 209
801 803 205
803 771 110
771 835 109
835 833 105
833 837 104
837 773 102
773 901 108
901 897 106
897 905 103
905 393 104
393 409 108
409 153 109
153 185 103
185 57 201
57 121 203
121 89 108
89 217 109
217 153 103
153 665 104
665 537 102
537 569 110
569 57 207
57 313 206
313 281 103
281 345 110
345 89 106
89 601 103
601 537 108
537 793 108
793 281 110
281 409 101
409 401 101
401 433 102
433 177 105
177 185 102
185 169 104
169 233 109
233 105 104
105 121 101
121 113 104
113 241 204
241 177 205
177 689 109
689 561 101
561 569 102
569 553 102
553 617 201
617 105 203
105 361 102
361 297 101
297 313 102
313 305 101
305 369 109
369 113 101
113 625 101
625 561 104
561 817 202
817 305 202
305 433 101
433 417 206
417 425 210
425 169 105
169 681 105
681 553 102
553 809 106
809 297 101
297 425 106
425 393 104
393 457 107
457 201 105
201 217 110
217 209 106
209 241 201
241 225 203
225 233 101
233 201 101
201 713 102
713 585 102
585 601 105
601 593 108
593 625 109
625 609 110
609 617 201
617 585 205
585 841 106
841 329 105
329 345 107
345 337 210
337 369 206
369 353 205
353 361 205
361 329 110
329 457 104
457 449 103
449 465 104
465 209 104
209 721 104
721 593 110
593 849 109
849 337 208
337 465 203
465 401 109
401 913 110
913 657 207
657 665 208
665 649 102
649 681 101
681 673 106
673 689 102
689 657 210
657 721 206
721 705 105
705 713 108
713 649 108
649 905 101
905 777 103
777 793 106
793 785 106
785 817 203
817 801 301
801 809 203
809 777 108
777 841 104
841 833 108
833 849 102
849 785 103
785 913 105
913 897 105
897 929 102
929 417 206
417 481 208
481 225 106
225 737 101
737 609 103
609 865 110
865 353 204
353 481 204
481 449 104
449 961 201
961 705 203
705 737 106
737 673 103
673 929 101
929 801 201
801 865 204
865 833 104
833 961 204
961 897 205
961 962 202
962 450 203
450 452 208
452 196 108
196 200 207
200 72 209
72 80 106
80 16 208
16 32 209
32 24 104
24 56 110
56 40 102
40 48 108
48 16 204
16 144 210
144 136 102
136 152 109
152 24 106
24 88 107
88 72 104
72 104 103
104 40 107
40 168 104
168 136 107
136 200 209
200 198 208
198 206 110
206 78 104
78 80 103
80 76 104
76 92 101
92 28 101
28 32 103
32 30 104
30 62 206
62 46 207
46 48 102
48 44 102
44 60 103
60 28 110
28 156 101
156 140 105
140 144 109
144 142 101
142 158 110
158 30 104
30 94 101
94 78 107
78 110 207
110 46 205
46 174 107
174 142 105
142 206 104
206 202 109
202 204 102
204 76 106
76 108 101
108 44 108
44 172 108
172 140 102
140 204 105
204 196 105
196 212 102
212 84 207
84 88 208
88 86 109
86 94 104
94 90 104
90 92 110
92 84 201
84 116 207
116 52 205
52 56 204
56 54 108
54 62 210
62 58 202
58 60 108
60 52 210
52 180 207
180 148 110
148 152 102
152 150 206
150 158 207
158 154 108
154 156 108
156 148 108
148 212 104
212 210 110
210 214 104
214 86 103
86 118 206
118 54 209
54 182 105
182 150 205
150 214 202
214 198 108
198 230 109
230 102 208
102 104 206
104 100 203
100 108 206
108 106 110
106 110 207
110 102 301
102 118 305
118 114 208
114 116 109
116 100 205
100 228 203
228 164 103
164 168 109
168 166 102
166 174 101
174 170 205
170 172 201
172 164 102
164 180 104
180 178 102
178 182 103
182 166 103
166 230 105
230 226 110
226 228 109
228 196 103
196 708 109
708 580 102
580 584 103
584 72 102
72 328 103
328 264 105
264 272 109
272 16 201
16 528 204
528 520 102
520 536 105
536 24 102
24 280 102
280 264 101
264 296 107
296 40 103
40 552 204
552 520 203
520 584 110
584 582 108
582 590 102
590 78 106
78 334 106
334 270 107
270 272 106
272 268 107
268 284 208
284 28 202
28 540 106
540 524 106
524 528 103
528 526 110
526 542 107
542 30 101
30 286 106
286 270 109
270 302 105
302 46 104
46 558 102
558 526 108
526 590 105
590 586 102
586 588 204
588 76 209
76 332 104
332 268 110
268 300 102
300 44 102
44 556 208
556 524 207
524 588 210
588 580 202
580 596 101
596 84 203
84 340 202
340 276 106
276 280 107
280 278 109
278 286 101
286 282 105
282 284 201
284 276 204
276 308 106
308 52 201
52 564 210
564 532 106
532 536 104
536 534 110
534 542 103
542 538 103
538 540 104
540 532 105
532 596 110
596 594 107
594 598 110
598 86 107
86 342 109
342 278 102
278 310 103
310 54 104
54 566 104
566 534 109
534 598 106
598 582 106
582 614 103
614 102 203
102 358 209
358 294 103
294 296 109
296 292 110
292 300 107
300 298 107
298 302 102
302 294 104
294 310 108
310 306 201
306 308 204
308 292 104
292 356 104
356 100 206
100 612 208
612 548 104
548 552 204
552 550 201
550 558 103
558 554 107
554 556 201
556 548 202
548 564 103
564 562 108
562 566 109
566 550 101
550 614 106
614 610 105
610 612 102
612 580 101
580 836 101
836 324 102
324 328 102
328 326 101
326 334 101
334 330 206
330 332 206
332 324 101
324 340 101
340 338 107
338 342 110
342 326 107
326 358 104
358 354 101
354 356 104
356 324 103
324 452 109
452 388 110
388 392 108
392 136 107
136 648 110
648 520 101
520 776 103
776 264 107
264 392 105
392 390 109
390 398 102
398 142 102
142 654 102
654 526 104
526 782 102
782 270 105
270 398 109
398 394 102
394 396 102
396 140 101
140 652 108
652 524 103
524 780 106
780 268 110
268 396 108
396 388 110
388 404 102
404 148 104
148 660 104
660 532 104
532 788 106
788 276 108
276 404 104
404 402 106
402 406 103
406 150 209
150 662 207
662 534 107
534 790 104
790 278 103
278 406 109
406 390 110
390 422 103
422 166 110
166 678 107
678 550 105
550 806 107
806 294 107
294 422 101
422 418 102
418 420 104
420 164 107
164 676 105
676 548 108
548 804 104
804 292 101
292 420 101
420 388 109
388 900 102
900 644 207
644 648 205
648 646 110
646 654 101
654 650 101
650 652 110
652 644 206
644 660 204
660 658 109
658 662 104
662 646 104
646 678 102
678 674 204
674 676 205
676 644 204
644 708 206
708 706 108
706 710 106
710 198 106
198 454 108
454 326 108
326 838 108
838 582 110
582 710 101
710 646 104
646 902 201
902 390 210
390 454 104
454 450 203
450 458 201
458 202 109
202 218 201
218 90 202
90 122 101
122 58 108
58 186 107
186 154 109
154 218 203
218 210 209
210 242 109
242 114 109
114 122 105
122 106 110
106 234 107
234 170 203
170 186 209
186 178 102
178 242 107
242 226 103
226 234 103
234 202 110
202 714 101
714 586 108
586 602 109
602 90 108
90 346 101
346 282 102
282 314 107
314 58 101
58 570 106
570 538 105
538 602 108
602 594 102
594 626 108
626 114 108
114 370 101
370 306 202
306 314 205
314 298 109
298 362 102
362 106 102
106 618 105
618 554 106
554 570 106
570 562 108
562 626 103
626 610 105
610 618 106
618 586 105
586 842 205
842 330 302
330 346 202
346 338 102
338 370 106
370 354 103
354 362 102
362 330 205
330 458 203
458 394 109
394 410 202
410 154 203
154 666 106
666 538 110
538 794 110
794 282 108
282 410 205
410 402 204
402 434 109
434 178 104
178 690 110
690 562 101
562 818 108
818 306 202
306 434 208
434 418 103
418 426 110
426 170 201
170 682 209
682 554 107
554 810 208
810 298 206
298 426 108
426 394 103
394 906 101
906 650 102
650 666 108
666 658 110
658 690 107
690 674 203
674 682 204
682 650 108
650 714 106
714 706 106
706 722 101
722 210 110
210 466 108
466 338 106
338 850 104
850 594 106
594 722 109
722 658 108
658 914 105
914 402 104
402 466 104
466 450 206
450 482 210
482 226 102
226 738 110
738 610 109
610 866 109
866 354 102
354 482 109
482 418 108
418 930 107
930 674 208
674 738 209
738 706 102
706 962 101
962 834 105
834 836 109
836 772 102
772 776 107
776 774 107
774 782 101
782 778 105
778 780 107
780 772 107
772 788 107
788 786 102
786 790 109
790 774 101
774 806 106
806 802 105
802 804 102
804 772 102
772 900 107
900 898 108
898 902 205
902 774 206
774 838 109
838 834 102
834 842 209
842 778 205
778 794 104
794 786 104
786 818 108
818 802 102
802 810 203
810 778 205
778 906 104
906 898 103
898 914 108
914 786 106
786 850 107
850 834 101
834 866 110
866 802 105
802 930 102
930 898 102
898 962 110
962 964 103
964 452 106
452 451 110
451 455 103
455 199 106
199 200 206
200 208 202
208 80 104
80 79 101
79 95 110
95 31 105
31 32 106
32 64 103
64 48 103
48 47 101
47 63 101
63 31 109
31 159 105
159 143 102
143 144 106
144 160 108
160 32 106
32 96 104
96 80 106
80 112 106
112 48 101
48 176 101
176 144 102
144 208 101
208 204 108
204 203 203
203 207 204
207 79 110
79 111 110
111 47 110
47 175 208
175 143 201
143 207 108
207 199 106
199 215 109
215 87 107
87 88 101
88 96 107
96 92 109
92 91 107
91 95 102
95 87 107
87 119 105
119 55 106
55 56 109
56 64 102
64 60 101
60 59 104
59 63 106
63 55 109
55 183 108
183 151 102
151 152 107
152 160 107
160 156 109
156 155 104
155 159 101
159 151 110
151 215 101
215 211 105
211 212 105
212 216 103
216 88 108
88 120 105
120 56 103
56 184 101
184 152 108
152 216 105
216 200 202
200 232 209
232 104 101
104 103 105
103 111 108
111 107 101
107 108 106
108 112 110
112 104 110
104 120 107
120 116 101
116 115 106
115 119 103
119 103 106
103 231 109
231 167 105
167 168 109
168 176 110
176 172 106
172 171 102
171 175 201
175 167 204
167 183 106
183 179 106
179 180 105
180 184 103
184 168 101
168 232 108
232 228 102
228 227 102
227 231 105
231 199 101
199 711 108
711 583 102
583 584 110
584 592 107
592 80 108
80 336 103
336 272 104
272 271 110
271 287 203
287 31 201
31 543 108
543 527 106
527 528 109
528 544 102
544 32 106
32 288 105
288 272 102
272 304 110
304 48 102
48 560 207
560 528 201
528 592 107
592 588 203
588 587 209
587 591 104
591 79 106
79 335 104
335 271 110
271 303 106
303 47 102
47 559 108
559 527 107
527 591 101
591 583 104
583 599 110
599 87 102
87 343 108
343 279 104
279 280 105
280 288 105
288 284 203
284 283 203
283 287 210
287 279 205
279 311 101
311 55 110
55 567 102
567 535 105
535 536 107
536 544 103
544 540 105
540 539 106
539 543 106
543 535 101
535 599 108
599 595 105
595 596 101
596 600 109
600 88 109
88 344 104
344 280 105
280 312 106
312 56 102
56 568 109
568 536 107
536 600 104
600 584 108
584 616 107
616 104 108
104 360 105
360 296 108
296 295 103
295 303 106
303 299 207
299 300 210
300 304 109
304 296 110
296 312 107
312 308 110
308 307 104
307 311 107
311 295 103
295 359 101
359 103 102
103 615 109
615 551 103
551 552 205
552 560 308
560 556 306
556 555 201
555 559 108
559 551 110
551 567 109
567 563 108
563 564 101
564 568 103
568 552 210
552 616 210
616 612 101
612 611 109
611 615 105
615 583 101
583 839 207
839 327 310
327 328 202
328 336 103
336 332 102
332 331 104
331 335 102
335 327 202
327 343 207
343 339 101
339 340 110
340 344 104
344 328 110
328 360 105
360 356 109
356 355 110
355 359 107
359 327 204
327 455 209
455 391 103
391 392 103
392 400 108
400 144 102
144 656 103
656 528 103
528 784 107
784 272 110
272 400 108
400 396 101
396 395 102
395 399 108
399 143 104
143 655 103
655 527 106
527 783 102
783 271 106
271 399 103
399 391 109
391 407 103
407 151 102
151 663 102
663 535 101
535 791 102
791 279 106
279 407 108
407 403 204
403 404 205
404 408 104
408 152 109
152 664 103
664 536 110
536 792 206
792 280 207
280 408 105
408 392 107
392 424 209
424 168 201
168 680 109
680 552 203
552 808 203
808 296 101
296 424 208
424 420 201
420 419 101
419 423 103
423 167 109
167 679 102
679 551 103
551 807 104
807 295 103
295 423 107
423 391 105
391 903 208
903 647 209
647 648 107
648 656 104
656 652 102
652 651 101
651 655 109
655 647 108
647 663 106
663 659 105
659 660 110
660 664 101
664 648 103
648 680 109
680 676 102
676 675 201
675 679 210
679 647 105
647 711 108
711 707 101
707 708 106
708 712 102
712 200 204
200 456 209
456 328 103
328 840 208
840 584 207
584 712 107
712 648 105
648 904 110
904 392 107
392 456 106
456 452 107
452 460 110
460 204 104
204 220 105
220 92 101
92 124 109
124 60 106
60 188 109
188 156 103
156 220 101
220 212 105
212 244 107
244 116 104
116 124 102
124 108 106
108 236 110
236 172 110
172 188 103
188 180 103
180 244 106
244 228 109
228 236 109
236 204 103
204 716 103
716 588 203
588 604 209
604 92 103
92 348 105
348 284 207
284 316 202
316 60 105
60 572 107
572 540 107
540 604 102
604 596 107
596 628 103
628 116 110
116 372 108
372 308 103
308 316 101
316 300 104
300 364 103
364 108 103
108 620 101
620 556 206
556 572 203
572 564 106
564 628 102
628 612 106
612 620 104
620 588 206
588 844 202
844 332 110
332 348 109
348 340 104
340 372 102
372 356 103
356 364 109
364 332 107
332 460 107
460 396 103
396 412 104
412 156 110
156 668 202
668 540 201
540 796 105
796 284 205
284 412 208
412 404 105
404 436 110
436 180 105
180 692 110
692 564 107
564 820 106
820 308 106
308 436 104
436 420 105
420 428 106
428 172 110
172 684 107
684 556 201
556 812 202
812 300 108
300 428 103
428 396 107
396 908 201
908 652 202
652 668 202
668 660 208
660 692 101
692 676 106
676 684 104
684 652 102
652 716 105
716 708 108
708 724 101
724 212 105
212 468 106
468 340 104
340 852 105
852 596 101
596 724 107
724 660 107
660 916 109
916 404 102
404 468 106
468 452 107
452 484 101
484 228 106
228 740 110
740 612 102
612 868 207
868 356 208
356 484 107
484 420 109
420 932 106
932 676 106
676 740 109
740 708 105
708 964 110
964 836 106
836 835 107
835 839 201
839 775 302
775 776 202
776 784 103
784 780 103
780 779 106
779 783 103
783 775 203
775 791 208
791 787 107
787 788 103
788 792 203
792 776 203
776 808 110
808 804 101
804 803 101
803 807 110
807 775 206
775 903 309
903 899 207
899 900 109
900 904 110
904 776 105
776 840 207
840 836 207
836 844 108
844 780 103
780 796 102
796 788 107
788 820 104
820 804 108
804 812 109
812 780 101
780 908 208
908 900 207
900 916 108
916 788 108
788 852 107
852 836 101
836 868 208
868 804 209
804 932 105
932 900 108
900 964 108
964 963 104
963 451 110
451 459 203
459 203 310
203 219 207
219 91 110
91 123 106
123 59 101
59 187 108
187 155 103
155 219 106
219 211 110
211 243 210
243 115 206
115 123 102
123 107 109
107 235 102
235 171 101
171 187 106
187 179 104
179 243 207
243 227 210
227 235 103
235 203 201
203 715 309
715 587 204
587 603 105
603 91 103
91 347 105
347 283 107
283 315 106
315 59 102
59 571 206
571 539 208
539 603 106
603 595 106
595 627 208
627 115 202
115 371 109
371 307 103
307 315 105
315 299 202
299 363 208
363 107 105
107 619 110
619 555 108
555 571 202
571 563 201
563 627 209
627 611 202
611 619 102
619 587 107
587 843 103
843 331 108
331 347 104
347 339 105
339 371 110
371 355 107
355 363 107
363 331 102
331 459 201
459 395 206
395 411 101
411 155 108
155 667 103
667 539 108
539 795 108
795 283 104
283 411 104
411 403 209
403 435 209
435 179 109
179 691 104
691 563 106
563 819 106
819 307 103
307 435 104
435 419 105
419 427 101
427 171 104
171 683 105
683 555 105
555 811 204
811 299 306
299 427 210
427 395 106
395 907 102
907 651 110
651 667 108
667 659 104
659 691 109
691 675 203
675 683 209
683 651 104
651 715 204
715 707 205
707 723 107
723 211 106
211 467 109
467 339 102
339 851 110
851 595 101
595 723 106
723 659 102
659 915 109
915 403 209
403 467 208
467 451 103
451 483 102
483 227 110
227 739 106
739 611 101
611 867 103
867 355 109
355 483 108
483 419 105
419 931 105
931 675 209
675 739 202
739 707 103
707 963 106
963 835 101
835 843 106
843 779 104
779 795 108
795 787 107
787 819 103
819 803 107
803 811 203
811 779 209
779 907 106
907 899 106
899 915 105
915 787 110
787 851 101
851 835 103
835 867 105
867 803 104
803 931 106
931 899 109
899 963 107
963 961 202
961 965 204
965 453 104
453 454 101
454 456 105
456 455 101
455 453 103
453 461 105
461 205 108
205 206 104
206 208 105
208 207 105
207 205 108
205 221 210
221 93 208
93 94 105
94 96 101
96 95 107
95 93 102
93 125 106
125 61 101
61 62 210
62 64 207
64 63 106
63 61 109
61 189 105
189 157 104
157 158 104
158 160 105
160 159 108
159 157 107
157 221 201
221 213 210
213 214 101
214 216 104
216 215 109
215 213 101
213 245 101
245 117 101
117 118 209
118 120 205
120 119 102
119 117 103
117 125 109
125 109 205
109 110 302
110 112 204
112 111 102
111 109 208
109 237 210
237 173 101
173 174 107
174 176 110
176 175 203
175 173 203
173 189 109
189 181 105
181 182 110
182 184 102
184 183 103
183 181 108
181 245 110
245 229 110
229 230 103
230 232 106
232 231 101
231 229 106
229 237 109
237 205 103
205 717 106
717 589 103
589 590 102
590 592 106
592 591 106
591 589 105
589 605 101
605 93 106
93 349 110
349 285 102
285 286 108
286 288 108
288 287 201
287 285 209
285 317 110
317 61 109
61 573 107
573 541 101
541 542 108
542 544 110
544 543 109
543 541 104
541 605 110
605 597 203
597 598 204
598 600 106
600 599 110
599 597 207
597 629 206
629 117 101
117 373 105
373 309 103
309 310 107
310 312 109
312 311 103
311 309 110
309 317 104
317 301 202
301 302 208
302 304 109
304 303 108
303 301 207
301 365 204
365 109 203
109 621 201
621 557 108
557 558 102
558 560 203
560 559 210
559 557 105
557 573 105
573 565 207
565 566 203
566 568 104
568 567 109
567 565 207
565 629 206
629 613 102
613 614 106
614 616 101
616 615 106
615 613 105
613 621 110
621 589 108
589 845 102
845 333 106
333 334 101
334 336 110
336 335 104
335 333 105
333 349 109
349 341 104
341 342 108
342 344 105
344 343 103
343 341 110
341 373 108
373 357 108
357 358 105
358 360 107
360 359 109
359 357 104
357 365 101
365 333 106
333 461 109
461 397 206
397 398 201
398 400 107
400 399 108
399 397 203
397 413 209
413 157 105
157 669 101
669 541 101
541 797 105
797 285 106
285 413 103
413 405 106
405 406 106
406 408 107
408 407 101
407 405 110
405 437 206
437 181 208
181 693 108
693 565 204
565 821 209
821 309 109
309 437 207
437 421 204
421 422 107
422 424 208
424 423 207
423 421 107
421 429 101
429 173 108
173 685 109
685 557 105
557 813 109
813 301 202
301 429 208
429 397 208
397 909 207
909 653 109
653 654 104
654 656 104
656 655 105
655 653 103
653 669 101
669 661 105
661 662 103
662 664 102
664 663 102
663 661 106
661 693 108
693 677 108
677 678 106
678 680 102
680 679 109
679 677 110
677 685 105
685 653 110
653 717 107
717 709 108
709 710 107
710 712 110
712 711 105
711 709 109
709 725 105
725 213 101
213 469 101
469 341 106
341 853 101
853 597 206
597 725 209
725 661 108
661 917 103
917 405 107
405 469 106
469 453 110
453 485 105
485 229 101
229 741 207
741 613 202
613 869 104
869 357 103
357 485 106
485 421 104
421 933 108
933 677 105
677 741 202
741 709 203
709 965 107
965 837 108
837 838 102
838 840 206
840 839 301
839 837 205
837 845 102
845 781 108
781 782 106
782 784 107
784 783 104
783 781 108
781 797 106
797 789 202
789 790 208
790 792 204
792 791 201
791 789 203
789 821 204
821 805 110
805 806 101
806 808 105
808 807 106
807 805 108
805 813 104
813 781 103
781 909 104
909 901 102
901 902 205
902 904 203
904 903 202
903 901 205
901 917 106
917 789 203
789 853 208
853 837 108
837 869 102
869 805 104
805 933 108
933 901 107
901 965 110
965 966 107
966 454 101
454 462 105
462 206 106
206 222 102
222 94 104
94 126 105
126 62 205
62 190 201
190 158 105
158 222 106
222 214 107
214 246 106
246 118 203
118 126 202
126 110 206
110 238 205
238 174 106
174 190 102
190 182 104
182 246 109
246 230 109
230 238 101
238 206 110
206 718 203
718 590 210
590 606 108
606 94 103
94 350 210
350 286 206
286 318 109
318 62 204
62 574 207
574 542 104
542 606 102
606 598 105
598 630 110
630 118 208
118 374 209
374 310 103
310 318 104
318 302 108
302 366 107
366 110 203
110 622 201
622 558 109
558 574 106
574 566 109
566 630 102
630 614 103
614 622 106
622 590 101
590 846 109
846 334 105
334 350 206
350 342 206
342 374 102
374 358 110
358 366 108
366 334 107
334 462 108
462 398 109
398 414 102
414 158 110
158 670 103
670 542 104
542 798 202
798 286 202
286 414 108
414 406 104
406 438 107
438 182 102
182 694 107
694 566 106
566 822 106
822 310 106
310 438 105
438 422 105
422 430 106
430 174 110
174 686 109
686 558 110
558 814 105
814 302 110
302 430 106
430 398 103
398 910 104
910 654 101
654 670 103
670 662 109
662 694 106
694 678 106
678 686 110
686 654 110
654 718 206
718 710 205
710 726 109
726 214 101
214 470 105
470 342 107
342 854 109
854 598 107
598 726 104
726 662 105
662 918 104
918 406 110
406 470 103
470 454 110
454 486 106
486 230 103
230 742 107
742 614 101
614 870 207
870 358 209
358 486 102
486 422 104
422 934 110
934 678 103
678 742 107
742 710 101
710 966 108
966 838 104
838 846 104
846 782 104
782 798 204
798 790 210
790 822 104
822 806 107
806 814 105
814 782 102
782 910 104
910 902 205
902 918 202
918 790 106
790 854 108
854 838 105
838 870 210
870 806 207
806 934 102
934 902 206
902 966 201
966 962 102
962 970 108
970 458 106
458 457 105
457 459 210
459 460 203
460 458 102
458 462 107
462 461 110
461 457 109
457 473 108
473 217 107
217 218 203
218 220 204
220 219 103
219 217 101
217 221 202
221 222 202
222 218 207
218 250 208
250 122 106
122 121 102
121 123 105
123 124 109
124 122 102
122 126 106
126 125 101
125 121 104
121 249 102
249 185 104
185 186 103
186 188 105
188 187 105
187 185 110
185 189 103
189 190 109
190 186 106
186 250 103
250 234 110
234 233 110
233 235 104
235 236 107
236 234 110
234 238 104
238 237 101
237 233 107
233 249 110
249 217 109
217 729 108
729 601 110
601 602 110
602 604 108
604 603 110
603 601 105
601 605 101
605 606 109
606 602 109
602 634 203
634 122 207
122 378 110
378 314 106
314 313 106
313 315 105
315 316 101
316 314 103
314 318 104
318 317 103
317 313 104
313 377 101
377 121 108
121 633 110
633 569 106
569 570 105
570 572 109
572 571 205
571 569 208
569 573 103
573 574 106
574 570 107
570 634 204
634 618 209
618 617 204
617 619 201
619 620 103
620 618 109
618 622 106
622 621 110
621 617 209
617 633 208
633 601 105
601 857 206
857 345 205
345 346 103
346 348 106
348 347 106
347 345 105
345 349 110
349 350 206
350 346 206
346 378 109
378 362 109
362 361 110
361 363 108
363 364 103
364 362 103
362 366 105
366 365 103
365 361 108
361 377 103
377 345 108
345 473 109
473 409 101
409 410 201
410 412 207
412 411 108
411 409 105
409 413 103
413 414 105
414 410 208
410 442 203
442 186 106
186 698 103
698 570 101
570 826 108
826 314 106
314 442 102
442 426 109
426 425 105
425 427 104
427 428 110
428 426 105
426 430 108
430 429 102
429 425 102
425 441 105
441 185 105
185 697 106
697 569 104
569 825 107
825 313 104
313 441 108
441 409 103
409 921 206
921 665 202
665 666 103
666 668 209
668 667 203
667 665 109
665 669 107
669 670 109
670 666 102
666 698 103
698 682 104
682 681 108
681 683 104
683 684 106
684 682 108
682 686 105
686 685 101
685 681 101
681 697 103
697 665 101
665 729 105
729 713 103
713 714 108
714 716 102
716 715 204
715 713 207
713 717 104
717 718 206
718 714 209
714 730 101
730 218 202
218 474 204
474 346 103
346 858 102
858 602 110
602 730 105
730 666 107
666 922 106
922 410 209
410 474 201
474 458 104
458 490 101
490 234 105
234 746 109
746 618 107
618 874 101
874 362 101
362 490 107
490 426 107
426 938 110
938 682 109
682 746 104
746 714 107
714 970 105
970 842 207
842 841 204
841 843 107
843 844 102
844 842 207
842 846 210
846 845 103
845 841 106
841 857 202
857 793 204
793 794 110
794 796 101
796 795 102
795 793 107
793 797 104
797 798 209
798 794 202
794 826 101
826 810 201
810 809 201
809 811 210
811 812 210
812 810 208
810 814 207
814 813 110
813 809 106
809 825 102
825 793 108
793 921 204
921 905 207
905 906 107
906 908 209
908 907 204
907 905 110
905 909 105
909 910 108
910 906 109
906 922 104
922 794 104
794 858 108
858 842 201
842 874 209
874 810 206
810 938 203
938 906 108
906 970 109
970 969 101
969 457 101
457 489 109
489 233 107
233 745 210
745 617 310
617 873 208
873 361 107
361 489 103
489 425 103
425 937 107
937 681 110
681 745 210
745 713 205
713 969 107
969 841 105
841 873 110
873 809 103
809 937 108
937 905 108
905 969 105
969 961 206
961 977 209
977 465 109
465 466 103
466 468 102
468 467 104
467 465 107
465 469 105
469 470 107
470 466 105
466 474 103
474 473 106
473 465 104
465 497 105
497 241 205
241 242 203
242 244 110
244 243 201
243 241 306
241 245 208
245 246 109
246 242 108
242 250 108
250 249 110
249 241 206
241 753 207
753 625 106
625 626 101
626 628 109
628 627 210
627 625 205
625 629 109
629 630 110
630 626 107
626 634 208
634 633 208
633 625 102
625 881 107
881 369 106
369 370 104
370 372 108
372 371 106
371 369 104
369 373 103
373 374 101
374 370 104
370 378 108
378 377 110
377 369 105
369 497 108
497 433 106
433 434 108
434 436 104
436 435 104
435 433 105
433 437 208
437 438 206
438 434 108
434 442 109
442 441 102
441 433 101
433 945 101
945 689 106
689 690 106
690 692 110
692 691 109
691 689 107
689 693 106
693 694 104
694 690 103
690 698 106
698 697 107
697 689 107
689 753 107
753 721 108
721 722 104
722 724 109
724 723 104
723 721 110
721 725 109
725 726 108
726 722 103
722 730 110
730 729 106
729 721 106
721 977 103
977 849 105
849 850 107
850 852 105
852 851 105
851 849 102
849 853 107
853 854 108
854 850 104
850 858 107
858 857 201
857 849 204
849 881 110
881 817 204
817 818 208
818 820 110
820 819 107
819 817 208
817 821 210
821 822 107
822 818 103
818 826 109
826 825 109
825 817 210
817 945 209
945 913 109
913 914 103
914 916 106
916 915 108
915 913 106
913 917 101
917 918 106
918 914 106
914 922 109
922 921 210
921 913 205
913 977 108
977 978 203
978 466 209
466 498 107
498 242 110
242 754 107
754 626 105
626 882 104
882 370 110
370 498 109
498 434 109
434 946 107
946 690 110
690 754 109
754 722 110
722 978 204
978 850 207
850 882 103
882 818 106
818 946 107
946 914 101
914 978 205
978 962 201
962 994 102
994 482 110
482 481 107
481 483 107
483 484 101
484 482 101
482 486 104
486 485 107
485 481 107
481 489 104
489 490 103
490 482 106
482 498 102
498 497 103
497 481 102
481 993 103
993 737 103
737 738 109
738 740 108
740 739 108
739 737 101
737 741 202
741 742 205
742 738 103
738 746 103
746 745 201
745 737 201
737 753 104
753 754 106
754 738 101
738 994 108
994 866 107
866 865 102
865 867 106
867 868 201
868 866 203
866 870 210
870 869 207
869 865 102
865 873 105
873 874 102
874 866 107
866 882 104
882 881 110
881 865 102
865 993 103
993 929 107
929 930 108
930 932 110
932 931 104
931 929 102
929 933 108
933 934 106
934 930 109
930 938 108
938 937 103
937 929 104
929 945 106
945 946 108
946 930 105
930 994 110
994 993 102
993 961 204
993 995 109
995 483 105
483 487 210
487 231 205
231 239 105
239 111 109
111 127 207
127 63 208
63 191 210
191 159 205
159 223 108
223 95 103
95 127 208
127 119 206
119 247 105
247 183 102
183 191 202
191 175 306
175 239 204
239 207 105
207 223 108
223 215 109
215 247 101
247 231 110
231 743 110
743 615 103
615 623 208
623 111 201
111 367 102
367 303 107
303 319 108
319 63 106
63 575 103
575 543 106
543 607 101
607 95 109
95 351 102
351 287 209
287 319 205
319 311 102
311 375 205
375 119 210
119 631 107
631 567 105
567 575 103
575 559 110
559 623 209
623 591 206
591 607 106
607 599 105
599 631 101
631 615 104
615 871 105
871 359 102
359 367 105
367 335 107
335 351 104
351 343 104
343 375 205
375 359 210
359 487 203
487 423 202
423 431 110
431 175 208
175 687 205
687 559 110
559 815 105
815 303 105
303 431 109
431 399 109
399 415 105
415 159 105
159 671 208
671 543 208
543 799 109
799 287 208
287 415 210
415 407 108
407 439 106
439 183 101
183 695 102
695 567 106
567 823 107
823 311 104
311 439 104
439 423 108
423 935 110
935 679 102
679 687 109
687 655 105
655 671 201
671 663 201
663 695 107
695 679 103
679 743 110
743 711 108
711 719 105
719 207 108
207 463 108
463 335 103
335 847 107
847 591 104
591 719 105
719 655 102
655 911 106
911 399 101
399 463 103
463 455 106
455 471 108
471 215 105
215 727 208
727 599 204
599 855 107
855 343 104
343 471 110
471 407 108
407 919 110
919 663 105
663 727 202
727 711 202
711 967 108
967 455 101
455 487 202
487 485 207
485 493 103
493 237 103
237 239 106
239 235 103
235 251 105
251 123 105
123 127 207
127 125 201
125 253 103
253 189 106
189 191 205
191 187 207
187 251 108
251 219 106
219 223 105
223 221 210
221 253 205
253 237 102
237 749 106
749 621 101
621 623 204
623 619 208
619 635 101
635 123 110
123 379 105
379 315 104
315 319 108
319 317 105
317 381 110
381 125 106
125 637 109
637 573 105
573 575 105
575 571 203
571 635 207
635 603 101
603 607 103
607 605 106
605 637 108
637 621 101
621 877 105
877 365 106
365 367 106
367 363 108
363 379 110
379 347 109
347 351 110
351 349 105
349 381 102
381 365 108
365 493 102
493 429 105
429 431 101
431 427 101
427 443 104
443 187 110
187 699 106
699 571 209
571 827 204
827 315 107
315 443 102
443 411 110
411 415 102
415 413 107
413 445 108
445 189 105
189 701 107
701 573 103
573 829 104
829 317 110
317 445 110
445 429 107
429 941 204
941 685 208
685 687 104
687 683 107
683 699 101
699 667 106
667 671 206
671 669 210
669 701 105
701 685 101
685 749 102
749 717 107
717 719 104
719 715 204
715 731 204
731 219 103
219 475 102
475 347 105
347 859 203
859 603 208
603 731 101
731 667 110
667 923 103
923 411 109
411 475 104
475 459 208
459 463 205
463 461 104
461 477 103
477 221 207
221 733 209
733 605 105
605 861 110
861 349 105
349 477 102
477 413 104
413 925 108
925 669 102
669 733 106
733 717 107
717 973 202
973 461 202
461 493 107
493 489 110
489 491 106
491 235 102
235 747 102
747 619 108
619 875 105
875 363 101
363 491 107
491 427 109
427 939 105
939 683 107
683 747 107
747 715 202
715 971 206
971 459 203
459 491 203
491 483 106
483 499 107
499 243 203
243 247 205
247 245 109
245 253 110
253 249 102
249 251 107
251 243 209
243 755 202
755 627 207
627 631 208
631 629 102
629 637 110
637 633 107
633 635 102
635 627 202
627 883 206
883 371 102
371 375 208
375 373 206
373 381 108
381 377 110
377 379 110
379 371 108
371 499 105
499 435 101
435 439 101
439 437 203
437 445 204
445 441 105
441 443 109
443 435 107
435 947 203
947 691 207
691 695 108
695 693 104
693 701 109
701 697 110
697 699 103
699 691 104
691 755 105
755 723 106
723 727 205
727 725 210
725 733 107
733 729 108
729 731 101
731 723 109
723 979 104
979 467 104
467 471 109
471 469 102
469 477 108
477 473 107
473 475 107
475 467 102
467 499 103
499 497 101
497 501 206
501 245 205
245 757 109
757 629 103
629 885 106
885 373 110
373 501 203
501 437 303
437 949 202
949 693 102
693 757 102
757 725 110
725 981 105
981 469 102
469 501 208
501 485 201
485 997 107
997 741 209
741 743 208
743 739 102
739 747 110
747 745 204
745 749 209
749 741 203
741 757 201
757 753 102
753 755 109
755 739 103
739 995 104
995 867 110
867 871 103
871 807 108
807 815 110
815 783 106
783 799 104
799 791 101
791 823 109
823 807 104
807 935 110
935 903 206
903 911 206
911 783 107
783 847 102
847 839 210
839 855 204
855 791 109
791 919 110
919 903 201
903 967 203
967 839 209
839 871 209
871 869 103
869 877 107
877 813 105
813 815 101
815 811 209
811 827 202
827 795 105
795 799 102
799 797 102
797 829 101
829 813 110
813 941 201
941 909 203
909 911 101
911 907 106
907 923 104
923 795 107
795 859 209
859 843 209
843 847 110
847 845 108
845 861 105
861 797 104
797 925 106
925 909 104
909 973 208
973 845 204
845 877 104
877 873 101
873 875 110
875 811 202
811 939 204
939 907 101
907 971 108
971 843 109
843 875 101
875 867 103
867 883 107
883 819 107
819 823 110
823 821 108
821 829 106
829 825 108
825 827 105
827 819 107
819 947 208
947 915 210
915 919 108
919 917 101
917 925 103
925 921 207
921 923 203
923 915 109
915 979 108
979 851 103
851 855 108
855 853 104
853 861 110
861 857 203
857 859 301
859 851 205
851 883 108
883 881 110
881 885 106
885 821 101
821 949 108
949 917 104
917 981 106
981 853 104
853 885 101
885 869 110
869 997 108
997 933 102
933 935 105
935 931 109
931 939 106
939 937 107
937 941 209
941 933 205
933 949 104
949 945 110
945 947 209
947 931 207
931 995 102
995 963 110
963 967 103
967 965 101
965 973 201
973 969 201
969 971 108
971 963 110
963 979 107
979 977 104
977 981 103
981 965 108
965 997 106
997 993 108
993 1001 109
1001 489 110
489 505 202
505 249 202
249 761 210
761 633 205
633 889 106
889 377 109
377 505 205
505 441 204
441 953 105
953 697 101
697 761 208
761 729 205
729 985 102
985 473 102
473 505 208
505 497 207
497 1009 104
1009 753 108
753 761 201
761 745 304
745 1001 205
1001 873 103
873 889 110
889 825 109
825 953 108
953 921 206
921 985 209
985 857 209
857 889 201
889 881 104
881 1009 110
1009 945 103
945 953 102
953 937 107
937 1001 108
1001 969 109
969 985 107
985 977 107
977 1009 104
1009 993 103
1009 1010 207
1010 498 205
498 500 208
500 244 206
244 248 103
248 120 104
120 128 108
128 64 105
64 192 203
192 160 203
160 224 104
224 96 106
96 128 110
128 112 107
112 240 109
240 176 107
176 192 204
192 184 201
184 248 105
248 216 102
216 224 108
224 208 106
208 240 109
240 232 109
232 248 102
248 246 104
246 254 101
254 126 106
126 128 107
128 124 109
124 252 105
252 188 106
188 192 205
192 190 204
190 254 101
254 222 107
222 224 110
224 220 107
220 252 106
252 236 102
236 240 107
240 238 109
238 254 109
254 250 106
250 252 108
252 244 105
244 756 102
756 628 109
628 632 108
632 120 108
120 376 105
376 312 101
312 320 108
320 64 108
64 576 102
576 544 103
544 608 210
608 96 202
96 352 109
352 288 104
288 320 108
320 304 102
304 368 201
368 112 203
112 624 108
624 560 203
560 576 208
576 568 101
568 632 103
632 600 110
600 608 206
608 592 201
592 624 110
624 616 109
616 632 103
632 630 109
630 638 104
638 126 102
126 382 102
382 318 104
318 320 107
320 316 105
316 380 208
380 124 209
124 636 102
636 572 108
572 576 102
576 574 101
574 638 103
638 606 105
606 608 207
608 604 202
604 636 109
636 620 107
620 624 101
624 622 105
622 638 104
638 634 210
634 636 204
636 628 104
628 884 108
884 372 109
372 376 110
376 344 107
344 352 109
352 336 101
336 368 206
368 360 206
360 376 110
376 374 110
374 382 103
382 350 201
350 352 209
352 348 109
348 380 202
380 364 210
364 368 203
368 366 202
366 382 103
382 378 107
378 380 202
380 372 205
372 500 206
500 436 206
436 440 101
440 184 105
184 696 207
696 568 207
568 824 206
824 312 205
312 440 101
440 408 106
408 416 103
416 160 103
160 672 109
672 544 109
544 800 107
800 288 101
288 416 101
416 400 102
400 432 103
432 176 105
176 688 106
688 560 202
560 816 203
816 304 108
304 432 104
432 424 202
424 440 210
440 438 106
438 446 101
446 190 104
190 702 204
702 574 207
574 830 109
830 318 109
318 446 105
446 414 108
414 416 107
416 412 105
412 444 204
444 188 209
188 700 104
700 572 106
572 828 107
828 316 109
316 444 206
444 428 209
428 432 104
432 430 109
430 446 102
446 442 109
442 444 208
444 436 203
436 948 105
948 692 108
692 696 206
696 664 206
664 672 110
672 656 105
656 688 109
688 680 109
680 696 210
696 694 201
694 702 203
702 670 202
670 672 104
672 668 206
668 700 202
700 684 110
684 688 109
688 686 109
686 702 210
702 698 206
698 700 110
700 692 105
692 756 102
756 724 109
724 728 105
728 216 104
216 472 208
472 344 203
344 856 102
856 600 109
600 728 107
728 664 107
664 920 108
920 408 103
408 472 207
472 456 209
456 464 109
464 208 110
208 720 103
720 592 104
592 848 101
848 336 102
336 464 109
464 400 108
400 912 206
912 656 209
656 720 109
720 712 110
712 728 107
728 726 105
726 734 110
734 222 103
222 478 106
478 350 206
350 862 210
862 606 101
606 734 108
734 670 103
670 926 107
926 414 104
414 478 104
478 462 105
462 464 110
464 460 107
460 476 101
476 220 109
220 732 105
732 604 108
604 860 105
860 348 108
348 476 101
476 412 109
412 924 106
924 668 209
668 732 206
732 716 110
716 720 109
720 718 210
718 734 206
734 730 107
730 732 101
732 724 105
724 980 203
980 468 204
468 472 204
472 470 203
470 478 104
478 474 105
474 476 107
476 468 103
468 500 204
500 484 203
484 488 107
488 232 108
232 744 103
744 616 107
616 872 108
872 360 110
360 488 101
488 424 202
424 936 210
936 680 107
680 744 102
744 712 109
712 968 108
968 456 106
456 488 104
488 486 102
486 494 208
494 238 207
238 750 101
750 622 109
622 878 101
878 366 105
366 494 205
494 430 209
430 942 103
942 686 101
686 750 109
750 718 204
718 974 209
974 462 105
462 494 202
494 490 209
490 492 107
492 236 108
236 748 210
748 620 204
620 876 102
876 364 101
364 492 106
492 428 107
428 940 101
940 684 103
684 748 207
748 716 210
716 972 108
972 460 102
460 492 103
492 484 102
484 996 203
996 740 208
740 744 110
744 742 110
742 750 107
750 746 103
746 748 207
748 740 208
740 756 104
756 754 107
754 758 109
758 246 107
246 502 106
502 374 110
374 886 106
886 630 107
630 758 104
758 694 107
694 950 104
950 438 104
438 502 103
502 470 106
470 982 209
982 726 205
726 758 107
758 742 105
742 998 110
998 486 107
486 502 110
502 498 101
498 506 106
506 250 109
250 762 105
762 634 206
634 890 202
890 378 103
378 506 109
506 442 110
442 954 105
954 698 103
698 762 108
762 730 110
730 986 108
986 474 107
474 506 104
506 490 105
490 1002 110
1002 746 105
746 762 104
762 754 101
754 1010 204
1010 882 207
882 884 103
884 820 108
820 824 208
824 792 308
792 800 202
800 784 105
784 816 106
816 808 107
808 824 207
824 822 204
822 830 107
830 798 206
798 800 207
800 796 106
796 828 101
828 812 109
812 816 102
816 814 101
814 830 105
830 826 102
826 828 106
828 820 101
820 948 104
948 916 102
916 920 101
920 792 204
792 856 207
856 840 201
840 848 206
848 784 109
784 912 210
912 904 201
904 920 105
920 918 108
918 926 102
926 798 210
798 862 203
862 846 105
846 848 108
848 844 101
844 860 104
860 796 106
796 924 107
924 908 210
908 912 304
912 910 208
910 926 104
926 922 103
922 924 105
924 916 110
916 980 205
980 852 203
852 856 110
856 854 108
854 862 101
862 858 109
858 860 109
860 852 105
852 884 104
884 868 203
868 872 209
872 808 101
808 936 110
936 904 103
904 968 102
968 840 207
840 872 207
872 870 208
870 878 203
878 814 105
814 942 105
942 910 101
910 974 107
974 846 102
846 878 109
878 874 103
874 876 106
876 812 106
812 940 109
940 908 210
908 972 204
972 844 106
844 876 109
876 868 203
868 996 304
996 932 209
932 936 108
936 934 102
934 942 110
942 938 103
938 940 110
940 932 108
932 948 106
948 946 102
946 950 106
950 822 105
822 886 106
886 854 108
854 982 201
982 918 210
918 950 104
950 934 107
934 998 106
998 870 210
870 886 207
886 882 110
882 890 107
890 826 109
826 954 107
954 922 104
922 986 110
986 858 108
858 890 101
890 874 109
874 1002 101
1002 938 101
938 954 103
954 946 104
946 1010 205
1010 978 306
978 980 309
980 964 202
964 968 110
968 966 101
966 974 102
974 970 108
970 972 110
972 964 103
964 996 204
996 994 206
994 998 106
998 966 110
966 982 203
982 978 305
978 986 202
986 970 105
970 1002 104
1002 994 101
994 1010 209
1010 1012 202
1012 500 208
500 499 210
499 503 107
503 247 109
247 248 105
248 256 208
256 128 202
128 127 201
127 255 205
255 191 209
191 192 305
192 256 307
256 224 205
224 223 101
223 255 104
255 239 101
239 240 101
240 256 202
256 252 204
252 251 105
251 255 104
255 247 110
247 759 107
759 631 110
631 632 109
632 640 103
640 128 109
128 384 102
384 320 108
320 319 108
319 383 105
383 127 204
127 639 207
639 575 108
575 576 106
576 640 104
640 608 203
608 607 208
607 639 110
639 623 206
623 624 205
624 640 103
640 636 106
636 635 103
635 639 105
639 631 107
631 887 105
887 375 209
375 376 203
376 384 107
384 352 107
352 351 109
351 383 109
383 367 106
367 368 201
368 384 202
384 380 210
380 379 208
379 383 110
383 375 202
375 503 206
503 439 108
439 440 107
440 448 107
448 192 207
192 704 208
704 576 105
576 832 204
832 320 208
320 448 105
448 416 106
416 415 109
415 447 101
447 191 210
191 703 205
703 575 106
575 831 105
831 319 103
319 447 101
447 431 109
431 432 110
432 448 107
448 444 205
444 443 201
443 447 104
447 439 108
439 951 102
951 695 108
695 696 205
696 704 208
704 672 110
672 671 206
671 703 205
703 687 101
687 688 107
688 704 110
704 700 103
700 699 105
699 703 104
703 695 110
695 759 107
759 727 208
727 728 205
728 736 102
736 224 107
224 480 208
480 352 207
352 864 108
864 608 206
608 736 202
736 672 108
672 928 102
928 416 110
416 480 205
480 464 210
464 463 107
463 479 103
479 223 101
223 735 107
735 607 102
607 863 109
863 351 109
351 479 106
479 415 105
415 927 105
927 671 204
671 735 204
735 719 104
719 720 109
720 736 102
736 732 109
732 731 110
731 735 102
735 727 207
727 983 201
983 471 105
471 472 205
472 480 309
480 476 207
476 475 107
475 479 101
479 471 102
471 503 105
503 487 204
487 488 207
488 496 105
496 240 106
240 752 110
752 624 104
624 880 103
880 368 206
368 496 204
496 432 106
432 944 102
944 688 104
688 752 102
752 720 105
720 976 108
976 464 105
464 496 108
496 492 105
492 491 107
491 495 109
495 239 105
239 751 103
751 623 204
623 879 208
879 367 105
367 495 110
495 431 103
431 943 109
943 687 108
687 751 103
751 719 104
719 975 104
975 463 106
463 495 104
495 487 206
487 999 206
999 743 101
743 744 110
744 752 107
752 748 208
748 747 203
747 751 107
751 743 108
743 759 104
759 755 106
755 756 107
756 760 207
760 248 202
248 504 104
504 376 108
376 888 109
888 632 101
632 760 210
760 696 310
696 952 207
952 440 110
440 504 110
504 472 202
472 984 206
984 728 107
728 760 207
760 744 202
744 1000 102
1000 488 102
488 504 108
504 500 204
500 508 207
508 252 101
252 764 107
764 636 107
636 892 106
892 380 203
380 508 207
508 444 207
444 956 205
956 700 106
700 764 101
764 732 103
732 988 103
988 476 109
476 508 108
508 492 109
492 1004 203
1004 748 301
748 764 208
764 756 108
756 1012 103
1012 884 110
884 883 106
883 887 101
887 823 106
823 824 203
824 832 301
832 800 201
800 799 105
799 831 104
831 815 104
815 816 104
816 832 203
832 828 201
828 827 103
827 831 105
831 823 110
823 951 107
951 919 103
919 920 107
920 928 106
928 800 106
800 864 110
864 848 106
848 847 108
847 863 101
863 799 106
799 927 110
927 911 107
911 912 210
912 928 204
928 924 107
924 923 110
923 927 106
927 919 101
919 983 103
983 855 108
855 856 108
856 864 107
864 860 104
860 859 210
859 863 201
863 855 106
855 887 109
887 871 106
871 872 110
872 880 106
880 816 101
816 944 102
944 912 203
912 976 205
976 848 106
848 880 102
880 876 110
876 875 106
875 879 104
879 815 110
815 943 109
943 911 106
911 975 102
975 847 104
847 879 108
879 871 104
871 999 108
999 935 101
935 936 108
936 944 103
944 940 109
940 939 106
939 943 102
943 935 102
935 951 103
951 947 209
947 948 201
948 952 104
952 824 204
824 888 201
888 856 104
856 984 107
984 920 102
920 952 108
952 936 108
936 1000 101
1000 872 103
872 888 104
888 884 109
884 892 106
892 828 104
828 956 101
956 924 110
924 988 102
988 860 105
860 892 104
892 876 107
876 1004 210
1004 940 208
940 956 107
956 948 103
948 1012 106
1012 980 207
980 979 207
979 983 110
983 967 110
967 968 102
968 976 104
976 972 107
972 971 103
971 975 104
975 967 104
967 999 108
999 995 101
995 996 209
996 1000 207
1000 968 107
968 984 106
984 980 209
980 988 208
988 972 103
972 1004 202
1004 996 301
996 1012 204
1012 1011 105
1011 499 101
499 507 106
507 251 105
251 763 106
763 635 102
635 891 103
891 379 101
379 507 108
507 443 102
443 955 102
955 699 103
699 763 101
763 731 110
731 987 104
987 475 101
475 507 108
507 491 106
491 1003 108
1003 747 103
747 763 106
763 755 110
755 1011 103
1011 883 109
883 891 104
891 827 105
827 955 110
955 923 103
923 987 101
987 859 204
859 891 203
891 875 106
875 1003 106
1003 939 110
939 955 102
955 947 201
947 1011 203
1011 979 104
979 987 106
987 971 105
971 1003 108
1003 995 108
995 1011 109
1011 1009 109
1009 1013 104
1013 501 210
501 502 205
502 504 110
504 503 103
503 501 204
501 509 205
509 253 109
253 254 101
254 256 210
256 255 209
255 253 106
253 765 102
765 637 105
637 638 103
638 640 109
640 639 101
639 637 103
637 893 204
893 381 206
381 382 108
382 384 109
384 383 110
383 381 103
381 509 101
509 445 109
445 446 104
446 448 107
448 447 108
447 445 105
445 957 105
957 701 108
701 702 204
702 704 206
704 703 104
703 701 106
701 765 109
765 733 103
733 734 105
734 736 101
736 735 101
735 733 104
733 989 101
989 477 104
477 478 106
478 480 210
480 479 201
479 477 102
477 509 104
509 493 108
493 494 208
494 496 204
496 495 108
495 493 106
493 1005 105
1005 749 109
749 750 106
750 752 101
752 751 103
751 749 106
749 765 109
765 757 103
757 758 102
758 760 203
760 759 207
759 757 105
757 1013 103
1013 885 110
885 886 108
886 888 106
888 887 103
887 885 103
885 893 201
893 829 208
829 830 105
830 832 204
832 831 201
831 829 109
829 957 102
957 925 105
925 926 108
926 928 101
928 927 105
927 925 104
925 989 103
989 861 109
861 862 110
862 864 104
864 863 101
863 861 108
861 893 205
893 877 203
877 878 109
878 880 109
880 879 108
879 877 109
877 1005 107
1005 941 204
941 942 203
942 944 102
944 943 107
943 941 202
941 957 209
957 949 110
949 950 110
950 952 110
952 951 106
951 949 104
949 1013 104
1013 981 101
981 982 207
982 984 209
984 983 104
983 981 107
981 989 106
989 973 208
973 974 202
974 976 104
976 975 105
975 973 202
973 1005 209
1005 997 104
997 998 105
998 1000 104
1000 999 108
999 997 109
997 1013 107
1013 1014 107
1014 502 103
502 510 109
510 254 109
254 766 108
766 638 104
638 894 107
894 382 108
382 510 104
510 446 103
446 958 203
958 702 307
702 766 209
766 734 108
734 990 103
990 478 101
478 510 108
510 494 209
494 1006 207
1006 750 106
750 766 108
766 758 109
758 1014 104
1014 886 107
886 894 106
894 830 106
830 958 207
958 926 204
926 990 101
990 862 106
862 894 109
894 878 104
878 1006 102
1006 942 101
942 958 201
958 950 202
950 1014 105
1014 982 206
982 990 205
990 974 103
974 1006 105
1006 998 104
998 1014 108
1014 1010 207
1010 1018 209
1018 506 103
506 505 206
505 507 204
507 508 107
508 506 107
506 510 105
510 509 104
509 505 204
505 1017 208
1017 761 202
761 762 201
762 764 110
764 763 102
763 761 201
761 765 201
765 766 110
766 762 106
762 1018 109
1018 890 108
890 889 105
889 891 105
891 892 108
892 890 108
890 894 103
894 893 207
893 889 206
889 1017 110
1017 953 102
953 954 101
954 956 102
956 955 104
955 953 107
953 957 104
957 958 202
958 954 210
954 1018 110
1018 986 104
986 985 109
985 987 102
987 988 103
988 986 103
986 990 109
990 989 101
989 985 107
985 1017 105
1017 1001 104
1001 1002 109
1002 1004 205
1004 1003 209
1003 1001 110
1001 1005 103
1005 1006 107
1006 1002 104
1002 1018 107
1018 1017 105
1017 1009 101
1017 1019 101
1019 507 108
507 511 104
511 255 101
255 767 105
767 639 110
639 895 107
895 383 106
383 511 101
511 447 110
447 959 103
959 703 104
703 767 109
767 735 108
735 991 103
991 479 107
479 511 106
511 495 109
495 1007 107
1007 751 105
751 767 107
767 759 103
759 1015 101
1015 503 103
503 511 105
511 509 107
509 1021 105
1021 765 107
765 767 106
767 763 106
763 1019 101
1019 891 102
891 895 103
895 831 102
831 959 101
959 927 108
927 991 110
991 863 104
863 895 109
895 879 102
879 1007 104
1007 943 108
943 959 103
959 951 107
951 1015 104
1015 887 107
887 895 106
895 893 207
893 1021 207
1021 957 104
957 959 101
959 955 108
955 1019 107
1019 987 110
987 991 109
991 975 104
975 1007 109
1007 999 106
999 1015 106
1015 983 101
983 991 106
991 989 110
989 1021 101
1021 1005 105
1005 1007 109
1007 1003 105
1003 1019 102
1019 1011 102
1011 1015 106
1015 1013 107
1013 1021 110
1021 1017 101
1021 1022 107
1022 510 108
510 512 104
512 256 202
256 768 209
768 640 102
640 896 107
896 384 102
384 512 105
512 448 105
448 960 103
960 704 109
704 768 109
768 736 104
736 992 106
992 480 207
480 512 202
512 496 110
496 1008 106
1008 752 104
752 768 103
768 760 201
760 1016 210
1016 504 110
504 512 107
512 508 102
508 1020 102
1020 764 108
764 768 108
768 766 103
766 1022 101
1022 894 108
894 896 107
896 832 206
832 960 205
960 928 107
928 992 103
992 864 107
864 896 107
896 880 102
880 1008 108
1008 944 105
944 960 110
960 952 107
952 1016 101
1016 888 103
888 896 105
896 892 102
892 1020 106
1020 956 105
956 960 110
960 958 202
958 1022 208
1022 990 110
990 992 110
992 976 106
976 1008 109
1008 1000 103
1000 1016 105
1016 984 103
984 992 101
992 988 102
988 1020 101
1020 1004 202
1004 1008 202
1008 1006 110
1006 1022 107
1022 1014 106
1014 1016 102
1016 1012 106
1012 1020 102
1020 1018 101
1018 1022 109
1022 1024 104
1024 512 109
512 511 103
511 1023 205
1023 767 207
767 768 107
768 1024 110
1024 896 103
896 895 104
895 1023 202
1023 959 204
959 960 102
960 1024 106
1024 992 105
992 991 108
991 1023 207
1023 1007 202
1007 1008 107
1008 1024 107
1024 1016 101
1016 1015 109
1015 1023 204
1023 1019 205
1019 1020 107
1020 1024 107
1024 1023 204
1023 1021 210

REQUESTS

BLOCKAGES
106 105
121 249
243 247
61 57
173 45
935 951
919 903
232 231
779 267
226 234
674 673
827 819
139 11
478 350
374 358
802 930
964 452
915 787
197 709
818 946
839 871
707 963
228 227
728 736
51 49
740 756
466 468
526 522
24 280
616 872
625 629
396 908
617 619
860 796
333 461
371 499
665 649
252 188
53 117
336 464
437 445
701 685
2 34
651 715
899 915
309 277
489 491
1003 939
196 195
503 247
711 967
686 702
843 847
702 574
684 682
449 465
488 424
555 811
894 893
872 888
917 789
289 353
817 821
835 833
145 657
553 545
981 853
582 70
962 970
36 100
231 199
230 102
515 531
937 681
619 635
296 424
522 538
259 257
477 473
313 377
212 210
230 226
102 358
878 1006
798 794
901 645
530 532
907 651
829 813
554 810
789 853
708 580
536 534
684 688
713 585
225 97
730 986
632 640
159 157
500 244
724 723
110 102
1012 1011
735 991
484 420
693 694
183 151
777 779
444 428
398 910
548 547
867 871
294 296
309 317
170 186
285 413
880 1008
945 946
77 69
249 217
542 538
678 550
721 725
993 995
915 403
621 623
626 628
853 837
930 674
792 776
912 928
519 551
7 71
108 236
340 338
389 397
572 576
532 20
746 714
283 315
712 968
667 659
500 499
199 135
217 153
908 912
885 886
1004 940
466 474
453 197
16 528
475 479
246 502
373 374
615 551
149 157
452 196
465 209
404 148
750 746
770 258
527 523
1001 873
471 407
842 778
870 806
693 757
592 591
686 750
913 917
1018 1017
345 89
914 916
708 706
638 126
276 280
454 462
334 336
499 243
533 541
761 762
501 509
416 400
200 456
263 261
937 929
960 928
136 648
655 653
592 624
443 411
579 67
806 808
242 754
103 101
326 838
68 84
652 651
773 901
733 717
792 800
881 885
358 486
79 111
95 127
943 687
43 299
361 377
510 509
897 905
904 968
667 539
565 566
634 122
145 149
406 438
526 518
577 581
608 96
562 626
666 668
610 612
990 989
809 825
55 53
200 72
828 316
468 472
7 5
969 841
646 642
994 866
931 995
120 128
410 402
215 211
89 91
745 713
389 901
874 866
7 23
864 863
855 887
98 100
429 173
57 313
527 15
221 222
629 613
60 28
198 206
876 868
42 10
792 856
25 537
666 658
831 815
944 912
556 524
743 711
283 411
525 557
199 215
719 715
727 983
798 800
69 5
220 252
41 553
996 1000
513 521
560 816
541 525
718 714
497 1009
637 621
280 312
230 238
588 604
203 139
329 345
325 333
1015 503
162 674
393 137
247 245
640 128
81 17
624 640
563 819
689 690
224 208
293 37
668 700
52 36
381 377
832 320
774 262
333 349
572 540
552 616
532 788
875 363
501 485
888 884
601 605
585 577
396 395
836 868
615 613
820 308
954 946
487 423
219 211
963 967
602 634
961 962
491 483
93 29
218 210
277 285
347 351
796 284
127 63
415 447
517 518
949 693
543 535
147 151
1 65
889 881
739 737
433 437
734 222
97 101
112 111
875 1003
301 429
627 883
791 279
364 332
632 120
277 278
756 754
393 457
290 34
376 374
884 868
75 79
563 564
338 274
469 501
614 102
754 738
399 397
637 633
394 410
116 115
745 1001
101 69
172 684
642 898
770 802
194 202
922 924
807 805
907 905
473 475
241 242
4 20
304 303
676 675
296 40
714 716
966 974
176 175
898 914
784 780
196 708
109 237
822 830
636 628
379 347
186 188
654 718
482 418
427 939
304 432
209 721
966 962
684 556
356 355
132 644
947 1011
442 444
189 181
834 322
349 350
782 910
652 524
1012 1020
859 843
931 675
726 722
169 233
502 504
306 434
850 858
739 995
1015 983
216 215
281 273
407 403
930 994
903 899
829 957
114 122
584 616
190 702
785 273
192 256
527 591
905 969
876 875
660 692
27 19
812 300
56 568
258 266
792 791
342 374
613 549
330 329
50 562
803 771
97 113
585 73
694 702
927 919
515 516
558 814
641 129
113 625
830 318
531 529
179 51
721 977
71 583
657 659
117 125
732 724
357 485
206 222
825 827
874 362
312 56
948 952
124 252
774 782
783 775
958 926
182 184
651 655
106 74
851 883
208 204
175 167
819 307
567 823
780 908
690 754
912 904
523 555
528 520
922 986
475 467
732 731
123 59
30 94
582 710
491 427
213 214
421 933
753 755
976 1008
93 94
413 925
239 207
137 649
750 718
589 590
605 93
911 399
168 176
710 712
61 45
813 809
730 732
202 218
534 530
499 503
289 291
725 661
692 691
87 88
569 573
315 59
237 749
366 334
344 343
140 652
151 135
432 430
387 391
1010 498
191 175
435 419
953 937
15 7
239 235
272 304
268 284
590 846
848 844
231 229
613 621
341 853
68 324
920 792
405 469
796 828
444 188
959 951
387 131
558 574
862 846
538 537
815 816
764 732
314 442
391 407
990 478
597 581
611 615
63 55
769 785
1017 953
474 458
160 32
721 722
342 326
909 973
277 341
978 962
902 918
685 749
17 49
816 814
996 932
263 279
818 802
84 116
784 783
158 160
726 758
359 327
809 777
40 168
444 443
823 807
315 316
302 294
12 4
386 390
571 635
245 757
987 475
557 549
514 578
866 865
661 657
48 560
196 212
311 295
837 325
41 105
928 416
326 262
116 372
256 252
234 233
176 172
568 567
832 831
123 124
730 666
1023 1007
598 600
650 652
1020 1024
401 405
950 934
253 237
379 371
633 625
716 715
210 214
422 418
1023 959
193 209
578 66
806 814
700 684
78 110
463 479
476 475
3 67
193 705
534 790
590 586
619 555
125 637
772 771
939 907
425 937
934 678
588 76
650 714
675 673
151 215
552 550
867 868
685 653
341 342
953 921
341 85
255 191
353 481
968 966
826 810
990 974
1002 938
78 70
146 658
801 865
52 51
492 428
915 913
59 27
456 455
394 386
372 371
508 444
60 59
929 801
851 855
695 759
579 577
345 346
77 93
970 972
477 413
720 976
956 700
70 326
541 542
1005 941
728 726
812 816
834 842
988 476
616 615
888 896
880 879
16 12
171 187
858 890
914 402
981 989
377 345
58 57
357 365
864 896
96 95
355 363
395 387
951 1015
599 597
162 34
523 515
382 350
531 535
729 731
35 39
683 699
347 339
702 704
992 988
117 118
165 161
392 136
248 120
617 633
923 915
687 655
984 983
620 618
654 650
75 203
283 275
314 298
904 920
680 676
754 722
135 133
414 406
316 300
334 270
10 26
114 116
1022 1024
366 494
421 422
841 329
181 177
883 881
853 854
161 33
159 671
1023 1021
251 243
736 735
83 211
619 620
442 441
593 625
183 695
980 468
650 666
287 285
76 332
460 492
16 15
1016 1015
448 447
961 705
819 947
97 609
622 558
809 297
77 589
120 376
845 877
425 427
899 387
249 185
773 805
52 564
778 777
418 162
233 249
566 534
785 789
293 301
629 885
677 685
628 627
771 769
814 302
144 136
115 371
920 408
142 14
887 871
909 901
504 472
400 912
840 584
1003 995
881 369
999 935
437 949
249 761
896 384
487 231
873 875
272 268
237 239
846 782
740 739
412 411
361 329
330 332
918 950
64 576
48 44
811 939
77 78
846 878
670 672
688 704
381 509
253 249
968 456
1000 968
708 712
53 54
625 626
241 225
587 603
439 183
799 791
580 836
682 746
338 322
758 694
831 959
47 15
565 561
34 33
20 18
939 943
496 432
403 401
853 861
584 582
403 467
460 476
373 357
540 532
492 491
244 228
806 294
656 720
128 64
18 50
378 377
105 73
298 426
533 789
762 764
561 817
284 316
200 232
745 617
710 966
384 352
129 1
298 42
143 144
217 729
402 466
32 96
225 227
344 352
312 308
407 919
416 415
388 386
555 43
307 315
351 383
363 379
966 982
434 442
285 29
565 53
766 638
886 630
167 168
794 826
905 909
1013 1014
122 106
533 534
1000 488
595 723
498 434
101 229
537 793
498 506
905 906
65 81
377 121
852 836
327 343
9 1
174 686
981 469
845 781
140 138
369 113
948 1012
24 56
980 964
414 158
320 64
926 922
748 716
263 7
490 1002
223 95
121 113
1015 887
352 351
668 660
143 655
1009 945
270 398
410 474
301 302
118 120
598 726
411 475
1009 1013
544 543
704 768
844 780
808 807
101 109
807 935
547 555
467 339
980 852
556 572
293 289
255 253
879 815
518 6
530 538
768 760
65 66
391 389
485 229
837 845
498 500
804 292
291 307
351 287
131 643
261 269
976 848
331 347
836 844
203 207
810 778
908 652
470 466
431 399
869 357
103 111
511 495
485 481
697 569
438 502
70 72
935 931
870 878
247 183
882 890
5 6
679 743
486 485
894 830
470 454
262 390
904 903
360 376
92 91
901 902
138 137
168 136
106 618
464 496
481 449
733 729
661 693
470 478
1018 986
1013 501
906 922
556 812
316 314
771 835
336 335
963 451
252 251
977 1009
265 267
412 404
100 612
63 191
382 510
793 785
115 83
269 13
922 921
771 775
683 555
375 119
696 664
74 330
976 972
612 548
338 370
697 665
787 275
929 930
780 796
881 1009
584 72
195 211
340 852
337 273
260 292
165 677
478 480
491 235
246 230
520 519
754 626
869 805
649 641
734 670
1014 982
61 189
664 920
436 180
489 233
642 650
813 815
489 425
286 282
554 570
86 82
606 602
743 615
857 345
520 536
286 288
251 219
906 898
665 669
941 957
137 9
453 461
628 632
165 37
835 323
20 24
633 889
861 797
150 158
544 608
361 297
26 154
156 140
829 825
490 234
849 337
971 459
43 107
1 2
322 354
843 331
343 375
975 463
224 220
257 769
643 515
908 972
734 730
17 18
292 300
103 615
351 479
354 356
328 360
954 1018
779 907
395 139
797 798
127 125
344 280
924 908
301 297
294 293
693 677
714 730
257 258
568 824
838 840
465 469
643 651
468 340
586 585
4 68
166 174
994 1010
150 214
637 573
627 631
73 74
575 831
324 260
4 516
763 1019
466 338
422 166
528 592
578 610
352 336
572 828
720 736
597 629
974 846
599 855
419 387
767 759
693 565
1003 1019
575 543
216 472
156 668
558 526
300 298
814 830
672 928
509 493
742 738
751 743
874 876
45 109
1019 507
577 833
353 355
996 1012
242 244
447 445
676 644
171 43
967 968
11 523
496 492
282 410
170 682
886 854
148 212
576 544
424 440
522 778
50 58
655 911
1021 1022
687 559
157 153
339 83
593 849
498 242
590 592
351 343
594 722
299 363
445 957
132 4
22 150
427 395
483 419
326 334
999 1015
902 966
528 544
56 54
272 16
151 149
265 257
74 202
193 129
289 297
476 468
493 1005
494 1006
107 108
28 20
342 854
987 971
503 511
725 726
963 979
903 647
624 880
619 587
925 926
469 341
295 359
614 622
1015 1013
702 698
22 24
38 34
917 925
707 643
12 76
205 141
719 975
426 170
1002 994
894 878
804 932
670 542
113 117
780 772
821 805
849 785
655 527
810 809
597 598
813 301
733 605
720 712
413 414
190 182
383 367
86 118
487 485
1014 1010
957 958
839 855
1016 888
210 466
32 24
430 446
877 813
166 230
593 597
315 319
613 869
383 511
178 242
835 839
805 293
396 140
260 4
942 686
186 250
349 341
173 165
967 455
920 952
611 579
338 850
895 893
430 174
926 990
506 510
885 373
210 242
550 614
186 154
253 765
94 350
822 806
758 760
138 170
426 425
1010 978
79 77
254 250
797 829
459 491
86 342
771 787
310 312
823 821
208 720
313 305
513 641
538 540
18 274
157 141
296 295
979 467
106 234
941 942
564 820
551 39
812 810
658 662
447 959
319 317
695 567
356 324
15 271
484 996
600 728
824 832
677 741
506 442
241 753
867 883
705 737
961 977
90 26
178 50
611 867
671 669
519 517
58 186
72 8
668 540
278 286
303 431
481 993
270 272
973 845
932 948
464 460
31 543
461 477
787 819
430 398
89 73
1018 506
698 682
347 345
639 895
871 869
1004 1008
718 734
713 969
678 680
888 632
947 948
706 722
638 606
365 361
435 179
537 521
488 496
596 594
854 838
588 844
188 180
91 95
41 57
890 889
301 269
652 668
4 8
109 105
494 490
405 149
363 364
647 711
818 820
152 160
830 832
545 546
339 337
979 987
58 570
571 539
186 178
783 847
673 641
705 577
222 218
795 859
159 151
207 199
706 578
729 721
32 30
946 690
563 51
894 896
187 699
627 115
154 138
880 816
352 864
640 636
948 916
1015 1023
893 889
263 391
997 998
273 305
19 275
549 805
516 532
85 86
244 248
92 348
16 144
58 60
931 939
935 903
13 9
364 368
310 438
709 710
340 276
854 598
438 434
128 124
297 425
48 176
947 691
264 263
449 453
871 359
66 322
137 169
271 399
229 237
299 427
858 857
238 206
940 684
904 776
603 731
696 568
199 197
928 992
730 218
962 964
689 657
639 623
791 787
151 663
860 348
910 902
370 306
778 266
737 609
332 348
26 58
451 195
455 391
288 416
333 77
600 584
102 98
856 840
275 279
213 245
317 301
630 638
239 751
975 973
960 952
60 572
201 137
698 697
11 27
776 264
22 54
520 584
234 202
684 748
288 284
861 893
618 617
621 877
411 155
916 404
306 305
802 804
716 708
625 609
146 130
1016 1012
14 78
676 548
133 134
696 704
125 109
842 846
322 330
473 409
467 499
927 911
406 390
370 354
428 426
199 711
563 547
705 707
506 250
707 723
149 181
735 733
521 777
325 326
881 817
435 433
472 470
474 476
828 812
786 850
742 710
492 236
494 238
374 886
246 118
318 320
532 531
801 769
620 556
985 473
461 457
49 561
622 638
420 164
139 171
971 975
277 261
23 535
108 106
634 618
557 558
578 580
878 814
977 465
225 233
457 489
293 421
320 316
65 193
712 711
133 141
641 642
933 901
600 608
51 115
250 122
401 385
194 706
517 533
236 172
731 987
702 670
889 377
493 489
510 512
911 975
579 583
687 751
584 712
350 346
1013 981
639 631
280 278
282 284
436 435
489 505
684 652
777 265
529 785
545 561
417 481
112 624
826 825
56 40
765 637
794 282
763 635
423 431
566 550
974 976
731 219
758 246
117 101
189 157
442 954
675 739
395 411
680 679
614 870
464 463
508 252
722 730
660 532
846 845
209 145
266 394
784 272
955 953
641 705
300 304
738 740
827 795
681 673
218 220
519 775
327 71
272 271
37 38
762 730
900 898
706 710
661 917
334 350
581 589
582 590
1005 1006
152 216
35 547
850 882
656 528
725 733
989 1021
557 573
890 894
957 949
782 778
457 201
974 1006
258 260
606 734
831 319
774 770
1012 500
607 639
755 723
433 417
436 420
841 857
951 919
83 19
462 464
732 604
1017 1019
921 985
934 998
132 140
114 82
546 802
24 8
764 636
331 335
783 799
52 180
247 231
104 103
664 672
54 566
456 464
541 797
733 734
173 685
545 33
247 759
917 405
236 240
408 416
723 727
3 1
345 349
379 315
208 207
498 497
385 393
536 792
495 487
107 619
444 436
609 577
972 971
544 540
298 302
350 862
160 224
569 57
35 3
553 617
916 920
986 474
682 554
754 1010
445 446
864 860
5 13
147 659
287 279
10 9
41 43
589 585
388 132
328 264
401 913
118 126
128 384
105 107
694 690
243 227
846 334
610 98
619 875
596 724
332 331
189 191
704 700
343 279
724 728
381 382
978 850
51 307
663 727
501 437
105 361
666 922
53 37
392 390
763 755
912 976
962 834
219 91
583 581
705 706
570 826
153 185
790 278
228 164
419 163
100 108
896 832
426 430
87 85
826 954
702 766
547 611
883 887
386 130
830 826
333 334
91 347
513 545
582 614
205 201
175 173
988 972
66 82
925 989
870 886
642 514
61 62
155 219
893 877
964 836
44 172
69 197
598 582
192 184
235 203
699 763
957 701
200 198
557 45
836 324
612 868
466 450
376 384
548 552
1005 997
238 237
811 812
81 82
566 822
921 923
897 929
927 671
92 28
258 386
402 406
634 636
279 277
857 793
890 378
397 413
996 994
46 48
509 1021
481 225
222 94
386 450
281 283
330 458
368 366
586 602
640 639
21 5
561 569
855 856
428 940
461 397
893 381
983 967
551 552
204 716
524 588
54 62
965 973
786 274
800 864
947 931
446 414
260 259
480 479
505 1017
408 472
308 307
1004 996
862 864
825 793
669 670
433 434
118 54
369 353
653 669
553 809
540 524
997 1013
274 276
1003 1001
188 192
60 52
898 897
768 736
890 874
279 407
359 357
195 193
62 574
512 448
368 496
423 167
204 220
970 842
664 648
851 595
873 809
275 273
37 549
142 654
130 138
533 21
411 415
865 867
976 975
418 930
76 108
516 514
971 843
775 903
459 395
899 963
177 161
803 931
57 25
1022 1014
755 756
891 827
628 116
463 461
542 30
518 582
572 564
90 122
916 915
300 364
460 458
612 620
1022 990
673 689
206 78
278 274
89 217
522 586
417 161
482 481
328 336
81 85
530 594
834 866
919 917
524 780
580 579
864 608
365 493
410 154
738 746
844 860
113 81
487 999
528 784
815 783
48 16
849 881
571 563
495 493
222 478
441 409
148 152
932 900
430 429
550 546
938 940
312 320
244 756
862 858
408 152
813 941
459 463
332 268
697 699
867 355
622 621
464 208
302 46
476 220
631 629
965 453
818 826
160 672
478 510
581 613
1008 1000
133 129
767 768
324 452
676 740
852 884
785 913
229 225
169 173
408 392
250 234
285 286
703 687
286 318
984 728
39 7
850 852
412 156
72 80
65 577
560 576
923 795
31 32
420 932
847 591
136 152
180 178
156 155
9 73
27 25
93 125
326 322
831 829
538 26
96 352
232 744
465 401
892 1020
644 708
55 183
833 961
88 72
346 348
738 706
94 96
562 530
375 503
54 50
72 104
822 818
939 937
560 556
367 363
330 346
762 634
130 162
499 507
1006 750
490 426
126 110
749 621
418 386
914 978
451 455
648 646
977 978
185 169
246 242
659 691
145 177
793 794
938 954
673 929
172 140
452 484
750 752
418 426
865 833
737 753
559 623
373 309
27 283
197 133
440 184
321 322
292 36
95 87
576 568
271 263
241 177
923 411
692 564
618 554
732 988
348 340
327 455
10 522
910 654
399 391
207 223
868 356
211 243
854 850
182 166
993 961
976 464
396 388
637 638
239 240
827 315
681 697
243 241
586 74
7 519
180 184
718 590
111 367
126 128
8 40
120 119
598 86
804 772
589 605
387 388
800 799
64 63
75 73
604 860
511 447
825 313
860 852
799 797
535 536
809 811
192 190
284 28
647 648
960 1024
561 529
581 69
479 471
946 914
603 607
362 490
529 530
878 880
786 818
998 1014
90 346
184 183
951 695
741 613
967 965
586 842
46 14
342 278
616 632
168 166
886 882
764 756
747 715
308 52
142 141
214 198
647 643
722 978
450 194
365 333
956 924
413 157
415 159
5 517
714 970
608 604
409 413
796 795
172 164
134 130
179 163
63 575
381 125
85 213
570 538
648 904
362 106
283 267
1001 1002
381 365
472 984
1002 1018
310 54
829 317
667 923
70 86
1012 980
291 292
310 306
549 517
924 916
479 477
143 15
256 224
943 941
197 229
436 948
537 529
282 314
985 857
666 538
618 874
642 674
305 49
759 757
570 562
519 527
898 386
219 217
811 779
546 554
682 686
385 417
206 208
425 441
258 290
328 840
142 206
155 667
964 963
122 58
116 100
910 974
601 593
432 176
468 500
108 44
819 817
382 378
96 128
470 342
347 283
781 797
65 69
75 67
906 970
486 230
986 858
375 376
723 721
870 358
644 516
573 574
42 554
575 571
801 289
985 1017
429 431
770 778
805 933
230 232
2 10
797 925
775 263
895 383
231 743
294 38
184 248
728 216
368 112
877 365
144 160
847 839
530 786
33 35
160 159
474 346
908 900
399 463
859 863
25 89
515 579
644 643
973 969
166 38
318 446
858 842
704 703
794 858
445 441
956 955
735 727
864 848
372 356
317 313
688 680
790 854
521 525
49 113
761 765
355 323
209 213
40 36
422 934
1003 747
737 673
360 488
478 474
923 927
398 400
805 813
577 593
729 713
93 349
542 606
176 144
383 127
155 27
267 395
11 3
311 309
8 264
960 958
341 373
207 79
892 876
581 582
45 47
23 55
304 48
824 888
526 590
197 205
530 18
620 624
624 560
40 552
281 345
329 265
936 1000
362 330
181 693
544 800
20 148
151 152
1006 1022
925 909
903 967
682 650
990 862
711 719
885 893
660 664
746 618
719 207
794 786
245 117
319 63
305 289
366 382
749 717
551 807
749 741
348 284
219 223
255 247
832 828
216 88
925 669
834 770
994 998
99 355
365 367
912 910
236 748
690 674
882 884
238 750
228 740
394 396
542 798
938 937
937 941
13 77
807 815
429 425
102 118
324 340
877 878
894 382
690 692
456 488
938 906
134 142
309 310
24 88
712 648
781 269
865 993
751 749
431 427
40 48
814 942
346 282
920 928
929 945
80 16
658 690
1019 1020
565 821
359 103
945 953
1000 1016
319 383
916 980
448 960
552 520
316 380
1020 764
14 10
88 96
20 276
325 357
449 961
87 119
608 607
405 437
811 827
496 1008
587 579
221 213
313 441
380 124
267 11
201 217
184 168
862 894
105 121
350 342
443 955
481 489
654 656
150 662
820 804
1007 1003
679 677
1010 1012
73 329
292 290
226 225
43 11
36 548
627 625
476 412
629 630
644 648
292 420
760 759
279 311
627 611
180 244
6 14
353 361
407 439
358 294
757 1013
909 653
24 23
323 339
200 208
897 899
76 92
180 148
456 452
594 578
1021 1017
1 257
806 934
66 70
82 210
877 873
716 588
913 657
233 105
830 798
590 606
220 92
539 543
274 258
70 6
431 432
858 860
1000 872
717 973
206 202
333 329
276 404
866 882
591 79
854 862
707 579
812 780
746 762
735 719
673 677
47 63
773 261
233 201
1008 752
81 337
300 44
970 1002
969 961
742 614
131 135
685 687
440 438
295 303
759 727
455 453
777 793
814 813
346 338
910 926
110 238
185 189
971 963
453 454
237 233
574 570
302 366
986 985
261 293
211 209
217 218
329 457
469 453
318 302
695 693
775 773
191 159
153 145
1008 1024
465 466
119 631
47 559
517 773
371 307
719 655
170 172
266 10
269 333
876 1004
764 768
889 825
196 200
384 512
845 861
505 497
84 83
35 99
276 260
791 789
307 435
988 860
969 971
284 283
775 791
94 126
821 822
974 462
157 221
604 596
234 746
424 420
308 316
983 981
297 298
2 514
235 236
797 789
447 191
3 259
254 222
172 188
555 553
212 84
592 848
788 792
503 487
899 771
942 958
271 303
258 2
109 77
191 192
900 916
243 115
703 701
1024 992
995 996
285 317
757 758
875 879
624 616
456 328
331 75
97 65
843 844
932 676
85 21
431 943
245 229
603 595
487 488
191 187
762 1018
955 1019
661 662
368 360
472 456
294 422
551 547
504 503
884 892
861 857
845 841
337 465
715 713
64 48
288 272
492 1004
675 683
259 263
595 627
541 537
143 207
749 750
643 899
57 59
448 192
91 123
565 629
728 664
1017 1001
1009 753
128 127
327 325
737 741
367 495
471 469
79 95
1007 1008
212 244
663 661
152 664
578 834
496 240
320 304
152 150
165 181
818 306
446 190
174 176
671 735
507 491
74 90
533 565
473 465
170 42
511 255
398 394
127 639
437 181
983 991
251 123
393 409
179 243
354 290
763 761
183 181
986 990
699 691
156 148
45 41
357 358
630 614
124 108
118 114
426 394
604 603
216 200
785 786
774 806
549 565
211 212
227 235
651 667
108 620
230 742
769 833
99 115
240 232
70 198
111 107
34 42
930 938
50 34
773 774
507 508
385 387
379 507
423 391
921 905
658 914
215 727
758 742
779 771
429 397
289 417
280 288
5 133
240 256
840 836
110 46
187 185
933 949
688 686
569 825
553 557
203 219
491 495
635 639
438 446
205 206
502 498
271 287
12 524
602 604
4 3
994 482
495 431
945 947
748 620
588 587
394 906
701 573
969 457
501 245
536 600
995 483
848 847
672 656
628 612
970 969
150 134
235 251
555 559
617 585
843 779
289 257
42 106
665 666
687 688
803 811
223 215
591 583
686 685
194 196
130 129
212 468
552 560
522 514
753 754
204 196
653 645
72 71
512 508
438 182
980 979
918 914
13 14
898 902
744 616
521 585
392 400
727 711
126 382
798 862
174 190
377 379
879 367
724 980
839 327
795 793
907 899
850 834
903 901
463 335
129 137
62 190
694 566
968 840
606 94
195 199
635 891
328 326
306 308
540 604
335 271
288 287
606 598
774 838
863 895
712 728
63 61
314 313
308 292
280 264
268 266
734 736
755 1011
661 533
282 281
62 58
727 725
323 451
756 724
853 597
633 601
564 562
841 873
649 521
543 541
249 251
477 478
975 967
98 66
987 859
865 873
1013 1021
961 965
272 400
525 526
880 876
278 262
708 964
331 323
169 681
682 681
752 751
167 679
449 193
141 653
826 828
694 678
746 745
692 696
815 303
380 364
641 645
261 389
434 418
311 439
795 787
86 22
524 523
755 739
944 688
879 877
14 30
853 885
868 996
878 366
441 953
638 634
752 768
19 51
946 1010
322 450
93 89
810 938
155 147
171 169
937 1001
654 526
608 736
839 775
609 545
14 526
22 278
17 529
595 596
851 835
930 898
281 25
462 398
569 553
482 498
276 308
257 261
698 762
891 379
626 882
127 255
87 23
782 270
710 198
692 756
121 123
115 123
425 393
364 362
358 366
681 683
15 31
476 508
262 294
729 601
944 940
202 138
120 56
795 799
53 61
485 421
84 88
391 392
46 45
1020 1004
939 955
655 647
585 587
902 390
654 670
516 580
651 649
594 626
720 718
66 2
202 714
955 923
806 802
926 414
220 212
715 971
390 422
769 513
119 247
675 679
442 186
905 393
875 867
545 801
390 389
248 216
885 869
631 887
887 885
1018 890
228 236
369 370
175 239
6 2
78 80
729 985
680 696
356 100
451 459
436 440
404 468
483 484
623 879
891 895
162 161
175 143
131 139
344 328
291 35
893 829
267 268
717 709
857 859
793 921
340 372
1005 1007
463 495
458 202
711 707
197 198
483 227
841 833
66 194
765 757
927 925
211 147
8 16
393 395
291 419
928 924
723 659
33 97
374 370
936 944
404 408
808 824
86 94
1024 896
648 656
119 103
443 447
596 84
155 159
23 19
951 949
807 295
305 309
253 189
39 103
485 493
259 291
302 304
700 692
339 851
569 570
488 232
389 385
392 424
26 282
432 448
674 738
919 983
59 571
561 563
231 167
776 774
260 388
80 336
972 1004
576 574
1007 999
736 224
176 688
310 318
897 769
387 451
274 306
657 658
20 52
141 173
1021 1005
266 270
738 610
828 956
618 622
776 808
188 700
371 369
833 837
973 461
525 781
79 71
404 436
71 199
337 338
547 515
873 874
309 437
107 75
39 47
696 694
759 755
757 753
252 236
321 65
605 637
901 965
751 623
482 226
114 370
376 312
724 660
868 866
551 567
394 138
630 758
904 392
164 36
906 650
364 492
419 423
324 323
887 895
679 687
35 43
194 226
895 1023
635 627
318 317
817 818
913 914
507 511
629 117
109 621
876 812
495 239
390 454
596 628
19 17
523 779
866 802
137 153
640 896
748 764
173 174
544 32
352 348
823 824
265 281
166 165
697 761
726 734
250 249
625 881
90 92
123 127
409 401
113 241
286 414
852 851
802 801
686 558
623 624
508 492
701 765
549 551
766 758
660 658
454 486
205 717
833 321
514 770
497 433
427 443
888 887
953 954
835 843
631 615
254 126
988 1020
168 680
977 981
306 314
45 13
315 443
722 658
133 645
978 980
788 852
339 371
140 12
378 380
736 672
374 382
189 190
1023 1019
639 575
221 253
743 739
525 527
437 438
266 265
985 977
874 810
337 341
360 296
991 1023
259 267
656 688
652 716
265 393
634 633
181 245
575 559
671 663
681 745
879 1007
884 820
304 368
870 869
886 894
518 774
518 520
224 96
335 351
158 30
539 27
966 454
558 560
947 915
458 457
144 656
683 651
562 546
811 299
999 997
789 821
99 97
717 589
130 132
422 430
991 975
146 148
267 331
383 375
744 752
36 44
114 98
57 49
303 319
472 344
534 22
840 848
644 660
559 815
107 235
218 90
777 841
583 584
672 544
187 179
981 965
741 757
515 3
647 663
703 695
983 471
714 706
5 37
742 998
209 241
486 422
837 773
940 956
22 6
88 344
440 448
103 71
146 178
1007 751
245 253
288 320
768 766
994 993
270 269
125 61
1016 504
726 662
720 592
591 589
295 423
977 849
537 539
170 162
509 505
421 417
327 328
160 156
225 737
238 174
989 973
146 154
479 223
405 406
216 224
732 716
135 647
55 39
248 256
488 486
575 576
941 909
497 501
918 790
611 99
446 442
650 522
998 486
646 678
153 25
38 102
413 445
375 373
313 281
638 640
149 150
167 163
388 392
251 763
402 434
458 462
641 657
126 62
331 459
339 340
119 55
761 745
592 80
872 808
992 480
507 443
505 441
372 376
68 196
543 607
819 803
217 221
1009 993
1010 1018
950 952
588 580
50 52
31 29
497 241
1019 1011
935 679
780 268
821 309
79 335
892 380
475 507
224 480
598 630
334 462
917 981
12 11
645 647
198 194
409 410
759 631
958 1022
760 696
427 428
157 158
572 571
963 835
568 632
808 296
613 614
153 155
89 81
527 528
389 421
945 913
257 273
1001 1005
269 397
873 361
615 871
384 320
504 500
80 76
766 1022
667 671
452 388
130 642
373 381
235 171
154 218
396 412
124 60
698 570
268 12
692 676
435 439
32 64
781 777
950 822
512 496
223 221
307 311
718 974
494 430
545 549
147 179
37 101
110 622
889 891
863 861
445 189
240 238
440 408
663 695
483 499
281 409
936 680
571 827
264 296
591 607
539 531
747 619
546 548
787 851
75 587
254 256
268 300
670 666
646 902
188 156
532 536
690 698
223 255
867 803
941 685
21 22
587 523
61 573
398 414
254 766
959 960
480 512
1021 957
541 605
287 415
210 146
177 49
820 819
817 945
169 41
423 935
922 794
773 781
753 721
150 146
543 527
989 477
546 610
140 144
275 259
447 439
401 145
1006 998
517 581
192 704
462 461
558 554
101 102
659 660
198 454
453 389
3 7
872 360
523 539
147 131
828 827
869 865
171 683
415 407
522 524
190 186
695 679
111 109
13 29
92 124
940 932
610 866
502 374
513 1
954 956
678 742
280 408
265 297
951 947
653 525
31 23
434 436
397 141
11 15
998 870
574 830
458 490
493 494
749 765
439 951
933 935
731 667
601 537
723 979
400 432
561 562
33 41
301 365
38 46
567 563
439 423
800 796
164 162
855 343
21 277
398 142
28 156
674 546
475 459
248 504
540 539
1011 883
674 676
452 460
1001 489
49 33
608 592
409 153
474 473
748 747
838 834
952 1016
740 708
231 239
467 451
665 729
443 435
911 783
378 506
131 163
246 254
332 324
952 936
886 888
500 508
30 62
934 942
371 375
504 512
879 871
876 364
841 843
840 872
620 588
159 223
554 553
859 891
421 165
927 991
739 707
399 143
420 419
23 21
209 210
760 744
134 166
370 378
642 644
646 518
104 100
548 516
955 699
514 518
242 114
895 831
930 932
607 605
321 325
83 87
367 368
659 915
477 221
287 319
1016 984
741 709
376 344
125 121
1014 502
256 768
177 689
599 595
962 450
781 782
942 910
490 482
83 81
623 591
414 410
933 677
959 703
13 525
649 905
203 195
123 379
889 1017
25 17
949 917
67 323
419 931
262 270
782 784
871 999
677 678
635 603
631 567
664 663
848 336
595 593
21 149
717 718
44 12
286 270
891 875
529 513
502 470
799 831
185 697
643 675
519 515
599 87
450 482
1007 943
384 380
535 791
737 738
694 950
535 599
704 576
610 609
44 60
111 47
796 924
790 792
167 183
1004 1003
92 84
43 59
297 299
675 547
296 312
201 193
359 367
273 277
823 311
761 633
979 851
117 373
987 991
454 450
124 122
788 276
78 74
232 104
428 432
44 42
621 557
240 752
262 264
861 349
559 557
104 360
19 147
446 958
995 1011
67 195
733 989
918 406
567 575
782 798
91 83
600 599
403 147
943 911
459 460
609 617
609 611
403 435
25 29
796 788
645 517
747 745
764 763
649 653
229 165
208 240
457 449
880 368
99 67
141 143
970 458
552 808
601 602
645 661
480 352
945 689
526 542
421 429
816 944
799 287
67 68
616 104
323 321
790 822
600 88
450 452
778 906
838 870
493 429
516 520
859 603
837 869
95 31
215 87
987 988
255 767
763 731
715 731
646 654
950 1014
397 909
193 194
589 845
1024 512
626 634
1020 956
612 611
1011 499
564 628
649 681
174 170
984 992
470 982
626 610
479 511
34 98
698 700
883 891
824 822
804 803
863 855
100 68
129 385
574 566
882 370
361 363
18 146
669 733
134 136
295 293
41 9
772 900
129 161
388 900
213 469
467 471
89 601
29 21
275 403
956 948
700 699
354 353
659 531
701 697
59 187
399 415
741 743
982 918
836 772
568 536
709 705
766 762
56 184
594 82
502 510
529 533
808 804
6 134
85 93
82 84
748 740
18 2
944 960
325 261
578 586
940 908
632 600
800 288
448 444
85 597
750 766
884 372
799 927
42 46
872 880
91 75
311 55
28 32
751 767
710 646
636 635
842 330
290 418
997 933
163 164
510 254
484 482
920 918
73 201
985 987
721 593
633 569
266 298
663 535
312 440
349 285
703 767
82 90
314 318
484 228
982 984
358 354
719 720
921 913
972 964
163 171
33 1
97 98
896 892
739 747
691 755
769 770
605 606
355 291
375 359
699 571
856 984
548 564
772 260
779 795
511 1023
162 178
972 844
776 784
942 944
355 483
924 988
356 484
95 351
997 741
404 402
40 39
531 19
407 405
136 200
226 228
789 790
30 26
783 781
39 37
1024 1016
786 770
966 838
449 385
744 1000
383 381
220 732
237 205
363 107
989 861
689 753
667 665
201 203
816 832
593 594
298 290
122 121
135 167
767 735
112 104
132 131
817 801
164 180
29 30
752 748
332 460
51 35
531 563
50 114
725 213
865 353
402 401
385 897
954 922
942 938
6 38
924 668
900 964
997 993
772 776
163 227
71 69
232 248
560 528
820 824
740 744
902 904
632 630
64 192
26 18
936 934
273 17
735 607
583 599
439 440
360 356
783 271
669 541
98 226
848 784
607 863
566 630

TERMINALS
1
16
23
25
39
52
57
62
75
84
100
102
109
110
118
127
133
138
147
150
162
170
175
191
192
197
200
203
218
221
241
243
256
260
262
269
275
284
287
299
301
306
327
330
337
350
353
368
375
380
397
403
410
417
424
437
444
450
459
472
480
487
494
500
501
505
514
515
521
525
530
552
556
560
565
571
578
588
597
608
617
623
627
634
644
657
668
671
674
675
696
702
715
718
727
741
745
748
760
761
775
789
792
798
801
810
811
817
824
832
839
840
842
857
859
868
870
893
902
903
908
912
921
941
947
958
961
973
978
980
982
996
1004
1010
1023

END
