INSTANCE_NAME cc3-5u.dat
NB_VERTICES 125
NB_ARCS 750
NB_REQUESTS 0
NB_BLOCKAGES 450
NB_TERMINALS 13

VERTICES
1 0 0
2 0 0
3 0 0
4 0 0
5 0 0
6 0 0
7 0 0
8 0 0
9 0 0
10 0 0
11 0 0
12 0 0
13 0 0
14 0 0
15 0 0
16 0 0
17 0 0
18 0 0
19 0 0
20 0 0
21 0 0
22 0 0
23 0 0
24 0 0
25 0 0
26 0 0
27 0 0
28 0 0
29 0 0
30 0 0
31 0 0
32 0 0
33 0 0
34 0 0
35 0 0
36 0 0
37 0 0
38 0 0
39 0 0
40 0 0
41 0 0
42 0 0
43 0 0
44 0 0
45 0 0
46 0 0
47 0 0
48 0 0
49 0 0
50 0 0
51 0 0
52 0 0
53 0 0
54 0 0
55 0 0
56 0 0
57 0 0
58 0 0
59 0 0
60 0 0
61 0 0
62 0 0
63 0 0
64 0 0
65 0 0
66 0 0
67 0 0
68 0 0
69 0 0
70 0 0
71 0 0
72 0 0
73 0 0
74 0 0
75 0 0
76 0 0
77 0 0
78 0 0
79 0 0
80 0 0
81 0 0
82 0 0
83 0 0
84 0 0
85 0 0
86 0 0
87 0 0
88 0 0
89 0 0
90 0 0
91 0 0
92 0 0
93 0 0
94 0 0
95 0 0
96 0 0
97 0 0
98 0 0
99 0 0
100 0 0
101 0 0
102 0 0
103 0 0
104 0 0
105 0 0
106 0 0
107 0 0
108 0 0
109 0 0
110 0 0
111 0 0
112 0 0
113 0 0
114 0 0
115 0 0
116 0 0
117 0 0
118 0 0
119 0 0
120 0 0
121 0 0
122 0 0
123 0 0
124 0 0
125 0 0

ARCS
3 1 2
1 2 1
2 3 2
3 4 2
4 1 1
1 5 1
5 2 1
2 4 1
4 5 1
5 3 2
3 8 2
8 6 1
6 1 1
1 11 1
11 6 1
6 7 1
7 2 1
2 12 2
12 7 2
7 8 1
8 9 1
9 4 1
4 14 1
14 9 1
9 6 1
6 10 1
10 5 1
5 15 1
15 10 1
10 7 1
7 9 1
9 10 1
10 8 1
8 13 1
13 3 2
3 18 2
18 8 1
8 23 1
23 3 2
3 28 2
28 26 1
26 1 1
1 16 1
16 6 1
6 21 1
21 1 1
1 51 1
51 26 1
26 27 1
27 2 1
2 17 1
17 7 1
7 22 1
22 2 1
2 52 2
52 27 2
27 28 1
28 29 1
29 4 1
4 19 1
19 9 1
9 24 1
24 4 1
4 54 1
54 29 1
29 26 1
26 30 1
30 5 1
5 20 2
20 10 2
10 25 1
25 5 1
5 55 1
55 30 1
30 27 1
27 29 1
29 30 1
30 28 1
28 33 1
33 8 1
8 58 1
58 33 1
33 31 2
31 6 2
6 56 1
56 31 2
31 26 2
26 36 1
36 11 1
11 12 2
12 13 2
13 11 1
11 14 1
14 12 2
12 15 2
15 11 1
11 16 1
16 17 1
17 12 2
12 22 2
22 17 1
17 18 1
18 13 1
13 14 1
14 15 1
15 13 1
13 23 1
23 18 1
18 16 1
16 19 1
19 14 1
14 24 1
24 19 1
19 17 1
17 20 2
20 15 2
15 25 1
25 20 2
20 16 2
16 21 1
21 11 1
11 61 1
61 36 1
36 31 2
31 32 2
32 7 1
7 57 1
57 32 1
32 27 1
27 37 1
37 12 2
12 62 2
62 37 1
37 32 1
32 33 1
33 34 1
34 9 1
9 59 1
59 34 1
34 29 1
29 39 1
39 14 1
14 64 1
64 39 1
39 34 1
34 31 2
31 35 2
35 10 1
10 60 1
60 35 1
35 30 1
30 40 1
40 15 1
15 65 2
65 40 2
40 35 1
35 32 1
32 34 1
34 35 1
35 33 1
33 38 1
38 13 1
13 63 1
63 38 1
38 28 1
28 43 1
43 18 1
18 19 1
19 20 2
20 18 2
18 68 2
68 43 2
43 33 1
33 48 1
48 23 1
23 21 1
21 22 1
22 23 1
23 24 1
24 21 1
21 25 1
25 22 1
22 24 1
24 25 1
25 23 1
23 73 1
73 48 1
48 28 1
28 53 1
53 3 2
3 78 2
78 28 1
28 103 1
103 3 2
103 53 1
53 51 1
51 52 2
52 53 2
53 54 1
54 51 1
51 55 1
55 52 2
52 54 2
54 55 1
55 53 1
53 58 1
58 56 1
56 51 1
51 61 1
61 56 1
56 57 1
57 52 2
52 62 2
62 57 1
57 58 1
58 59 1
59 54 1
54 64 1
64 59 1
59 56 1
56 60 1
60 55 1
55 65 2
65 60 2
60 57 1
57 59 1
59 60 1
60 58 1
58 63 1
63 53 1
53 68 2
68 58 2
58 73 1
73 53 1
53 78 1
78 76 1
76 1 1
1 101 1
101 26 1
26 41 1
41 16 1
16 66 1
66 41 1
41 31 2
31 46 2
46 21 1
21 71 1
71 46 1
46 26 1
26 76 1
76 51 1
51 66 1
66 56 1
56 71 1
71 51 1
51 101 1
101 76 1
76 77 1
77 2 1
2 102 1
102 27 1
27 42 1
42 17 1
17 67 1
67 42 1
42 32 1
32 47 1
47 22 1
22 72 1
72 47 1
47 27 1
27 77 1
77 52 2
52 67 2
67 57 1
57 72 1
72 52 2
52 102 2
102 77 1
77 78 1
78 79 1
79 4 1
4 104 1
104 29 1
29 44 1
44 19 1
19 69 1
69 44 1
44 34 1
34 49 2
49 24 2
24 74 1
74 49 2
49 29 2
29 79 1
79 54 1
54 69 1
69 59 1
59 74 1
74 54 1
54 104 1
104 79 1
79 76 1
76 80 1
80 5 1
5 105 2
105 30 2
30 45 1
45 20 2
20 70 2
70 45 1
45 35 1
35 50 1
50 25 1
25 75 1
75 50 1
50 30 1
30 80 1
80 55 1
55 70 1
70 60 1
60 75 1
75 55 1
55 105 2
105 80 2
80 77 1
77 79 1
79 80 1
80 78 1
78 83 1
83 8 1
8 108 1
108 33 1
33 83 1
83 58 1
58 108 1
108 83 1
83 81 1
81 6 1
6 106 1
106 31 2
31 81 2
81 56 1
56 106 1
106 81 1
81 76 1
76 86 1
86 11 1
11 111 1
111 36 1
36 37 1
37 38 1
38 36 1
36 39 1
39 37 1
37 40 1
40 36 1
36 41 1
41 42 1
42 37 1
37 47 1
47 42 1
42 43 1
43 38 1
38 39 1
39 40 1
40 38 1
38 48 1
48 43 1
43 41 1
41 44 1
44 39 1
39 49 2
49 44 2
44 42 1
42 45 1
45 40 1
40 50 1
50 45 1
45 41 1
41 46 1
46 36 1
36 86 1
86 61 1
61 62 1
62 63 1
63 61 1
61 64 1
64 62 1
62 65 2
65 61 2
61 66 1
66 67 1
67 62 1
62 72 1
72 67 1
67 68 2
68 63 2
63 64 1
64 65 2
65 63 2
63 73 1
73 68 2
68 66 2
66 69 1
69 64 1
64 74 1
74 69 1
69 67 1
67 70 1
70 65 2
65 75 2
75 70 1
70 66 1
66 71 1
71 61 1
61 111 1
111 86 1
86 81 1
81 82 1
82 7 1
7 107 1
107 32 1
32 82 1
82 57 1
57 107 1
107 82 1
82 77 1
77 87 1
87 12 2
12 112 2
112 37 1
37 87 1
87 62 1
62 112 1
112 87 1
87 82 1
82 83 1
83 84 2
84 9 2
9 109 1
109 34 1
34 84 2
84 59 2
59 109 1
109 84 2
84 79 2
79 89 1
89 14 1
14 114 1
114 39 1
39 89 1
89 64 1
64 114 1
114 89 1
89 84 2
84 81 2
81 85 1
85 10 1
10 110 1
110 35 1
35 85 1
85 60 1
60 110 1
110 85 1
85 80 1
80 90 1
90 15 1
15 115 1
115 40 1
40 90 1
90 65 2
65 115 2
115 90 1
90 85 1
85 82 1
82 84 2
84 85 2
85 83 1
83 88 1
88 13 1
13 113 2
113 38 2
38 88 1
88 63 1
63 113 2
113 88 2
88 78 1
78 93 1
93 18 1
18 118 1
118 43 1
43 44 1
44 45 1
45 43 1
43 93 1
93 68 2
68 69 2
69 70 1
70 68 2
68 118 2
118 93 1
93 83 1
83 98 1
98 23 1
23 123 1
123 48 1
48 46 1
46 47 1
47 48 1
48 49 2
49 46 2
46 50 1
50 47 1
47 49 2
49 50 2
50 48 1
48 98 1
98 73 1
73 71 1
71 72 1
72 73 1
73 74 1
74 71 1
71 75 1
75 72 1
72 74 1
74 75 1
75 73 1
73 123 1
123 98 1
98 78 1
78 103 1
103 101 1
101 102 1
102 103 1
103 104 1
104 101 1
101 105 2
105 102 2
102 104 1
104 105 2
105 103 2
103 108 1
108 106 1
106 101 1
101 111 1
111 106 1
106 107 1
107 102 1
102 112 1
112 107 1
107 108 1
108 109 1
109 104 1
104 114 1
114 109 1
109 106 1
106 110 1
110 105 2
105 115 2
115 110 1
110 107 1
107 109 1
109 110 1
110 108 1
108 113 2
113 103 2
103 118 1
118 108 1
108 123 1
123 103 1
123 113 2
113 111 2
111 112 1
112 113 2
113 114 2
114 111 1
111 115 1
115 112 1
112 114 1
114 115 1
115 113 2
113 118 2
118 116 1
116 16 1
16 91 1
91 41 1
41 116 1
116 66 1
66 91 1
91 76 1
76 96 2
96 21 2
21 121 1
121 46 1
46 96 2
96 71 2
71 121 1
121 96 2
96 81 2
81 91 1
91 86 1
86 87 1
87 88 1
88 86 1
86 89 1
89 87 1
87 90 1
90 86 1
86 96 2
96 91 2
91 92 1
92 17 1
17 117 2
117 42 2
42 92 1
92 67 1
67 117 2
117 92 2
92 77 1
77 97 1
97 22 1
22 122 1
122 47 1
47 97 1
97 72 1
72 122 1
122 97 1
97 82 1
82 92 1
92 87 1
87 97 1
97 92 1
92 93 1
93 88 1
88 89 1
89 90 1
90 88 1
88 98 1
98 93 1
93 91 1
91 94 1
94 19 1
19 119 1
119 44 1
44 94 1
94 69 1
69 119 1
119 94 1
94 79 1
79 99 1
99 24 1
24 124 1
124 49 2
49 99 2
99 74 1
74 124 1
124 99 1
99 84 2
84 94 2
94 89 1
89 99 1
99 94 1
94 92 1
92 95 1
95 20 2
20 120 2
120 45 1
45 95 1
95 70 1
70 120 1
120 95 1
95 80 1
80 100 1
100 25 1
25 125 1
125 50 1
50 100 1
100 75 1
75 125 1
125 100 1
100 85 1
85 95 1
95 90 1
90 100 1
100 95 1
95 91 1
91 116 1
116 101 1
101 121 1
121 106 1
106 116 1
116 111 1
111 121 1
121 116 1
116 117 2
117 102 2
102 122 1
122 107 1
107 117 2
117 112 2
112 122 1
122 117 2
117 118 2
118 119 1
119 104 1
104 124 1
124 109 1
109 119 1
119 114 1
114 124 1
124 119 1
119 116 1
116 120 1
120 105 2
105 125 2
125 110 1
110 120 1
120 115 1
115 125 1
125 120 1
120 117 2
117 119 2
119 120 1
120 118 1
118 123 1
123 121 1
121 122 1
122 123 1
123 124 1
124 121 1
121 125 1
125 122 1
122 124 1
124 125 1
125 123 1
95 93 1
93 94 1
94 95 1
100 96 2
96 97 2
97 98 1
98 96 2
96 99 2
99 97 1
97 100 1
100 98 1
98 99 1
99 100 1

REQUESTS

BLOCKAGES
77 52
54 104
78 79
110 107
89 14
105 102
63 61
116 16
93 94
65 75
116 66
4 14
16 17
62 63
36 86
17 12
22 24
123 113
121 96
13 63
55 105
124 109
111 36
62 72
27 28
83 8
20 16
8 9
43 38
109 106
40 90
66 91
57 58
96 81
50 48
81 6
97 92
117 118
41 46
82 57
123 98
57 59
118 43
83 81
92 17
115 112
11 16
59 54
117 102
89 99
51 26
26 1
29 44
9 59
23 73
114 89
12 7
70 60
70 66
85 60
48 23
76 96
122 123
54 51
82 92
18 8
83 88
58 73
95 93
58 108
69 70
57 32
30 5
22 2
24 21
31 46
106 116
36 31
44 19
110 35
23 18
63 53
59 74
24 74
25 20
35 30
74 49
10 60
51 55
95 20
87 82
23 3
103 53
43 33
15 115
95 91
41 42
50 100
118 123
33 83
101 76
88 86
59 60
80 77
120 45
10 5
18 118
53 51
72 47
85 83
36 41
80 55
117 92
28 33
18 13
94 89
60 55
40 38
9 4
17 7
49 24
39 37
5 3
25 125
61 66
57 107
80 100
22 17
113 38
49 99
34 35
68 63
108 109
98 23
23 24
15 10
60 35
8 108
44 94
4 19
67 68
84 94
100 25
105 80
101 102
106 31
101 121
64 59
32 82
21 25
61 56
38 48
22 122
104 105
29 79
72 122
94 95
111 106
15 13
46 36
101 105
29 26
31 35
5 105
111 86
11 111
119 114
31 6
20 10
103 3
90 100
49 46
47 48
93 68
77 78
91 76
71 46
21 22
7 22
109 104
19 9
16 19
16 21
108 123
124 125
99 100
31 32
119 94
79 54
122 97
92 87
4 104
39 89
47 49
68 69
112 114
7 8
2 102
65 60
59 56
125 100
28 53
107 108
66 69
81 76
3 18
73 123
23 123
37 40
103 108
71 51
11 61
121 116
6 21
12 22
86 61
105 103
73 74
97 22
85 80
107 32
86 81
44 39
104 101
39 49
115 40
114 109
82 77
118 108
10 8
80 90
67 62
115 90
36 11
78 76
11 12
13 3
35 33
84 9
14 9
116 120
76 51
121 125
15 25
59 34
46 21
122 124
124 99
6 56
35 10
28 29
44 42
63 73
78 93
74 124
86 87
64 39
124 121
58 56
31 81
105 115
84 59
66 67
94 92
20 18
1 5
42 45
1 2
108 83
74 69
89 90
75 125
27 29
21 1
42 17
85 10
75 70
119 116
52 62
114 124
12 13
44 34
96 97
43 93
71 61
9 10
48 46
102 77
63 113
117 119
113 88
58 33
75 55
38 36
60 57
22 23
27 37
96 99
14 15
55 30
113 118
91 92
28 26
104 29
89 84
118 116
70 68
81 85
39 14
17 18
21 71
98 78
97 82
11 6
46 96
69 119
8 23
90 88
4 5
79 4
48 98
68 43
106 101
16 6
18 68
55 53
3 28
1 16
52 53
38 39
115 125
39 34
3 1
74 71
111 115
119 44
16 66
116 101
125 50
52 27
33 31
30 80
1 101
19 17
32 47
53 3
47 42
12 15
105 30
121 106
103 104
17 20
27 2
85 82
41 16
88 89
56 60
72 74
116 117
97 72
110 85
125 110
47 97
92 93
80 5
40 15
10 7
100 96
123 124
22 72
19 14
112 122
83 84
74 54
67 57
2 12
30 28
84 81
13 11
5 55
109 34
55 52
13 113
101 111
121 46
103 101
106 107
110 105
34 31
2 3
77 97
85 95
63 38
107 102
3 78
19 20
61 36
41 31
53 78
64 62
93 18
117 112
53 68
33 48
75 72
69 67
56 57
96 91
112 37
9 109
41 44
45 20
12 62
9 24
114 39
122 117
25 5
86 89
98 99
83 98
95 70
35 85
8 13
43 41
6 106
11 14
73 48
15 65
57 72
69 59
112 107
99 84
1 51
71 75
34 9
5 2
72 52
45 40
41 116
79 80
95 90
78 103
75 50
34 49
29 39
72 67
65 115
99 97
46 47
12 112

TERMINALS
3
12
20
31
49
52
65
68
84
96
105
113
117

END
