INSTANCE_NAME cc5-3p.dat
NB_VERTICES 243
NB_ARCS 1215
NB_REQUESTS 0
NB_BLOCKAGES 911
NB_TERMINALS 27

VERTICES
1 0 0
2 0 0
3 0 0
4 0 0
5 0 0
6 0 0
7 0 0
8 0 0
9 0 0
10 0 0
11 0 0
12 0 0
13 0 0
14 0 0
15 0 0
16 0 0
17 0 0
18 0 0
19 0 0
20 0 0
21 0 0
22 0 0
23 0 0
24 0 0
25 0 0
26 0 0
27 0 0
28 0 0
29 0 0
30 0 0
31 0 0
32 0 0
33 0 0
34 0 0
35 0 0
36 0 0
37 0 0
38 0 0
39 0 0
40 0 0
41 0 0
42 0 0
43 0 0
44 0 0
45 0 0
46 0 0
47 0 0
48 0 0
49 0 0
50 0 0
51 0 0
52 0 0
53 0 0
54 0 0
55 0 0
56 0 0
57 0 0
58 0 0
59 0 0
60 0 0
61 0 0
62 0 0
63 0 0
64 0 0
65 0 0
66 0 0
67 0 0
68 0 0
69 0 0
70 0 0
71 0 0
72 0 0
73 0 0
74 0 0
75 0 0
76 0 0
77 0 0
78 0 0
79 0 0
80 0 0
81 0 0
82 0 0
83 0 0
84 0 0
85 0 0
86 0 0
87 0 0
88 0 0
89 0 0
90 0 0
91 0 0
92 0 0
93 0 0
94 0 0
95 0 0
96 0 0
97 0 0
98 0 0
99 0 0
100 0 0
101 0 0
102 0 0
103 0 0
104 0 0
105 0 0
106 0 0
107 0 0
108 0 0
109 0 0
110 0 0
111 0 0
112 0 0
113 0 0
114 0 0
115 0 0
116 0 0
117 0 0
118 0 0
119 0 0
120 0 0
121 0 0
122 0 0
123 0 0
124 0 0
125 0 0
126 0 0
127 0 0
128 0 0
129 0 0
130 0 0
131 0 0
132 0 0
133 0 0
134 0 0
135 0 0
136 0 0
137 0 0
138 0 0
139 0 0
140 0 0
141 0 0
142 0 0
143 0 0
144 0 0
145 0 0
146 0 0
147 0 0
148 0 0
149 0 0
150 0 0
151 0 0
152 0 0
153 0 0
154 0 0
155 0 0
156 0 0
157 0 0
158 0 0
159 0 0
160 0 0
161 0 0
162 0 0
163 0 0
164 0 0
165 0 0
166 0 0
167 0 0
168 0 0
169 0 0
170 0 0
171 0 0
172 0 0
173 0 0
174 0 0
175 0 0
176 0 0
177 0 0
178 0 0
179 0 0
180 0 0
181 0 0
182 0 0
183 0 0
184 0 0
185 0 0
186 0 0
187 0 0
188 0 0
189 0 0
190 0 0
191 0 0
192 0 0
193 0 0
194 0 0
195 0 0
196 0 0
197 0 0
198 0 0
199 0 0
200 0 0
201 0 0
202 0 0
203 0 0
204 0 0
205 0 0
206 0 0
207 0 0
208 0 0
209 0 0
210 0 0
211 0 0
212 0 0
213 0 0
214 0 0
215 0 0
216 0 0
217 0 0
218 0 0
219 0 0
220 0 0
221 0 0
222 0 0
223 0 0
224 0 0
225 0 0
226 0 0
227 0 0
228 0 0
229 0 0
230 0 0
231 0 0
232 0 0
233 0 0
234 0 0
235 0 0
236 0 0
237 0 0
238 0 0
239 0 0
240 0 0
241 0 0
242 0 0
243 0 0

ARCS
1 2 201
2 3 106
3 1 204
1 4 201
4 5 101
5 2 104
2 8 110
8 5 103
5 6 105
6 3 103
3 9 110
9 6 106
6 4 108
4 7 103
7 1 201
1 10 202
10 11 105
11 2 104
2 20 104
20 11 104
11 12 102
12 3 109
3 21 107
21 12 109
12 10 101
10 13 107
13 4 109
4 22 109
22 13 109
13 14 110
14 5 107
5 23 106
23 14 106
14 11 106
11 17 104
17 8 105
8 7 105
7 9 101
9 8 110
8 26 203
26 17 201
17 14 110
14 15 203
15 6 210
6 24 110
24 15 206
15 12 206
12 18 103
18 9 103
9 27 108
27 18 102
18 15 203
15 13 207
13 16 110
16 7 103
7 25 106
25 16 107
16 10 108
10 19 104
19 1 202
1 28 209
28 29 104
29 2 107
2 56 107
56 29 104
29 30 105
30 3 107
3 57 106
57 30 105
30 28 109
28 31 104
31 4 108
4 58 105
58 31 105
31 32 107
32 5 109
5 59 101
59 32 101
32 29 107
29 35 102
35 8 107
8 62 108
62 35 103
35 32 101
32 33 207
33 6 208
6 60 210
60 33 307
33 30 201
30 36 110
36 9 105
9 63 106
63 36 103
36 33 204
33 31 209
31 34 108
34 7 103
7 61 105
61 34 109
34 28 106
28 37 101
37 10 104
10 64 109
64 37 107
37 38 105
38 11 109
11 65 203
65 38 206
38 29 108
29 47 110
47 20 107
20 19 108
19 21 102
21 20 101
20 23 103
23 22 102
22 19 101
19 25 110
25 22 102
22 24 102
24 21 101
21 27 103
27 24 104
24 23 109
23 26 202
26 20 201
20 74 109
74 47 105
47 38 104
38 39 108
39 12 103
12 66 103
66 39 110
39 30 106
30 48 109
48 21 102
21 75 107
75 48 110
48 39 105
39 37 101
37 40 110
40 13 109
13 67 109
67 40 101
40 31 101
31 49 103
49 22 106
22 76 101
76 49 104
49 40 107
40 41 108
41 14 101
14 68 107
68 41 102
41 32 109
32 50 105
50 23 110
23 77 104
77 50 107
50 41 109
41 38 107
38 44 205
44 17 208
17 16 110
16 18 104
18 17 110
17 71 103
71 44 203
44 35 203
35 34 108
34 36 103
36 35 110
35 53 109
53 26 207
26 25 206
25 27 106
27 26 201
26 80 203
80 53 110
53 44 206
44 41 209
41 42 101
42 15 208
15 69 210
69 42 106
42 33 203
33 51 209
51 24 109
24 78 102
78 51 108
51 42 103
42 39 102
39 45 104
45 18 104
18 72 103
72 45 107
45 36 102
36 54 103
54 27 107
27 81 102
81 54 106
54 45 103
45 42 107
42 40 109
40 43 108
43 16 102
16 70 108
70 43 109
43 34 101
34 52 104
52 25 108
25 79 207
79 52 203
52 43 109
43 37 104
37 46 206
46 19 207
19 73 104
73 46 205
46 28 205
28 55 105
55 1 202
1 82 208
82 83 101
83 2 105
2 164 104
164 83 109
83 84 101
84 3 105
3 165 106
165 84 101
84 82 105
82 85 101
85 4 101
4 166 105
166 85 110
85 86 106
86 5 102
5 167 208
167 86 206
86 83 104
83 89 102
89 8 102
8 170 106
170 89 104
89 86 108
86 87 105
87 6 101
6 168 103
168 87 110
87 84 101
84 90 208
90 9 206
9 171 105
171 90 208
90 87 202
87 85 105
85 88 101
88 7 101
7 169 102
169 88 110
88 82 102
82 91 105
91 10 108
10 172 104
172 91 102
91 92 210
92 11 203
11 173 102
173 92 204
92 83 205
83 101 102
101 20 105
20 182 105
182 101 109
101 92 204
92 93 208
93 12 109
12 174 103
174 93 106
93 84 105
84 102 110
102 21 101
21 183 205
183 102 209
102 93 110
93 91 104
91 94 102
94 13 106
13 175 109
175 94 109
94 85 103
85 103 204
103 22 206
22 184 102
184 103 205
103 94 205
94 95 110
95 14 103
14 176 108
176 95 105
95 86 109
86 104 110
104 23 110
23 185 101
185 104 108
104 95 108
95 92 206
92 98 201
98 17 107
17 179 106
179 98 101
98 89 108
89 88 105
88 90 202
90 89 207
89 107 108
107 26 206
26 188 207
188 107 108
107 98 110
98 95 107
95 96 101
96 15 205
15 177 203
177 96 109
96 87 106
87 105 107
105 24 109
24 186 109
186 105 109
105 96 108
96 93 109
93 99 104
99 18 108
18 180 110
180 99 107
99 90 205
90 108 210
108 27 108
27 189 105
189 108 107
108 99 102
99 96 105
96 94 107
94 97 106
97 16 105
16 178 203
178 97 209
97 88 105
88 106 109
106 25 110
25 187 102
187 106 105
106 97 108
97 91 108
91 100 109
100 19 108
19 181 109
181 100 102
100 82 107
82 109 108
109 28 108
28 190 107
190 109 104
109 110 205
110 29 202
29 191 107
191 110 208
110 83 207
83 137 107
137 56 101
56 55 102
55 57 108
57 56 104
56 59 105
59 58 104
58 55 104
55 61 110
61 58 108
58 60 208
60 57 210
57 63 106
63 60 204
60 59 203
59 62 105
62 56 103
56 65 203
65 64 203
64 55 104
55 73 101
73 64 107
64 66 107
66 57 104
57 75 104
75 66 102
66 65 207
65 68 202
68 59 101
59 77 101
77 68 108
68 67 102
67 58 109
58 76 102
76 67 107
67 64 103
64 70 109
70 61 101
61 62 108
62 63 103
63 61 109
61 79 205
79 70 207
70 67 103
67 69 101
69 60 202
60 78 207
78 69 105
69 66 108
66 72 101
72 63 109
63 81 107
81 72 106
72 69 105
69 68 110
68 71 106
71 62 109
62 80 108
80 71 109
71 65 208
65 74 201
74 56 109
56 218 101
218 137 104
137 110 207
110 111 204
111 30 108
30 192 105
192 111 105
111 84 103
84 138 108
138 57 107
57 219 108
219 138 109
138 111 107
111 109 107
109 112 107
112 31 104
31 193 108
193 112 102
112 85 107
85 139 105
139 58 105
58 220 109
220 139 110
139 112 105
112 113 110
113 32 106
32 194 109
194 113 104
113 86 104
86 140 101
140 59 105
59 221 103
221 140 101
140 113 109
113 110 203
110 116 209
116 35 102
35 197 107
197 116 106
116 89 102
89 143 108
143 62 106
62 224 209
224 143 202
143 116 104
116 113 101
113 114 104
114 33 208
33 195 208
195 114 101
114 87 103
87 141 108
141 60 202
60 222 205
222 141 105
141 114 105
114 111 103
111 117 109
117 36 109
36 198 104
198 117 110
117 90 207
90 144 206
144 63 104
63 225 110
225 144 110
144 117 110
117 114 107
114 112 109
112 115 102
115 34 103
34 196 201
196 115 206
115 88 107
88 142 105
142 61 105
61 223 110
223 142 106
142 115 108
115 109 108
109 118 110
118 37 109
37 199 101
199 118 101
118 91 104
91 145 107
145 64 109
64 226 102
226 145 104
145 118 109
118 119 103
119 38 110
38 200 106
200 119 101
119 92 201
92 146 205
146 65 209
65 227 201
227 146 102
146 119 101
119 110 205
110 128 207
128 47 102
47 46 202
46 48 204
48 47 102
47 50 106
50 49 110
49 46 203
46 52 204
52 49 105
49 51 109
51 48 105
48 54 107
54 51 110
51 50 104
50 53 108
53 47 110
47 209 108
209 128 106
128 101 108
101 100 101
100 102 107
102 101 101
101 104 101
104 103 202
103 100 202
100 106 108
106 103 209
103 105 202
105 102 110
102 108 105
108 105 105
105 104 106
104 107 110
107 101 106
101 155 107
155 74 102
74 73 104
73 75 101
75 74 108
74 77 107
77 76 110
76 73 101
73 79 208
79 76 203
76 78 105
78 75 105
75 81 103
81 78 101
78 77 109
77 80 103
80 74 106
74 236 104
236 155 103
155 128 107
128 119 102
119 120 101
120 39 102
39 201 210
201 120 205
120 93 103
93 147 102
147 66 106
66 228 109
228 147 109
147 120 108
120 111 101
111 129 105
129 48 105
48 210 103
210 129 110
129 102 107
102 156 103
156 75 106
75 237 209
237 156 209
156 129 102
129 120 105
120 118 109
118 121 205
121 40 204
40 202 101
202 121 201
121 94 203
94 148 108
148 67 101
67 229 201
229 148 202
148 121 205
121 112 205
112 130 103
130 49 104
49 211 109
211 130 102
130 103 209
103 157 210
157 76 102
76 238 103
238 157 108
157 130 107
130 121 208
121 122 209
122 41 105
41 203 103
203 122 103
122 95 102
95 149 101
149 68 104
68 230 106
230 149 102
149 122 101
122 113 109
113 131 109
131 50 106
50 212 208
212 131 206
131 104 105
104 158 207
158 77 201
77 239 104
239 158 208
158 131 202
131 122 105
122 119 107
119 125 103
125 44 210
44 43 203
43 45 101
45 44 206
44 206 202
206 125 105
125 98 108
98 97 102
97 99 110
99 98 104
98 152 103
152 71 110
71 70 107
70 72 102
72 71 104
71 233 105
233 152 103
152 125 101
125 116 108
116 115 105
115 117 109
117 116 110
116 134 102
134 53 102
53 52 101
52 54 106
54 53 104
53 215 102
215 134 109
134 107 101
107 106 101
106 108 103
108 107 107
107 161 109
161 80 101
80 79 209
79 81 204
81 80 105
80 242 104
242 161 110
161 134 103
134 125 106
125 122 110
122 123 102
123 42 107
42 204 102
204 123 106
123 96 101
96 150 109
150 69 105
69 231 106
231 150 109
150 123 110
123 114 103
114 132 104
132 51 103
51 213 101
213 132 107
132 105 104
105 159 102
159 78 104
78 240 106
240 159 103
159 132 107
132 123 103
123 120 102
120 126 108
126 45 109
45 207 104
207 126 104
126 99 104
99 153 206
153 72 208
72 234 110
234 153 202
153 126 210
126 117 107
117 135 209
135 54 208
54 216 110
216 135 208
135 108 209
108 162 102
162 81 110
81 243 107
243 162 102
162 135 210
135 126 203
126 123 109
123 121 205
121 124 201
124 43 110
43 205 109
205 124 103
124 97 101
97 151 104
151 70 104
70 232 109
232 151 104
151 124 101
124 115 103
115 133 109
133 52 102
52 214 110
214 133 104
133 106 108
106 160 104
160 79 208
79 241 207
241 160 101
160 133 110
133 124 106
124 118 104
118 127 106
127 46 203
46 208 206
208 127 109
127 100 105
100 154 108
154 73 101
73 235 106
235 154 101
154 127 109
127 109 103
109 136 204
136 55 206
55 217 105
217 136 202
136 82 203
82 163 109
163 1 201
163 164 108
164 165 102
165 163 103
163 166 105
166 167 203
167 164 205
164 170 105
170 167 204
167 168 205
168 165 108
165 171 104
171 168 110
168 166 101
166 169 106
169 163 101
163 172 101
172 173 102
173 164 110
164 182 102
182 173 110
173 174 104
174 165 101
165 183 204
183 174 206
174 172 101
172 175 110
175 166 103
166 184 102
184 175 104
175 176 106
176 167 202
167 185 206
185 176 108
176 173 106
173 179 106
179 170 105
170 169 102
169 171 102
171 170 106
170 188 104
188 179 108
179 176 101
176 177 101
177 168 102
168 186 104
186 177 101
177 174 103
174 180 103
180 171 108
171 189 109
189 180 109
180 177 109
177 175 103
175 178 201
178 169 202
169 187 110
187 178 201
178 172 202
172 181 103
181 163 107
163 190 106
190 191 110
191 164 110
164 218 103
218 191 106
191 192 105
192 165 103
165 219 105
219 192 107
192 190 101
190 193 106
193 166 110
166 220 108
220 193 103
193 194 104
194 167 205
167 221 205
221 194 105
194 191 108
191 197 104
197 170 107
170 224 207
224 197 209
197 194 108
194 195 108
195 168 110
168 222 107
222 195 105
195 192 105
192 198 102
198 171 105
171 225 108
225 198 103
198 195 110
195 193 106
193 196 205
196 169 205
169 223 104
223 196 203
196 190 201
190 199 103
199 172 101
172 226 107
226 199 106
199 200 103
200 173 107
173 227 110
227 200 108
200 191 101
191 209 101
209 182 102
182 181 108
181 183 201
183 182 209
182 185 109
185 184 104
184 181 104
181 187 104
187 184 105
184 186 110
186 183 202
183 189 202
189 186 101
186 185 105
185 188 104
188 182 104
182 236 101
236 209 104
209 200 105
200 201 204
201 174 204
174 228 110
228 201 201
201 192 203
192 210 106
210 183 208
183 237 308
237 210 205
210 201 208
201 199 204
199 202 102
202 175 101
175 229 204
229 202 208
202 193 108
193 211 106
211 184 106
184 238 106
238 211 105
211 202 104
202 203 106
203 176 101
176 230 109
230 203 101
203 194 109
194 212 209
212 185 205
185 239 109
239 212 203
212 203 210
203 200 109
200 206 104
206 179 110
179 178 208
178 180 209
180 179 103
179 233 102
233 206 101
206 197 101
197 196 205
196 198 206
198 197 110
197 215 108
215 188 109
188 187 110
187 189 107
189 188 110
188 242 108
242 215 102
215 206 101
206 203 102
203 204 102
204 177 106
177 231 110
231 204 107
204 195 109
195 213 107
213 186 107
186 240 101
240 213 109
213 204 104
204 201 202
201 207 201
207 180 104
180 234 101
234 207 103
207 198 101
198 216 104
216 189 107
189 243 103
243 216 109
216 207 104
207 204 105
204 202 108
202 205 105
205 178 203
178 232 203
232 205 101
205 196 207
196 214 206
214 187 101
187 241 110
241 214 102
214 205 110
205 199 109
199 208 104
208 181 104
181 235 109
235 208 105
208 190 110
190 217 104
217 163 104
217 218 105
218 219 101
219 217 109
217 220 108
220 221 103
221 218 102
218 224 207
224 221 210
221 222 110
222 219 110
219 225 105
225 222 108
222 220 101
220 223 109
223 217 102
217 226 108
226 227 109
227 218 109
218 236 104
236 227 106
227 228 110
228 219 109
219 237 205
237 228 210
228 226 108
226 229 210
229 220 206
220 238 105
238 229 206
229 230 209
230 221 109
221 239 109
239 230 105
230 227 101
227 233 102
233 224 202
224 223 207
223 225 106
225 224 206
224 242 205
242 233 105
233 230 105
230 231 104
231 222 103
222 240 110
240 231 104
231 228 110
228 234 109
234 225 101
225 243 109
243 234 106
234 231 105
231 229 202
229 232 202
232 223 108
223 241 105
241 232 106
232 226 110
226 235 102
235 217 101
235 236 102
236 237 207
237 235 206
235 238 105
238 239 110
239 236 108
236 242 109
242 239 102
239 240 103
240 237 209
237 243 209
243 240 103
240 238 108
238 241 108
241 235 102
241 242 105
242 243 107
243 241 101
232 233 107
233 234 106
234 232 108
208 209 107
209 210 103
210 208 102
208 211 101
211 212 205
212 209 203
209 215 102
215 212 205
212 213 207
213 210 102
210 216 101
216 213 101
213 211 109
211 214 103
214 208 105
214 215 107
215 216 102
216 214 106
205 206 104
206 207 109
207 205 110
136 137 207
137 138 109
138 136 202
136 139 203
139 140 105
140 137 104
137 143 105
143 140 107
140 141 107
141 138 106
138 144 107
144 141 105
141 139 106
139 142 107
142 136 204
136 145 209
145 146 105
146 137 101
137 155 105
155 146 106
146 147 105
147 138 101
138 156 107
156 147 101
147 145 104
145 148 102
148 139 102
139 157 105
157 148 106
148 149 103
149 140 108
140 158 208
158 149 205
149 146 105
146 152 110
152 143 107
143 142 106
142 144 106
144 143 105
143 161 105
161 152 101
152 149 106
149 150 108
150 141 110
141 159 101
159 150 106
150 147 101
147 153 208
153 144 210
144 162 102
162 153 207
153 150 210
150 148 103
148 151 105
151 142 106
142 160 103
160 151 106
151 145 105
145 154 103
154 136 202
154 155 104
155 156 103
156 154 103
154 157 102
157 158 208
158 155 208
155 161 102
161 158 202
158 159 208
159 156 106
156 162 106
162 159 110
159 157 108
157 160 109
160 154 102
160 161 102
161 162 102
162 160 107
151 152 102
152 153 210
153 151 205
127 128 108
128 129 103
129 127 104
127 130 105
130 131 108
131 128 103
128 134 104
134 131 107
131 132 101
132 129 105
129 135 202
135 132 202
132 130 104
130 133 103
133 127 102
133 134 110
134 135 206
135 133 210
124 125 108
125 126 108
126 124 104

REQUESTS

BLOCKAGES
192 165
7 1
179 98
100 19
213 211
56 59
183 237
134 135
187 189
65 227
171 170
166 169
63 225
54 45
185 239
135 108
100 106
176 230
204 201
110 116
154 127
90 89
219 192
89 107
164 83
132 105
182 236
208 209
217 220
208 211
196 115
25 27
115 117
220 221
56 29
234 207
217 136
35 8
162 153
111 117
222 219
205 206
57 30
205 199
47 38
69 231
51 24
221 194
33 51
115 88
126 117
238 239
47 209
237 228
161 158
76 67
220 193
97 88
35 197
168 186
145 64
84 138
72 63
3 1
209 210
53 47
200 201
210 216
91 100
172 175
114 111
131 128
193 166
140 59
63 60
210 183
159 157
159 156
158 77
201 199
224 197
213 186
202 121
116 115
122 119
77 68
111 109
192 198
20 11
207 205
15 69
69 66
137 56
158 155
72 71
31 49
188 187
57 56
25 22
208 190
54 27
137 155
166 220
159 150
199 202
157 130
123 121
30 36
69 68
124 43
41 14
51 50
19 21
185 104
233 224
63 81
50 41
142 144
203 200
162 160
233 206
82 85
134 107
189 188
194 212
101 155
97 99
232 233
152 143
216 207
114 112
127 130
236 155
161 162
52 54
94 95
59 32
152 153
2 8
176 173
222 195
18 72
97 16
193 211
110 128
115 133
235 217
167 164
66 39
88 106
62 224
77 76
235 154
197 194
175 94
186 105
233 230
232 151
233 152
13 14
115 34
84 82
65 68
232 205
117 135
199 208
108 99
11 65
209 200
226 199
152 149
101 20
153 150
84 3
161 152
113 114
136 145
71 233
124 115
64 66
95 149
223 142
157 148
1 4
134 53
177 175
148 139
32 33
206 203
206 125
215 206
20 182
122 41
171 189
235 208
85 103
65 74
71 65
87 84
3 9
20 74
243 240
71 44
33 6
17 71
142 160
143 142
140 137
63 36
86 140
173 174
225 198
173 179
94 13
163 166
227 218
139 58
237 235
126 45
122 123
26 25
231 228
160 151
133 134
185 188
11 2
49 51
124 97
211 202
224 223
138 144
132 123
205 178
130 133
74 236
59 221
79 241
57 219
160 133
60 59
1 82
181 183
196 169
157 160
215 212
85 88
208 127
56 55
191 164
72 234
226 229
229 148
165 163
119 110
243 216
198 195
242 233
156 154
73 64
158 149
229 230
82 109
145 148
227 233
236 209
81 243
64 55
79 52
21 12
2 56
210 208
45 44
114 132
146 137
111 84
221 218
106 160
27 189
15 6
170 224
26 188
135 126
107 106
211 212
154 157
29 191
8 62
28 190
99 90
158 131
216 189
184 181
239 158
19 73
80 71
136 139
31 193
186 185
33 30
14 176
196 190
212 185
109 28
7 9
44 206
76 73
54 53
31 4
230 231
179 178
11 12
27 18
76 238
198 171
112 85
155 146
202 203
119 38
157 158
45 207
230 203
104 103
70 43
91 94
177 174
178 180
10 13
12 66
13 4
191 192
207 204
142 115
129 48
215 216
166 85
219 138
83 84
206 179
5 167
128 119
46 28
119 92
11 173
45 36
124 125
46 52
198 216
8 7
60 33
117 90
90 9
28 31
176 167
223 225
73 46
182 101
75 81
38 200
234 231
184 175
183 182
120 111
145 118
207 180
27 24
215 134
199 118
28 37
29 47
113 86
118 121
162 159
149 146
47 50
107 101
134 131
86 83
44 41
111 30
53 26
213 132
195 168
178 169
194 195
154 73
98 89
165 219
90 87
117 116
128 134
53 52
144 141
144 143
41 38
66 228
78 240
243 162
75 66
67 64
195 193
96 150
177 168
145 154
200 206
54 51
119 120
150 148
187 241
4 22
137 143
182 181
48 21
231 229
106 97
130 131
46 48
146 147
34 196
202 193
241 242
58 55
214 187
93 91
221 140
219 225
145 146
83 137
37 199
228 147
122 95
55 217
14 11
148 149
225 222
172 173
116 89
41 42
14 5
121 94
38 29
62 56
22 76
74 47
51 48
16 10
141 138
14 15
112 113
67 58
106 103
210 129
170 169
184 103
19 25
156 75
189 180
179 170
169 88
95 96
214 208
190 191
165 84
230 227
48 54
130 49
108 107
48 47
67 229
78 51
82 163
239 212
214 205
114 87
229 202
221 222
180 179
187 184
45 18
150 123
180 177
153 126
199 172
193 194
36 54
58 31
55 57
10 64
94 97
56 218
42 204
5 23
151 124
227 228
89 143
65 38
87 141
92 146
159 78
98 95
59 58
191 209
188 107
114 33
160 154
27 81
136 82
162 135
104 107
24 23
234 153
88 82
99 96
64 226
174 172
182 185
55 61
113 32
163 164
181 235
190 217
82 91
31 34
225 243
118 119
224 242
21 20
22 19
218 191
41 203
98 152
171 225
16 7
150 69
79 81
17 179
131 122
68 59
1 28
181 163
237 243
62 63
47 20
242 215
144 117
152 71
192 210
180 234
161 134
175 229
48 210
77 239
39 30
211 130
34 52
98 97
107 26
23 77
124 118
169 187
105 159
8 170
192 111
59 62
72 69
186 177
231 222
175 176
197 215
137 110
131 104
73 79
41 32
80 53
99 153
50 49
101 100
102 101
40 13
220 139
160 79
62 80
50 23
95 14
217 226
93 84
116 35
2 20
43 45
109 118
91 92
173 227
30 48
238 241
33 31
66 72
109 112
183 189
188 182
39 37
36 198
75 237
38 39
116 113
44 35
89 88
243 234
85 4
112 31
181 187
166 167
236 227
182 173
225 224
121 124
19 181
69 42
178 172
204 123
14 68
61 223
78 69
52 43
217 218
231 204
215 188
86 104
212 209
93 12
98 17
141 114
91 145
85 139
122 113
240 237
78 77
6 60
52 25
185 176
219 237
9 171
222 141
12 10
87 105
20 23
172 181
103 100
220 223
108 27
30 28
34 28
33 195
177 96
183 174
180 171
133 124
173 164
185 184
238 157
207 198
96 15
155 156
209 128
38 44
43 205
23 26
153 144
174 93
239 230
110 111
53 44
200 191
43 37
15 13
120 93
175 178
237 210
223 241
121 122
240 231
16 70
18 180
174 228
163 172
80 74
75 74
240 238
228 219
204 202
151 142
102 156
110 29
39 201
126 99
127 109
4 5
88 7
10 11
60 78
85 86
108 105
141 60
34 7
36 9
234 232
24 21
222 220
133 127
201 207
2 164
49 40
30 192
96 94
189 108
183 102
169 171
106 25
155 74
117 36
168 222
15 177
125 122
169 163
204 195
4 7
212 203
144 162
44 17
9 8
153 151
109 110
42 39
66 65
211 184
25 16
92 98
176 177
218 137
86 5
213 204
26 80
97 91
167 86
147 145
104 23
70 232
57 63
55 73
150 147
7 61
187 178
37 46
218 224
4 166
138 57
112 130
228 226
70 67
68 67
81 78
175 166
132 130
105 96
154 136
35 34
16 178
113 110
146 65
86 87
127 100
135 54
12 3
1 10
241 232
10 172
74 77
76 78
50 53
162 81
121 40
100 102
99 98
105 104
22 184
214 215
76 49
232 226
105 24
79 70
60 57
167 221
152 125
68 230
242 239
49 22
203 194
143 62
32 5
128 129
135 133
126 123
34 36
46 19
120 118
61 62
226 227
101 104
151 70
123 42
1 2
202 205
165 183
198 197
143 116
12 174
142 136
149 150
184 238
132 51
240 159
138 156
27 26
239 240
72 45
119 125
216 213
123 120
24 15
188 242
142 61
136 55
49 46
93 99
139 112
194 113
149 68
121 112
235 236
168 87
155 161
26 17
242 243
8 5
24 186
216 135
40 43
92 83
61 79
143 161
226 235
92 11
238 229
192 190
12 18
23 22
17 8
103 94
132 129
52 214
201 120
96 87
168 165
131 50
32 29
214 133
64 70
156 147
217 163
195 114
194 191
101 92
25 79
6 24
170 167
203 176
212 131
149 140
71 70
3 21
37 10
156 129
13 67
73 75
138 136
235 238
120 126
92 93
190 109
241 214
80 242
5 6
102 21
159 132
58 60
6 3
141 139
81 72
171 90
61 58
83 89
63 61
125 126
43 16
106 108
129 127
19 1
140 141
139 140
22 13
37 40
83 2
161 80

TERMINALS
1
15
26
33
44
46
60
65
79
90
92
103
110
121
135
136
153
158
167
178
183
196
201
212
224
229
237

END
