INSTANCE_NAME cc9-2p.dat
NB_VERTICES 512
NB_ARCS 2304
NB_REQUESTS 0
NB_BLOCKAGES 1728
NB_TERMINALS 64

VERTICES
1 0 0
2 0 0
3 0 0
4 0 0
5 0 0
6 0 0
7 0 0
8 0 0
9 0 0
10 0 0
11 0 0
12 0 0
13 0 0
14 0 0
15 0 0
16 0 0
17 0 0
18 0 0
19 0 0
20 0 0
21 0 0
22 0 0
23 0 0
24 0 0
25 0 0
26 0 0
27 0 0
28 0 0
29 0 0
30 0 0
31 0 0
32 0 0
33 0 0
34 0 0
35 0 0
36 0 0
37 0 0
38 0 0
39 0 0
40 0 0
41 0 0
42 0 0
43 0 0
44 0 0
45 0 0
46 0 0
47 0 0
48 0 0
49 0 0
50 0 0
51 0 0
52 0 0
53 0 0
54 0 0
55 0 0
56 0 0
57 0 0
58 0 0
59 0 0
60 0 0
61 0 0
62 0 0
63 0 0
64 0 0
65 0 0
66 0 0
67 0 0
68 0 0
69 0 0
70 0 0
71 0 0
72 0 0
73 0 0
74 0 0
75 0 0
76 0 0
77 0 0
78 0 0
79 0 0
80 0 0
81 0 0
82 0 0
83 0 0
84 0 0
85 0 0
86 0 0
87 0 0
88 0 0
89 0 0
90 0 0
91 0 0
92 0 0
93 0 0
94 0 0
95 0 0
96 0 0
97 0 0
98 0 0
99 0 0
100 0 0
101 0 0
102 0 0
103 0 0
104 0 0
105 0 0
106 0 0
107 0 0
108 0 0
109 0 0
110 0 0
111 0 0
112 0 0
113 0 0
114 0 0
115 0 0
116 0 0
117 0 0
118 0 0
119 0 0
120 0 0
121 0 0
122 0 0
123 0 0
124 0 0
125 0 0
126 0 0
127 0 0
128 0 0
129 0 0
130 0 0
131 0 0
132 0 0
133 0 0
134 0 0
135 0 0
136 0 0
137 0 0
138 0 0
139 0 0
140 0 0
141 0 0
142 0 0
143 0 0
144 0 0
145 0 0
146 0 0
147 0 0
148 0 0
149 0 0
150 0 0
151 0 0
152 0 0
153 0 0
154 0 0
155 0 0
156 0 0
157 0 0
158 0 0
159 0 0
160 0 0
161 0 0
162 0 0
163 0 0
164 0 0
165 0 0
166 0 0
167 0 0
168 0 0
169 0 0
170 0 0
171 0 0
172 0 0
173 0 0
174 0 0
175 0 0
176 0 0
177 0 0
178 0 0
179 0 0
180 0 0
181 0 0
182 0 0
183 0 0
184 0 0
185 0 0
186 0 0
187 0 0
188 0 0
189 0 0
190 0 0
191 0 0
192 0 0
193 0 0
194 0 0
195 0 0
196 0 0
197 0 0
198 0 0
199 0 0
200 0 0
201 0 0
202 0 0
203 0 0
204 0 0
205 0 0
206 0 0
207 0 0
208 0 0
209 0 0
210 0 0
211 0 0
212 0 0
213 0 0
214 0 0
215 0 0
216 0 0
217 0 0
218 0 0
219 0 0
220 0 0
221 0 0
222 0 0
223 0 0
224 0 0
225 0 0
226 0 0
227 0 0
228 0 0
229 0 0
230 0 0
231 0 0
232 0 0
233 0 0
234 0 0
235 0 0
236 0 0
237 0 0
238 0 0
239 0 0
240 0 0
241 0 0
242 0 0
243 0 0
244 0 0
245 0 0
246 0 0
247 0 0
248 0 0
249 0 0
250 0 0
251 0 0
252 0 0
253 0 0
254 0 0
255 0 0
256 0 0
257 0 0
258 0 0
259 0 0
260 0 0
261 0 0
262 0 0
263 0 0
264 0 0
265 0 0
266 0 0
267 0 0
268 0 0
269 0 0
270 0 0
271 0 0
272 0 0
273 0 0
274 0 0
275 0 0
276 0 0
277 0 0
278 0 0
279 0 0
280 0 0
281 0 0
282 0 0
283 0 0
284 0 0
285 0 0
286 0 0
287 0 0
288 0 0
289 0 0
290 0 0
291 0 0
292 0 0
293 0 0
294 0 0
295 0 0
296 0 0
297 0 0
298 0 0
299 0 0
300 0 0
301 0 0
302 0 0
303 0 0
304 0 0
305 0 0
306 0 0
307 0 0
308 0 0
309 0 0
310 0 0
311 0 0
312 0 0
313 0 0
314 0 0
315 0 0
316 0 0
317 0 0
318 0 0
319 0 0
320 0 0
321 0 0
322 0 0
323 0 0
324 0 0
325 0 0
326 0 0
327 0 0
328 0 0
329 0 0
330 0 0
331 0 0
332 0 0
333 0 0
334 0 0
335 0 0
336 0 0
337 0 0
338 0 0
339 0 0
340 0 0
341 0 0
342 0 0
343 0 0
344 0 0
345 0 0
346 0 0
347 0 0
348 0 0
349 0 0
350 0 0
351 0 0
352 0 0
353 0 0
354 0 0
355 0 0
356 0 0
357 0 0
358 0 0
359 0 0
360 0 0
361 0 0
362 0 0
363 0 0
364 0 0
365 0 0
366 0 0
367 0 0
368 0 0
369 0 0
370 0 0
371 0 0
372 0 0
373 0 0
374 0 0
375 0 0
376 0 0
377 0 0
378 0 0
379 0 0
380 0 0
381 0 0
382 0 0
383 0 0
384 0 0
385 0 0
386 0 0
387 0 0
388 0 0
389 0 0
390 0 0
391 0 0
392 0 0
393 0 0
394 0 0
395 0 0
396 0 0
397 0 0
398 0 0
399 0 0
400 0 0
401 0 0
402 0 0
403 0 0
404 0 0
405 0 0
406 0 0
407 0 0
408 0 0
409 0 0
410 0 0
411 0 0
412 0 0
413 0 0
414 0 0
415 0 0
416 0 0
417 0 0
418 0 0
419 0 0
420 0 0
421 0 0
422 0 0
423 0 0
424 0 0
425 0 0
426 0 0
427 0 0
428 0 0
429 0 0
430 0 0
431 0 0
432 0 0
433 0 0
434 0 0
435 0 0
436 0 0
437 0 0
438 0 0
439 0 0
440 0 0
441 0 0
442 0 0
443 0 0
444 0 0
445 0 0
446 0 0
447 0 0
448 0 0
449 0 0
450 0 0
451 0 0
452 0 0
453 0 0
454 0 0
455 0 0
456 0 0
457 0 0
458 0 0
459 0 0
460 0 0
461 0 0
462 0 0
463 0 0
464 0 0
465 0 0
466 0 0
467 0 0
468 0 0
469 0 0
470 0 0
471 0 0
472 0 0
473 0 0
474 0 0
475 0 0
476 0 0
477 0 0
478 0 0
479 0 0
480 0 0
481 0 0
482 0 0
483 0 0
484 0 0
485 0 0
486 0 0
487 0 0
488 0 0
489 0 0
490 0 0
491 0 0
492 0 0
493 0 0
494 0 0
495 0 0
496 0 0
497 0 0
498 0 0
499 0 0
500 0 0
501 0 0
502 0 0
503 0 0
504 0 0
505 0 0
506 0 0
507 0 0
508 0 0
509 0 0
510 0 0
511 0 0
512 0 0

ARCS
12 4 209
4 2 110
2 1 101
1 3 109
3 4 102
4 8 106
8 6 105
6 2 105
2 10 110
10 9 105
9 1 110
1 5 102
5 6 109
6 14 108
14 10 104
10 12 206
12 11 207
11 3 106
3 7 103
7 5 107
5 13 110
13 9 110
9 11 101
11 15 201
15 7 205
7 8 110
8 16 107
16 12 207
12 28 208
28 20 107
20 4 103
4 36 101
36 34 101
34 2 106
2 18 202
18 17 203
17 1 104
1 33 107
33 34 109
34 38 109
38 6 107
6 22 203
22 18 309
18 20 201
20 19 110
19 3 104
3 35 110
35 33 105
33 37 110
37 5 110
5 21 104
21 17 106
17 19 104
19 23 110
23 7 109
7 39 106
39 35 107
35 36 108
36 40 108
40 8 102
8 24 106
24 20 102
20 52 103
52 36 106
36 44 103
44 12 206
12 76 201
76 68 101
68 4 105
4 132 108
132 130 105
130 2 106
2 66 110
66 65 210
65 1 205
1 129 102
129 130 110
130 134 110
134 6 104
6 70 104
70 66 103
66 68 110
68 67 106
67 3 103
3 131 207
131 129 210
129 133 106
133 5 102
5 69 105
69 65 206
65 67 203
67 71 101
71 7 109
7 135 108
135 131 206
131 132 210
132 136 108
136 8 106
8 72 203
72 68 209
68 84 110
84 20 109
20 148 101
148 132 108
132 140 102
140 12 204
12 268 202
268 260 104
260 4 102
260 258 101
258 2 110
258 257 101
257 1 104
257 259 101
259 3 110
259 260 108
260 264 106
264 8 105
264 262 102
262 6 102
262 258 103
258 266 110
266 10 107
10 26 101
26 18 207
18 50 302
50 34 210
34 42 102
42 10 104
10 74 110
74 66 102
66 82 103
82 18 205
18 146 203
146 130 107
130 138 101
138 10 108
138 137 107
137 9 105
9 25 109
25 17 101
17 49 102
49 33 104
33 41 206
41 9 206
9 73 107
73 65 202
65 81 207
81 17 108
17 145 104
145 129 104
129 137 106
137 139 101
139 11 102
11 27 103
27 19 106
19 51 106
51 35 110
35 43 102
43 11 102
11 75 102
75 67 104
67 83 101
83 19 110
19 147 110
147 131 209
131 139 205
139 140 106
140 138 107
138 142 209
142 14 204
14 13 105
13 15 201
15 16 207
16 14 105
14 30 108
30 22 202
22 21 206
21 23 106
23 24 104
24 22 210
22 54 210
54 38 102
38 37 108
37 39 106
39 40 101
40 38 102
38 46 107
46 14 106
14 78 107
78 70 108
70 69 104
69 71 106
71 72 209
72 70 205
70 86 101
86 22 205
22 150 210
150 134 104
134 133 110
133 135 107
135 136 102
136 134 108
134 142 201
142 141 202
141 13 103
13 29 107
29 21 108
21 53 107
53 37 103
37 45 104
45 13 103
13 77 110
77 69 106
69 85 103
85 21 110
21 149 103
149 133 109
133 141 108
141 137 105
137 153 202
153 25 208
25 26 108
26 28 107
28 27 102
27 25 109
25 29 104
29 30 104
30 26 105
26 58 102
58 42 109
42 41 207
41 43 207
43 44 104
44 42 101
42 46 105
46 45 109
45 41 204
41 57 205
57 25 101
25 89 108
89 73 102
73 74 109
74 76 105
76 75 107
75 73 106
73 77 104
77 78 106
78 74 105
74 90 109
90 26 107
26 154 102
154 138 104
138 170 106
170 42 110
42 106 103
106 74 103
74 202 203
202 138 210
138 394 110
394 266 101
266 265 210
265 9 204
265 257 209
257 261 204
261 5 202
261 262 204
262 270 102
270 14 105
270 266 103
266 268 110
268 267 108
267 11 101
267 259 106
259 263 110
263 7 108
263 261 204
261 269 210
269 13 105
269 265 208
265 267 207
267 271 106
271 15 210
15 31 202
31 23 105
23 55 203
55 39 206
39 47 108
47 15 206
15 79 208
79 71 106
71 87 101
87 23 110
23 151 207
151 135 207
135 143 109
143 15 204
143 139 102
139 155 108
155 27 107
27 31 105
31 29 103
29 61 103
61 45 110
45 47 109
47 43 105
43 59 101
59 27 103
27 91 207
91 75 207
75 79 110
79 77 110
77 93 205
93 29 202
29 157 102
157 141 103
141 143 106
143 144 103
144 16 105
16 32 102
32 24 109
24 56 108
56 40 106
40 48 201
48 16 203
16 80 107
80 72 208
72 88 206
88 24 102
24 152 103
152 136 101
136 144 105
144 140 102
140 156 101
156 28 103
28 32 103
32 30 109
30 62 103
62 46 103
46 48 207
48 44 207
44 60 107
60 28 108
28 92 110
92 76 109
76 80 108
80 78 103
78 94 107
94 30 110
30 158 103
158 142 206
142 144 201
144 160 108
160 32 108
32 31 102
31 63 103
63 47 110
47 48 208
48 64 202
64 32 107
32 96 103
96 80 107
80 79 103
79 95 106
95 31 104
31 159 110
159 143 106
143 175 103
175 47 106
47 111 110
111 79 109
79 207 102
207 143 102
143 399 106
399 271 105
271 263 104
263 264 107
264 272 105
272 16 101
272 268 103
268 284 107
284 28 107
284 276 102
276 20 103
276 260 108
260 292 107
292 36 104
36 100 109
100 68 103
68 196 110
196 132 105
132 164 201
164 36 201
164 162 209
162 34 110
34 98 108
98 66 106
66 194 108
194 130 103
130 162 110
162 161 101
161 33 105
33 97 107
97 65 206
65 193 201
193 129 107
129 161 102
161 163 104
163 35 108
35 99 204
99 67 209
67 195 104
195 131 204
131 163 207
163 164 208
164 168 201
168 40 102
40 104 101
104 72 203
72 200 201
200 136 104
136 168 103
168 166 101
166 38 104
38 102 205
102 70 207
70 198 106
198 134 110
134 166 107
166 162 110
162 170 103
170 169 109
169 41 202
41 105 204
105 73 104
73 201 103
201 137 103
137 169 101
169 161 106
161 165 209
165 37 205
37 101 108
101 69 105
69 197 206
197 133 210
133 165 202
165 166 206
166 174 110
174 46 107
46 110 103
110 78 108
78 206 106
206 142 208
142 174 203
174 170 104
170 172 109
172 44 105
44 108 106
108 76 110
76 204 104
204 140 101
140 172 106
172 164 208
164 180 209
180 52 110
52 50 203
50 49 206
49 51 109
51 52 107
52 56 102
56 54 106
54 50 203
50 58 205
58 57 101
57 49 101
49 53 108
53 54 101
54 62 110
62 58 102
58 60 102
60 52 108
52 116 103
116 84 109
84 82 105
82 81 101
81 83 103
83 84 102
84 88 106
88 86 109
86 82 109
82 90 101
90 89 103
89 81 105
81 85 104
85 86 107
86 94 106
94 90 106
90 92 104
92 84 109
84 212 205
212 148 201
148 146 103
146 145 105
145 147 110
147 148 107
148 152 109
152 150 102
150 146 110
146 154 109
154 153 208
153 145 204
145 149 105
149 150 108
150 158 108
158 154 108
154 156 101
156 148 102
148 180 107
180 178 103
178 50 207
50 114 205
114 82 109
82 210 109
210 146 101
146 178 108
178 162 110
162 226 109
226 98 104
98 97 103
97 99 202
99 100 206
100 98 101
98 102 203
102 101 209
101 97 105
97 105 106
105 106 108
106 98 103
98 114 101
114 113 101
113 49 106
49 177 103
177 145 102
145 209 102
209 81 110
81 113 105
113 97 104
97 225 102
225 161 108
161 177 102
177 178 104
178 182 105
182 54 104
54 118 104
118 86 105
86 214 107
214 150 110
150 182 104
182 166 101
166 230 107
230 102 209
102 104 208
104 100 103
100 108 105
108 106 102
106 110 107
110 102 208
102 118 204
118 114 107
114 116 107
116 100 104
100 228 106
228 164 206
164 420 204
420 292 107
292 290 207
290 34 204
290 258 210
258 274 109
274 18 202
274 273 103
273 17 107
273 257 110
257 289 107
289 33 101
289 290 203
290 294 202
294 38 109
294 262 109
262 278 104
278 22 210
278 274 109
274 276 106
276 275 204
275 19 203
275 259 204
259 291 105
291 35 110
291 289 109
289 293 107
293 37 105
293 261 209
261 277 204
277 21 105
277 273 110
273 275 205
275 279 201
279 23 104
279 263 101
263 295 102
295 39 103
39 103 103
103 71 105
71 199 110
199 135 104
135 167 101
167 39 108
167 163 105
163 171 110
171 43 106
43 107 104
107 75 103
75 203 107
203 139 102
139 171 107
171 169 101
169 173 103
173 45 110
45 109 107
109 77 106
77 205 102
205 141 102
141 173 109
173 165 206
165 167 206
167 168 108
168 176 103
176 48 203
48 112 205
112 80 108
80 208 109
208 144 107
144 176 109
176 172 101
172 171 109
171 175 103
175 167 101
167 183 110
183 55 202
55 51 208
51 59 105
59 57 101
57 61 104
61 53 105
53 55 209
55 56 203
56 64 109
64 60 109
60 59 107
59 63 103
63 55 208
55 119 206
119 87 110
87 83 105
83 91 208
91 89 203
89 93 201
93 85 201
85 87 109
87 88 107
88 96 110
96 92 110
92 91 203
91 95 206
95 87 105
87 215 102
215 151 210
151 147 207
147 155 109
155 153 205
153 157 210
157 149 108
149 151 204
151 152 201
152 160 107
160 156 104
156 155 108
155 159 101
159 151 207
151 183 202
183 179 110
179 51 107
51 115 103
115 83 101
83 211 105
211 147 105
147 179 103
179 163 104
163 227 103
227 99 207
99 103 203
103 101 101
101 109 101
109 105 110
105 107 106
107 99 202
99 115 207
115 113 109
113 117 101
117 53 103
53 181 109
181 149 102
149 213 104
213 85 102
85 117 102
117 101 107
101 229 110
229 165 202
165 181 204
181 177 101
177 179 102
179 180 105
180 184 110
184 56 109
56 120 109
120 88 103
88 216 102
216 152 108
152 184 103
184 168 102
168 232 103
232 104 106
104 103 109
103 111 102
111 107 109
107 108 107
108 112 103
112 104 106
104 120 103
120 116 101
116 115 106
115 119 103
119 103 108
103 231 101
231 167 103
167 423 108
423 295 101
295 291 104
291 292 106
292 296 105
296 40 109
296 264 105
264 280 102
280 24 104
280 276 110
276 308 102
308 52 108
308 292 108
292 300 110
300 44 108
300 268 107
268 332 109
332 76 101
332 324 207
324 68 210
324 260 209
260 388 108
388 132 108
388 386 208
386 130 209
386 258 201
258 322 108
322 66 105
322 321 109
321 65 205
321 257 102
257 385 109
385 129 106
385 386 209
386 390 205
390 134 110
390 262 108
262 326 107
326 70 109
326 322 106
322 324 203
324 323 206
323 67 103
323 259 109
259 387 105
387 131 204
387 385 104
385 389 108
389 133 109
389 261 202
261 325 204
325 69 105
325 321 102
321 323 103
323 327 108
327 71 108
327 263 106
263 391 108
391 135 109
391 387 107
387 388 107
388 392 210
392 136 201
392 264 203
264 328 104
328 72 208
328 324 204
324 340 204
340 84 101
340 276 104
276 404 102
404 148 108
404 388 107
388 396 108
396 140 102
396 268 107
396 394 103
394 386 203
386 402 202
402 146 106
402 274 110
274 282 110
282 26 109
282 266 101
266 298 109
298 42 108
298 290 201
290 306 208
306 50 210
306 274 110
274 338 105
338 82 101
338 322 104
322 330 109
330 74 108
330 266 108
330 329 101
329 73 105
329 265 204
265 281 206
281 25 109
281 273 110
273 305 110
305 49 103
305 289 101
289 297 107
297 41 209
297 265 207
265 393 208
393 137 106
393 385 110
385 401 103
401 145 109
401 273 108
273 337 108
337 81 101
337 321 101
321 329 101
329 331 106
331 75 110
331 267 103
267 283 102
283 27 108
283 275 208
275 307 210
307 51 104
307 291 107
291 299 101
299 43 107
299 267 104
267 395 107
395 139 107
395 387 108
387 403 101
403 147 110
403 275 209
275 339 210
339 83 103
339 323 108
323 331 104
331 332 109
332 330 107
330 334 204
334 78 204
334 270 208
270 269 102
269 271 105
271 272 103
272 270 104
270 286 104
286 30 103
286 278 101
278 277 108
277 279 103
279 280 105
280 278 105
278 310 102
310 54 109
310 294 107
294 293 107
293 295 106
295 296 110
296 294 106
294 302 106
302 46 108
302 270 102
270 398 103
398 142 210
398 390 108
390 389 103
389 391 109
391 392 210
392 390 205
390 406 106
406 150 109
406 278 110
278 342 105
342 86 104
342 326 104
326 325 107
325 327 101
327 328 103
328 326 108
326 334 202
334 333 209
333 77 104
333 269 107
269 285 101
285 29 106
285 277 101
277 309 109
309 53 110
309 293 107
293 301 206
301 45 205
301 269 201
269 397 105
397 141 102
397 389 106
389 405 105
405 149 106
405 277 108
277 341 106
341 85 106
341 325 105
325 333 103
333 329 104
329 345 108
345 89 107
89 121 107
121 57 108
57 185 103
185 153 206
153 217 209
217 89 103
217 201 108
201 193 107
193 194 101
194 196 101
196 195 109
195 193 110
193 197 202
197 198 204
198 194 104
194 202 201
202 201 209
201 203 105
203 195 107
195 199 102
199 197 207
197 205 201
205 201 105
201 233 106
233 105 102
105 121 101
121 113 110
113 241 205
241 177 202
177 185 102
185 169 103
169 233 105
233 225 104
225 193 110
193 209 101
209 210 103
210 194 102
194 226 102
226 225 109
225 227 101
227 195 104
195 211 107
211 209 105
209 213 106
213 197 210
197 229 207
229 225 104
225 241 208
241 209 204
209 217 108
217 218 105
218 90 105
90 122 109
122 58 109
58 186 102
186 154 106
154 218 106
218 202 206
202 204 209
204 196 104
196 200 101
200 198 102
198 206 106
206 202 206
202 234 305
234 106 210
106 122 106
122 114 106
114 242 104
242 178 107
178 186 109
186 170 101
170 234 202
234 226 203
226 228 107
228 196 108
196 212 207
212 210 210
210 214 101
214 198 102
198 230 110
230 226 108
226 242 101
242 210 109
210 218 104
218 220 102
220 92 108
92 124 210
124 60 205
60 188 109
188 156 106
156 220 104
220 204 104
204 203 103
203 207 110
207 199 109
199 200 104
200 208 110
208 204 105
204 236 102
236 108 103
108 124 205
124 116 206
116 244 101
244 180 107
180 188 105
188 172 107
172 236 108
236 228 106
228 227 107
227 231 102
231 199 110
199 215 107
215 211 103
211 212 208
212 216 204
216 200 106
200 232 102
232 228 102
228 244 104
244 212 207
212 220 203
220 219 102
219 91 209
91 123 207
123 59 101
59 187 208
187 155 206
155 219 102
219 203 101
203 235 104
235 107 110
107 123 110
123 115 107
115 243 109
243 179 106
179 187 201
187 171 203
171 235 102
235 227 109
227 243 102
243 211 105
211 219 105
219 217 104
217 221 102
221 93 202
93 94 209
94 96 108
96 95 105
95 93 205
93 125 301
125 61 208
61 62 106
62 64 107
64 63 106
63 61 107
61 189 106
189 157 108
157 158 109
158 160 110
160 159 104
159 157 104
157 221 106
221 205 103
205 206 104
206 208 105
208 207 106
207 205 107
205 237 101
237 109 108
109 110 105
110 112 102
112 111 104
111 109 102
109 125 202
125 117 201
117 118 107
118 120 110
120 119 103
119 117 107
117 245 106
245 181 105
181 182 107
182 184 101
184 183 107
183 181 105
181 189 108
189 173 109
173 174 109
174 176 106
176 175 101
175 173 110
173 237 107
237 229 109
229 230 102
230 232 103
232 231 103
231 229 109
229 245 108
245 213 102
213 214 105
214 216 108
216 215 110
215 213 103
213 221 104
221 222 102
222 94 104
94 126 105
126 62 110
62 190 201
190 158 205
158 222 105
222 206 108
206 238 102
238 110 103
110 126 104
126 118 105
118 246 102
246 182 109
182 190 208
190 174 209
174 238 107
238 230 104
230 246 102
246 214 103
214 222 105
222 218 103
218 250 104
250 122 107
122 121 105
121 123 106
123 124 201
124 122 205
122 126 106
126 125 203
125 121 205
121 249 107
249 185 105
185 186 102
186 188 106
188 187 210
187 185 201
185 189 102
189 190 207
190 186 210
186 250 103
250 234 207
234 233 208
233 235 107
235 236 105
236 234 205
234 238 202
238 237 110
237 233 110
233 249 108
249 217 104
217 473 104
473 345 108
345 281 105
281 282 108
282 284 105
284 283 110
283 281 101
281 285 104
285 286 104
286 282 109
282 314 110
314 58 102
314 298 107
298 297 110
297 299 107
299 300 103
300 298 102
298 302 102
302 301 204
301 297 203
297 313 105
313 57 103
313 281 107
281 409 104
409 153 209
409 393 103
393 394 101
394 398 109
398 397 104
397 393 110
393 395 105
395 396 106
396 400 102
400 144 105
400 272 107
272 288 210
288 32 206
288 280 206
280 312 203
312 56 207
312 296 208
296 304 109
304 48 203
304 272 102
272 336 105
336 80 103
336 328 104
328 344 109
344 88 103
344 280 105
280 408 110
408 152 107
408 392 206
392 400 203
400 398 103
398 414 105
414 158 110
414 286 102
286 288 201
288 284 205
284 316 103
316 60 109
316 300 109
300 304 103
304 302 104
302 318 103
318 62 106
318 286 108
286 350 106
350 94 105
350 334 204
334 336 205
336 332 102
332 348 101
348 92 105
348 284 106
284 412 203
412 156 201
412 396 207
396 428 102
428 172 110
428 300 108
300 364 207
364 108 207
364 332 204
332 460 107
460 204 102
460 396 107
460 452 107
452 196 106
452 324 203
324 356 208
356 100 101
356 292 107
356 354 102
354 98 104
354 290 201
290 418 202
418 162 107
418 386 203
386 450 205
450 194 101
450 322 107
322 354 103
354 353 102
353 97 109
353 289 107
289 417 104
417 161 105
417 385 104
385 449 108
449 193 108
449 321 110
321 353 102
353 355 103
355 99 201
355 291 110
291 419 202
419 163 209
419 387 204
387 451 109
451 195 102
451 323 107
323 355 103
355 356 109
356 360 110
360 104 102
360 296 104
296 424 101
424 168 110
424 392 205
392 456 205
456 200 110
456 328 107
328 360 109
360 358 107
358 102 205
358 294 102
294 422 110
422 166 101
422 390 102
390 454 104
454 198 102
454 326 103
326 358 101
358 354 102
354 362 107
362 106 104
362 298 106
298 426 101
426 170 101
426 394 107
394 410 106
410 154 102
410 282 109
282 346 207
346 90 208
346 330 208
330 362 102
362 361 105
361 105 103
361 297 101
297 425 108
425 169 104
425 393 104
393 457 106
457 201 106
457 329 106
329 361 109
361 353 102
353 357 103
357 101 103
357 293 108
293 421 101
421 165 205
421 389 110
389 453 107
453 197 202
453 325 106
325 357 104
357 358 102
358 366 109
366 110 102
366 302 104
302 430 107
430 174 102
430 398 107
398 462 105
462 206 106
462 334 204
334 366 210
366 362 101
362 364 201
364 356 202
356 372 104
372 116 109
372 308 104
308 306 106
306 305 109
305 307 108
307 308 101
308 312 205
312 310 203
310 306 108
306 314 108
314 313 103
313 305 108
305 309 101
309 310 108
310 318 104
318 314 103
314 316 103
316 308 110
308 436 110
436 180 110
436 404 110
404 402 107
402 401 102
401 403 108
403 404 108
404 408 101
408 406 109
406 402 101
402 410 107
410 409 108
409 401 106
401 405 103
405 406 110
406 414 104
414 410 102
410 412 204
412 404 206
404 468 107
468 212 201
468 340 109
340 338 102
338 337 108
337 339 106
339 340 107
340 344 109
344 342 103
342 338 104
338 346 209
346 345 201
345 337 108
337 341 106
341 342 102
342 350 108
350 346 205
346 348 202
348 340 106
340 372 104
372 370 105
370 114 105
370 306 110
306 434 108
434 178 101
434 402 106
402 466 109
466 210 101
466 338 107
338 370 108
370 354 107
354 482 110
482 226 104
482 418 102
418 417 101
417 419 209
419 420 208
420 388 102
388 452 105
452 450 110
450 449 106
449 451 104
451 452 107
452 456 104
456 454 102
454 450 101
450 458 108
458 202 206
458 330 106
458 394 106
458 457 110
457 449 105
449 453 107
453 454 107
454 462 107
462 458 108
458 460 107
460 459 209
459 203 206
459 331 203
331 335 110
335 79 109
335 271 107
271 287 110
287 31 108
287 279 102
279 311 101
311 55 204
311 295 108
295 303 106
303 47 110
303 271 108
303 299 109
299 315 205
315 59 208
315 283 209
283 287 106
287 285 102
285 317 103
317 61 103
317 301 210
301 303 206
303 304 106
304 320 102
320 64 102
64 128 106
128 96 107
96 224 209
224 160 207
160 192 108
192 64 110
192 176 103
176 240 102
240 112 105
112 128 105
128 120 108
120 248 209
248 184 205
184 192 109
192 188 110
188 252 104
252 124 206
124 128 207
128 126 109
126 254 102
254 190 201
190 192 202
192 191 101
191 63 110
63 127 104
127 95 102
95 223 109
223 159 110
159 191 107
191 175 107
175 239 204
239 111 207
111 127 105
127 119 109
119 247 104
247 183 108
183 191 102
191 187 204
187 251 207
251 123 108
123 127 105
127 125 202
125 253 210
253 189 110
189 191 103
191 255 102
255 127 110
127 128 104
128 256 110
256 192 101
192 448 107
448 320 106
320 288 207
288 287 207
287 319 101
319 63 107
319 303 107
303 367 108
367 111 106
367 335 107
335 327 106
327 343 204
343 87 207
343 279 203
279 407 103
407 151 203
407 391 102
391 399 108
399 395 103
395 411 105
411 155 101
411 283 102
283 347 110
347 91 201
347 331 103
331 363 104
363 107 102
363 299 101
299 427 109
427 171 107
427 395 110
395 459 208
459 451 207
451 455 107
455 199 104
455 327 107
327 359 202
359 103 205
359 295 203
359 355 209
355 363 104
363 361 103
361 365 107
365 109 110
365 301 209
301 429 209
429 173 103
429 397 108
397 399 103
399 400 110
400 416 101
416 160 105
416 288 205
288 352 206
352 96 105
352 336 109
336 335 101
335 333 102
333 349 105
349 93 201
349 285 101
285 413 209
413 157 207
413 397 205
397 461 101
461 205 103
461 333 105
333 365 106
365 357 101
357 359 206
359 360 207
360 368 108
368 112 104
368 304 101
304 432 209
432 176 209
432 400 201
400 464 104
464 208 108
208 224 210
224 216 206
216 248 202
248 232 204
232 240 106
240 208 104
240 236 101
236 252 108
252 220 101
220 224 203
224 222 201
222 254 104
254 238 101
238 240 102
240 239 209
239 207 210
207 223 103
223 215 107
215 247 105
247 231 106
231 239 201
239 235 204
235 251 108
251 219 109
219 223 104
223 221 110
221 253 103
253 237 106
237 239 210
239 255 204
255 223 101
223 224 209
224 256 207
256 240 104
240 496 103
496 368 106
368 336 105
336 464 104
464 456 109
456 455 107
455 391 101
391 423 106
423 419 202
419 427 206
427 425 108
425 417 104
417 421 101
421 422 102
422 418 107
418 420 108
420 424 101
424 422 109
422 430 102
430 426 108
426 418 102
418 434 108
434 433 105
433 177 108
433 305 110
305 369 210
369 113 204
369 337 203
337 465 201
465 209 205
465 401 204
401 433 103
433 417 108
417 481 103
481 225 101
481 353 110
353 369 210
369 370 204
370 374 104
374 118 110
374 310 106
310 438 110
438 182 101
438 406 108
406 470 207
470 214 207
470 342 209
342 374 109
374 358 110
358 486 209
486 230 203
486 422 209
422 438 109
438 434 104
434 436 109
436 420 101
420 428 105
428 426 110
426 425 107
425 429 104
429 421 101
421 423 109
423 424 110
424 432 204
432 428 209
428 427 104
427 431 101
431 175 102
431 303 103
431 399 106
399 415 110
415 159 110
415 287 101
287 351 106
351 95 108
351 335 107
335 463 205
463 207 208
463 399 203
463 455 202
455 453 106
453 461 109
461 457 110
457 459 205
459 463 308
463 461 201
461 462 107
462 464 108
464 460 107
460 476 104
476 220 102
476 348 107
348 347 106
347 339 108
339 343 206
343 341 201
341 349 105
349 345 105
345 347 104
347 351 105
351 343 209
343 344 206
344 352 105
352 348 101
348 380 109
380 124 209
380 316 106
316 315 205
315 307 202
307 311 105
311 309 102
309 317 109
317 313 101
313 315 202
315 319 202
319 311 109
311 312 202
312 320 202
320 316 102
316 444 107
444 188 104
444 412 205
412 411 201
411 403 110
403 407 109
407 405 102
405 413 208
413 409 204
409 411 107
411 415 101
415 407 105
407 408 108
408 416 106
416 412 202
412 476 205
476 468 109
468 452 110
452 484 103
484 228 107
484 356 109
484 420 110
484 482 106
482 450 106
450 466 107
466 465 201
465 449 202
449 481 105
481 482 102
482 486 204
486 454 204
454 470 208
470 466 205
466 468 110
468 467 101
467 211 110
467 339 106
339 371 106
371 115 101
371 307 106
307 435 102
435 179 108
435 403 108
403 467 103
467 451 107
451 483 105
483 227 110
483 355 105
355 371 109
371 369 210
369 373 201
373 117 107
373 309 105
309 437 207
437 181 203
437 405 201
405 469 108
469 213 106
469 341 104
341 373 110
373 357 108
357 485 106
485 229 103
485 421 104
421 437 209
437 433 209
433 435 106
435 419 207
419 483 203
483 481 103
481 485 103
485 453 107
453 469 104
469 465 201
465 467 202
467 471 101
471 215 108
471 343 202
343 375 202
375 119 108
375 311 104
311 439 109
439 183 102
439 407 103
407 471 110
471 455 106
455 487 103
487 231 106
487 359 206
359 367 210
367 363 102
363 364 205
364 368 205
368 366 104
366 365 104
365 367 101
367 368 105
368 384 104
384 128 102
384 320 102
320 318 105
318 317 104
317 319 107
319 320 104
319 383 110
383 127 108
383 351 106
351 349 104
349 350 102
350 352 110
352 351 105
351 479 106
479 223 109
479 415 106
415 413 207
413 414 202
414 416 110
416 415 107
415 447 101
447 191 110
447 319 102
447 431 101
431 423 102
423 439 102
439 435 109
435 436 104
436 440 108
440 184 106
440 312 209
312 376 209
376 120 109
376 344 105
344 472 101
472 216 109
472 408 104
408 440 109
440 424 106
424 488 104
488 232 102
488 360 110
360 376 107
376 372 105
372 371 107
371 375 102
375 359 204
375 373 106
373 374 101
374 376 102
376 375 104
375 383 101
383 367 101
367 495 103
495 239 204
495 431 103
431 429 105
429 430 101
430 432 205
432 431 209
432 448 206
448 416 109
416 480 108
480 224 206
480 352 107
352 384 101
384 376 108
376 504 107
504 248 209
248 244 207
244 242 109
242 241 206
241 243 202
243 244 108
244 252 102
252 250 104
250 242 104
242 246 107
246 245 108
245 241 202
241 249 209
249 250 107
250 254 105
254 246 108
246 248 204
248 247 205
247 243 106
243 251 106
251 249 104
249 253 103
253 245 110
245 247 105
247 255 105
255 251 103
251 252 105
252 256 110
256 248 203
256 254 106
254 253 110
253 255 109
255 256 108
256 512 108
512 384 107
384 380 109
380 364 207
364 492 208
492 236 104
492 428 106
428 444 102
444 436 110
436 500 208
500 244 207
500 372 210
372 380 106
380 378 101
378 122 102
378 314 103
314 442 210
442 186 208
442 410 208
410 474 105
474 218 102
474 346 209
346 378 207
378 362 103
362 490 106
490 234 202
490 426 110
426 442 209
442 434 201
434 498 107
498 242 109
498 370 110
370 378 109
378 377 107
377 121 107
377 313 103
313 441 107
441 185 104
441 409 102
409 473 101
473 457 103
457 489 204
489 233 208
489 361 206
361 377 101
377 345 102
377 369 208
369 497 208
497 241 203
497 433 110
433 441 106
441 425 102
425 489 209
489 481 208
481 497 109
497 465 205
465 473 209
473 474 106
474 458 110
458 490 106
490 482 102
482 498 101
498 466 107
466 474 109
474 476 105
476 475 107
475 219 101
475 347 107
347 379 104
379 123 107
379 315 208
315 443 208
443 187 210
443 411 104
411 475 109
475 459 207
459 491 201
491 235 110
491 363 106
363 379 103
379 371 109
371 499 103
499 243 105
499 435 109
435 443 102
443 427 101
427 491 107
491 483 108
483 484 102
484 488 109
488 456 104
456 472 109
472 468 104
468 500 206
500 484 208
484 492 103
492 460 101
492 490 101
490 489 208
489 491 205
491 492 105
492 496 104
496 432 201
496 464 101
464 463 204
463 479 207
479 471 104
471 469 108
469 470 207
470 472 206
472 471 102
471 503 109
503 247 105
503 375 109
503 439 108
439 437 201
437 438 203
438 440 109
440 439 103
439 447 109
447 443 106
443 441 110
441 442 206
442 444 204
444 443 103
443 507 110
507 251 106
507 379 105
379 377 110
377 381 110
381 125 206
381 317 104
317 445 104
445 189 110
445 413 205
413 477 205
477 221 101
477 349 108
349 381 103
381 365 102
365 493 106
493 237 108
493 429 109
429 445 101
445 437 201
437 501 207
501 245 103
501 373 103
373 381 101
381 382 207
382 126 207
382 318 205
318 446 106
446 190 209
446 414 106
414 478 106
478 222 107
478 350 105
350 382 204
382 366 210
366 494 101
494 238 107
494 430 110
430 446 110
446 438 104
438 502 109
502 246 101
502 374 108
374 382 209
382 378 206
378 506 106
506 250 107
506 442 205
442 446 210
446 445 108
445 441 101
441 505 107
505 249 106
505 377 108
505 473 106
473 475 106
475 467 103
467 499 109
499 483 107
483 487 110
487 423 102
487 485 107
485 486 204
486 488 207
488 487 105
487 495 102
495 463 204
495 491 109
491 507 110
507 475 109
475 479 109
479 477 107
477 461 105
461 493 106
493 485 102
485 501 107
501 469 107
469 477 101
477 473 109
477 478 107
478 462 106
462 494 105
494 486 210
486 502 205
502 470 207
470 478 210
478 474 103
474 506 101
506 490 109
490 494 102
494 493 105
493 489 207
489 505 207
505 497 103
497 498 102
498 500 201
500 499 204
499 497 109
497 501 102
501 502 110
502 498 107
498 506 106
506 505 106
505 507 107
507 499 101
499 503 107
503 487 107
503 501 107
501 509 107
509 253 103
509 381 105
381 383 101
383 379 106
379 380 106
380 508 105
508 252 107
508 444 108
444 448 107
448 440 109
440 504 110
504 472 102
472 480 108
480 464 110
480 476 107
476 508 103
508 492 105
508 500 210
500 504 210
504 488 108
488 496 101
496 494 105
494 510 107
510 254 105
510 382 209
382 384 204
384 383 103
383 511 208
511 255 206
511 447 207
447 445 102
445 509 102
509 477 104
509 493 101
493 495 110
495 496 103
496 512 109
512 448 103
448 446 109
446 510 104
510 478 106
478 480 109
480 479 101
479 511 203
511 495 206
511 503 207
503 504 109
504 502 103
502 510 108
510 506 110
506 508 107
508 507 105
507 511 210
511 509 203
509 505 109
509 510 102
510 512 107
512 480 105
512 504 104
512 508 103
512 511 202
448 447 107

REQUESTS

BLOCKAGES
441 442
186 170
483 484
104 72
262 270
467 499
422 166
253 255
117 53
385 401
62 190
83 19
327 359
160 156
486 502
73 65
439 437
413 477
219 91
317 301
253 237
380 316
109 125
121 113
353 289
213 214
370 306
258 257
60 52
292 36
284 276
442 186
468 467
399 395
376 344
264 272
131 129
327 328
331 75
53 181
56 120
30 158
351 343
457 449
313 441
309 317
205 237
366 362
430 426
461 493
341 349
309 310
49 177
8 24
153 145
339 340
212 216
58 186
168 232
304 320
156 220
306 314
69 197
383 367
380 364
359 295
141 143
165 37
223 224
84 88
269 265
33 37
131 139
398 462
189 190
297 313
156 28
262 258
403 467
89 73
208 144
287 285
305 369
144 140
192 64
354 290
347 331
232 240
258 2
340 338
233 105
381 125
497 433
346 378
179 163
320 64
365 109
418 420
440 184
311 309
449 481
502 498
491 363
377 369
409 153
280 278
153 25
228 244
375 119
246 245
417 419
40 104
68 196
78 74
24 152
170 42
22 150
315 283
392 400
506 442
141 13
251 249
412 404
313 305
142 144
314 298
441 505
481 485
420 428
372 371
141 137
425 429
44 42
135 143
34 42
335 463
288 284
330 329
471 343
265 281
375 311
113 241
45 47
302 301
328 360
456 455
442 410
16 14
217 473
23 24
286 30
133 165
2 10
405 406
48 44
355 99
36 100
343 341
412 396
351 95
45 109
10 9
339 83
416 412
49 51
193 197
79 77
404 148
81 83
454 462
292 300
140 138
391 387
326 325
478 222
316 315
83 91
207 143
324 323
269 271
146 130
482 226
414 286
499 435
97 105
440 312
440 504
185 189
326 70
368 366
492 490
395 459
105 106
429 430
435 179
408 392
4 8
382 126
475 347
100 228
361 377
63 127
136 168
2 1
101 229
50 49
201 233
106 110
307 308
410 474
192 176
15 16
426 442
397 393
183 181
272 268
460 396
237 109
449 193
403 407
379 380
188 156
506 250
357 485
289 290
377 121
270 286
301 297
308 436
177 145
60 188
500 499
23 151
138 10
484 356
171 169
174 46
121 57
36 44
350 94
104 100
422 430
491 492
373 309
313 315
95 223
506 505
277 341
261 277
389 453
432 431
42 10
477 221
333 329
66 194
391 392
174 170
276 275
157 221
285 413
325 69
220 219
92 76
413 157
241 249
351 349
455 487
213 85
143 399
301 45
428 427
425 393
434 178
478 480
455 327
421 389
132 140
118 120
189 173
35 33
129 130
134 142
199 197
12 28
371 115
295 291
305 49
453 325
111 79
295 296
75 67
83 84
257 385
328 344
443 411
184 56
411 475
309 293
467 471
298 290
398 390
489 361
105 107
64 32
271 263
100 68
106 122
255 251
482 498
353 355
124 60
131 132
443 507
273 275
460 452
162 161
336 464
255 223
75 79
512 504
263 264
487 231
135 136
316 308
387 403
88 96
190 174
348 340
423 295
287 351
167 39
278 22
429 397
474 218
432 400
245 241
142 174
385 386
462 458
420 424
37 39
494 493
54 62
122 58
221 222
306 50
96 224
150 146
299 300
496 432
213 221
511 503
290 258
502 374
155 27
49 33
436 420
456 200
257 259
375 373
129 161
428 426
55 56
86 214
187 171
480 479
120 248
323 327
364 356
89 81
454 470
485 421
157 141
227 231
348 92
193 209
425 489
469 213
94 96
23 7
328 326
27 91
355 363
389 391
433 435
453 469
317 445
289 33
13 15
358 366
166 174
29 30
490 426
380 378
348 284
488 496
400 398
376 504
97 225
80 79
205 141
297 265
163 227
97 99
471 455
377 313
34 2
469 477
186 154
139 171
355 356
4 36
408 152
210 218
150 134
397 389
368 384
417 161
109 105
334 336
210 194
54 50
238 240
84 20
508 492
443 427
197 133
281 25
479 471
14 30
467 339
180 52
297 41
187 155
142 141
490 489
476 220
102 101
180 178
450 322
390 389
148 180
346 345
208 224
20 52
240 496
63 61
440 424
109 110
442 444
98 97
409 393
89 93
244 252
212 220
180 188
143 175
249 185
391 135
124 116
320 318
386 390
164 36
65 1
99 115
501 502
174 176
61 45
495 463
325 333
147 179
81 113
57 185
128 126
65 193
113 49
229 165
192 188
102 118
275 279
180 184
427 395
224 216
9 25
263 7
363 361
340 344
191 255
116 244
292 296
464 460
379 377
183 179
269 13
124 122
463 399
345 347
257 1
110 112
196 200
346 348
488 232
248 232
55 51
145 209
327 343
510 254
410 282
202 201
300 268
499 483
491 507
99 100
422 438
283 287
110 78
181 189
293 37
439 183
29 61
246 214
481 497
395 411
487 423
384 383
344 352
52 56
256 192
178 186
255 127
258 274
448 447
472 408
144 176
203 139
452 484
200 232
23 55
68 4
357 101
136 144
317 61
242 241
498 500
71 199
360 376
359 367
450 194
473 457
291 299
131 163
184 192
433 417
28 27
252 256
323 331
406 414
321 257
509 477
148 146
468 452
235 251
338 370
269 397
402 466
407 405
326 358
373 374
326 334
151 147
502 470
229 225
149 150
446 445
359 355
441 185
50 58
503 247
339 371
388 452
282 266
215 151
343 375
197 198
500 484
369 497
82 210
234 226
352 384
98 102
209 210
268 260
468 500
477 461
321 353
288 32
217 201
99 103
376 372
177 185
303 304
176 172
417 421
164 420
415 159
433 441
195 193
413 414
470 472
383 127
259 291
354 353
389 405
238 237
191 175
271 287
288 352
314 58
28 20
152 150
512 448
217 218
363 379
151 152
303 299
110 126
390 454
293 421
501 373
284 283
66 68
378 377
454 326
322 66
426 394
261 325
300 298
19 147
338 322
507 511
159 151
366 110
38 46
262 326
287 279
473 475
167 168
64 63
293 261
123 115
450 466
410 412
183 191
101 97
446 438
396 268
155 159
33 97
29 21
419 420
218 220
88 86
147 148
503 375
223 215
197 229
322 354
133 135
374 310
358 294
68 84
304 272
318 62
457 201
132 164
470 466
78 206
291 419
357 293
333 349
294 302
365 493
367 363
451 323
62 58
61 62
472 216
324 356
402 410
118 86
154 138
434 436
490 494
25 17
368 304
41 57
95 31
401 145
150 182
277 279
107 99
482 450
415 413
48 16
231 239
239 111
512 508
206 208
232 104
323 355
375 383
508 507
18 20
433 305
457 489
458 202
9 11
421 422
479 477
425 417
214 222
374 358
248 247
219 223
467 211
367 335
263 391
191 63
85 87
432 428
251 123
32 31
43 59
100 98
179 51
262 278
36 40
471 469
300 364
145 129
72 88
77 69
107 123
347 379
493 495
449 321
500 244
264 328
273 257
249 217
256 254
227 243
493 237
101 69
259 387
264 8
104 120
146 178
264 280
28 92
428 444
305 289
183 55
138 137
113 97
334 78
69 65
149 151
474 506
153 157
233 249
330 334
497 241
250 234
315 319
234 238
278 274
18 17
382 318
33 41
319 303
281 273
405 413
389 261
372 380
482 418
211 219
254 190
138 142
272 270
469 470
419 387
205 201
139 11
21 149
52 116
294 38
268 332
509 510
125 61
280 408
94 126
259 3
167 183
402 274
478 350
307 291
342 350
507 475
109 77
102 104
26 18
437 433
178 50
363 364
1 129
378 362
152 136
492 460
274 276
26 58
199 215
115 243
66 65
74 90
214 216
17 49
231 167
244 212
13 9
254 253
509 253
434 433
51 35
421 437
92 124
219 217
385 129
134 133
275 19
465 473
400 272
141 173
17 1
243 211
45 13
280 312
229 230
407 471
447 431
71 72
486 488
361 105
88 24
311 55
216 215
343 344
20 148
243 251
170 234
412 411
306 274
496 368
392 456
352 336
108 112
270 266
18 146
376 375
427 431
58 42
478 474
73 77
503 504
28 32
124 128
427 171
25 89
192 191
108 124
75 73
228 164
409 473
204 236
252 250
486 454
302 46
311 439
261 5
215 211
247 243
200 136
165 181
338 346
225 227
117 118
362 106
30 62
476 508
92 91
340 372
501 245
344 280
490 234
448 440
216 200
226 228
45 41
486 422
151 135
308 292
490 482
178 162
493 485
412 156
222 94
171 43
145 149
384 320
341 342
344 342
372 370
162 34
267 395
20 4
439 447
9 1
454 450
19 23
492 496
136 134
458 330
427 491
286 288
342 374
55 119
224 256
311 312
237 233
478 462
339 323
91 95
461 333
156 155
112 111
336 332
494 430
195 211
333 365
270 14
400 464
396 400
202 234
427 425
256 240
51 52
244 242
337 341
116 84
314 313
479 415
403 404
356 100
65 81
7 8
421 165
202 204
294 293
334 366
327 263
488 360
395 139
416 288
214 150
301 429
250 242
376 120
270 398
204 196
479 511
108 76
504 248
332 348
510 478
361 365
331 363
423 419
369 370
202 138
442 434
201 193
298 302
272 16
329 265
475 459
337 465
225 241
226 98
125 121
263 295
103 111
496 494
391 399
184 183
351 335
158 160
27 25
256 248
345 337
38 37
509 381
505 377
455 453
394 266
503 487
398 414
185 169
480 476
164 162
119 117
477 349
278 342
175 47
503 439
437 501
41 9
29 157
93 94
341 85
410 409
353 369
41 105
407 391
316 300
505 507
127 125
73 74
25 29
209 217
15 79
346 90
488 456
267 283
507 251
480 352
498 370
76 204
438 440
341 325
310 306
429 445
142 14
457 329
159 157
159 191
243 244
279 23
384 380
190 192
431 423
113 117
2 66
369 373
511 509
239 235
292 290
349 350
154 156
82 90
230 246
55 39
16 32
308 306
504 472
72 68
378 314
137 169
318 314
415 407
475 467
463 207
71 87
265 257
416 480
306 434
312 56
189 191
446 414
364 368
458 490
339 343
123 124
418 434
40 48
214 198
135 167
284 412
13 77
480 224
459 463
426 170
40 38
290 418
283 281
230 226
9 73
51 115
430 432
211 209
67 195
459 491
460 204
82 81
475 219
63 47
195 199
308 52
413 409
282 314
50 114
140 12
474 458
87 83
476 468
93 125
60 28
17 19
393 395
495 491
393 385
48 64
123 127
31 63
20 19
212 148
319 63
335 79
190 186
291 292
12 76
260 4
394 410
401 273
364 492
37 45
436 440
211 212
11 75
487 495
188 252
352 96
216 152
260 264
485 229
143 144
71 7
96 95
379 371
328 72
313 57
399 400
325 357
56 40
145 147
361 297
392 390
69 71
378 122
72 70
125 117
505 473
258 266
406 402
8 6
171 175
268 284
245 247
494 510
281 409
247 231
103 231
33 34
176 175
386 450
318 286
333 269
352 351
54 38
7 39
175 239
132 130
350 382
405 149
225 161
163 35
358 354
380 508
307 51
98 114
309 53
362 364
26 154
296 294
451 452
114 242
128 120
82 18
174 238
27 31
206 238
492 236
254 246
8 72
464 456
393 137
396 394
288 287
164 180
360 358
46 110
79 71
21 53
420 388
323 259
456 454
8 16
301 303
461 462
86 22
491 483
319 320
249 250
62 64
132 136
506 508
310 438
465 401
47 111
269 285
122 114
262 6
143 139
273 305
154 153
485 486
466 468
3 35
59 57
212 210
408 406
347 339
222 254
411 415
349 345
152 184
119 87
394 386
346 330
90 26
272 336
439 407
221 205
61 189
295 39
340 276
112 128
365 367
498 466
138 394
47 43
386 130
207 199
94 30
512 480
1 3
370 378
37 101
77 205
367 368
399 415
302 270
402 146
16 80
225 193
495 239
278 310
279 280
424 392
154 218
155 219
46 48
456 328
485 501
106 74
404 402
7 5
303 47
43 44
121 249
424 488
447 319
499 243
504 488
276 404
299 43
340 84
315 307
277 309
418 386
218 90
324 68
86 82
446 510
73 201
86 94
215 247
31 23
448 446
510 506
172 171
285 277
242 210
148 132
289 293
80 78
317 319
471 503
234 233
217 221
324 260
6 14
435 419
187 185
404 388
274 338
200 198
282 346
474 476
462 206
102 70
6 22
111 127
27 19
247 255
164 168
231 199
137 139
396 428
112 104
332 460
393 457
44 60
206 202
12 11
445 189
21 17
347 91
431 429
7 135
470 478
455 199
446 190
120 119
127 95
508 444
384 376
368 112
431 303
302 318
42 41
432 448
157 158
208 204
115 119
336 80
311 295
114 82
387 388
387 451
198 194
283 275
424 432
255 256
275 259
473 345
198 230
406 470
423 424
263 261
457 459
108 106
187 251
248 184
350 334
374 118
129 137
435 443
279 407
277 273
359 103
345 89
315 59
70 198
373 357
267 271
181 149
298 297
209 81
229 245
77 78
335 327
361 353
399 271
285 29
459 451
34 38
356 292
122 121
91 123
392 264
235 227
221 93
74 66
320 316
178 182
144 160
96 92
107 108
246 248
371 307
161 163
42 106
107 75
165 167
140 172
44 108
284 316
429 173
453 461
347 351
287 31
75 203
32 30
273 337
181 182
509 505
14 78
74 76
300 304
423 439
126 254
444 188
390 406
355 371
240 208
307 435
405 469
36 34
459 203
80 208
4 132
403 275
297 425
111 107
161 165
401 403
365 301
227 195
10 26
330 74
466 210
200 208
64 128
34 98
149 213
451 195
417 481
386 258
445 441
196 195
451 455
265 267
497 498
469 465
460 476
499 497
494 486
130 134
371 499
466 338
335 333
146 154
43 107
479 223
495 431
495 496
130 162
274 18
291 35
312 310
81 85
418 162
160 159
373 117
357 359
267 11
6 2
349 93
509 493
182 166
11 15
179 187
134 6
437 438
358 102
3 4
241 177
186 250
182 54
147 131
222 206
168 176
22 18
196 212
502 510
481 225
194 226
414 416
366 494
336 335
365 357
92 84
67 83
281 282
342 86
283 27
484 228
224 222
118 246
260 388
381 383
266 268
197 205
331 267
5 21
320 288
372 116
76 80
304 302
338 82
177 179
438 434
387 131
385 449
489 481
437 405
175 167
498 506
176 48
220 204
280 276
303 271
47 15
114 116
443 187
370 354
245 213
266 10
119 103
266 265
67 3
289 417
443 441
450 449
294 422
10 12
32 96
463 479
85 21
170 169
39 40
382 384
430 446
46 14
85 117
388 396
198 206
383 379
472 468
259 260
483 227
484 482
304 48
207 205
290 294
451 483
123 59
93 85
483 487
282 26
436 404
169 233
497 465
444 448
369 337
409 411
203 235
67 71
383 511
65 67
374 382
250 122
448 416
489 233
118 114
285 286
354 362
169 173
362 298
331 332
22 21
158 142
296 40
13 29
194 202
230 102
502 246
130 2
463 461
235 236
424 168
162 170
299 267
316 444
318 317
402 401
426 418
70 66
428 172
356 360
11 3
230 232
452 324
39 35
465 449
481 353
147 155
486 230
87 88
237 239
285 317
6 70
322 330
261 262
137 153
115 113
436 500
305 307
436 180
166 38
194 196
500 372
95 93
31 159
60 59
345 281
354 98
487 359
203 207
312 296
332 330
462 464
133 5
465 209
398 397
181 177
408 416
390 134
310 54
286 282
236 252
444 443
476 348
332 76
438 406
168 166
56 54
24 22
458 394
512 511
419 163
169 161
271 15
445 437
416 415
89 121
44 12
322 324
253 245
188 187
322 321
215 213
53 54
382 366
90 89
35 99
319 311
278 277
276 308
337 321
226 242
239 207
112 80
236 108
5 69
172 236
411 155
3 131
397 461
414 158
240 236
299 315
381 382
435 403
489 505
430 398
447 445
329 331

TERMINALS
12
15
18
22
41
48
50
55
65
72
91
93
99
102
124
125
131
142
151
153
164
165
187
190
197
202
212
224
234
239
241
248
261
265
275
288
290
301
312
315
324
334
343
346
359
364
369
382
386
392
412
413
419
432
437
442
459
463
465
470
486
489
500
511

END
