INSTANCE_NAME hc10p.dat
NB_VERTICES 1024
NB_ARCS 5120
NB_REQUESTS 0
NB_BLOCKAGES 3072
NB_TERMINALS 512

VERTICES
1 0 0
2 0 0
3 0 0
4 0 0
5 0 0
6 0 0
7 0 0
8 0 0
9 0 0
10 0 0
11 0 0
12 0 0
13 0 0
14 0 0
15 0 0
16 0 0
17 0 0
18 0 0
19 0 0
20 0 0
21 0 0
22 0 0
23 0 0
24 0 0
25 0 0
26 0 0
27 0 0
28 0 0
29 0 0
30 0 0
31 0 0
32 0 0
33 0 0
34 0 0
35 0 0
36 0 0
37 0 0
38 0 0
39 0 0
40 0 0
41 0 0
42 0 0
43 0 0
44 0 0
45 0 0
46 0 0
47 0 0
48 0 0
49 0 0
50 0 0
51 0 0
52 0 0
53 0 0
54 0 0
55 0 0
56 0 0
57 0 0
58 0 0
59 0 0
60 0 0
61 0 0
62 0 0
63 0 0
64 0 0
65 0 0
66 0 0
67 0 0
68 0 0
69 0 0
70 0 0
71 0 0
72 0 0
73 0 0
74 0 0
75 0 0
76 0 0
77 0 0
78 0 0
79 0 0
80 0 0
81 0 0
82 0 0
83 0 0
84 0 0
85 0 0
86 0 0
87 0 0
88 0 0
89 0 0
90 0 0
91 0 0
92 0 0
93 0 0
94 0 0
95 0 0
96 0 0
97 0 0
98 0 0
99 0 0
100 0 0
101 0 0
102 0 0
103 0 0
104 0 0
105 0 0
106 0 0
107 0 0
108 0 0
109 0 0
110 0 0
111 0 0
112 0 0
113 0 0
114 0 0
115 0 0
116 0 0
117 0 0
118 0 0
119 0 0
120 0 0
121 0 0
122 0 0
123 0 0
124 0 0
125 0 0
126 0 0
127 0 0
128 0 0
129 0 0
130 0 0
131 0 0
132 0 0
133 0 0
134 0 0
135 0 0
136 0 0
137 0 0
138 0 0
139 0 0
140 0 0
141 0 0
142 0 0
143 0 0
144 0 0
145 0 0
146 0 0
147 0 0
148 0 0
149 0 0
150 0 0
151 0 0
152 0 0
153 0 0
154 0 0
155 0 0
156 0 0
157 0 0
158 0 0
159 0 0
160 0 0
161 0 0
162 0 0
163 0 0
164 0 0
165 0 0
166 0 0
167 0 0
168 0 0
169 0 0
170 0 0
171 0 0
172 0 0
173 0 0
174 0 0
175 0 0
176 0 0
177 0 0
178 0 0
179 0 0
180 0 0
181 0 0
182 0 0
183 0 0
184 0 0
185 0 0
186 0 0
187 0 0
188 0 0
189 0 0
190 0 0
191 0 0
192 0 0
193 0 0
194 0 0
195 0 0
196 0 0
197 0 0
198 0 0
199 0 0
200 0 0
201 0 0
202 0 0
203 0 0
204 0 0
205 0 0
206 0 0
207 0 0
208 0 0
209 0 0
210 0 0
211 0 0
212 0 0
213 0 0
214 0 0
215 0 0
216 0 0
217 0 0
218 0 0
219 0 0
220 0 0
221 0 0
222 0 0
223 0 0
224 0 0
225 0 0
226 0 0
227 0 0
228 0 0
229 0 0
230 0 0
231 0 0
232 0 0
233 0 0
234 0 0
235 0 0
236 0 0
237 0 0
238 0 0
239 0 0
240 0 0
241 0 0
242 0 0
243 0 0
244 0 0
245 0 0
246 0 0
247 0 0
248 0 0
249 0 0
250 0 0
251 0 0
252 0 0
253 0 0
254 0 0
255 0 0
256 0 0
257 0 0
258 0 0
259 0 0
260 0 0
261 0 0
262 0 0
263 0 0
264 0 0
265 0 0
266 0 0
267 0 0
268 0 0
269 0 0
270 0 0
271 0 0
272 0 0
273 0 0
274 0 0
275 0 0
276 0 0
277 0 0
278 0 0
279 0 0
280 0 0
281 0 0
282 0 0
283 0 0
284 0 0
285 0 0
286 0 0
287 0 0
288 0 0
289 0 0
290 0 0
291 0 0
292 0 0
293 0 0
294 0 0
295 0 0
296 0 0
297 0 0
298 0 0
299 0 0
300 0 0
301 0 0
302 0 0
303 0 0
304 0 0
305 0 0
306 0 0
307 0 0
308 0 0
309 0 0
310 0 0
311 0 0
312 0 0
313 0 0
314 0 0
315 0 0
316 0 0
317 0 0
318 0 0
319 0 0
320 0 0
321 0 0
322 0 0
323 0 0
324 0 0
325 0 0
326 0 0
327 0 0
328 0 0
329 0 0
330 0 0
331 0 0
332 0 0
333 0 0
334 0 0
335 0 0
336 0 0
337 0 0
338 0 0
339 0 0
340 0 0
341 0 0
342 0 0
343 0 0
344 0 0
345 0 0
346 0 0
347 0 0
348 0 0
349 0 0
350 0 0
351 0 0
352 0 0
353 0 0
354 0 0
355 0 0
356 0 0
357 0 0
358 0 0
359 0 0
360 0 0
361 0 0
362 0 0
363 0 0
364 0 0
365 0 0
366 0 0
367 0 0
368 0 0
369 0 0
370 0 0
371 0 0
372 0 0
373 0 0
374 0 0
375 0 0
376 0 0
377 0 0
378 0 0
379 0 0
380 0 0
381 0 0
382 0 0
383 0 0
384 0 0
385 0 0
386 0 0
387 0 0
388 0 0
389 0 0
390 0 0
391 0 0
392 0 0
393 0 0
394 0 0
395 0 0
396 0 0
397 0 0
398 0 0
399 0 0
400 0 0
401 0 0
402 0 0
403 0 0
404 0 0
405 0 0
406 0 0
407 0 0
408 0 0
409 0 0
410 0 0
411 0 0
412 0 0
413 0 0
414 0 0
415 0 0
416 0 0
417 0 0
418 0 0
419 0 0
420 0 0
421 0 0
422 0 0
423 0 0
424 0 0
425 0 0
426 0 0
427 0 0
428 0 0
429 0 0
430 0 0
431 0 0
432 0 0
433 0 0
434 0 0
435 0 0
436 0 0
437 0 0
438 0 0
439 0 0
440 0 0
441 0 0
442 0 0
443 0 0
444 0 0
445 0 0
446 0 0
447 0 0
448 0 0
449 0 0
450 0 0
451 0 0
452 0 0
453 0 0
454 0 0
455 0 0
456 0 0
457 0 0
458 0 0
459 0 0
460 0 0
461 0 0
462 0 0
463 0 0
464 0 0
465 0 0
466 0 0
467 0 0
468 0 0
469 0 0
470 0 0
471 0 0
472 0 0
473 0 0
474 0 0
475 0 0
476 0 0
477 0 0
478 0 0
479 0 0
480 0 0
481 0 0
482 0 0
483 0 0
484 0 0
485 0 0
486 0 0
487 0 0
488 0 0
489 0 0
490 0 0
491 0 0
492 0 0
493 0 0
494 0 0
495 0 0
496 0 0
497 0 0
498 0 0
499 0 0
500 0 0
501 0 0
502 0 0
503 0 0
504 0 0
505 0 0
506 0 0
507 0 0
508 0 0
509 0 0
510 0 0
511 0 0
512 0 0
513 0 0
514 0 0
515 0 0
516 0 0
517 0 0
518 0 0
519 0 0
520 0 0
521 0 0
522 0 0
523 0 0
524 0 0
525 0 0
526 0 0
527 0 0
528 0 0
529 0 0
530 0 0
531 0 0
532 0 0
533 0 0
534 0 0
535 0 0
536 0 0
537 0 0
538 0 0
539 0 0
540 0 0
541 0 0
542 0 0
543 0 0
544 0 0
545 0 0
546 0 0
547 0 0
548 0 0
549 0 0
550 0 0
551 0 0
552 0 0
553 0 0
554 0 0
555 0 0
556 0 0
557 0 0
558 0 0
559 0 0
560 0 0
561 0 0
562 0 0
563 0 0
564 0 0
565 0 0
566 0 0
567 0 0
568 0 0
569 0 0
570 0 0
571 0 0
572 0 0
573 0 0
574 0 0
575 0 0
576 0 0
577 0 0
578 0 0
579 0 0
580 0 0
581 0 0
582 0 0
583 0 0
584 0 0
585 0 0
586 0 0
587 0 0
588 0 0
589 0 0
590 0 0
591 0 0
592 0 0
593 0 0
594 0 0
595 0 0
596 0 0
597 0 0
598 0 0
599 0 0
600 0 0
601 0 0
602 0 0
603 0 0
604 0 0
605 0 0
606 0 0
607 0 0
608 0 0
609 0 0
610 0 0
611 0 0
612 0 0
613 0 0
614 0 0
615 0 0
616 0 0
617 0 0
618 0 0
619 0 0
620 0 0
621 0 0
622 0 0
623 0 0
624 0 0
625 0 0
626 0 0
627 0 0
628 0 0
629 0 0
630 0 0
631 0 0
632 0 0
633 0 0
634 0 0
635 0 0
636 0 0
637 0 0
638 0 0
639 0 0
640 0 0
641 0 0
642 0 0
643 0 0
644 0 0
645 0 0
646 0 0
647 0 0
648 0 0
649 0 0
650 0 0
651 0 0
652 0 0
653 0 0
654 0 0
655 0 0
656 0 0
657 0 0
658 0 0
659 0 0
660 0 0
661 0 0
662 0 0
663 0 0
664 0 0
665 0 0
666 0 0
667 0 0
668 0 0
669 0 0
670 0 0
671 0 0
672 0 0
673 0 0
674 0 0
675 0 0
676 0 0
677 0 0
678 0 0
679 0 0
680 0 0
681 0 0
682 0 0
683 0 0
684 0 0
685 0 0
686 0 0
687 0 0
688 0 0
689 0 0
690 0 0
691 0 0
692 0 0
693 0 0
694 0 0
695 0 0
696 0 0
697 0 0
698 0 0
699 0 0
700 0 0
701 0 0
702 0 0
703 0 0
704 0 0
705 0 0
706 0 0
707 0 0
708 0 0
709 0 0
710 0 0
711 0 0
712 0 0
713 0 0
714 0 0
715 0 0
716 0 0
717 0 0
718 0 0
719 0 0
720 0 0
721 0 0
722 0 0
723 0 0
724 0 0
725 0 0
726 0 0
727 0 0
728 0 0
729 0 0
730 0 0
731 0 0
732 0 0
733 0 0
734 0 0
735 0 0
736 0 0
737 0 0
738 0 0
739 0 0
740 0 0
741 0 0
742 0 0
743 0 0
744 0 0
745 0 0
746 0 0
747 0 0
748 0 0
749 0 0
750 0 0
751 0 0
752 0 0
753 0 0
754 0 0
755 0 0
756 0 0
757 0 0
758 0 0
759 0 0
760 0 0
761 0 0
762 0 0
763 0 0
764 0 0
765 0 0
766 0 0
767 0 0
768 0 0
769 0 0
770 0 0
771 0 0
772 0 0
773 0 0
774 0 0
775 0 0
776 0 0
777 0 0
778 0 0
779 0 0
780 0 0
781 0 0
782 0 0
783 0 0
784 0 0
785 0 0
786 0 0
787 0 0
788 0 0
789 0 0
790 0 0
791 0 0
792 0 0
793 0 0
794 0 0
795 0 0
796 0 0
797 0 0
798 0 0
799 0 0
800 0 0
801 0 0
802 0 0
803 0 0
804 0 0
805 0 0
806 0 0
807 0 0
808 0 0
809 0 0
810 0 0
811 0 0
812 0 0
813 0 0
814 0 0
815 0 0
816 0 0
817 0 0
818 0 0
819 0 0
820 0 0
821 0 0
822 0 0
823 0 0
824 0 0
825 0 0
826 0 0
827 0 0
828 0 0
829 0 0
830 0 0
831 0 0
832 0 0
833 0 0
834 0 0
835 0 0
836 0 0
837 0 0
838 0 0
839 0 0
840 0 0
841 0 0
842 0 0
843 0 0
844 0 0
845 0 0
846 0 0
847 0 0
848 0 0
849 0 0
850 0 0
851 0 0
852 0 0
853 0 0
854 0 0
855 0 0
856 0 0
857 0 0
858 0 0
859 0 0
860 0 0
861 0 0
862 0 0
863 0 0
864 0 0
865 0 0
866 0 0
867 0 0
868 0 0
869 0 0
870 0 0
871 0 0
872 0 0
873 0 0
874 0 0
875 0 0
876 0 0
877 0 0
878 0 0
879 0 0
880 0 0
881 0 0
882 0 0
883 0 0
884 0 0
885 0 0
886 0 0
887 0 0
888 0 0
889 0 0
890 0 0
891 0 0
892 0 0
893 0 0
894 0 0
895 0 0
896 0 0
897 0 0
898 0 0
899 0 0
900 0 0
901 0 0
902 0 0
903 0 0
904 0 0
905 0 0
906 0 0
907 0 0
908 0 0
909 0 0
910 0 0
911 0 0
912 0 0
913 0 0
914 0 0
915 0 0
916 0 0
917 0 0
918 0 0
919 0 0
920 0 0
921 0 0
922 0 0
923 0 0
924 0 0
925 0 0
926 0 0
927 0 0
928 0 0
929 0 0
930 0 0
931 0 0
932 0 0
933 0 0
934 0 0
935 0 0
936 0 0
937 0 0
938 0 0
939 0 0
940 0 0
941 0 0
942 0 0
943 0 0
944 0 0
945 0 0
946 0 0
947 0 0
948 0 0
949 0 0
950 0 0
951 0 0
952 0 0
953 0 0
954 0 0
955 0 0
956 0 0
957 0 0
958 0 0
959 0 0
960 0 0
961 0 0
962 0 0
963 0 0
964 0 0
965 0 0
966 0 0
967 0 0
968 0 0
969 0 0
970 0 0
971 0 0
972 0 0
973 0 0
974 0 0
975 0 0
976 0 0
977 0 0
978 0 0
979 0 0
980 0 0
981 0 0
982 0 0
983 0 0
984 0 0
985 0 0
986 0 0
987 0 0
988 0 0
989 0 0
990 0 0
991 0 0
992 0 0
993 0 0
994 0 0
995 0 0
996 0 0
997 0 0
998 0 0
999 0 0
1000 0 0
1001 0 0
1002 0 0
1003 0 0
1004 0 0
1005 0 0
1006 0 0
1007 0 0
1008 0 0
1009 0 0
1010 0 0
1011 0 0
1012 0 0
1013 0 0
1014 0 0
1015 0 0
1016 0 0
1017 0 0
1018 0 0
1019 0 0
1020 0 0
1021 0 0
1022 0 0
1023 0 0
1024 0 0

ARCS
1 513 100
513 769 106
769 257 103
257 1 101
1 129 108
129 641 106
641 513 110
513 577 106
577 65 103
65 1 105
1 33 105
33 545 109
545 513 101
513 529 106
529 17 101
17 1 102
1 9 100
9 521 110
521 513 101
513 517 110
517 5 106
5 1 107
1 3 107
3 515 100
515 513 109
513 514 100
514 2 104
2 1 110
2 258 105
258 257 109
257 385 106
385 129 109
129 193 109
193 65 106
65 321 106
321 257 109
257 289 109
289 33 104
33 161 105
161 129 105
129 145 101
145 17 109
17 273 103
273 257 107
257 265 106
265 9 100
9 137 105
137 129 104
129 133 104
133 5 110
5 261 108
261 257 108
257 259 109
259 3 104
3 131 107
131 129 107
129 130 101
130 2 109
2 66 100
66 65 110
65 97 101
97 33 108
33 49 104
49 17 101
17 81 107
81 65 106
65 73 110
73 9 104
9 41 103
41 33 102
33 37 110
37 5 102
5 69 104
69 65 103
65 67 109
67 3 106
3 35 110
35 33 101
33 34 106
34 2 100
2 18 105
18 17 105
17 25 107
25 9 110
9 13 105
13 5 107
5 21 110
21 17 104
17 19 104
19 3 109
3 11 105
11 9 105
9 10 110
10 2 107
2 6 100
6 5 107
5 7 108
7 3 101
3 4 107
4 2 104
4 516 104
516 514 103
514 770 106
770 258 108
258 386 102
386 130 101
130 642 100
642 514 107
514 578 100
578 66 102
66 322 102
322 258 110
258 290 102
290 34 100
34 546 106
546 514 106
514 530 102
530 18 101
18 274 106
274 258 104
258 266 103
266 10 108
10 522 100
522 514 108
514 518 101
518 6 100
6 262 106
262 258 108
258 260 110
260 4 107
4 132 110
132 130 106
130 194 105
194 66 104
66 98 108
98 34 108
34 162 100
162 130 107
130 146 102
146 18 109
18 82 106
82 66 109
66 74 102
74 10 109
10 138 108
138 130 104
130 134 110
134 6 109
6 70 102
70 66 108
66 68 107
68 4 108
4 36 102
36 34 107
34 50 108
50 18 110
18 26 106
26 10 100
10 42 101
42 34 103
34 38 104
38 6 104
6 22 108
22 18 101
18 20 110
20 4 100
4 12 108
12 10 109
10 14 107
14 6 105
6 8 102
8 4 103
8 7 109
7 519 103
519 515 101
515 771 100
771 259 108
259 387 104
387 131 109
131 643 107
643 515 101
515 579 105
579 67 104
67 323 102
323 259 107
259 291 105
291 35 102
35 547 107
547 515 108
515 531 107
531 19 104
19 275 101
275 259 101
259 267 102
267 11 108
11 523 106
523 515 105
515 516 105
516 772 109
772 260 110
260 259 105
259 263 109
263 7 103
7 135 101
135 131 100
131 195 103
195 67 107
67 99 101
99 35 107
35 163 109
163 131 109
131 147 108
147 19 106
19 83 102
83 67 102
67 75 101
75 11 110
11 139 107
139 131 104
131 132 105
132 644 105
644 516 104
516 580 102
580 68 101
68 67 100
67 71 106
71 7 105
7 39 109
39 35 100
35 51 109
51 19 105
19 27 105
27 11 102
11 43 109
43 35 101
35 36 108
36 548 106
548 516 105
516 532 102
532 20 102
20 19 101
19 23 110
23 7 110
7 15 100
15 11 103
11 12 103
12 524 105
524 516 108
516 520 102
520 8 105
8 264 105
264 260 109
260 388 109
388 132 104
132 196 105
196 68 104
68 324 106
324 260 103
260 292 106
292 36 102
36 164 102
164 132 108
132 148 110
148 20 106
20 276 103
276 260 110
260 268 105
268 12 106
12 140 109
140 132 103
132 136 101
136 8 103
8 72 110
72 68 109
68 100 100
100 36 100
36 52 104
52 20 107
20 84 101
84 68 107
68 76 104
76 12 104
12 44 109
44 36 110
36 40 110
40 8 105
8 24 102
24 20 108
20 28 106
28 12 102
12 16 104
16 8 100
16 14 106
14 13 100
13 525 105
525 517 101
517 773 103
773 261 100
261 389 102
389 133 100
133 645 101
645 517 107
517 581 102
581 69 101
69 325 110
325 261 110
261 293 108
293 37 102
37 549 104
549 517 102
517 533 103
533 21 102
21 277 105
277 261 109
261 269 100
269 13 105
13 141 103
141 133 110
133 197 110
197 69 100
69 101 100
101 37 103
37 165 107
165 133 104
133 149 102
149 21 104
21 85 102
85 69 105
69 77 108
77 13 101
13 45 101
45 37 108
37 53 108
53 21 100
21 29 109
29 13 106
13 15 108
15 527 109
527 519 101
519 517 104
517 518 100
518 774 109
774 262 110
262 261 104
261 263 105
263 775 108
775 519 110
519 647 101
647 135 104
135 133 109
133 134 102
134 646 101
646 518 109
518 582 102
582 70 103
70 69 102
69 71 110
71 583 100
583 519 103
519 551 106
551 39 104
39 37 104
37 38 103
38 550 102
550 518 107
518 534 105
534 22 110
22 21 101
21 23 104
23 535 104
535 519 102
519 520 109
520 518 105
518 526 102
526 14 105
14 270 105
270 262 106
262 390 102
390 134 102
134 198 103
198 70 105
70 326 108
326 262 102
262 294 106
294 38 100
38 166 102
166 134 106
134 150 104
150 22 101
22 278 104
278 262 109
262 264 100
264 263 110
263 391 108
391 135 104
135 199 106
199 71 102
71 327 102
327 263 107
263 295 100
295 39 106
39 167 101
167 135 104
135 151 101
151 23 101
23 279 102
279 263 109
263 271 100
271 15 101
15 143 102
143 135 107
135 136 110
136 134 104
134 142 106
142 14 110
14 78 108
78 70 107
70 102 108
102 38 110
38 54 102
54 22 101
22 86 109
86 70 107
70 72 108
72 71 104
71 103 106
103 39 109
39 55 101
55 23 105
23 87 108
87 71 107
71 79 106
79 15 107
15 47 101
47 39 110
39 40 102
40 38 101
38 46 109
46 14 106
14 30 109
30 22 101
22 24 100
24 23 104
23 31 103
31 15 101
15 16 103
16 528 100
528 520 100
520 776 109
776 264 102
264 392 105
392 136 104
136 648 107
648 520 106
520 584 100
584 72 102
72 328 102
328 264 107
264 296 108
296 40 101
40 552 102
552 520 109
520 536 102
536 24 108
24 280 110
280 264 110
264 272 107
272 16 104
16 144 100
144 136 104
136 200 109
200 72 107
72 104 101
104 40 106
40 168 102
168 136 109
136 152 108
152 24 107
24 88 102
88 72 108
72 80 101
80 16 107
16 48 110
48 40 108
40 56 107
56 24 107
24 32 109
32 16 102
32 28 107
28 26 110
26 25 105
25 537 102
537 521 100
521 777 109
777 265 110
265 393 101
393 137 105
137 649 100
649 521 109
521 585 107
585 73 100
73 329 107
329 265 108
265 297 103
297 41 108
41 553 107
553 521 107
521 525 109
525 781 101
781 269 108
269 265 110
265 281 105
281 25 109
25 153 105
153 137 107
137 201 107
201 73 101
73 105 110
105 41 106
41 169 107
169 137 107
137 141 108
141 653 100
653 525 104
525 589 110
589 77 100
77 73 106
73 89 105
89 25 105
25 57 106
57 41 100
41 45 106
45 557 105
557 525 102
525 541 101
541 29 108
29 25 108
25 27 108
27 539 110
539 523 106
523 521 102
521 522 101
522 778 102
778 266 101
266 265 104
265 267 107
267 779 102
779 523 100
523 651 102
651 139 103
139 137 104
137 138 103
138 650 104
650 522 109
522 586 104
586 74 106
74 73 100
73 75 110
75 587 100
587 523 101
523 555 109
555 43 107
43 41 102
41 42 103
42 554 107
554 522 105
522 538 106
538 26 110
26 282 106
282 266 104
266 394 109
394 138 103
138 202 107
202 74 105
74 330 107
330 266 102
266 298 106
298 42 101
42 170 108
170 138 101
138 154 103
154 26 104
26 90 109
90 74 104
74 106 100
106 42 105
42 58 106
58 26 107
26 30 107
30 29 105
29 285 107
285 269 102
269 397 108
397 141 105
141 205 104
205 77 105
77 333 101
333 269 104
269 301 104
301 45 104
45 173 102
173 141 101
141 157 108
157 29 108
29 93 100
93 77 105
77 109 101
109 45 104
45 61 104
61 29 109
29 31 105
31 27 101
27 283 109
283 267 104
267 395 107
395 139 101
139 203 106
203 75 110
75 331 104
331 267 103
267 299 105
299 43 101
43 171 101
171 139 100
139 155 110
155 27 103
27 91 105
91 75 103
75 107 105
107 43 105
43 59 109
59 27 105
27 28 104
28 540 106
540 524 100
524 522 108
522 526 105
526 525 102
525 527 104
527 523 109
523 524 110
524 780 105
780 268 100
268 266 108
266 270 102
270 269 102
269 271 107
271 267 106
267 268 107
268 396 109
396 140 102
140 138 109
138 142 107
142 141 100
141 143 107
143 139 104
139 140 105
140 652 103
652 524 107
524 588 106
588 76 102
76 74 108
74 78 105
78 77 109
77 79 101
79 75 104
75 76 108
76 332 101
332 268 104
268 300 105
300 44 103
44 42 103
42 46 106
46 45 105
45 47 104
47 43 108
43 44 106
44 556 108
556 524 107
524 528 102
528 526 103
526 782 101
782 270 107
270 398 104
398 142 106
142 654 108
654 526 103
526 590 104
590 78 104
78 334 104
334 270 103
270 302 103
302 46 103
46 558 104
558 526 107
526 542 105
542 30 100
30 286 107
286 270 103
270 272 107
272 268 108
268 284 110
284 28 109
28 156 104
156 140 101
140 204 103
204 76 104
76 108 110
108 44 105
44 172 101
172 140 109
140 144 106
144 142 105
142 206 103
206 78 103
78 110 107
110 46 104
46 174 100
174 142 104
142 158 103
158 30 105
30 94 107
94 78 106
78 80 109
80 76 102
76 92 110
92 28 108
28 60 109
60 44 103
44 48 106
48 46 107
46 62 102
62 30 107
30 32 102
32 31 104
31 543 110
543 527 104
527 783 106
783 271 110
271 399 108
399 143 109
143 655 107
655 527 104
527 591 108
591 79 108
79 335 109
335 271 109
271 303 100
303 47 105
47 559 107
559 527 105
527 528 107
528 784 106
784 272 104
272 271 100
271 287 110
287 31 109
31 159 109
159 143 104
143 207 102
207 79 107
79 111 104
111 47 107
47 175 108
175 143 105
143 144 100
144 656 100
656 528 100
528 592 104
592 80 103
80 79 106
79 95 110
95 31 105
31 63 101
63 47 110
47 48 105
48 560 110
560 528 105
528 544 106
544 32 110
32 288 102
288 272 106
272 400 101
400 144 102
144 208 106
208 80 105
80 336 105
336 272 108
272 304 100
304 48 103
48 176 105
176 144 109
144 160 104
160 32 104
32 96 103
96 80 102
80 112 104
112 48 105
48 64 107
64 32 105
64 56 107
56 52 108
52 50 102
50 49 105
49 561 104
561 529 102
529 785 106
785 273 110
273 401 101
401 145 103
145 657 109
657 529 105
529 593 110
593 81 100
81 337 104
337 273 105
273 305 100
305 49 106
49 177 110
177 145 103
145 209 101
209 81 105
81 113 103
113 49 101
49 57 107
57 569 105
569 537 101
537 529 101
529 533 105
533 789 107
789 277 105
277 273 104
273 281 106
281 793 102
793 537 102
537 665 109
665 153 108
153 145 110
145 149 106
149 661 103
661 533 107
533 597 101
597 85 101
85 81 102
81 89 101
89 601 105
601 537 102
537 541 108
541 533 102
533 565 101
565 53 110
53 49 103
49 51 105
51 563 110
563 531 100
531 529 104
529 530 110
530 786 110
786 274 104
274 273 104
273 275 105
275 787 104
787 531 108
531 659 110
659 147 109
147 145 104
145 146 105
146 658 106
658 530 104
530 594 108
594 82 107
82 81 105
81 83 108
83 595 105
595 531 102
531 539 101
539 537 110
537 538 108
538 530 105
530 562 107
562 50 109
50 306 100
306 274 107
274 402 106
402 146 110
146 210 104
210 82 102
82 338 109
338 274 110
274 282 106
282 281 109
281 409 101
409 153 110
153 217 107
217 89 107
89 345 102
345 281 104
281 313 104
313 57 103
57 185 108
185 153 102
153 157 110
157 149 109
149 405 107
405 277 100
277 341 105
341 85 106
85 213 100
213 149 106
149 181 109
181 53 103
53 309 107
309 277 104
277 285 101
285 281 102
281 283 101
283 275 102
275 403 108
403 147 101
147 211 101
211 83 108
83 339 102
339 275 106
275 307 106
307 51 102
51 179 109
179 147 107
147 155 109
155 153 106
153 154 101
154 146 104
146 178 100
178 50 103
50 114 107
114 82 107
82 90 102
90 89 104
89 121 104
121 57 104
57 61 107
61 53 101
53 117 108
117 85 103
85 93 103
93 89 102
89 91 102
91 83 100
83 115 105
115 51 107
51 59 105
59 57 103
57 58 100
58 50 106
50 54 110
54 53 105
53 55 100
55 51 108
51 52 100
52 564 101
564 532 108
532 530 103
530 534 102
534 533 105
533 535 108
535 531 103
531 532 108
532 788 103
788 276 103
276 274 103
274 278 100
278 277 101
277 279 105
279 275 101
275 276 101
276 404 108
404 148 100
148 146 108
146 150 106
150 149 108
149 151 107
151 147 106
147 148 107
148 660 110
660 532 105
532 596 110
596 84 104
84 82 100
82 86 104
86 85 109
85 87 105
87 83 102
83 84 107
84 340 102
340 276 102
276 308 102
308 52 107
52 180 107
180 148 102
148 212 110
212 84 110
84 116 101
116 52 104
52 60 106
60 58 100
58 570 101
570 538 100
538 794 106
794 282 102
282 410 109
410 154 109
154 666 102
666 538 106
538 602 105
602 90 105
90 346 109
346 282 108
282 314 110
314 58 105
58 186 108
186 154 101
154 218 102
218 90 110
90 122 104
122 58 102
58 62 100
62 54 108
54 566 100
566 534 107
534 790 104
790 278 102
278 406 104
406 150 103
150 662 107
662 534 105
534 598 101
598 86 109
86 342 107
342 278 103
278 310 110
310 54 101
54 182 109
182 150 107
150 214 105
214 86 103
86 118 108
118 54 108
54 56 104
56 55 104
55 567 100
567 535 107
535 791 109
791 279 104
279 407 108
407 151 110
151 663 104
663 535 110
535 599 106
599 87 100
87 343 101
343 279 110
279 311 103
311 55 106
55 183 105
183 151 110
151 215 103
215 87 108
87 119 100
119 55 100
55 63 105
63 59 105
59 571 101
571 539 100
539 795 106
795 283 106
283 411 107
411 155 109
155 667 106
667 539 110
539 603 101
603 91 100
91 347 108
347 283 105
283 315 105
315 59 107
59 187 103
187 155 104
155 219 107
219 91 106
91 123 109
123 59 100
59 60 105
60 572 105
572 540 100
540 532 104
532 536 100
536 534 101
534 542 106
542 538 105
538 540 108
540 539 105
539 543 107
543 535 102
535 536 100
536 792 105
792 280 101
280 276 107
276 284 104
284 282 103
282 286 102
286 278 109
278 280 103
280 279 106
279 287 106
287 283 103
283 284 109
284 796 104
796 540 104
540 668 100
668 156 101
156 148 110
148 152 105
152 150 109
150 158 103
158 154 109
154 156 106
156 155 107
155 159 109
159 151 101
151 152 104
152 664 109
664 536 104
536 600 107
600 88 102
88 84 110
84 92 108
92 90 105
90 94 100
94 86 106
86 88 100
88 87 110
87 95 105
95 91 103
91 92 102
92 604 105
604 540 100
540 544 100
544 536 104
536 568 109
568 56 102
56 312 104
312 280 108
280 408 105
408 152 110
152 216 103
216 88 100
88 344 102
344 280 105
280 288 100
288 284 106
284 412 100
412 156 100
156 220 107
220 92 104
92 348 104
348 284 110
284 316 110
316 60 104
60 188 101
188 156 106
156 160 105
160 152 105
152 184 105
184 56 106
56 120 107
120 88 107
88 96 107
96 92 110
92 124 110
124 60 103
60 64 109
64 62 104
62 61 110
61 573 107
573 541 102
541 797 101
797 285 110
285 413 104
413 157 100
157 669 106
669 541 110
541 605 104
605 93 109
93 349 109
349 285 106
285 317 108
317 61 106
61 189 107
189 157 109
157 221 103
221 93 103
93 125 101
125 61 103
61 63 100
63 575 105
575 543 105
543 541 100
541 542 103
542 798 104
798 286 105
286 285 100
285 287 104
287 799 102
799 543 103
543 671 109
671 159 101
159 157 104
157 158 107
158 670 106
670 542 109
542 606 110
606 94 105
94 93 107
93 95 110
95 607 106
607 543 107
543 544 104
544 542 105
542 574 103
574 62 105
62 318 100
318 286 110
286 414 101
414 158 100
158 222 108
222 94 107
94 350 110
350 286 106
286 288 107
288 287 103
287 415 106
415 159 101
159 223 109
223 95 110
95 351 101
351 287 109
287 319 103
319 63 106
63 191 108
191 159 110
159 160 106
160 158 104
158 190 103
190 62 109
62 126 100
126 94 108
94 96 105
96 95 101
95 127 109
127 63 107
63 64 105
64 576 100
576 544 100
544 800 102
800 288 110
288 416 110
416 160 107
160 672 100
672 544 101
544 608 110
608 96 100
96 352 103
352 288 106
288 320 103
320 64 101
64 192 110
192 160 106
160 224 105
224 96 101
96 128 101
128 64 102
128 112 110
112 104 105
104 100 104
100 98 110
98 97 107
97 609 105
609 545 102
545 801 102
801 289 105
289 417 100
417 161 104
161 673 109
673 545 106
545 561 106
561 817 104
817 305 108
305 289 107
289 353 108
353 97 100
97 225 106
225 161 107
161 177 102
177 689 107
689 561 107
561 625 101
625 113 103
113 97 109
97 105 105
105 617 108
617 553 105
553 545 102
545 549 104
549 805 108
805 293 109
293 289 102
289 297 106
297 809 108
809 553 108
553 681 105
681 169 102
169 161 105
161 165 102
165 677 109
677 549 103
549 613 104
613 101 105
101 97 107
97 99 108
99 611 102
611 547 108
547 545 102
545 546 106
546 802 108
802 290 103
290 289 101
289 291 102
291 803 102
803 547 107
547 675 110
675 163 108
163 161 110
161 162 102
162 674 110
674 546 107
546 610 100
610 98 100
98 354 102
354 290 108
290 418 102
418 162 105
162 226 101
226 98 107
98 114 103
114 113 104
113 369 109
369 305 101
305 433 101
433 177 100
177 241 108
241 113 103
113 121 110
121 105 105
105 361 100
361 297 110
297 425 107
425 169 107
169 233 104
233 105 100
105 109 103
109 101 107
101 357 109
357 293 108
293 421 106
421 165 107
165 229 103
229 101 110
101 117 106
117 113 105
113 115 101
115 99 101
99 355 104
355 291 105
291 419 108
419 163 100
163 227 110
227 99 106
99 107 100
107 105 100
105 106 102
106 98 100
98 102 101
102 101 105
101 103 105
103 99 107
99 100 108
100 612 107
612 548 107
548 546 105
546 562 102
562 561 110
561 569 104
569 553 103
553 557 106
557 549 104
549 565 105
565 561 110
561 563 106
563 547 109
547 555 103
555 553 109
553 554 104
554 546 105
546 550 109
550 549 110
549 551 103
551 547 106
547 548 110
548 804 110
804 292 108
292 290 101
290 306 109
306 305 104
305 313 108
313 297 103
297 301 108
301 293 106
293 309 104
309 305 110
305 307 100
307 291 104
291 299 109
299 297 100
297 298 100
298 290 108
290 294 100
294 293 108
293 295 104
295 291 103
291 292 106
292 420 110
420 164 105
164 162 100
162 178 110
178 177 103
177 185 101
185 169 109
169 173 106
173 165 104
165 181 104
181 177 109
177 179 107
179 163 107
163 171 106
171 169 103
169 170 104
170 162 109
162 166 102
166 165 102
165 167 109
167 163 101
163 164 101
164 676 109
676 548 106
548 564 100
564 562 102
562 818 107
818 306 109
306 434 106
434 178 102
178 690 104
690 562 107
562 626 107
626 114 107
114 370 104
370 306 110
306 314 104
314 298 108
298 810 100
810 554 103
554 682 101
682 170 107
170 426 109
426 298 110
298 362 102
362 106 104
106 618 101
618 554 109
554 570 110
570 562 100
562 566 108
566 550 110
550 806 100
806 294 105
294 422 107
422 166 108
166 678 101
678 550 103
550 614 108
614 102 101
102 358 110
358 294 108
294 310 106
310 306 110
306 308 108
308 292 109
292 356 110
356 100 100
100 228 106
228 164 107
164 180 105
180 178 108
178 242 103
242 114 101
114 122 108
122 106 106
106 234 106
234 170 108
170 186 109
186 178 100
178 182 110
182 166 102
166 230 107
230 102 106
102 118 103
118 114 101
114 116 104
116 100 110
100 108 110
108 106 110
106 110 106
110 102 105
102 104 107
104 103 105
103 615 107
615 551 104
551 807 100
807 295 105
295 423 109
423 167 102
167 679 101
679 551 109
551 567 105
567 563 105
563 819 109
819 307 104
307 435 102
435 179 108
179 691 104
691 563 101
563 627 108
627 115 103
115 371 103
371 307 109
307 315 100
315 299 110
299 811 108
811 555 100
555 683 106
683 171 101
171 427 105
427 299 103
299 363 105
363 107 105
107 619 108
619 555 109
555 571 106
571 563 101
563 564 108
564 820 105
820 308 109
308 307 101
307 311 102
311 295 102
295 359 104
359 103 101
103 231 106
231 167 103
167 183 108
183 179 101
179 243 109
243 115 108
115 123 103
123 107 107
107 235 105
235 171 100
171 187 110
187 179 109
179 180 103
180 692 110
692 564 100
564 628 105
628 116 106
116 115 100
115 119 103
119 103 106
103 111 107
111 107 107
107 108 104
108 620 105
620 556 108
556 548 105
548 552 106
552 550 101
550 558 104
558 554 101
554 556 103
556 555 108
555 559 101
559 551 104
551 552 103
552 808 107
808 296 107
296 292 107
292 300 108
300 298 103
298 302 102
302 294 103
294 296 106
296 295 100
295 303 105
303 299 110
299 300 109
300 812 102
812 556 110
556 684 110
684 172 101
172 164 105
164 168 101
168 166 100
166 174 109
174 170 103
170 172 102
172 171 101
171 175 108
175 167 107
167 168 107
168 680 106
680 552 100
552 616 106
616 104 106
104 360 106
360 296 106
296 424 101
424 168 103
168 232 101
232 104 104
104 120 101
120 116 110
116 372 105
372 308 110
308 436 100
436 180 103
180 244 103
244 116 102
116 124 101
124 108 105
108 364 105
364 300 107
300 428 108
428 172 104
172 236 108
236 108 107
108 112 103
112 110 107
110 109 102
109 621 106
621 557 107
557 813 101
813 301 102
301 429 105
429 173 110
173 685 100
685 557 110
557 573 103
573 565 110
565 821 103
821 309 105
309 437 108
437 181 109
181 693 108
693 565 104
565 629 102
629 117 109
117 373 105
373 309 110
309 317 104
317 301 109
301 365 109
365 109 103
109 237 107
237 173 101
173 189 102
189 181 108
181 245 105
245 117 104
117 125 108
125 109 105
109 111 110
111 623 109
623 559 110
559 557 108
557 558 102
558 814 106
814 302 110
302 301 110
301 303 110
303 815 108
815 559 102
559 687 104
687 175 110
175 173 105
173 174 108
174 686 102
686 558 106
558 622 103
622 110 104
110 366 106
366 302 102
302 430 101
430 174 102
174 238 103
238 110 108
110 126 110
126 118 104
118 117 101
117 119 101
119 631 104
631 567 107
567 565 110
565 566 108
566 822 104
822 310 101
310 309 104
309 311 102
311 823 109
823 567 110
567 695 100
695 183 108
183 181 107
181 182 104
182 694 103
694 566 105
566 630 100
630 118 100
118 374 101
374 310 101
310 438 103
438 182 103
182 246 103
246 118 105
118 120 109
120 119 100
119 375 104
375 311 110
311 439 109
439 183 101
183 247 108
247 119 107
119 127 103
127 111 101
111 367 105
367 303 104
303 431 108
431 175 108
175 239 106
239 111 102
111 112 109
112 624 102
624 560 106
560 552 104
552 568 103
568 564 100
564 572 106
572 556 102
556 560 109
560 558 106
558 574 100
574 566 100
566 568 106
568 567 105
567 575 104
575 559 101
559 560 105
560 816 101
816 304 107
304 296 107
296 312 107
312 308 109
308 316 109
316 300 105
300 304 105
304 302 108
302 318 104
318 310 102
310 312 104
312 311 104
311 319 108
319 303 104
303 304 106
304 432 108
432 176 102
176 168 101
168 184 103
184 180 106
180 188 100
188 172 102
172 176 104
176 174 102
174 190 104
190 182 110
182 184 106
184 183 106
183 191 102
191 175 106
175 176 103
176 688 109
688 560 103
560 576 108
576 568 104
568 824 104
824 312 108
312 440 107
440 184 103
184 696 109
696 568 100
568 632 102
632 120 108
120 376 109
376 312 105
312 320 104
320 304 102
304 368 109
368 112 107
112 240 100
240 176 101
176 192 108
192 184 101
184 248 106
248 120 110
120 128 109
128 124 102
124 122 104
122 121 105
121 633 108
633 569 109
569 825 102
825 313 106
313 441 106
441 185 101
185 697 104
697 569 104
569 573 101
573 829 103
829 317 109
317 313 110
313 377 107
377 121 101
121 249 106
249 185 102
185 189 101
189 701 109
701 573 101
573 637 105
637 125 108
125 121 100
121 123 108
123 635 108
635 571 102
571 569 105
569 570 101
570 826 100
826 314 106
314 313 100
313 315 108
315 827 102
827 571 106
571 699 110
699 187 107
187 185 102
185 186 108
186 698 100
698 570 110
570 634 102
634 122 109
122 378 103
378 314 109
314 442 101
442 186 105
186 250 110
250 122 109
122 126 106
126 125 107
125 381 107
381 317 102
317 445 102
445 189 101
189 253 108
253 125 109
125 127 100
127 123 104
123 379 105
379 315 107
315 443 104
443 187 100
187 251 109
251 123 110
123 124 106
124 636 108
636 572 100
572 570 102
570 574 104
574 573 110
573 575 107
575 571 106
571 572 104
572 828 101
828 316 107
316 314 103
314 318 107
318 317 108
317 319 108
319 315 102
315 316 101
316 444 106
444 188 110
188 186 102
186 190 102
190 189 104
189 191 102
191 187 101
187 188 101
188 700 108
700 572 104
572 576 108
576 574 109
574 830 102
830 318 110
318 446 107
446 190 107
190 702 106
702 574 107
574 638 101
638 126 109
126 382 103
382 318 108
318 320 102
320 316 100
316 380 107
380 124 109
124 252 103
252 188 100
188 192 100
192 190 110
190 254 100
254 126 100
126 128 101
128 127 106
127 639 104
639 575 102
575 831 108
831 319 102
319 447 100
447 191 104
191 703 108
703 575 109
575 576 100
576 832 106
832 320 102
320 319 108
319 383 109
383 127 101
127 255 107
255 191 100
191 192 101
192 704 110
704 576 105
576 640 102
640 128 108
128 384 109
384 320 102
320 448 104
448 192 109
192 256 107
256 128 108
256 224 110
224 208 110
208 200 104
200 196 101
196 194 108
194 193 104
193 705 109
705 577 104
577 833 105
833 321 107
321 449 109
449 193 102
193 225 107
225 737 105
737 609 110
609 577 109
577 593 100
593 849 103
849 337 108
337 321 106
321 353 100
353 865 109
865 609 102
609 625 108
625 593 108
593 721 104
721 209 108
209 193 106
193 201 102
201 713 110
713 585 105
585 577 104
577 581 110
581 837 107
837 325 104
325 321 105
321 329 106
329 841 108
841 585 109
585 617 104
617 609 104
609 613 101
613 581 106
581 709 102
709 197 104
197 193 102
193 195 100
195 707 106
707 579 105
579 577 105
577 578 106
578 834 100
834 322 100
322 321 107
321 323 101
323 835 102
835 579 110
579 611 109
611 609 105
609 610 104
610 578 100
578 706 110
706 194 104
194 450 110
450 322 104
322 354 105
354 353 100
353 481 105
481 225 101
225 241 101
241 209 108
209 465 103
465 337 105
337 369 108
369 353 108
353 361 101
361 329 110
329 457 105
457 201 105
201 233 104
233 225 103
225 229 110
229 197 106
197 453 101
453 325 109
325 357 108
357 353 104
353 355 102
355 323 106
323 451 103
451 195 103
195 227 106
227 225 106
225 226 109
226 194 100
194 210 105
210 209 102
209 217 102
217 201 105
201 205 102
205 197 105
197 213 105
213 209 106
209 211 105
211 195 107
195 203 107
203 201 109
201 202 110
202 194 104
194 198 109
198 197 100
197 199 109
199 195 102
195 196 100
196 708 110
708 580 103
580 578 104
578 594 103
594 593 105
593 601 101
601 585 106
585 589 104
589 581 100
581 597 105
597 593 105
593 595 105
595 579 100
579 587 109
587 585 108
585 586 108
586 578 105
578 582 109
582 581 108
581 583 101
583 579 109
579 580 100
580 836 101
836 324 108
324 322 100
322 338 101
338 337 104
337 345 101
345 329 103
329 333 108
333 325 108
325 341 103
341 337 103
337 339 100
339 323 104
323 331 105
331 329 101
329 330 109
330 322 107
322 326 104
326 325 109
325 327 107
327 323 108
323 324 100
324 452 100
452 196 102
196 228 107
228 226 105
226 738 100
738 610 107
610 866 108
866 354 105
354 482 109
482 226 110
226 242 110
242 210 105
210 722 102
722 594 100
594 850 106
850 338 108
338 466 110
466 210 106
210 218 108
218 202 103
202 714 101
714 586 110
586 842 102
842 330 103
330 458 107
458 202 105
202 234 107
234 226 105
226 230 103
230 198 103
198 710 103
710 582 109
582 838 105
838 326 109
326 454 104
454 198 101
198 214 109
214 210 106
210 212 110
212 196 106
196 204 104
204 202 108
202 206 104
206 198 110
198 200 109
200 199 107
199 711 110
711 583 101
583 839 106
839 327 107
327 455 110
455 199 108
199 231 108
231 227 108
227 739 104
739 611 110
611 867 106
867 355 106
355 483 103
483 227 109
227 243 102
243 211 101
211 723 108
723 595 110
595 851 106
851 339 108
339 467 101
467 211 106
211 219 101
219 203 108
203 715 100
715 587 100
587 843 109
843 331 106
331 459 110
459 203 103
203 235 102
235 227 104
227 228 108
228 740 107
740 612 104
612 580 100
580 596 106
596 594 102
594 626 100
626 610 108
610 618 107
618 586 108
586 602 107
602 594 103
594 598 104
598 582 109
582 614 103
614 610 106
610 612 103
612 611 100
611 627 107
627 595 102
595 603 104
603 587 109
587 619 101
619 611 102
611 615 108
615 583 107
583 599 104
599 595 100
595 596 106
596 852 106
852 340 106
340 324 105
324 356 102
356 354 102
354 370 103
370 338 106
338 346 106
346 330 103
330 362 101
362 354 105
354 358 107
358 326 102
326 342 106
342 338 106
338 340 110
340 339 105
339 371 105
371 355 109
355 363 104
363 331 109
331 347 106
347 339 104
339 343 105
343 327 101
327 359 102
359 355 100
355 356 109
356 868 101
868 612 106
612 628 109
628 596 109
596 724 109
724 212 106
212 211 102
211 215 105
215 199 109
199 207 104
207 203 103
203 204 107
204 716 104
716 588 109
588 580 107
580 584 108
584 582 101
582 590 110
590 586 104
586 588 104
588 587 104
587 591 107
591 583 108
583 584 109
584 840 108
840 328 109
328 324 103
324 332 109
332 330 100
330 334 109
334 326 105
326 328 103
328 327 108
327 335 102
335 331 102
331 332 100
332 844 106
844 588 103
588 620 102
620 612 102
612 616 102
616 584 104
584 712 107
712 200 107
200 456 108
456 328 104
328 360 109
360 356 100
356 484 110
484 228 107
228 244 107
244 212 107
212 468 103
468 340 101
340 372 107
372 356 109
356 364 109
364 332 101
332 460 107
460 204 108
204 236 107
236 228 103
228 232 101
232 200 105
200 216 102
216 212 109
212 220 100
220 204 106
204 208 106
208 206 104
206 205 105
205 717 108
717 589 100
589 845 104
845 333 106
333 461 104
461 205 100
205 237 106
237 229 100
229 741 107
741 613 109
613 869 107
869 357 110
357 485 103
485 229 110
229 245 101
245 213 101
213 725 109
725 597 108
597 853 100
853 341 106
341 469 100
469 213 103
213 221 108
221 205 103
205 207 105
207 719 104
719 591 109
591 589 103
589 621 106
621 613 103
613 629 106
629 597 100
597 605 101
605 589 105
589 590 101
590 846 105
846 334 103
334 333 100
333 365 102
365 357 101
357 373 108
373 341 109
341 349 108
349 333 100
333 335 108
335 847 110
847 591 103
591 623 100
623 615 108
615 613 107
613 614 103
614 870 108
870 358 100
358 357 108
357 359 109
359 871 106
871 615 109
615 743 109
743 231 105
231 229 101
229 230 101
230 742 102
742 614 105
614 630 101
630 598 108
598 597 102
597 599 104
599 855 110
855 343 101
343 341 105
341 342 104
342 854 105
854 598 100
598 726 103
726 214 106
214 213 104
213 215 107
215 727 106
727 599 106
599 631 109
631 615 103
615 616 109
616 614 102
614 622 101
622 590 104
590 718 104
718 206 105
206 462 103
462 334 108
334 366 104
366 358 100
358 486 108
486 230 107
230 246 107
246 214 105
214 470 106
470 342 101
342 374 107
374 358 106
358 360 106
360 359 103
359 487 100
487 231 103
231 247 101
247 215 100
215 471 102
471 343 102
343 375 110
375 359 103
359 367 106
367 335 107
335 463 106
463 207 109
207 239 100
239 231 109
231 232 104
232 230 103
230 238 105
238 206 109
206 222 101
222 214 106
214 216 110
216 215 103
215 223 106
223 207 105
207 208 108
208 720 103
720 592 106
592 584 108
584 600 109
600 596 108
596 604 108
604 588 107
588 592 107
592 590 108
590 606 105
606 598 106
598 600 102
600 599 108
599 607 106
607 591 100
591 592 104
592 848 106
848 336 105
336 328 100
328 344 106
344 340 103
340 348 105
348 332 100
332 336 103
336 334 103
334 350 103
350 342 100
342 344 107
344 343 109
343 351 108
351 335 103
335 336 101
336 464 106
464 208 110
208 240 110
240 232 109
232 744 101
744 616 108
616 872 107
872 360 107
360 488 108
488 232 107
232 248 110
248 216 106
216 728 100
728 600 102
600 856 106
856 344 103
344 472 103
472 216 101
216 224 104
224 220 106
220 218 107
218 217 100
217 729 106
729 601 101
601 857 105
857 345 104
345 473 104
473 217 108
217 249 104
249 233 101
233 745 107
745 617 106
617 873 108
873 361 107
361 489 101
489 233 102
233 237 100
237 749 106
749 621 105
621 617 110
617 633 108
633 601 108
601 605 104
605 861 110
861 349 106
349 345 100
345 377 104
377 361 108
361 365 103
365 877 110
877 621 100
621 637 103
637 605 100
605 733 107
733 221 107
221 217 104
217 219 104
219 731 106
731 603 101
603 601 110
601 602 108
602 858 101
858 346 105
346 345 107
345 347 104
347 859 104
859 603 108
603 635 106
635 619 106
619 617 110
617 618 110
618 874 110
874 362 106
362 361 101
361 363 100
363 875 109
875 619 110
619 747 100
747 235 100
235 233 101
233 234 101
234 746 103
746 618 108
618 634 107
634 602 109
602 730 108
730 218 106
218 474 104
474 346 102
346 378 108
378 362 102
362 490 109
490 234 106
234 250 110
250 218 101
218 222 103
222 221 104
221 477 101
477 349 106
349 381 105
381 365 110
365 493 106
493 237 106
237 253 105
253 221 105
221 223 100
223 219 110
219 475 109
475 347 105
347 379 101
379 363 104
363 491 100
491 235 109
235 251 109
251 219 105
219 220 100
220 732 105
732 604 102
604 602 110
602 606 100
606 605 101
605 607 110
607 603 101
603 604 100
604 860 105
860 348 100
348 346 105
346 350 107
350 349 105
349 351 107
351 347 104
347 348 108
348 476 105
476 220 101
220 252 110
252 236 108
236 234 100
234 238 102
238 237 103
237 239 108
239 235 110
235 236 106
236 748 101
748 620 106
620 618 104
618 622 109
622 621 108
621 623 106
623 619 105
619 620 109
620 876 102
876 364 104
364 362 102
362 366 106
366 365 109
365 367 103
367 363 106
363 364 108
364 492 107
492 236 105
236 240 110
240 238 109
238 750 101
750 622 108
622 878 100
878 366 102
366 494 105
494 238 105
238 254 104
254 222 109
222 734 110
734 606 109
606 862 108
862 350 107
350 478 110
478 222 104
222 224 110
224 223 102
223 735 106
735 607 101
607 863 110
863 351 104
351 479 106
479 223 101
223 255 109
255 239 103
239 751 110
751 623 105
623 879 107
879 367 107
367 495 100
495 239 100
239 240 105
240 752 109
752 624 103
624 592 109
592 608 104
608 600 104
600 632 102
632 616 108
616 624 102
624 620 108
620 636 105
636 604 101
604 608 106
608 606 104
606 638 105
638 622 104
622 624 105
624 623 110
623 639 103
639 607 108
607 608 108
608 864 110
864 352 103
352 336 107
336 368 107
368 360 108
360 376 108
376 344 107
344 352 109
352 348 108
348 380 101
380 364 108
364 368 100
368 366 109
366 382 101
382 350 107
350 352 110
352 351 105
351 383 102
383 367 100
367 368 108
368 880 102
880 624 105
624 640 106
640 608 106
608 736 101
736 224 107
224 480 107
480 352 107
352 384 107
384 368 102
368 496 100
496 240 109
240 256 102
256 248 107
248 244 105
244 242 102
242 241 105
241 753 108
753 625 110
625 881 110
881 369 107
369 497 102
497 241 109
241 249 104
249 761 106
761 633 103
633 625 105
625 629 104
629 885 110
885 373 105
373 369 103
369 377 107
377 889 102
889 633 102
633 637 103
637 629 106
629 757 101
757 245 105
245 241 107
241 243 104
243 755 103
755 627 109
627 625 105
625 626 100
626 882 101
882 370 100
370 369 103
369 371 103
371 883 110
883 627 108
627 635 104
635 633 105
633 634 102
634 626 102
626 754 107
754 242 105
242 498 101
498 370 110
370 378 102
378 377 107
377 505 105
505 249 100
249 253 103
253 245 110
245 501 101
501 373 100
373 381 103
381 377 102
377 379 102
379 371 108
371 499 100
499 243 102
243 251 108
251 249 100
249 250 105
250 242 104
242 246 108
246 245 100
245 247 104
247 243 106
243 244 107
244 756 103
756 628 105
628 626 108
626 630 101
630 629 100
629 631 110
631 627 107
627 628 102
628 884 103
884 372 104
372 370 102
370 374 107
374 373 110
373 375 105
375 371 103
371 372 107
372 500 101
500 244 101
244 252 102
252 250 104
250 762 105
762 634 102
634 890 103
890 378 109
378 506 105
506 250 103
250 254 102
254 246 110
246 758 101
758 630 107
630 886 104
886 374 110
374 502 106
502 246 106
246 248 101
248 247 101
247 759 103
759 631 104
631 887 102
887 375 109
375 503 100
503 247 103
247 255 103
255 251 100
251 763 107
763 635 105
635 891 105
891 379 103
379 507 102
507 251 103
251 252 110
252 764 101
764 636 101
636 628 106
628 632 108
632 630 104
630 638 103
638 634 109
634 636 108
636 635 110
635 639 104
639 631 108
631 632 107
632 888 104
888 376 102
376 372 102
372 380 108
380 378 101
378 382 103
382 374 109
374 376 103
376 375 103
375 383 102
383 379 107
379 380 100
380 892 100
892 636 100
636 640 101
640 632 103
632 760 100
760 248 103
248 504 104
504 376 105
376 384 108
384 380 102
380 508 103
508 252 103
252 256 110
256 254 108
254 253 101
253 765 103
765 637 102
637 893 102
893 381 103
381 509 106
509 253 101
253 255 110
255 767 102
767 639 101
639 637 109
637 638 106
638 894 108
894 382 109
382 381 103
381 383 104
383 895 103
895 639 109
639 640 102
640 638 103
638 766 109
766 254 100
254 510 110
510 382 103
382 384 110
384 383 107
383 511 108
511 255 101
255 256 102
256 768 104
768 640 108
640 896 108
896 384 108
384 512 110
512 256 102
512 448 109
448 416 103
416 400 110
400 392 105
392 388 104
388 386 110
386 385 100
385 897 105
897 641 108
641 705 109
705 961 101
961 449 101
449 385 108
385 417 108
417 929 103
929 673 109
673 641 101
641 657 104
657 913 103
913 401 103
401 385 103
385 393 106
393 905 110
905 649 108
649 641 110
641 645 108
645 901 101
901 389 109
389 385 103
385 387 101
387 899 106
899 643 104
643 641 108
641 642 102
642 898 103
898 386 107
386 450 102
450 449 101
449 481 105
481 417 101
417 433 105
433 401 100
401 465 101
465 449 110
449 457 103
457 393 110
393 425 105
425 417 101
417 421 110
421 389 108
389 453 102
453 449 103
449 451 104
451 387 100
387 419 110
419 417 109
417 418 109
418 386 104
386 402 105
402 401 105
401 409 107
409 393 101
393 397 107
397 389 109
389 405 108
405 401 106
401 403 107
403 387 105
387 395 107
395 393 105
393 394 109
394 386 103
386 390 105
390 389 103
389 391 109
391 387 106
387 388 102
388 900 103
900 644 103
644 642 106
642 706 106
706 705 108
705 737 101
737 673 100
673 689 101
689 657 104
657 721 109
721 705 105
705 713 108
713 649 110
649 681 100
681 673 105
673 677 106
677 645 107
645 709 110
709 705 101
705 707 108
707 643 110
643 675 101
675 673 100
673 674 105
674 642 106
642 658 109
658 657 109
657 665 106
665 649 106
649 653 102
653 645 108
645 661 101
661 657 109
657 659 109
659 643 107
643 651 106
651 649 103
649 650 109
650 642 102
642 646 107
646 645 103
645 647 101
647 643 108
643 644 104
644 708 105
708 706 103
706 962 105
962 450 110
450 482 104
482 418 103
418 930 107
930 674 104
674 738 104
738 706 102
706 722 107
722 658 109
658 914 105
914 402 103
402 466 110
466 450 107
450 458 104
458 394 104
394 906 106
906 650 108
650 714 103
714 706 102
706 710 106
710 646 105
646 902 110
902 390 106
390 454 106
454 450 106
450 452 110
452 388 101
388 420 104
420 418 102
418 434 102
434 402 109
402 410 100
410 394 110
394 426 108
426 418 107
418 422 101
422 390 100
390 406 108
406 402 101
402 404 109
404 388 110
388 396 101
396 394 104
394 398 103
398 390 101
390 392 104
392 391 109
391 903 108
903 647 108
647 711 101
711 707 109
707 963 100
963 451 105
451 483 105
483 419 101
419 931 107
931 675 105
675 739 104
739 707 108
707 723 106
723 659 110
659 915 101
915 403 105
403 467 110
467 451 104
451 459 107
459 395 109
395 907 110
907 651 110
651 715 108
715 707 105
707 708 107
708 964 109
964 452 100
452 451 104
451 455 105
455 391 103
391 423 107
423 419 101
419 435 100
435 403 101
403 411 106
411 395 101
395 427 101
427 419 100
419 420 102
420 932 102
932 676 107
676 644 104
644 660 104
660 658 108
658 690 103
690 674 101
674 682 100
682 650 103
650 666 100
666 658 108
658 662 108
662 646 101
646 678 104
678 674 106
674 676 106
676 675 100
675 691 107
691 659 103
659 667 102
667 651 102
651 683 100
683 675 104
675 679 105
679 647 106
647 663 110
663 659 107
659 660 108
660 916 110
916 404 101
404 403 104
403 407 101
407 391 105
391 399 105
399 395 101
395 396 108
396 908 108
908 652 106
652 644 108
644 648 103
648 646 104
646 654 110
654 650 102
650 652 104
652 651 103
651 655 105
655 647 109
647 648 110
648 904 102
904 392 101
392 456 104
456 452 106
452 484 108
484 420 109
420 436 109
436 404 101
404 468 104
468 452 101
452 460 110
460 396 108
396 428 104
428 420 103
420 424 104
424 392 102
392 408 104
408 404 104
404 412 107
412 396 103
396 400 101
400 398 106
398 397 107
397 909 102
909 653 102
653 717 108
717 709 101
709 965 100
965 453 107
453 485 107
485 421 102
421 933 105
933 677 105
677 741 103
741 709 100
709 725 101
725 661 104
661 917 105
917 405 107
405 469 102
469 453 101
453 461 108
461 397 101
397 429 100
429 421 107
421 437 107
437 405 105
405 413 106
413 397 101
397 399 107
399 911 110
911 655 105
655 653 110
653 685 106
685 677 110
677 693 101
693 661 104
661 669 102
669 653 104
653 654 106
654 910 102
910 398 100
398 462 106
462 454 108
454 453 106
453 455 100
455 967 107
967 711 102
711 709 105
709 710 102
710 966 103
966 454 105
454 486 101
486 422 100
422 421 108
421 423 100
423 935 102
935 679 103
679 677 100
677 678 106
678 934 103
934 422 102
422 438 109
438 406 106
406 405 102
405 407 108
407 919 101
919 663 109
663 661 103
661 662 110
662 918 110
918 406 102
406 470 101
470 454 104
454 456 107
456 455 110
455 487 101
487 423 100
423 439 109
439 407 103
407 471 100
471 455 108
455 463 106
463 399 106
399 431 100
431 423 107
423 424 100
424 422 107
422 430 102
430 398 110
398 414 106
414 406 106
406 408 105
408 407 110
407 415 108
415 399 102
399 400 104
400 912 102
912 656 108
656 648 102
648 712 101
712 708 108
708 740 106
740 676 105
676 692 109
692 660 106
660 724 109
724 708 105
708 716 101
716 652 107
652 684 105
684 676 109
676 680 109
680 648 109
648 664 104
664 660 101
660 668 105
668 652 105
652 656 106
656 654 108
654 718 103
718 710 100
710 742 100
742 678 110
678 694 102
694 662 104
662 726 101
726 710 110
710 712 105
712 711 103
711 743 105
743 679 106
679 695 109
695 663 109
663 727 110
727 711 103
711 719 106
719 655 101
655 687 109
687 679 102
679 680 102
680 678 110
678 686 108
686 654 108
654 670 100
670 662 109
662 664 106
664 663 103
663 671 102
671 655 108
655 656 106
656 720 102
720 712 110
712 968 105
968 456 102
456 488 100
488 424 110
424 936 106
936 680 108
680 744 110
744 712 101
712 728 103
728 664 100
664 920 110
920 408 104
408 472 110
472 456 106
456 464 103
464 400 102
400 432 108
432 424 109
424 440 110
440 408 102
408 416 102
416 412 102
412 410 106
410 409 108
409 921 104
921 665 110
665 729 100
729 713 109
713 969 100
969 457 110
457 489 101
489 425 103
425 937 103
937 681 110
681 745 101
745 713 105
713 717 102
717 973 107
973 461 104
461 457 102
457 473 108
473 409 108
409 441 101
441 425 105
425 429 101
429 941 104
941 685 107
685 681 107
681 697 104
697 665 109
665 669 107
669 925 103
925 413 108
413 409 106
409 411 106
411 923 104
923 667 109
667 665 107
665 666 107
666 922 100
922 410 107
410 474 105
474 458 110
458 457 106
457 459 109
459 971 108
971 715 105
715 713 105
713 714 103
714 970 109
970 458 100
458 490 105
490 426 110
426 425 101
425 427 110
427 939 110
939 683 105
683 681 102
681 682 104
682 938 109
938 426 107
426 442 101
442 410 109
410 414 107
414 413 101
413 477 101
477 461 110
461 493 106
493 429 104
429 445 106
445 413 104
413 415 100
415 411 101
411 475 108
475 459 100
459 491 105
491 427 100
427 443 108
443 411 102
411 412 106
412 924 106
924 668 103
668 666 101
666 730 110
730 714 103
714 746 108
746 682 107
682 698 105
698 666 104
666 670 103
670 669 101
669 733 107
733 717 103
717 749 102
749 685 101
685 701 106
701 669 108
669 671 104
671 667 109
667 731 100
731 715 104
715 747 106
747 683 107
683 699 109
699 667 100
667 668 105
668 732 110
732 716 105
716 714 107
714 718 108
718 717 102
717 719 106
719 715 103
715 716 110
716 972 104
972 460 104
460 458 101
458 462 107
462 461 100
461 463 103
463 459 102
459 460 100
460 492 100
492 428 101
428 426 107
426 430 107
430 429 110
429 431 107
431 427 102
427 428 104
428 940 105
940 684 104
684 682 102
682 686 102
686 685 103
685 687 107
687 683 110
683 684 110
684 748 106
748 716 102
716 720 106
720 718 109
718 974 105
974 462 108
462 494 106
494 430 100
430 942 108
942 686 108
686 750 107
750 718 110
718 734 101
734 670 106
670 926 110
926 414 100
414 478 101
478 462 102
462 464 104
464 460 110
460 476 101
476 412 107
412 444 106
444 428 105
428 432 103
432 430 105
430 446 109
446 414 108
414 416 103
416 415 101
415 927 103
927 671 101
671 735 105
735 719 107
719 975 109
975 463 102
463 495 105
495 431 104
431 943 104
943 687 108
687 751 103
751 719 109
719 720 106
720 976 106
976 464 107
464 463 104
463 479 102
479 415 109
415 447 102
447 431 107
431 432 105
432 944 106
944 688 103
688 656 109
656 672 109
672 664 101
664 696 101
696 680 100
680 688 110
688 684 106
684 700 105
700 668 101
668 672 105
672 670 110
670 702 100
702 686 109
686 688 103
688 687 107
687 703 103
703 671 108
671 672 102
672 928 105
928 416 105
416 480 102
480 464 106
464 496 110
496 432 104
432 448 105
448 440 102
440 436 107
436 434 100
434 433 100
433 945 110
945 689 101
689 753 105
753 721 104
721 977 106
977 465 102
465 497 104
497 433 108
433 441 108
441 953 106
953 697 108
697 689 107
689 693 103
693 949 103
949 437 105
437 433 102
433 435 108
435 947 101
947 691 104
691 689 103
689 690 104
690 946 101
946 434 107
434 498 106
498 466 103
466 465 110
465 473 107
473 985 102
985 729 104
729 721 102
721 725 110
725 981 108
981 469 104
469 465 102
465 467 102
467 979 102
979 723 106
723 721 109
721 722 103
722 978 107
978 466 100
466 474 105
474 473 103
473 505 105
505 441 108
441 445 100
445 437 108
437 501 110
501 469 110
469 477 101
477 473 106
473 475 109
475 467 101
467 499 103
499 435 105
435 443 107
443 441 105
441 442 108
442 434 109
434 438 103
438 437 108
437 439 106
439 435 100
435 436 108
436 948 106
948 692 105
692 690 106
690 754 106
754 722 103
722 730 108
730 729 105
729 761 105
761 697 101
697 701 103
701 693 105
693 757 109
757 725 110
725 733 106
733 729 110
729 731 104
731 723 108
723 755 110
755 691 108
691 699 102
699 697 106
697 698 109
698 690 108
690 694 108
694 693 102
693 695 103
695 691 105
691 692 107
692 756 100
756 724 108
724 722 108
722 726 110
726 725 100
725 727 101
727 723 102
723 724 107
724 980 109
980 468 107
468 466 107
466 470 101
470 469 101
469 471 102
471 467 106
467 468 107
468 500 107
500 436 100
436 444 106
444 442 103
442 954 104
954 698 101
698 762 106
762 730 104
730 986 102
986 474 110
474 506 100
506 442 104
442 446 103
446 438 105
438 950 100
950 694 104
694 758 110
758 726 105
726 982 105
982 470 101
470 502 109
502 438 103
438 440 110
440 439 104
439 951 104
951 695 109
695 759 101
759 727 110
727 983 106
983 471 106
471 503 106
503 439 101
439 447 102
447 443 105
443 955 110
955 699 109
699 763 108
763 731 109
731 987 101
987 475 109
475 507 102
507 443 103
443 444 106
444 956 101
956 700 100
700 692 109
692 696 105
696 694 106
694 702 106
702 698 100
698 700 105
700 699 105
699 703 107
703 695 100
695 696 107
696 952 101
952 440 109
440 504 106
504 472 105
472 468 102
468 476 108
476 474 102
474 478 109
478 470 100
470 472 103
472 471 110
471 479 103
479 475 110
475 476 102
476 988 109
988 732 110
732 724 105
724 728 102
728 726 100
726 734 110
734 730 109
730 732 101
732 731 105
731 735 108
735 727 100
727 728 102
728 984 108
984 472 103
472 480 101
480 476 104
476 508 101
508 444 102
444 448 110
448 446 110
446 445 105
445 957 110
957 701 105
701 765 110
765 733 110
733 989 103
989 477 105
477 509 100
509 445 105
445 447 109
447 959 109
959 703 104
703 701 105
701 702 104
702 958 101
958 446 100
446 510 103
510 478 106
478 477 103
477 479 104
479 991 110
991 735 109
735 733 102
733 734 102
734 990 109
990 478 103
478 480 109
480 479 109
479 511 110
511 447 100
447 448 100
448 960 100
960 704 102
704 672 102
672 736 110
736 720 101
720 752 103
752 688 106
688 704 100
704 696 108
696 760 104
760 728 102
728 736 107
736 732 107
732 764 109
764 700 109
700 704 108
704 702 109
702 766 104
766 734 102
734 736 109
736 735 101
735 767 102
767 703 110
703 704 100
704 768 104
768 736 104
736 992 102
992 480 101
480 512 110
512 496 104
496 488 108
488 484 103
484 482 102
482 481 101
481 993 105
993 737 104
737 753 109
753 1009 108
1009 497 103
497 481 109
481 489 101
489 1001 101
1001 745 103
745 737 100
737 741 108
741 997 100
997 485 108
485 481 101
481 483 107
483 995 106
995 739 110
739 737 106
737 738 110
738 994 109
994 482 107
482 498 106
498 497 110
497 505 103
505 489 100
489 493 104
493 485 105
485 501 106
501 497 106
497 499 104
499 483 100
483 491 105
491 489 109
489 490 103
490 482 109
482 486 109
486 485 101
485 487 102
487 483 110
483 484 104
484 996 110
996 740 104
740 738 102
738 754 107
754 753 106
753 761 105
761 745 102
745 749 102
749 741 100
741 757 101
757 753 100
753 755 100
755 739 108
739 747 103
747 745 100
745 746 105
746 738 104
738 742 106
742 741 104
741 743 104
743 739 108
739 740 101
740 756 106
756 754 103
754 1010 106
1010 498 105
498 506 109
506 490 107
490 1002 108
1002 746 107
746 762 101
762 754 105
754 758 110
758 742 101
742 998 101
998 486 108
486 502 106
502 498 110
498 500 109
500 484 106
484 492 110
492 490 103
490 494 103
494 486 106
486 488 103
488 487 110
487 999 100
999 743 103
743 759 107
759 755 109
755 1011 109
1011 499 104
499 507 100
507 491 101
491 1003 102
1003 747 108
747 763 104
763 755 104
755 756 102
756 1012 103
1012 500 101
500 499 107
499 503 102
503 487 105
487 495 108
495 491 108
491 492 103
492 1004 101
1004 748 104
748 740 103
740 744 103
744 742 108
742 750 104
750 746 101
746 748 108
748 747 102
747 751 108
751 743 101
743 744 109
744 1000 105
1000 488 105
488 504 109
504 500 109
500 508 110
508 492 109
492 496 102
496 494 105
494 493 102
493 1005 105
1005 749 100
749 765 101
765 757 106
757 1013 102
1013 501 106
501 509 110
509 493 102
493 495 105
495 1007 110
1007 751 102
751 749 103
749 750 101
750 1006 105
1006 494 102
494 510 100
510 502 100
502 501 110
501 503 108
503 1015 101
1015 759 108
759 757 104
757 758 104
758 1014 100
1014 502 110
502 504 104
504 503 103
503 511 103
511 495 105
495 496 105
496 1008 103
1008 752 104
752 744 101
744 760 102
760 756 109
756 764 108
764 748 107
748 752 103
752 750 104
750 766 104
766 758 102
758 760 103
760 759 109
759 767 103
767 751 110
751 752 103
752 768 102
768 760 107
760 1016 102
1016 504 103
504 512 105
512 508 104
508 506 102
506 505 100
505 1017 102
1017 761 109
761 765 100
765 1021 103
1021 509 106
509 505 100
505 507 101
507 1019 101
1019 763 106
763 761 107
761 762 100
762 1018 109
1018 506 101
506 510 106
510 509 107
509 511 104
511 507 101
507 508 106
508 1020 106
1020 764 108
764 762 106
762 766 109
766 765 107
765 767 105
767 763 104
763 764 100
764 768 105
768 766 106
766 1022 110
1022 510 108
510 512 103
512 511 109
511 1023 101
1023 767 108
767 768 105
768 1024 100
1024 512 101
1024 896 105
896 832 104
832 800 101
800 784 106
784 776 107
776 772 105
772 770 103
770 769 103
769 897 104
897 961 108
961 833 102
833 769 103
769 801 104
801 929 107
929 897 108
897 913 108
913 785 106
785 769 109
769 777 110
777 905 108
905 897 102
897 901 106
901 773 105
773 769 107
769 771 100
771 899 103
899 897 101
897 898 109
898 770 100
770 834 106
834 833 110
833 865 105
865 801 108
801 817 105
817 785 100
785 849 107
849 833 102
833 841 106
841 777 109
777 809 106
809 801 108
801 805 101
805 773 106
773 837 108
837 833 107
833 835 105
835 771 107
771 803 101
803 801 104
801 802 101
802 770 110
770 786 101
786 785 109
785 793 101
793 777 106
777 781 108
781 773 107
773 789 109
789 785 101
785 787 109
787 771 105
771 779 106
779 777 106
777 778 102
778 770 108
770 774 108
774 773 107
773 775 103
775 771 101
771 772 103
772 900 107
900 898 103
898 962 110
962 834 107
834 866 101
866 802 101
802 930 104
930 898 100
898 914 102
914 786 110
786 850 107
850 834 106
834 842 106
842 778 101
778 906 104
906 898 106
898 902 103
902 774 100
774 838 101
838 834 105
834 836 110
836 772 110
772 804 105
804 802 109
802 818 101
818 786 105
786 794 103
794 778 106
778 810 110
810 802 101
802 806 110
806 774 104
774 790 104
790 786 108
786 788 107
788 772 110
772 780 103
780 778 102
778 782 104
782 774 105
774 776 106
776 775 106
775 903 106
903 899 108
899 963 105
963 835 102
835 867 104
867 803 104
803 931 106
931 899 107
899 915 105
915 787 101
787 851 108
851 835 107
835 843 100
843 779 109
779 907 108
907 899 103
899 900 102
900 964 101
964 836 107
836 835 106
835 839 102
839 775 105
775 807 103
807 803 100
803 819 110
819 787 102
787 795 109
795 779 104
779 811 102
811 803 108
803 804 106
804 932 108
932 900 102
900 916 106
916 788 101
788 787 110
787 791 102
791 775 110
775 783 104
783 779 102
779 780 100
780 908 105
908 900 110
900 904 109
904 776 103
776 840 100
840 836 107
836 868 109
868 804 105
804 820 106
820 788 110
788 852 100
852 836 108
836 844 104
844 780 100
780 812 110
812 804 107
804 808 101
808 776 104
776 792 108
792 788 110
788 796 106
796 780 108
780 784 105
784 782 101
782 781 102
781 909 101
909 901 107
901 965 101
965 837 109
837 869 101
869 805 106
805 933 109
933 901 109
901 917 110
917 789 101
789 853 107
853 837 110
837 845 110
845 781 108
781 813 101
813 805 103
805 821 101
821 789 109
789 797 100
797 781 105
781 783 104
783 911 102
911 903 108
903 901 102
901 902 108
902 966 106
966 838 103
838 837 107
837 839 104
839 967 101
967 903 100
903 935 103
935 807 107
807 805 106
805 806 102
806 934 102
934 902 105
902 918 100
918 790 101
790 789 107
789 791 101
791 919 110
919 903 105
903 904 109
904 902 107
902 910 110
910 782 109
782 846 108
846 838 110
838 870 100
870 806 102
806 822 101
822 790 100
790 854 104
854 838 105
838 840 104
840 839 105
839 871 107
871 807 107
807 823 108
823 791 108
791 855 106
855 839 104
839 847 100
847 783 110
783 815 110
815 807 108
807 808 102
808 806 107
806 814 108
814 782 104
782 798 104
798 790 100
790 792 105
792 791 110
791 799 100
799 783 107
783 784 110
784 912 107
912 904 105
904 968 105
968 840 107
840 872 103
872 808 100
808 936 107
936 904 107
904 920 105
920 792 110
792 856 104
856 840 103
840 848 104
848 784 105
784 816 105
816 808 102
808 824 102
824 792 103
792 800 109
800 796 101
796 794 105
794 793 102
793 921 108
921 905 100
905 969 101
969 841 107
841 873 109
873 809 105
809 937 107
937 905 103
905 909 110
909 973 105
973 845 109
845 841 106
841 857 107
857 793 110
793 825 100
825 809 100
809 813 108
813 941 105
941 909 101
909 925 105
925 797 104
797 793 106
793 795 109
795 923 100
923 907 106
907 905 107
905 906 109
906 970 109
970 842 104
842 841 104
841 843 107
843 971 104
971 907 107
907 939 105
939 811 110
811 809 100
809 810 104
810 938 108
938 906 109
906 922 109
922 794 101
794 858 104
858 842 109
842 874 105
874 810 109
810 826 105
826 794 103
794 798 110
798 797 102
797 861 105
861 845 102
845 877 104
877 813 108
813 829 101
829 797 101
797 799 110
799 795 103
795 859 107
859 843 109
843 875 109
875 811 101
811 827 105
827 795 102
795 796 109
796 924 101
924 908 102
908 906 110
906 910 106
910 909 108
909 911 101
911 907 109
907 908 107
908 972 110
972 844 109
844 842 110
842 846 100
846 845 109
845 847 108
847 843 104
843 844 103
844 876 100
876 812 100
812 810 103
810 814 109
814 813 107
813 815 108
815 811 101
811 812 108
812 940 102
940 908 105
908 912 100
912 910 110
910 974 104
974 846 104
846 878 101
878 814 105
814 942 107
942 910 103
910 926 102
926 798 104
798 862 104
862 846 104
846 848 101
848 844 100
844 860 108
860 796 108
796 828 102
828 812 106
812 816 103
816 814 102
814 830 105
830 798 104
798 800 103
800 799 108
799 927 104
927 911 110
911 975 105
975 847 103
847 879 103
879 815 105
815 943 105
943 911 107
911 912 104
912 976 106
976 848 109
848 847 104
847 863 103
863 799 108
799 831 105
831 815 104
815 816 106
816 944 103
944 912 105
912 928 108
928 800 106
800 864 102
864 848 100
848 880 106
880 816 100
816 832 100
832 824 102
824 820 100
820 818 108
818 817 102
817 945 104
945 913 105
913 977 110
977 849 107
849 881 100
881 817 106
817 825 101
825 953 105
953 921 106
921 913 110
913 917 101
917 981 104
981 853 100
853 849 103
849 857 107
857 985 102
985 921 100
921 925 109
925 917 102
917 949 102
949 821 106
821 817 109
817 819 100
819 947 101
947 915 109
915 913 107
913 914 102
914 978 102
978 850 105
850 849 110
849 851 104
851 979 108
979 915 110
915 923 105
923 921 109
921 922 109
922 914 107
914 946 100
946 818 103
818 882 107
882 850 101
850 858 109
858 857 103
857 889 109
889 825 104
825 829 108
829 821 103
821 885 110
885 853 109
853 861 109
861 857 100
857 859 100
859 851 109
851 883 101
883 819 103
819 827 100
827 825 106
825 826 109
826 818 109
818 822 104
822 821 103
821 823 100
823 819 103
819 820 107
820 948 110
948 916 106
916 914 104
914 918 108
918 917 104
917 919 104
919 915 103
915 916 108
916 980 109
980 852 102
852 850 104
850 854 106
854 853 108
853 855 100
855 851 103
851 852 105
852 884 107
884 820 104
820 828 101
828 826 105
826 954 106
954 922 104
922 986 106
986 858 108
858 890 107
890 826 102
826 830 103
830 822 100
822 950 103
950 918 106
918 982 109
982 854 105
854 886 110
886 822 105
822 824 100
824 823 110
823 951 110
951 919 105
919 983 107
983 855 109
855 887 105
887 823 110
823 831 107
831 827 102
827 955 104
955 923 107
923 987 106
987 859 106
859 891 107
891 827 102
827 828 103
828 956 107
956 924 101
924 916 109
916 920 106
920 918 106
918 926 108
926 922 101
922 924 109
924 923 104
923 927 107
927 919 105
919 920 100
920 984 108
984 856 109
856 852 110
852 860 109
860 858 102
858 862 108
862 854 101
854 856 107
856 855 104
855 863 100
863 859 101
859 860 104
860 988 106
988 924 102
924 928 107
928 920 104
920 952 108
952 824 107
824 888 108
888 856 103
856 864 108
864 860 102
860 892 110
892 828 100
828 832 101
832 830 105
830 829 104
829 957 101
957 925 108
925 989 109
989 861 107
861 893 108
893 829 108
829 831 105
831 959 100
959 927 110
927 925 105
925 926 102
926 990 107
990 862 107
862 861 101
861 863 107
863 991 108
991 927 106
927 928 100
928 926 109
926 958 103
958 830 100
830 894 109
894 862 110
862 864 106
864 863 108
863 895 100
895 831 105
831 832 110
832 960 108
960 928 107
928 992 103
992 864 101
864 896 100
896 880 107
880 872 107
872 868 108
868 866 105
866 865 104
865 993 103
993 929 103
929 945 107
945 1009 106
1009 881 100
881 865 107
865 873 107
873 1001 100
1001 937 100
937 929 101
929 933 109
933 997 101
997 869 106
869 865 102
865 867 101
867 995 107
995 931 100
931 929 110
929 930 110
930 994 103
994 866 109
866 882 108
882 881 102
881 889 101
889 873 103
873 877 103
877 869 106
869 885 102
885 881 103
881 883 104
883 867 100
867 875 103
875 873 109
873 874 102
874 866 106
866 870 102
870 869 101
869 871 105
871 867 107
867 868 100
868 996 100
996 932 106
932 930 105
930 946 110
946 945 105
945 953 102
953 937 103
937 941 100
941 933 106
933 949 102
949 945 109
945 947 102
947 931 102
931 939 104
939 937 105
937 938 106
938 930 106
930 934 100
934 933 108
933 935 109
935 931 109
931 932 110
932 948 103
948 946 104
946 1010 101
1010 882 103
882 890 104
890 874 106
874 1002 108
1002 938 110
938 954 101
954 946 106
946 950 108
950 934 103
934 998 106
998 870 106
870 886 102
886 882 110
882 884 108
884 868 108
868 876 109
876 874 103
874 878 104
878 870 101
870 872 108
872 871 105
871 999 109
999 935 100
935 951 101
951 947 102
947 1011 102
1011 883 100
883 891 104
891 875 103
875 1003 107
1003 939 110
939 955 104
955 947 106
947 948 101
948 1012 106
1012 884 100
884 883 110
883 887 109
887 871 100
871 879 103
879 875 101
875 876 105
876 1004 105
1004 940 100
940 932 110
932 936 102
936 934 109
934 942 104
942 938 110
938 940 108
940 939 100
939 943 107
943 935 108
935 936 101
936 1000 106
1000 872 102
872 888 100
888 884 101
884 892 110
892 876 105
876 880 109
880 878 109
878 877 105
877 1005 108
1005 941 105
941 957 104
957 949 104
949 1013 109
1013 885 104
885 893 101
893 877 110
877 879 110
879 1007 100
1007 943 107
943 941 110
941 942 110
942 1006 103
1006 878 106
878 894 100
894 886 107
886 885 107
885 887 104
887 1015 103
1015 951 108
951 949 110
949 950 105
950 1014 100
1014 886 102
886 888 108
888 887 110
887 895 103
895 879 102
879 880 106
880 1008 105
1008 944 107
944 936 100
936 952 110
952 948 102
948 956 105
956 940 105
940 944 100
944 942 108
942 958 106
958 950 107
950 952 105
952 951 109
951 959 103
959 943 105
943 944 110
944 960 102
960 952 106
952 1016 102
1016 888 107
888 896 100
896 892 105
892 890 101
890 889 106
889 1017 110
1017 953 103
953 957 104
957 1021 107
1021 893 109
893 889 107
889 891 100
891 1019 110
1019 955 101
955 953 101
953 954 103
954 1018 102
1018 890 103
890 894 102
894 893 102
893 895 109
895 891 105
891 892 109
892 1020 103
1020 956 110
956 954 109
954 958 105
958 957 110
957 959 101
959 955 101
955 956 110
956 960 105
960 958 109
958 1022 107
1022 894 104
894 896 110
896 895 109
895 1023 100
1023 959 103
959 960 105
960 1024 100
1024 992 110
992 976 109
976 968 104
968 964 104
964 962 106
962 961 103
961 993 109
993 1009 109
1009 977 110
977 961 105
961 969 102
969 1001 107
1001 993 105
993 997 102
997 965 101
965 961 110
961 963 106
963 995 104
995 993 100
993 994 101
994 962 102
962 978 106
978 977 105
977 985 104
985 969 104
969 973 102
973 965 104
965 981 102
981 977 104
977 979 104
979 963 106
963 971 102
971 969 104
969 970 103
970 962 108
962 966 107
966 965 101
965 967 107
967 963 100
963 964 109
964 996 110
996 994 100
994 1010 102
1010 978 105
978 986 104
986 970 107
970 1002 109
1002 994 104
994 998 109
998 966 107
966 982 109
982 978 105
978 980 101
980 964 108
964 972 106
972 970 106
970 974 110
974 966 108
966 968 102
968 967 110
967 999 107
999 995 108
995 1011 109
1011 979 109
979 987 107
987 971 103
971 1003 109
1003 995 109
995 996 100
996 1012 100
1012 980 104
980 979 110
979 983 102
983 967 108
967 975 106
975 971 100
971 972 100
972 1004 108
1004 996 105
996 1000 100
1000 968 103
968 984 101
984 980 102
980 988 104
988 972 100
972 976 103
976 974 109
974 973 105
973 1005 108
1005 997 103
997 1013 107
1013 981 103
981 989 102
989 973 110
973 975 100
975 1007 103
1007 999 105
999 997 109
997 998 101
998 1014 110
1014 982 109
982 981 107
981 983 109
983 1015 105
1015 999 109
999 1000 100
1000 998 101
998 1006 102
1006 974 101
974 990 110
990 982 108
982 984 100
984 983 103
983 991 104
991 975 106
975 976 103
976 1008 102
1008 1000 103
1000 1016 109
1016 984 110
984 992 110
992 988 102
988 986 101
986 985 108
985 1017 103
1017 1001 110
1001 1005 109
1005 1021 104
1021 989 101
989 985 101
985 987 105
987 1019 109
1019 1003 109
1003 1001 108
1001 1002 102
1002 1018 106
1018 986 106
986 990 106
990 989 108
989 991 102
991 987 106
987 988 108
988 1020 100
1020 1004 103
1004 1002 106
1002 1006 108
1006 1005 110
1005 1007 101
1007 1003 101
1003 1004 106
1004 1008 103
1008 1006 103
1006 1022 108
1022 990 105
990 992 106
992 991 107
991 1023 105
1023 1007 106
1007 1008 104
1008 1024 105
1024 1016 100
1016 1012 108
1012 1010 104
1010 1009 106
1009 1017 105
1017 1021 105
1021 1013 102
1013 1009 108
1009 1011 102
1011 1019 100
1019 1017 104
1017 1018 104
1018 1010 102
1010 1014 106
1014 1013 105
1013 1015 102
1015 1011 105
1011 1012 106
1012 1020 105
1020 1018 106
1018 1022 105
1022 1014 101
1014 1016 110
1016 1015 108
1015 1023 103
1023 1019 109
1019 1020 109
1020 1024 106
1024 1022 108
1022 1021 102
1021 1023 108
1023 1024 102

REQUESTS

BLOCKAGES
792 800
440 184
794 282
559 557
620 636
394 426
69 77
256 248
427 428
933 677
144 142
539 537
738 610
655 687
367 495
402 146
205 237
461 397
1 129
571 699
959 943
975 847
444 448
269 301
561 817
119 127
33 161
455 391
712 711
269 271
378 314
218 90
187 188
70 102
20 4
417 421
172 164
874 810
644 516
605 93
655 653
199 195
777 781
765 637
354 370
704 768
61 573
1023 767
1015 951
903 899
9 137
532 536
755 756
63 64
892 876
685 557
717 749
891 875
604 860
686 654
433 441
230 238
701 693
423 935
659 667
162 674
1007 751
444 428
778 266
538 602
192 184
872 808
450 449
459 203
894 893
478 470
292 356
803 819
868 866
565 561
249 233
146 150
902 774
136 648
783 911
163 161
180 178
670 926
627 635
453 461
421 423
569 573
360 376
734 736
117 119
846 838
356 100
771 899
27 91
982 854
477 349
144 160
707 708
839 871
343 375
662 534
813 829
165 181
734 606
797 781
514 2
151 147
852 836
607 863
889 633
738 994
551 552
1012 884
654 670
83 339
829 957
977 979
487 495
751 623
447 191
648 664
260 4
753 755
240 232
69 71
582 70
492 428
324 260
994 482
512 511
887 895
305 49
176 174
130 2
505 1017
1003 939
100 612
653 645
871 879
206 222
668 732
485 481
418 422
1015 759
954 698
985 1017
887 1015
607 591
133 197
526 525
584 600
999 743
929 945
330 334
376 375
57 58
924 928
481 489
707 643
420 418
895 879
988 732
984 983
184 56
401 385
2 1
480 512
643 675
381 383
267 395
1019 955
686 558
543 544
762 634
908 912
465 497
691 692
899 963
471 455
751 752
706 194
1023 1024
418 434
284 796
22 18
724 722
169 137
394 398
381 377
52 20
654 718
593 81
811 827
114 113
799 831
86 88
430 398
1024 512
575 571
637 125
660 532
833 865
346 350
596 84
945 947
666 658
462 464
516 580
124 60
815 943
518 774
537 665
632 630
764 762
28 26
451 483
9 41
844 588
978 980
10 14
681 673
590 78
191 192
13 5
956 924
820 828
876 874
648 712
953 697
1001 745
172 171
407 919
664 663
756 764
96 92
404 403
966 965
921 922
415 159
944 912
112 240
819 307
631 627
790 854
395 139
682 650
215 223
1016 504
559 687
944 936
889 873
976 968
696 568
820 948
933 949
970 974
28 540
459 460
970 1002
845 841
906 898
386 390
272 271
46 174
694 566
203 201
803 801
316 314
629 631
615 583
343 351
636 604
232 200
517 5
460 492
554 522
832 960
231 247
853 861
807 805
661 917
403 407
822 310
731 715
122 58
455 199
642 706
263 7
331 347
727 711
280 408
452 451
696 680
556 524
209 465
140 652
923 927
390 389
592 590
554 546
323 835
658 690
869 871
960 958
157 29
986 990
239 111
225 241
78 70
773 789
535 519
130 134
835 843
274 282
153 154
540 524
517 773
912 928
867 803
321 449
1021 1023
268 284
138 202
320 64
292 290
192 256
509 445
717 973
786 274
288 320
897 898
990 982
815 816
608 864
560 558
11 9
681 169
809 553
259 267
315 443
364 362
592 80
876 880
157 158
77 13
95 351
106 42
857 859
516 532
607 543
877 1005
507 491
242 114
166 134
388 420
733 717
417 433
623 619
444 956
409 411
143 139
631 615
314 298
703 575
192 160
6 8
586 74
1001 1002
338 337
589 845
897 901
505 249
176 688
230 102
559 527
460 204
550 549
628 632
369 305
549 805
36 164
572 828
531 529
477 461
689 693
47 175
129 193
578 582
292 300
7 519
409 441
334 333
615 613
286 288
368 112
1015 1011
273 401
304 302
997 965
740 756
651 683
810 554
218 217
472 480
372 308
493 237
391 135
224 480
36 40
435 947
806 774
628 884
994 998
308 307
431 175
770 258
741 613
306 434
295 291
270 398
780 778
572 556
837 839
446 510
906 970
464 460
762 766
212 196
805 293
661 662
900 964
646 678
536 600
38 550
139 155
1006 1022
783 779
939 955
81 65
219 475
106 618
714 970
421 933
940 684
353 97
251 219
381 365
708 580
371 307
603 635
420 164
280 279
961 993
210 218
954 946
784 776
816 814
483 491
755 739
476 508
845 847
289 33
946 818
326 328
133 645
716 972
738 742
358 326
415 447
974 462
893 889
544 542
555 553
445 437
220 732
422 390
655 647
934 933
348 284
203 715
42 554
992 991
156 220
97 99
135 131
121 123
93 77
844 876
148 146
157 149
410 474
16 8
1005 941
20 84
682 938
754 758
290 306
665 649
151 152
305 307
998 870
45 557
380 378
897 913
359 487
212 84
833 835
615 551
1009 1017
198 70
950 918
830 798
177 241
561 569
905 909
488 424
10 2
802 290
709 710
850 858
309 277
207 719
334 366
310 309
830 894
520 584
498 466
4 12
979 915
458 457
326 342
58 570
309 305
998 486
90 346
470 454
692 564
551 807
945 953
601 602
101 97
958 957
38 6
1016 1015
206 78
12 44
103 39
467 451
67 99
255 251
44 48
677 645
25 153
51 19
948 1012
897 961
55 183
975 1007
482 486
656 648
159 223
108 112
987 988
162 166
762 1018
151 215
554 570
981 977
335 336
812 810
728 736
5 1
682 170
44 172
91 83
748 752
838 837
21 17
271 267
108 44
528 520
957 701
485 421
71 583
941 957
104 40
327 263
193 225
263 775
16 48
530 18
594 626
676 692
62 61
949 437
865 993
675 163
336 328
837 833
589 621
266 394
579 580
146 18
693 757
522 778
85 87
675 673
839 775
408 416
434 433
848 784
542 606
843 779
214 216
544 800
223 207
981 853
824 820
357 359
79 75
852 340
807 808
774 790
784 816
393 397
400 432
679 680
954 1018
903 904
855 887
210 212
275 276
318 446
395 393
458 462
663 727
242 210
360 488
792 856
132 148
698 570
217 201
70 69
339 343
176 144
931 675
586 602
974 966
221 205
492 1004
838 870
850 849
864 352
1020 1024
86 118
606 638
929 673
513 529
181 177
681 682
321 353
767 768
181 245
364 492
819 820
359 103
639 607
333 461
516 772
456 464
984 856
523 521
356 354
826 794
334 326
737 609
978 466
446 190
329 265
885 887
577 578
25 9
554 556
506 505
267 299
352 288
785 787
109 111
680 744
470 472
223 95
322 338
150 149
156 160
523 515
393 394
479 415
73 9
737 673
895 639
342 278
671 735
90 74
543 527
385 387
71 327
582 614
325 327
272 16
141 133
205 197
348 380
1018 986
244 212
693 661
638 894
100 36
667 665
282 266
366 358
216 88
272 268
540 532
963 964
290 289
741 997
11 12
996 994
782 798
318 310
670 702
872 868
347 339
126 382
254 126
552 568
540 544
33 49
261 269
811 812
947 948
994 1010
537 529
1022 1014
558 554
616 584
986 970
795 283
290 294
962 966
20 28
229 741
947 915
608 606
390 392
695 663
703 671
838 840
173 141
720 592
1007 1003
706 710
80 79
458 490
126 118
712 708
266 270
453 455
372 370
865 801
815 811
724 980
898 902
451 195
599 595
835 867
412 444
578 706
225 229
1003 995
901 902
834 866
890 378
997 1013
477 509
585 617
335 271
810 802
172 236
243 211
804 808
26 25
597 85
972 976
61 53
919 983
843 971
524 588
782 774
923 987
980 988
317 319
795 796
421 389
552 808
409 393
402 410
789 797
11 523
118 117
204 76
432 944
739 737
178 50
293 295
814 813
626 754
771 803
397 909
374 373
576 568
355 356
282 281
968 964
486 230
88 72
125 127
241 249
70 72
208 240
558 526
836 835
597 593
15 527
471 467
822 950
598 597
886 374
440 439
796 828
995 739
926 922
188 192
84 92
1014 1013
711 709
280 288
924 923
449 451
342 374
781 783
848 880
348 476
359 355
784 782
817 945
78 334
82 90
321 329
108 364
116 115
74 330
124 108
498 500
415 411
80 16
476 474
323 259
358 360
62 54
370 378
474 473
764 748
775 807
1006 878
418 386
252 236
600 856
960 704
184 183
34 50
623 879
487 231
425 417
29 93
997 998
456 328
637 893
191 187
368 360
553 557
354 353
584 712
295 303
742 998
787 795
351 335
916 920
321 323
248 247
383 127
298 810
322 258
243 251
901 917
947 1011
925 917
629 757
114 370
337 273
339 323
705 577
800 784
1022 510
813 941
447 448
852 850
182 246
575 831
868 876
488 484
708 964
900 916
142 14
855 863
450 482
78 77
307 315
1007 943
221 217
285 281
729 731
960 928
828 316
896 832
88 87
861 845
643 641
372 380
744 712
75 107
393 425
651 139
581 709
363 107
291 299
55 567
282 410
468 500
120 119
702 698
617 609
920 408
277 285
166 165
537 538
763 731
750 622
130 642
61 63
542 574
446 414
120 116
673 674
326 325
297 298
807 823
492 236
236 108
182 166
473 409
587 591
695 691
643 515
434 498
390 134
687 751
774 773
598 582
863 991
32 28
649 641
656 672
201 73
763 761
873 1001
620 612
765 1021
453 449
781 909
120 128
697 701
39 35
609 545
228 232
449 193
43 59
577 593
476 988
552 520
837 869
769 897
856 852
451 459
708 706
583 584
147 155
906 650
885 373
969 841
93 95
696 694
614 610
490 482
425 937
618 554
684 676
316 380
891 827
349 333
567 535
156 140
422 438
410 394
1004 940
802 930
448 960
134 150
341 85
630 598
210 722
828 832
213 221
482 418
286 278
200 216
673 641
37 5
713 714
161 129
645 661
849 881
144 136
985 987
136 200
1005 997
976 464
393 905
993 997
666 922
67 3
110 109
361 363
735 733
737 741
760 248
196 204
807 803
2 66
4 36
737 738
202 234
387 899
256 224
13 45
1020 1018
126 128
971 1003
582 838
291 35
588 592
697 698
655 656
965 837
69 101
770 774
684 748
224 208
104 103
107 105
443 187
832 320
31 15
51 179
299 811
443 955
784 272
866 802
179 691
678 674
170 138
237 173
676 680
996 1012
299 43
273 281
720 712
555 43
606 605
484 420
316 60
486 422
330 322
791 279
296 40
48 40
28 12
185 697
303 815
515 579
67 75
65 1
216 224
738 706
436 434
132 644
867 355
281 283
379 315
349 345
328 264
424 168
596 604
904 776
1000 872
591 583
186 178
136 134
419 420
506 510
845 333
240 238
79 111
594 593
902 918
68 4
345 377
553 681
327 455
752 744
913 977
239 231
163 171
558 574
565 821
298 362
246 245
544 32
81 83
407 471
722 594
566 534
582 581
122 121
65 321
700 572
858 862
478 477
541 605
731 735
729 721
29 25
1014 982
372 500
902 966
142 654
634 602
289 417
534 533
890 889
364 332
910 909
14 270
647 643
516 520
155 219
74 106
840 872
105 109
235 236
2 6
699 187
82 338
723 659
218 474
451 455
424 440
877 813
55 23
302 430
602 594
1019 1017
496 240
551 39
3 131
873 877
962 834
276 404
310 306
333 335
365 367
414 158
503 1015
297 301
248 216
758 760
344 352
367 303
191 703
92 348
839 327
617 873
16 144
454 456
224 223
746 762
202 714
663 535
102 358
390 454
475 507
765 733
375 359
406 402
264 296
963 995
417 929
375 503
499 243
410 414
502 246
566 630
805 821
361 329
545 546
190 62
207 203
901 773
349 351
839 967
939 811
256 768
621 613
991 987
127 639
111 107
69 325
872 360
231 227
860 892
1016 1012
388 396
478 480
88 84
43 35
1021 509
485 487
193 201
156 155
167 135
102 38
704 576
408 152
573 637
1006 974
336 464
793 795
730 714
174 238
1007 1008
860 988
1019 1020
511 447
236 240
915 787
983 471
497 499
16 14
691 563
532 530
687 703
601 605
796 780
530 594
952 951
621 623
290 34
26 282
779 780
376 312
388 900
237 749
491 489
499 483
166 230
179 243
647 663
792 788
561 529
942 686
183 247
950 952
945 689
327 335
54 53
504 503
770 834
147 148
779 811
328 344
437 439
63 47
166 174
19 27
925 797
343 327
39 167
928 800
399 143
849 851
169 173
713 969
896 892
756 724
321 257
583 579
84 116
579 67
874 866
878 870
674 642
814 942
388 132
117 85
851 979
870 872
970 842
134 142
668 156
259 263
956 700
397 399
526 14
488 487
579 611
121 249
597 605
428 172
923 667
287 319
71 7
394 138
689 561
722 658
302 301
848 336
427 299
1012 1020
331 267
995 993
2 18
20 276
181 182
589 77
466 450
204 236
10 138
156 148
370 369
382 318
452 460
427 939
739 707
810 814
15 11
761 762
564 820
614 102
612 628
921 925
355 363
19 275
529 17
899 897
848 844
250 242
320 448
921 905
633 637
377 889
260 388
781 269
360 296
158 190
319 447
546 610
499 507
630 638
333 269
839 847
563 531
645 709
96 128
49 57
361 489
403 387
981 983
807 295
265 267
244 252
55 51
300 428
254 253
820 818
7 135
795 923
308 436
955 699
95 607
525 517
184 180
423 424
129 133
916 788
774 776
385 129
480 479
899 900
948 692
254 510
189 181
274 258
573 829
117 113
705 713
213 209
602 606
134 646
612 580
939 683
834 322
541 797
819 787
375 311
374 502
131 147
667 651
299 363
147 145
643 644
725 661
722 978
895 1023
248 504
54 182
355 323
658 662
294 293
932 900
201 202
640 632
381 317
548 546
184 696
314 313
716 588
265 281
258 386
150 158
891 1019
524 516
289 291
149 21
155 159
4 132
808 806
685 701
1024 1016
895 891
821 789
454 453
730 729
702 766
553 545
124 122
461 205
665 729
311 823
144 656
41 33
976 848
471 343
664 696
613 629
77 79
201 233
855 839
383 511
453 485
295 359
557 525
609 610
431 943
236 228
278 262
853 837
18 274
30 29
77 333
683 684
282 314
211 83
621 557
866 865
629 597
448 416
936 1000
511 255
52 180
941 933
249 250
988 972
509 493
744 616
965 453
500 508
222 221
59 571
3 515
917 405
97 33
183 191
338 274
487 999
441 953
801 289
1022 894
922 410
811 803
84 340
71 103
19 23
245 501
676 644
910 782
382 374
157 669
84 82
611 867
968 456
475 347
948 946
222 224
140 144
32 288
559 560
742 750
370 306
1020 764
875 1003
330 266
228 226
779 523
440 408
773 261
781 813
886 885
758 742
23 31
11 139
818 786
937 929
821 823
519 520
796 924
887 823
760 759
533 597
470 342
660 724
113 115
939 943
547 515
391 423
336 334
111 112
52 50
641 645
618 622
496 1008
146 210
343 341
517 518
41 553
1002 994
770 786
900 644
979 963
915 913
1 9
221 223
595 603
569 570
673 677
878 366
114 82
481 993
421 437
823 567
353 481
293 289
907 908
521 513
411 412
573 575
145 657
374 310
330 458
382 381
461 457
82 66
384 383
983 991
24 32
660 668
638 766
211 215
115 371
141 653
208 206
878 894
145 146
3 35
492 496
770 769
718 717
96 95
632 120
257 259
495 496
302 46
378 362
670 669
246 758
352 351
993 994
459 395
528 544
794 793
871 999
635 619
892 828
325 341
584 582
150 662
1003 1001
962 961
270 262
457 393
518 526
744 1000
812 940
515 513
714 718
178 242
685 677
791 855
430 942
494 493
887 375
974 846
297 809
914 946
442 186
87 71
547 548
562 561
574 62
988 1020
711 583
203 75
569 825
748 716
958 950
400 144
861 349
262 261
808 824
183 181
625 593
337 345
382 350
424 392
1012 980
595 596
935 931
412 410
954 958
1005 1007
181 693
276 308
659 643
883 867
883 627
143 655
445 189
238 237
188 172
949 1013
526 542
6 5
345 281
719 715
669 541
870 806
517 581
89 91
91 347
362 354
299 297
91 123
501 497
284 316
250 762
862 846
190 182
645 901
269 13
306 308
769 777
342 344
890 874
1011 499
619 620
638 126
386 130
918 926
831 815
642 514
207 239
905 969
45 47
746 618
303 299
237 253
139 203
240 256
754 722
35 163
159 157
735 719
967 903
931 939
332 460
564 562
960 952
736 992
367 363
128 127
31 159
868 612
179 180
824 888
285 269
592 584
384 380
472 471
417 161
998 966
978 986
163 131
879 880
33 34
560 576
449 481
391 399
715 587
391 387
138 142
15 143
1018 1010
460 476
68 100
850 854
352 348
267 268
772 770
726 214
558 622
29 31
677 693
768 760
104 100
382 384
884 868
698 762
311 295
68 67
344 280
396 140
800 288
40 56
242 241
99 611
616 872
661 669
725 727
224 96
819 947
732 731
755 627
806 294
993 929
911 912
783 815
684 700
98 102
979 723
174 170
944 688
896 384
525 541
743 759
217 729
567 695
724 212
533 535
709 965
982 981
34 162
1019 763
810 826
745 713
63 59
303 431
957 925
995 931
22 21
110 126
307 291
433 177
995 1011
36 52
495 1007
108 620
513 514
387 395
279 407
454 486
301 429
827 571
716 652
928 992
758 1014
139 131
581 583
170 186
538 530
710 582
187 251
210 209
466 465
58 50
180 188
1005 749
50 306
386 385
311 319
219 731
153 145
502 498
262 294
743 739
511 1023
791 919
21 85
564 628
756 754
950 934
411 395
40 168
894 862
895 831
175 167
565 629
1023 1019
997 485
257 385
280 276
310 54
672 544
852 860
48 64
449 385
699 667
988 924
189 701
422 421
804 932
272 400
796 540
893 877
701 765
340 372
978 850
152 664
193 195
665 669
420 424
668 666
408 404
560 552
62 126
733 729
413 157
229 101
568 567
537 541
809 813
841 843
128 384
922 986
926 990
235 171
283 411
164 132
435 403
940 932
820 788
419 417
298 42
581 69
464 463
89 601
689 690
357 353
66 68
657 529
900 898
933 997
761 765
971 969
17 81
503 247
117 125
845 877
109 237
782 781
658 657
128 124
73 329
826 314
13 15
116 100
460 458
504 472
881 883
917 949
606 94
130 194
585 589
828 956
23 87
874 362
81 337
64 192
452 484
609 577
860 796
190 702
625 113
589 590
888 896
362 366
843 875
840 328
149 405
70 66
353 361
127 255
972 1004
326 262
965 961
606 862
831 319
627 628
957 959
109 45
557 549
457 201
877 879
850 338
678 694
195 196
662 918
463 207
105 361
822 790
989 991
867 995
68 76
440 436
483 227
636 640
951 959
842 846
604 540
134 198
620 618
114 122
604 602
786 850
880 878
128 64
92 90
319 383
858 857
345 347
969 973
110 366
419 931
54 56
227 243
477 473
126 125
323 331
405 469
849 337
261 263
402 466
85 69
921 913
875 811
765 757
173 174
214 210
934 902
90 89
810 938
198 710
392 408
80 76
687 175
644 708
510 509
614 870
650 522
385 393
326 454
652 656
760 728
773 837
913 914
612 616
946 950
802 770
18 17
426 425
287 415
105 41
692 660
202 74
506 250
82 81
164 162
185 189
71 79
432 448
915 403
868 996
19 3
989 985
46 558
671 672
767 763
279 263
373 369
472 216
776 792
463 399
294 38
333 365
82 86
717 589
242 246
341 337
168 166
81 113
747 763
604 608
296 312
394 386
505 441
666 730
435 443
986 858
479 991
826 830
436 444
498 506
571 572
932 936
959 960
153 157
749 621
824 823
902 910
1008 944
402 404
465 337
181 53
585 577
592 848
115 119
976 1008
397 429
992 976
178 177
905 906
724 728
613 869
248 120
572 540
79 15
827 828
801 817
334 270
953 937
283 315
632 616
161 162
389 133
816 808
562 818
248 244
958 446
860 348
398 414
927 911
230 198
863 859
403 411
355 291
547 675
261 293
479 223
901 965
927 671
193 65
113 97
261 389
101 37
854 886
438 440
528 784
458 394
793 921
8 7
241 209
966 982
682 698
575 576
717 719
900 904
57 185
268 12
209 211
376 384
525 781
305 313
419 163
925 413
742 741
868 804
667 731
1021 1013
290 418
835 771
802 818
821 309
488 504
97 225
356 484
951 949
91 92
579 577
197 199
85 81
991 735
435 436
260 268
826 954
457 489
342 338
746 738
1000 968
676 675
106 234
754 1010
139 140
474 346
712 728
865 873
980 979
879 367
574 573
1000 998
698 700
608 736
560 816
877 869
935 951
145 17
893 829
293 309
926 958
44 556
619 555
150 214
214 213
485 229
956 954
600 632
968 984
524 528
427 443
143 207
499 503
922 924
398 462
851 339
663 659
34 2
1017 953
945 1009
149 151
838 326
697 689
818 817
217 249
177 185
445 413
377 505
384 320
161 165
227 739
535 536
759 755
301 293
386 450
652 644
229 197
231 167
495 491
544 608
375 383
298 290
8 24
704 702
803 547
234 170
568 824
599 607
727 983
426 418
731 723
52 564
706 962
700 668
91 75
405 413
707 723
125 61
447 431
949 821
695 183
317 445
576 640
31 27
350 352
467 499
707 963
714 586
530 534
914 918
408 472
380 124
987 475
412 396
812 816
269 397
141 205
783 271
833 321
1010 978
245 247
163 227
72 104
616 624
498 497
154 146
767 639
981 469
369 377
607 603
103 99
23 535
147 211
216 212
371 372
447 959
246 248
223 735
351 287
987 1019
87 343
40 8
439 951
763 755
647 711
244 116
534 598
521 525
220 92
197 453
644 660
107 619
805 933
516 514
52 60
594 598
449 457
590 586
528 526
985 729
106 110
215 471
694 702
953 957
912 656
841 777
939 937
864 848
361 297
437 433
389 391
436 404
685 681
599 87
583 519
517 533
470 502
806 934
1015 999
306 305
866 882
800 799
152 24
566 550
955 923
77 109
33 37
884 372
905 897
646 902
464 208
377 379
438 437
226 242
595 579
347 283
99 355
964 972
365 877
609 613
362 106
889 1017
241 243
173 189
708 716
928 926
1003 747
442 434
563 819
413 415
315 316
475 476
519 517
879 875
524 780
847 863
513 517
675 679
199 711
489 490
179 163
952 824
793 825
262 390
740 676
672 736
999 1000
597 853
812 804
776 772
724 708
816 304
766 254
197 193
510 512
943 935
927 928
116 124
477 479
929 933
292 420
482 481
389 405
366 494
858 890
103 111
208 720
932 948
89 121
870 869
725 981
414 478
680 552
864 860
785 273
94 93
76 332
808 936
211 219
27 539
618 634
1021 989
130 146
812 556
510 502
716 714
973 845
230 742
63 575
182 184
59 27
414 416
694 662
880 816
640 128
753 625
140 204
666 538
493 495
656 720
539 795
346 330
259 3
773 775
880 872
659 915
527 519
425 429
15 47
827 825
942 958
930 674
864 863
177 179
240 752
174 686
127 63
379 371
357 485
967 999
912 904
94 86
430 174
741 709
1023 959
175 176
407 415
309 311
396 428
674 546
463 495
89 25
337 321
72 328
503 439
434 178
974 990
42 34
257 265
636 572
518 534
493 485
678 686
243 115
148 660
131 195
581 837
577 833
496 488
38 46
542 538
979 983
652 684
776 775
763 635
61 189
617 553
115 123
907 651
949 950
884 892
675 739
654 526
951 947
932 930
110 46
1001 993
881 865
888 856
121 633
129 130
436 180
398 142
31 63
594 82
311 439
550 806
113 369
768 736
825 809
232 104
288 272
198 200
441 442
439 435
155 27
512 448
938 940
741 743
232 230
324 452
555 571
648 646
924 668
220 252
173 165
167 168
484 482
982 978
281 409
49 177
624 620
641 642
399 431
922 914
608 600
136 8
121 105
676 548
192 704
777 778
600 88
54 566
959 955
330 362
496 432
51 563
151 663
171 169
418 162
596 594
971 715
657 721
912 976
964 836
377 121
258 260
207 79
705 961
263 271
674 738
318 317
224 220
264 263
438 950
271 287
497 481
513 577
663 671
711 707
650 642
726 982
688 687
692 690
526 590
98 97
443 441
742 678
569 553
430 446
903 647
216 728
317 313
385 417
591 623
226 738
992 480
871 807
938 906
991 1023
35 547
532 20
58 186
779 907
869 805
564 572
129 145
520 776
413 409
185 169
809 801
208 80
491 235
349 285
439 407
672 664
97 609
468 476
384 368
423 419
101 103
363 491
94 96
491 427
729 761
437 501
508 444
318 286
75 11
761 697
313 297
367 335
452 196
445 447
225 161
914 402
260 292
639 637
982 984
864 896
218 202
366 302
187 155
123 635
722 730
429 173
288 287
275 787
30 32
557 573
33 545
567 565
733 221
514 578
618 874
892 890
571 539
293 421
734 990
798 286
296 295
974 973
973 461
952 948
13 141
543 671
264 272
1013 885
200 199
965 967
1008 1000
12 10
541 533
520 8
799 927
277 273
940 908
600 599
943 941
750 718
241 753
405 401
453 325
916 914
92 28
168 232
294 296
641 657
721 977
503 511
488 232
354 358
971 907
521 522
678 934
593 721
541 542
196 228
674 676
690 754
57 569
27 283
325 261
892 1020
432 176
741 757
380 364
519 551
918 406
819 827
1016 984
122 378
551 567
956 960
277 279
514 530
387 388
692 696
26 30
416 415
203 235
226 194
653 717
313 377
226 230
1011 979
661 533
359 367
32 16
599 631
511 495
454 198
778 906
424 422
851 852
529 533
250 218
536 24
227 228
467 211
189 191
966 968
348 332
501 373
125 381
414 406
588 587
170 426
158 154
175 143
702 574
413 477
560 528
284 28
464 496
277 261
21 23
1012 1010
652 524
1010 1014
8 264
38 54
919 915
764 636
918 790
148 212
401 145
428 426
623 615
785 793
942 1006
901 389
39 55
194 210
27 11
351 479
46 62
12 524
773 769
282 286
984 980
195 67
59 60
841 873
404 412
193 705
112 48
527 523
76 108
305 433
1021 893
752 768
131 132
967 975
238 110
959 927
341 469
423 167
646 518
771 772
430 429
411 155
358 357
518 6
851 835
18 20
838 834
660 658
213 149
262 264
1008 1024
710 742
654 910
735 767
368 880
634 636
369 371
691 659
713 585
41 42
400 398
59 57
416 400
349 381
846 845
105 617
973 1005
710 966
904 920
896 880
498 370
470 469
205 207
943 944
221 477
335 331
64 56
942 938
148 20
944 942
324 356
101 117
705 737
660 916
767 751
92 604
917 789
522 538
159 160
426 430
200 72
65 67
249 185
170 172
107 43
258 257
468 466
803 804
691 689
532 788
365 357
539 543
14 78
601 537
686 685
590 718
575 559
450 452
751 749
9 521
271 15
56 55
695 696
631 632
17 19
34 38
856 840
574 566
538 540
5 21
566 568
728 726
53 49
1004 1008
878 814
688 704
211 723
86 70
515 531
345 473
304 296
572 576
651 715
806 822
372 356
586 842
590 846
852 884
1000 1016
1013 1015
252 764
928 920
406 150
297 41
545 513
723 595
251 123
687 679
279 311
87 119
752 688
969 457
612 611
131 643
407 391
733 989
371 499
649 681
897 641
715 713
598 600
617 633
573 565
308 52
80 112
584 72
127 111
898 770
158 670
222 734
934 998
214 470
98 34
53 55
840 839
545 549
12 16
294 422
668 672
951 919
611 615
474 506
365 109
335 847
605 589
930 934
469 465
535 791
921 665
509 505
964 996
489 493
365 493
137 649
610 618
49 51
217 89
14 30
364 300
576 574
693 565
448 440
149 661
538 26
613 614
176 168
598 86
121 57
853 849
761 745
43 41
996 932
454 450
314 318
425 427
535 599
570 574
848 847
247 119
650 714
732 716
853 855
827 795
632 888
220 204
1006 1005
961 963
515 771
108 106
578 66
842 778
154 666
233 237
961 969
29 285
885 893
458 202
51 59
923 921
717 709
153 137
183 179
433 401
1009 977
409 153
791 799
118 54
847 591
312 440
548 516
924 908
233 225
281 25
159 143
768 1024
619 611
329 330
253 765
37 53
137 141
1002 1006
179 147
547 555
970 962
257 1
7 3
1010 882
96 80
894 886
720 718
615 743
112 110
497 241
913 917
614 630
969 970
635 571
494 486
625 626
138 154
496 494
748 747
625 629
787 771
329 841
946 434
888 884
610 98
1011 1012
686 688
202 194
732 764

TERMINALS
1
4
6
7
10
11
13
16
18
19
21
24
25
28
30
31
34
35
37
40
41
44
46
47
49
52
54
55
58
59
61
64
66
67
69
72
73
76
78
79
81
84
86
87
90
91
93
96
97
100
102
103
106
107
109
112
114
115
117
120
121
124
126
127
130
131
133
136
137
140
142
143
145
148
150
151
154
155
157
160
161
164
166
167
170
171
173
176
178
179
181
184
185
188
190
191
193
196
198
199
202
203
205
208
210
211
213
216
217
220
222
223
226
227
229
232
233
236
238
239
241
244
246
247
250
251
253
256
258
259
261
264
265
268
270
271
273
276
278
279
282
283
285
288
289
292
294
295
298
299
301
304
306
307
309
312
313
316
318
319
321
324
326
327
330
331
333
336
338
339
341
344
345
348
350
351
354
355
357
360
361
364
366
367
369
372
374
375
378
379
381
384
385
388
390
391
394
395
397
400
402
403
405
408
409
412
414
415
418
419
421
424
425
428
430
431
433
436
438
439
442
443
445
448
450
451
453
456
457
460
462
463
465
468
470
471
474
475
477
480
481
484
486
487
490
491
493
496
498
499
501
504
505
508
510
511
514
515
517
520
521
524
526
527
529
532
534
535
538
539
541
544
545
548
550
551
554
555
557
560
562
563
565
568
569
572
574
575
577
580
582
583
586
587
589
592
594
595
597
600
601
604
606
607
610
611
613
616
617
620
622
623
625
628
630
631
634
635
637
640
641
644
646
647
650
651
653
656
658
659
661
664
665
668
670
671
674
675
677
680
681
684
686
687
689
692
694
695
698
699
701
704
706
707
709
712
713
716
718
719
721
724
726
727
730
731
733
736
737
740
742
743
746
747
749
752
754
755
757
760
761
764
766
767
769
772
774
775
778
779
781
784
786
787
789
792
793
796
798
799
802
803
805
808
809
812
814
815
817
820
822
823
826
827
829
832
834
835
837
840
841
844
846
847
849
852
854
855
858
859
861
864
865
868
870
871
874
875
877
880
882
883
885
888
889
892
894
895
898
899
901
904
905
908
910
911
913
916
918
919
922
923
925
928
929
932
934
935
938
939
941
944
946
947
949
952
953
956
958
959
961
964
966
967
970
971
973
976
978
979
981
984
985
988
990
991
994
995
997
1000
1001
1004
1006
1007
1009
1012
1014
1015
1018
1019
1021
1024

END
