INSTANCE_NAME hc7p.dat
NB_VERTICES 128
NB_ARCS 448
NB_REQUESTS 0
NB_BLOCKAGES 291
NB_TERMINALS 64

VERTICES
1 0 0
2 0 0
3 0 0
4 0 0
5 0 0
6 0 0
7 0 0
8 0 0
9 0 0
10 0 0
11 0 0
12 0 0
13 0 0
14 0 0
15 0 0
16 0 0
17 0 0
18 0 0
19 0 0
20 0 0
21 0 0
22 0 0
23 0 0
24 0 0
25 0 0
26 0 0
27 0 0
28 0 0
29 0 0
30 0 0
31 0 0
32 0 0
33 0 0
34 0 0
35 0 0
36 0 0
37 0 0
38 0 0
39 0 0
40 0 0
41 0 0
42 0 0
43 0 0
44 0 0
45 0 0
46 0 0
47 0 0
48 0 0
49 0 0
50 0 0
51 0 0
52 0 0
53 0 0
54 0 0
55 0 0
56 0 0
57 0 0
58 0 0
59 0 0
60 0 0
61 0 0
62 0 0
63 0 0
64 0 0
65 0 0
66 0 0
67 0 0
68 0 0
69 0 0
70 0 0
71 0 0
72 0 0
73 0 0
74 0 0
75 0 0
76 0 0
77 0 0
78 0 0
79 0 0
80 0 0
81 0 0
82 0 0
83 0 0
84 0 0
85 0 0
86 0 0
87 0 0
88 0 0
89 0 0
90 0 0
91 0 0
92 0 0
93 0 0
94 0 0
95 0 0
96 0 0
97 0 0
98 0 0
99 0 0
100 0 0
101 0 0
102 0 0
103 0 0
104 0 0
105 0 0
106 0 0
107 0 0
108 0 0
109 0 0
110 0 0
111 0 0
112 0 0
113 0 0
114 0 0
115 0 0
116 0 0
117 0 0
118 0 0
119 0 0
120 0 0
121 0 0
122 0 0
123 0 0
124 0 0
125 0 0
126 0 0
127 0 0
128 0 0

ARCS
1 65 100
65 97 107
97 33 110
33 1 101
1 17 108
17 81 109
81 65 107
65 73 102
73 9 107
9 1 105
1 5 105
5 69 109
69 65 109
65 67 107
67 3 100
3 1 102
1 2 100
2 66 107
66 65 109
66 98 101
98 34 105
34 2 107
2 18 110
18 17 106
17 49 101
49 33 104
33 41 101
41 9 100
9 25 106
25 17 100
17 21 107
21 5 101
5 37 105
37 33 106
33 35 102
35 3 100
3 19 105
19 17 109
19 83 103
83 67 100
67 99 102
99 35 106
35 51 101
51 19 103
19 27 105
27 11 109
11 3 107
3 7 100
7 5 104
5 13 107
13 9 109
9 11 102
11 75 101
75 67 104
67 71 110
71 7 103
7 39 106
39 35 106
35 43 107
43 11 105
11 15 110
15 7 110
7 23 108
23 19 106
19 20 109
20 4 107
4 2 109
2 10 104
10 9 104
10 74 108
74 66 108
66 82 100
82 18 108
18 50 107
50 34 110
34 33 105
34 42 101
42 10 105
10 26 102
26 18 110
18 22 109
22 6 102
6 2 105
6 5 107
6 70 110
70 66 106
66 68 102
68 4 100
4 3 104
4 36 104
36 34 103
34 38 102
38 6 108
6 14 100
14 10 103
10 12 103
12 4 106
4 8 110
8 6 108
8 7 104
8 72 102
72 68 103
68 67 110
68 100 104
100 36 102
36 35 108
36 52 105
52 20 109
20 18 102
20 84 104
84 68 102
68 76 107
76 12 109
12 11 100
12 44 105
44 36 104
36 40 102
40 8 110
8 24 107
24 20 104
20 28 102
28 12 105
12 16 103
16 8 108
16 14 103
14 13 110
13 77 110
77 69 104
69 101 108
101 37 100
37 53 109
53 21 105
21 85 105
85 69 108
69 71 103
71 103 109
103 39 101
39 37 101
37 45 104
45 13 105
13 29 102
29 21 103
21 23 101
23 87 105
87 71 101
71 79 104
79 15 110
15 13 100
15 47 105
47 39 104
39 55 100
55 23 110
23 31 108
31 15 105
15 16 110
16 80 100
80 72 101
72 70 102
70 69 102
70 102 100
102 38 104
38 37 110
38 54 101
54 22 108
22 21 101
22 86 106
86 70 102
70 78 110
78 14 100
14 46 105
46 38 109
38 40 101
40 39 102
40 104 101
104 72 101
72 71 106
72 88 109
88 24 109
24 22 105
22 30 100
30 14 104
30 26 104
26 25 101
25 89 101
89 73 102
73 105 110
105 41 103
41 57 104
57 25 102
25 29 107
29 93 101
93 77 101
77 73 102
73 75 101
75 107 108
107 43 109
43 41 110
41 45 108
45 109 110
109 77 107
77 79 108
79 75 106
75 91 107
91 27 107
27 25 101
27 59 110
59 43 105
43 47 105
47 45 104
45 61 106
61 29 107
29 31 104
31 27 102
27 28 101
28 26 100
26 90 103
90 74 107
74 73 102
74 106 106
106 42 102
42 41 107
42 58 107
58 26 100
58 50 109
50 49 104
49 113 101
113 81 108
81 89 106
89 121 103
121 57 102
57 49 104
49 53 106
53 117 107
117 85 103
85 81 108
81 83 103
83 115 104
115 51 107
51 49 109
51 59 108
59 57 103
57 61 104
61 53 105
53 55 107
55 51 100
51 52 109
52 50 108
50 114 108
114 82 105
82 81 101
82 90 103
90 89 107
89 93 105
93 85 100
85 87 104
87 83 104
83 91 102
91 89 105
91 123 101
123 59 108
59 63 104
63 31 106
31 95 109
95 79 101
79 111 107
111 47 110
47 63 109
63 55 105
55 119 109
119 87 108
87 95 107
95 91 107
91 92 103
92 28 103
28 60 109
60 44 108
44 42 102
42 46 109
46 45 109
46 110 107
110 78 106
78 74 108
74 76 107
76 75 100
76 108 106
108 44 108
44 43 106
44 48 105
48 16 108
16 32 108
32 24 109
24 23 106
24 56 106
56 40 108
40 48 105
48 46 110
46 62 107
62 30 101
30 29 104
30 94 105
94 78 106
78 77 105
78 80 103
80 76 103
76 92 102
92 84 105
84 82 105
82 86 106
86 85 102
86 118 107
118 54 102
54 50 107
54 53 107
54 62 110
62 58 104
58 57 105
58 122 109
122 90 104
90 94 106
94 86 107
86 88 105
88 84 104
84 83 104
84 116 104
116 52 105
52 60 105
60 58 105
60 59 102
60 124 110
124 92 105
92 90 110
92 96 105
96 32 106
32 28 107
32 30 106
32 31 110
32 64 101
64 48 105
48 47 103
48 112 105
112 80 105
80 79 101
80 96 109
96 88 110
88 87 110
88 120 105
120 56 104
56 52 100
56 54 109
56 55 101
56 64 110
64 60 101
64 62 108
62 61 100
61 125 106
125 93 109
93 95 100
95 127 110
127 63 108
63 61 106
63 64 103
64 128 104
128 96 110
96 94 106
94 93 103
94 126 107
126 62 100
126 110 101
110 102 109
102 98 107
98 97 108
97 113 102
113 121 100
121 105 100
105 97 109
97 101 107
101 117 101
117 113 101
113 115 107
115 99 104
99 97 105
99 107 106
107 105 104
105 109 105
109 101 100
101 103 105
103 99 108
99 100 110
100 98 107
98 114 100
114 113 103
114 122 100
122 106 104
106 98 101
106 105 102
106 110 106
110 109 100
109 125 107
125 117 107
117 119 106
119 103 108
103 111 104
111 107 105
107 123 107
123 115 105
115 119 104
119 127 110
127 111 108
111 109 103
111 112 102
112 104 105
104 100 108
100 116 107
116 114 105
114 118 105
118 102 101
102 101 100
102 104 108
104 103 100
104 120 106
120 116 109
116 115 101
116 124 103
124 108 108
108 100 103
108 106 107
108 107 103
108 112 104
112 110 105
112 128 100
128 120 100
120 118 100
118 117 107
118 126 103
126 122 105
122 121 104
121 125 109
125 127 100
127 123 108
123 121 100
123 124 107
124 122 106
124 128 105
128 126 110
126 125 101
128 127 102
120 119 105
96 95 102

REQUESTS

BLOCKAGES
123 59
13 29
30 14
48 112
46 62
16 32
10 9
32 28
28 12
119 87
20 84
24 22
40 48
88 24
15 47
86 88
39 37
25 17
1 5
94 93
72 68
100 36
27 59
126 122
108 112
104 120
67 99
22 6
3 7
115 119
61 125
108 100
40 104
28 26
80 79
30 26
26 90
13 77
36 40
13 9
46 110
22 30
103 39
55 51
105 109
11 75
24 20
71 79
80 72
82 90
23 87
56 64
6 2
57 61
37 45
92 96
114 122
84 116
18 17
44 43
34 33
90 89
122 121
95 91
115 51
65 73
47 45
88 120
102 101
6 5
97 33
40 39
82 81
1 17
96 88
111 109
85 87
70 69
98 97
37 33
58 57
91 92
115 99
110 102
118 117
114 113
27 25
73 105
107 43
124 122
63 55
53 55
27 11
43 47
104 72
42 46
26 25
32 64
49 113
91 89
73 75
87 95
81 65
55 23
72 71
59 57
128 126
60 44
42 10
74 66
66 68
64 128
118 102
123 121
111 112
35 43
7 39
124 92
8 72
54 22
77 73
15 16
1 65
106 98
80 96
41 57
63 61
60 59
91 123
14 46
68 100
27 28
39 35
38 40
20 4
93 77
17 21
36 52
96 32
9 25
6 14
76 12
58 50
59 43
26 18
105 41
70 78
128 96
78 80
109 101
54 53
93 95
4 2
17 49
121 105
3 1
48 47
29 93
121 125
5 69
116 115
44 36
49 53
34 42
29 21
116 52
77 79
104 103
79 111
42 41
60 58
10 12
4 36
70 66
76 92
97 101
16 14
105 97
74 73
63 64
102 98
112 104
14 10
67 71
18 50
57 49
82 86
31 27
46 45
52 50
23 19
120 119
107 123
28 60
31 95
77 69
120 116
64 48
52 60
124 108
99 100
108 107
126 125
61 29
16 80
86 85
7 23
75 67
41 9
8 6
51 52
112 110
69 71
66 82
68 67
94 78
70 102
45 109
33 1
34 2
12 44
122 90
33 35
94 86
2 10
99 97
11 3
94 126
79 75
89 93
101 103
113 115
92 84
15 7
106 42
53 21
5 37
37 53
11 15
100 98
12 4
113 81
86 70
74 106
45 61
82 18
117 119
24 56
21 23
2 66
109 125
108 106
120 56
125 127
127 63
19 20
25 29
62 58
30 94
44 48
88 87
15 13
56 54
5 13
69 101
126 62
98 34
123 124
114 118
50 49
116 124
117 85
50 34
81 83
81 89
63 31
90 74
32 24
68 4
99 107
106 110
110 78
8 7
51 19
111 107
65 67
20 18
71 103
54 62
89 121
19 83

TERMINALS
1
4
6
7
10
11
13
16
18
19
21
24
25
28
30
31
34
35
37
40
41
44
46
47
49
52
54
55
58
59
61
64
66
67
69
72
73
76
78
79
81
84
86
87
90
91
93
96
97
100
102
103
106
107
109
112
114
115
117
120
121
124
126
127

END
