INSTANCE_NAME hc7u.dat
NB_VERTICES 128
NB_ARCS 448
NB_REQUESTS 0
NB_BLOCKAGES 291
NB_TERMINALS 64

VERTICES
1 0 0
2 0 0
3 0 0
4 0 0
5 0 0
6 0 0
7 0 0
8 0 0
9 0 0
10 0 0
11 0 0
12 0 0
13 0 0
14 0 0
15 0 0
16 0 0
17 0 0
18 0 0
19 0 0
20 0 0
21 0 0
22 0 0
23 0 0
24 0 0
25 0 0
26 0 0
27 0 0
28 0 0
29 0 0
30 0 0
31 0 0
32 0 0
33 0 0
34 0 0
35 0 0
36 0 0
37 0 0
38 0 0
39 0 0
40 0 0
41 0 0
42 0 0
43 0 0
44 0 0
45 0 0
46 0 0
47 0 0
48 0 0
49 0 0
50 0 0
51 0 0
52 0 0
53 0 0
54 0 0
55 0 0
56 0 0
57 0 0
58 0 0
59 0 0
60 0 0
61 0 0
62 0 0
63 0 0
64 0 0
65 0 0
66 0 0
67 0 0
68 0 0
69 0 0
70 0 0
71 0 0
72 0 0
73 0 0
74 0 0
75 0 0
76 0 0
77 0 0
78 0 0
79 0 0
80 0 0
81 0 0
82 0 0
83 0 0
84 0 0
85 0 0
86 0 0
87 0 0
88 0 0
89 0 0
90 0 0
91 0 0
92 0 0
93 0 0
94 0 0
95 0 0
96 0 0
97 0 0
98 0 0
99 0 0
100 0 0
101 0 0
102 0 0
103 0 0
104 0 0
105 0 0
106 0 0
107 0 0
108 0 0
109 0 0
110 0 0
111 0 0
112 0 0
113 0 0
114 0 0
115 0 0
116 0 0
117 0 0
118 0 0
119 0 0
120 0 0
121 0 0
122 0 0
123 0 0
124 0 0
125 0 0
126 0 0
127 0 0
128 0 0

ARCS
1 65 1
65 97 1
97 33 1
33 1 1
1 17 1
17 81 1
81 65 1
65 73 1
73 9 1
9 1 1
1 5 1
5 69 1
69 65 1
65 67 1
67 3 1
3 1 1
1 2 1
2 66 1
66 65 1
66 98 1
98 34 1
34 2 1
2 18 1
18 17 1
17 49 1
49 33 1
33 41 1
41 9 1
9 25 1
25 17 1
17 21 1
21 5 1
5 37 1
37 33 1
33 35 1
35 3 1
3 19 1
19 17 1
19 83 1
83 67 1
67 99 1
99 35 1
35 51 1
51 19 1
19 27 1
27 11 1
11 3 1
3 7 1
7 5 1
5 13 1
13 9 1
9 11 1
11 75 1
75 67 1
67 71 1
71 7 1
7 39 1
39 35 1
35 43 1
43 11 1
11 15 1
15 7 1
7 23 1
23 19 1
19 20 1
20 4 1
4 2 1
2 10 1
10 9 1
10 74 1
74 66 1
66 82 1
82 18 1
18 50 1
50 34 1
34 33 1
34 42 1
42 10 1
10 26 1
26 18 1
18 22 1
22 6 1
6 2 1
6 5 1
6 70 1
70 66 1
66 68 1
68 4 1
4 3 1
4 36 1
36 34 1
34 38 1
38 6 1
6 14 1
14 10 1
10 12 1
12 4 1
4 8 1
8 6 1
8 7 1
8 72 1
72 68 1
68 67 1
68 100 1
100 36 1
36 35 1
36 52 1
52 20 1
20 18 1
20 84 1
84 68 1
68 76 1
76 12 1
12 11 1
12 44 1
44 36 1
36 40 1
40 8 1
8 24 1
24 20 1
20 28 1
28 12 1
12 16 1
16 8 1
16 14 1
14 13 1
13 77 1
77 69 1
69 101 1
101 37 1
37 53 1
53 21 1
21 85 1
85 69 1
69 71 1
71 103 1
103 39 1
39 37 1
37 45 1
45 13 1
13 29 1
29 21 1
21 23 1
23 87 1
87 71 1
71 79 1
79 15 1
15 13 1
15 47 1
47 39 1
39 55 1
55 23 1
23 31 1
31 15 1
15 16 1
16 80 1
80 72 1
72 70 1
70 69 1
70 102 1
102 38 1
38 37 1
38 54 1
54 22 1
22 21 1
22 86 1
86 70 1
70 78 1
78 14 1
14 46 1
46 38 1
38 40 1
40 39 1
40 104 1
104 72 1
72 71 1
72 88 1
88 24 1
24 22 1
22 30 1
30 14 1
30 26 1
26 25 1
25 89 1
89 73 1
73 105 1
105 41 1
41 57 1
57 25 1
25 29 1
29 93 1
93 77 1
77 73 1
73 75 1
75 107 1
107 43 1
43 41 1
41 45 1
45 109 1
109 77 1
77 79 1
79 75 1
75 91 1
91 27 1
27 25 1
27 59 1
59 43 1
43 47 1
47 45 1
45 61 1
61 29 1
29 31 1
31 27 1
27 28 1
28 26 1
26 90 1
90 74 1
74 73 1
74 106 1
106 42 1
42 41 1
42 58 1
58 26 1
58 50 1
50 49 1
49 113 1
113 81 1
81 89 1
89 121 1
121 57 1
57 49 1
49 53 1
53 117 1
117 85 1
85 81 1
81 83 1
83 115 1
115 51 1
51 49 1
51 59 1
59 57 1
57 61 1
61 53 1
53 55 1
55 51 1
51 52 1
52 50 1
50 114 1
114 82 1
82 81 1
82 90 1
90 89 1
89 93 1
93 85 1
85 87 1
87 83 1
83 91 1
91 89 1
91 123 1
123 59 1
59 63 1
63 31 1
31 95 1
95 79 1
79 111 1
111 47 1
47 63 1
63 55 1
55 119 1
119 87 1
87 95 1
95 91 1
91 92 1
92 28 1
28 60 1
60 44 1
44 42 1
42 46 1
46 45 1
46 110 1
110 78 1
78 74 1
74 76 1
76 75 1
76 108 1
108 44 1
44 43 1
44 48 1
48 16 1
16 32 1
32 24 1
24 23 1
24 56 1
56 40 1
40 48 1
48 46 1
46 62 1
62 30 1
30 29 1
30 94 1
94 78 1
78 77 1
78 80 1
80 76 1
76 92 1
92 84 1
84 82 1
82 86 1
86 85 1
86 118 1
118 54 1
54 50 1
54 53 1
54 62 1
62 58 1
58 57 1
58 122 1
122 90 1
90 94 1
94 86 1
86 88 1
88 84 1
84 83 1
84 116 1
116 52 1
52 60 1
60 58 1
60 59 1
60 124 1
124 92 1
92 90 1
92 96 1
96 32 1
32 28 1
32 30 1
32 31 1
32 64 1
64 48 1
48 47 1
48 112 1
112 80 1
80 79 1
80 96 1
96 88 1
88 87 1
88 120 1
120 56 1
56 52 1
56 54 1
56 55 1
56 64 1
64 60 1
64 62 1
62 61 1
61 125 1
125 93 1
93 95 1
95 127 1
127 63 1
63 61 1
63 64 1
64 128 1
128 96 1
96 94 1
94 93 1
94 126 1
126 62 1
126 110 1
110 102 1
102 98 1
98 97 1
97 113 1
113 121 1
121 105 1
105 97 1
97 101 1
101 117 1
117 113 1
113 115 1
115 99 1
99 97 1
99 107 1
107 105 1
105 109 1
109 101 1
101 103 1
103 99 1
99 100 1
100 98 1
98 114 1
114 113 1
114 122 1
122 106 1
106 98 1
106 105 1
106 110 1
110 109 1
109 125 1
125 117 1
117 119 1
119 103 1
103 111 1
111 107 1
107 123 1
123 115 1
115 119 1
119 127 1
127 111 1
111 109 1
111 112 1
112 104 1
104 100 1
100 116 1
116 114 1
114 118 1
118 102 1
102 101 1
102 104 1
104 103 1
104 120 1
120 116 1
116 115 1
116 124 1
124 108 1
108 100 1
108 106 1
108 107 1
108 112 1
112 110 1
112 128 1
128 120 1
120 118 1
118 117 1
118 126 1
126 122 1
122 121 1
121 125 1
125 127 1
127 123 1
123 121 1
123 124 1
124 122 1
124 128 1
128 126 1
126 125 1
128 127 1
120 119 1
96 95 1

REQUESTS

BLOCKAGES
102 38
92 96
124 122
33 41
99 97
95 91
15 47
105 109
24 20
128 127
18 17
58 50
35 3
9 1
84 83
97 113
28 26
43 47
104 72
128 120
50 34
15 16
97 101
66 82
17 81
66 65
104 120
117 85
98 114
25 17
69 71
91 89
41 9
19 83
108 107
56 52
15 13
42 46
78 14
87 71
40 48
106 98
41 45
59 57
62 30
43 11
31 15
79 75
46 110
117 119
124 128
15 7
30 26
51 19
40 39
68 76
43 41
76 75
7 5
70 69
87 83
29 21
56 55
94 93
40 8
28 12
83 91
111 112
63 55
1 17
125 127
31 27
78 80
2 66
3 7
111 107
78 77
121 105
21 5
125 117
8 24
75 107
33 35
80 96
24 56
100 98
4 3
81 65
7 39
39 55
99 107
101 103
76 92
13 77
41 57
114 122
48 112
74 73
49 113
104 100
90 74
1 2
84 82
48 16
64 48
75 91
121 57
73 105
48 47
86 118
70 66
87 95
82 90
80 72
64 62
108 106
1 65
124 92
74 106
97 33
102 98
88 120
8 72
47 63
113 121
19 27
49 53
59 63
11 3
32 64
86 85
36 40
123 121
94 126
20 4
16 8
126 125
68 67
16 80
56 54
96 32
92 90
12 44
51 59
89 93
3 1
57 49
17 21
72 88
65 97
89 121
71 103
112 110
27 11
55 119
79 111
55 23
94 78
109 125
52 50
54 50
84 116
107 123
123 115
36 35
112 104
96 95
57 25
120 56
85 69
47 39
68 4
31 95
93 85
30 14
9 11
106 105
38 6
108 44
101 117
75 67
60 44
116 52
98 34
80 76
94 86
114 82
116 114
22 86
118 54
25 29
70 102
82 81
114 113
113 115
120 116
99 35
19 20
10 12
63 61
64 60
61 53
85 81
53 21
23 87
6 70
60 58
35 51
92 84
90 89
14 10
32 30
126 122
32 28
89 73
38 54
73 9
36 52
45 109
44 42
81 83
22 6
13 9
46 62
14 13
2 18
54 22
42 58
127 111
23 31
36 34
26 90
109 101
16 32
67 99
5 13
123 59
99 100
4 2
66 68
91 27
128 126
51 52
104 103
26 18
125 93
116 115
102 101
62 61
10 26
119 127
6 5
76 108
7 23
34 38
110 102
77 79
93 95
30 29
124 108
18 50
71 79
77 73
67 71
112 128
39 37
96 88
127 63
18 22
49 33
115 51
118 117
22 21
6 14
42 10
34 2
111 109
37 33
126 62
88 84
12 4
72 68
44 43
106 42
27 25
38 40
24 23
110 78
12 11
61 29
59 43

TERMINALS
1
4
6
7
10
11
13
16
18
19
21
24
25
28
30
31
34
35
37
40
41
44
46
47
49
52
54
55
58
59
61
64
66
67
69
72
73
76
78
79
81
84
86
87
90
91
93
96
97
100
102
103
106
107
109
112
114
115
117
120
121
124
126
127

END
