INSTANCE_NAME hc8u.dat
NB_VERTICES 256
NB_ARCS 1024
NB_REQUESTS 0
NB_BLOCKAGES 665
NB_TERMINALS 128

VERTICES
1 0 0
2 0 0
3 0 0
4 0 0
5 0 0
6 0 0
7 0 0
8 0 0
9 0 0
10 0 0
11 0 0
12 0 0
13 0 0
14 0 0
15 0 0
16 0 0
17 0 0
18 0 0
19 0 0
20 0 0
21 0 0
22 0 0
23 0 0
24 0 0
25 0 0
26 0 0
27 0 0
28 0 0
29 0 0
30 0 0
31 0 0
32 0 0
33 0 0
34 0 0
35 0 0
36 0 0
37 0 0
38 0 0
39 0 0
40 0 0
41 0 0
42 0 0
43 0 0
44 0 0
45 0 0
46 0 0
47 0 0
48 0 0
49 0 0
50 0 0
51 0 0
52 0 0
53 0 0
54 0 0
55 0 0
56 0 0
57 0 0
58 0 0
59 0 0
60 0 0
61 0 0
62 0 0
63 0 0
64 0 0
65 0 0
66 0 0
67 0 0
68 0 0
69 0 0
70 0 0
71 0 0
72 0 0
73 0 0
74 0 0
75 0 0
76 0 0
77 0 0
78 0 0
79 0 0
80 0 0
81 0 0
82 0 0
83 0 0
84 0 0
85 0 0
86 0 0
87 0 0
88 0 0
89 0 0
90 0 0
91 0 0
92 0 0
93 0 0
94 0 0
95 0 0
96 0 0
97 0 0
98 0 0
99 0 0
100 0 0
101 0 0
102 0 0
103 0 0
104 0 0
105 0 0
106 0 0
107 0 0
108 0 0
109 0 0
110 0 0
111 0 0
112 0 0
113 0 0
114 0 0
115 0 0
116 0 0
117 0 0
118 0 0
119 0 0
120 0 0
121 0 0
122 0 0
123 0 0
124 0 0
125 0 0
126 0 0
127 0 0
128 0 0
129 0 0
130 0 0
131 0 0
132 0 0
133 0 0
134 0 0
135 0 0
136 0 0
137 0 0
138 0 0
139 0 0
140 0 0
141 0 0
142 0 0
143 0 0
144 0 0
145 0 0
146 0 0
147 0 0
148 0 0
149 0 0
150 0 0
151 0 0
152 0 0
153 0 0
154 0 0
155 0 0
156 0 0
157 0 0
158 0 0
159 0 0
160 0 0
161 0 0
162 0 0
163 0 0
164 0 0
165 0 0
166 0 0
167 0 0
168 0 0
169 0 0
170 0 0
171 0 0
172 0 0
173 0 0
174 0 0
175 0 0
176 0 0
177 0 0
178 0 0
179 0 0
180 0 0
181 0 0
182 0 0
183 0 0
184 0 0
185 0 0
186 0 0
187 0 0
188 0 0
189 0 0
190 0 0
191 0 0
192 0 0
193 0 0
194 0 0
195 0 0
196 0 0
197 0 0
198 0 0
199 0 0
200 0 0
201 0 0
202 0 0
203 0 0
204 0 0
205 0 0
206 0 0
207 0 0
208 0 0
209 0 0
210 0 0
211 0 0
212 0 0
213 0 0
214 0 0
215 0 0
216 0 0
217 0 0
218 0 0
219 0 0
220 0 0
221 0 0
222 0 0
223 0 0
224 0 0
225 0 0
226 0 0
227 0 0
228 0 0
229 0 0
230 0 0
231 0 0
232 0 0
233 0 0
234 0 0
235 0 0
236 0 0
237 0 0
238 0 0
239 0 0
240 0 0
241 0 0
242 0 0
243 0 0
244 0 0
245 0 0
246 0 0
247 0 0
248 0 0
249 0 0
250 0 0
251 0 0
252 0 0
253 0 0
254 0 0
255 0 0
256 0 0

ARCS
1 129 1
129 193 1
193 65 1
65 1 1
1 33 1
33 161 1
161 129 1
129 145 1
145 17 1
17 1 1
1 9 1
9 137 1
137 129 1
129 133 1
133 5 1
5 1 1
1 3 1
3 131 1
131 129 1
129 130 1
130 2 1
2 1 1
2 66 1
66 65 1
65 97 1
97 33 1
33 49 1
49 17 1
17 81 1
81 65 1
65 73 1
73 9 1
9 41 1
41 33 1
33 37 1
37 5 1
5 69 1
69 65 1
65 67 1
67 3 1
3 35 1
35 33 1
33 34 1
34 2 1
2 18 1
18 17 1
17 25 1
25 9 1
9 13 1
13 5 1
5 21 1
21 17 1
17 19 1
19 3 1
3 11 1
11 9 1
9 10 1
10 2 1
2 6 1
6 5 1
5 7 1
7 3 1
3 4 1
4 2 1
4 132 1
132 130 1
130 194 1
194 66 1
66 98 1
98 34 1
34 162 1
162 130 1
130 146 1
146 18 1
18 82 1
82 66 1
66 74 1
74 10 1
10 138 1
138 130 1
130 134 1
134 6 1
6 70 1
70 66 1
66 68 1
68 4 1
4 36 1
36 34 1
34 50 1
50 18 1
18 26 1
26 10 1
10 42 1
42 34 1
34 38 1
38 6 1
6 22 1
22 18 1
18 20 1
20 4 1
4 12 1
12 10 1
10 14 1
14 6 1
6 8 1
8 4 1
8 7 1
7 135 1
135 131 1
131 195 1
195 67 1
67 99 1
99 35 1
35 163 1
163 131 1
131 147 1
147 19 1
19 83 1
83 67 1
67 75 1
75 11 1
11 139 1
139 131 1
131 132 1
132 196 1
196 68 1
68 67 1
67 71 1
71 7 1
7 39 1
39 35 1
35 51 1
51 19 1
19 27 1
27 11 1
11 43 1
43 35 1
35 36 1
36 164 1
164 132 1
132 148 1
148 20 1
20 19 1
19 23 1
23 7 1
7 15 1
15 11 1
11 12 1
12 140 1
140 132 1
132 136 1
136 8 1
8 72 1
72 68 1
68 100 1
100 36 1
36 52 1
52 20 1
20 84 1
84 68 1
68 76 1
76 12 1
12 44 1
44 36 1
36 40 1
40 8 1
8 24 1
24 20 1
20 28 1
28 12 1
12 16 1
16 8 1
16 14 1
14 13 1
13 141 1
141 133 1
133 197 1
197 69 1
69 101 1
101 37 1
37 165 1
165 133 1
133 149 1
149 21 1
21 85 1
85 69 1
69 77 1
77 13 1
13 45 1
45 37 1
37 53 1
53 21 1
21 29 1
29 13 1
13 15 1
15 143 1
143 135 1
135 133 1
133 134 1
134 198 1
198 70 1
70 69 1
69 71 1
71 199 1
199 135 1
135 167 1
167 39 1
39 37 1
37 38 1
38 166 1
166 134 1
134 150 1
150 22 1
22 21 1
21 23 1
23 151 1
151 135 1
135 136 1
136 134 1
134 142 1
142 14 1
14 78 1
78 70 1
70 102 1
102 38 1
38 54 1
54 22 1
22 86 1
86 70 1
70 72 1
72 71 1
71 103 1
103 39 1
39 55 1
55 23 1
23 87 1
87 71 1
71 79 1
79 15 1
15 47 1
47 39 1
39 40 1
40 38 1
38 46 1
46 14 1
14 30 1
30 22 1
22 24 1
24 23 1
23 31 1
31 15 1
15 16 1
16 144 1
144 136 1
136 200 1
200 72 1
72 104 1
104 40 1
40 168 1
168 136 1
136 152 1
152 24 1
24 88 1
88 72 1
72 80 1
80 16 1
16 48 1
48 40 1
40 56 1
56 24 1
24 32 1
32 16 1
32 28 1
28 26 1
26 25 1
25 153 1
153 137 1
137 201 1
201 73 1
73 105 1
105 41 1
41 169 1
169 137 1
137 141 1
141 205 1
205 77 1
77 73 1
73 89 1
89 25 1
25 57 1
57 41 1
41 45 1
45 173 1
173 141 1
141 157 1
157 29 1
29 25 1
25 27 1
27 155 1
155 139 1
139 137 1
137 138 1
138 202 1
202 74 1
74 73 1
73 75 1
75 203 1
203 139 1
139 171 1
171 43 1
43 41 1
41 42 1
42 170 1
170 138 1
138 154 1
154 26 1
26 90 1
90 74 1
74 106 1
106 42 1
42 58 1
58 26 1
26 30 1
30 29 1
29 93 1
93 77 1
77 109 1
109 45 1
45 61 1
61 29 1
29 31 1
31 27 1
27 91 1
91 75 1
75 107 1
107 43 1
43 59 1
59 27 1
27 28 1
28 156 1
156 140 1
140 138 1
138 142 1
142 141 1
141 143 1
143 139 1
139 140 1
140 204 1
204 76 1
76 74 1
74 78 1
78 77 1
77 79 1
79 75 1
75 76 1
76 108 1
108 44 1
44 42 1
42 46 1
46 45 1
45 47 1
47 43 1
43 44 1
44 172 1
172 140 1
140 144 1
144 142 1
142 206 1
206 78 1
78 110 1
110 46 1
46 174 1
174 142 1
142 158 1
158 30 1
30 94 1
94 78 1
78 80 1
80 76 1
76 92 1
92 28 1
28 60 1
60 44 1
44 48 1
48 46 1
46 62 1
62 30 1
30 32 1
32 31 1
31 159 1
159 143 1
143 207 1
207 79 1
79 111 1
111 47 1
47 175 1
175 143 1
143 144 1
144 208 1
208 80 1
80 79 1
79 95 1
95 31 1
31 63 1
63 47 1
47 48 1
48 176 1
176 144 1
144 160 1
160 32 1
32 96 1
96 80 1
80 112 1
112 48 1
48 64 1
64 32 1
64 56 1
56 52 1
52 50 1
50 49 1
49 177 1
177 145 1
145 209 1
209 81 1
81 113 1
113 49 1
49 57 1
57 185 1
185 153 1
153 145 1
145 149 1
149 213 1
213 85 1
85 81 1
81 89 1
89 217 1
217 153 1
153 157 1
157 149 1
149 181 1
181 53 1
53 49 1
49 51 1
51 179 1
179 147 1
147 145 1
145 146 1
146 210 1
210 82 1
82 81 1
81 83 1
83 211 1
211 147 1
147 155 1
155 153 1
153 154 1
154 146 1
146 178 1
178 50 1
50 114 1
114 82 1
82 90 1
90 89 1
89 121 1
121 57 1
57 61 1
61 53 1
53 117 1
117 85 1
85 93 1
93 89 1
89 91 1
91 83 1
83 115 1
115 51 1
51 59 1
59 57 1
57 58 1
58 50 1
50 54 1
54 53 1
53 55 1
55 51 1
51 52 1
52 180 1
180 148 1
148 146 1
146 150 1
150 149 1
149 151 1
151 147 1
147 148 1
148 212 1
212 84 1
84 82 1
82 86 1
86 85 1
85 87 1
87 83 1
83 84 1
84 116 1
116 52 1
52 60 1
60 58 1
58 186 1
186 154 1
154 218 1
218 90 1
90 122 1
122 58 1
58 62 1
62 54 1
54 182 1
182 150 1
150 214 1
214 86 1
86 118 1
118 54 1
54 56 1
56 55 1
55 183 1
183 151 1
151 215 1
215 87 1
87 119 1
119 55 1
55 63 1
63 59 1
59 187 1
187 155 1
155 219 1
219 91 1
91 123 1
123 59 1
59 60 1
60 188 1
188 156 1
156 148 1
148 152 1
152 150 1
150 158 1
158 154 1
154 156 1
156 155 1
155 159 1
159 151 1
151 152 1
152 216 1
216 88 1
88 84 1
84 92 1
92 90 1
90 94 1
94 86 1
86 88 1
88 87 1
87 95 1
95 91 1
91 92 1
92 220 1
220 156 1
156 160 1
160 152 1
152 184 1
184 56 1
56 120 1
120 88 1
88 96 1
96 92 1
92 124 1
124 60 1
60 64 1
64 62 1
62 61 1
61 189 1
189 157 1
157 221 1
221 93 1
93 125 1
125 61 1
61 63 1
63 191 1
191 159 1
159 157 1
157 158 1
158 222 1
222 94 1
94 93 1
93 95 1
95 223 1
223 159 1
159 160 1
160 158 1
158 190 1
190 62 1
62 126 1
126 94 1
94 96 1
96 95 1
95 127 1
127 63 1
63 64 1
64 192 1
192 160 1
160 224 1
224 96 1
96 128 1
128 64 1
128 112 1
112 104 1
104 100 1
100 98 1
98 97 1
97 225 1
225 161 1
161 177 1
177 241 1
241 113 1
113 97 1
97 105 1
105 233 1
233 169 1
169 161 1
161 165 1
165 229 1
229 101 1
101 97 1
97 99 1
99 227 1
227 163 1
163 161 1
161 162 1
162 226 1
226 98 1
98 114 1
114 113 1
113 121 1
121 105 1
105 109 1
109 101 1
101 117 1
117 113 1
113 115 1
115 99 1
99 107 1
107 105 1
105 106 1
106 98 1
98 102 1
102 101 1
101 103 1
103 99 1
99 100 1
100 228 1
228 164 1
164 162 1
162 178 1
178 177 1
177 185 1
185 169 1
169 173 1
173 165 1
165 181 1
181 177 1
177 179 1
179 163 1
163 171 1
171 169 1
169 170 1
170 162 1
162 166 1
166 165 1
165 167 1
167 163 1
163 164 1
164 180 1
180 178 1
178 242 1
242 114 1
114 122 1
122 106 1
106 234 1
234 170 1
170 186 1
186 178 1
178 182 1
182 166 1
166 230 1
230 102 1
102 118 1
118 114 1
114 116 1
116 100 1
100 108 1
108 106 1
106 110 1
110 102 1
102 104 1
104 103 1
103 231 1
231 167 1
167 183 1
183 179 1
179 243 1
243 115 1
115 123 1
123 107 1
107 235 1
235 171 1
171 187 1
187 179 1
179 180 1
180 244 1
244 116 1
116 115 1
115 119 1
119 103 1
103 111 1
111 107 1
107 108 1
108 236 1
236 172 1
172 164 1
164 168 1
168 166 1
166 174 1
174 170 1
170 172 1
172 171 1
171 175 1
175 167 1
167 168 1
168 232 1
232 104 1
104 120 1
120 116 1
116 124 1
124 108 1
108 112 1
112 110 1
110 109 1
109 237 1
237 173 1
173 189 1
189 181 1
181 245 1
245 117 1
117 125 1
125 109 1
109 111 1
111 239 1
239 175 1
175 173 1
173 174 1
174 238 1
238 110 1
110 126 1
126 118 1
118 117 1
117 119 1
119 247 1
247 183 1
183 181 1
181 182 1
182 246 1
246 118 1
118 120 1
120 119 1
119 127 1
127 111 1
111 112 1
112 240 1
240 176 1
176 168 1
168 184 1
184 180 1
180 188 1
188 172 1
172 176 1
176 174 1
174 190 1
190 182 1
182 184 1
184 183 1
183 191 1
191 175 1
175 176 1
176 192 1
192 184 1
184 248 1
248 120 1
120 128 1
128 124 1
124 122 1
122 121 1
121 249 1
249 185 1
185 189 1
189 253 1
253 125 1
125 121 1
121 123 1
123 251 1
251 187 1
187 185 1
185 186 1
186 250 1
250 122 1
122 126 1
126 125 1
125 127 1
127 123 1
123 124 1
124 252 1
252 188 1
188 186 1
186 190 1
190 189 1
189 191 1
191 187 1
187 188 1
188 192 1
192 190 1
190 254 1
254 126 1
126 128 1
128 127 1
127 255 1
255 191 1
191 192 1
192 256 1
256 128 1
256 224 1
224 208 1
208 200 1
200 196 1
196 194 1
194 193 1
193 225 1
225 241 1
241 209 1
209 193 1
193 201 1
201 233 1
233 225 1
225 229 1
229 197 1
197 193 1
193 195 1
195 227 1
227 225 1
225 226 1
226 194 1
194 210 1
210 209 1
209 217 1
217 201 1
201 205 1
205 197 1
197 213 1
213 209 1
209 211 1
211 195 1
195 203 1
203 201 1
201 202 1
202 194 1
194 198 1
198 197 1
197 199 1
199 195 1
195 196 1
196 228 1
228 226 1
226 242 1
242 210 1
210 218 1
218 202 1
202 234 1
234 226 1
226 230 1
230 198 1
198 214 1
214 210 1
210 212 1
212 196 1
196 204 1
204 202 1
202 206 1
206 198 1
198 200 1
200 199 1
199 231 1
231 227 1
227 243 1
243 211 1
211 219 1
219 203 1
203 235 1
235 227 1
227 228 1
228 244 1
244 212 1
212 211 1
211 215 1
215 199 1
199 207 1
207 203 1
203 204 1
204 236 1
236 228 1
228 232 1
232 200 1
200 216 1
216 212 1
212 220 1
220 204 1
204 208 1
208 206 1
206 205 1
205 237 1
237 229 1
229 245 1
245 213 1
213 221 1
221 205 1
205 207 1
207 239 1
239 231 1
231 229 1
229 230 1
230 246 1
246 214 1
214 213 1
213 215 1
215 247 1
247 231 1
231 232 1
232 230 1
230 238 1
238 206 1
206 222 1
222 214 1
214 216 1
216 215 1
215 223 1
223 207 1
207 208 1
208 240 1
240 232 1
232 248 1
248 216 1
216 224 1
224 220 1
220 218 1
218 217 1
217 249 1
249 233 1
233 237 1
237 253 1
253 221 1
221 217 1
217 219 1
219 251 1
251 235 1
235 233 1
233 234 1
234 250 1
250 218 1
218 222 1
222 221 1
221 223 1
223 219 1
219 220 1
220 252 1
252 236 1
236 234 1
234 238 1
238 237 1
237 239 1
239 235 1
235 236 1
236 240 1
240 238 1
238 254 1
254 222 1
222 224 1
224 223 1
223 255 1
255 239 1
239 240 1
240 256 1
256 248 1
248 244 1
244 242 1
242 241 1
241 249 1
249 253 1
253 245 1
245 241 1
241 243 1
243 251 1
251 249 1
249 250 1
250 242 1
242 246 1
246 245 1
245 247 1
247 243 1
243 244 1
244 252 1
252 250 1
250 254 1
254 246 1
246 248 1
248 247 1
247 255 1
255 251 1
251 252 1
252 256 1
256 254 1
254 253 1
253 255 1
255 256 1

REQUESTS

BLOCKAGES
52 50
169 173
137 138
137 141
160 32
15 143
149 21
215 199
163 171
126 128
240 238
147 148
128 127
138 142
71 79
17 25
184 56
143 139
9 13
197 199
90 89
207 203
17 81
181 53
244 242
234 226
45 47
162 130
138 154
192 160
81 65
254 222
216 88
136 134
210 82
239 175
4 36
131 129
85 87
122 106
10 14
48 46
156 160
18 20
24 23
177 179
200 72
111 239
194 193
47 39
94 93
71 199
85 81
139 171
155 159
56 52
46 174
48 40
157 149
36 164
57 41
10 2
230 102
1 33
166 174
151 215
96 80
241 249
138 202
103 99
226 98
164 168
5 1
211 219
93 125
161 162
193 65
60 64
184 183
173 174
199 195
232 104
90 94
217 201
256 128
204 236
96 128
163 161
95 31
40 168
32 31
152 24
150 214
256 248
44 42
66 74
230 238
26 90
72 104
157 29
154 218
46 14
71 7
15 47
28 156
109 237
237 229
200 196
38 54
35 51
105 41
65 67
64 192
235 233
178 50
60 44
82 81
61 53
216 215
223 219
66 98
106 98
229 197
181 245
219 203
163 164
58 186
161 129
116 52
6 22
156 155
14 6
36 52
8 4
41 45
174 170
119 247
51 179
76 108
246 214
119 103
203 201
69 71
214 210
102 118
88 84
112 48
120 116
8 72
236 234
31 63
215 247
94 96
135 131
72 68
190 189
123 59
208 200
34 38
112 110
9 10
132 196
197 193
17 1
122 58
3 11
113 49
121 249
124 252
1 9
227 228
73 75
76 92
42 34
11 12
62 126
156 140
46 62
227 243
205 77
145 149
107 235
195 67
24 20
193 225
41 169
242 114
48 64
42 46
21 29
110 109
77 109
175 143
4 12
255 251
235 236
247 183
218 222
196 194
18 82
101 37
135 167
107 43
121 57
3 35
85 69
219 220
72 71
223 159
195 196
207 208
129 130
141 133
147 19
32 16
29 13
207 79
49 17
187 185
20 4
234 170
23 87
153 145
113 121
74 78
198 200
69 77
173 165
93 77
254 126
101 103
63 47
118 54
230 198
73 9
55 51
79 111
197 213
108 44
49 51
81 89
37 38
212 220
174 238
80 16
199 135
127 255
84 116
142 141
229 101
233 237
79 75
211 147
221 223
106 234
241 113
33 49
2 1
164 132
204 202
73 105
194 198
56 55
182 166
132 136
68 4
145 17
89 121
77 79
224 96
43 35
238 254
242 246
81 83
136 8
231 232
190 254
188 186
92 28
83 84
104 120
166 230
202 194
14 13
228 232
36 34
93 95
175 176
186 154
202 206
100 36
186 178
15 16
248 244
250 254
205 207
83 115
32 96
67 71
21 85
100 228
59 60
253 221
177 241
203 139
122 121
56 24
176 174
244 252
224 220
185 189
129 145
165 181
240 232
12 44
150 22
37 53
146 150
47 175
234 238
37 5
5 7
110 46
77 13
129 133
8 7
155 139
158 190
147 145
118 120
108 106
75 107
238 237
243 115
56 120
204 76
140 144
182 246
10 138
193 201
171 175
151 152
167 168
68 100
52 20
248 120
159 143
50 49
250 218
148 152
130 146
58 62
192 190
86 85
97 225
119 127
54 53
75 203
218 90
214 86
200 199
141 157
113 97
255 191
252 188
43 41
211 195
149 181
135 136
67 3
25 57
52 60
181 182
74 106
251 187
36 40
187 155
234 250
150 158
73 89
197 69
195 227
226 242
223 255
61 189
150 149
229 245
171 169
83 67
74 73
178 182
215 87
187 179
134 150
228 244
59 57
69 101
106 110
7 39
233 225
22 86
17 19
232 200
35 163
107 105
231 167
167 39
247 243
70 102
51 19
22 24
89 217
218 217
176 168
101 97
127 123
156 148
157 221
178 177
214 213
169 170
165 167
84 92
192 184
170 172
43 59
4 2
186 190
63 59
49 57
29 93
131 132
134 6
39 37
241 209
212 196
11 9
25 9
171 187
104 103
74 10
54 56
211 215
41 42
99 100
173 141
51 59
172 164
181 177
98 102
230 246
146 18
80 112
220 156
12 16
130 194
47 43
108 236
154 26
205 237
112 240
108 112
58 26
162 166
84 82
53 117
67 99
250 242
210 209
33 34
244 116
206 205
123 107
14 78
62 61
217 219
53 21
93 89
109 111
27 155
173 189
247 231
102 104
68 76
191 175
232 248
97 105
137 129
21 23
256 254
105 109
26 30
165 229
31 27
117 113
42 170
82 86
186 250
170 138
115 119
69 65
125 121
142 158
144 136
148 20
201 233
50 54
144 142
35 33
78 80
140 204
159 157
210 212
190 62
239 231
245 117
183 179
169 161
120 88
80 76
189 191
12 10
213 209
160 158
249 250
7 3
172 171
229 230
185 153
94 78
208 240
16 14
117 85
221 205
216 212
162 178
124 60
8 24
148 212
79 95
143 135
225 226
222 214
159 160
3 131
220 252
139 140
40 38
198 197
146 210
99 107
184 248
179 163
19 27
86 88
231 227
189 157
169 137
130 134
188 192
16 8
103 231
239 240
201 73
236 240
19 83
187 188
28 26
245 213
183 151
97 99
251 235
76 12
243 251
255 256
255 239
239 235
99 227
193 195
223 207
192 256
194 66
244 212
216 224
210 218
176 144
159 151
115 123
160 152
98 97
58 50
57 58
55 23
183 191
92 220
23 7
54 22
114 82
203 235
86 118
33 161
2 66
162 226
91 123
198 70
2 18
213 221
130 2
153 154
23 151
196 204
178 242
124 122
25 153
139 137
38 6
149 151
65 1
246 245
114 116
38 166
236 172
44 172
153 137
62 30
92 90
55 183
109 45
249 233
27 28
114 122
125 61
245 247
75 11
30 94
72 80
84 68
122 126
155 153
246 248
161 177
6 5
228 226
123 251
78 70
125 127
126 125
95 223
251 249
102 101
104 40
227 163
20 28
44 48
70 66
95 91
201 202
152 216
45 61
132 148
142 206
168 136
5 21
88 87
45 37

TERMINALS
1
4
6
7
10
11
13
16
18
19
21
24
25
28
30
31
34
35
37
40
41
44
46
47
49
52
54
55
58
59
61
64
66
67
69
72
73
76
78
79
81
84
86
87
90
91
93
96
97
100
102
103
106
107
109
112
114
115
117
120
121
124
126
127
130
131
133
136
137
140
142
143
145
148
150
151
154
155
157
160
161
164
166
167
170
171
173
176
178
179
181
184
185
188
190
191
193
196
198
199
202
203
205
208
210
211
213
216
217
220
222
223
226
227
229
232
233
236
238
239
241
244
246
247
250
251
253
256

END
