INSTANCE_NAME hc9p.dat
NB_VERTICES 512
NB_ARCS 2304
NB_REQUESTS 0
NB_BLOCKAGES 1728
NB_TERMINALS 256

VERTICES
1 0 0
2 0 0
3 0 0
4 0 0
5 0 0
6 0 0
7 0 0
8 0 0
9 0 0
10 0 0
11 0 0
12 0 0
13 0 0
14 0 0
15 0 0
16 0 0
17 0 0
18 0 0
19 0 0
20 0 0
21 0 0
22 0 0
23 0 0
24 0 0
25 0 0
26 0 0
27 0 0
28 0 0
29 0 0
30 0 0
31 0 0
32 0 0
33 0 0
34 0 0
35 0 0
36 0 0
37 0 0
38 0 0
39 0 0
40 0 0
41 0 0
42 0 0
43 0 0
44 0 0
45 0 0
46 0 0
47 0 0
48 0 0
49 0 0
50 0 0
51 0 0
52 0 0
53 0 0
54 0 0
55 0 0
56 0 0
57 0 0
58 0 0
59 0 0
60 0 0
61 0 0
62 0 0
63 0 0
64 0 0
65 0 0
66 0 0
67 0 0
68 0 0
69 0 0
70 0 0
71 0 0
72 0 0
73 0 0
74 0 0
75 0 0
76 0 0
77 0 0
78 0 0
79 0 0
80 0 0
81 0 0
82 0 0
83 0 0
84 0 0
85 0 0
86 0 0
87 0 0
88 0 0
89 0 0
90 0 0
91 0 0
92 0 0
93 0 0
94 0 0
95 0 0
96 0 0
97 0 0
98 0 0
99 0 0
100 0 0
101 0 0
102 0 0
103 0 0
104 0 0
105 0 0
106 0 0
107 0 0
108 0 0
109 0 0
110 0 0
111 0 0
112 0 0
113 0 0
114 0 0
115 0 0
116 0 0
117 0 0
118 0 0
119 0 0
120 0 0
121 0 0
122 0 0
123 0 0
124 0 0
125 0 0
126 0 0
127 0 0
128 0 0
129 0 0
130 0 0
131 0 0
132 0 0
133 0 0
134 0 0
135 0 0
136 0 0
137 0 0
138 0 0
139 0 0
140 0 0
141 0 0
142 0 0
143 0 0
144 0 0
145 0 0
146 0 0
147 0 0
148 0 0
149 0 0
150 0 0
151 0 0
152 0 0
153 0 0
154 0 0
155 0 0
156 0 0
157 0 0
158 0 0
159 0 0
160 0 0
161 0 0
162 0 0
163 0 0
164 0 0
165 0 0
166 0 0
167 0 0
168 0 0
169 0 0
170 0 0
171 0 0
172 0 0
173 0 0
174 0 0
175 0 0
176 0 0
177 0 0
178 0 0
179 0 0
180 0 0
181 0 0
182 0 0
183 0 0
184 0 0
185 0 0
186 0 0
187 0 0
188 0 0
189 0 0
190 0 0
191 0 0
192 0 0
193 0 0
194 0 0
195 0 0
196 0 0
197 0 0
198 0 0
199 0 0
200 0 0
201 0 0
202 0 0
203 0 0
204 0 0
205 0 0
206 0 0
207 0 0
208 0 0
209 0 0
210 0 0
211 0 0
212 0 0
213 0 0
214 0 0
215 0 0
216 0 0
217 0 0
218 0 0
219 0 0
220 0 0
221 0 0
222 0 0
223 0 0
224 0 0
225 0 0
226 0 0
227 0 0
228 0 0
229 0 0
230 0 0
231 0 0
232 0 0
233 0 0
234 0 0
235 0 0
236 0 0
237 0 0
238 0 0
239 0 0
240 0 0
241 0 0
242 0 0
243 0 0
244 0 0
245 0 0
246 0 0
247 0 0
248 0 0
249 0 0
250 0 0
251 0 0
252 0 0
253 0 0
254 0 0
255 0 0
256 0 0
257 0 0
258 0 0
259 0 0
260 0 0
261 0 0
262 0 0
263 0 0
264 0 0
265 0 0
266 0 0
267 0 0
268 0 0
269 0 0
270 0 0
271 0 0
272 0 0
273 0 0
274 0 0
275 0 0
276 0 0
277 0 0
278 0 0
279 0 0
280 0 0
281 0 0
282 0 0
283 0 0
284 0 0
285 0 0
286 0 0
287 0 0
288 0 0
289 0 0
290 0 0
291 0 0
292 0 0
293 0 0
294 0 0
295 0 0
296 0 0
297 0 0
298 0 0
299 0 0
300 0 0
301 0 0
302 0 0
303 0 0
304 0 0
305 0 0
306 0 0
307 0 0
308 0 0
309 0 0
310 0 0
311 0 0
312 0 0
313 0 0
314 0 0
315 0 0
316 0 0
317 0 0
318 0 0
319 0 0
320 0 0
321 0 0
322 0 0
323 0 0
324 0 0
325 0 0
326 0 0
327 0 0
328 0 0
329 0 0
330 0 0
331 0 0
332 0 0
333 0 0
334 0 0
335 0 0
336 0 0
337 0 0
338 0 0
339 0 0
340 0 0
341 0 0
342 0 0
343 0 0
344 0 0
345 0 0
346 0 0
347 0 0
348 0 0
349 0 0
350 0 0
351 0 0
352 0 0
353 0 0
354 0 0
355 0 0
356 0 0
357 0 0
358 0 0
359 0 0
360 0 0
361 0 0
362 0 0
363 0 0
364 0 0
365 0 0
366 0 0
367 0 0
368 0 0
369 0 0
370 0 0
371 0 0
372 0 0
373 0 0
374 0 0
375 0 0
376 0 0
377 0 0
378 0 0
379 0 0
380 0 0
381 0 0
382 0 0
383 0 0
384 0 0
385 0 0
386 0 0
387 0 0
388 0 0
389 0 0
390 0 0
391 0 0
392 0 0
393 0 0
394 0 0
395 0 0
396 0 0
397 0 0
398 0 0
399 0 0
400 0 0
401 0 0
402 0 0
403 0 0
404 0 0
405 0 0
406 0 0
407 0 0
408 0 0
409 0 0
410 0 0
411 0 0
412 0 0
413 0 0
414 0 0
415 0 0
416 0 0
417 0 0
418 0 0
419 0 0
420 0 0
421 0 0
422 0 0
423 0 0
424 0 0
425 0 0
426 0 0
427 0 0
428 0 0
429 0 0
430 0 0
431 0 0
432 0 0
433 0 0
434 0 0
435 0 0
436 0 0
437 0 0
438 0 0
439 0 0
440 0 0
441 0 0
442 0 0
443 0 0
444 0 0
445 0 0
446 0 0
447 0 0
448 0 0
449 0 0
450 0 0
451 0 0
452 0 0
453 0 0
454 0 0
455 0 0
456 0 0
457 0 0
458 0 0
459 0 0
460 0 0
461 0 0
462 0 0
463 0 0
464 0 0
465 0 0
466 0 0
467 0 0
468 0 0
469 0 0
470 0 0
471 0 0
472 0 0
473 0 0
474 0 0
475 0 0
476 0 0
477 0 0
478 0 0
479 0 0
480 0 0
481 0 0
482 0 0
483 0 0
484 0 0
485 0 0
486 0 0
487 0 0
488 0 0
489 0 0
490 0 0
491 0 0
492 0 0
493 0 0
494 0 0
495 0 0
496 0 0
497 0 0
498 0 0
499 0 0
500 0 0
501 0 0
502 0 0
503 0 0
504 0 0
505 0 0
506 0 0
507 0 0
508 0 0
509 0 0
510 0 0
511 0 0
512 0 0

ARCS
1 257 100
257 385 108
385 129 106
129 1 101
1 65 108
65 321 101
321 257 100
257 289 103
289 33 101
33 1 105
1 17 105
17 273 106
273 257 102
257 265 108
265 9 109
9 1 102
1 5 100
5 261 102
261 257 103
257 259 107
259 3 100
3 1 107
1 2 107
2 258 110
258 257 104
258 386 108
386 130 103
130 2 104
2 66 105
66 65 108
65 193 100
193 129 104
129 161 101
161 33 104
33 97 106
97 65 105
65 81 100
81 17 106
17 145 109
145 129 105
129 137 108
137 9 105
9 73 105
73 65 101
65 69 109
69 5 108
5 133 100
133 129 100
129 131 100
131 3 104
3 67 100
67 65 108
67 323 102
323 259 105
259 387 103
387 131 106
131 195 110
195 67 104
67 99 106
99 35 105
35 3 104
3 19 107
19 17 107
17 49 109
49 33 109
33 41 104
41 9 103
9 25 110
25 17 101
17 21 102
21 5 106
5 37 103
37 33 108
33 35 109
35 291 100
291 259 105
259 275 105
275 19 102
19 147 101
147 131 105
131 163 108
163 35 107
35 51 107
51 19 109
19 83 103
83 67 107
67 75 107
75 11 100
11 3 106
3 7 110
7 5 110
5 13 108
13 9 105
9 11 102
11 267 105
267 259 103
259 263 109
263 7 109
7 135 102
135 131 107
131 139 105
139 11 110
11 43 108
43 35 107
35 39 102
39 7 108
7 71 104
71 67 105
67 68 103
68 4 107
4 2 107
2 34 109
34 33 107
34 290 108
290 258 106
258 322 107
322 66 104
66 194 100
194 130 100
130 129 105
130 162 102
162 34 107
34 98 108
98 66 106
66 82 105
82 18 100
18 2 100
2 10 100
10 9 100
10 266 110
266 258 108
258 274 106
274 18 101
18 17 101
18 146 103
146 130 101
130 138 104
138 10 100
10 74 105
74 66 100
66 70 105
70 6 107
6 2 105
6 5 104
6 262 102
262 258 100
258 260 106
260 4 105
4 3 109
4 132 101
132 130 106
130 134 106
134 6 110
6 38 108
38 34 105
34 50 100
50 18 104
18 26 100
26 10 103
10 42 104
42 34 109
34 36 105
36 4 104
4 20 107
20 18 110
18 22 107
22 6 107
6 14 100
14 10 110
10 12 105
12 4 110
4 8 108
8 6 106
8 7 103
7 23 105
23 19 101
19 27 107
27 11 108
11 15 109
15 7 102
15 13 105
13 269 110
269 261 108
261 389 103
389 133 106
133 197 103
197 69 108
69 325 105
325 261 110
261 293 110
293 37 102
37 165 104
165 133 107
133 149 105
149 21 110
21 277 106
277 261 110
261 263 103
263 391 105
391 135 102
135 133 102
133 141 110
141 13 109
13 77 102
77 69 100
69 101 102
101 37 103
37 53 105
53 21 101
21 85 106
85 69 100
69 71 101
71 327 101
327 263 108
263 295 106
295 39 106
39 37 104
37 45 109
45 13 103
13 29 103
29 21 110
21 23 104
23 279 102
279 263 110
263 271 108
271 15 105
15 143 103
143 135 107
135 199 101
199 71 103
71 103 109
103 39 100
39 167 100
167 135 109
135 151 102
151 23 103
23 87 106
87 71 107
71 79 106
79 15 101
15 47 101
47 39 108
39 55 108
55 23 101
23 31 107
31 15 106
15 16 108
16 8 100
8 264 103
264 260 108
260 259 101
260 388 104
388 132 104
132 131 107
132 196 105
196 68 104
68 66 104
68 324 108
324 260 104
260 292 109
292 36 109
36 35 110
36 164 109
164 132 105
132 148 107
148 20 104
20 19 107
20 276 104
276 260 100
260 268 105
268 12 100
12 11 101
12 140 107
140 132 105
132 136 103
136 8 101
8 72 105
72 68 101
68 100 107
100 36 105
36 52 101
52 20 101
20 84 105
84 68 103
68 76 100
76 12 109
12 44 106
44 36 104
36 40 110
40 8 109
8 24 110
24 20 109
20 28 106
28 12 108
12 16 107
16 14 105
14 13 106
14 270 109
270 262 102
262 261 108
262 390 102
390 134 106
134 133 104
134 198 108
198 70 100
70 69 107
70 326 103
326 262 106
262 294 105
294 38 108
38 37 105
38 166 104
166 134 110
134 150 107
150 22 102
22 21 101
22 278 106
278 262 102
262 264 106
264 263 106
264 392 101
392 136 110
136 134 105
134 142 109
142 14 104
14 78 109
78 70 105
70 102 105
102 38 102
38 54 110
54 22 105
22 86 105
86 70 105
70 72 104
72 71 107
72 328 103
328 264 101
264 296 105
296 40 104
40 38 106
38 46 101
46 14 102
14 30 104
30 22 110
22 24 101
24 23 106
24 280 108
280 264 102
264 272 106
272 16 100
16 144 105
144 136 110
136 135 100
136 200 103
200 72 100
72 104 110
104 40 107
40 39 103
40 168 107
168 136 109
136 152 103
152 24 102
24 88 105
88 72 105
72 80 100
80 16 105
16 48 110
48 40 109
40 56 102
56 24 104
24 32 102
32 16 108
32 28 109
28 26 102
26 25 101
25 281 100
281 265 109
265 393 103
393 137 105
137 201 101
201 73 100
73 329 109
329 265 107
265 297 100
297 41 107
41 169 109
169 137 104
137 153 107
153 25 109
25 89 104
89 73 105
73 105 104
105 41 101
41 57 100
57 25 101
25 29 110
29 285 102
285 269 104
269 265 109
265 267 103
267 395 106
395 139 103
139 137 101
137 141 104
141 397 101
397 269 106
269 333 108
333 77 108
77 73 106
73 75 108
75 331 106
331 267 110
267 299 106
299 43 102
43 41 106
41 45 108
45 301 102
301 269 104
269 271 104
271 267 100
267 283 102
283 27 101
27 25 104
27 155 108
155 139 105
139 203 100
203 75 106
75 107 101
107 43 103
43 171 107
171 139 106
139 143 102
143 141 105
141 205 101
205 77 109
77 109 102
109 45 101
45 173 109
173 141 100
141 157 101
157 29 109
29 93 105
93 77 108
77 79 107
79 75 110
75 91 106
91 27 105
27 59 103
59 43 108
43 47 108
47 45 106
45 61 104
61 29 105
29 31 106
31 27 104
27 28 108
28 284 110
284 268 106
268 266 105
266 265 101
266 394 108
394 138 101
138 137 108
138 202 104
202 74 100
74 73 107
74 330 105
330 266 107
266 298 104
298 42 102
42 41 102
42 170 100
170 138 103
138 154 103
154 26 101
26 282 109
282 266 106
266 270 106
270 269 100
270 398 106
398 142 109
142 138 108
138 140 103
140 139 101
140 396 110
396 268 103
268 267 106
268 332 100
332 76 109
76 74 103
74 106 101
106 42 104
42 58 110
58 26 100
26 90 101
90 74 110
74 78 102
78 77 104
78 334 102
334 270 104
270 302 101
302 46 109
46 42 110
42 44 104
44 43 104
44 300 103
300 268 101
268 272 104
272 270 107
270 286 103
286 30 108
30 26 104
30 29 108
30 158 105
158 142 107
142 141 104
142 206 104
206 78 107
78 110 101
110 46 110
46 45 101
46 174 101
174 142 104
142 144 103
144 140 108
140 204 109
204 76 110
76 75 103
76 108 102
108 44 100
44 172 102
172 140 105
140 156 104
156 28 107
28 92 102
92 76 102
76 80 104
80 78 101
78 94 102
94 30 110
30 62 106
62 46 102
46 48 102
48 44 110
44 60 102
60 28 107
60 52 103
52 50 101
50 49 108
49 305 100
305 273 105
273 401 107
401 145 108
145 209 105
209 81 110
81 337 101
337 273 101
273 281 100
281 409 101
409 153 107
153 145 103
145 177 109
177 49 106
49 113 102
113 81 100
81 89 100
89 345 104
345 281 101
281 313 102
313 57 103
57 49 103
49 53 107
53 309 105
309 277 105
277 273 104
273 275 110
275 403 107
403 147 109
147 145 106
145 149 109
149 405 101
405 277 110
277 341 110
341 85 107
85 81 105
81 83 108
83 339 107
339 275 107
275 307 110
307 51 101
51 49 101
51 179 105
179 147 102
147 211 103
211 83 108
83 115 100
115 51 109
51 59 108
59 57 104
57 185 105
185 153 104
153 217 102
217 89 110
89 121 105
121 57 105
57 61 107
61 53 104
53 181 104
181 149 101
149 213 104
213 85 101
85 117 108
117 53 102
53 55 104
55 51 106
51 52 108
52 308 103
308 276 106
276 274 102
274 273 104
274 402 109
402 146 108
146 145 104
146 210 105
210 82 103
82 81 110
82 338 102
338 274 110
274 306 106
306 50 105
50 178 106
178 146 110
146 154 104
154 153 107
153 157 110
157 149 107
149 151 106
151 147 107
147 155 108
155 153 106
155 411 100
411 283 104
283 275 105
275 279 101
279 277 105
277 285 103
285 281 107
281 283 107
283 347 101
347 91 102
91 83 102
83 87 102
87 85 100
85 93 101
93 89 103
89 91 104
91 219 100
219 155 105
155 187 105
187 59 109
59 315 105
315 283 107
283 287 110
287 31 109
31 159 107
159 143 110
143 399 100
399 271 106
271 335 109
335 79 106
79 207 100
207 143 108
143 175 109
175 47 102
47 303 101
303 271 105
271 287 110
287 279 103
279 407 107
407 151 105
151 215 101
215 87 106
87 343 100
343 279 107
279 311 107
311 55 102
55 183 107
183 151 104
151 159 104
159 155 104
155 156 105
156 148 103
148 146 108
146 150 106
150 149 108
150 406 109
406 278 109
278 274 109
274 282 101
282 281 105
282 410 103
410 154 109
154 218 103
218 90 101
90 82 105
82 114 108
114 50 106
50 58 103
58 57 106
58 314 110
314 282 103
282 346 105
346 90 102
90 89 108
90 122 104
122 58 107
58 186 101
186 154 109
154 158 108
158 150 109
150 214 108
214 86 110
86 82 108
82 84 107
84 83 106
84 340 107
340 276 110
276 275 101
276 404 103
404 148 100
148 147 109
148 212 107
212 84 106
84 116 104
116 52 105
52 180 101
180 148 109
148 152 100
152 150 109
150 182 106
182 54 104
54 50 107
54 53 104
54 310 105
310 278 104
278 277 104
278 342 102
342 86 101
86 85 107
86 118 105
118 54 103
54 62 100
62 58 103
58 60 105
60 59 107
59 123 100
123 91 101
91 95 105
95 31 107
31 63 110
63 47 107
47 111 106
111 79 101
79 95 106
95 87 105
87 119 107
119 55 107
55 63 105
63 59 103
63 61 105
61 317 102
317 285 103
285 413 101
413 157 101
157 221 100
221 93 103
93 349 104
349 285 101
285 287 106
287 415 109
415 159 102
159 157 104
157 189 110
189 61 109
61 125 107
125 93 107
93 95 106
95 351 110
351 287 110
287 319 106
319 63 104
63 191 106
191 159 106
159 223 103
223 95 106
95 127 103
127 63 108
63 64 110
64 32 105
32 30 104
32 31 110
32 288 109
288 272 106
272 271 100
272 400 105
400 144 108
144 143 109
144 208 101
208 80 107
80 79 104
80 336 100
336 272 101
272 304 110
304 48 107
48 47 108
48 176 108
176 144 106
144 160 100
160 32 103
32 96 105
96 80 109
80 112 104
112 48 107
48 64 106
64 56 110
56 52 106
56 54 104
56 55 108
56 312 107
312 280 101
280 276 100
276 284 109
284 282 109
282 286 101
286 278 108
278 280 108
280 279 101
280 408 107
408 152 101
152 151 107
152 216 100
216 88 105
88 84 102
84 92 102
92 90 110
90 94 110
94 86 106
86 88 110
88 87 100
88 344 104
344 280 110
280 288 100
288 284 100
284 283 109
284 412 107
412 156 108
156 154 104
156 220 110
220 92 101
92 91 101
92 348 105
348 284 102
284 316 101
316 60 106
60 188 110
188 156 103
156 160 101
160 152 105
152 184 101
184 56 110
56 120 105
120 88 108
88 96 100
96 92 104
92 124 109
124 60 102
60 64 110
64 62 107
62 61 108
62 318 100
318 286 100
286 285 110
286 414 102
414 158 110
158 157 102
158 222 109
222 94 109
94 93 109
94 350 108
350 286 100
286 288 109
288 287 101
288 416 105
416 160 106
160 158 101
158 190 102
190 62 101
62 126 107
126 94 107
94 96 104
96 95 105
96 352 105
352 288 108
288 320 110
320 64 107
64 192 103
192 160 104
160 159 104
160 224 104
224 96 104
96 128 102
128 64 108
128 112 101
112 104 108
104 100 102
100 98 102
98 97 108
97 353 100
353 289 106
289 417 106
417 161 104
161 225 106
225 97 104
97 113 105
113 369 110
369 305 106
305 289 105
289 297 108
297 425 101
425 169 108
169 161 101
161 177 104
177 433 101
433 305 103
305 313 109
313 297 103
297 361 103
361 105 100
105 97 103
97 101 101
101 357 110
357 293 108
293 289 103
289 291 101
291 419 109
419 163 105
163 161 110
161 165 107
165 421 103
421 293 104
293 309 102
309 305 109
305 307 107
307 291 102
291 355 109
355 99 104
99 97 102
99 227 100
227 163 107
163 179 107
179 177 106
177 241 101
241 113 107
113 121 105
121 105 110
105 233 105
233 169 107
169 185 100
185 177 107
177 181 109
181 165 109
165 229 107
229 101 101
101 117 108
117 113 110
113 115 107
115 99 105
99 107 102
107 105 102
105 109 102
109 101 110
101 103 101
103 99 108
99 100 105
100 356 100
356 292 104
292 290 105
290 289 105
290 418 104
418 162 104
162 161 107
162 226 109
226 98 107
98 354 105
354 290 109
290 306 110
306 305 106
306 434 108
434 178 110
178 162 109
162 170 108
170 169 103
169 173 108
173 165 103
165 167 101
167 163 108
163 171 107
171 169 106
171 427 102
427 299 100
299 291 108
291 295 109
295 293 102
293 301 103
301 297 103
297 299 101
299 363 105
363 107 104
107 235 102
235 171 105
171 187 104
187 179 107
179 435 105
435 307 110
307 371 102
371 115 101
115 243 100
243 179 103
179 183 106
183 167 109
167 423 102
423 295 105
295 359 105
359 103 109
103 231 107
231 167 103
167 175 101
175 171 100
171 172 100
172 164 107
164 162 100
162 166 104
166 165 106
166 422 100
422 294 106
294 290 103
290 298 100
298 297 103
298 426 104
426 170 104
170 234 103
234 106 107
106 98 102
98 114 109
114 113 108
114 370 105
370 306 109
306 314 109
314 298 106
298 362 107
362 106 107
106 105 100
106 122 105
122 114 101
114 242 106
242 178 100
178 177 107
178 186 110
186 170 105
170 174 107
174 166 105
166 230 110
230 102 103
102 98 107
102 101 106
102 358 100
358 294 107
294 293 108
294 310 103
310 306 108
306 308 102
308 292 105
292 291 104
292 420 107
420 164 103
164 163 104
164 228 104
228 100 102
100 116 107
116 114 109
114 118 110
118 102 103
102 110 105
110 106 102
106 108 107
108 100 104
108 107 105
107 123 102
123 115 103
115 119 101
119 103 103
103 111 108
111 107 104
111 109 106
109 365 105
365 301 101
301 429 110
429 173 109
173 237 103
237 109 100
109 125 108
125 117 108
117 373 105
373 309 101
309 437 105
437 181 103
181 245 105
245 117 107
117 119 107
119 375 101
375 311 105
311 295 101
295 303 110
303 299 103
299 315 105
315 307 104
307 311 103
311 309 109
309 317 102
317 301 103
301 303 110
303 431 110
431 175 110
175 173 103
173 189 101
189 181 107
181 183 103
183 439 101
439 311 110
311 319 109
319 303 102
303 367 108
367 111 104
111 239 110
239 175 104
175 191 100
191 183 109
183 247 104
247 119 110
119 127 102
127 111 110
111 112 109
112 108 100
108 364 109
364 300 107
300 292 105
292 296 101
296 294 102
294 302 101
302 298 100
298 300 103
300 299 102
300 428 104
428 172 102
172 170 109
172 236 106
236 108 110
108 124 104
124 116 106
116 115 101
116 372 105
372 308 108
308 307 108
308 436 110
436 180 109
180 164 103
164 168 101
168 166 103
166 182 104
182 178 102
178 180 110
180 179 109
180 244 107
244 116 100
116 120 109
120 104 101
104 102 109
104 103 106
104 360 100
360 296 101
296 295 104
296 424 100
424 168 100
168 167 106
168 232 105
232 104 100
232 200 105
200 196 102
196 194 100
194 193 104
193 449 104
449 321 105
321 353 110
353 481 105
481 225 103
225 193 107
193 209 106
209 465 102
465 337 101
337 321 107
321 329 104
329 457 101
457 201 109
201 193 100
193 197 108
197 453 110
453 325 108
325 321 101
321 323 109
323 451 103
451 195 107
195 193 103
195 227 105
227 225 101
225 241 110
241 209 101
209 217 105
217 201 103
201 233 107
233 225 106
225 229 108
229 197 105
197 213 101
213 209 100
209 211 110
211 195 106
195 203 109
203 201 104
201 205 104
205 197 110
197 199 109
199 195 104
195 196 107
196 452 102
452 324 109
324 322 107
322 321 102
322 450 106
450 194 101
194 226 101
226 225 108
226 482 102
482 354 102
354 322 104
322 338 102
338 337 103
337 369 105
369 353 100
353 361 108
361 329 108
329 345 100
345 337 101
337 341 102
341 325 104
325 357 108
357 353 107
353 355 106
355 323 105
323 339 104
339 337 104
339 467 110
467 211 104
211 243 100
243 227 104
227 483 101
483 355 109
355 371 108
371 339 103
339 347 106
347 331 106
331 323 106
323 327 107
327 325 102
325 333 104
333 329 106
329 331 110
331 459 104
459 203 109
203 235 100
235 227 101
227 231 102
231 199 101
199 455 106
455 327 103
327 359 107
359 355 101
355 363 100
363 331 104
331 335 110
335 327 108
327 343 110
343 339 106
339 340 101
340 324 105
324 323 100
324 356 104
356 354 108
354 353 102
354 370 101
370 338 109
338 466 110
466 210 101
210 194 109
194 202 110
202 201 109
202 458 102
458 330 105
330 322 108
322 326 102
326 325 107
326 454 102
454 198 100
198 194 106
198 197 102
198 230 108
230 226 103
226 242 106
242 210 101
210 209 108
210 218 104
218 202 108
202 234 101
234 226 109
226 228 106
228 196 105
196 212 102
212 210 102
210 214 108
214 198 100
198 206 110
206 202 107
202 204 102
204 196 110
204 203 103
203 219 101
219 211 110
211 215 101
215 199 101
199 207 109
207 203 102
207 205 101
205 461 103
461 333 108
333 365 106
365 357 108
357 485 103
485 229 110
229 245 102
245 213 104
213 469 103
469 341 102
341 373 101
373 357 106
357 359 110
359 487 106
487 231 110
231 229 107
229 237 102
237 205 101
205 221 103
221 213 102
213 215 110
215 471 102
471 343 108
343 341 104
341 349 104
349 333 106
333 335 102
335 463 102
463 207 103
207 239 104
239 231 100
231 247 100
247 215 101
215 223 108
223 207 107
207 208 109
208 200 101
200 198 107
200 199 105
200 456 107
456 328 100
328 324 108
324 332 110
332 330 105
330 329 101
330 362 100
362 354 103
354 358 102
358 326 107
326 342 104
342 338 104
338 346 103
346 330 106
330 334 104
334 326 103
326 328 103
328 327 109
328 360 110
360 356 109
356 355 102
356 484 108
484 228 102
228 227 101
228 244 108
244 212 108
212 211 102
212 468 105
468 340 105
340 338 108
340 372 105
372 356 105
356 364 104
364 332 100
332 331 107
332 460 106
460 204 108
204 236 107
236 228 100
228 232 105
232 230 108
230 229 100
230 486 109
486 358 109
358 357 110
358 374 108
374 118 102
118 117 100
118 246 107
246 182 110
182 181 109
182 438 104
438 310 110
310 309 105
310 374 109
374 342 109
342 341 102
342 470 101
470 214 106
214 213 108
214 246 106
246 230 101
230 238 101
238 110 102
110 109 109
110 366 103
366 302 110
302 301 103
302 430 101
430 174 106
174 173 110
174 238 104
238 206 104
206 205 102
206 462 107
462 334 101
334 333 101
334 366 103
366 358 107
358 360 109
360 359 106
359 375 108
375 343 110
343 351 102
351 335 107
335 367 104
367 359 104
367 363 107
363 361 103
361 489 107
489 233 104
233 249 106
249 121 108
121 377 107
377 313 100
313 441 109
441 185 108
185 249 110
249 217 107
217 473 109
473 345 105
345 377 103
377 361 108
361 365 106
365 493 108
493 237 102
237 233 107
233 235 100
235 491 110
491 363 105
363 379 100
379 123 109
123 121 100
121 125 107
125 381 110
381 317 110
317 313 105
313 315 104
315 443 106
443 187 102
187 185 102
185 189 107
189 445 104
445 317 100
317 319 102
319 315 108
315 379 100
379 347 106
347 345 104
345 349 109
349 477 106
477 221 103
221 217 103
217 219 104
219 475 104
475 347 104
347 351 108
351 349 107
349 381 110
381 365 107
365 367 110
367 495 100
495 239 105
239 235 107
235 251 109
251 123 110
123 127 106
127 125 103
125 253 106
253 189 109
189 191 107
191 187 109
187 251 101
251 219 108
219 223 109
223 221 100
221 253 103
253 237 102
237 239 100
239 255 104
255 127 106
127 383 106
383 319 110
319 447 107
447 191 105
191 255 106
255 223 107
223 479 108
479 351 103
351 383 110
383 367 110
367 368 102
368 112 109
112 110 104
110 126 105
126 118 103
118 120 100
120 119 104
120 376 106
376 312 110
312 296 106
296 304 110
304 300 100
300 316 103
316 308 104
308 312 107
312 310 106
310 318 103
318 302 101
302 304 100
304 303 101
304 432 102
432 176 106
176 168 101
168 184 104
184 180 107
180 188 108
188 172 109
172 176 104
176 174 106
174 190 105
190 182 103
182 184 110
184 183 110
184 440 103
440 312 102
312 311 100
312 320 108
320 304 102
304 368 104
368 336 105
336 328 104
328 344 100
344 340 100
340 348 108
348 332 103
332 336 104
336 334 102
334 350 108
350 342 102
342 344 109
344 343 103
344 472 106
472 216 100
216 200 105
216 212 102
212 220 102
220 204 107
204 208 106
208 206 106
206 222 109
222 214 103
214 216 109
216 215 107
216 248 108
248 120 101
120 128 100
128 124 101
124 122 105
122 121 106
122 378 110
378 314 102
314 313 110
314 442 102
442 186 106
186 185 110
186 250 101
250 122 110
122 126 104
126 125 105
126 382 107
382 318 108
318 314 106
314 316 109
316 315 108
316 444 107
444 188 106
188 186 109
186 190 102
190 189 101
190 446 100
446 318 107
318 317 105
318 320 110
320 316 109
316 380 100
380 124 105
124 123 107
124 252 105
252 188 109
188 187 106
188 192 107
192 176 109
176 175 104
176 240 108
240 112 103
240 208 109
208 464 108
464 336 100
336 335 105
336 352 104
352 344 105
344 376 107
376 360 108
360 488 104
488 232 101
232 231 109
232 248 108
248 184 105
184 192 105
192 190 106
190 254 107
254 126 107
126 128 101
128 127 107
128 384 105
384 320 103
320 319 101
320 448 108
448 192 103
192 191 100
192 256 109
256 128 106
256 224 103
224 208 103
224 216 101
224 220 110
220 218 108
218 217 102
218 474 103
474 346 110
346 345 100
346 378 110
378 362 109
362 361 106
362 490 105
490 234 108
234 233 110
234 250 104
250 218 100
218 222 110
222 221 106
222 478 108
478 350 106
350 346 106
346 348 110
348 347 104
348 476 100
476 220 101
220 219 109
220 252 103
252 236 107
236 234 101
234 238 100
238 237 104
238 494 104
494 366 108
366 362 104
362 364 102
364 363 101
364 492 106
492 236 102
236 235 109
236 240 106
240 232 102
240 238 100
238 254 110
254 222 109
222 224 105
224 223 104
224 480 103
480 352 106
352 348 101
348 380 105
380 364 107
364 368 107
368 360 105
368 366 100
366 365 103
366 382 100
382 350 109
350 349 102
350 352 103
352 351 110
352 384 103
384 368 102
368 496 108
496 240 108
240 239 109
240 256 106
256 248 108
248 244 105
244 242 107
242 241 102
241 497 103
497 369 103
369 377 108
377 505 107
505 249 109
249 241 106
241 245 107
245 501 105
501 373 110
373 369 103
369 371 105
371 499 107
499 243 106
243 241 107
243 251 104
251 249 107
249 253 104
253 245 109
245 247 100
247 243 101
243 244 104
244 500 101
500 372 105
372 370 108
370 369 110
370 498 110
498 242 100
242 250 110
250 249 107
250 506 108
506 378 108
378 370 109
370 374 102
374 373 101
373 381 110
381 377 108
377 379 109
379 371 105
371 375 105
375 373 110
375 503 108
503 247 110
247 255 109
255 251 110
251 507 104
507 379 108
379 383 110
383 375 108
375 376 104
376 372 109
372 371 102
372 380 109
380 378 101
378 377 102
378 382 101
382 374 104
374 502 102
502 246 101
246 242 102
246 245 103
246 254 103
254 250 105
250 252 102
252 244 106
252 251 105
252 508 104
508 380 104
380 379 100
380 384 109
384 376 106
376 374 108
376 504 104
504 248 108
248 246 109
248 247 110
504 440 106
440 408 106
408 392 102
392 388 104
388 386 102
386 385 109
385 449 100
449 481 104
481 417 108
417 385 102
385 401 101
401 465 103
465 449 100
449 457 109
457 393 107
393 385 109
385 389 100
389 453 108
453 449 101
449 451 110
451 387 104
387 385 110
387 419 101
419 417 104
417 433 100
433 401 106
401 409 104
409 393 107
393 425 106
425 417 103
417 421 108
421 389 107
389 405 105
405 401 105
401 403 108
403 387 103
387 395 101
395 393 109
393 397 100
397 389 104
389 391 106
391 387 102
387 388 104
388 452 109
452 450 108
450 386 109
386 418 105
418 417 103
418 482 103
482 450 109
450 449 109
450 466 100
466 402 108
402 386 108
386 394 110
394 393 102
394 458 102
458 450 110
450 454 103
454 390 107
390 386 104
390 389 106
390 422 110
422 418 107
418 434 110
434 402 100
402 401 100
402 410 102
410 394 108
394 426 108
426 418 106
418 420 103
420 388 109
388 404 110
404 402 109
402 406 105
406 390 108
390 398 100
398 394 110
394 396 107
396 388 108
396 395 109
395 459 108
459 451 108
451 483 101
483 419 101
419 435 105
435 403 104
403 467 103
467 451 109
451 455 100
455 391 101
391 423 109
423 419 107
419 427 106
427 395 102
395 411 102
411 403 109
403 407 108
407 391 107
391 399 103
399 395 100
399 397 106
397 461 107
461 453 106
453 485 100
485 421 103
421 437 100
437 405 102
405 469 104
469 453 103
453 455 103
455 487 101
487 423 108
423 421 108
421 429 104
429 397 109
397 413 100
413 405 106
405 407 105
407 471 102
471 455 108
455 463 103
463 399 104
399 431 105
431 423 105
423 439 101
439 407 108
407 415 109
415 399 101
399 400 107
400 392 101
392 390 106
392 391 102
392 456 104
456 452 106
452 451 108
452 484 106
484 420 108
420 419 107
420 436 105
436 404 107
404 403 103
404 468 108
468 452 100
452 460 106
460 396 108
396 428 102
428 420 108
420 424 101
424 392 107
424 422 110
422 421 110
422 486 106
486 454 108
454 453 107
454 470 108
470 406 107
406 405 103
406 438 110
438 422 106
422 430 106
430 398 101
398 397 106
398 462 105
462 454 108
454 456 107
456 455 100
456 488 101
488 424 105
424 423 104
424 440 105
440 436 108
436 434 105
434 433 108
433 497 104
497 465 107
465 473 102
473 409 108
409 441 105
441 425 107
425 489 101
489 457 102
457 473 106
473 505 103
505 441 105
441 433 107
433 437 105
437 501 106
501 469 104
469 465 107
465 467 103
467 499 107
499 435 101
435 433 102
435 443 104
443 411 103
411 409 103
409 413 110
413 477 106
477 461 102
461 457 102
457 459 109
459 491 107
491 427 104
427 425 103
425 429 105
429 493 102
493 461 109
461 463 105
463 459 100
459 475 108
475 411 101
411 415 109
415 413 100
413 445 102
445 429 110
429 431 108
431 427 101
427 443 105
443 441 107
441 445 103
445 437 106
437 439 105
439 435 108
435 436 100
436 500 105
500 468 108
468 466 102
466 465 103
466 498 103
498 434 107
434 442 105
442 410 109
410 409 108
410 474 101
474 458 106
458 457 100
458 490 104
490 426 100
426 425 106
426 442 109
442 441 107
442 506 109
506 474 103
474 466 100
466 470 110
470 469 102
469 477 101
477 473 109
473 475 100
475 467 102
467 471 110
471 469 108
471 503 105
503 439 107
439 447 110
447 415 106
415 479 103
479 463 108
463 495 100
495 431 109
431 447 104
447 443 104
443 507 101
507 475 108
475 479 102
479 471 110
471 472 110
472 408 109
408 404 109
404 412 109
412 396 104
396 400 102
400 398 100
398 414 107
414 406 102
406 408 101
408 407 104
408 416 100
416 400 102
400 464 104
464 456 109
456 472 106
472 468 107
468 467 100
468 476 103
476 412 106
412 410 107
410 414 103
414 413 106
414 478 107
478 462 107
462 458 108
458 460 104
460 459 110
460 492 106
492 428 100
428 426 105
426 430 108
430 429 109
430 494 103
494 462 109
462 461 101
462 464 100
464 460 103
460 476 110
476 474 105
474 473 102
474 478 102
478 470 100
470 502 105
502 438 105
438 434 104
438 437 107
438 446 107
446 414 101
414 416 100
416 412 109
412 411 100
412 444 110
444 428 107
428 427 107
428 432 101
432 400 100
432 424 106
432 430 107
430 446 103
446 442 105
442 444 108
444 436 101
444 443 102
444 508 100
508 476 102
476 475 105
476 480 102
480 416 102
416 415 104
416 448 100
448 432 100
432 431 104
432 496 104
496 464 100
464 463 102
464 480 102
480 472 109
472 470 103
472 504 106
504 488 104
488 484 110
484 482 109
482 481 103
481 497 100
497 505 109
505 489 103
489 481 100
481 485 103
485 501 105
501 497 109
497 499 103
499 483 103
483 481 102
483 491 110
491 489 110
489 493 105
493 485 108
485 487 108
487 483 103
483 484 108
484 500 107
500 498 108
498 482 106
482 490 104
490 489 106
490 506 100
506 498 106
498 497 106
498 502 100
502 486 106
486 482 103
486 485 103
486 494 103
494 490 110
490 492 105
492 484 108
492 491 102
491 507 107
507 499 101
499 503 104
503 487 100
487 495 107
495 491 106
495 493 110
493 509 104
509 253 102
253 255 109
255 511 107
511 383 104
383 381 110
381 509 106
509 445 109
445 447 103
447 511 106
511 479 103
479 477 109
477 509 107
509 501 105
501 503 105
503 511 102
511 495 102
495 496 108
496 488 105
488 486 101
488 487 102
496 492 101
492 508 103
508 500 103
500 499 108
500 504 107
504 502 104
502 501 109
502 510 101
510 254 101
254 253 110
254 256 105
256 252 105
256 255 103
256 512 104
512 384 109
384 382 108
382 381 104
382 510 110
510 446 107
446 445 105
446 448 102
448 440 102
440 438 110
440 439 104
448 444 105
448 447 103
448 512 109
512 480 107
480 478 101
478 477 105
478 510 103
510 494 104
494 493 101
494 496 109
496 512 108
512 504 105
504 503 104
512 508 106
508 506 107
506 505 105
505 509 110
509 511 104
511 507 105
507 505 110
507 508 109
511 512 103
512 510 110
510 506 101
510 509 108
480 479 102
384 383 102

REQUESTS

BLOCKAGES
297 361
51 59
446 445
203 201
90 74
72 104
345 337
258 257
61 317
438 310
458 330
366 365
450 386
222 224
386 130
227 163
316 308
78 70
209 217
283 287
116 115
322 66
34 290
84 83
344 280
350 342
424 392
288 272
297 41
360 296
501 373
46 14
184 180
436 404
171 187
102 101
214 213
331 335
157 149
377 361
296 424
170 174
408 392
299 315
213 215
113 81
207 143
181 245
238 254
31 15
300 316
381 509
174 166
339 275
95 31
327 263
115 243
504 503
186 250
219 475
469 341
240 112
128 124
162 170
146 154
468 466
154 158
373 357
72 68
302 430
369 377
221 253
46 48
267 299
503 247
203 75
425 429
250 252
396 395
45 301
105 233
269 333
156 160
342 338
446 414
224 208
85 117
425 417
367 368
221 217
336 328
323 451
146 145
473 409
198 194
204 196
429 493
212 210
30 158
88 87
102 358
166 422
34 36
55 183
183 439
434 178
342 341
217 89
249 253
451 195
66 65
108 364
500 499
462 458
497 369
35 3
274 273
211 83
335 327
245 247
65 321
429 397
86 85
39 167
492 508
165 133
210 82
351 383
490 489
41 57
363 331
45 61
298 300
76 75
278 277
363 107
206 202
488 486
458 490
244 500
115 119
386 385
382 381
54 310
328 360
291 419
113 369
170 234
248 184
17 273
37 45
223 479
282 286
46 45
60 188
392 390
49 113
218 202
320 304
23 19
73 65
497 505
479 471
134 6
449 451
439 447
198 230
471 503
266 258
392 388
481 225
25 29
430 174
161 165
150 149
393 385
137 9
373 381
281 283
59 315
67 99
454 456
32 28
102 110
316 60
158 190
375 373
352 384
226 482
321 323
237 239
95 351
155 139
52 308
380 379
185 153
300 292
229 197
118 246
267 259
51 19
276 260
255 511
276 404
88 344
345 281
438 434
479 351
314 282
126 94
361 105
221 93
323 259
163 35
98 114
510 254
378 314
6 38
7 5
190 189
470 406
455 327
207 208
493 485
284 412
164 132
58 60
380 378
512 384
27 25
354 353
118 117
108 100
30 29
258 386
338 466
265 267
329 331
91 219
309 305
383 375
35 51
358 374
256 252
167 163
472 408
509 445
43 35
216 215
449 481
493 461
150 22
500 372
184 440
342 344
7 135
56 54
303 367
203 235
136 152
245 117
140 396
114 370
473 475
185 189
246 245
324 332
139 11
148 212
450 466
429 431
145 177
239 231
31 159
269 271
404 402
468 476
319 63
314 313
377 313
20 19
258 274
138 140
168 167
237 205
488 484
494 366
362 354
422 430
393 397
344 343
396 388
30 22
479 463
20 84
353 361
164 228
425 489
293 37
211 195
501 469
215 223
5 13
407 151
256 248
2 66
151 159
134 142
1 5
485 229
300 428
113 121
294 293
317 285
248 120
201 233
486 482
340 372
144 143
39 55
417 433
207 203
51 52
322 450
365 367
126 118
1 17
442 444
95 87
482 354
414 413
244 116
466 470
193 449
274 18
28 92
147 131
216 88
159 157
175 173
139 137
494 496
414 478
443 411
181 149
106 105
406 408
20 18
334 270
104 360
507 499
234 233
152 24
466 465
491 363
212 468
410 394
311 295
358 294
78 94
489 233
510 494
15 16
172 164
471 343
168 184
464 480
495 491
307 311
250 249
188 156
372 370
510 446
321 329
457 393
178 177
339 337
348 347
348 284
412 410
141 157
453 485
243 227
290 289
300 268
440 436
210 194
206 462
500 468
164 162
38 54
198 70
301 429
125 93
217 201
444 508
460 476
471 472
367 495
299 291
142 141
26 10
389 133
494 490
222 478
112 104
226 225
436 434
93 89
511 495
9 73
203 219
65 81
234 238
355 323
132 130
108 107
325 357
349 285
263 271
72 71
398 462
109 101
246 230
370 338
310 318
416 412
305 307
212 211
270 398
90 94
180 188
133 141
228 100
26 90
56 55
476 475
447 191
383 367
332 330
499 243
160 159
231 247
327 359
154 26
27 28
271 287
83 87
53 21
136 8
42 170
427 395
119 375
170 169
268 266
240 238
279 311
426 418
56 52
291 295
507 508
511 479
238 206
182 184
461 457
456 472
372 380
394 138
503 511
92 90
389 391
76 80
13 29
372 356
301 297
378 370
358 357
187 59
214 198
5 133
21 5
424 168
45 173
430 494
231 167
398 142
143 135
461 463
359 103
268 332
410 414
252 188
100 98
90 89
255 127
504 248
442 441
123 91
4 8
97 113
137 153
67 323
15 47
238 494
394 396
327 343
60 52
296 304
269 265
261 263
280 408
245 213
116 120
460 492
54 53
469 477
314 442
330 322
243 179
356 355
371 499
214 216
259 263
36 164
8 264
168 166
417 421
409 393
76 108
435 443
206 78
437 181
479 477
60 28
140 139
422 294
456 488
236 235
359 355
110 109
366 382
241 209
53 309
174 142
191 255
75 91
283 275
307 51
202 201
94 30
437 439
350 286
18 17
255 251
237 233
93 95
220 219
43 47
507 505
359 375
121 125
419 417
193 129
209 465
256 255
502 510
110 106
352 288
3 1
342 470
126 128
439 311
6 14
250 218
434 442
189 61
410 474
153 217
483 491
64 192
96 352
158 222
441 185
73 105
245 501
80 336
392 136
376 504
419 427
471 469
416 160
271 335
428 172
171 169
196 452
350 349
130 129
286 414
214 246
163 171
268 267
62 61
67 75
270 286
53 181
99 100
7 23
429 173
467 471
164 168
61 29
205 221
423 439
92 91
454 390
246 254
413 157
1 257
470 469
49 33
89 73
19 27
471 455
417 161
356 354
313 441
241 497
448 432
96 95
242 241
263 295
46 42
504 488
24 32
192 160
97 353
259 3
336 352
375 311
212 84
36 35
147 211
39 37
111 112
368 366
275 307
29 93
263 7
294 302
496 240
246 182
152 151
5 261
173 141
309 317
171 172
431 447
355 363
70 326
140 132
481 497
160 224
190 62
304 300
133 149
205 77
81 89
182 181
509 501
158 142
419 435
448 440
299 43
282 281
384 320
258 260
172 176
461 333
183 151
208 200
156 220
376 360
340 338
71 67
458 460
386 394
186 170
357 353
260 259
384 382
336 335
284 268
138 154
66 82
119 103
62 58
44 172
402 410
367 363
192 256
29 21
117 113
224 220
68 324
343 351
285 287
122 114
117 119
407 391
418 482
329 345
281 265
351 335
286 288
189 181
47 303
312 311
346 378
446 318
393 137
326 328
155 187
47 111
112 48
371 339
286 285
145 209
218 474
40 168
467 211
462 454
487 231
27 11
61 125
182 178
396 428
132 136
165 167
76 74
298 297
366 362
483 355
362 361
452 450
333 335
385 129
173 237
150 214
237 109
448 192
490 234
41 45
12 44
103 39
48 176
276 274
286 278
68 66
277 261
496 492
144 136
495 431
496 464
33 35
176 168
11 3
39 7
390 386
354 290
408 404
96 92
423 419
398 397
316 380
397 389
135 199
231 229
290 306
33 41
388 132
338 346
463 459
120 104
458 450
86 70
22 278
208 464
415 159
275 403
388 386
29 31
259 387
262 264
331 323
426 425
129 161
8 7
500 498
89 345
494 462
325 333
244 242
298 426
24 280
304 432
412 396
86 82
467 499
408 407
473 505
117 53
308 307
236 108
126 125
272 400
87 85
411 409
375 343
122 378
409 153
32 288
192 190
406 405
505 441
36 40
491 427
213 209
438 422
273 401
282 346
278 274
391 399
505 489
391 387
120 88
303 271
505 249
481 417
432 496
139 143
442 410
88 84
300 299
347 345
455 463
185 249
391 423
345 349
511 383
463 399
325 321
425 169
239 175
32 96
493 237
475 479
28 284
4 3
182 438
149 405
346 90
115 99
489 493
62 46
110 46
68 4
195 203
418 420
21 85
253 189
121 105
295 303
134 198
145 149
407 415
330 334
511 512
10 9
79 207
31 63
284 283
32 30
97 101
24 20
483 481
12 4
505 509
91 83
492 236
273 281
381 377
254 222
58 26
403 467
357 293
12 11
19 147
447 511
230 102
480 352
389 453
391 135
315 443
306 305
332 336
392 456
287 415
364 363
189 445
138 137
267 283
55 23
294 290
430 398
441 445
353 289
488 232
460 396
200 199
92 348
272 270
63 61
402 401
84 116
397 269
416 415
208 206
194 193
337 321
74 73
508 506
328 344
69 5
176 175
121 377
75 11
190 182
277 285
116 52
395 459
154 218
30 26
166 230
169 137
227 483
313 315
381 317
239 235
198 197
463 495
2 10
464 460
313 297
69 101
165 229
406 390
215 87
232 231
336 272
469 465
308 436
302 304
175 191
42 44
240 256
454 470
502 246
382 374
36 4
124 123
311 319
487 423
460 204
423 295
135 133
233 235
485 501
106 108
183 167
176 144
32 31
254 256
362 364
476 474
219 211
403 147
488 487
79 15
67 68
431 175
90 82
295 359
22 6
33 1
149 151
204 208
14 78
362 490
264 272
312 320
135 151
180 244
162 161
230 486
197 213
325 261
42 58
503 439
142 138
324 323
427 299
404 403
197 199
7 71
453 325
301 303
3 19
292 291
52 50
327 325
273 275
144 140
492 428
428 432
411 283
208 80
406 278
66 70
233 249
337 273
328 264
318 314
339 340
306 50
141 397
503 487
289 297
360 359
492 484
130 162
9 1
472 470
276 275
424 423
315 379
34 50
156 154
376 374
21 277
250 122
292 420
512 508
268 272
382 350
252 236
40 38
437 405
322 321
163 161
284 316
193 209
42 41
432 430
34 33
347 331
302 46
163 179
67 65
120 128
477 509
303 431
207 239
255 223
476 480
344 340
169 185
293 309
320 64
82 114
170 138
160 158
496 512
148 147
38 166
405 277
468 340
322 338
187 185
190 254
456 455
412 444
435 436
44 43
474 466
319 447
127 111
128 64
426 430
270 262
497 465
399 400
107 123
483 419
502 486
451 387
225 97
118 54
478 462
10 266
25 17
2 34
390 134
337 369
265 393
316 315
50 178
346 330
129 1
412 411
352 348
420 436
373 369
444 436
428 426
472 468
177 433
379 383
261 293
272 304
405 407
179 183
329 265
48 40
112 108
454 198
156 148
21 23
485 487
131 3
138 202
332 76
48 64
428 427
147 155
399 271
180 179
370 306
127 383
339 467
158 150
374 118
130 134
298 42
464 336
495 493
234 106
222 94
50 58
365 493
326 262
355 371
230 238
80 16
413 405
200 456
462 461
70 69
400 144
388 452
435 307
121 57
172 140
401 403
177 49
394 393
57 49
422 486
266 270
374 373
446 442
304 48
474 346
377 379
200 72
229 101
17 49
369 353
477 221
178 186
512 480
97 65
187 179
68 100
44 60
434 402
8 24
501 503
296 294
400 398
256 512
62 318
433 305
77 69
147 145
371 375
51 179
273 257
202 74
72 328
451 455
249 217
184 183
4 20
219 155
58 186
148 152
490 426
194 226
253 245
81 83
387 419
370 498
326 342
99 97
285 413
66 194
135 131
133 129
288 284
384 376
153 145
335 367
223 207
410 154
174 173
403 407
507 379
31 27
252 251
111 239
173 165
87 71
153 25
480 416
452 451
12 16
423 421
254 126
287 279
20 276
437 501
111 107
432 424
238 110
91 27
440 438
210 214
352 344
226 242
96 80
364 368
176 174
56 312
459 203
143 399
321 353
192 176
405 401
368 112
145 129
109 365
274 282
144 160
293 301
153 157
347 91
215 199
342 86
268 12
77 109
295 39
104 102
14 270
508 380
435 403
308 312
443 507
303 299
330 266
380 124
11 15
36 52
280 288
71 327
289 417
25 89
71 79
372 371
49 53
400 464
30 62
294 38
188 187
422 421
438 437
316 444
251 123
439 435
28 26
25 281
447 415
56 120
216 200
142 144
155 411
236 234
476 220
368 360
125 253
191 183
349 333
480 472
385 449
37 33
349 477
357 485
92 124
360 356
412 156
35 291
424 422
508 476
76 12
50 49
372 308
81 337
55 51
447 443
119 127
58 314
28 12
366 302
180 148
228 232
288 287
119 55
94 96
235 251
478 510
252 244
399 431
82 84
463 207
221 213
495 496
143 175
65 193
455 391
491 489
398 394
111 79
297 425
109 125
472 504
379 347
166 134
48 44
465 473
484 482
80 79
114 50
453 449
481 485
40 39
312 310
302 301
483 484
373 309
103 99
283 347
140 156
450 449
257 259
369 305
453 455
4 2
489 457
95 127
70 102
305 289
266 265
22 24
15 143
150 182
506 474
37 53
499 483
383 319
193 197
452 484
179 177
424 440
341 325
98 97
164 163
478 477
86 118
100 36
499 435
88 96
105 109
206 205
413 477
318 317
188 172
247 119
100 356
112 110
225 241
257 385
146 130
235 171
26 282
438 446
274 306
317 319
132 131
421 429
308 292
250 506
16 8
77 79
231 199
431 427
242 178
354 370
461 453
166 165
130 2
205 461
161 177
196 212
19 83
433 401
83 67
465 467
195 193
468 467
116 114
382 318
249 121
220 218
236 228
84 340
248 244
458 457
262 390
103 111
202 204
474 478
333 77
107 105
41 9
314 298
440 312
264 296
123 115
222 214
136 134
201 73
162 226
394 426
226 98
228 244
416 448
11 43
365 357
320 448
196 194
8 6
385 389
13 9
199 195
136 200
107 43
15 13
341 85
178 162
289 291
177 241
470 502
292 290
443 187
280 279
101 103
232 248
260 388
387 131
280 276
409 441
124 122
159 223
94 93
338 337
374 502
387 395
331 459
409 413
379 123
504 440
224 223
197 69
482 450
235 491
228 196
77 73
132 148
56 24
277 341
104 40
457 201
110 126
330 362
152 150
356 484
113 115
340 348
118 102
269 261
224 480
125 381
491 507
194 202
230 226
204 236
356 292
78 334
64 32
448 444
161 33
484 228
37 165
408 416
452 460
122 126
240 239
490 492
459 475
365 301
128 384
27 59
2 258
414 406
415 413
506 498
209 81
63 191
167 175
57 25
146 150
122 121
475 411
240 232
220 204
411 415
184 192
10 42
78 77
290 298
445 317
213 469
38 34
17 21
69 71
210 218
64 62
510 506
186 185
399 397
498 502
291 355
457 473
466 498
106 122
310 374
378 377
434 433
279 407
200 196
305 313
81 17
395 139
79 75
264 263
351 287
441 433
427 443
43 41
14 10
349 381
63 47
216 212
278 280
99 227
498 434
151 215
265 9
445 437
416 400
378 382
346 348
343 279
433 437
186 190
421 389
218 217
512 510
446 448
457 459
444 188
262 261
285 269
47 45
162 34
85 69
216 248
326 454
222 221
99 107
87 343
251 507
258 322
159 155
334 333
148 146
296 40
82 18
320 319
68 76
18 22
229 237
219 223
278 262
302 298
452 324
124 116
366 358
456 328
224 216
498 497
211 243
171 139
324 322
242 210
275 279
22 86
420 388
232 104
247 215
390 389
364 332
127 63
281 313
400 392
376 312
63 59
72 80
220 92
18 146
137 201
114 242
354 358
60 64
253 255
18 2
10 74
93 349
38 37
310 306
23 279
74 106
384 368
334 326
486 454
6 262
293 289
205 197
86 88
310 309
361 329
282 266
124 252
363 361
260 292
75 331
387 385
227 225
271 267
486 358
442 186
307 371
195 227
348 332
157 189
195 196
478 350
59 123
371 115
362 106
101 117
267 395
16 14
504 502
14 13
459 451
401 465
324 260
141 13
59 57
243 251
146 210
13 269
509 253
247 243
234 250
359 487
225 229
309 277

TERMINALS
1
4
6
7
10
11
13
16
18
19
21
24
25
28
30
31
34
35
37
40
41
44
46
47
49
52
54
55
58
59
61
64
66
67
69
72
73
76
78
79
81
84
86
87
90
91
93
96
97
100
102
103
106
107
109
112
114
115
117
120
121
124
126
127
130
131
133
136
137
140
142
143
145
148
150
151
154
155
157
160
161
164
166
167
170
171
173
176
178
179
181
184
185
188
190
191
193
196
198
199
202
203
205
208
210
211
213
216
217
220
222
223
226
227
229
232
233
236
238
239
241
244
246
247
250
251
253
256
258
259
261
264
265
268
270
271
273
276
278
279
282
283
285
288
289
292
294
295
298
299
301
304
306
307
309
312
313
316
318
319
321
324
326
327
330
331
333
336
338
339
341
344
345
348
350
351
354
355
357
360
361
364
366
367
369
372
374
375
378
379
381
384
385
388
390
391
394
395
397
400
402
403
405
408
409
412
414
415
418
419
421
424
425
428
430
431
433
436
438
439
442
443
445
448
450
451
453
456
457
460
462
463
465
468
470
471
474
475
477
480
481
484
486
487
490
491
493
496
498
499
501
504
505
508
510
511

END
