INSTANCE_NAME hc9u.dat
NB_VERTICES 512
NB_ARCS 2304
NB_REQUESTS 0
NB_BLOCKAGES 1382
NB_TERMINALS 256

VERTICES
1 0 0
2 0 0
3 0 0
4 0 0
5 0 0
6 0 0
7 0 0
8 0 0
9 0 0
10 0 0
11 0 0
12 0 0
13 0 0
14 0 0
15 0 0
16 0 0
17 0 0
18 0 0
19 0 0
20 0 0
21 0 0
22 0 0
23 0 0
24 0 0
25 0 0
26 0 0
27 0 0
28 0 0
29 0 0
30 0 0
31 0 0
32 0 0
33 0 0
34 0 0
35 0 0
36 0 0
37 0 0
38 0 0
39 0 0
40 0 0
41 0 0
42 0 0
43 0 0
44 0 0
45 0 0
46 0 0
47 0 0
48 0 0
49 0 0
50 0 0
51 0 0
52 0 0
53 0 0
54 0 0
55 0 0
56 0 0
57 0 0
58 0 0
59 0 0
60 0 0
61 0 0
62 0 0
63 0 0
64 0 0
65 0 0
66 0 0
67 0 0
68 0 0
69 0 0
70 0 0
71 0 0
72 0 0
73 0 0
74 0 0
75 0 0
76 0 0
77 0 0
78 0 0
79 0 0
80 0 0
81 0 0
82 0 0
83 0 0
84 0 0
85 0 0
86 0 0
87 0 0
88 0 0
89 0 0
90 0 0
91 0 0
92 0 0
93 0 0
94 0 0
95 0 0
96 0 0
97 0 0
98 0 0
99 0 0
100 0 0
101 0 0
102 0 0
103 0 0
104 0 0
105 0 0
106 0 0
107 0 0
108 0 0
109 0 0
110 0 0
111 0 0
112 0 0
113 0 0
114 0 0
115 0 0
116 0 0
117 0 0
118 0 0
119 0 0
120 0 0
121 0 0
122 0 0
123 0 0
124 0 0
125 0 0
126 0 0
127 0 0
128 0 0
129 0 0
130 0 0
131 0 0
132 0 0
133 0 0
134 0 0
135 0 0
136 0 0
137 0 0
138 0 0
139 0 0
140 0 0
141 0 0
142 0 0
143 0 0
144 0 0
145 0 0
146 0 0
147 0 0
148 0 0
149 0 0
150 0 0
151 0 0
152 0 0
153 0 0
154 0 0
155 0 0
156 0 0
157 0 0
158 0 0
159 0 0
160 0 0
161 0 0
162 0 0
163 0 0
164 0 0
165 0 0
166 0 0
167 0 0
168 0 0
169 0 0
170 0 0
171 0 0
172 0 0
173 0 0
174 0 0
175 0 0
176 0 0
177 0 0
178 0 0
179 0 0
180 0 0
181 0 0
182 0 0
183 0 0
184 0 0
185 0 0
186 0 0
187 0 0
188 0 0
189 0 0
190 0 0
191 0 0
192 0 0
193 0 0
194 0 0
195 0 0
196 0 0
197 0 0
198 0 0
199 0 0
200 0 0
201 0 0
202 0 0
203 0 0
204 0 0
205 0 0
206 0 0
207 0 0
208 0 0
209 0 0
210 0 0
211 0 0
212 0 0
213 0 0
214 0 0
215 0 0
216 0 0
217 0 0
218 0 0
219 0 0
220 0 0
221 0 0
222 0 0
223 0 0
224 0 0
225 0 0
226 0 0
227 0 0
228 0 0
229 0 0
230 0 0
231 0 0
232 0 0
233 0 0
234 0 0
235 0 0
236 0 0
237 0 0
238 0 0
239 0 0
240 0 0
241 0 0
242 0 0
243 0 0
244 0 0
245 0 0
246 0 0
247 0 0
248 0 0
249 0 0
250 0 0
251 0 0
252 0 0
253 0 0
254 0 0
255 0 0
256 0 0
257 0 0
258 0 0
259 0 0
260 0 0
261 0 0
262 0 0
263 0 0
264 0 0
265 0 0
266 0 0
267 0 0
268 0 0
269 0 0
270 0 0
271 0 0
272 0 0
273 0 0
274 0 0
275 0 0
276 0 0
277 0 0
278 0 0
279 0 0
280 0 0
281 0 0
282 0 0
283 0 0
284 0 0
285 0 0
286 0 0
287 0 0
288 0 0
289 0 0
290 0 0
291 0 0
292 0 0
293 0 0
294 0 0
295 0 0
296 0 0
297 0 0
298 0 0
299 0 0
300 0 0
301 0 0
302 0 0
303 0 0
304 0 0
305 0 0
306 0 0
307 0 0
308 0 0
309 0 0
310 0 0
311 0 0
312 0 0
313 0 0
314 0 0
315 0 0
316 0 0
317 0 0
318 0 0
319 0 0
320 0 0
321 0 0
322 0 0
323 0 0
324 0 0
325 0 0
326 0 0
327 0 0
328 0 0
329 0 0
330 0 0
331 0 0
332 0 0
333 0 0
334 0 0
335 0 0
336 0 0
337 0 0
338 0 0
339 0 0
340 0 0
341 0 0
342 0 0
343 0 0
344 0 0
345 0 0
346 0 0
347 0 0
348 0 0
349 0 0
350 0 0
351 0 0
352 0 0
353 0 0
354 0 0
355 0 0
356 0 0
357 0 0
358 0 0
359 0 0
360 0 0
361 0 0
362 0 0
363 0 0
364 0 0
365 0 0
366 0 0
367 0 0
368 0 0
369 0 0
370 0 0
371 0 0
372 0 0
373 0 0
374 0 0
375 0 0
376 0 0
377 0 0
378 0 0
379 0 0
380 0 0
381 0 0
382 0 0
383 0 0
384 0 0
385 0 0
386 0 0
387 0 0
388 0 0
389 0 0
390 0 0
391 0 0
392 0 0
393 0 0
394 0 0
395 0 0
396 0 0
397 0 0
398 0 0
399 0 0
400 0 0
401 0 0
402 0 0
403 0 0
404 0 0
405 0 0
406 0 0
407 0 0
408 0 0
409 0 0
410 0 0
411 0 0
412 0 0
413 0 0
414 0 0
415 0 0
416 0 0
417 0 0
418 0 0
419 0 0
420 0 0
421 0 0
422 0 0
423 0 0
424 0 0
425 0 0
426 0 0
427 0 0
428 0 0
429 0 0
430 0 0
431 0 0
432 0 0
433 0 0
434 0 0
435 0 0
436 0 0
437 0 0
438 0 0
439 0 0
440 0 0
441 0 0
442 0 0
443 0 0
444 0 0
445 0 0
446 0 0
447 0 0
448 0 0
449 0 0
450 0 0
451 0 0
452 0 0
453 0 0
454 0 0
455 0 0
456 0 0
457 0 0
458 0 0
459 0 0
460 0 0
461 0 0
462 0 0
463 0 0
464 0 0
465 0 0
466 0 0
467 0 0
468 0 0
469 0 0
470 0 0
471 0 0
472 0 0
473 0 0
474 0 0
475 0 0
476 0 0
477 0 0
478 0 0
479 0 0
480 0 0
481 0 0
482 0 0
483 0 0
484 0 0
485 0 0
486 0 0
487 0 0
488 0 0
489 0 0
490 0 0
491 0 0
492 0 0
493 0 0
494 0 0
495 0 0
496 0 0
497 0 0
498 0 0
499 0 0
500 0 0
501 0 0
502 0 0
503 0 0
504 0 0
505 0 0
506 0 0
507 0 0
508 0 0
509 0 0
510 0 0
511 0 0
512 0 0

ARCS
1 257 1
257 385 1
385 129 1
129 1 1
1 65 1
65 321 1
321 257 1
257 289 1
289 33 1
33 1 1
1 17 1
17 273 1
273 257 1
257 265 1
265 9 1
9 1 1
1 5 1
5 261 1
261 257 1
257 259 1
259 3 1
3 1 1
1 2 1
2 258 1
258 257 1
258 386 1
386 130 1
130 2 1
2 66 1
66 65 1
65 193 1
193 129 1
129 161 1
161 33 1
33 97 1
97 65 1
65 81 1
81 17 1
17 145 1
145 129 1
129 137 1
137 9 1
9 73 1
73 65 1
65 69 1
69 5 1
5 133 1
133 129 1
129 131 1
131 3 1
3 67 1
67 65 1
67 323 1
323 259 1
259 387 1
387 131 1
131 195 1
195 67 1
67 99 1
99 35 1
35 3 1
3 19 1
19 17 1
17 49 1
49 33 1
33 41 1
41 9 1
9 25 1
25 17 1
17 21 1
21 5 1
5 37 1
37 33 1
33 35 1
35 291 1
291 259 1
259 275 1
275 19 1
19 147 1
147 131 1
131 163 1
163 35 1
35 51 1
51 19 1
19 83 1
83 67 1
67 75 1
75 11 1
11 3 1
3 7 1
7 5 1
5 13 1
13 9 1
9 11 1
11 267 1
267 259 1
259 263 1
263 7 1
7 135 1
135 131 1
131 139 1
139 11 1
11 43 1
43 35 1
35 39 1
39 7 1
7 71 1
71 67 1
67 68 1
68 4 1
4 2 1
2 34 1
34 33 1
34 290 1
290 258 1
258 322 1
322 66 1
66 194 1
194 130 1
130 129 1
130 162 1
162 34 1
34 98 1
98 66 1
66 82 1
82 18 1
18 2 1
2 10 1
10 9 1
10 266 1
266 258 1
258 274 1
274 18 1
18 17 1
18 146 1
146 130 1
130 138 1
138 10 1
10 74 1
74 66 1
66 70 1
70 6 1
6 2 1
6 5 1
6 262 1
262 258 1
258 260 1
260 4 1
4 3 1
4 132 1
132 130 1
130 134 1
134 6 1
6 38 1
38 34 1
34 50 1
50 18 1
18 26 1
26 10 1
10 42 1
42 34 1
34 36 1
36 4 1
4 20 1
20 18 1
18 22 1
22 6 1
6 14 1
14 10 1
10 12 1
12 4 1
4 8 1
8 6 1
8 7 1
7 23 1
23 19 1
19 27 1
27 11 1
11 15 1
15 7 1
15 13 1
13 269 1
269 261 1
261 389 1
389 133 1
133 197 1
197 69 1
69 325 1
325 261 1
261 293 1
293 37 1
37 165 1
165 133 1
133 149 1
149 21 1
21 277 1
277 261 1
261 263 1
263 391 1
391 135 1
135 133 1
133 141 1
141 13 1
13 77 1
77 69 1
69 101 1
101 37 1
37 53 1
53 21 1
21 85 1
85 69 1
69 71 1
71 327 1
327 263 1
263 295 1
295 39 1
39 37 1
37 45 1
45 13 1
13 29 1
29 21 1
21 23 1
23 279 1
279 263 1
263 271 1
271 15 1
15 143 1
143 135 1
135 199 1
199 71 1
71 103 1
103 39 1
39 167 1
167 135 1
135 151 1
151 23 1
23 87 1
87 71 1
71 79 1
79 15 1
15 47 1
47 39 1
39 55 1
55 23 1
23 31 1
31 15 1
15 16 1
16 8 1
8 264 1
264 260 1
260 259 1
260 388 1
388 132 1
132 131 1
132 196 1
196 68 1
68 66 1
68 324 1
324 260 1
260 292 1
292 36 1
36 35 1
36 164 1
164 132 1
132 148 1
148 20 1
20 19 1
20 276 1
276 260 1
260 268 1
268 12 1
12 11 1
12 140 1
140 132 1
132 136 1
136 8 1
8 72 1
72 68 1
68 100 1
100 36 1
36 52 1
52 20 1
20 84 1
84 68 1
68 76 1
76 12 1
12 44 1
44 36 1
36 40 1
40 8 1
8 24 1
24 20 1
20 28 1
28 12 1
12 16 1
16 14 1
14 13 1
14 270 1
270 262 1
262 261 1
262 390 1
390 134 1
134 133 1
134 198 1
198 70 1
70 69 1
70 326 1
326 262 1
262 294 1
294 38 1
38 37 1
38 166 1
166 134 1
134 150 1
150 22 1
22 21 1
22 278 1
278 262 1
262 264 1
264 263 1
264 392 1
392 136 1
136 134 1
134 142 1
142 14 1
14 78 1
78 70 1
70 102 1
102 38 1
38 54 1
54 22 1
22 86 1
86 70 1
70 72 1
72 71 1
72 328 1
328 264 1
264 296 1
296 40 1
40 38 1
38 46 1
46 14 1
14 30 1
30 22 1
22 24 1
24 23 1
24 280 1
280 264 1
264 272 1
272 16 1
16 144 1
144 136 1
136 135 1
136 200 1
200 72 1
72 104 1
104 40 1
40 39 1
40 168 1
168 136 1
136 152 1
152 24 1
24 88 1
88 72 1
72 80 1
80 16 1
16 48 1
48 40 1
40 56 1
56 24 1
24 32 1
32 16 1
32 28 1
28 26 1
26 25 1
25 281 1
281 265 1
265 393 1
393 137 1
137 201 1
201 73 1
73 329 1
329 265 1
265 297 1
297 41 1
41 169 1
169 137 1
137 153 1
153 25 1
25 89 1
89 73 1
73 105 1
105 41 1
41 57 1
57 25 1
25 29 1
29 285 1
285 269 1
269 265 1
265 267 1
267 395 1
395 139 1
139 137 1
137 141 1
141 397 1
397 269 1
269 333 1
333 77 1
77 73 1
73 75 1
75 331 1
331 267 1
267 299 1
299 43 1
43 41 1
41 45 1
45 301 1
301 269 1
269 271 1
271 267 1
267 283 1
283 27 1
27 25 1
27 155 1
155 139 1
139 203 1
203 75 1
75 107 1
107 43 1
43 171 1
171 139 1
139 143 1
143 141 1
141 205 1
205 77 1
77 109 1
109 45 1
45 173 1
173 141 1
141 157 1
157 29 1
29 93 1
93 77 1
77 79 1
79 75 1
75 91 1
91 27 1
27 59 1
59 43 1
43 47 1
47 45 1
45 61 1
61 29 1
29 31 1
31 27 1
27 28 1
28 284 1
284 268 1
268 266 1
266 265 1
266 394 1
394 138 1
138 137 1
138 202 1
202 74 1
74 73 1
74 330 1
330 266 1
266 298 1
298 42 1
42 41 1
42 170 1
170 138 1
138 154 1
154 26 1
26 282 1
282 266 1
266 270 1
270 269 1
270 398 1
398 142 1
142 138 1
138 140 1
140 139 1
140 396 1
396 268 1
268 267 1
268 332 1
332 76 1
76 74 1
74 106 1
106 42 1
42 58 1
58 26 1
26 90 1
90 74 1
74 78 1
78 77 1
78 334 1
334 270 1
270 302 1
302 46 1
46 42 1
42 44 1
44 43 1
44 300 1
300 268 1
268 272 1
272 270 1
270 286 1
286 30 1
30 26 1
30 29 1
30 158 1
158 142 1
142 141 1
142 206 1
206 78 1
78 110 1
110 46 1
46 45 1
46 174 1
174 142 1
142 144 1
144 140 1
140 204 1
204 76 1
76 75 1
76 108 1
108 44 1
44 172 1
172 140 1
140 156 1
156 28 1
28 92 1
92 76 1
76 80 1
80 78 1
78 94 1
94 30 1
30 62 1
62 46 1
46 48 1
48 44 1
44 60 1
60 28 1
60 52 1
52 50 1
50 49 1
49 305 1
305 273 1
273 401 1
401 145 1
145 209 1
209 81 1
81 337 1
337 273 1
273 281 1
281 409 1
409 153 1
153 145 1
145 177 1
177 49 1
49 113 1
113 81 1
81 89 1
89 345 1
345 281 1
281 313 1
313 57 1
57 49 1
49 53 1
53 309 1
309 277 1
277 273 1
273 275 1
275 403 1
403 147 1
147 145 1
145 149 1
149 405 1
405 277 1
277 341 1
341 85 1
85 81 1
81 83 1
83 339 1
339 275 1
275 307 1
307 51 1
51 49 1
51 179 1
179 147 1
147 211 1
211 83 1
83 115 1
115 51 1
51 59 1
59 57 1
57 185 1
185 153 1
153 217 1
217 89 1
89 121 1
121 57 1
57 61 1
61 53 1
53 181 1
181 149 1
149 213 1
213 85 1
85 117 1
117 53 1
53 55 1
55 51 1
51 52 1
52 308 1
308 276 1
276 274 1
274 273 1
274 402 1
402 146 1
146 145 1
146 210 1
210 82 1
82 81 1
82 338 1
338 274 1
274 306 1
306 50 1
50 178 1
178 146 1
146 154 1
154 153 1
153 157 1
157 149 1
149 151 1
151 147 1
147 155 1
155 153 1
155 411 1
411 283 1
283 275 1
275 279 1
279 277 1
277 285 1
285 281 1
281 283 1
283 347 1
347 91 1
91 83 1
83 87 1
87 85 1
85 93 1
93 89 1
89 91 1
91 219 1
219 155 1
155 187 1
187 59 1
59 315 1
315 283 1
283 287 1
287 31 1
31 159 1
159 143 1
143 399 1
399 271 1
271 335 1
335 79 1
79 207 1
207 143 1
143 175 1
175 47 1
47 303 1
303 271 1
271 287 1
287 279 1
279 407 1
407 151 1
151 215 1
215 87 1
87 343 1
343 279 1
279 311 1
311 55 1
55 183 1
183 151 1
151 159 1
159 155 1
155 156 1
156 148 1
148 146 1
146 150 1
150 149 1
150 406 1
406 278 1
278 274 1
274 282 1
282 281 1
282 410 1
410 154 1
154 218 1
218 90 1
90 82 1
82 114 1
114 50 1
50 58 1
58 57 1
58 314 1
314 282 1
282 346 1
346 90 1
90 89 1
90 122 1
122 58 1
58 186 1
186 154 1
154 158 1
158 150 1
150 214 1
214 86 1
86 82 1
82 84 1
84 83 1
84 340 1
340 276 1
276 275 1
276 404 1
404 148 1
148 147 1
148 212 1
212 84 1
84 116 1
116 52 1
52 180 1
180 148 1
148 152 1
152 150 1
150 182 1
182 54 1
54 50 1
54 53 1
54 310 1
310 278 1
278 277 1
278 342 1
342 86 1
86 85 1
86 118 1
118 54 1
54 62 1
62 58 1
58 60 1
60 59 1
59 123 1
123 91 1
91 95 1
95 31 1
31 63 1
63 47 1
47 111 1
111 79 1
79 95 1
95 87 1
87 119 1
119 55 1
55 63 1
63 59 1
63 61 1
61 317 1
317 285 1
285 413 1
413 157 1
157 221 1
221 93 1
93 349 1
349 285 1
285 287 1
287 415 1
415 159 1
159 157 1
157 189 1
189 61 1
61 125 1
125 93 1
93 95 1
95 351 1
351 287 1
287 319 1
319 63 1
63 191 1
191 159 1
159 223 1
223 95 1
95 127 1
127 63 1
63 64 1
64 32 1
32 30 1
32 31 1
32 288 1
288 272 1
272 271 1
272 400 1
400 144 1
144 143 1
144 208 1
208 80 1
80 79 1
80 336 1
336 272 1
272 304 1
304 48 1
48 47 1
48 176 1
176 144 1
144 160 1
160 32 1
32 96 1
96 80 1
80 112 1
112 48 1
48 64 1
64 56 1
56 52 1
56 54 1
56 55 1
56 312 1
312 280 1
280 276 1
276 284 1
284 282 1
282 286 1
286 278 1
278 280 1
280 279 1
280 408 1
408 152 1
152 151 1
152 216 1
216 88 1
88 84 1
84 92 1
92 90 1
90 94 1
94 86 1
86 88 1
88 87 1
88 344 1
344 280 1
280 288 1
288 284 1
284 283 1
284 412 1
412 156 1
156 154 1
156 220 1
220 92 1
92 91 1
92 348 1
348 284 1
284 316 1
316 60 1
60 188 1
188 156 1
156 160 1
160 152 1
152 184 1
184 56 1
56 120 1
120 88 1
88 96 1
96 92 1
92 124 1
124 60 1
60 64 1
64 62 1
62 61 1
62 318 1
318 286 1
286 285 1
286 414 1
414 158 1
158 157 1
158 222 1
222 94 1
94 93 1
94 350 1
350 286 1
286 288 1
288 287 1
288 416 1
416 160 1
160 158 1
158 190 1
190 62 1
62 126 1
126 94 1
94 96 1
96 95 1
96 352 1
352 288 1
288 320 1
320 64 1
64 192 1
192 160 1
160 159 1
160 224 1
224 96 1
96 128 1
128 64 1
128 112 1
112 104 1
104 100 1
100 98 1
98 97 1
97 353 1
353 289 1
289 417 1
417 161 1
161 225 1
225 97 1
97 113 1
113 369 1
369 305 1
305 289 1
289 297 1
297 425 1
425 169 1
169 161 1
161 177 1
177 433 1
433 305 1
305 313 1
313 297 1
297 361 1
361 105 1
105 97 1
97 101 1
101 357 1
357 293 1
293 289 1
289 291 1
291 419 1
419 163 1
163 161 1
161 165 1
165 421 1
421 293 1
293 309 1
309 305 1
305 307 1
307 291 1
291 355 1
355 99 1
99 97 1
99 227 1
227 163 1
163 179 1
179 177 1
177 241 1
241 113 1
113 121 1
121 105 1
105 233 1
233 169 1
169 185 1
185 177 1
177 181 1
181 165 1
165 229 1
229 101 1
101 117 1
117 113 1
113 115 1
115 99 1
99 107 1
107 105 1
105 109 1
109 101 1
101 103 1
103 99 1
99 100 1
100 356 1
356 292 1
292 290 1
290 289 1
290 418 1
418 162 1
162 161 1
162 226 1
226 98 1
98 354 1
354 290 1
290 306 1
306 305 1
306 434 1
434 178 1
178 162 1
162 170 1
170 169 1
169 173 1
173 165 1
165 167 1
167 163 1
163 171 1
171 169 1
171 427 1
427 299 1
299 291 1
291 295 1
295 293 1
293 301 1
301 297 1
297 299 1
299 363 1
363 107 1
107 235 1
235 171 1
171 187 1
187 179 1
179 435 1
435 307 1
307 371 1
371 115 1
115 243 1
243 179 1
179 183 1
183 167 1
167 423 1
423 295 1
295 359 1
359 103 1
103 231 1
231 167 1
167 175 1
175 171 1
171 172 1
172 164 1
164 162 1
162 166 1
166 165 1
166 422 1
422 294 1
294 290 1
290 298 1
298 297 1
298 426 1
426 170 1
170 234 1
234 106 1
106 98 1
98 114 1
114 113 1
114 370 1
370 306 1
306 314 1
314 298 1
298 362 1
362 106 1
106 105 1
106 122 1
122 114 1
114 242 1
242 178 1
178 177 1
178 186 1
186 170 1
170 174 1
174 166 1
166 230 1
230 102 1
102 98 1
102 101 1
102 358 1
358 294 1
294 293 1
294 310 1
310 306 1
306 308 1
308 292 1
292 291 1
292 420 1
420 164 1
164 163 1
164 228 1
228 100 1
100 116 1
116 114 1
114 118 1
118 102 1
102 110 1
110 106 1
106 108 1
108 100 1
108 107 1
107 123 1
123 115 1
115 119 1
119 103 1
103 111 1
111 107 1
111 109 1
109 365 1
365 301 1
301 429 1
429 173 1
173 237 1
237 109 1
109 125 1
125 117 1
117 373 1
373 309 1
309 437 1
437 181 1
181 245 1
245 117 1
117 119 1
119 375 1
375 311 1
311 295 1
295 303 1
303 299 1
299 315 1
315 307 1
307 311 1
311 309 1
309 317 1
317 301 1
301 303 1
303 431 1
431 175 1
175 173 1
173 189 1
189 181 1
181 183 1
183 439 1
439 311 1
311 319 1
319 303 1
303 367 1
367 111 1
111 239 1
239 175 1
175 191 1
191 183 1
183 247 1
247 119 1
119 127 1
127 111 1
111 112 1
112 108 1
108 364 1
364 300 1
300 292 1
292 296 1
296 294 1
294 302 1
302 298 1
298 300 1
300 299 1
300 428 1
428 172 1
172 170 1
172 236 1
236 108 1
108 124 1
124 116 1
116 115 1
116 372 1
372 308 1
308 307 1
308 436 1
436 180 1
180 164 1
164 168 1
168 166 1
166 182 1
182 178 1
178 180 1
180 179 1
180 244 1
244 116 1
116 120 1
120 104 1
104 102 1
104 103 1
104 360 1
360 296 1
296 295 1
296 424 1
424 168 1
168 167 1
168 232 1
232 104 1
232 200 1
200 196 1
196 194 1
194 193 1
193 449 1
449 321 1
321 353 1
353 481 1
481 225 1
225 193 1
193 209 1
209 465 1
465 337 1
337 321 1
321 329 1
329 457 1
457 201 1
201 193 1
193 197 1
197 453 1
453 325 1
325 321 1
321 323 1
323 451 1
451 195 1
195 193 1
195 227 1
227 225 1
225 241 1
241 209 1
209 217 1
217 201 1
201 233 1
233 225 1
225 229 1
229 197 1
197 213 1
213 209 1
209 211 1
211 195 1
195 203 1
203 201 1
201 205 1
205 197 1
197 199 1
199 195 1
195 196 1
196 452 1
452 324 1
324 322 1
322 321 1
322 450 1
450 194 1
194 226 1
226 225 1
226 482 1
482 354 1
354 322 1
322 338 1
338 337 1
337 369 1
369 353 1
353 361 1
361 329 1
329 345 1
345 337 1
337 341 1
341 325 1
325 357 1
357 353 1
353 355 1
355 323 1
323 339 1
339 337 1
339 467 1
467 211 1
211 243 1
243 227 1
227 483 1
483 355 1
355 371 1
371 339 1
339 347 1
347 331 1
331 323 1
323 327 1
327 325 1
325 333 1
333 329 1
329 331 1
331 459 1
459 203 1
203 235 1
235 227 1
227 231 1
231 199 1
199 455 1
455 327 1
327 359 1
359 355 1
355 363 1
363 331 1
331 335 1
335 327 1
327 343 1
343 339 1
339 340 1
340 324 1
324 323 1
324 356 1
356 354 1
354 353 1
354 370 1
370 338 1
338 466 1
466 210 1
210 194 1
194 202 1
202 201 1
202 458 1
458 330 1
330 322 1
322 326 1
326 325 1
326 454 1
454 198 1
198 194 1
198 197 1
198 230 1
230 226 1
226 242 1
242 210 1
210 209 1
210 218 1
218 202 1
202 234 1
234 226 1
226 228 1
228 196 1
196 212 1
212 210 1
210 214 1
214 198 1
198 206 1
206 202 1
202 204 1
204 196 1
204 203 1
203 219 1
219 211 1
211 215 1
215 199 1
199 207 1
207 203 1
207 205 1
205 461 1
461 333 1
333 365 1
365 357 1
357 485 1
485 229 1
229 245 1
245 213 1
213 469 1
469 341 1
341 373 1
373 357 1
357 359 1
359 487 1
487 231 1
231 229 1
229 237 1
237 205 1
205 221 1
221 213 1
213 215 1
215 471 1
471 343 1
343 341 1
341 349 1
349 333 1
333 335 1
335 463 1
463 207 1
207 239 1
239 231 1
231 247 1
247 215 1
215 223 1
223 207 1
207 208 1
208 200 1
200 198 1
200 199 1
200 456 1
456 328 1
328 324 1
324 332 1
332 330 1
330 329 1
330 362 1
362 354 1
354 358 1
358 326 1
326 342 1
342 338 1
338 346 1
346 330 1
330 334 1
334 326 1
326 328 1
328 327 1
328 360 1
360 356 1
356 355 1
356 484 1
484 228 1
228 227 1
228 244 1
244 212 1
212 211 1
212 468 1
468 340 1
340 338 1
340 372 1
372 356 1
356 364 1
364 332 1
332 331 1
332 460 1
460 204 1
204 236 1
236 228 1
228 232 1
232 230 1
230 229 1
230 486 1
486 358 1
358 357 1
358 374 1
374 118 1
118 117 1
118 246 1
246 182 1
182 181 1
182 438 1
438 310 1
310 309 1
310 374 1
374 342 1
342 341 1
342 470 1
470 214 1
214 213 1
214 246 1
246 230 1
230 238 1
238 110 1
110 109 1
110 366 1
366 302 1
302 301 1
302 430 1
430 174 1
174 173 1
174 238 1
238 206 1
206 205 1
206 462 1
462 334 1
334 333 1
334 366 1
366 358 1
358 360 1
360 359 1
359 375 1
375 343 1
343 351 1
351 335 1
335 367 1
367 359 1
367 363 1
363 361 1
361 489 1
489 233 1
233 249 1
249 121 1
121 377 1
377 313 1
313 441 1
441 185 1
185 249 1
249 217 1
217 473 1
473 345 1
345 377 1
377 361 1
361 365 1
365 493 1
493 237 1
237 233 1
233 235 1
235 491 1
491 363 1
363 379 1
379 123 1
123 121 1
121 125 1
125 381 1
381 317 1
317 313 1
313 315 1
315 443 1
443 187 1
187 185 1
185 189 1
189 445 1
445 317 1
317 319 1
319 315 1
315 379 1
379 347 1
347 345 1
345 349 1
349 477 1
477 221 1
221 217 1
217 219 1
219 475 1
475 347 1
347 351 1
351 349 1
349 381 1
381 365 1
365 367 1
367 495 1
495 239 1
239 235 1
235 251 1
251 123 1
123 127 1
127 125 1
125 253 1
253 189 1
189 191 1
191 187 1
187 251 1
251 219 1
219 223 1
223 221 1
221 253 1
253 237 1
237 239 1
239 255 1
255 127 1
127 383 1
383 319 1
319 447 1
447 191 1
191 255 1
255 223 1
223 479 1
479 351 1
351 383 1
383 367 1
367 368 1
368 112 1
112 110 1
110 126 1
126 118 1
118 120 1
120 119 1
120 376 1
376 312 1
312 296 1
296 304 1
304 300 1
300 316 1
316 308 1
308 312 1
312 310 1
310 318 1
318 302 1
302 304 1
304 303 1
304 432 1
432 176 1
176 168 1
168 184 1
184 180 1
180 188 1
188 172 1
172 176 1
176 174 1
174 190 1
190 182 1
182 184 1
184 183 1
184 440 1
440 312 1
312 311 1
312 320 1
320 304 1
304 368 1
368 336 1
336 328 1
328 344 1
344 340 1
340 348 1
348 332 1
332 336 1
336 334 1
334 350 1
350 342 1
342 344 1
344 343 1
344 472 1
472 216 1
216 200 1
216 212 1
212 220 1
220 204 1
204 208 1
208 206 1
206 222 1
222 214 1
214 216 1
216 215 1
216 248 1
248 120 1
120 128 1
128 124 1
124 122 1
122 121 1
122 378 1
378 314 1
314 313 1
314 442 1
442 186 1
186 185 1
186 250 1
250 122 1
122 126 1
126 125 1
126 382 1
382 318 1
318 314 1
314 316 1
316 315 1
316 444 1
444 188 1
188 186 1
186 190 1
190 189 1
190 446 1
446 318 1
318 317 1
318 320 1
320 316 1
316 380 1
380 124 1
124 123 1
124 252 1
252 188 1
188 187 1
188 192 1
192 176 1
176 175 1
176 240 1
240 112 1
240 208 1
208 464 1
464 336 1
336 335 1
336 352 1
352 344 1
344 376 1
376 360 1
360 488 1
488 232 1
232 231 1
232 248 1
248 184 1
184 192 1
192 190 1
190 254 1
254 126 1
126 128 1
128 127 1
128 384 1
384 320 1
320 319 1
320 448 1
448 192 1
192 191 1
192 256 1
256 128 1
256 224 1
224 208 1
224 216 1
224 220 1
220 218 1
218 217 1
218 474 1
474 346 1
346 345 1
346 378 1
378 362 1
362 361 1
362 490 1
490 234 1
234 233 1
234 250 1
250 218 1
218 222 1
222 221 1
222 478 1
478 350 1
350 346 1
346 348 1
348 347 1
348 476 1
476 220 1
220 219 1
220 252 1
252 236 1
236 234 1
234 238 1
238 237 1
238 494 1
494 366 1
366 362 1
362 364 1
364 363 1
364 492 1
492 236 1
236 235 1
236 240 1
240 232 1
240 238 1
238 254 1
254 222 1
222 224 1
224 223 1
224 480 1
480 352 1
352 348 1
348 380 1
380 364 1
364 368 1
368 360 1
368 366 1
366 365 1
366 382 1
382 350 1
350 349 1
350 352 1
352 351 1
352 384 1
384 368 1
368 496 1
496 240 1
240 239 1
240 256 1
256 248 1
248 244 1
244 242 1
242 241 1
241 497 1
497 369 1
369 377 1
377 505 1
505 249 1
249 241 1
241 245 1
245 501 1
501 373 1
373 369 1
369 371 1
371 499 1
499 243 1
243 241 1
243 251 1
251 249 1
249 253 1
253 245 1
245 247 1
247 243 1
243 244 1
244 500 1
500 372 1
372 370 1
370 369 1
370 498 1
498 242 1
242 250 1
250 249 1
250 506 1
506 378 1
378 370 1
370 374 1
374 373 1
373 381 1
381 377 1
377 379 1
379 371 1
371 375 1
375 373 1
375 503 1
503 247 1
247 255 1
255 251 1
251 507 1
507 379 1
379 383 1
383 375 1
375 376 1
376 372 1
372 371 1
372 380 1
380 378 1
378 377 1
378 382 1
382 374 1
374 502 1
502 246 1
246 242 1
246 245 1
246 254 1
254 250 1
250 252 1
252 244 1
252 251 1
252 508 1
508 380 1
380 379 1
380 384 1
384 376 1
376 374 1
376 504 1
504 248 1
248 246 1
248 247 1
504 440 1
440 408 1
408 392 1
392 388 1
388 386 1
386 385 1
385 449 1
449 481 1
481 417 1
417 385 1
385 401 1
401 465 1
465 449 1
449 457 1
457 393 1
393 385 1
385 389 1
389 453 1
453 449 1
449 451 1
451 387 1
387 385 1
387 419 1
419 417 1
417 433 1
433 401 1
401 409 1
409 393 1
393 425 1
425 417 1
417 421 1
421 389 1
389 405 1
405 401 1
401 403 1
403 387 1
387 395 1
395 393 1
393 397 1
397 389 1
389 391 1
391 387 1
387 388 1
388 452 1
452 450 1
450 386 1
386 418 1
418 417 1
418 482 1
482 450 1
450 449 1
450 466 1
466 402 1
402 386 1
386 394 1
394 393 1
394 458 1
458 450 1
450 454 1
454 390 1
390 386 1
390 389 1
390 422 1
422 418 1
418 434 1
434 402 1
402 401 1
402 410 1
410 394 1
394 426 1
426 418 1
418 420 1
420 388 1
388 404 1
404 402 1
402 406 1
406 390 1
390 398 1
398 394 1
394 396 1
396 388 1
396 395 1
395 459 1
459 451 1
451 483 1
483 419 1
419 435 1
435 403 1
403 467 1
467 451 1
451 455 1
455 391 1
391 423 1
423 419 1
419 427 1
427 395 1
395 411 1
411 403 1
403 407 1
407 391 1
391 399 1
399 395 1
399 397 1
397 461 1
461 453 1
453 485 1
485 421 1
421 437 1
437 405 1
405 469 1
469 453 1
453 455 1
455 487 1
487 423 1
423 421 1
421 429 1
429 397 1
397 413 1
413 405 1
405 407 1
407 471 1
471 455 1
455 463 1
463 399 1
399 431 1
431 423 1
423 439 1
439 407 1
407 415 1
415 399 1
399 400 1
400 392 1
392 390 1
392 391 1
392 456 1
456 452 1
452 451 1
452 484 1
484 420 1
420 419 1
420 436 1
436 404 1
404 403 1
404 468 1
468 452 1
452 460 1
460 396 1
396 428 1
428 420 1
420 424 1
424 392 1
424 422 1
422 421 1
422 486 1
486 454 1
454 453 1
454 470 1
470 406 1
406 405 1
406 438 1
438 422 1
422 430 1
430 398 1
398 397 1
398 462 1
462 454 1
454 456 1
456 455 1
456 488 1
488 424 1
424 423 1
424 440 1
440 436 1
436 434 1
434 433 1
433 497 1
497 465 1
465 473 1
473 409 1
409 441 1
441 425 1
425 489 1
489 457 1
457 473 1
473 505 1
505 441 1
441 433 1
433 437 1
437 501 1
501 469 1
469 465 1
465 467 1
467 499 1
499 435 1
435 433 1
435 443 1
443 411 1
411 409 1
409 413 1
413 477 1
477 461 1
461 457 1
457 459 1
459 491 1
491 427 1
427 425 1
425 429 1
429 493 1
493 461 1
461 463 1
463 459 1
459 475 1
475 411 1
411 415 1
415 413 1
413 445 1
445 429 1
429 431 1
431 427 1
427 443 1
443 441 1
441 445 1
445 437 1
437 439 1
439 435 1
435 436 1
436 500 1
500 468 1
468 466 1
466 465 1
466 498 1
498 434 1
434 442 1
442 410 1
410 409 1
410 474 1
474 458 1
458 457 1
458 490 1
490 426 1
426 425 1
426 442 1
442 441 1
442 506 1
506 474 1
474 466 1
466 470 1
470 469 1
469 477 1
477 473 1
473 475 1
475 467 1
467 471 1
471 469 1
471 503 1
503 439 1
439 447 1
447 415 1
415 479 1
479 463 1
463 495 1
495 431 1
431 447 1
447 443 1
443 507 1
507 475 1
475 479 1
479 471 1
471 472 1
472 408 1
408 404 1
404 412 1
412 396 1
396 400 1
400 398 1
398 414 1
414 406 1
406 408 1
408 407 1
408 416 1
416 400 1
400 464 1
464 456 1
456 472 1
472 468 1
468 467 1
468 476 1
476 412 1
412 410 1
410 414 1
414 413 1
414 478 1
478 462 1
462 458 1
458 460 1
460 459 1
460 492 1
492 428 1
428 426 1
426 430 1
430 429 1
430 494 1
494 462 1
462 461 1
462 464 1
464 460 1
460 476 1
476 474 1
474 473 1
474 478 1
478 470 1
470 502 1
502 438 1
438 434 1
438 437 1
438 446 1
446 414 1
414 416 1
416 412 1
412 411 1
412 444 1
444 428 1
428 427 1
428 432 1
432 400 1
432 424 1
432 430 1
430 446 1
446 442 1
442 444 1
444 436 1
444 443 1
444 508 1
508 476 1
476 475 1
476 480 1
480 416 1
416 415 1
416 448 1
448 432 1
432 431 1
432 496 1
496 464 1
464 463 1
464 480 1
480 472 1
472 470 1
472 504 1
504 488 1
488 484 1
484 482 1
482 481 1
481 497 1
497 505 1
505 489 1
489 481 1
481 485 1
485 501 1
501 497 1
497 499 1
499 483 1
483 481 1
483 491 1
491 489 1
489 493 1
493 485 1
485 487 1
487 483 1
483 484 1
484 500 1
500 498 1
498 482 1
482 490 1
490 489 1
490 506 1
506 498 1
498 497 1
498 502 1
502 486 1
486 482 1
486 485 1
486 494 1
494 490 1
490 492 1
492 484 1
492 491 1
491 507 1
507 499 1
499 503 1
503 487 1
487 495 1
495 491 1
495 493 1
493 509 1
509 253 1
253 255 1
255 511 1
511 383 1
383 381 1
381 509 1
509 445 1
445 447 1
447 511 1
511 479 1
479 477 1
477 509 1
509 501 1
501 503 1
503 511 1
511 495 1
495 496 1
496 488 1
488 486 1
488 487 1
496 492 1
492 508 1
508 500 1
500 499 1
500 504 1
504 502 1
502 501 1
502 510 1
510 254 1
254 253 1
254 256 1
256 252 1
256 255 1
256 512 1
512 384 1
384 382 1
382 381 1
382 510 1
510 446 1
446 445 1
446 448 1
448 440 1
440 438 1
440 439 1
448 444 1
448 447 1
448 512 1
512 480 1
480 478 1
478 477 1
478 510 1
510 494 1
494 493 1
494 496 1
496 512 1
512 504 1
504 503 1
512 508 1
508 506 1
506 505 1
505 509 1
509 511 1
511 507 1
507 505 1
507 508 1
511 512 1
512 510 1
510 506 1
510 509 1
480 479 1
384 383 1

REQUESTS

BLOCKAGES
175 171
464 480
183 151
457 473
228 227
24 20
435 443
70 102
37 165
304 303
479 477
369 305
411 283
304 432
445 429
82 84
175 47
314 313
31 159
252 188
73 65
479 471
337 273
16 144
232 230
210 218
49 113
503 511
393 137
276 260
158 222
318 317
461 333
130 134
26 25
421 429
25 17
6 14
207 239
64 56
467 471
333 335
303 367
313 315
429 493
10 9
142 144
276 274
250 249
496 492
45 301
444 428
442 441
7 71
51 19
268 267
80 78
357 485
430 446
486 358
335 463
43 35
231 167
258 257
113 115
368 112
132 196
289 291
56 52
316 308
260 268
475 467
302 46
194 130
124 123
506 505
413 445
300 428
157 149
82 81
249 121
483 419
94 93
418 417
42 170
157 29
424 440
237 109
17 21
151 159
183 167
455 391
39 37
138 10
139 11
262 390
202 74
273 281
118 102
388 452
470 502
296 294
32 30
104 100
196 452
114 118
42 34
186 250
432 424
375 503
278 277
76 80
300 316
471 469
132 148
297 361
88 344
421 389
389 391
96 95
481 497
50 49
93 89
150 214
321 323
160 32
79 75
511 507
424 423
483 481
454 470
477 473
82 18
128 112
76 74
224 208
1 5
475 479
332 331
328 360
402 401
492 428
97 113
164 163
377 313
447 511
285 281
149 21
51 52
191 159
187 59
467 499
504 440
321 329
115 51
129 137
253 255
512 510
443 507
91 95
426 418
116 114
206 202
90 94
322 321
272 400
8 24
456 455
419 427
59 43
248 244
19 27
147 211
411 403
344 280
24 32
435 433
325 357
271 287
221 217
397 461
67 75
180 148
89 91
229 197
101 117
164 228
380 124
354 370
114 242
126 118
34 290
152 184
2 66
178 146
505 489
45 61
173 237
32 28
247 215
12 44
254 250
240 256
408 404
205 197
399 431
27 155
195 227
336 335
147 145
269 265
134 150
120 88
47 45
145 129
507 379
430 429
332 460
63 191
104 40
211 83
366 365
222 221
456 488
5 13
51 179
164 162
45 13
72 104
447 443
214 246
182 184
396 268
160 159
126 382
61 29
278 274
27 25
401 409
298 42
482 450
158 157
154 26
54 310
198 70
146 150
460 476
263 295
395 393
494 462
25 89
2 34
488 487
290 258
28 284
328 344
119 103
214 86
193 449
471 503
69 5
177 433
235 491
295 303
440 438
460 459
310 278
243 251
494 493
274 282
470 469
220 92
447 415
280 279
286 278
318 302
414 416
349 285
446 414
236 235
222 214
420 388
372 380
263 271
171 172
367 363
105 233
488 232
459 475
188 186
422 418
109 45
273 257
349 333
107 105
485 229
83 87
37 45
210 209
126 94
268 12
20 19
240 208
371 339
157 189
323 451
3 1
437 501
41 169
126 128
308 276
468 466
151 23
466 210
314 282
227 163
47 111
38 46
238 237
367 368
427 443
304 48
383 319
466 402
496 240
356 484
124 116
259 387
450 454
279 311
204 203
381 365
96 80
406 438
33 97
304 300
128 124
274 402
478 462
97 353
458 460
180 188
316 60
58 314
400 392
150 149
62 318
420 424
138 154
432 430
180 179
9 11
420 164
135 131
65 69
344 343
404 402
348 347
222 224
413 157
43 47
409 441
333 77
238 110
474 466
204 208
76 12
68 4
439 435
367 495
419 417
265 267
18 22
501 497
16 48
114 113
108 107
205 77
466 470
277 261
270 286
446 445
281 265
125 117
462 454
259 263
119 55
293 37
450 386
14 13
192 256
311 309
212 468
225 241
299 363
499 503
18 17
48 40
141 397
441 185
316 444
358 357
198 194
81 17
131 139
388 132
504 502
310 374
331 459
374 342
351 349
472 470
286 288
212 220
105 41
245 213
452 451
423 295
267 395
426 442
260 4
272 304
343 339
156 220
202 201
498 502
330 329
131 195
433 305
379 383
259 275
490 234
109 101
370 306
121 105
65 321
481 485
254 126
244 242
334 326
338 274
277 341
26 282
168 136
128 384
120 104
321 353
134 133
363 107
52 20
81 89
192 160
220 219
415 479
95 87
207 203
489 457
179 147
166 165
370 374
110 106
239 235
238 206
214 216
228 100
386 394
218 222
438 446
8 264
378 377
132 130
364 368
411 415
485 421
308 312
492 236
102 110
502 438
143 141
506 498
197 199
436 434
159 223
251 123
184 180
500 499
378 382
339 340
496 512
423 419
345 281
280 288
474 478
336 272
319 303
296 424
422 421
279 263
92 76
53 181
131 163
80 336
257 259
127 383
257 265
218 217
409 413
236 234
499 243
482 481
66 70
414 478
422 294
480 472
285 287
10 12
134 6
449 457
73 75
359 355
449 321
341 325
117 373
35 39
471 343
27 28
124 60
495 493
192 176
60 188
357 359
206 222
122 126
446 448
269 261
258 386
4 20
370 498
184 183
504 488
428 427
454 390
156 160
335 367
4 132
245 247
445 447
21 5
58 60
474 346
387 388
221 253
105 97
31 15
286 285
114 50
78 334
346 90
41 45
172 164
211 195
432 431
406 408
207 143
136 200
367 359
96 352
389 405
214 213
308 307
396 400
298 362
143 175
54 53
50 58
265 297
292 291
125 253
493 461
342 470
463 207
502 486
136 8
375 311
409 153
473 505
46 48
106 42
468 340
427 395
398 414
30 26
150 182
48 176
440 312
227 483
395 411
421 293
349 381
118 54
98 114
55 23
147 131
293 309
499 483
227 225
270 398
71 103
80 112
400 398
457 459
424 392
480 479
290 418
448 192
270 269
342 341
240 239
426 170
111 112
1 17
175 191
291 259
512 384
388 386
306 314
174 238
393 425
433 497
442 186
356 355
190 62
122 114
388 404
25 281
421 437
176 168
401 145
413 405
470 406
344 376
192 191
473 475
459 491
489 233
118 117
382 350
32 16
26 90
327 263
331 267
69 71
337 341
300 292
416 160
53 21
182 54
396 388
354 322
137 9
497 465
302 301
284 283
273 401
102 38
356 292
315 379
27 59
121 377
376 312
282 410
123 127
198 197
32 31
348 476
55 63
287 319
27 11
136 134
418 482
77 69
200 198
374 373
387 131
503 487
15 7
365 357
319 447
43 171
491 489
201 233
62 126
189 445
448 447
168 167
99 100
351 383
310 306
226 98
39 55
30 29
170 138
456 452
387 419
96 92
51 59
201 205
410 474
59 315
234 226
89 121
8 6
168 184
99 107
157 221
84 92
15 143
32 96
291 355
103 111
165 421
151 215
74 106
173 189
265 9
158 142
231 199
427 299
116 120
442 444
408 152
97 65
209 217
498 482
36 4
457 201
169 137
12 11
11 267
41 57
18 26
211 215
217 219
162 170
460 492
358 374
467 211
239 231
272 270
451 483
312 296
103 39
293 289
330 334
233 225
336 352
232 104
506 378
155 153
450 194
430 398
237 233
78 110
225 193
468 467
463 399
455 463
435 403
196 194
251 249
221 93
185 189
70 6
127 111
320 448
234 250
25 29
258 260
219 475
20 84
301 303
44 60
490 426
61 53
42 44
350 346
223 221
511 383
109 365
67 323
377 379
52 50
406 405
418 434
316 380
206 205
140 396
303 299
383 381
94 30
255 511
248 120
282 346
57 185
272 16
252 508
90 89
201 73
84 83
439 311
228 232
20 276
217 201
162 166
211 243
476 480
505 441
285 413
234 106
115 99
164 132
464 456
278 262
122 121
196 212
220 252
319 63
160 152
21 277
185 177
256 248
350 342
415 413
295 39
345 349
469 453
402 406
190 446
340 348
154 153
443 411
462 458
176 175
364 363
24 280
240 232
62 58
144 160
19 83
201 193
372 308
333 329
505 509
96 128
380 379
62 46
487 423
482 490
98 354
397 413
338 466
291 419
244 212
247 243
452 450
497 505
312 320
504 503
218 474
200 72
487 495
194 193
116 372
438 437
90 122
156 148
101 357
54 62
365 367
7 23
28 92
101 37
23 19
86 82
488 424
460 204
490 492
347 331
220 218
393 397
354 353
423 439
22 24
495 496
166 182
410 394
378 314
408 392
451 195
232 248
417 161
30 62
359 487
329 331
184 56
1 257
288 320
229 237
370 338
274 273
501 503
6 2
71 79
4 3
361 105
349 477
13 77
163 179
400 464
3 67
407 391
99 227
375 376
394 138
102 101
204 236
467 451
84 68
298 300
60 28
179 183
489 481
401 465
56 54
23 279
368 360
237 239
313 441
293 301
243 241
451 387
223 479
308 292
282 286
366 362
462 461
122 58
186 190
459 451
416 412
12 16
484 420
83 115
70 69
320 64
366 302
336 328
382 510
145 209
102 98
315 307
288 272
240 238
101 103
123 121
34 98
324 323
472 504
378 362
39 167
336 334
334 333
146 210
213 469
313 297
500 372
477 461
475 411
235 251
278 280
53 309
49 53
262 264
58 26
149 151
463 459
484 228
141 157
273 275
277 273
145 177
236 108
140 156
81 337
106 108
179 177
383 375
47 39
92 90
239 255
456 328
139 137
29 21
280 264
321 257
87 343
324 356
485 501
241 209
427 425
73 329
239 175
339 275
163 161
271 15
300 299
103 99
307 51
65 81
148 212
123 115
6 262
380 384
255 223
181 165
177 241
357 353
453 485
309 437
489 493
66 65
4 2
252 244
262 258
177 181
87 71
119 127
254 222
431 427
76 75
311 295
86 118
386 385
242 241
458 450
494 490
405 407
326 342
5 133
199 71
203 75
376 374
480 416
494 366
289 297
486 454
362 354
477 221
16 8
63 47
382 374
330 266
283 27
151 147
209 211
112 108
155 411
484 482
396 428
422 486
264 392
156 154
450 449
246 242
129 1
480 478
259 3
392 136
13 29
13 9
340 276
348 380
180 244
38 34
419 163
61 125
441 425
297 41
476 474
252 236
124 122
433 437
89 73
505 249
176 144
271 267
46 14
292 36
284 316
12 140
11 15
231 229
404 468
170 169
362 361
72 328
165 133
509 445
104 360
416 400
498 434
92 348
97 101
130 129
342 344
66 194
264 263
484 500
236 228
68 66
44 43
190 254
224 216
167 135
384 368
51 49
397 389
85 93
403 147
399 397
217 473
250 506
173 141
133 197
38 54
344 472
5 37
461 453
282 281
132 136
438 434
251 507
150 22
34 33
431 423
311 319
18 146
149 405
8 72
473 345
390 422
121 125
447 191
111 107
98 97
130 2
243 179
369 353
306 434
245 501
366 382
331 323
162 226
83 67
409 393
152 150
171 187
379 371
148 20
241 113
327 325
369 371
235 227
200 456
212 84
79 95
387 385
395 139
256 128
75 107
159 143
440 436
263 7
230 238
144 140
9 25
347 351
362 364
250 252
404 403
7 5
396 395
307 291
392 391
138 137
198 230
187 185
33 41
71 327
1 2
233 169
146 154
60 59
270 302
408 416
340 338
22 21
351 287
210 194
432 400
491 507
442 506
78 77
394 396
415 159
120 128
52 180
249 253
365 493
58 57
122 378
276 404
88 87
431 175
56 55
324 332
22 86
490 489
410 414
432 496
223 95
85 81
327 359
308 436
228 244
438 422
86 88
237 205
30 22
148 147
137 153
310 309
320 304
174 166
18 2
465 467
33 1
161 33
29 31
360 359
502 501
307 371
501 469
486 482
168 166
512 508
152 151
195 193
329 345
213 85
406 278
313 57
166 230
127 125
117 53
181 245
368 336
200 199
440 408
466 465
380 364
72 68
493 509
372 356
288 287
445 317
15 13
257 385
510 506
428 432
386 418
111 79
234 233
327 343
430 494
242 178
112 48
154 218
162 161
102 358
199 207
238 494
22 6
285 269
202 234
269 333
204 76
112 110
95 127
167 423
116 115
444 436
107 235
205 461
135 133
169 161
444 443
365 301
312 280
108 364
408 407
133 129
302 304
382 318
312 311
340 372
36 40
391 135
299 291
10 74
88 72
398 462
183 247
435 436
329 457
254 256
250 218
339 347
127 63
207 208
393 385
492 484
498 497
161 165
509 511
56 24
407 415
74 330
322 338
11 3
144 136
436 180
212 210
113 81
266 258
3 7
294 290
316 315
356 354
290 306
449 481
40 8
297 425
364 300
241 497
266 265
33 35
353 355
67 65
163 171
119 375
483 355
457 393
279 407
486 494
86 85
323 339
469 465
492 508
428 172
40 56
511 512
30 158
78 70
149 213
17 145
330 362
399 271
226 225
500 504
464 460
347 91

TERMINALS
1
4
6
7
10
11
13
16
18
19
21
24
25
28
30
31
34
35
37
40
41
44
46
47
49
52
54
55
58
59
61
64
66
67
69
72
73
76
78
79
81
84
86
87
90
91
93
96
97
100
102
103
106
107
109
112
114
115
117
120
121
124
126
127
130
131
133
136
137
140
142
143
145
148
150
151
154
155
157
160
161
164
166
167
170
171
173
176
178
179
181
184
185
188
190
191
193
196
198
199
202
203
205
208
210
211
213
216
217
220
222
223
226
227
229
232
233
236
238
239
241
244
246
247
250
251
253
256
258
259
261
264
265
268
270
271
273
276
278
279
282
283
285
288
289
292
294
295
298
299
301
304
306
307
309
312
313
316
318
319
321
324
326
327
330
331
333
336
338
339
341
344
345
348
350
351
354
355
357
360
361
364
366
367
369
372
374
375
378
379
381
384
385
388
390
391
394
395
397
400
402
403
405
408
409
412
414
415
418
419
421
424
425
428
430
431
433
436
438
439
442
443
445
448
450
451
453
456
457
460
462
463
465
468
470
471
474
475
477
480
481
484
486
487
490
491
493
496
498
499
501
504
505
508
510
511

END
