INSTANCE_NAME b07.dat
NB_VERTICES 75
NB_ARCS 120
NB_REQUESTS 0
NB_BLOCKAGES 36
NB_TERMINALS 13

VERTICES
1 0 0
2 0 0
3 0 0
4 0 0
5 0 0
6 0 0
7 0 0
8 0 0
9 0 0
10 0 0
11 0 0
12 0 0
13 0 0
14 0 0
15 0 0
16 0 0
17 0 0
18 0 0
19 0 0
20 0 0
21 0 0
22 0 0
23 0 0
24 0 0
25 0 0
26 0 0
27 0 0
28 0 0
29 0 0
30 0 0
31 0 0
32 0 0
33 0 0
34 0 0
35 0 0
36 0 0
37 0 0
38 0 0
39 0 0
40 0 0
41 0 0
42 0 0
43 0 0
44 0 0
45 0 0
46 0 0
47 0 0
48 0 0
49 0 0
50 0 0
51 0 0
52 0 0
53 0 0
54 0 0
55 0 0
56 0 0
57 0 0
58 0 0
59 0 0
60 0 0
61 0 0
62 0 0
63 0 0
64 0 0
65 0 0
66 0 0
67 0 0
68 0 0
69 0 0
70 0 0
71 0 0
72 0 0
73 0 0
74 0 0
75 0 0

ARCS
14 48 2
48 28 7
28 6 6
6 69 8
69 7 1
7 17 6
17 42 10
42 12 2
12 21 8
21 29 4
29 30 1
30 41 8
41 1 9
1 45 6
45 18 2
18 74 7
74 32 9
32 34 3
34 22 5
22 48 7
32 61 9
61 60 1
60 38 10
38 7 6
7 19 9
19 64 7
64 4 6
4 43 8
43 51 9
51 8 4
8 25 10
25 19 7
8 39 1
39 2 6
2 15 3
15 20 1
20 56 6
56 42 10
42 30 2
30 62 2
62 69 6
69 32 4
30 10 8
10 44 1
44 26 3
26 72 6
72 9 1
9 70 4
70 13 8
13 28 7
28 63 9
63 24 10
24 6 4
6 50 1
50 73 1
73 26 4
50 65 1
65 38 2
38 54 8
54 43 5
43 55 6
55 64 6
55 42 4
42 53 3
53 16 10
16 52 9
52 46 2
46 44 2
44 28 9
44 36 4
36 27 10
27 3 10
3 40 10
40 27 3
27 47 5
47 38 5
47 41 10
41 21 7
41 23 7
23 9 5
9 31 8
31 60 5
60 18 5
60 35 8
35 8 9
35 68 6
68 44 2
44 43 8
43 71 2
71 70 4
71 57 3
57 44 2
44 65 4
65 16 3
65 33 2
33 7 10
65 42 6
42 74 1
74 37 4
37 61 9
74 58 1
58 57 9
57 15 8
15 51 7
51 75 9
75 56 2
58 5 10
5 66 9
66 54 6
5 14 1
5 49 7
49 46 10
65 59 1
59 11 9
11 1 4
59 60 9
60 67 10
67 20 3
67 39 6
63 2 6

REQUESTS

BLOCKAGES
42 30
38 7
35 8
60 38
60 67
20 56
74 58
18 74
44 26
47 38
69 7
71 70
7 19
46 44
30 41
55 64
8 39
54 43
57 44
42 74
41 1
48 28
44 43
15 51
2 15
50 65
43 51
44 65
41 21
65 42
69 32
32 61
28 63
28 6
65 59
65 16

TERMINALS
14
23
24
26
29
36
51
52
55
59
60
63
70

R
1 2 4
1 3 2
1 4 3
1 5 4
1 6 2
1 7 1
1 8 1
1 9 1
1 10 1
1 11 1
1 12 2
1 13 5
1 14 3
1 15 5
1 16 2
1 17 5
1 18 1
1 19 3
1 20 4
1 21 2
1 22 4
1 23 5
1 24 2
1 25 3
1 26 3
1 27 2
1 28 5
1 29 2
1 30 5
1 31 1
1 32 3
1 33 4
1 34 5
1 35 2
1 36 2
1 37 3
1 38 2
1 39 4
1 40 3
1 41 4
1 42 5
1 43 1
1 44 4
1 45 4
1 46 5
1 47 2
1 48 3
1 49 3
1 50 4
1 51 4
1 52 1
1 53 3
1 54 3
1 55 2
1 56 5
1 57 2
1 58 3
1 59 1
1 60 5
1 61 5
1 62 4
1 63 3
1 64 3
1 65 5
1 66 4
1 67 1
1 68 4
1 69 3
1 70 4
1 71 2
1 72 1
1 73 5
1 74 4
1 75 1
2 1 4
2 3 4
2 4 3
2 5 3
2 6 3
2 7 3
2 8 1
2 9 3
2 10 2
2 11 5
2 12 1
2 13 4
2 14 4
2 15 1
2 16 1
2 17 5
2 18 5
2 19 1
2 20 2
2 21 4
2 22 5
2 23 3
2 24 4
2 25 4
2 26 2
2 27 4
2 28 2
2 29 2
2 30 4
2 31 5
2 32 5
2 33 4
2 34 5
2 35 4
2 36 3
2 37 4
2 38 1
2 39 1
2 40 1
2 41 5
2 42 5
2 43 4
2 44 3
2 45 5
2 46 4
2 47 3
2 48 5
2 49 5
2 50 1
2 51 3
2 52 3
2 53 5
2 54 5
2 55 1
2 56 5
2 57 1
2 58 1
2 59 1
2 60 5
2 61 4
2 62 3
2 63 1
2 64 4
2 65 4
2 66 4
2 67 2
2 68 3
2 69 1
2 70 2
2 71 5
2 72 5
2 73 3
2 74 3
2 75 4
3 1 5
3 2 3
3 4 4
3 5 4
3 6 2
3 7 4
3 8 1
3 9 4
3 10 3
3 11 3
3 12 1
3 13 3
3 14 5
3 15 2
3 16 5
3 17 1
3 18 2
3 19 2
3 20 1
3 21 1
3 22 3
3 23 4
3 24 4
3 25 5
3 26 5
3 27 5
3 28 4
3 29 1
3 30 4
3 31 4
3 32 5
3 33 3
3 34 1
3 35 3
3 36 3
3 37 3
3 38 1
3 39 1
3 40 1
3 41 5
3 42 3
3 43 4
3 44 4
3 45 4
3 46 5
3 47 4
3 48 2
3 49 1
3 50 2
3 51 2
3 52 3
3 53 4
3 54 3
3 55 1
3 56 3
3 57 4
3 58 2
3 59 4
3 60 4
3 61 1
3 62 4
3 63 5
3 64 5
3 65 4
3 66 4
3 67 3
3 68 3
3 69 1
3 70 3
3 71 1
3 72 1
3 73 2
3 74 4
3 75 4
4 1 2
4 2 5
4 3 4
4 5 3
4 6 2
4 7 1
4 8 5
4 9 5
4 10 4
4 11 4
4 12 2
4 13 4
4 14 2
4 15 1
4 16 4
4 17 2
4 18 3
4 19 2
4 20 4
4 21 2
4 22 2
4 23 2
4 24 1
4 25 5
4 26 3
4 27 3
4 28 5
4 29 3
4 30 1
4 31 5
4 32 3
4 33 3
4 34 4
4 35 2
4 36 5
4 37 2
4 38 2
4 39 1
4 40 1
4 41 2
4 42 1
4 43 5
4 44 5
4 45 4
4 46 5
4 47 5
4 48 1
4 49 2
4 50 1
4 51 1
4 52 5
4 53 3
4 54 2
4 55 1
4 56 2
4 57 4
4 58 5
4 59 3
4 60 3
4 61 1
4 62 4
4 63 3
4 64 5
4 65 2
4 66 4
4 67 1
4 68 3
4 69 2
4 70 4
4 71 1
4 72 5
4 73 4
4 74 2
4 75 2
5 1 3
5 2 1
5 3 1
5 4 5
5 6 4
5 7 2
5 8 5
5 9 3
5 10 1
5 11 3
5 12 5
5 13 4
5 14 4
5 15 5
5 16 3
5 17 1
5 18 2
5 19 1
5 20 5
5 21 3
5 22 2
5 23 3
5 24 3
5 25 1
5 26 1
5 27 1
5 28 3
5 29 3
5 30 2
5 31 4
5 32 4
5 33 1
5 34 1
5 35 1
5 36 5
5 37 1
5 38 4
5 39 1
5 40 4
5 41 4
5 42 3
5 43 5
5 44 2
5 45 1
5 46 4
5 47 1
5 48 4
5 49 2
5 50 1
5 51 3
5 52 4
5 53 4
5 54 3
5 55 4
5 56 5
5 57 5
5 58 1
5 59 4
5 60 2
5 61 2
5 62 3
5 63 2
5 64 2
5 65 5
5 66 3
5 67 3
5 68 1
5 69 1
5 70 5
5 71 1
5 72 2
5 73 3
5 74 5
5 75 5
6 1 5
6 2 1
6 3 1
6 4 3
6 5 2
6 7 1
6 8 3
6 9 3
6 10 5
6 11 2
6 12 1
6 13 1
6 14 1
6 15 1
6 16 4
6 17 5
6 18 5
6 19 3
6 20 1
6 21 1
6 22 5
6 23 5
6 24 1
6 25 5
6 26 1
6 27 5
6 28 2
6 29 2
6 30 4
6 31 1
6 32 3
6 33 4
6 34 3
6 35 3
6 36 3
6 37 2
6 38 4
6 39 2
6 40 4
6 41 5
6 42 3
6 43 4
6 44 5
6 45 1
6 46 1
6 47 5
6 48 5
6 49 5
6 50 5
6 51 2
6 52 3
6 53 4
6 54 2
6 55 3
6 56 5
6 57 4
6 58 4
6 59 1
6 60 2
6 61 5
6 62 3
6 63 4
6 64 5
6 65 1
6 66 2
6 67 2
6 68 2
6 69 2
6 70 1
6 71 2
6 72 1
6 73 5
6 74 5
6 75 2
7 1 5
7 2 5
7 3 3
7 4 1
7 5 5
7 6 2
7 8 3
7 9 2
7 10 2
7 11 4
7 12 1
7 13 1
7 14 4
7 15 1
7 16 3
7 17 5
7 18 5
7 19 1
7 20 3
7 21 4
7 22 3
7 23 1
7 24 3
7 25 1
7 26 2
7 27 3
7 28 2
7 29 4
7 30 2
7 31 1
7 32 2
7 33 4
7 34 2
7 35 2
7 36 4
7 37 3
7 38 3
7 39 1
7 40 1
7 41 2
7 42 1
7 43 1
7 44 2
7 45 4
7 46 2
7 47 2
7 48 5
7 49 1
7 50 2
7 51 3
7 52 5
7 53 4
7 54 5
7 55 4
7 56 4
7 57 2
7 58 1
7 59 2
7 60 2
7 61 4
7 62 2
7 63 1
7 64 2
7 65 5
7 66 2
7 67 1
7 68 3
7 69 1
7 70 1
7 71 3
7 72 2
7 73 4
7 74 1
7 75 1
8 1 2
8 2 4
8 3 2
8 4 2
8 5 1
8 6 5
8 7 1
8 9 2
8 10 5
8 11 5
8 12 5
8 13 5
8 14 3
8 15 5
8 16 1
8 17 2
8 18 4
8 19 4
8 20 2
8 21 2
8 22 3
8 23 3
8 24 2
8 25 2
8 26 5
8 27 5
8 28 2
8 29 2
8 30 3
8 31 2
8 32 4
8 33 1
8 34 2
8 35 5
8 36 4
8 37 2
8 38 1
8 39 1
8 40 4
8 41 5
8 42 3
8 43 3
8 44 4
8 45 2
8 46 5
8 47 4
8 48 3
8 49 5
8 50 2
8 51 1
8 52 1
8 53 1
8 54 5
8 55 5
8 56 3
8 57 5
8 58 4
8 59 4
8 60 3
8 61 3
8 62 2
8 63 1
8 64 5
8 65 3
8 66 2
8 67 1
8 68 1
8 69 2
8 70 1
8 71 4
8 72 1
8 73 3
8 74 2
8 75 4
9 1 5
9 2 1
9 3 4
9 4 4
9 5 2
9 6 2
9 7 5
9 8 2
9 10 2
9 11 4
9 12 1
9 13 4
9 14 5
9 15 1
9 16 4
9 17 2
9 18 3
9 19 2
9 20 2
9 21 5
9 22 4
9 23 3
9 24 5
9 25 5
9 26 4
9 27 5
9 28 5
9 29 1
9 30 5
9 31 3
9 32 1
9 33 1
9 34 5
9 35 4
9 36 4
9 37 1
9 38 5
9 39 5
9 40 3
9 41 2
9 42 4
9 43 5
9 44 2
9 45 3
9 46 1
9 47 3
9 48 2
9 49 3
9 50 4
9 51 3
9 52 4
9 53 5
9 54 3
9 55 3
9 56 1
9 57 1
9 58 5
9 59 5
9 60 2
9 61 4
9 62 3
9 63 2
9 64 4
9 65 2
9 66 3
9 67 4
9 68 5
9 69 2
9 70 4
9 71 2
9 72 5
9 73 4
9 74 1
9 75 4
10 1 3
10 2 1
10 3 1
10 4 4
10 5 1
10 6 4
10 7 2
10 8 4
10 9 3
10 11 4
10 12 4
10 13 3
10 14 1
10 15 3
10 16 5
10 17 4
10 18 1
10 19 2
10 20 3
10 21 1
10 22 5
10 23 5
10 24 1
10 25 4
10 26 3
10 27 4
10 28 2
10 29 5
10 30 4
10 31 5
10 32 3
10 33 2
10 34 2
10 35 3
10 36 5
10 37 2
10 38 3
10 39 3
10 40 3
10 41 1
10 42 1
10 43 1
10 44 5
10 45 4
10 46 3
10 47 4
10 48 2
10 49 5
10 50 2
10 51 1
10 52 2
10 53 2
10 54 2
10 55 2
10 56 2
10 57 5
10 58 3
10 59 1
10 60 1
10 61 1
10 62 5
10 63 3
10 64 2
10 65 1
10 66 2
10 67 2
10 68 5
10 69 4
10 70 1
10 71 2
10 72 1
10 73 4
10 74 4
10 75 3
11 1 2
11 2 3
11 3 1
11 4 5
11 5 4
11 6 3
11 7 1
11 8 5
11 9 1
11 10 2
11 12 1
11 13 4
11 14 3
11 15 3
11 16 4
11 17 3
11 18 1
11 19 3
11 20 2
11 21 2
11 22 1
11 23 3
11 24 5
11 25 5
11 26 4
11 27 1
11 28 3
11 29 4
11 30 4
11 31 1
11 32 3
11 33 2
11 34 5
11 35 4
11 36 1
11 37 3
11 38 3
11 39 3
11 40 2
11 41 5
11 42 2
11 43 4
11 44 5
11 45 4
11 46 4
11 47 4
11 48 4
11 49 4
11 50 3
11 51 5
11 52 2
11 53 5
11 54 5
11 55 2
11 56 4
11 57 3
11 58 4
11 59 3
11 60 3
11 61 4
11 62 5
11 63 1
11 64 5
11 65 4
11 66 1
11 67 2
11 68 1
11 69 5
11 70 5
11 71 4
11 72 1
11 73 3
11 74 5
11 75 5
12 1 3
12 2 3
12 3 5
12 4 1
12 5 3
12 6 5
12 7 3
12 8 1
12 9 4
12 10 4
12 11 2
12 13 5
12 14 3
12 15 2
12 16 2
12 17 2
12 18 5
12 19 2
12 20 4
12 21 4
12 22 5
12 23 4
12 24 3
12 25 3
12 26 5
12 27 2
12 28 1
12 29 5
12 30 1
12 31 2
12 32 5
12 33 3
12 34 1
12 35 4
12 36 1
12 37 3
12 38 3
12 39 3
12 40 4
12 41 4
12 42 3
12 43 2
12 44 3
12 45 5
12 46 4
12 47 4
12 48 1
12 49 5
12 50 5
12 51 5
12 52 4
12 53 2
12 54 5
12 55 1
12 56 4
12 57 2
12 58 4
12 59 1
12 60 1
12 61 4
12 62 3
12 63 5
12 64 3
12 65 3
12 66 1
12 67 3
12 68 3
12 69 5
12 70 2
12 71 3
12 72 3
12 73 4
12 74 1
12 75 5
13 1 3
13 2 1
13 3 1
13 4 1
13 5 1
13 6 5
13 7 2
13 8 1
13 9 1
13 10 3
13 11 1
13 12 1
13 14 4
13 15 1
13 16 2
13 17 5
13 18 1
13 19 1
13 20 1
13 21 3
13 22 5
13 23 3
13 24 3
13 25 2
13 26 3
13 27 4
13 28 1
13 29 2
13 30 3
13 31 2
13 32 4
13 33 2
13 34 2
13 35 4
13 36 4
13 37 4
13 38 3
13 39 5
13 40 4
13 41 1
13 42 3
13 43 1
13 44 1
13 45 1
13 46 1
13 47 4
13 48 2
13 49 3
13 50 4
13 51 5
13 52 3
13 53 4
13 54 2
13 55 5
13 56 2
13 57 1
13 58 3
13 59 3
13 60 3
13 61 2
13 62 1
13 63 1
13 64 4
13 65 4
13 66 4
13 67 2
13 68 3
13 69 3
13 70 4
13 71 3
13 72 3
13 73 1
13 74 4
13 75 1
14 1 3
14 2 1
14 3 4
14 4 5
14 5 4
14 6 5
14 7 4
14 8 1
14 9 3
14 10 2
14 11 5
14 12 4
14 13 3
14 15 4
14 16 3
14 17 2
14 18 1
14 19 5
14 20 2
14 21 1
14 22 4
14 23 2
14 24 2
14 25 3
14 26 1
14 27 5
14 28 5
14 29 1
14 30 2
14 31 5
14 32 1
14 33 5
14 34 1
14 35 1
14 36 1
14 37 1
14 38 5
14 39 1
14 40 1
14 41 4
14 42 2
14 43 2
14 44 3
14 45 1
14 46 2
14 47 2
14 48 2
14 49 2
14 50 2
14 51 5
14 52 2
14 53 2
14 54 3
14 55 1
14 56 4
14 57 4
14 58 2
14 59 5
14 60 4
14 61 4
14 62 5
14 63 1
14 64 5
14 65 5
14 66 1
14 67 5
14 68 2
14 69 3
14 70 2
14 71 2
14 72 1
14 73 5
14 74 5
14 75 5
15 1 1
15 2 1
15 3 4
15 4 2
15 5 5
15 6 5
15 7 4
15 8 1
15 9 3
15 10 1
15 11 1
15 12 1
15 13 4
15 14 5
15 16 2
15 17 4
15 18 3
15 19 1
15 20 4
15 21 2
15 22 2
15 23 2
15 24 3
15 25 3
15 26 1
15 27 4
15 28 1
15 29 1
15 30 5
15 31 2
15 32 3
15 33 5
15 34 5
15 35 1
15 36 4
15 37 4
15 38 2
15 39 2
15 40 4
15 41 4
15 42 2
15 43 2
15 44 1
15 45 3
15 46 1
15 47 2
15 48 1
15 49 5
15 50 5
15 51 2
15 52 3
15 53 3
15 54 3
15 55 5
15 56 3
15 57 5
15 58 5
15 59 5
15 60 2
15 61 4
15 62 2
15 63 4
15 64 1
15 65 3
15 66 1
15 67 4
15 68 1
15 69 2
15 70 5
15 71 1
15 72 2
15 73 1
15 74 4
15 75 2
16 1 3
16 2 4
16 3 4
16 4 1
16 5 5
16 6 5
16 7 2
16 8 2
16 9 2
16 10 1
16 11 3
16 12 4
16 13 5
16 14 2
16 15 1
16 17 1
16 18 3
16 19 4
16 20 2
16 21 3
16 22 1
16 23 4
16 24 3
16 25 1
16 26 1
16 27 2
16 28 1
16 29 2
16 30 4
16 31 5
16 32 4
16 33 4
16 34 5
16 35 4
16 36 4
16 37 5
16 38 3
16 39 2
16 40 1
16 41 1
16 42 2
16 43 4
16 44 2
16 45 1
16 46 2
16 47 2
16 48 3
16 49 1
16 50 5
16 51 1
16 52 5
16 53 5
16 54 5
16 55 2
16 56 2
16 57 2
16 58 5
16 59 4
16 60 3
16 61 4
16 62 3
16 63 3
16 64 4
16 65 5
16 66 3
16 67 2
16 68 1
16 69 2
16 70 3
16 71 1
16 72 3
16 73 1
16 74 1
16 75 1
17 1 3
17 2 5
17 3 2
17 4 2
17 5 2
17 6 3
17 7 3
17 8 2
17 9 4
17 10 4
17 11 5
17 12 2
17 13 5
17 14 5
17 15 5
17 16 4
17 18 5
17 19 5
17 20 4
17 21 3
17 22 4
17 23 1
17 24 1
17 25 4
17 26 3
17 27 5
17 28 1
17 29 2
17 30 5
17 31 4
17 32 4
17 33 2
17 34 5
17 35 2
17 36 5
17 37 1
17 38 4
17 39 2
17 40 4
17 41 4
17 42 5
17 43 4
17 44 5
17 45 1
17 46 5
17 47 1
17 48 5
17 49 4
17 50 5
17 51 3
17 52 1
17 53 5
17 54 5
17 55 3
17 56 3
17 57 4
17 58 2
17 59 1
17 60 5
17 61 3
17 62 1
17 63 3
17 64 1
17 65 5
17 66 1
17 67 5
17 68 2
17 69 4
17 70 2
17 71 3
17 72 4
17 73 3
17 74 1
17 75 5
18 1 4
18 2 2
18 3 1
18 4 5
18 5 5
18 6 5
18 7 2
18 8 2
18 9 5
18 10 1
18 11 4
18 12 4
18 13 5
18 14 2
18 15 1
18 16 1
18 17 4
18 19 3
18 20 1
18 21 4
18 22 4
18 23 1
18 24 5
18 25 1
18 26 2
18 27 1
18 28 3
18 29 5
18 30 1
18 31 5
18 32 2
18 33 1
18 34 1
18 35 2
18 36 5
18 37 2
18 38 3
18 39 3
18 40 3
18 41 4
18 42 3
18 43 3
18 44 5
18 45 4
18 46 4
18 47 5
18 48 5
18 49 4
18 50 3
18 51 2
18 52 4
18 53 3
18 54 2
18 55 3
18 56 3
18 57 5
18 58 4
18 59 2
18 60 5
18 61 1
18 62 3
18 63 1
18 64 1
18 65 5
18 66 4
18 67 2
18 68 1
18 69 1
18 70 4
18 71 5
18 72 5
18 73 1
18 74 2
18 75 4
19 1 2
19 2 2
19 3 5
19 4 1
19 5 5
19 6 4
19 7 4
19 8 3
19 9 2
19 10 2
19 11 1
19 12 1
19 13 2
19 14 1
19 15 5
19 16 1
19 17 3
19 18 2
19 20 3
19 21 3
19 22 4
19 23 3
19 24 4
19 25 4
19 26 3
19 27 2
19 28 1
19 29 4
19 30 4
19 31 2
19 32 4
19 33 5
19 34 1
19 35 4
19 36 2
19 37 5
19 38 4
19 39 2
19 40 5
19 41 5
19 42 4
19 43 2
19 44 1
19 45 5
19 46 4
19 47 5
19 48 2
19 49 1
19 50 3
19 51 1
19 52 5
19 53 1
19 54 3
19 55 5
19 56 2
19 57 2
19 58 3
19 59 2
19 60 1
19 61 1
19 62 5
19 63 1
19 64 3
19 65 5
19 66 1
19 67 1
19 68 2
19 69 5
19 70 3
19 71 3
19 72 4
19 73 1
19 74 4
19 75 1
20 1 5
20 2 4
20 3 5
20 4 1
20 5 4
20 6 3
20 7 1
20 8 5
20 9 5
20 10 5
20 11 4
20 12 1
20 13 1
20 14 1
20 15 2
20 16 3
20 17 3
20 18 4
20 19 1
20 21 2
20 22 3
20 23 1
20 24 3
20 25 1
20 26 5
20 27 2
20 28 3
20 29 4
20 30 4
20 31 3
20 32 4
20 33 3
20 34 1
20 35 1
20 36 5
20 37 1
20 38 5
20 39 2
20 40 2
20 41 4
20 42 1
20 43 5
20 44 5
20 45 3
20 46 2
20 47 3
20 48 3
20 49 2
20 50 1
20 51 3
20 52 3
20 53 1
20 54 3
20 55 2
20 56 1
20 57 3
20 58 5
20 59 1
20 60 3
20 61 3
20 62 3
20 63 3
20 64 5
20 65 1
20 66 3
20 67 1
20 68 3
20 69 2
20 70 2
20 71 5
20 72 3
20 73 4
20 74 1
20 75 4
21 1 4
21 2 3
21 3 1
21 4 1
21 5 4
21 6 4
21 7 3
21 8 3
21 9 4
21 10 5
21 11 2
21 12 4
21 13 4
21 14 1
21 15 4
21 16 1
21 17 4
21 18 4
21 19 4
21 20 5
21 22 1
21 23 3
21 24 3
21 25 3
21 26 2
21 27 1
21 28 2
21 29 4
21 30 5
21 31 5
21 32 4
21 33 5
21 34 2
21 35 4
21 36 5
21 37 2
21 38 2
21 39 2
21 40 1
21 41 2
21 42 3
21 43 2
21 44 1
21 45 4
21 46 3
21 47 1
21 48 1
21 49 3
21 50 4
21 51 4
21 52 4
21 53 4
21 54 4
21 55 1
21 56 4
21 57 2
21 58 4
21 59 2
21 60 2
21 61 5
21 62 1
21 63 5
21 64 4
21 65 4
21 66 5
21 67 3
21 68 5
21 69 2
21 70 1
21 71 1
21 72 3
21 73 5
21 74 2
21 75 5
22 1 3
22 2 1
22 3 1
22 4 4
22 5 5
22 6 1
22 7 4
22 8 1
22 9 2
22 10 4
22 11 1
22 12 5
22 13 5
22 14 1
22 15 3
22 16 1
22 17 5
22 18 4
22 19 2
22 20 3
22 21 2
22 23 2
22 24 2
22 25 4
22 26 5
22 27 2
22 28 4
22 29 4
22 30 4
22 31 2
22 32 4
22 33 3
22 34 3
22 35 1
22 36 1
22 37 4
22 38 3
22 39 2
22 40 4
22 41 4
22 42 2
22 43 2
22 44 5
22 45 2
22 46 2
22 47 3
22 48 4
22 49 2
22 50 3
22 51 1
22 52 1
22 53 4
22 54 2
22 55 3
22 56 2
22 57 1
22 58 1
22 59 2
22 60 4
22 61 4
22 62 4
22 63 4
22 64 2
22 65 3
22 66 4
22 67 4
22 68 1
22 69 4
22 70 2
22 71 2
22 72 2
22 73 4
22 74 3
22 75 4
23 1 2
23 2 1
23 3 3
23 4 5
23 5 4
23 6 5
23 7 2
23 8 5
23 9 5
23 10 3
23 11 2
23 12 4
23 13 5
23 14 2
23 15 5
23 16 1
23 17 3
23 18 3
23 19 4
23 20 1
23 21 2
23 22 5
23 24 4
23 25 5
23 26 3
23 27 3
23 28 1
23 29 1
23 30 1
23 31 5
23 32 1
23 33 4
23 34 2
23 35 3
23 36 3
23 37 1
23 38 2
23 39 2
23 40 5
23 41 2
23 42 4
23 43 3
23 44 5
23 45 1
23 46 1
23 47 1
23 48 1
23 49 3
23 50 4
23 51 1
23 52 5
23 53 2
23 54 5
23 55 4
23 56 1
23 57 4
23 58 1
23 59 3
23 60 2
23 61 3
23 62 4
23 63 2
23 64 1
23 65 1
23 66 5
23 67 5
23 68 1
23 69 1
23 70 1
23 71 2
23 72 4
23 73 2
23 74 1
23 75 5
24 1 4
24 2 1
24 3 1
24 4 4
24 5 1
24 6 1
24 7 1
24 8 5
24 9 2
24 10 1
24 11 5
24 12 5
24 13 1
24 14 2
24 15 4
24 16 2
24 17 4
24 18 3
24 19 4
24 20 1
24 21 3
24 22 3
24 23 3
24 25 5
24 26 5
24 27 3
24 28 3
24 29 4
24 30 1
24 31 3
24 32 3
24 33 4
24 34 5
24 35 5
24 36 4
24 37 5
24 38 5
24 39 5
24 40 2
24 41 2
24 42 2
24 43 1
24 44 3
24 45 2
24 46 3
24 47 1
24 48 1
24 49 3
24 50 3
24 51 4
24 52 4
24 53 2
24 54 3
24 55 1
24 56 3
24 57 2
24 58 5
24 59 2
24 60 2
24 61 3
24 62 4
24 63 2
24 64 1
24 65 4
24 66 1
24 67 2
24 68 5
24 69 1
24 70 3
24 71 1
24 72 4
24 73 4
24 74 2
24 75 3
25 1 2
25 2 1
25 3 3
25 4 2
25 5 3
25 6 3
25 7 2
25 8 3
25 9 1
25 10 4
25 11 5
25 12 4
25 13 3
25 14 2
25 15 2
25 16 4
25 17 4
25 18 1
25 19 2
25 20 1
25 21 1
25 22 3
25 23 2
25 24 2
25 26 5
25 27 4
25 28 5
25 29 3
25 30 4
25 31 3
25 32 5
25 33 3
25 34 3
25 35 4
25 36 1
25 37 5
25 38 1
25 39 3
25 40 5
25 41 2
25 42 3
25 43 4
25 44 2
25 45 2
25 46 5
25 47 5
25 48 1
25 49 3
25 50 2
25 51 4
25 52 1
25 53 4
25 54 1
25 55 4
25 56 1
25 57 5
25 58 5
25 59 5
25 60 4
25 61 3
25 62 2
25 63 5
25 64 5
25 65 1
25 66 4
25 67 1
25 68 2
25 69 1
25 70 5
25 71 1
25 72 4
25 73 4
25 74 2
25 75 2
26 1 1
26 2 1
26 3 2
26 4 3
26 5 1
26 6 3
26 7 1
26 8 3
26 9 2
26 10 2
26 11 1
26 12 4
26 13 3
26 14 5
26 15 3
26 16 2
26 17 3
26 18 1
26 19 1
26 20 4
26 21 3
26 22 4
26 23 1
26 24 4
26 25 5
26 27 2
26 28 2
26 29 3
26 30 1
26 31 3
26 32 5
26 33 1
26 34 5
26 35 3
26 36 3
26 37 5
26 38 5
26 39 5
26 40 2
26 41 1
26 42 1
26 43 5
26 44 4
26 45 4
26 46 4
26 47 3
26 48 2
26 49 3
26 50 5
26 51 2
26 52 4
26 53 2
26 54 3
26 55 4
26 56 3
26 57 4
26 58 3
26 59 4
26 60 3
26 61 3
26 62 1
26 63 2
26 64 5
26 65 2
26 66 4
26 67 4
26 68 2
26 69 1
26 70 3
26 71 5
26 72 3
26 73 1
26 74 1
26 75 2
27 1 1
27 2 5
27 3 1
27 4 2
27 5 2
27 6 3
27 7 5
27 8 2
27 9 1
27 10 2
27 11 1
27 12 3
27 13 2
27 14 5
27 15 3
27 16 5
27 17 2
27 18 5
27 19 3
27 20 1
27 21 2
27 22 4
27 23 4
27 24 5
27 25 4
27 26 3
27 28 1
27 29 1
27 30 3
27 31 2
27 32 4
27 33 3
27 34 1
27 35 2
27 36 1
27 37 4
27 38 4
27 39 1
27 40 1
27 41 1
27 42 4
27 43 3
27 44 4
27 45 1
27 46 2
27 47 3
27 48 5
27 49 5
27 50 3
27 51 2
27 52 2
27 53 1
27 54 5
27 55 5
27 56 5
27 57 3
27 58 4
27 59 2
27 60 1
27 61 2
27 62 3
27 63 4
27 64 1
27 65 5
27 66 5
27 67 2
27 68 1
27 69 5
27 70 4
27 71 1
27 72 1
27 73 2
27 74 5
27 75 1
28 1 2
28 2 3
28 3 3
28 4 3
28 5 2
28 6 2
28 7 2
28 8 3
28 9 4
28 10 1
28 11 4
28 12 3
28 13 1
28 14 2
28 15 2
28 16 1
28 17 5
28 18 4
28 19 1
28 20 1
28 21 1
28 22 3
28 23 4
28 24 1
28 25 4
28 26 2
28 27 3
28 29 4
28 30 3
28 31 2
28 32 1
28 33 2
28 34 1
28 35 4
28 36 1
28 37 2
28 38 2
28 39 2
28 40 1
28 41 1
28 42 3
28 43 1
28 44 5
28 45 5
28 46 2
28 47 1
28 48 2
28 49 4
28 50 2
28 51 2
28 52 4
28 53 2
28 54 1
28 55 4
28 56 2
28 57 5
28 58 5
28 59 4
28 60 5
28 61 4
28 62 2
28 63 1
28 64 5
28 65 2
28 66 1
28 67 3
28 68 5
28 69 4
28 70 4
28 71 5
28 72 4
28 73 3
28 74 2
28 75 1
29 1 2
29 2 5
29 3 3
29 4 3
29 5 3
29 6 1
29 7 2
29 8 3
29 9 2
29 10 2
29 11 1
29 12 5
29 13 3
29 14 5
29 15 5
29 16 3
29 17 4
29 18 1
29 19 5
29 20 5
29 21 4
29 22 5
29 23 2
29 24 3
29 25 3
29 26 3
29 27 4
29 28 4
29 30 5
29 31 5
29 32 1
29 33 2
29 34 5
29 35 3
29 36 1
29 37 4
29 38 1
29 39 2
29 40 2
29 41 2
29 42 1
29 43 2
29 44 4
29 45 5
29 46 4
29 47 3
29 48 4
29 49 2
29 50 1
29 51 3
29 52 3
29 53 4
29 54 4
29 55 5
29 56 4
29 57 4
29 58 4
29 59 4
29 60 2
29 61 3
29 62 1
29 63 4
29 64 4
29 65 2
29 66 3
29 67 2
29 68 5
29 69 3
29 70 3
29 71 3
29 72 5
29 73 5
29 74 5
29 75 5
30 1 5
30 2 3
30 3 2
30 4 5
30 5 1
30 6 4
30 7 3
30 8 3
30 9 5
30 10 1
30 11 4
30 12 5
30 13 4
30 14 2
30 15 3
30 16 2
30 17 5
30 18 5
30 19 5
30 20 5
30 21 1
30 22 3
30 23 1
30 24 3
30 25 5
30 26 1
30 27 5
30 28 1
30 29 2
30 31 1
30 32 5
30 33 3
30 34 3
30 35 4
30 36 3
30 37 5
30 38 4
30 39 5
30 40 3
30 41 3
30 42 2
30 43 3
30 44 2
30 45 1
30 46 2
30 47 2
30 48 4
30 49 1
30 50 1
30 51 4
30 52 2
30 53 2
30 54 3
30 55 5
30 56 1
30 57 4
30 58 5
30 59 5
30 60 2
30 61 1
30 62 1
30 63 3
30 64 4
30 65 5
30 66 1
30 67 1
30 68 5
30 69 5
30 70 2
30 71 4
30 72 4
30 73 3
30 74 3
30 75 1
31 1 5
31 2 4
31 3 4
31 4 4
31 5 1
31 6 4
31 7 4
31 8 3
31 9 2
31 10 1
31 11 2
31 12 2
31 13 4
31 14 1
31 15 2
31 16 5
31 17 3
31 18 4
31 19 3
31 20 3
31 21 5
31 22 5
31 23 3
31 24 1
31 25 1
31 26 1
31 27 4
31 28 2
31 29 4
31 30 4
31 32 4
31 33 3
31 34 2
31 35 2
31 36 1
31 37 3
31 38 5
31 39 4
31 40 2
31 41 2
31 42 1
31 43 3
31 44 5
31 45 2
31 46 5
31 47 3
31 48 3
31 49 2
31 50 3
31 51 2
31 52 2
31 53 3
31 54 4
31 55 4
31 56 3
31 57 4
31 58 5
31 59 4
31 60 5
31 61 5
31 62 2
31 63 5
31 64 2
31 65 5
31 66 1
31 67 5
31 68 2
31 69 1
31 70 5
31 71 3
31 72 4
31 73 3
31 74 2
31 75 5
32 1 4
32 2 1
32 3 3
32 4 1
32 5 5
32 6 5
32 7 3
32 8 1
32 9 4
32 10 3
32 11 1
32 12 2
32 13 1
32 14 2
32 15 2
32 16 3
32 17 3
32 18 5
32 19 2
32 20 2
32 21 4
32 22 5
32 23 1
32 24 3
32 25 5
32 26 2
32 27 2
32 28 5
32 29 4
32 30 1
32 31 1
32 33 2
32 34 1
32 35 3
32 36 5
32 37 2
32 38 5
32 39 4
32 40 4
32 41 3
32 42 1
32 43 2
32 44 1
32 45 3
32 46 5
32 47 4
32 48 5
32 49 3
32 50 5
32 51 4
32 52 4
32 53 4
32 54 3
32 55 1
32 56 3
32 57 4
32 58 2
32 59 1
32 60 5
32 61 1
32 62 1
32 63 5
32 64 4
32 65 4
32 66 5
32 67 3
32 68 5
32 69 1
32 70 3
32 71 1
32 72 3
32 73 3
32 74 2
32 75 1
33 1 1
33 2 3
33 3 1
33 4 2
33 5 5
33 6 1
33 7 2
33 8 5
33 9 1
33 10 4
33 11 5
33 12 3
33 13 4
33 14 4
33 15 5
33 16 5
33 17 4
33 18 1
33 19 5
33 20 4
33 21 1
33 22 1
33 23 4
33 24 2
33 25 1
33 26 1
33 27 2
33 28 5
33 29 1
33 30 5
33 31 2
33 32 1
33 34 3
33 35 3
33 36 4
33 37 4
33 38 3
33 39 1
33 40 4
33 41 3
33 42 1
33 43 5
33 44 2
33 45 5
33 46 3
33 47 3
33 48 1
33 49 3
33 50 5
33 51 5
33 52 2
33 53 5
33 54 2
33 55 2
33 56 2
33 57 2
33 58 2
33 59 3
33 60 4
33 61 4
33 62 5
33 63 5
33 64 4
33 65 4
33 66 2
33 67 5
33 68 2
33 69 1
33 70 5
33 71 2
33 72 5
33 73 2
33 74 2
33 75 3
34 1 3
34 2 4
34 3 1
34 4 4
34 5 2
34 6 5
34 7 5
34 8 5
34 9 5
34 10 2
34 11 1
34 12 1
34 13 5
34 14 4
34 15 5
34 16 3
34 17 3
34 18 4
34 19 5
34 20 3
34 21 2
34 22 3
34 23 2
34 24 1
34 25 4
34 26 3
34 27 2
34 28 3
34 29 5
34 30 5
34 31 1
34 32 4
34 33 4
34 35 3
34 36 2
34 37 2
34 38 2
34 39 4
34 40 1
34 41 1
34 42 5
34 43 1
34 44 3
34 45 1
34 46 4
34 47 3
34 48 1
34 49 3
34 50 1
34 51 5
34 52 1
34 53 5
34 54 2
34 55 2
34 56 5
34 57 2
34 58 5
34 59 3
34 60 2
34 61 1
34 62 3
34 63 2
34 64 4
34 65 1
34 66 4
34 67 3
34 68 4
34 69 2
34 70 1
34 71 4
34 72 3
34 73 2
34 74 1
34 75 5
35 1 2
35 2 1
35 3 2
35 4 2
35 5 4
35 6 5
35 7 3
35 8 4
35 9 1
35 10 2
35 11 2
35 12 5
35 13 3
35 14 3
35 15 4
35 16 4
35 17 3
35 18 1
35 19 2
35 20 4
35 21 3
35 22 2
35 23 1
35 24 1
35 25 4
35 26 3
35 27 1
35 28 1
35 29 4
35 30 1
35 31 2
35 32 2
35 33 4
35 34 1
35 36 1
35 37 4
35 38 2
35 39 5
35 40 4
35 41 2
35 42 1
35 43 5
35 44 1
35 45 4
35 46 3
35 47 4
35 48 4
35 49 2
35 50 2
35 51 1
35 52 5
35 53 4
35 54 2
35 55 2
35 56 2
35 57 2
35 58 1
35 59 2
35 60 4
35 61 1
35 62 5
35 63 1
35 64 3
35 65 3
35 66 3
35 67 5
35 68 1
35 69 4
35 70 4
35 71 4
35 72 5
35 73 5
35 74 5
35 75 2
36 1 5
36 2 2
36 3 2
36 4 3
36 5 1
36 6 3
36 7 5
36 8 2
36 9 4
36 10 4
36 11 4
36 12 5
36 13 5
36 14 1
36 15 1
36 16 4
36 17 2
36 18 2
36 19 1
36 20 4
36 21 4
36 22 3
36 23 5
36 24 1
36 25 1
36 26 3
36 27 1
36 28 5
36 29 4
36 30 1
36 31 3
36 32 3
36 33 4
36 34 4
36 35 3
36 37 4
36 38 4
36 39 2
36 40 1
36 41 4
36 42 5
36 43 1
36 44 3
36 45 2
36 46 1
36 47 5
36 48 5
36 49 2
36 50 2
36 51 5
36 52 2
36 53 2
36 54 2
36 55 3
36 56 5
36 57 4
36 58 1
36 59 5
36 60 5
36 61 4
36 62 2
36 63 2
36 64 4
36 65 1
36 66 2
36 67 1
36 68 1
36 69 2
36 70 4
36 71 3
36 72 5
36 73 1
36 74 3
36 75 2
37 1 2
37 2 1
37 3 4
37 4 3
37 5 4
37 6 2
37 7 2
37 8 3
37 9 3
37 10 5
37 11 5
37 12 2
37 13 3
37 14 2
37 15 2
37 16 4
37 17 3
37 18 5
37 19 5
37 20 1
37 21 5
37 22 3
37 23 3
37 24 3
37 25 5
37 26 1
37 27 5
37 28 4
37 29 3
37 30 5
37 31 3
37 32 4
37 33 2
37 34 1
37 35 1
37 36 5
37 38 2
37 39 4
37 40 4
37 41 1
37 42 5
37 43 1
37 44 3
37 45 4
37 46 2
37 47 1
37 48 2
37 49 4
37 50 2
37 51 3
37 52 1
37 53 2
37 54 1
37 55 3
37 56 1
37 57 2
37 58 1
37 59 2
37 60 5
37 61 3
37 62 1
37 63 4
37 64 2
37 65 4
37 66 1
37 67 4
37 68 1
37 69 4
37 70 5
37 71 4
37 72 5
37 73 4
37 74 4
37 75 4
38 1 5
38 2 3
38 3 1
38 4 3
38 5 1
38 6 2
38 7 1
38 8 2
38 9 5
38 10 3
38 11 1
38 12 2
38 13 4
38 14 1
38 15 4
38 16 5
38 17 4
38 18 4
38 19 4
38 20 2
38 21 3
38 22 4
38 23 5
38 24 3
38 25 5
38 26 1
38 27 3
38 28 4
38 29 2
38 30 4
38 31 4
38 32 1
38 33 1
38 34 4
38 35 3
38 36 3
38 37 2
38 39 3
38 40 1
38 41 4
38 42 2
38 43 2
38 44 5
38 45 5
38 46 2
38 47 3
38 48 5
38 49 2
38 50 4
38 51 5
38 52 3
38 53 3
38 54 5
38 55 5
38 56 2
38 57 4
38 58 5
38 59 4
38 60 4
38 61 1
38 62 4
38 63 2
38 64 1
38 65 4
38 66 2
38 67 1
38 68 4
38 69 4
38 70 5
38 71 4
38 72 2
38 73 2
38 74 2
38 75 3
39 1 3
39 2 1
39 3 1
39 4 4
39 5 2
39 6 4
39 7 3
39 8 5
39 9 1
39 10 5
39 11 1
39 12 4
39 13 3
39 14 5
39 15 2
39 16 2
39 17 1
39 18 1
39 19 3
39 20 3
39 21 1
39 22 2
39 23 5
39 24 1
39 25 5
39 26 5
39 27 5
39 28 3
39 29 3
39 30 3
39 31 5
39 32 5
39 33 3
39 34 2
39 35 4
39 36 2
39 37 2
39 38 3
39 40 3
39 41 4
39 42 2
39 43 3
39 44 2
39 45 5
39 46 2
39 47 1
39 48 3
39 49 4
39 50 3
39 51 2
39 52 4
39 53 3
39 54 3
39 55 3
39 56 4
39 57 4
39 58 4
39 59 5
39 60 1
39 61 1
39 62 4
39 63 3
39 64 3
39 65 2
39 66 1
39 67 1
39 68 5
39 69 3
39 70 5
39 71 2
39 72 3
39 73 2
39 74 4
39 75 5
40 1 3
40 2 2
40 3 5
40 4 5
40 5 3
40 6 2
40 7 1
40 8 3
40 9 1
40 10 1
40 11 5
40 12 1
40 13 4
40 14 1
40 15 2
40 16 2
40 17 3
40 18 1
40 19 1
40 20 5
40 21 4
40 22 1
40 23 2
40 24 3
40 25 5
40 26 2
40 27 1
40 28 3
40 29 3
40 30 4
40 31 2
40 32 2
40 33 2
40 34 3
40 35 1
40 36 1
40 37 4
40 38 3
40 39 3
40 41 1
40 42 3
40 43 5
40 44 2
40 45 4
40 46 5
40 47 3
40 48 5
40 49 2
40 50 3
40 51 5
40 52 2
40 53 1
40 54 2
40 55 3
40 56 5
40 57 4
40 58 4
40 59 5
40 60 1
40 61 3
40 62 5
40 63 4
40 64 4
40 65 4
40 66 3
40 67 1
40 68 4
40 69 3
40 70 1
40 71 2
40 72 3
40 73 3
40 74 1
40 75 4
41 1 3
41 2 5
41 3 2
41 4 2
41 5 3
41 6 1
41 7 3
41 8 1
41 9 4
41 10 2
41 11 1
41 12 5
41 13 5
41 14 1
41 15 5
41 16 2
41 17 4
41 18 1
41 19 2
41 20 4
41 21 4
41 22 4
41 23 5
41 24 3
41 25 1
41 26 5
41 27 1
41 28 3
41 29 4
41 30 1
41 31 4
41 32 4
41 33 2
41 34 2
41 35 5
41 36 4
41 37 2
41 38 5
41 39 5
41 40 2
41 42 3
41 43 5
41 44 2
41 45 2
41 46 5
41 47 3
41 48 5
41 49 5
41 50 3
41 51 1
41 52 4
41 53 4
41 54 4
41 55 5
41 56 1
41 57 1
41 58 1
41 59 3
41 60 5
41 61 1
41 62 3
41 63 3
41 64 4
41 65 1
41 66 4
41 67 1
41 68 4
41 69 3
41 70 5
41 71 5
41 72 4
41 73 2
41 74 1
41 75 2
42 1 5
42 2 3
42 3 4
42 4 4
42 5 4
42 6 2
42 7 4
42 8 4
42 9 2
42 10 4
42 11 3
42 12 4
42 13 1
42 14 5
42 15 1
42 16 5
42 17 1
42 18 5
42 19 5
42 20 4
42 21 5
42 22 5
42 23 4
42 24 3
42 25 2
42 26 5
42 27 5
42 28 3
42 29 3
42 30 2
42 31 4
42 32 2
42 33 4
42 34 5
42 35 2
42 36 3
42 37 3
42 38 2
42 39 3
42 40 4
42 41 2
42 43 1
42 44 2
42 45 2
42 46 2
42 47 2
42 48 4
42 49 2
42 50 1
42 51 3
42 52 3
42 53 5
42 54 2
42 55 3
42 56 4
42 57 1
42 58 3
42 59 5
42 60 3
42 61 5
42 62 2
42 63 3
42 64 4
42 65 2
42 66 4
42 67 5
42 68 1
42 69 1
42 70 2
42 71 4
42 72 4
42 73 3
42 74 1
42 75 2
43 1 2
43 2 2
43 3 5
43 4 5
43 5 1
43 6 5
43 7 2
43 8 3
43 9 1
43 10 5
43 11 5
43 12 2
43 13 5
43 14 4
43 15 3
43 16 4
43 17 4
43 18 4
43 19 4
43 20 4
43 21 3
43 22 2
43 23 3
43 24 3
43 25 3
43 26 1
43 27 1
43 28 3
43 29 1
43 30 3
43 31 5
43 32 2
43 33 5
43 34 1
43 35 1
43 36 5
43 37 3
43 38 4
43 39 4
43 40 3
43 41 5
43 42 3
43 44 1
43 45 2
43 46 2
43 47 4
43 48 5
43 49 2
43 50 4
43 51 5
43 52 5
43 53 1
43 54 2
43 55 4
43 56 1
43 57 1
43 58 5
43 59 3
43 60 5
43 61 5
43 62 1
43 63 1
43 64 1
43 65 2
43 66 2
43 67 3
43 68 1
43 69 4
43 70 3
43 71 4
43 72 3
43 73 2
43 74 3
43 75 1
44 1 3
44 2 1
44 3 1
44 4 5
44 5 2
44 6 4
44 7 4
44 8 1
44 9 2
44 10 2
44 11 2
44 12 4
44 13 4
44 14 1
44 15 1
44 16 4
44 17 2
44 18 1
44 19 1
44 20 2
44 21 2
44 22 2
44 23 1
44 24 4
44 25 2
44 26 3
44 27 4
44 28 5
44 29 4
44 30 2
44 31 5
44 32 4
44 33 2
44 34 5
44 35 3
44 36 1
44 37 5
44 38 3
44 39 3
44 40 3
44 41 5
44 42 4
44 43 1
44 45 3
44 46 1
44 47 2
44 48 3
44 49 2
44 50 4
44 51 4
44 52 5
44 53 3
44 54 2
44 55 5
44 56 3
44 57 4
44 58 4
44 59 2
44 60 3
44 61 5
44 62 5
44 63 4
44 64 3
44 65 3
44 66 5
44 67 2
44 68 3
44 69 4
44 70 4
44 71 1
44 72 2
44 73 3
44 74 1
44 75 4
45 1 3
45 2 2
45 3 2
45 4 2
45 5 3
45 6 3
45 7 5
45 8 3
45 9 5
45 10 4
45 11 4
45 12 4
45 13 2
45 14 3
45 15 2
45 16 1
45 17 2
45 18 1
45 19 1
45 20 1
45 21 4
45 22 5
45 23 2
45 24 3
45 25 5
45 26 5
45 27 5
45 28 3
45 29 5
45 30 1
45 31 2
45 32 4
45 33 4
45 34 3
45 35 5
45 36 1
45 37 2
45 38 2
45 39 5
45 40 3
45 41 5
45 42 4
45 43 2
45 44 3
45 46 1
45 47 3
45 48 5
45 49 4
45 50 1
45 51 5
45 52 4
45 53 4
45 54 4
45 55 2
45 56 3
45 57 3
45 58 3
45 59 3
45 60 1
45 61 2
45 62 5
45 63 4
45 64 5
45 65 3
45 66 3
45 67 2
45 68 5
45 69 5
45 70 5
45 71 5
45 72 2
45 73 4
45 74 3
45 75 3
46 1 3
46 2 5
46 3 3
46 4 2
46 5 3
46 6 3
46 7 1
46 8 3
46 9 3
46 10 1
46 11 1
46 12 5
46 13 5
46 14 3
46 15 4
46 16 2
46 17 2
46 18 5
46 19 5
46 20 3
46 21 4
46 22 3
46 23 4
46 24 4
46 25 4
46 26 3
46 27 3
46 28 5
46 29 3
46 30 2
46 31 5
46 32 5
46 33 1
46 34 2
46 35 3
46 36 5
46 37 1
46 38 5
46 39 4
46 40 3
46 41 2
46 42 4
46 43 4
46 44 2
46 45 3
46 47 5
46 48 5
46 49 4
46 50 1
46 51 5
46 52 2
46 53 5
46 54 4
46 55 2
46 56 3
46 57 2
46 58 5
46 59 2
46 60 3
46 61 4
46 62 5
46 63 4
46 64 1
46 65 5
46 66 2
46 67 3
46 68 1
46 69 2
46 70 5
46 71 1
46 72 1
46 73 1
46 74 1
46 75 2
47 1 4
47 2 3
47 3 1
47 4 4
47 5 2
47 6 3
47 7 3
47 8 5
47 9 2
47 10 3
47 11 1
47 12 1
47 13 1
47 14 2
47 15 4
47 16 5
47 17 1
47 18 3
47 19 4
47 20 3
47 21 4
47 22 5
47 23 2
47 24 4
47 25 2
47 26 1
47 27 4
47 28 4
47 29 4
47 30 1
47 31 5
47 32 2
47 33 4
47 34 2
47 35 5
47 36 2
47 37 5
47 38 4
47 39 3
47 40 1
47 41 3
47 42 3
47 43 4
47 44 3
47 45 2
47 46 2
47 48 3
47 49 4
47 50 5
47 51 1
47 52 1
47 53 3
47 54 2
47 55 2
47 56 4
47 57 3
47 58 5
47 59 2
47 60 4
47 61 3
47 62 5
47 63 3
47 64 4
47 65 3
47 66 5
47 67 1
47 68 1
47 69 4
47 70 4
47 71 3
47 72 1
47 73 2
47 74 2
47 75 4
48 1 1
48 2 3
48 3 1
48 4 5
48 5 1
48 6 5
48 7 5
48 8 3
48 9 4
48 10 4
48 11 2
48 12 2
48 13 3
48 14 1
48 15 1
48 16 1
48 17 3
48 18 5
48 19 4
48 20 3
48 21 4
48 22 3
48 23 3
48 24 4
48 25 3
48 26 2
48 27 1
48 28 3
48 29 5
48 30 2
48 31 2
48 32 5
48 33 2
48 34 2
48 35 2
48 36 4
48 37 3
48 38 3
48 39 2
48 40 1
48 41 1
48 42 3
48 43 5
48 44 4
48 45 5
48 46 5
48 47 4
48 49 2
48 50 4
48 51 2
48 52 4
48 53 2
48 54 1
48 55 4
48 56 2
48 57 3
48 58 5
48 59 2
48 60 3
48 61 1
48 62 5
48 63 4
48 64 2
48 65 1
48 66 2
48 67 3
48 68 5
48 69 1
48 70 1
48 71 3
48 72 1
48 73 1
48 74 2
48 75 5
49 1 4
49 2 1
49 3 1
49 4 5
49 5 2
49 6 4
49 7 3
49 8 2
49 9 2
49 10 4
49 11 5
49 12 3
49 13 3
49 14 1
49 15 1
49 16 2
49 17 3
49 18 1
49 19 5
49 20 5
49 21 3
49 22 3
49 23 4
49 24 4
49 25 3
49 26 4
49 27 3
49 28 1
49 29 2
49 30 4
49 31 2
49 32 2
49 33 4
49 34 3
49 35 1
49 36 2
49 37 3
49 38 4
49 39 1
49 40 5
49 41 4
49 42 2
49 43 4
49 44 3
49 45 3
49 46 2
49 47 5
49 48 2
49 50 4
49 51 1
49 52 1
49 53 1
49 54 1
49 55 5
49 56 2
49 57 3
49 58 5
49 59 4
49 60 5
49 61 1
49 62 3
49 63 2
49 64 5
49 65 3
49 66 4
49 67 5
49 68 5
49 69 3
49 70 5
49 71 5
49 72 4
49 73 5
49 74 1
49 75 3
50 1 5
50 2 5
50 3 4
50 4 1
50 5 2
50 6 2
50 7 1
50 8 4
50 9 4
50 10 3
50 11 5
50 12 2
50 13 1
50 14 2
50 15 3
50 16 2
50 17 2
50 18 2
50 19 3
50 20 3
50 21 4
50 22 3
50 23 3
50 24 5
50 25 1
50 26 4
50 27 1
50 28 4
50 29 1
50 30 4
50 31 3
50 32 5
50 33 3
50 34 3
50 35 5
50 36 1
50 37 1
50 38 2
50 39 2
50 40 5
50 41 2
50 42 1
50 43 3
50 44 4
50 45 2
50 46 5
50 47 5
50 48 1
50 49 1
50 51 3
50 52 3
50 53 2
50 54 2
50 55 2
50 56 1
50 57 2
50 58 3
50 59 4
50 60 3
50 61 5
50 62 2
50 63 5
50 64 4
50 65 4
50 66 3
50 67 5
50 68 2
50 69 3
50 70 3
50 71 3
50 72 4
50 73 4
50 74 5
50 75 2
51 1 2
51 2 4
51 3 3
51 4 2
51 5 4
51 6 1
51 7 1
51 8 3
51 9 4
51 10 2
51 11 2
51 12 1
51 13 1
51 14 1
51 15 4
51 16 3
51 17 5
51 18 5
51 19 2
51 20 5
51 21 4
51 22 4
51 23 4
51 24 2
51 25 4
51 26 3
51 27 1
51 28 2
51 29 2
51 30 5
51 31 5
51 32 5
51 33 3
51 34 5
51 35 3
51 36 3
51 37 2
51 38 5
51 39 3
51 40 5
51 41 2
51 42 4
51 43 5
51 44 2
51 45 1
51 46 4
51 47 4
51 48 5
51 49 3
51 50 2
51 52 4
51 53 3
51 54 3
51 55 4
51 56 1
51 57 1
51 58 1
51 59 1
51 60 4
51 61 4
51 62 1
51 63 1
51 64 1
51 65 5
51 66 2
51 67 3
51 68 5
51 69 3
51 70 3
51 71 2
51 72 4
51 73 1
51 74 2
51 75 5
52 1 2
52 2 2
52 3 3
52 4 2
52 5 1
52 6 3
52 7 5
52 8 1
52 9 2
52 10 2
52 11 4
52 12 3
52 13 4
52 14 4
52 15 3
52 16 5
52 17 5
52 18 5
52 19 2
52 20 5
52 21 2
52 22 3
52 23 2
52 24 1
52 25 2
52 26 1
52 27 2
52 28 2
52 29 1
52 30 5
52 31 1
52 32 4
52 33 1
52 34 1
52 35 2
52 36 3
52 37 3
52 38 2
52 39 5
52 40 1
52 41 5
52 42 3
52 43 3
52 44 1
52 45 3
52 46 3
52 47 5
52 48 2
52 49 4
52 50 3
52 51 1
52 53 5
52 54 5
52 55 5
52 56 5
52 57 3
52 58 5
52 59 3
52 60 1
52 61 3
52 62 2
52 63 1
52 64 1
52 65 4
52 66 1
52 67 5
52 68 3
52 69 5
52 70 1
52 71 2
52 72 1
52 73 2
52 74 4
52 75 5
53 1 2
53 2 4
53 3 2
53 4 3
53 5 5
53 6 1
53 7 5
53 8 3
53 9 2
53 10 1
53 11 2
53 12 4
53 13 5
53 14 3
53 15 1
53 16 5
53 17 5
53 18 5
53 19 1
53 20 3
53 21 5
53 22 3
53 23 2
53 24 3
53 25 5
53 26 4
53 27 1
53 28 5
53 29 5
53 30 2
53 31 1
53 32 4
53 33 5
53 34 3
53 35 1
53 36 4
53 37 5
53 38 3
53 39 3
53 40 1
53 41 3
53 42 4
53 43 1
53 44 3
53 45 4
53 46 2
53 47 4
53 48 3
53 49 3
53 50 1
53 51 2
53 52 2
53 54 4
53 55 3
53 56 1
53 57 5
53 58 1
53 59 4
53 60 4
53 61 3
53 62 5
53 63 4
53 64 3
53 65 4
53 66 3
53 67 3
53 68 4
53 69 4
53 70 2
53 71 2
53 72 2
53 73 5
53 74 5
53 75 2
54 1 4
54 2 3
54 3 5
54 4 2
54 5 3
54 6 2
54 7 3
54 8 4
54 9 1
54 10 3
54 11 4
54 12 3
54 13 2
54 14 1
54 15 1
54 16 2
54 17 3
54 18 5
54 19 2
54 20 5
54 21 3
54 22 2
54 23 5
54 24 2
54 25 5
54 26 1
54 27 3
54 28 1
54 29 2
54 30 4
54 31 3
54 32 5
54 33 4
54 34 2
54 35 4
54 36 3
54 37 1
54 38 1
54 39 3
54 40 1
54 41 3
54 42 1
54 43 5
54 44 1
54 45 2
54 46 1
54 47 2
54 48 1
54 49 2
54 50 3
54 51 1
54 52 5
54 53 4
54 55 2
54 56 3
54 57 1
54 58 4
54 59 2
54 60 1
54 61 1
54 62 2
54 63 5
54 64 2
54 65 2
54 66 2
54 67 5
54 68 4
54 69 4
54 70 5
54 71 2
54 72 4
54 73 4
54 74 4
54 75 5
55 1 4
55 2 5
55 3 5
55 4 2
55 5 1
55 6 2
55 7 2
55 8 3
55 9 3
55 10 2
55 11 1
55 12 2
55 13 2
55 14 4
55 15 5
55 16 5
55 17 1
55 18 1
55 19 4
55 20 3
55 21 5
55 22 2
55 23 2
55 24 3
55 25 5
55 26 2
55 27 1
55 28 5
55 29 2
55 30 5
55 31 2
55 32 3
55 33 1
55 34 1
55 35 4
55 36 3
55 37 4
55 38 2
55 39 2
55 40 3
55 41 4
55 42 2
55 43 1
55 44 2
55 45 3
55 46 5
55 47 1
55 48 3
55 49 3
55 50 2
55 51 5
55 52 2
55 53 3
55 54 4
55 56 1
55 57 5
55 58 2
55 59 4
55 60 1
55 61 3
55 62 3
55 63 2
55 64 5
55 65 5
55 66 5
55 67 1
55 68 3
55 69 5
55 70 2
55 71 1
55 72 3
55 73 2
55 74 5
55 75 5
56 1 4
56 2 2
56 3 2
56 4 1
56 5 1
56 6 4
56 7 2
56 8 3
56 9 2
56 10 2
56 11 1
56 12 4
56 13 1
56 14 2
56 15 2
56 16 3
56 17 1
56 18 1
56 19 2
56 20 1
56 21 3
56 22 1
56 23 3
56 24 2
56 25 5
56 26 1
56 27 2
56 28 4
56 29 3
56 30 1
56 31 4
56 32 3
56 33 4
56 34 5
56 35 3
56 36 5
56 37 5
56 38 5
56 39 4
56 40 3
56 41 1
56 42 4
56 43 3
56 44 3
56 45 2
56 46 2
56 47 5
56 48 2
56 49 4
56 50 1
56 51 4
56 52 1
56 53 3
56 54 1
56 55 2
56 57 3
56 58 2
56 59 4
56 60 3
56 61 1
56 62 1
56 63 3
56 64 3
56 65 5
56 66 2
56 67 5
56 68 1
56 69 3
56 70 4
56 71 4
56 72 2
56 73 1
56 74 2
56 75 5
57 1 3
57 2 5
57 3 3
57 4 3
57 5 1
57 6 1
57 7 5
57 8 5
57 9 2
57 10 3
57 11 2
57 12 5
57 13 2
57 14 5
57 15 3
57 16 4
57 17 5
57 18 1
57 19 2
57 20 2
57 21 5
57 22 5
57 23 4
57 24 5
57 25 5
57 26 4
57 27 3
57 28 3
57 29 5
57 30 1
57 31 4
57 32 2
57 33 5
57 34 1
57 35 1
57 36 2
57 37 2
57 38 3
57 39 1
57 40 5
57 41 5
57 42 5
57 43 4
57 44 3
57 45 4
57 46 2
57 47 3
57 48 4
57 49 4
57 50 1
57 51 2
57 52 3
57 53 3
57 54 5
57 55 4
57 56 2
57 58 1
57 59 1
57 60 4
57 61 5
57 62 3
57 63 3
57 64 3
57 65 4
57 66 5
57 67 4
57 68 5
57 69 1
57 70 3
57 71 3
57 72 5
57 73 2
57 74 2
57 75 4
58 1 1
58 2 5
58 3 2
58 4 3
58 5 3
58 6 5
58 7 4
58 8 2
58 9 4
58 10 1
58 11 1
58 12 2
58 13 4
58 14 1
58 15 4
58 16 4
58 17 2
58 18 1
58 19 3
58 20 5
58 21 1
58 22 3
58 23 5
58 24 5
58 25 3
58 26 2
58 27 2
58 28 5
58 29 5
58 30 3
58 31 5
58 32 5
58 33 5
58 34 1
58 35 4
58 36 2
58 37 2
58 38 2
58 39 5
58 40 5
58 41 4
58 42 1
58 43 3
58 44 2
58 45 3
58 46 1
58 47 1
58 48 2
58 49 3
58 50 3
58 51 1
58 52 3
58 53 5
58 54 2
58 55 4
58 56 5
58 57 3
58 59 3
58 60 4
58 61 4
58 62 5
58 63 3
58 64 3
58 65 1
58 66 5
58 67 3
58 68 3
58 69 3
58 70 5
58 71 2
58 72 2
58 73 3
58 74 4
58 75 1
59 1 5
59 2 4
59 3 1
59 4 2
59 5 2
59 6 5
59 7 4
59 8 4
59 9 4
59 10 1
59 11 5
59 12 2
59 13 5
59 14 4
59 15 4
59 16 5
59 17 2
59 18 1
59 19 4
59 20 1
59 21 1
59 22 5
59 23 3
59 24 5
59 25 2
59 26 4
59 27 4
59 28 5
59 29 2
59 30 4
59 31 5
59 32 3
59 33 4
59 34 2
59 35 1
59 36 5
59 37 1
59 38 4
59 39 3
59 40 1
59 41 1
59 42 4
59 43 2
59 44 2
59 45 2
59 46 3
59 47 3
59 48 5
59 49 5
59 50 1
59 51 5
59 52 2
59 53 2
59 54 5
59 55 2
59 56 3
59 57 3
59 58 2
59 60 2
59 61 1
59 62 2
59 63 3
59 64 3
59 65 1
59 66 4
59 67 3
59 68 2
59 69 1
59 70 4
59 71 2
59 72 3
59 73 1
59 74 2
59 75 5
60 1 3
60 2 4
60 3 4
60 4 5
60 5 5
60 6 3
60 7 3
60 8 5
60 9 1
60 10 4
60 11 4
60 12 2
60 13 2
60 14 3
60 15 5
60 16 5
60 17 4
60 18 2
60 19 5
60 20 1
60 21 4
60 22 5
60 23 1
60 24 2
60 25 3
60 26 1
60 27 5
60 28 5
60 29 1
60 30 2
60 31 1
60 32 5
60 33 2
60 34 4
60 35 5
60 36 1
60 37 3
60 38 4
60 39 5
60 40 4
60 41 2
60 42 5
60 43 2
60 44 5
60 45 3
60 46 2
60 47 2
60 48 1
60 49 5
60 50 1
60 51 3
60 52 5
60 53 5
60 54 5
60 55 1
60 56 2
60 57 2
60 58 3
60 59 2
60 61 5
60 62 4
60 63 2
60 64 4
60 65 5
60 66 3
60 67 5
60 68 5
60 69 5
60 70 3
60 71 2
60 72 5
60 73 2
60 74 3
60 75 2
61 1 1
61 2 2
61 3 5
61 4 2
61 5 4
61 6 1
61 7 4
61 8 4
61 9 5
61 10 4
61 11 3
61 12 2
61 13 2
61 14 2
61 15 4
61 16 5
61 17 1
61 18 4
61 19 4
61 20 4
61 21 3
61 22 1
61 23 1
61 24 5
61 25 2
61 26 5
61 27 3
61 28 4
61 29 1
61 30 5
61 31 5
61 32 4
61 33 4
61 34 1
61 35 2
61 36 2
61 37 1
61 38 1
61 39 5
61 40 2
61 41 1
61 42 5
61 43 5
61 44 4
61 45 1
61 46 4
61 47 4
61 48 3
61 49 2
61 50 4
61 51 1
61 52 2
61 53 4
61 54 3
61 55 3
61 56 2
61 57 3
61 58 5
61 59 5
61 60 5
61 62 1
61 63 1
61 64 3
61 65 4
61 66 1
61 67 5
61 68 1
61 69 3
61 70 2
61 71 2
61 72 1
61 73 4
61 74 3
61 75 1
62 1 2
62 2 3
62 3 1
62 4 2
62 5 5
62 6 4
62 7 5
62 8 3
62 9 2
62 10 3
62 11 2
62 12 4
62 13 2
62 14 4
62 15 3
62 16 3
62 17 1
62 18 4
62 19 4
62 20 3
62 21 4
62 22 1
62 23 4
62 24 1
62 25 1
62 26 2
62 27 3
62 28 3
62 29 5
62 30 5
62 31 3
62 32 2
62 33 5
62 34 5
62 35 3
62 36 1
62 37 1
62 38 3
62 39 5
62 40 2
62 41 2
62 42 2
62 43 1
62 44 5
62 45 2
62 46 3
62 47 3
62 48 2
62 49 3
62 50 3
62 51 2
62 52 2
62 53 3
62 54 2
62 55 2
62 56 5
62 57 4
62 58 1
62 59 3
62 60 3
62 61 3
62 63 2
62 64 4
62 65 4
62 66 2
62 67 4
62 68 4
62 69 2
62 70 3
62 71 1
62 72 3
62 73 4
62 74 4
62 75 5
63 1 1
63 2 2
63 3 5
63 4 3
63 5 1
63 6 2
63 7 5
63 8 2
63 9 5
63 10 4
63 11 3
63 12 2
63 13 4
63 14 1
63 15 2
63 16 3
63 17 4
63 18 1
63 19 4
63 20 4
63 21 4
63 22 5
63 23 4
63 24 5
63 25 3
63 26 1
63 27 5
63 28 3
63 29 2
63 30 3
63 31 2
63 32 2
63 33 1
63 34 1
63 35 4
63 36 1
63 37 5
63 38 5
63 39 2
63 40 4
63 41 5
63 42 2
63 43 2
63 44 3
63 45 4
63 46 1
63 47 2
63 48 4
63 49 1
63 50 1
63 51 5
63 52 5
63 53 2
63 54 3
63 55 4
63 56 5
63 57 4
63 58 5
63 59 4
63 60 5
63 61 4
63 62 2
63 64 1
63 65 4
63 66 5
63 67 1
63 68 2
63 69 4
63 70 5
63 71 5
63 72 4
63 73 4
63 74 1
63 75 1
64 1 4
64 2 2
64 3 1
64 4 5
64 5 5
64 6 1
64 7 5
64 8 4
64 9 2
64 10 4
64 11 2
64 12 2
64 13 5
64 14 5
64 15 1
64 16 3
64 17 1
64 18 1
64 19 4
64 20 1
64 21 2
64 22 5
64 23 1
64 24 3
64 25 3
64 26 2
64 27 2
64 28 2
64 29 2
64 30 3
64 31 4
64 32 5
64 33 1
64 34 4
64 35 2
64 36 5
64 37 4
64 38 3
64 39 1
64 40 3
64 41 1
64 42 2
64 43 4
64 44 5
64 45 3
64 46 2
64 47 2
64 48 3
64 49 2
64 50 3
64 51 5
64 52 5
64 53 2
64 54 2
64 55 2
64 56 2
64 57 3
64 58 4
64 59 5
64 60 4
64 61 3
64 62 3
64 63 1
64 65 3
64 66 1
64 67 2
64 68 2
64 69 1
64 70 4
64 71 4
64 72 3
64 73 5
64 74 5
64 75 4
65 1 1
65 2 4
65 3 2
65 4 3
65 5 3
65 6 5
65 7 2
65 8 4
65 9 5
65 10 5
65 11 5
65 12 1
65 13 1
65 14 4
65 15 1
65 16 5
65 17 5
65 18 3
65 19 2
65 20 5
65 21 5
65 22 4
65 23 3
65 24 4
65 25 5
65 26 1
65 27 2
65 28 4
65 29 2
65 30 4
65 31 4
65 32 3
65 33 4
65 34 5
65 35 2
65 36 4
65 37 5
65 38 5
65 39 2
65 40 4
65 41 4
65 42 4
65 43 1
65 44 2
65 45 2
65 46 2
65 47 1
65 48 1
65 49 4
65 50 5
65 51 2
65 52 1
65 53 5
65 54 4
65 55 1
65 56 1
65 57 2
65 58 2
65 59 5
65 60 5
65 61 2
65 62 5
65 63 2
65 64 3
65 66 5
65 67 5
65 68 1
65 69 1
65 70 4
65 71 2
65 72 4
65 73 3
65 74 5
65 75 1
66 1 4
66 2 2
66 3 2
66 4 1
66 5 4
66 6 3
66 7 2
66 8 3
66 9 3
66 10 2
66 11 3
66 12 3
66 13 2
66 14 4
66 15 1
66 16 3
66 17 1
66 18 5
66 19 5
66 20 4
66 21 2
66 22 4
66 23 4
66 24 2
66 25 4
66 26 2
66 27 5
66 28 4
66 29 1
66 30 5
66 31 4
66 32 1
66 33 3
66 34 1
66 35 4
66 36 3
66 37 3
66 38 2
66 39 5
66 40 2
66 41 3
66 42 3
66 43 1
66 44 2
66 45 3
66 46 1
66 47 1
66 48 5
66 49 2
66 50 5
66 51 4
66 52 3
66 53 5
66 54 2
66 55 1
66 56 5
66 57 5
66 58 1
66 59 3
66 60 3
66 61 2
66 62 2
66 63 5
66 64 4
66 65 4
66 67 3
66 68 3
66 69 3
66 70 5
66 71 3
66 72 4
66 73 4
66 74 2
66 75 1
67 1 2
67 2 1
67 3 3
67 4 5
67 5 1
67 6 5
67 7 1
67 8 4
67 9 4
67 10 1
67 11 2
67 12 2
67 13 5
67 14 3
67 15 2
67 16 5
67 17 5
67 18 5
67 19 3
67 20 5
67 21 5
67 22 1
67 23 4
67 24 2
67 25 5
67 26 5
67 27 1
67 28 5
67 29 1
67 30 2
67 31 5
67 32 2
67 33 5
67 34 2
67 35 3
67 36 2
67 37 3
67 38 4
67 39 2
67 40 2
67 41 1
67 42 3
67 43 3
67 44 5
67 45 5
67 46 1
67 47 1
67 48 2
67 49 5
67 50 3
67 51 3
67 52 4
67 53 3
67 54 1
67 55 2
67 56 4
67 57 1
67 58 3
67 59 3
67 60 1
67 61 4
67 62 4
67 63 4
67 64 5
67 65 1
67 66 2
67 68 1
67 69 3
67 70 2
67 71 2
67 72 1
67 73 2
67 74 4
67 75 5
68 1 3
68 2 1
68 3 2
68 4 4
68 5 4
68 6 3
68 7 1
68 8 1
68 9 3
68 10 1
68 11 1
68 12 5
68 13 1
68 14 3
68 15 2
68 16 4
68 17 5
68 18 2
68 19 2
68 20 1
68 21 2
68 22 4
68 23 4
68 24 4
68 25 4
68 26 5
68 27 1
68 28 1
68 29 3
68 30 1
68 31 1
68 32 5
68 33 3
68 34 4
68 35 5
68 36 1
68 37 2
68 38 1
68 39 1
68 40 1
68 41 3
68 42 4
68 43 5
68 44 3
68 45 3
68 46 1
68 47 3
68 48 5
68 49 5
68 50 5
68 51 5
68 52 3
68 53 5
68 54 3
68 55 1
68 56 3
68 57 4
68 58 1
68 59 1
68 60 1
68 61 4
68 62 3
68 63 2
68 64 1
68 65 1
68 66 2
68 67 4
68 69 4
68 70 4
68 71 4
68 72 5
68 73 1
68 74 4
68 75 4
69 1 5
69 2 2
69 3 2
69 4 3
69 5 1
69 6 1
69 7 4
69 8 5
69 9 5
69 10 3
69 11 4
69 12 5
69 13 3
69 14 4
69 15 3
69 16 5
69 17 1
69 18 1
69 19 2
69 20 2
69 21 3
69 22 2
69 23 5
69 24 1
69 25 1
69 26 3
69 27 2
69 28 2
69 29 5
69 30 5
69 31 5
69 32 5
69 33 3
69 34 3
69 35 2
69 36 3
69 37 5
69 38 2
69 39 4
69 40 4
69 41 1
69 42 4
69 43 4
69 44 3
69 45 2
69 46 3
69 47 4
69 48 4
69 49 5
69 50 5
69 51 3
69 52 2
69 53 2
69 54 2
69 55 5
69 56 4
69 57 5
69 58 3
69 59 5
69 60 4
69 61 2
69 62 1
69 63 5
69 64 5
69 65 4
69 66 3
69 67 4
69 68 5
69 70 4
69 71 3
69 72 4
69 73 5
69 74 1
69 75 4
70 1 4
70 2 5
70 3 1
70 4 3
70 5 5
70 6 5
70 7 2
70 8 2
70 9 3
70 10 5
70 11 4
70 12 4
70 13 5
70 14 3
70 15 1
70 16 1
70 17 3
70 18 5
70 19 4
70 20 5
70 21 4
70 22 4
70 23 2
70 24 4
70 25 3
70 26 3
70 27 1
70 28 1
70 29 4
70 30 4
70 31 1
70 32 2
70 33 5
70 34 1
70 35 1
70 36 4
70 37 2
70 38 5
70 39 1
70 40 5
70 41 1
70 42 4
70 43 3
70 44 3
70 45 3
70 46 1
70 47 3
70 48 2
70 49 5
70 50 1
70 51 1
70 52 3
70 53 4
70 54 5
70 55 3
70 56 2
70 57 2
70 58 4
70 59 4
70 60 5
70 61 4
70 62 5
70 63 3
70 64 3
70 65 2
70 66 1
70 67 3
70 68 1
70 69 5
70 71 3
70 72 5
70 73 5
70 74 3
70 75 4
71 1 2
71 2 5
71 3 1
71 4 2
71 5 4
71 6 5
71 7 4
71 8 1
71 9 4
71 10 3
71 11 5
71 12 2
71 13 1
71 14 3
71 15 5
71 16 1
71 17 4
71 18 5
71 19 2
71 20 2
71 21 2
71 22 4
71 23 2
71 24 4
71 25 4
71 26 3
71 27 4
71 28 5
71 29 4
71 30 1
71 31 5
71 32 3
71 33 3
71 34 1
71 35 4
71 36 1
71 37 2
71 38 2
71 39 3
71 40 1
71 41 1
71 42 3
71 43 2
71 44 3
71 45 5
71 46 3
71 47 1
71 48 4
71 49 2
71 50 2
71 51 2
71 52 5
71 53 2
71 54 5
71 55 5
71 56 2
71 57 2
71 58 3
71 59 3
71 60 5
71 61 1
71 62 5
71 63 2
71 64 3
71 65 5
71 66 5
71 67 5
71 68 3
71 69 4
71 70 2
71 72 3
71 73 1
71 74 1
71 75 1
72 1 1
72 2 3
72 3 3
72 4 1
72 5 3
72 6 1
72 7 2
72 8 4
72 9 5
72 10 1
72 11 3
72 12 2
72 13 2
72 14 4
72 15 1
72 16 2
72 17 5
72 18 1
72 19 1
72 20 2
72 21 5
72 22 2
72 23 3
72 24 1
72 25 4
72 26 3
72 27 5
72 28 2
72 29 4
72 30 5
72 31 2
72 32 4
72 33 2
72 34 2
72 35 1
72 36 4
72 37 2
72 38 4
72 39 4
72 40 4
72 41 4
72 42 1
72 43 5
72 44 3
72 45 1
72 46 2
72 47 4
72 48 1
72 49 3
72 50 4
72 51 4
72 52 4
72 53 2
72 54 1
72 55 2
72 56 5
72 57 1
72 58 1
72 59 3
72 60 4
72 61 5
72 62 2
72 63 4
72 64 4
72 65 3
72 66 1
72 67 4
72 68 1
72 69 4
72 70 3
72 71 4
72 73 3
72 74 5
72 75 5
73 1 2
73 2 3
73 3 2
73 4 5
73 5 5
73 6 1
73 7 5
73 8 3
73 9 1
73 10 1
73 11 5
73 12 2
73 13 2
73 14 5
73 15 2
73 16 5
73 17 3
73 18 4
73 19 1
73 20 3
73 21 2
73 22 5
73 23 3
73 24 2
73 25 5
73 26 2
73 27 4
73 28 4
73 29 1
73 30 1
73 31 5
73 32 2
73 33 3
73 34 3
73 35 3
73 36 2
73 37 5
73 38 4
73 39 4
73 40 1
73 41 4
73 42 3
73 43 4
73 44 2
73 45 3
73 46 1
73 47 1
73 48 2
73 49 1
73 50 3
73 51 2
73 52 4
73 53 2
73 54 4
73 55 5
73 56 2
73 57 2
73 58 4
73 59 2
73 60 4
73 61 4
73 62 1
73 63 2
73 64 3
73 65 4
73 66 4
73 67 4
73 68 3
73 69 2
73 70 4
73 71 5
73 72 2
73 74 1
73 75 4
74 1 4
74 2 5
74 3 1
74 4 1
74 5 4
74 6 1
74 7 4
74 8 5
74 9 4
74 10 5
74 11 3
74 12 5
74 13 1
74 14 2
74 15 3
74 16 4
74 17 2
74 18 3
74 19 5
74 20 4
74 21 5
74 22 5
74 23 4
74 24 5
74 25 4
74 26 3
74 27 3
74 28 4
74 29 4
74 30 1
74 31 4
74 32 4
74 33 2
74 34 4
74 35 5
74 36 5
74 37 1
74 38 3
74 39 4
74 40 1
74 41 4
74 42 4
74 43 5
74 44 2
74 45 5
74 46 5
74 47 5
74 48 3
74 49 4
74 50 1
74 51 1
74 52 4
74 53 5
74 54 5
74 55 5
74 56 4
74 57 2
74 58 5
74 59 4
74 60 2
74 61 5
74 62 2
74 63 1
74 64 1
74 65 2
74 66 2
74 67 1
74 68 4
74 69 1
74 70 1
74 71 1
74 72 4
74 73 4
74 75 5
75 1 2
75 2 5
75 3 1
75 4 2
75 5 3
75 6 5
75 7 2
75 8 5
75 9 5
75 10 4
75 11 4
75 12 4
75 13 4
75 14 2
75 15 3
75 16 2
75 17 1
75 18 4
75 19 5
75 20 3
75 21 5
75 22 3
75 23 4
75 24 2
75 25 1
75 26 4
75 27 2
75 28 1
75 29 4
75 30 1
75 31 2
75 32 1
75 33 2
75 34 3
75 35 2
75 36 4
75 37 2
75 38 5
75 39 4
75 40 3
75 41 3
75 42 4
75 43 1
75 44 1
75 45 3
75 46 1
75 47 4
75 48 3
75 49 4
75 50 5
75 51 5
75 52 5
75 53 2
75 54 3
75 55 1
75 56 4
75 57 3
75 58 5
75 59 1
75 60 1
75 61 2
75 62 3
75 63 1
75 64 3
75 65 2
75 66 4
75 67 4
75 68 5
75 69 1
75 70 4
75 71 2
75 72 5
75 73 2
75 74 4

END
