INSTANCE_NAME b08.dat
NB_VERTICES 75
NB_ARCS 123
NB_REQUESTS 0
NB_BLOCKAGES 36
NB_TERMINALS 19

VERTICES
1 0 0
2 0 0
3 0 0
4 0 0
5 0 0
6 0 0
7 0 0
8 0 0
9 0 0
10 0 0
11 0 0
12 0 0
13 0 0
14 0 0
15 0 0
16 0 0
17 0 0
18 0 0
19 0 0
20 0 0
21 0 0
22 0 0
23 0 0
24 0 0
25 0 0
26 0 0
27 0 0
28 0 0
29 0 0
30 0 0
31 0 0
32 0 0
33 0 0
34 0 0
35 0 0
36 0 0
37 0 0
38 0 0
39 0 0
40 0 0
41 0 0
42 0 0
43 0 0
44 0 0
45 0 0
46 0 0
47 0 0
48 0 0
49 0 0
50 0 0
51 0 0
52 0 0
53 0 0
54 0 0
55 0 0
56 0 0
57 0 0
58 0 0
59 0 0
60 0 0
61 0 0
62 0 0
63 0 0
64 0 0
65 0 0
66 0 0
67 0 0
68 0 0
69 0 0
70 0 0
71 0 0
72 0 0
73 0 0
74 0 0
75 0 0

ARCS
1 20 1
20 39 4
39 26 3
26 69 6
69 29 2
29 33 2
33 23 3
23 58 6
58 39 1
58 56 10
56 6 6
6 40 8
40 46 3
46 35 1
35 27 2
27 8 3
8 7 7
7 21 8
21 22 9
22 54 9
54 16 3
16 13 6
13 44 4
44 15 7
15 53 7
53 69 4
69 9 4
9 17 2
17 8 7
8 10 2
10 30 8
30 52 9
52 53 1
53 62 5
62 30 8
30 72 4
72 1 10
1 64 8
64 5 3
5 31 9
31 3 9
3 9 8
9 70 8
70 73 8
73 8 1
8 67 1
67 68 2
68 33 10
33 38 5
38 61 10
61 75 3
75 31 9
31 37 1
37 47 9
47 54 9
54 31 3
31 63 8
63 12 5
12 32 8
32 6 7
6 71 1
71 49 9
49 29 8
71 55 2
55 34 2
34 27 4
27 43 6
43 6 4
6 46 9
46 4 7
4 42 4
42 46 6
46 18 8
18 59 10
59 24 7
24 36 10
36 11 4
11 43 7
11 56 1
56 74 2
74 63 9
56 47 9
36 26 4
26 25 5
25 50 3
50 35 3
35 33 4
35 51 2
51 13 6
13 50 1
50 28 2
28 66 8
66 45 9
45 41 8
41 14 10
14 51 5
51 24 9
24 60 5
60 45 2
45 48 2
48 27 5
27 57 7
57 31 9
57 65 8
65 19 10
19 66 7
66 12 9
65 38 2
38 21 6
21 46 4
14 34 9
50 30 5
30 37 1
50 73 7
73 17 3
73 6 5
59 8 9
55 2 6
2 54 9
54 15 10
2 61 9
71 5 1
68 44 4

REQUESTS

BLOCKAGES
15 53
39 26
6 46
35 27
17 8
71 5
68 44
11 43
14 34
58 56
27 57
13 50
59 8
29 33
66 45
56 47
31 37
73 8
53 69
54 31
27 8
50 30
51 13
2 61
21 46
69 9
50 73
50 35
35 33
36 26
73 6
31 63
66 12
33 38
38 21
51 24

TERMINALS
1
2
5
11
13
17
27
28
29
30
34
38
46
50
51
54
56
65
71

R
1 2 4
1 3 2
1 4 4
1 5 5
1 6 5
1 7 4
1 8 3
1 9 2
1 10 1
1 11 3
1 12 3
1 13 2
1 14 2
1 15 5
1 16 5
1 17 4
1 18 1
1 19 2
1 20 2
1 21 2
1 22 4
1 23 1
1 24 2
1 25 2
1 26 5
1 27 4
1 28 2
1 29 4
1 30 4
1 31 4
1 32 1
1 33 3
1 34 3
1 35 4
1 36 4
1 37 2
1 38 4
1 39 2
1 40 5
1 41 1
1 42 1
1 43 3
1 44 2
1 45 4
1 46 4
1 47 3
1 48 2
1 49 1
1 50 5
1 51 4
1 52 2
1 53 3
1 54 1
1 55 4
1 56 1
1 57 5
1 58 4
1 59 2
1 60 3
1 61 3
1 62 2
1 63 5
1 64 2
1 65 4
1 66 1
1 67 2
1 68 1
1 69 4
1 70 5
1 71 2
1 72 5
1 73 1
1 74 4
1 75 1
2 1 4
2 3 4
2 4 4
2 5 3
2 6 5
2 7 5
2 8 1
2 9 3
2 10 4
2 11 1
2 12 3
2 13 4
2 14 2
2 15 4
2 16 2
2 17 4
2 18 3
2 19 3
2 20 3
2 21 4
2 22 2
2 23 3
2 24 2
2 25 4
2 26 4
2 27 2
2 28 5
2 29 3
2 30 2
2 31 1
2 32 5
2 33 2
2 34 4
2 35 5
2 36 4
2 37 5
2 38 4
2 39 1
2 40 5
2 41 4
2 42 3
2 43 2
2 44 2
2 45 4
2 46 5
2 47 5
2 48 4
2 49 2
2 50 3
2 51 4
2 52 2
2 53 1
2 54 1
2 55 1
2 56 1
2 57 1
2 58 2
2 59 5
2 60 3
2 61 5
2 62 2
2 63 5
2 64 1
2 65 3
2 66 4
2 67 2
2 68 4
2 69 5
2 70 2
2 71 3
2 72 3
2 73 2
2 74 5
2 75 2
3 1 5
3 2 1
3 4 3
3 5 4
3 6 5
3 7 2
3 8 2
3 9 3
3 10 2
3 11 4
3 12 3
3 13 4
3 14 5
3 15 1
3 16 4
3 17 4
3 18 5
3 19 2
3 20 3
3 21 3
3 22 4
3 23 4
3 24 1
3 25 3
3 26 3
3 27 2
3 28 5
3 29 2
3 30 3
3 31 1
3 32 5
3 33 5
3 34 4
3 35 3
3 36 3
3 37 5
3 38 4
3 39 1
3 40 4
3 41 3
3 42 4
3 43 2
3 44 1
3 45 5
3 46 4
3 47 1
3 48 4
3 49 4
3 50 3
3 51 3
3 52 3
3 53 3
3 54 1
3 55 3
3 56 2
3 57 5
3 58 1
3 59 4
3 60 4
3 61 1
3 62 1
3 63 5
3 64 5
3 65 1
3 66 2
3 67 4
3 68 5
3 69 3
3 70 4
3 71 4
3 72 2
3 73 4
3 74 2
3 75 2
4 1 4
4 2 5
4 3 5
4 5 4
4 6 5
4 7 4
4 8 3
4 9 4
4 10 1
4 11 1
4 12 1
4 13 5
4 14 5
4 15 4
4 16 3
4 17 5
4 18 4
4 19 3
4 20 5
4 21 5
4 22 1
4 23 3
4 24 3
4 25 5
4 26 5
4 27 1
4 28 5
4 29 1
4 30 1
4 31 1
4 32 5
4 33 4
4 34 3
4 35 1
4 36 4
4 37 4
4 38 4
4 39 2
4 40 3
4 41 1
4 42 2
4 43 5
4 44 5
4 45 3
4 46 3
4 47 4
4 48 5
4 49 3
4 50 4
4 51 4
4 52 2
4 53 4
4 54 1
4 55 4
4 56 3
4 57 3
4 58 1
4 59 3
4 60 5
4 61 2
4 62 5
4 63 1
4 64 2
4 65 2
4 66 1
4 67 1
4 68 3
4 69 4
4 70 4
4 71 5
4 72 5
4 73 5
4 74 4
4 75 1
5 1 4
5 2 4
5 3 5
5 4 3
5 6 1
5 7 3
5 8 3
5 9 3
5 10 1
5 11 1
5 12 1
5 13 5
5 14 3
5 15 4
5 16 4
5 17 4
5 18 5
5 19 4
5 20 2
5 21 1
5 22 2
5 23 2
5 24 3
5 25 4
5 26 3
5 27 1
5 28 3
5 29 4
5 30 2
5 31 4
5 32 4
5 33 1
5 34 4
5 35 5
5 36 5
5 37 4
5 38 4
5 39 3
5 40 3
5 41 1
5 42 3
5 43 1
5 44 1
5 45 2
5 46 4
5 47 4
5 48 2
5 49 5
5 50 4
5 51 3
5 52 2
5 53 1
5 54 5
5 55 5
5 56 4
5 57 4
5 58 2
5 59 4
5 60 2
5 61 1
5 62 4
5 63 2
5 64 3
5 65 2
5 66 4
5 67 2
5 68 2
5 69 2
5 70 1
5 71 5
5 72 3
5 73 3
5 74 5
5 75 3
6 1 1
6 2 5
6 3 3
6 4 3
6 5 4
6 7 2
6 8 5
6 9 2
6 10 2
6 11 1
6 12 1
6 13 2
6 14 1
6 15 5
6 16 5
6 17 4
6 18 5
6 19 5
6 20 1
6 21 2
6 22 1
6 23 1
6 24 5
6 25 3
6 26 2
6 27 1
6 28 2
6 29 4
6 30 5
6 31 3
6 32 3
6 33 1
6 34 4
6 35 3
6 36 5
6 37 2
6 38 4
6 39 1
6 40 3
6 41 2
6 42 4
6 43 1
6 44 5
6 45 4
6 46 2
6 47 2
6 48 3
6 49 1
6 50 1
6 51 5
6 52 4
6 53 2
6 54 5
6 55 3
6 56 1
6 57 3
6 58 5
6 59 4
6 60 4
6 61 5
6 62 3
6 63 1
6 64 2
6 65 1
6 66 5
6 67 3
6 68 2
6 69 3
6 70 3
6 71 1
6 72 1
6 73 1
6 74 3
6 75 3
7 1 2
7 2 4
7 3 4
7 4 1
7 5 1
7 6 1
7 8 5
7 9 1
7 10 4
7 11 1
7 12 4
7 13 4
7 14 3
7 15 5
7 16 2
7 17 1
7 18 4
7 19 1
7 20 4
7 21 2
7 22 1
7 23 3
7 24 4
7 25 4
7 26 3
7 27 4
7 28 5
7 29 5
7 30 1
7 31 4
7 32 2
7 33 2
7 34 3
7 35 2
7 36 2
7 37 5
7 38 3
7 39 3
7 40 1
7 41 1
7 42 5
7 43 1
7 44 2
7 45 3
7 46 5
7 47 5
7 48 5
7 49 1
7 50 1
7 51 3
7 52 2
7 53 1
7 54 3
7 55 3
7 56 5
7 57 2
7 58 1
7 59 1
7 60 1
7 61 1
7 62 4
7 63 5
7 64 5
7 65 3
7 66 1
7 67 1
7 68 5
7 69 5
7 70 1
7 71 5
7 72 1
7 73 5
7 74 2
7 75 2
8 1 4
8 2 1
8 3 3
8 4 4
8 5 3
8 6 3
8 7 3
8 9 2
8 10 4
8 11 2
8 12 4
8 13 5
8 14 3
8 15 4
8 16 5
8 17 1
8 18 1
8 19 5
8 20 5
8 21 5
8 22 5
8 23 2
8 24 3
8 25 4
8 26 2
8 27 3
8 28 5
8 29 4
8 30 4
8 31 1
8 32 2
8 33 5
8 34 3
8 35 4
8 36 5
8 37 1
8 38 2
8 39 2
8 40 2
8 41 2
8 42 1
8 43 2
8 44 1
8 45 5
8 46 5
8 47 2
8 48 5
8 49 5
8 50 3
8 51 1
8 52 5
8 53 2
8 54 3
8 55 2
8 56 2
8 57 4
8 58 1
8 59 1
8 60 4
8 61 1
8 62 3
8 63 5
8 64 5
8 65 1
8 66 3
8 67 4
8 68 3
8 69 1
8 70 3
8 71 1
8 72 2
8 73 3
8 74 2
8 75 4
9 1 2
9 2 1
9 3 2
9 4 4
9 5 2
9 6 2
9 7 4
9 8 3
9 10 3
9 11 1
9 12 1
9 13 2
9 14 1
9 15 1
9 16 2
9 17 4
9 18 2
9 19 2
9 20 5
9 21 1
9 22 2
9 23 3
9 24 5
9 25 4
9 26 5
9 27 4
9 28 4
9 29 2
9 30 1
9 31 2
9 32 2
9 33 4
9 34 2
9 35 1
9 36 2
9 37 5
9 38 2
9 39 1
9 40 3
9 41 1
9 42 1
9 43 3
9 44 2
9 45 4
9 46 1
9 47 1
9 48 2
9 49 4
9 50 2
9 51 2
9 52 1
9 53 5
9 54 1
9 55 2
9 56 5
9 57 5
9 58 5
9 59 5
9 60 3
9 61 5
9 62 1
9 63 2
9 64 4
9 65 4
9 66 2
9 67 2
9 68 3
9 69 3
9 70 2
9 71 2
9 72 5
9 73 5
9 74 2
9 75 2
10 1 3
10 2 2
10 3 4
10 4 1
10 5 2
10 6 5
10 7 4
10 8 2
10 9 1
10 11 1
10 12 4
10 13 5
10 14 3
10 15 3
10 16 4
10 17 2
10 18 5
10 19 4
10 20 3
10 21 5
10 22 2
10 23 1
10 24 1
10 25 1
10 26 5
10 27 5
10 28 3
10 29 5
10 30 4
10 31 4
10 32 3
10 33 3
10 34 2
10 35 1
10 36 5
10 37 3
10 38 2
10 39 1
10 40 1
10 41 2
10 42 1
10 43 4
10 44 1
10 45 3
10 46 2
10 47 4
10 48 5
10 49 1
10 50 4
10 51 4
10 52 2
10 53 2
10 54 5
10 55 2
10 56 2
10 57 4
10 58 1
10 59 4
10 60 5
10 61 1
10 62 4
10 63 2
10 64 3
10 65 2
10 66 2
10 67 5
10 68 4
10 69 3
10 70 5
10 71 5
10 72 4
10 73 5
10 74 5
10 75 1
11 1 5
11 2 3
11 3 1
11 4 1
11 5 5
11 6 4
11 7 4
11 8 1
11 9 5
11 10 5
11 12 3
11 13 2
11 14 4
11 15 5
11 16 2
11 17 3
11 18 1
11 19 3
11 20 2
11 21 3
11 22 4
11 23 3
11 24 4
11 25 5
11 26 3
11 27 3
11 28 1
11 29 1
11 30 5
11 31 5
11 32 2
11 33 4
11 34 3
11 35 2
11 36 4
11 37 2
11 38 3
11 39 4
11 40 5
11 41 2
11 42 4
11 43 2
11 44 5
11 45 4
11 46 1
11 47 4
11 48 3
11 49 1
11 50 1
11 51 4
11 52 1
11 53 4
11 54 2
11 55 4
11 56 3
11 57 4
11 58 4
11 59 3
11 60 1
11 61 3
11 62 5
11 63 4
11 64 1
11 65 2
11 66 3
11 67 1
11 68 5
11 69 5
11 70 1
11 71 4
11 72 3
11 73 4
11 74 2
11 75 5
12 1 4
12 2 5
12 3 3
12 4 2
12 5 2
12 6 3
12 7 5
12 8 2
12 9 3
12 10 3
12 11 3
12 13 1
12 14 1
12 15 1
12 16 5
12 17 4
12 18 3
12 19 4
12 20 2
12 21 5
12 22 2
12 23 1
12 24 2
12 25 2
12 26 2
12 27 2
12 28 2
12 29 5
12 30 3
12 31 1
12 32 1
12 33 1
12 34 5
12 35 3
12 36 2
12 37 1
12 38 2
12 39 2
12 40 5
12 41 4
12 42 1
12 43 2
12 44 1
12 45 4
12 46 4
12 47 3
12 48 2
12 49 3
12 50 1
12 51 5
12 52 4
12 53 3
12 54 1
12 55 5
12 56 1
12 57 2
12 58 1
12 59 4
12 60 3
12 61 3
12 62 4
12 63 3
12 64 1
12 65 3
12 66 2
12 67 2
12 68 1
12 69 3
12 70 5
12 71 5
12 72 4
12 73 1
12 74 3
12 75 4
13 1 4
13 2 1
13 3 3
13 4 2
13 5 5
13 6 4
13 7 1
13 8 3
13 9 3
13 10 3
13 11 2
13 12 5
13 14 2
13 15 4
13 16 5
13 17 4
13 18 4
13 19 4
13 20 4
13 21 4
13 22 3
13 23 5
13 24 2
13 25 5
13 26 5
13 27 2
13 28 4
13 29 3
13 30 4
13 31 3
13 32 3
13 33 4
13 34 5
13 35 1
13 36 5
13 37 4
13 38 1
13 39 2
13 40 1
13 41 5
13 42 5
13 43 4
13 44 1
13 45 3
13 46 5
13 47 5
13 48 3
13 49 3
13 50 5
13 51 1
13 52 3
13 53 5
13 54 3
13 55 1
13 56 4
13 57 4
13 58 2
13 59 5
13 60 3
13 61 2
13 62 2
13 63 2
13 64 5
13 65 2
13 66 4
13 67 4
13 68 5
13 69 4
13 70 3
13 71 3
13 72 5
13 73 2
13 74 1
13 75 5
14 1 1
14 2 2
14 3 5
14 4 3
14 5 1
14 6 4
14 7 1
14 8 3
14 9 3
14 10 3
14 11 4
14 12 4
14 13 3
14 15 2
14 16 3
14 17 5
14 18 4
14 19 4
14 20 1
14 21 5
14 22 5
14 23 5
14 24 4
14 25 2
14 26 5
14 27 1
14 28 4
14 29 2
14 30 4
14 31 1
14 32 1
14 33 4
14 34 3
14 35 5
14 36 3
14 37 3
14 38 1
14 39 3
14 40 3
14 41 5
14 42 2
14 43 3
14 44 3
14 45 4
14 46 1
14 47 5
14 48 3
14 49 1
14 50 1
14 51 1
14 52 1
14 53 5
14 54 2
14 55 1
14 56 1
14 57 3
14 58 1
14 59 1
14 60 4
14 61 1
14 62 2
14 63 5
14 64 1
14 65 1
14 66 1
14 67 3
14 68 5
14 69 3
14 70 3
14 71 2
14 72 3
14 73 4
14 74 1
14 75 2
15 1 3
15 2 2
15 3 4
15 4 2
15 5 2
15 6 4
15 7 4
15 8 4
15 9 3
15 10 5
15 11 4
15 12 1
15 13 3
15 14 1
15 16 1
15 17 1
15 18 1
15 19 4
15 20 2
15 21 3
15 22 4
15 23 5
15 24 3
15 25 4
15 26 2
15 27 5
15 28 2
15 29 1
15 30 3
15 31 3
15 32 3
15 33 2
15 34 1
15 35 1
15 36 4
15 37 4
15 38 4
15 39 2
15 40 3
15 41 3
15 42 4
15 43 3
15 44 3
15 45 1
15 46 4
15 47 1
15 48 3
15 49 1
15 50 4
15 51 5
15 52 4
15 53 5
15 54 4
15 55 1
15 56 3
15 57 2
15 58 5
15 59 4
15 60 3
15 61 4
15 62 3
15 63 2
15 64 1
15 65 5
15 66 2
15 67 1
15 68 4
15 69 2
15 70 2
15 71 3
15 72 1
15 73 5
15 74 5
15 75 1
16 1 2
16 2 5
16 3 1
16 4 5
16 5 1
16 6 1
16 7 1
16 8 1
16 9 5
16 10 1
16 11 1
16 12 4
16 13 2
16 14 2
16 15 3
16 17 1
16 18 2
16 19 2
16 20 2
16 21 2
16 22 2
16 23 5
16 24 2
16 25 2
16 26 3
16 27 1
16 28 4
16 29 4
16 30 2
16 31 5
16 32 4
16 33 4
16 34 5
16 35 1
16 36 5
16 37 5
16 38 1
16 39 5
16 40 2
16 41 3
16 42 2
16 43 2
16 44 1
16 45 5
16 46 5
16 47 5
16 48 1
16 49 1
16 50 4
16 51 2
16 52 5
16 53 5
16 54 4
16 55 1
16 56 3
16 57 1
16 58 1
16 59 1
16 60 4
16 61 5
16 62 2
16 63 4
16 64 3
16 65 1
16 66 4
16 67 2
16 68 2
16 69 2
16 70 3
16 71 3
16 72 1
16 73 4
16 74 1
16 75 1
17 1 5
17 2 2
17 3 3
17 4 5
17 5 5
17 6 1
17 7 4
17 8 4
17 9 2
17 10 2
17 11 4
17 12 4
17 13 2
17 14 2
17 15 1
17 16 3
17 18 1
17 19 2
17 20 1
17 21 5
17 22 5
17 23 2
17 24 3
17 25 3
17 26 3
17 27 5
17 28 3
17 29 5
17 30 5
17 31 5
17 32 2
17 33 4
17 34 2
17 35 4
17 36 1
17 37 3
17 38 1
17 39 4
17 40 1
17 41 2
17 42 5
17 43 1
17 44 2
17 45 1
17 46 4
17 47 2
17 48 3
17 49 4
17 50 4
17 51 1
17 52 5
17 53 5
17 54 2
17 55 2
17 56 2
17 57 1
17 58 3
17 59 4
17 60 5
17 61 2
17 62 1
17 63 1
17 64 3
17 65 4
17 66 2
17 67 3
17 68 1
17 69 4
17 70 3
17 71 1
17 72 1
17 73 2
17 74 1
17 75 2
18 1 4
18 2 5
18 3 4
18 4 4
18 5 5
18 6 4
18 7 4
18 8 5
18 9 3
18 10 2
18 11 1
18 12 1
18 13 2
18 14 4
18 15 2
18 16 1
18 17 2
18 19 2
18 20 3
18 21 1
18 22 5
18 23 1
18 24 5
18 25 5
18 26 5
18 27 2
18 28 2
18 29 2
18 30 5
18 31 4
18 32 3
18 33 4
18 34 3
18 35 3
18 36 4
18 37 5
18 38 3
18 39 2
18 40 1
18 41 2
18 42 3
18 43 1
18 44 3
18 45 1
18 46 1
18 47 1
18 48 3
18 49 5
18 50 2
18 51 2
18 52 2
18 53 3
18 54 3
18 55 2
18 56 4
18 57 4
18 58 5
18 59 2
18 60 5
18 61 5
18 62 5
18 63 4
18 64 5
18 65 5
18 66 4
18 67 3
18 68 4
18 69 1
18 70 1
18 71 4
18 72 3
18 73 5
18 74 1
18 75 2
19 1 5
19 2 4
19 3 4
19 4 2
19 5 5
19 6 2
19 7 5
19 8 1
19 9 4
19 10 2
19 11 4
19 12 4
19 13 5
19 14 4
19 15 5
19 16 1
19 17 5
19 18 1
19 20 5
19 21 4
19 22 5
19 23 3
19 24 1
19 25 5
19 26 5
19 27 3
19 28 3
19 29 4
19 30 2
19 31 1
19 32 5
19 33 3
19 34 1
19 35 3
19 36 1
19 37 5
19 38 1
19 39 5
19 40 2
19 41 4
19 42 2
19 43 3
19 44 4
19 45 3
19 46 1
19 47 5
19 48 4
19 49 2
19 50 1
19 51 5
19 52 5
19 53 5
19 54 2
19 55 2
19 56 5
19 57 1
19 58 4
19 59 4
19 60 5
19 61 2
19 62 1
19 63 1
19 64 4
19 65 3
19 66 1
19 67 4
19 68 4
19 69 1
19 70 5
19 71 1
19 72 2
19 73 1
19 74 3
19 75 5
20 1 1
20 2 5
20 3 2
20 4 1
20 5 1
20 6 2
20 7 5
20 8 2
20 9 3
20 10 3
20 11 3
20 12 4
20 13 3
20 14 3
20 15 5
20 16 4
20 17 4
20 18 5
20 19 5
20 21 4
20 22 3
20 23 2
20 24 4
20 25 3
20 26 2
20 27 3
20 28 3
20 29 5
20 30 4
20 31 2
20 32 5
20 33 1
20 34 3
20 35 1
20 36 1
20 37 5
20 38 4
20 39 2
20 40 1
20 41 1
20 42 4
20 43 5
20 44 5
20 45 1
20 46 2
20 47 4
20 48 2
20 49 2
20 50 5
20 51 1
20 52 5
20 53 4
20 54 4
20 55 3
20 56 2
20 57 2
20 58 1
20 59 1
20 60 2
20 61 1
20 62 5
20 63 1
20 64 3
20 65 2
20 66 3
20 67 3
20 68 4
20 69 3
20 70 4
20 71 4
20 72 3
20 73 2
20 74 1
20 75 4
21 1 4
21 2 2
21 3 4
21 4 5
21 5 1
21 6 4
21 7 2
21 8 5
21 9 4
21 10 2
21 11 5
21 12 5
21 13 4
21 14 2
21 15 1
21 16 5
21 17 4
21 18 5
21 19 2
21 20 1
21 22 3
21 23 1
21 24 5
21 25 1
21 26 3
21 27 5
21 28 2
21 29 2
21 30 3
21 31 2
21 32 1
21 33 1
21 34 5
21 35 1
21 36 3
21 37 5
21 38 1
21 39 1
21 40 2
21 41 5
21 42 3
21 43 3
21 44 4
21 45 1
21 46 4
21 47 1
21 48 5
21 49 4
21 50 5
21 51 1
21 52 4
21 53 3
21 54 1
21 55 5
21 56 5
21 57 5
21 58 4
21 59 1
21 60 1
21 61 1
21 62 2
21 63 3
21 64 3
21 65 4
21 66 1
21 67 2
21 68 3
21 69 1
21 70 3
21 71 1
21 72 5
21 73 2
21 74 3
21 75 4
22 1 4
22 2 3
22 3 4
22 4 3
22 5 1
22 6 1
22 7 5
22 8 1
22 9 5
22 10 2
22 11 2
22 12 4
22 13 1
22 14 5
22 15 5
22 16 3
22 17 2
22 18 3
22 19 3
22 20 2
22 21 1
22 23 3
22 24 3
22 25 1
22 26 3
22 27 2
22 28 1
22 29 3
22 30 5
22 31 1
22 32 3
22 33 3
22 34 3
22 35 3
22 36 5
22 37 1
22 38 3
22 39 1
22 40 3
22 41 2
22 42 2
22 43 5
22 44 3
22 45 4
22 46 1
22 47 4
22 48 4
22 49 3
22 50 1
22 51 1
22 52 4
22 53 4
22 54 3
22 55 3
22 56 4
22 57 5
22 58 2
22 59 4
22 60 4
22 61 1
22 62 4
22 63 1
22 64 4
22 65 4
22 66 4
22 67 5
22 68 1
22 69 3
22 70 3
22 71 3
22 72 2
22 73 1
22 74 2
22 75 4
23 1 5
23 2 5
23 3 4
23 4 5
23 5 2
23 6 4
23 7 5
23 8 2
23 9 2
23 10 2
23 11 1
23 12 2
23 13 3
23 14 2
23 15 1
23 16 4
23 17 3
23 18 1
23 19 1
23 20 3
23 21 4
23 22 4
23 24 4
23 25 4
23 26 4
23 27 1
23 28 4
23 29 2
23 30 4
23 31 2
23 32 2
23 33 5
23 34 1
23 35 5
23 36 4
23 37 4
23 38 5
23 39 3
23 40 5
23 41 2
23 42 1
23 43 1
23 44 3
23 45 5
23 46 2
23 47 5
23 48 3
23 49 1
23 50 1
23 51 4
23 52 5
23 53 1
23 54 4
23 55 1
23 56 2
23 57 4
23 58 1
23 59 5
23 60 5
23 61 1
23 62 3
23 63 1
23 64 5
23 65 4
23 66 2
23 67 3
23 68 2
23 69 2
23 70 2
23 71 4
23 72 5
23 73 2
23 74 4
23 75 4
24 1 4
24 2 2
24 3 4
24 4 3
24 5 3
24 6 1
24 7 1
24 8 4
24 9 3
24 10 2
24 11 4
24 12 4
24 13 2
24 14 2
24 15 5
24 16 2
24 17 2
24 18 3
24 19 4
24 20 2
24 21 3
24 22 1
24 23 1
24 25 4
24 26 2
24 27 3
24 28 2
24 29 1
24 30 1
24 31 2
24 32 4
24 33 4
24 34 4
24 35 4
24 36 2
24 37 3
24 38 4
24 39 4
24 40 1
24 41 4
24 42 2
24 43 2
24 44 2
24 45 4
24 46 3
24 47 4
24 48 2
24 49 1
24 50 3
24 51 5
24 52 4
24 53 5
24 54 2
24 55 5
24 56 5
24 57 3
24 58 2
24 59 4
24 60 5
24 61 2
24 62 5
24 63 1
24 64 3
24 65 3
24 66 4
24 67 1
24 68 2
24 69 5
24 70 4
24 71 5
24 72 3
24 73 3
24 74 1
24 75 1
25 1 1
25 2 5
25 3 1
25 4 4
25 5 2
25 6 3
25 7 3
25 8 1
25 9 2
25 10 2
25 11 5
25 12 2
25 13 4
25 14 3
25 15 5
25 16 1
25 17 1
25 18 1
25 19 1
25 20 3
25 21 4
25 22 1
25 23 5
25 24 2
25 26 5
25 27 4
25 28 1
25 29 4
25 30 1
25 31 3
25 32 2
25 33 3
25 34 4
25 35 2
25 36 1
25 37 1
25 38 5
25 39 5
25 40 1
25 41 1
25 42 1
25 43 2
25 44 4
25 45 2
25 46 1
25 47 5
25 48 4
25 49 1
25 50 1
25 51 4
25 52 1
25 53 1
25 54 1
25 55 5
25 56 2
25 57 1
25 58 5
25 59 5
25 60 1
25 61 2
25 62 4
25 63 2
25 64 4
25 65 3
25 66 4
25 67 1
25 68 3
25 69 3
25 70 3
25 71 5
25 72 5
25 73 3
25 74 3
25 75 4
26 1 1
26 2 3
26 3 3
26 4 4
26 5 5
26 6 5
26 7 4
26 8 5
26 9 5
26 10 5
26 11 2
26 12 2
26 13 2
26 14 1
26 15 3
26 16 2
26 17 3
26 18 1
26 19 1
26 20 3
26 21 3
26 22 4
26 23 4
26 24 2
26 25 3
26 27 1
26 28 3
26 29 2
26 30 5
26 31 2
26 32 2
26 33 3
26 34 4
26 35 2
26 36 1
26 37 4
26 38 1
26 39 2
26 40 5
26 41 1
26 42 3
26 43 1
26 44 4
26 45 4
26 46 2
26 47 3
26 48 2
26 49 1
26 50 3
26 51 2
26 52 3
26 53 3
26 54 2
26 55 3
26 56 1
26 57 4
26 58 5
26 59 4
26 60 3
26 61 2
26 62 2
26 63 4
26 64 4
26 65 1
26 66 2
26 67 1
26 68 1
26 69 3
26 70 2
26 71 2
26 72 5
26 73 4
26 74 5
26 75 3
27 1 4
27 2 3
27 3 5
27 4 3
27 5 3
27 6 4
27 7 1
27 8 5
27 9 1
27 10 3
27 11 5
27 12 2
27 13 3
27 14 4
27 15 2
27 16 2
27 17 5
27 18 5
27 19 1
27 20 3
27 21 2
27 22 4
27 23 1
27 24 4
27 25 1
27 26 4
27 28 1
27 29 5
27 30 5
27 31 5
27 32 4
27 33 3
27 34 2
27 35 5
27 36 5
27 37 1
27 38 4
27 39 1
27 40 2
27 41 1
27 42 5
27 43 1
27 44 4
27 45 4
27 46 2
27 47 2
27 48 1
27 49 1
27 50 2
27 51 3
27 52 1
27 53 3
27 54 1
27 55 3
27 56 2
27 57 2
27 58 1
27 59 4
27 60 3
27 61 5
27 62 3
27 63 2
27 64 3
27 65 1
27 66 1
27 67 4
27 68 3
27 69 4
27 70 1
27 71 4
27 72 5
27 73 2
27 74 2
27 75 3
28 1 1
28 2 3
28 3 5
28 4 1
28 5 5
28 6 3
28 7 3
28 8 5
28 9 5
28 10 5
28 11 2
28 12 1
28 13 1
28 14 5
28 15 4
28 16 4
28 17 4
28 18 3
28 19 2
28 20 3
28 21 5
28 22 2
28 23 4
28 24 2
28 25 3
28 26 4
28 27 3
28 29 4
28 30 3
28 31 4
28 32 3
28 33 3
28 34 1
28 35 2
28 36 5
28 37 2
28 38 4
28 39 4
28 40 2
28 41 1
28 42 3
28 43 5
28 44 3
28 45 1
28 46 1
28 47 2
28 48 1
28 49 5
28 50 1
28 51 2
28 52 2
28 53 3
28 54 5
28 55 2
28 56 1
28 57 2
28 58 1
28 59 3
28 60 2
28 61 5
28 62 3
28 63 5
28 64 2
28 65 5
28 66 3
28 67 1
28 68 2
28 69 4
28 70 4
28 71 5
28 72 4
28 73 3
28 74 1
28 75 1
29 1 3
29 2 2
29 3 4
29 4 3
29 5 1
29 6 2
29 7 1
29 8 4
29 9 4
29 10 1
29 11 1
29 12 1
29 13 4
29 14 3
29 15 4
29 16 1
29 17 2
29 18 3
29 19 5
29 20 5
29 21 3
29 22 2
29 23 2
29 24 1
29 25 5
29 26 5
29 27 5
29 28 3
29 30 4
29 31 2
29 32 1
29 33 2
29 34 3
29 35 4
29 36 1
29 37 5
29 38 5
29 39 2
29 40 1
29 41 5
29 42 4
29 43 1
29 44 1
29 45 2
29 46 5
29 47 1
29 48 2
29 49 3
29 50 3
29 51 3
29 52 2
29 53 2
29 54 2
29 55 3
29 56 4
29 57 1
29 58 4
29 59 3
29 60 1
29 61 2
29 62 2
29 63 1
29 64 5
29 65 4
29 66 1
29 67 1
29 68 1
29 69 3
29 70 4
29 71 1
29 72 4
29 73 2
29 74 3
29 75 4
30 1 3
30 2 2
30 3 1
30 4 2
30 5 1
30 6 4
30 7 1
30 8 2
30 9 2
30 10 2
30 11 1
30 12 1
30 13 3
30 14 1
30 15 5
30 16 5
30 17 2
30 18 1
30 19 2
30 20 4
30 21 2
30 22 2
30 23 4
30 24 2
30 25 1
30 26 4
30 27 2
30 28 5
30 29 5
30 31 4
30 32 5
30 33 4
30 34 2
30 35 1
30 36 5
30 37 2
30 38 1
30 39 3
30 40 5
30 41 4
30 42 4
30 43 5
30 44 4
30 45 3
30 46 2
30 47 1
30 48 2
30 49 5
30 50 3
30 51 3
30 52 3
30 53 1
30 54 2
30 55 3
30 56 2
30 57 2
30 58 1
30 59 5
30 60 3
30 61 5
30 62 5
30 63 3
30 64 4
30 65 1
30 66 5
30 67 5
30 68 4
30 69 5
30 70 2
30 71 3
30 72 3
30 73 3
30 74 4
30 75 4
31 1 5
31 2 5
31 3 1
31 4 2
31 5 5
31 6 3
31 7 1
31 8 4
31 9 1
31 10 2
31 11 2
31 12 2
31 13 1
31 14 2
31 15 4
31 16 5
31 17 4
31 18 3
31 19 4
31 20 2
31 21 1
31 22 3
31 23 3
31 24 4
31 25 4
31 26 5
31 27 4
31 28 4
31 29 4
31 30 4
31 32 2
31 33 3
31 34 1
31 35 4
31 36 4
31 37 2
31 38 3
31 39 2
31 40 5
31 41 3
31 42 3
31 43 3
31 44 5
31 45 5
31 46 5
31 47 5
31 48 5
31 49 3
31 50 2
31 51 5
31 52 1
31 53 4
31 54 3
31 55 3
31 56 5
31 57 1
31 58 4
31 59 5
31 60 4
31 61 2
31 62 3
31 63 2
31 64 5
31 65 5
31 66 5
31 67 5
31 68 1
31 69 3
31 70 1
31 71 3
31 72 5
31 73 1
31 74 5
31 75 1
32 1 2
32 2 1
32 3 5
32 4 3
32 5 3
32 6 4
32 7 3
32 8 5
32 9 4
32 10 5
32 11 3
32 12 3
32 13 2
32 14 3
32 15 2
32 16 1
32 17 2
32 18 2
32 19 4
32 20 1
32 21 1
32 22 4
32 23 2
32 24 2
32 25 3
32 26 5
32 27 1
32 28 4
32 29 5
32 30 5
32 31 2
32 33 1
32 34 1
32 35 3
32 36 4
32 37 5
32 38 1
32 39 1
32 40 5
32 41 5
32 42 2
32 43 4
32 44 4
32 45 3
32 46 3
32 47 1
32 48 5
32 49 4
32 50 4
32 51 4
32 52 1
32 53 4
32 54 4
32 55 3
32 56 2
32 57 1
32 58 2
32 59 2
32 60 4
32 61 1
32 62 2
32 63 5
32 64 3
32 65 4
32 66 3
32 67 3
32 68 5
32 69 5
32 70 3
32 71 1
32 72 1
32 73 1
32 74 4
32 75 2
33 1 4
33 2 4
33 3 4
33 4 3
33 5 2
33 6 2
33 7 1
33 8 3
33 9 5
33 10 4
33 11 2
33 12 2
33 13 1
33 14 3
33 15 5
33 16 2
33 17 5
33 18 3
33 19 3
33 20 2
33 21 3
33 22 2
33 23 2
33 24 3
33 25 4
33 26 4
33 27 3
33 28 4
33 29 5
33 30 4
33 31 5
33 32 5
33 34 2
33 35 5
33 36 2
33 37 5
33 38 1
33 39 5
33 40 2
33 41 1
33 42 5
33 43 3
33 44 4
33 45 3
33 46 2
33 47 5
33 48 4
33 49 1
33 50 3
33 51 1
33 52 5
33 53 5
33 54 3
33 55 1
33 56 4
33 57 3
33 58 1
33 59 2
33 60 1
33 61 2
33 62 2
33 63 3
33 64 3
33 65 5
33 66 2
33 67 2
33 68 4
33 69 5
33 70 1
33 71 3
33 72 5
33 73 2
33 74 2
33 75 5
34 1 4
34 2 1
34 3 1
34 4 2
34 5 1
34 6 3
34 7 5
34 8 2
34 9 5
34 10 4
34 11 4
34 12 3
34 13 1
34 14 2
34 15 1
34 16 3
34 17 5
34 18 4
34 19 5
34 20 3
34 21 5
34 22 4
34 23 4
34 24 4
34 25 3
34 26 1
34 27 3
34 28 4
34 29 2
34 30 1
34 31 5
34 32 1
34 33 1
34 35 5
34 36 4
34 37 4
34 38 5
34 39 3
34 40 5
34 41 1
34 42 3
34 43 1
34 44 3
34 45 3
34 46 2
34 47 1
34 48 1
34 49 3
34 50 1
34 51 2
34 52 5
34 53 1
34 54 2
34 55 5
34 56 1
34 57 4
34 58 5
34 59 3
34 60 4
34 61 4
34 62 5
34 63 5
34 64 4
34 65 1
34 66 5
34 67 4
34 68 1
34 69 1
34 70 4
34 71 2
34 72 1
34 73 1
34 74 2
34 75 5
35 1 1
35 2 5
35 3 2
35 4 1
35 5 3
35 6 3
35 7 4
35 8 4
35 9 3
35 10 1
35 11 4
35 12 3
35 13 1
35 14 5
35 15 2
35 16 5
35 17 3
35 18 3
35 19 1
35 20 3
35 21 5
35 22 5
35 23 2
35 24 5
35 25 2
35 26 2
35 27 2
35 28 2
35 29 2
35 30 3
35 31 4
35 32 4
35 33 5
35 34 5
35 36 4
35 37 4
35 38 2
35 39 5
35 40 2
35 41 1
35 42 5
35 43 2
35 44 5
35 45 2
35 46 2
35 47 3
35 48 3
35 49 4
35 50 1
35 51 4
35 52 2
35 53 5
35 54 5
35 55 5
35 56 5
35 57 2
35 58 1
35 59 1
35 60 5
35 61 4
35 62 5
35 63 3
35 64 3
35 65 4
35 66 5
35 67 3
35 68 2
35 69 3
35 70 2
35 71 1
35 72 4
35 73 3
35 74 2
35 75 3
36 1 5
36 2 5
36 3 1
36 4 4
36 5 4
36 6 3
36 7 2
36 8 2
36 9 2
36 10 4
36 11 1
36 12 1
36 13 5
36 14 1
36 15 3
36 16 1
36 17 4
36 18 3
36 19 1
36 20 3
36 21 1
36 22 5
36 23 1
36 24 5
36 25 2
36 26 2
36 27 5
36 28 2
36 29 5
36 30 3
36 31 2
36 32 1
36 33 3
36 34 2
36 35 4
36 37 1
36 38 4
36 39 3
36 40 4
36 41 2
36 42 1
36 43 4
36 44 3
36 45 2
36 46 1
36 47 5
36 48 2
36 49 1
36 50 2
36 51 2
36 52 4
36 53 5
36 54 3
36 55 4
36 56 1
36 57 2
36 58 2
36 59 5
36 60 3
36 61 3
36 62 4
36 63 4
36 64 3
36 65 1
36 66 2
36 67 4
36 68 3
36 69 2
36 70 1
36 71 1
36 72 4
36 73 3
36 74 1
36 75 1
37 1 4
37 2 1
37 3 2
37 4 2
37 5 4
37 6 1
37 7 1
37 8 4
37 9 2
37 10 5
37 11 4
37 12 2
37 13 1
37 14 5
37 15 1
37 16 4
37 17 3
37 18 4
37 19 4
37 20 2
37 21 2
37 22 1
37 23 5
37 24 4
37 25 2
37 26 2
37 27 2
37 28 2
37 29 1
37 30 2
37 31 4
37 32 1
37 33 5
37 34 1
37 35 3
37 36 3
37 38 3
37 39 5
37 40 1
37 41 4
37 42 4
37 43 4
37 44 5
37 45 5
37 46 5
37 47 2
37 48 5
37 49 2
37 50 2
37 51 3
37 52 1
37 53 3
37 54 5
37 55 2
37 56 4
37 57 4
37 58 4
37 59 5
37 60 5
37 61 1
37 62 1
37 63 4
37 64 2
37 65 2
37 66 1
37 67 4
37 68 4
37 69 3
37 70 5
37 71 1
37 72 1
37 73 3
37 74 1
37 75 5
38 1 4
38 2 1
38 3 3
38 4 3
38 5 4
38 6 4
38 7 3
38 8 4
38 9 4
38 10 2
38 11 1
38 12 4
38 13 5
38 14 1
38 15 3
38 16 2
38 17 1
38 18 5
38 19 5
38 20 2
38 21 2
38 22 5
38 23 2
38 24 2
38 25 2
38 26 3
38 27 5
38 28 4
38 29 1
38 30 5
38 31 5
38 32 4
38 33 2
38 34 2
38 35 4
38 36 1
38 37 2
38 39 1
38 40 1
38 41 2
38 42 4
38 43 3
38 44 5
38 45 1
38 46 3
38 47 2
38 48 2
38 49 1
38 50 4
38 51 3
38 52 4
38 53 2
38 54 2
38 55 3
38 56 3
38 57 5
38 58 5
38 59 2
38 60 3
38 61 2
38 62 2
38 63 4
38 64 3
38 65 5
38 66 5
38 67 1
38 68 5
38 69 3
38 70 3
38 71 3
38 72 5
38 73 1
38 74 5
38 75 4
39 1 3
39 2 5
39 3 3
39 4 4
39 5 2
39 6 1
39 7 1
39 8 5
39 9 2
39 10 4
39 11 4
39 12 1
39 13 5
39 14 1
39 15 3
39 16 4
39 17 2
39 18 1
39 19 2
39 20 4
39 21 2
39 22 3
39 23 1
39 24 2
39 25 1
39 26 3
39 27 1
39 28 2
39 29 1
39 30 2
39 31 5
39 32 3
39 33 1
39 34 4
39 35 2
39 36 4
39 37 1
39 38 4
39 40 1
39 41 4
39 42 5
39 43 4
39 44 5
39 45 4
39 46 4
39 47 4
39 48 5
39 49 3
39 50 1
39 51 3
39 52 1
39 53 2
39 54 1
39 55 2
39 56 5
39 57 3
39 58 1
39 59 2
39 60 4
39 61 1
39 62 4
39 63 5
39 64 4
39 65 4
39 66 4
39 67 2
39 68 3
39 69 4
39 70 5
39 71 3
39 72 5
39 73 1
39 74 3
39 75 4
40 1 2
40 2 4
40 3 4
40 4 1
40 5 1
40 6 4
40 7 3
40 8 3
40 9 2
40 10 3
40 11 1
40 12 4
40 13 2
40 14 2
40 15 5
40 16 5
40 17 2
40 18 3
40 19 5
40 20 2
40 21 4
40 22 5
40 23 3
40 24 3
40 25 5
40 26 5
40 27 2
40 28 4
40 29 5
40 30 4
40 31 4
40 32 1
40 33 4
40 34 2
40 35 1
40 36 4
40 37 2
40 38 1
40 39 4
40 41 4
40 42 5
40 43 4
40 44 2
40 45 2
40 46 2
40 47 3
40 48 3
40 49 1
40 50 1
40 51 4
40 52 2
40 53 4
40 54 3
40 55 5
40 56 1
40 57 5
40 58 1
40 59 4
40 60 3
40 61 5
40 62 2
40 63 2
40 64 1
40 65 1
40 66 3
40 67 3
40 68 1
40 69 2
40 70 5
40 71 1
40 72 5
40 73 5
40 74 5
40 75 3
41 1 3
41 2 3
41 3 5
41 4 5
41 5 3
41 6 2
41 7 4
41 8 2
41 9 2
41 10 3
41 11 3
41 12 4
41 13 2
41 14 3
41 15 2
41 16 5
41 17 2
41 18 1
41 19 3
41 20 4
41 21 3
41 22 2
41 23 4
41 24 3
41 25 3
41 26 3
41 27 4
41 28 4
41 29 4
41 30 5
41 31 1
41 32 1
41 33 4
41 34 3
41 35 3
41 36 2
41 37 1
41 38 1
41 39 5
41 40 3
41 42 5
41 43 2
41 44 3
41 45 2
41 46 4
41 47 5
41 48 3
41 49 2
41 50 5
41 51 5
41 52 3
41 53 2
41 54 1
41 55 3
41 56 1
41 57 1
41 58 5
41 59 1
41 60 4
41 61 1
41 62 2
41 63 2
41 64 3
41 65 1
41 66 1
41 67 5
41 68 4
41 69 1
41 70 2
41 71 3
41 72 5
41 73 2
41 74 1
41 75 3
42 1 3
42 2 4
42 3 2
42 4 2
42 5 2
42 6 3
42 7 1
42 8 1
42 9 4
42 10 3
42 11 3
42 12 1
42 13 3
42 14 5
42 15 2
42 16 4
42 17 5
42 18 3
42 19 5
42 20 2
42 21 3
42 22 5
42 23 2
42 24 1
42 25 2
42 26 3
42 27 5
42 28 4
42 29 4
42 30 5
42 31 1
42 32 3
42 33 5
42 34 4
42 35 4
42 36 4
42 37 3
42 38 1
42 39 4
42 40 3
42 41 1
42 43 2
42 44 3
42 45 3
42 46 1
42 47 4
42 48 3
42 49 5
42 50 2
42 51 2
42 52 3
42 53 1
42 54 3
42 55 1
42 56 4
42 57 2
42 58 1
42 59 5
42 60 5
42 61 1
42 62 5
42 63 2
42 64 4
42 65 1
42 66 2
42 67 4
42 68 4
42 69 4
42 70 5
42 71 3
42 72 1
42 73 5
42 74 1
42 75 3
43 1 4
43 2 1
43 3 4
43 4 4
43 5 2
43 6 2
43 7 5
43 8 4
43 9 2
43 10 5
43 11 5
43 12 2
43 13 3
43 14 5
43 15 2
43 16 2
43 17 5
43 18 3
43 19 5
43 20 5
43 21 3
43 22 1
43 23 4
43 24 4
43 25 4
43 26 5
43 27 1
43 28 1
43 29 1
43 30 3
43 31 5
43 32 1
43 33 3
43 34 3
43 35 4
43 36 1
43 37 4
43 38 1
43 39 4
43 40 3
43 41 5
43 42 5
43 44 4
43 45 2
43 46 1
43 47 2
43 48 5
43 49 3
43 50 4
43 51 4
43 52 4
43 53 2
43 54 4
43 55 4
43 56 2
43 57 4
43 58 3
43 59 4
43 60 1
43 61 5
43 62 1
43 63 5
43 64 1
43 65 5
43 66 5
43 67 4
43 68 5
43 69 5
43 70 4
43 71 3
43 72 2
43 73 5
43 74 5
43 75 3
44 1 3
44 2 2
44 3 4
44 4 2
44 5 4
44 6 5
44 7 2
44 8 3
44 9 3
44 10 2
44 11 3
44 12 4
44 13 2
44 14 1
44 15 2
44 16 2
44 17 2
44 18 2
44 19 4
44 20 2
44 21 1
44 22 3
44 23 3
44 24 5
44 25 2
44 26 3
44 27 4
44 28 1
44 29 3
44 30 5
44 31 3
44 32 5
44 33 2
44 34 3
44 35 4
44 36 2
44 37 4
44 38 5
44 39 1
44 40 1
44 41 2
44 42 4
44 43 4
44 45 3
44 46 1
44 47 2
44 48 2
44 49 2
44 50 5
44 51 5
44 52 1
44 53 5
44 54 2
44 55 3
44 56 1
44 57 5
44 58 5
44 59 2
44 60 5
44 61 4
44 62 3
44 63 4
44 64 4
44 65 4
44 66 4
44 67 4
44 68 3
44 69 2
44 70 3
44 71 3
44 72 3
44 73 1
44 74 1
44 75 3
45 1 1
45 2 3
45 3 5
45 4 2
45 5 5
45 6 1
45 7 1
45 8 5
45 9 3
45 10 4
45 11 4
45 12 3
45 13 5
45 14 3
45 15 1
45 16 2
45 17 2
45 18 4
45 19 5
45 20 2
45 21 4
45 22 5
45 23 5
45 24 1
45 25 2
45 26 4
45 27 1
45 28 1
45 29 5
45 30 3
45 31 5
45 32 5
45 33 1
45 34 1
45 35 1
45 36 2
45 37 2
45 38 3
45 39 1
45 40 4
45 41 3
45 42 4
45 43 3
45 44 2
45 46 3
45 47 1
45 48 3
45 49 1
45 50 1
45 51 5
45 52 2
45 53 4
45 54 4
45 55 1
45 56 2
45 57 2
45 58 2
45 59 4
45 60 4
45 61 1
45 62 1
45 63 4
45 64 2
45 65 1
45 66 1
45 67 2
45 68 2
45 69 2
45 70 1
45 71 4
45 72 2
45 73 3
45 74 4
45 75 5
46 1 4
46 2 2
46 3 5
46 4 4
46 5 2
46 6 5
46 7 3
46 8 1
46 9 5
46 10 3
46 11 3
46 12 3
46 13 5
46 14 4
46 15 1
46 16 3
46 17 1
46 18 2
46 19 3
46 20 2
46 21 4
46 22 4
46 23 5
46 24 3
46 25 2
46 26 5
46 27 3
46 28 4
46 29 4
46 30 2
46 31 3
46 32 5
46 33 5
46 34 4
46 35 3
46 36 3
46 37 5
46 38 2
46 39 3
46 40 4
46 41 4
46 42 1
46 43 2
46 44 3
46 45 1
46 47 4
46 48 3
46 49 2
46 50 2
46 51 2
46 52 3
46 53 3
46 54 5
46 55 3
46 56 5
46 57 4
46 58 4
46 59 4
46 60 2
46 61 3
46 62 2
46 63 1
46 64 2
46 65 1
46 66 1
46 67 1
46 68 4
46 69 5
46 70 2
46 71 3
46 72 5
46 73 5
46 74 5
46 75 3
47 1 5
47 2 1
47 3 2
47 4 4
47 5 4
47 6 3
47 7 5
47 8 1
47 9 2
47 10 2
47 11 5
47 12 3
47 13 5
47 14 4
47 15 2
47 16 3
47 17 1
47 18 3
47 19 5
47 20 4
47 21 1
47 22 5
47 23 4
47 24 4
47 25 4
47 26 2
47 27 3
47 28 3
47 29 3
47 30 3
47 31 1
47 32 2
47 33 5
47 34 4
47 35 5
47 36 3
47 37 3
47 38 2
47 39 5
47 40 5
47 41 5
47 42 5
47 43 2
47 44 4
47 45 3
47 46 3
47 48 3
47 49 5
47 50 3
47 51 2
47 52 3
47 53 3
47 54 1
47 55 3
47 56 3
47 57 1
47 58 1
47 59 5
47 60 5
47 61 3
47 62 4
47 63 2
47 64 2
47 65 5
47 66 5
47 67 3
47 68 4
47 69 3
47 70 4
47 71 4
47 72 4
47 73 3
47 74 3
47 75 5
48 1 3
48 2 2
48 3 5
48 4 5
48 5 1
48 6 2
48 7 3
48 8 5
48 9 1
48 10 5
48 11 4
48 12 3
48 13 2
48 14 4
48 15 4
48 16 2
48 17 3
48 18 5
48 19 5
48 20 4
48 21 1
48 22 5
48 23 2
48 24 5
48 25 4
48 26 2
48 27 3
48 28 2
48 29 5
48 30 2
48 31 3
48 32 4
48 33 5
48 34 4
48 35 1
48 36 5
48 37 2
48 38 3
48 39 1
48 40 2
48 41 5
48 42 1
48 43 1
48 44 1
48 45 1
48 46 2
48 47 4
48 49 3
48 50 1
48 51 4
48 52 2
48 53 3
48 54 3
48 55 5
48 56 2
48 57 3
48 58 1
48 59 1
48 60 1
48 61 2
48 62 4
48 63 5
48 64 1
48 65 3
48 66 4
48 67 3
48 68 4
48 69 5
48 70 2
48 71 4
48 72 2
48 73 1
48 74 4
48 75 4
49 1 4
49 2 1
49 3 5
49 4 2
49 5 4
49 6 2
49 7 5
49 8 2
49 9 5
49 10 4
49 11 3
49 12 1
49 13 3
49 14 3
49 15 4
49 16 3
49 17 2
49 18 2
49 19 3
49 20 4
49 21 5
49 22 1
49 23 1
49 24 3
49 25 2
49 26 2
49 27 4
49 28 3
49 29 5
49 30 2
49 31 4
49 32 3
49 33 5
49 34 3
49 35 4
49 36 3
49 37 5
49 38 1
49 39 1
49 40 4
49 41 4
49 42 3
49 43 1
49 44 2
49 45 2
49 46 4
49 47 1
49 48 3
49 50 1
49 51 5
49 52 1
49 53 5
49 54 5
49 55 3
49 56 4
49 57 4
49 58 2
49 59 2
49 60 3
49 61 1
49 62 1
49 63 1
49 64 3
49 65 5
49 66 4
49 67 3
49 68 4
49 69 3
49 70 3
49 71 4
49 72 3
49 73 2
49 74 1
49 75 3
50 1 5
50 2 2
50 3 2
50 4 5
50 5 2
50 6 2
50 7 2
50 8 4
50 9 3
50 10 3
50 11 2
50 12 1
50 13 1
50 14 3
50 15 5
50 16 4
50 17 5
50 18 5
50 19 4
50 20 2
50 21 4
50 22 2
50 23 4
50 24 2
50 25 1
50 26 4
50 27 2
50 28 3
50 29 5
50 30 2
50 31 3
50 32 1
50 33 5
50 34 4
50 35 2
50 36 1
50 37 2
50 38 3
50 39 5
50 40 1
50 41 1
50 42 3
50 43 1
50 44 1
50 45 2
50 46 5
50 47 4
50 48 1
50 49 1
50 51 5
50 52 2
50 53 4
50 54 3
50 55 2
50 56 2
50 57 4
50 58 5
50 59 3
50 60 3
50 61 1
50 62 1
50 63 2
50 64 3
50 65 1
50 66 5
50 67 5
50 68 3
50 69 3
50 70 4
50 71 4
50 72 3
50 73 4
50 74 3
50 75 1
51 1 2
51 2 4
51 3 2
51 4 2
51 5 4
51 6 3
51 7 1
51 8 2
51 9 3
51 10 4
51 11 1
51 12 5
51 13 4
51 14 2
51 15 4
51 16 3
51 17 3
51 18 2
51 19 5
51 20 2
51 21 4
51 22 1
51 23 1
51 24 1
51 25 1
51 26 5
51 27 2
51 28 3
51 29 5
51 30 4
51 31 5
51 32 1
51 33 3
51 34 2
51 35 5
51 36 3
51 37 4
51 38 5
51 39 5
51 40 3
51 41 5
51 42 5
51 43 4
51 44 5
51 45 1
51 46 3
51 47 5
51 48 5
51 49 4
51 50 1
51 52 2
51 53 2
51 54 1
51 55 4
51 56 4
51 57 3
51 58 5
51 59 2
51 60 1
51 61 2
51 62 3
51 63 2
51 64 2
51 65 2
51 66 3
51 67 3
51 68 4
51 69 3
51 70 3
51 71 5
51 72 1
51 73 4
51 74 1
51 75 4
52 1 1
52 2 4
52 3 3
52 4 5
52 5 3
52 6 3
52 7 5
52 8 1
52 9 1
52 10 2
52 11 2
52 12 5
52 13 2
52 14 1
52 15 3
52 16 4
52 17 2
52 18 5
52 19 5
52 20 1
52 21 1
52 22 3
52 23 3
52 24 2
52 25 2
52 26 2
52 27 1
52 28 2
52 29 3
52 30 4
52 31 3
52 32 5
52 33 2
52 34 5
52 35 4
52 36 4
52 37 3
52 38 5
52 39 2
52 40 3
52 41 3
52 42 3
52 43 4
52 44 4
52 45 5
52 46 2
52 47 2
52 48 4
52 49 3
52 50 2
52 51 4
52 53 1
52 54 1
52 55 3
52 56 4
52 57 2
52 58 2
52 59 1
52 60 1
52 61 1
52 62 4
52 63 3
52 64 5
52 65 5
52 66 2
52 67 5
52 68 4
52 69 4
52 70 4
52 71 2
52 72 4
52 73 3
52 74 1
52 75 2
53 1 2
53 2 5
53 3 5
53 4 5
53 5 3
53 6 5
53 7 3
53 8 3
53 9 2
53 10 5
53 11 3
53 12 5
53 13 2
53 14 4
53 15 5
53 16 2
53 17 1
53 18 4
53 19 4
53 20 5
53 21 3
53 22 2
53 23 4
53 24 3
53 25 3
53 26 4
53 27 1
53 28 1
53 29 1
53 30 1
53 31 4
53 32 4
53 33 1
53 34 1
53 35 1
53 36 5
53 37 2
53 38 3
53 39 5
53 40 3
53 41 3
53 42 2
53 43 4
53 44 1
53 45 2
53 46 5
53 47 2
53 48 2
53 49 3
53 50 2
53 51 1
53 52 3
53 54 5
53 55 1
53 56 2
53 57 2
53 58 4
53 59 3
53 60 4
53 61 4
53 62 3
53 63 5
53 64 5
53 65 5
53 66 2
53 67 5
53 68 2
53 69 3
53 70 2
53 71 1
53 72 2
53 73 1
53 74 2
53 75 2
54 1 1
54 2 5
54 3 1
54 4 4
54 5 1
54 6 1
54 7 2
54 8 3
54 9 3
54 10 2
54 11 5
54 12 1
54 13 5
54 14 3
54 15 3
54 16 1
54 17 3
54 18 3
54 19 5
54 20 2
54 21 4
54 22 3
54 23 1
54 24 5
54 25 5
54 26 5
54 27 5
54 28 3
54 29 5
54 30 3
54 31 1
54 32 3
54 33 2
54 34 1
54 35 1
54 36 4
54 37 1
54 38 5
54 39 3
54 40 5
54 41 1
54 42 2
54 43 1
54 44 2
54 45 4
54 46 5
54 47 2
54 48 4
54 49 2
54 50 3
54 51 5
54 52 1
54 53 5
54 55 3
54 56 2
54 57 1
54 58 2
54 59 4
54 60 5
54 61 3
54 62 1
54 63 5
54 64 5
54 65 5
54 66 1
54 67 3
54 68 5
54 69 3
54 70 2
54 71 3
54 72 5
54 73 4
54 74 1
54 75 5
55 1 5
55 2 2
55 3 1
55 4 4
55 5 5
55 6 3
55 7 1
55 8 4
55 9 5
55 10 3
55 11 3
55 12 1
55 13 3
55 14 4
55 15 1
55 16 3
55 17 4
55 18 2
55 19 4
55 20 3
55 21 3
55 22 1
55 23 2
55 24 2
55 25 4
55 26 3
55 27 1
55 28 5
55 29 1
55 30 4
55 31 4
55 32 3
55 33 5
55 34 4
55 35 3
55 36 4
55 37 3
55 38 3
55 39 4
55 40 4
55 41 2
55 42 2
55 43 2
55 44 5
55 45 5
55 46 2
55 47 4
55 48 3
55 49 5
55 50 2
55 51 3
55 52 2
55 53 3
55 54 4
55 56 1
55 57 3
55 58 4
55 59 3
55 60 2
55 61 1
55 62 1
55 63 2
55 64 3
55 65 5
55 66 2
55 67 5
55 68 3
55 69 2
55 70 5
55 71 2
55 72 5
55 73 1
55 74 3
55 75 1
56 1 2
56 2 4
56 3 3
56 4 5
56 5 4
56 6 2
56 7 4
56 8 3
56 9 1
56 10 1
56 11 3
56 12 1
56 13 3
56 14 1
56 15 5
56 16 1
56 17 2
56 18 1
56 19 2
56 20 1
56 21 2
56 22 3
56 23 1
56 24 5
56 25 4
56 26 2
56 27 3
56 28 1
56 29 4
56 30 2
56 31 1
56 32 1
56 33 2
56 34 5
56 35 2
56 36 2
56 37 2
56 38 5
56 39 4
56 40 4
56 41 5
56 42 2
56 43 4
56 44 4
56 45 4
56 46 5
56 47 4
56 48 5
56 49 5
56 50 2
56 51 1
56 52 2
56 53 2
56 54 3
56 55 3
56 57 2
56 58 1
56 59 2
56 60 2
56 61 4
56 62 5
56 63 5
56 64 1
56 65 1
56 66 4
56 67 3
56 68 5
56 69 2
56 70 2
56 71 3
56 72 5
56 73 2
56 74 1
56 75 5
57 1 2
57 2 5
57 3 2
57 4 3
57 5 1
57 6 1
57 7 4
57 8 3
57 9 4
57 10 2
57 11 2
57 12 3
57 13 4
57 14 2
57 15 1
57 16 2
57 17 3
57 18 5
57 19 1
57 20 3
57 21 3
57 22 2
57 23 5
57 24 2
57 25 3
57 26 4
57 27 1
57 28 5
57 29 2
57 30 4
57 31 1
57 32 3
57 33 3
57 34 2
57 35 5
57 36 5
57 37 5
57 38 1
57 39 3
57 40 5
57 41 2
57 42 1
57 43 3
57 44 2
57 45 5
57 46 5
57 47 4
57 48 2
57 49 2
57 50 1
57 51 1
57 52 4
57 53 2
57 54 3
57 55 2
57 56 2
57 58 1
57 59 4
57 60 1
57 61 2
57 62 2
57 63 3
57 64 1
57 65 1
57 66 2
57 67 1
57 68 3
57 69 1
57 70 3
57 71 2
57 72 5
57 73 1
57 74 2
57 75 4
58 1 3
58 2 1
58 3 4
58 4 3
58 5 4
58 6 5
58 7 3
58 8 5
58 9 5
58 10 5
58 11 4
58 12 3
58 13 1
58 14 4
58 15 3
58 16 3
58 17 2
58 18 2
58 19 5
58 20 2
58 21 4
58 22 1
58 23 4
58 24 1
58 25 3
58 26 1
58 27 2
58 28 3
58 29 2
58 30 4
58 31 3
58 32 1
58 33 1
58 34 3
58 35 3
58 36 5
58 37 2
58 38 5
58 39 1
58 40 3
58 41 4
58 42 4
58 43 2
58 44 1
58 45 2
58 46 5
58 47 3
58 48 5
58 49 3
58 50 3
58 51 1
58 52 1
58 53 5
58 54 5
58 55 2
58 56 3
58 57 2
58 59 5
58 60 2
58 61 5
58 62 3
58 63 4
58 64 5
58 65 1
58 66 2
58 67 2
58 68 5
58 69 5
58 70 4
58 71 5
58 72 5
58 73 4
58 74 3
58 75 3
59 1 5
59 2 1
59 3 4
59 4 2
59 5 5
59 6 1
59 7 1
59 8 2
59 9 2
59 10 3
59 11 1
59 12 5
59 13 5
59 14 5
59 15 4
59 16 3
59 17 4
59 18 2
59 19 3
59 20 4
59 21 4
59 22 1
59 23 2
59 24 3
59 25 3
59 26 5
59 27 4
59 28 2
59 29 1
59 30 1
59 31 4
59 32 5
59 33 3
59 34 3
59 35 3
59 36 4
59 37 5
59 38 4
59 39 5
59 40 1
59 41 3
59 42 3
59 43 5
59 44 2
59 45 2
59 46 4
59 47 1
59 48 5
59 49 2
59 50 3
59 51 3
59 52 5
59 53 4
59 54 2
59 55 4
59 56 1
59 57 1
59 58 2
59 60 4
59 61 1
59 62 4
59 63 4
59 64 2
59 65 1
59 66 3
59 67 5
59 68 1
59 69 3
59 70 5
59 71 5
59 72 3
59 73 2
59 74 2
59 75 5
60 1 5
60 2 3
60 3 5
60 4 5
60 5 5
60 6 1
60 7 4
60 8 2
60 9 2
60 10 2
60 11 5
60 12 5
60 13 4
60 14 1
60 15 3
60 16 2
60 17 3
60 18 1
60 19 1
60 20 2
60 21 3
60 22 3
60 23 1
60 24 3
60 25 5
60 26 2
60 27 4
60 28 5
60 29 3
60 30 3
60 31 4
60 32 4
60 33 5
60 34 3
60 35 3
60 36 1
60 37 5
60 38 3
60 39 3
60 40 3
60 41 5
60 42 2
60 43 2
60 44 3
60 45 4
60 46 1
60 47 5
60 48 4
60 49 1
60 50 2
60 51 2
60 52 5
60 53 4
60 54 4
60 55 4
60 56 1
60 57 5
60 58 2
60 59 5
60 61 4
60 62 4
60 63 5
60 64 2
60 65 1
60 66 4
60 67 1
60 68 1
60 69 5
60 70 3
60 71 5
60 72 2
60 73 4
60 74 4
60 75 5
61 1 2
61 2 4
61 3 5
61 4 3
61 5 4
61 6 2
61 7 1
61 8 5
61 9 1
61 10 4
61 11 3
61 12 1
61 13 1
61 14 4
61 15 2
61 16 2
61 17 2
61 18 3
61 19 3
61 20 5
61 21 5
61 22 1
61 23 5
61 24 2
61 25 2
61 26 5
61 27 2
61 28 3
61 29 3
61 30 2
61 31 2
61 32 1
61 33 2
61 34 3
61 35 3
61 36 1
61 37 4
61 38 3
61 39 2
61 40 1
61 41 4
61 42 2
61 43 3
61 44 1
61 45 2
61 46 5
61 47 3
61 48 4
61 49 4
61 50 5
61 51 5
61 52 3
61 53 3
61 54 5
61 55 1
61 56 4
61 57 4
61 58 2
61 59 2
61 60 3
61 62 5
61 63 5
61 64 4
61 65 2
61 66 5
61 67 1
61 68 4
61 69 5
61 70 1
61 71 2
61 72 3
61 73 1
61 74 5
61 75 5
62 1 1
62 2 2
62 3 1
62 4 5
62 5 2
62 6 4
62 7 5
62 8 1
62 9 3
62 10 4
62 11 5
62 12 4
62 13 2
62 14 5
62 15 2
62 16 5
62 17 3
62 18 2
62 19 2
62 20 1
62 21 5
62 22 1
62 23 3
62 24 5
62 25 5
62 26 5
62 27 1
62 28 2
62 29 2
62 30 3
62 31 2
62 32 5
62 33 4
62 34 2
62 35 4
62 36 5
62 37 3
62 38 5
62 39 5
62 40 5
62 41 3
62 42 2
62 43 5
62 44 2
62 45 3
62 46 2
62 47 1
62 48 2
62 49 5
62 50 2
62 51 4
62 52 1
62 53 4
62 54 4
62 55 5
62 56 4
62 57 3
62 58 2
62 59 2
62 60 2
62 61 4
62 63 5
62 64 1
62 65 4
62 66 4
62 67 4
62 68 3
62 69 1
62 70 1
62 71 5
62 72 2
62 73 5
62 74 3
62 75 4
63 1 1
63 2 5
63 3 5
63 4 4
63 5 4
63 6 1
63 7 2
63 8 2
63 9 1
63 10 1
63 11 5
63 12 2
63 13 1
63 14 5
63 15 5
63 16 4
63 17 1
63 18 4
63 19 4
63 20 3
63 21 2
63 22 4
63 23 1
63 24 2
63 25 4
63 26 3
63 27 3
63 28 2
63 29 3
63 30 5
63 31 5
63 32 5
63 33 1
63 34 1
63 35 3
63 36 4
63 37 1
63 38 5
63 39 1
63 40 3
63 41 2
63 42 2
63 43 1
63 44 4
63 45 3
63 46 1
63 47 2
63 48 3
63 49 1
63 50 2
63 51 5
63 52 4
63 53 5
63 54 3
63 55 2
63 56 3
63 57 2
63 58 4
63 59 2
63 60 4
63 61 3
63 62 3
63 64 1
63 65 4
63 66 4
63 67 3
63 68 4
63 69 1
63 70 4
63 71 1
63 72 1
63 73 2
63 74 3
63 75 3
64 1 5
64 2 5
64 3 3
64 4 2
64 5 5
64 6 5
64 7 3
64 8 1
64 9 1
64 10 3
64 11 5
64 12 2
64 13 2
64 14 2
64 15 1
64 16 5
64 17 2
64 18 3
64 19 3
64 20 2
64 21 3
64 22 3
64 23 2
64 24 2
64 25 3
64 26 2
64 27 2
64 28 5
64 29 4
64 30 1
64 31 3
64 32 3
64 33 3
64 34 2
64 35 4
64 36 4
64 37 2
64 38 4
64 39 4
64 40 2
64 41 3
64 42 1
64 43 3
64 44 4
64 45 4
64 46 5
64 47 1
64 48 2
64 49 5
64 50 3
64 51 1
64 52 2
64 53 5
64 54 2
64 55 5
64 56 4
64 57 3
64 58 2
64 59 4
64 60 1
64 61 2
64 62 3
64 63 4
64 65 1
64 66 4
64 67 4
64 68 4
64 69 5
64 70 4
64 71 5
64 72 3
64 73 1
64 74 5
64 75 3
65 1 2
65 2 3
65 3 2
65 4 2
65 5 1
65 6 1
65 7 4
65 8 1
65 9 5
65 10 5
65 11 2
65 12 4
65 13 5
65 14 2
65 15 2
65 16 3
65 17 4
65 18 1
65 19 2
65 20 4
65 21 1
65 22 1
65 23 5
65 24 5
65 25 2
65 26 3
65 27 4
65 28 5
65 29 4
65 30 5
65 31 4
65 32 5
65 33 4
65 34 2
65 35 1
65 36 4
65 37 5
65 38 1
65 39 2
65 40 4
65 41 5
65 42 5
65 43 4
65 44 4
65 45 1
65 46 1
65 47 4
65 48 2
65 49 1
65 50 5
65 51 5
65 52 1
65 53 5
65 54 4
65 55 2
65 56 4
65 57 2
65 58 2
65 59 5
65 60 5
65 61 1
65 62 3
65 63 1
65 64 1
65 66 4
65 67 1
65 68 2
65 69 5
65 70 1
65 71 3
65 72 3
65 73 2
65 74 2
65 75 2
66 1 2
66 2 3
66 3 4
66 4 5
66 5 1
66 6 4
66 7 2
66 8 5
66 9 4
66 10 3
66 11 1
66 12 3
66 13 1
66 14 2
66 15 4
66 16 5
66 17 3
66 18 2
66 19 2
66 20 3
66 21 2
66 22 3
66 23 5
66 24 5
66 25 2
66 26 2
66 27 2
66 28 2
66 29 3
66 30 4
66 31 5
66 32 4
66 33 3
66 34 3
66 35 1
66 36 3
66 37 1
66 38 2
66 39 2
66 40 1
66 41 4
66 42 4
66 43 3
66 44 5
66 45 5
66 46 4
66 47 1
66 48 4
66 49 2
66 50 3
66 51 3
66 52 5
66 53 2
66 54 4
66 55 5
66 56 5
66 57 5
66 58 1
66 59 1
66 60 4
66 61 1
66 62 5
66 63 5
66 64 3
66 65 2
66 67 5
66 68 5
66 69 4
66 70 3
66 71 4
66 72 5
66 73 1
66 74 2
66 75 4
67 1 2
67 2 4
67 3 4
67 4 3
67 5 4
67 6 5
67 7 2
67 8 4
67 9 5
67 10 5
67 11 2
67 12 4
67 13 4
67 14 4
67 15 1
67 16 2
67 17 2
67 18 2
67 19 1
67 20 1
67 21 4
67 22 5
67 23 2
67 24 1
67 25 5
67 26 4
67 27 1
67 28 1
67 29 2
67 30 2
67 31 5
67 32 5
67 33 2
67 34 5
67 35 2
67 36 3
67 37 5
67 38 5
67 39 1
67 40 1
67 41 4
67 42 2
67 43 4
67 44 3
67 45 5
67 46 1
67 47 4
67 48 2
67 49 2
67 50 1
67 51 4
67 52 3
67 53 2
67 54 3
67 55 3
67 56 2
67 57 3
67 58 3
67 59 2
67 60 4
67 61 1
67 62 3
67 63 1
67 64 5
67 65 5
67 66 4
67 68 2
67 69 4
67 70 4
67 71 2
67 72 4
67 73 2
67 74 5
67 75 4
68 1 1
68 2 5
68 3 4
68 4 1
68 5 3
68 6 1
68 7 4
68 8 3
68 9 3
68 10 2
68 11 5
68 12 2
68 13 3
68 14 3
68 15 1
68 16 2
68 17 3
68 18 1
68 19 1
68 20 5
68 21 2
68 22 5
68 23 4
68 24 3
68 25 5
68 26 2
68 27 1
68 28 5
68 29 5
68 30 1
68 31 3
68 32 3
68 33 2
68 34 2
68 35 5
68 36 4
68 37 4
68 38 3
68 39 3
68 40 3
68 41 5
68 42 3
68 43 4
68 44 4
68 45 2
68 46 1
68 47 2
68 48 1
68 49 3
68 50 5
68 51 1
68 52 5
68 53 1
68 54 4
68 55 4
68 56 1
68 57 2
68 58 2
68 59 5
68 60 3
68 61 2
68 62 5
68 63 5
68 64 5
68 65 3
68 66 5
68 67 5
68 69 1
68 70 4
68 71 2
68 72 5
68 73 5
68 74 1
68 75 5
69 1 1
69 2 2
69 3 5
69 4 2
69 5 5
69 6 2
69 7 3
69 8 2
69 9 3
69 10 4
69 11 2
69 12 2
69 13 1
69 14 3
69 15 3
69 16 5
69 17 5
69 18 1
69 19 1
69 20 2
69 21 5
69 22 3
69 23 3
69 24 4
69 25 3
69 26 1
69 27 2
69 28 4
69 29 1
69 30 3
69 31 3
69 32 1
69 33 4
69 34 4
69 35 4
69 36 5
69 37 1
69 38 2
69 39 1
69 40 3
69 41 2
69 42 2
69 43 1
69 44 2
69 45 4
69 46 5
69 47 3
69 48 1
69 49 2
69 50 4
69 51 4
69 52 3
69 53 1
69 54 1
69 55 3
69 56 1
69 57 1
69 58 5
69 59 1
69 60 3
69 61 2
69 62 4
69 63 5
69 64 2
69 65 2
69 66 1
69 67 2
69 68 4
69 70 4
69 71 4
69 72 4
69 73 5
69 74 1
69 75 1
70 1 3
70 2 1
70 3 1
70 4 5
70 5 3
70 6 4
70 7 5
70 8 1
70 9 2
70 10 1
70 11 1
70 12 1
70 13 3
70 14 4
70 15 5
70 16 3
70 17 3
70 18 1
70 19 3
70 20 5
70 21 5
70 22 5
70 23 5
70 24 3
70 25 5
70 26 3
70 27 1
70 28 3
70 29 4
70 30 1
70 31 1
70 32 1
70 33 4
70 34 3
70 35 2
70 36 1
70 37 1
70 38 2
70 39 4
70 40 4
70 41 4
70 42 4
70 43 5
70 44 1
70 45 4
70 46 4
70 47 5
70 48 2
70 49 2
70 50 3
70 51 1
70 52 1
70 53 4
70 54 5
70 55 5
70 56 3
70 57 4
70 58 5
70 59 3
70 60 4
70 61 3
70 62 5
70 63 1
70 64 1
70 65 2
70 66 2
70 67 3
70 68 2
70 69 5
70 71 1
70 72 1
70 73 3
70 74 2
70 75 2
71 1 5
71 2 5
71 3 5
71 4 5
71 5 3
71 6 3
71 7 2
71 8 3
71 9 5
71 10 2
71 11 4
71 12 4
71 13 1
71 14 4
71 15 4
71 16 3
71 17 2
71 18 3
71 19 4
71 20 4
71 21 5
71 22 5
71 23 3
71 24 2
71 25 2
71 26 2
71 27 5
71 28 4
71 29 5
71 30 3
71 31 5
71 32 4
71 33 2
71 34 1
71 35 5
71 36 5
71 37 4
71 38 3
71 39 4
71 40 5
71 41 4
71 42 3
71 43 4
71 44 5
71 45 1
71 46 4
71 47 4
71 48 5
71 49 1
71 50 3
71 51 5
71 52 5
71 53 2
71 54 2
71 55 3
71 56 5
71 57 4
71 58 4
71 59 5
71 60 3
71 61 1
71 62 1
71 63 3
71 64 5
71 65 4
71 66 5
71 67 4
71 68 4
71 69 2
71 70 4
71 72 3
71 73 3
71 74 1
71 75 1
72 1 4
72 2 4
72 3 1
72 4 2
72 5 5
72 6 1
72 7 1
72 8 4
72 9 2
72 10 5
72 11 1
72 12 5
72 13 1
72 14 4
72 15 3
72 16 3
72 17 3
72 18 1
72 19 3
72 20 2
72 21 5
72 22 1
72 23 1
72 24 3
72 25 4
72 26 5
72 27 3
72 28 2
72 29 2
72 30 4
72 31 4
72 32 5
72 33 4
72 34 5
72 35 3
72 36 3
72 37 2
72 38 1
72 39 3
72 40 1
72 41 5
72 42 3
72 43 5
72 44 5
72 45 3
72 46 4
72 47 2
72 48 5
72 49 1
72 50 2
72 51 4
72 52 5
72 53 4
72 54 1
72 55 4
72 56 3
72 57 5
72 58 2
72 59 1
72 60 3
72 61 5
72 62 1
72 63 4
72 64 5
72 65 2
72 66 2
72 67 2
72 68 4
72 69 2
72 70 4
72 71 4
72 73 3
72 74 4
72 75 5
73 1 4
73 2 1
73 3 5
73 4 3
73 5 3
73 6 1
73 7 4
73 8 1
73 9 2
73 10 2
73 11 3
73 12 1
73 13 1
73 14 3
73 15 2
73 16 3
73 17 5
73 18 3
73 19 1
73 20 4
73 21 2
73 22 2
73 23 2
73 24 5
73 25 2
73 26 5
73 27 5
73 28 2
73 29 2
73 30 3
73 31 3
73 32 5
73 33 1
73 34 5
73 35 2
73 36 3
73 37 5
73 38 5
73 39 5
73 40 3
73 41 4
73 42 2
73 43 3
73 44 1
73 45 1
73 46 1
73 47 1
73 48 3
73 49 3
73 50 1
73 51 3
73 52 1
73 53 2
73 54 4
73 55 5
73 56 1
73 57 3
73 58 2
73 59 2
73 60 4
73 61 1
73 62 2
73 63 5
73 64 1
73 65 1
73 66 2
73 67 5
73 68 2
73 69 3
73 70 1
73 71 4
73 72 3
73 74 5
73 75 2
74 1 4
74 2 5
74 3 2
74 4 4
74 5 2
74 6 2
74 7 1
74 8 4
74 9 2
74 10 4
74 11 4
74 12 4
74 13 4
74 14 1
74 15 5
74 16 3
74 17 1
74 18 2
74 19 4
74 20 1
74 21 3
74 22 4
74 23 4
74 24 4
74 25 2
74 26 1
74 27 2
74 28 5
74 29 1
74 30 1
74 31 3
74 32 4
74 33 5
74 34 2
74 35 4
74 36 4
74 37 3
74 38 1
74 39 4
74 40 1
74 41 4
74 42 3
74 43 4
74 44 3
74 45 5
74 46 5
74 47 2
74 48 3
74 49 2
74 50 5
74 51 5
74 52 1
74 53 5
74 54 3
74 55 1
74 56 1
74 57 5
74 58 2
74 59 2
74 60 5
74 61 2
74 62 5
74 63 3
74 64 4
74 65 1
74 66 3
74 67 2
74 68 5
74 69 3
74 70 2
74 71 5
74 72 2
74 73 4
74 75 4
75 1 1
75 2 1
75 3 5
75 4 2
75 5 3
75 6 3
75 7 3
75 8 2
75 9 5
75 10 4
75 11 4
75 12 1
75 13 4
75 14 3
75 15 4
75 16 2
75 17 3
75 18 1
75 19 1
75 20 2
75 21 1
75 22 3
75 23 2
75 24 4
75 25 2
75 26 4
75 27 5
75 28 2
75 29 2
75 30 4
75 31 2
75 32 4
75 33 4
75 34 1
75 35 2
75 36 3
75 37 4
75 38 4
75 39 4
75 40 3
75 41 2
75 42 4
75 43 5
75 44 2
75 45 1
75 46 4
75 47 4
75 48 5
75 49 1
75 50 1
75 51 4
75 52 1
75 53 4
75 54 5
75 55 4
75 56 5
75 57 3
75 58 5
75 59 1
75 60 2
75 61 3
75 62 4
75 63 2
75 64 3
75 65 5
75 66 4
75 67 5
75 68 5
75 69 4
75 70 5
75 71 4
75 72 3
75 73 3
75 74 4

END
