INSTANCE_NAME b09.dat
NB_VERTICES 75
NB_ARCS 123
NB_REQUESTS 0
NB_BLOCKAGES 36
NB_TERMINALS 38

VERTICES
1 0 0
2 0 0
3 0 0
4 0 0
5 0 0
6 0 0
7 0 0
8 0 0
9 0 0
10 0 0
11 0 0
12 0 0
13 0 0
14 0 0
15 0 0
16 0 0
17 0 0
18 0 0
19 0 0
20 0 0
21 0 0
22 0 0
23 0 0
24 0 0
25 0 0
26 0 0
27 0 0
28 0 0
29 0 0
30 0 0
31 0 0
32 0 0
33 0 0
34 0 0
35 0 0
36 0 0
37 0 0
38 0 0
39 0 0
40 0 0
41 0 0
42 0 0
43 0 0
44 0 0
45 0 0
46 0 0
47 0 0
48 0 0
49 0 0
50 0 0
51 0 0
52 0 0
53 0 0
54 0 0
55 0 0
56 0 0
57 0 0
58 0 0
59 0 0
60 0 0
61 0 0
62 0 0
63 0 0
64 0 0
65 0 0
66 0 0
67 0 0
68 0 0
69 0 0
70 0 0
71 0 0
72 0 0
73 0 0
74 0 0
75 0 0

ARCS
2 39 7
39 37 6
37 16 4
16 26 2
26 9 1
9 45 5
45 23 7
23 66 3
66 7 2
7 30 4
30 21 8
21 55 7
55 7 9
7 62 3
62 38 1
38 14 2
14 7 10
7 72 5
72 69 1
69 20 1
20 73 3
73 14 1
14 24 5
24 49 2
49 1 9
1 17 9
17 69 6
69 31 5
31 12 10
12 28 1
28 10 10
10 32 1
32 25 6
25 35 6
35 24 10
24 6 5
6 52 9
52 2 2
2 50 9
50 18 6
18 67 10
67 33 9
33 8 1
8 68 7
68 45 10
45 27 3
27 41 6
41 68 5
68 34 8
34 37 7
37 62 4
34 42 3
42 26 4
26 75 5
75 2 5
2 71 6
71 14 1
14 65 6
65 54 4
54 9 2
9 15 10
15 14 10
54 19 9
19 71 2
71 43 10
43 44 2
44 60 6
60 56 9
56 67 6
67 48 6
48 40 4
40 35 6
40 1 1
48 59 4
59 64 6
64 3 2
3 34 9
64 75 10
75 53 1
53 57 9
57 42 10
42 31 4
31 32 3
32 70 9
70 5 7
5 22 1
22 6 4
5 51 5
51 36 2
36 28 2
28 47 5
47 71 1
28 21 9
28 11 7
11 33 7
51 44 3
44 8 9
51 54 6
54 63 4
63 29 3
29 50 5
29 46 3
46 45 8
29 74 3
74 10 9
10 73 1
73 58 5
58 55 4
73 67 4
29 49 9
49 13 6
13 5 8
5 57 9
13 65 8
65 4 8
4 69 8
69 61 7
61 63 6
13 56 1
56 42 10
54 68 2
32 53 4
52 66 7

REQUESTS

BLOCKAGES
40 35
10 32
52 66
13 56
14 65
69 31
33 8
51 54
14 7
68 34
65 54
64 75
55 7
54 63
37 62
5 57
24 49
5 51
73 14
28 21
67 48
54 9
13 5
28 10
34 37
2 50
2 71
42 31
9 45
29 49
68 45
75 53
56 42
42 26
14 24
71 14

TERMINALS
2
4
5
7
8
9
11
13
14
20
21
28
29
30
31
33
34
36
40
41
42
45
46
49
50
53
57
59
62
64
67
68
69
70
71
72
73
74

R
1 2 2
1 3 1
1 4 4
1 5 5
1 6 2
1 7 5
1 8 1
1 9 4
1 10 1
1 11 4
1 12 4
1 13 4
1 14 3
1 15 5
1 16 5
1 17 1
1 18 3
1 19 4
1 20 1
1 21 3
1 22 4
1 23 2
1 24 4
1 25 2
1 26 4
1 27 3
1 28 3
1 29 3
1 30 4
1 31 2
1 32 3
1 33 2
1 34 4
1 35 4
1 36 2
1 37 5
1 38 3
1 39 2
1 40 1
1 41 5
1 42 2
1 43 4
1 44 5
1 45 4
1 46 5
1 47 4
1 48 1
1 49 5
1 50 4
1 51 3
1 52 2
1 53 2
1 54 4
1 55 5
1 56 5
1 57 4
1 58 2
1 59 3
1 60 4
1 61 2
1 62 1
1 63 1
1 64 1
1 65 1
1 66 1
1 67 2
1 68 5
1 69 3
1 70 5
1 71 2
1 72 5
1 73 1
1 74 3
1 75 4
2 1 2
2 3 4
2 4 5
2 5 2
2 6 3
2 7 3
2 8 2
2 9 5
2 10 2
2 11 5
2 12 1
2 13 3
2 14 4
2 15 5
2 16 2
2 17 2
2 18 3
2 19 2
2 20 4
2 21 3
2 22 4
2 23 5
2 24 1
2 25 4
2 26 4
2 27 5
2 28 2
2 29 3
2 30 3
2 31 4
2 32 4
2 33 1
2 34 3
2 35 3
2 36 2
2 37 5
2 38 2
2 39 3
2 40 1
2 41 5
2 42 5
2 43 4
2 44 3
2 45 3
2 46 5
2 47 4
2 48 1
2 49 4
2 50 3
2 51 4
2 52 2
2 53 1
2 54 5
2 55 4
2 56 1
2 57 4
2 58 4
2 59 3
2 60 3
2 61 3
2 62 3
2 63 1
2 64 3
2 65 2
2 66 5
2 67 1
2 68 4
2 69 4
2 70 1
2 71 1
2 72 5
2 73 5
2 74 1
2 75 2
3 1 4
3 2 5
3 4 3
3 5 4
3 6 4
3 7 2
3 8 4
3 9 2
3 10 2
3 11 4
3 12 5
3 13 5
3 14 4
3 15 5
3 16 4
3 17 3
3 18 4
3 19 1
3 20 1
3 21 1
3 22 5
3 23 5
3 24 4
3 25 3
3 26 5
3 27 4
3 28 3
3 29 5
3 30 5
3 31 1
3 32 3
3 33 3
3 34 5
3 35 5
3 36 1
3 37 5
3 38 1
3 39 1
3 40 1
3 41 5
3 42 4
3 43 3
3 44 1
3 45 4
3 46 4
3 47 4
3 48 2
3 49 3
3 50 1
3 51 2
3 52 5
3 53 5
3 54 3
3 55 3
3 56 4
3 57 5
3 58 3
3 59 4
3 60 4
3 61 2
3 62 4
3 63 1
3 64 4
3 65 3
3 66 3
3 67 1
3 68 3
3 69 5
3 70 2
3 71 5
3 72 1
3 73 2
3 74 2
3 75 1
4 1 1
4 2 3
4 3 4
4 5 4
4 6 5
4 7 5
4 8 5
4 9 4
4 10 1
4 11 4
4 12 4
4 13 5
4 14 3
4 15 1
4 16 3
4 17 3
4 18 3
4 19 1
4 20 1
4 21 1
4 22 5
4 23 3
4 24 4
4 25 4
4 26 4
4 27 5
4 28 4
4 29 2
4 30 1
4 31 2
4 32 2
4 33 3
4 34 4
4 35 3
4 36 1
4 37 3
4 38 4
4 39 2
4 40 4
4 41 4
4 42 1
4 43 4
4 44 5
4 45 5
4 46 4
4 47 4
4 48 3
4 49 3
4 50 1
4 51 3
4 52 1
4 53 1
4 54 2
4 55 4
4 56 4
4 57 2
4 58 5
4 59 4
4 60 3
4 61 2
4 62 1
4 63 5
4 64 5
4 65 4
4 66 4
4 67 2
4 68 4
4 69 2
4 70 1
4 71 4
4 72 2
4 73 3
4 74 2
4 75 4
5 1 2
5 2 2
5 3 2
5 4 1
5 6 5
5 7 3
5 8 3
5 9 5
5 10 3
5 11 1
5 12 5
5 13 3
5 14 3
5 15 4
5 16 2
5 17 5
5 18 2
5 19 2
5 20 1
5 21 1
5 22 2
5 23 1
5 24 5
5 25 5
5 26 4
5 27 5
5 28 5
5 29 1
5 30 2
5 31 1
5 32 1
5 33 5
5 34 3
5 35 2
5 36 1
5 37 2
5 38 4
5 39 5
5 40 3
5 41 3
5 42 1
5 43 4
5 44 3
5 45 5
5 46 2
5 47 4
5 48 1
5 49 3
5 50 2
5 51 4
5 52 1
5 53 5
5 54 4
5 55 2
5 56 2
5 57 3
5 58 1
5 59 1
5 60 5
5 61 4
5 62 2
5 63 5
5 64 3
5 65 1
5 66 3
5 67 5
5 68 4
5 69 4
5 70 5
5 71 3
5 72 1
5 73 2
5 74 1
5 75 5
6 1 3
6 2 2
6 3 3
6 4 3
6 5 1
6 7 1
6 8 1
6 9 3
6 10 3
6 11 2
6 12 4
6 13 4
6 14 1
6 15 1
6 16 1
6 17 5
6 18 1
6 19 4
6 20 1
6 21 4
6 22 4
6 23 3
6 24 5
6 25 2
6 26 1
6 27 4
6 28 1
6 29 4
6 30 2
6 31 1
6 32 3
6 33 4
6 34 4
6 35 3
6 36 4
6 37 5
6 38 5
6 39 1
6 40 4
6 41 2
6 42 2
6 43 3
6 44 2
6 45 2
6 46 5
6 47 3
6 48 3
6 49 1
6 50 1
6 51 5
6 52 1
6 53 2
6 54 3
6 55 5
6 56 5
6 57 5
6 58 1
6 59 1
6 60 3
6 61 2
6 62 1
6 63 3
6 64 3
6 65 5
6 66 2
6 67 1
6 68 1
6 69 1
6 70 1
6 71 4
6 72 5
6 73 5
6 74 3
6 75 1
7 1 1
7 2 5
7 3 5
7 4 1
7 5 5
7 6 1
7 8 5
7 9 2
7 10 2
7 11 4
7 12 1
7 13 3
7 14 4
7 15 3
7 16 3
7 17 3
7 18 2
7 19 4
7 20 2
7 21 4
7 22 5
7 23 3
7 24 4
7 25 5
7 26 1
7 27 1
7 28 5
7 29 5
7 30 5
7 31 5
7 32 2
7 33 3
7 34 4
7 35 2
7 36 3
7 37 5
7 38 4
7 39 4
7 40 1
7 41 2
7 42 5
7 43 3
7 44 4
7 45 5
7 46 1
7 47 2
7 48 2
7 49 2
7 50 2
7 51 1
7 52 2
7 53 1
7 54 5
7 55 5
7 56 2
7 57 5
7 58 5
7 59 3
7 60 1
7 61 5
7 62 2
7 63 3
7 64 2
7 65 2
7 66 4
7 67 1
7 68 1
7 69 4
7 70 1
7 71 3
7 72 5
7 73 5
7 74 1
7 75 3
8 1 4
8 2 3
8 3 1
8 4 3
8 5 1
8 6 2
8 7 3
8 9 2
8 10 4
8 11 2
8 12 1
8 13 2
8 14 4
8 15 2
8 16 2
8 17 4
8 18 3
8 19 3
8 20 1
8 21 1
8 22 2
8 23 1
8 24 1
8 25 2
8 26 4
8 27 2
8 28 2
8 29 5
8 30 1
8 31 2
8 32 3
8 33 5
8 34 4
8 35 5
8 36 4
8 37 4
8 38 2
8 39 1
8 40 2
8 41 2
8 42 4
8 43 2
8 44 1
8 45 2
8 46 5
8 47 2
8 48 1
8 49 3
8 50 1
8 51 1
8 52 3
8 53 2
8 54 4
8 55 1
8 56 1
8 57 2
8 58 4
8 59 2
8 60 2
8 61 1
8 62 5
8 63 1
8 64 2
8 65 5
8 66 5
8 67 5
8 68 5
8 69 3
8 70 5
8 71 1
8 72 2
8 73 4
8 74 4
8 75 2
9 1 2
9 2 3
9 3 3
9 4 2
9 5 2
9 6 5
9 7 5
9 8 2
9 10 2
9 11 3
9 12 2
9 13 4
9 14 1
9 15 2
9 16 5
9 17 4
9 18 2
9 19 1
9 20 1
9 21 4
9 22 5
9 23 3
9 24 3
9 25 4
9 26 2
9 27 5
9 28 4
9 29 3
9 30 5
9 31 2
9 32 1
9 33 1
9 34 1
9 35 5
9 36 5
9 37 3
9 38 5
9 39 4
9 40 4
9 41 3
9 42 3
9 43 2
9 44 1
9 45 5
9 46 3
9 47 2
9 48 1
9 49 1
9 50 2
9 51 1
9 52 4
9 53 1
9 54 3
9 55 2
9 56 4
9 57 5
9 58 1
9 59 4
9 60 4
9 61 2
9 62 2
9 63 5
9 64 2
9 65 2
9 66 4
9 67 1
9 68 4
9 69 5
9 70 1
9 71 4
9 72 2
9 73 3
9 74 2
9 75 2
10 1 5
10 2 4
10 3 3
10 4 5
10 5 5
10 6 4
10 7 5
10 8 5
10 9 1
10 11 5
10 12 3
10 13 1
10 14 1
10 15 5
10 16 4
10 17 4
10 18 1
10 19 5
10 20 5
10 21 3
10 22 2
10 23 4
10 24 5
10 25 2
10 26 3
10 27 1
10 28 3
10 29 2
10 30 3
10 31 4
10 32 3
10 33 4
10 34 5
10 35 3
10 36 3
10 37 1
10 38 1
10 39 5
10 40 5
10 41 2
10 42 4
10 43 3
10 44 2
10 45 4
10 46 2
10 47 3
10 48 4
10 49 5
10 50 2
10 51 4
10 52 2
10 53 5
10 54 4
10 55 1
10 56 4
10 57 3
10 58 1
10 59 1
10 60 4
10 61 1
10 62 4
10 63 2
10 64 4
10 65 3
10 66 4
10 67 4
10 68 3
10 69 1
10 70 3
10 71 5
10 72 4
10 73 1
10 74 2
10 75 3
11 1 1
11 2 5
11 3 5
11 4 1
11 5 4
11 6 3
11 7 4
11 8 2
11 9 5
11 10 4
11 12 5
11 13 3
11 14 2
11 15 2
11 16 3
11 17 5
11 18 2
11 19 3
11 20 3
11 21 3
11 22 1
11 23 1
11 24 1
11 25 5
11 26 4
11 27 3
11 28 4
11 29 2
11 30 5
11 31 2
11 32 1
11 33 2
11 34 2
11 35 2
11 36 2
11 37 2
11 38 5
11 39 3
11 40 1
11 41 1
11 42 1
11 43 5
11 44 3
11 45 2
11 46 1
11 47 2
11 48 2
11 49 5
11 50 4
11 51 1
11 52 2
11 53 1
11 54 4
11 55 4
11 56 3
11 57 2
11 58 3
11 59 1
11 60 5
11 61 4
11 62 3
11 63 1
11 64 5
11 65 1
11 66 2
11 67 1
11 68 4
11 69 3
11 70 3
11 71 4
11 72 3
11 73 1
11 74 3
11 75 2
12 1 2
12 2 1
12 3 3
12 4 5
12 5 5
12 6 4
12 7 1
12 8 3
12 9 4
12 10 4
12 11 1
12 13 3
12 14 2
12 15 5
12 16 4
12 17 1
12 18 3
12 19 3
12 20 3
12 21 2
12 22 5
12 23 2
12 24 4
12 25 5
12 26 4
12 27 4
12 28 4
12 29 4
12 30 4
12 31 3
12 32 5
12 33 2
12 34 5
12 35 5
12 36 2
12 37 4
12 38 3
12 39 4
12 40 3
12 41 3
12 42 4
12 43 5
12 44 1
12 45 5
12 46 4
12 47 1
12 48 2
12 49 1
12 50 5
12 51 5
12 52 4
12 53 1
12 54 3
12 55 5
12 56 5
12 57 3
12 58 3
12 59 5
12 60 1
12 61 3
12 62 5
12 63 3
12 64 1
12 65 4
12 66 4
12 67 2
12 68 5
12 69 3
12 70 2
12 71 2
12 72 2
12 73 5
12 74 2
12 75 4
13 1 4
13 2 5
13 3 4
13 4 3
13 5 3
13 6 5
13 7 2
13 8 1
13 9 5
13 10 1
13 11 2
13 12 5
13 14 3
13 15 1
13 16 4
13 17 1
13 18 3
13 19 3
13 20 3
13 21 4
13 22 4
13 23 3
13 24 2
13 25 3
13 26 5
13 27 4
13 28 4
13 29 1
13 30 5
13 31 5
13 32 5
13 33 4
13 34 2
13 35 5
13 36 1
13 37 4
13 38 2
13 39 4
13 40 1
13 41 1
13 42 4
13 43 3
13 44 5
13 45 3
13 46 3
13 47 1
13 48 3
13 49 3
13 50 5
13 51 2
13 52 3
13 53 3
13 54 4
13 55 1
13 56 5
13 57 3
13 58 1
13 59 1
13 60 1
13 61 1
13 62 5
13 63 2
13 64 1
13 65 1
13 66 3
13 67 1
13 68 1
13 69 4
13 70 1
13 71 2
13 72 5
13 73 1
13 74 1
13 75 1
14 1 3
14 2 5
14 3 3
14 4 3
14 5 2
14 6 3
14 7 4
14 8 1
14 9 2
14 10 3
14 11 2
14 12 4
14 13 2
14 15 2
14 16 4
14 17 4
14 18 4
14 19 3
14 20 5
14 21 4
14 22 1
14 23 3
14 24 1
14 25 1
14 26 1
14 27 1
14 28 4
14 29 2
14 30 3
14 31 4
14 32 5
14 33 3
14 34 4
14 35 2
14 36 5
14 37 2
14 38 1
14 39 3
14 40 3
14 41 3
14 42 2
14 43 1
14 44 1
14 45 4
14 46 4
14 47 4
14 48 2
14 49 3
14 50 3
14 51 4
14 52 3
14 53 3
14 54 1
14 55 4
14 56 1
14 57 3
14 58 1
14 59 4
14 60 5
14 61 4
14 62 5
14 63 4
14 64 1
14 65 3
14 66 2
14 67 5
14 68 4
14 69 3
14 70 4
14 71 3
14 72 2
14 73 1
14 74 5
14 75 2
15 1 1
15 2 4
15 3 2
15 4 2
15 5 3
15 6 1
15 7 5
15 8 5
15 9 1
15 10 2
15 11 5
15 12 1
15 13 5
15 14 1
15 16 1
15 17 1
15 18 1
15 19 5
15 20 1
15 21 1
15 22 4
15 23 2
15 24 2
15 25 3
15 26 1
15 27 2
15 28 2
15 29 2
15 30 2
15 31 2
15 32 5
15 33 2
15 34 2
15 35 3
15 36 1
15 37 4
15 38 4
15 39 2
15 40 5
15 41 4
15 42 4
15 43 5
15 44 1
15 45 5
15 46 5
15 47 1
15 48 5
15 49 2
15 50 3
15 51 2
15 52 2
15 53 1
15 54 5
15 55 5
15 56 5
15 57 1
15 58 1
15 59 4
15 60 2
15 61 5
15 62 5
15 63 4
15 64 1
15 65 3
15 66 1
15 67 1
15 68 1
15 69 4
15 70 5
15 71 2
15 72 4
15 73 3
15 74 1
15 75 4
16 1 2
16 2 2
16 3 2
16 4 3
16 5 3
16 6 1
16 7 4
16 8 1
16 9 1
16 10 5
16 11 2
16 12 3
16 13 5
16 14 5
16 15 1
16 17 4
16 18 4
16 19 2
16 20 2
16 21 4
16 22 4
16 23 2
16 24 2
16 25 1
16 26 3
16 27 1
16 28 2
16 29 1
16 30 5
16 31 5
16 32 2
16 33 3
16 34 3
16 35 3
16 36 5
16 37 3
16 38 5
16 39 5
16 40 5
16 41 2
16 42 4
16 43 2
16 44 4
16 45 1
16 46 3
16 47 1
16 48 4
16 49 1
16 50 2
16 51 5
16 52 1
16 53 2
16 54 1
16 55 4
16 56 2
16 57 3
16 58 4
16 59 4
16 60 1
16 61 5
16 62 5
16 63 2
16 64 2
16 65 2
16 66 1
16 67 3
16 68 4
16 69 5
16 70 2
16 71 1
16 72 1
16 73 3
16 74 4
16 75 2
17 1 3
17 2 1
17 3 4
17 4 3
17 5 1
17 6 1
17 7 2
17 8 1
17 9 2
17 10 4
17 11 5
17 12 4
17 13 4
17 14 5
17 15 4
17 16 4
17 18 5
17 19 3
17 20 2
17 21 1
17 22 1
17 23 2
17 24 4
17 25 2
17 26 1
17 27 2
17 28 2
17 29 3
17 30 1
17 31 5
17 32 1
17 33 5
17 34 5
17 35 5
17 36 2
17 37 2
17 38 2
17 39 5
17 40 4
17 41 3
17 42 4
17 43 3
17 44 3
17 45 4
17 46 5
17 47 3
17 48 2
17 49 1
17 50 2
17 51 3
17 52 1
17 53 3
17 54 1
17 55 1
17 56 1
17 57 3
17 58 5
17 59 2
17 60 2
17 61 2
17 62 3
17 63 3
17 64 2
17 65 4
17 66 4
17 67 5
17 68 2
17 69 5
17 70 5
17 71 5
17 72 4
17 73 5
17 74 5
17 75 4
18 1 3
18 2 4
18 3 1
18 4 1
18 5 4
18 6 3
18 7 5
18 8 1
18 9 2
18 10 5
18 11 4
18 12 4
18 13 2
18 14 5
18 15 2
18 16 5
18 17 1
18 19 4
18 20 2
18 21 4
18 22 4
18 23 5
18 24 4
18 25 5
18 26 1
18 27 5
18 28 1
18 29 5
18 30 4
18 31 5
18 32 3
18 33 1
18 34 5
18 35 5
18 36 3
18 37 3
18 38 4
18 39 2
18 40 1
18 41 5
18 42 3
18 43 1
18 44 3
18 45 1
18 46 5
18 47 1
18 48 5
18 49 2
18 50 4
18 51 2
18 52 3
18 53 4
18 54 3
18 55 1
18 56 5
18 57 4
18 58 2
18 59 1
18 60 5
18 61 5
18 62 5
18 63 2
18 64 2
18 65 5
18 66 1
18 67 4
18 68 4
18 69 5
18 70 2
18 71 1
18 72 1
18 73 4
18 74 3
18 75 1
19 1 4
19 2 4
19 3 1
19 4 5
19 5 1
19 6 2
19 7 1
19 8 3
19 9 5
19 10 1
19 11 5
19 12 2
19 13 1
19 14 1
19 15 2
19 16 5
19 17 2
19 18 3
19 20 3
19 21 3
19 22 4
19 23 3
19 24 3
19 25 5
19 26 4
19 27 4
19 28 5
19 29 5
19 30 4
19 31 3
19 32 2
19 33 4
19 34 3
19 35 2
19 36 3
19 37 3
19 38 5
19 39 4
19 40 2
19 41 5
19 42 1
19 43 3
19 44 1
19 45 1
19 46 5
19 47 4
19 48 2
19 49 1
19 50 1
19 51 4
19 52 5
19 53 5
19 54 1
19 55 2
19 56 4
19 57 2
19 58 2
19 59 5
19 60 1
19 61 5
19 62 4
19 63 4
19 64 3
19 65 2
19 66 2
19 67 1
19 68 1
19 69 2
19 70 1
19 71 5
19 72 1
19 73 3
19 74 2
19 75 3
20 1 3
20 2 4
20 3 3
20 4 4
20 5 4
20 6 3
20 7 2
20 8 1
20 9 4
20 10 4
20 11 2
20 12 4
20 13 5
20 14 1
20 15 4
20 16 2
20 17 5
20 18 4
20 19 2
20 21 5
20 22 5
20 23 4
20 24 2
20 25 1
20 26 5
20 27 4
20 28 5
20 29 2
20 30 1
20 31 3
20 32 1
20 33 5
20 34 1
20 35 3
20 36 5
20 37 2
20 38 2
20 39 3
20 40 2
20 41 1
20 42 1
20 43 5
20 44 1
20 45 3
20 46 5
20 47 1
20 48 1
20 49 2
20 50 5
20 51 3
20 52 3
20 53 4
20 54 1
20 55 4
20 56 1
20 57 5
20 58 4
20 59 5
20 60 1
20 61 4
20 62 3
20 63 1
20 64 5
20 65 5
20 66 5
20 67 4
20 68 1
20 69 1
20 70 1
20 71 2
20 72 3
20 73 3
20 74 4
20 75 1
21 1 2
21 2 3
21 3 1
21 4 3
21 5 1
21 6 5
21 7 2
21 8 3
21 9 4
21 10 4
21 11 3
21 12 4
21 13 3
21 14 1
21 15 1
21 16 5
21 17 1
21 18 5
21 19 2
21 20 2
21 22 4
21 23 1
21 24 5
21 25 5
21 26 3
21 27 2
21 28 3
21 29 3
21 30 2
21 31 1
21 32 3
21 33 3
21 34 1
21 35 3
21 36 2
21 37 1
21 38 3
21 39 5
21 40 1
21 41 3
21 42 3
21 43 3
21 44 3
21 45 5
21 46 1
21 47 3
21 48 1
21 49 3
21 50 2
21 51 2
21 52 5
21 53 3
21 54 4
21 55 1
21 56 4
21 57 4
21 58 3
21 59 1
21 60 1
21 61 4
21 62 4
21 63 3
21 64 3
21 65 4
21 66 5
21 67 2
21 68 4
21 69 4
21 70 1
21 71 4
21 72 1
21 73 4
21 74 4
21 75 4
22 1 5
22 2 1
22 3 3
22 4 3
22 5 3
22 6 2
22 7 1
22 8 2
22 9 4
22 10 5
22 11 5
22 12 4
22 13 5
22 14 2
22 15 4
22 16 5
22 17 2
22 18 2
22 19 2
22 20 1
22 21 2
22 23 3
22 24 2
22 25 1
22 26 4
22 27 3
22 28 1
22 29 1
22 30 3
22 31 4
22 32 4
22 33 4
22 34 4
22 35 4
22 36 1
22 37 4
22 38 2
22 39 4
22 40 2
22 41 2
22 42 5
22 43 1
22 44 5
22 45 4
22 46 4
22 47 5
22 48 3
22 49 5
22 50 2
22 51 1
22 52 1
22 53 3
22 54 5
22 55 2
22 56 5
22 57 3
22 58 1
22 59 1
22 60 4
22 61 5
22 62 1
22 63 4
22 64 1
22 65 2
22 66 4
22 67 1
22 68 5
22 69 5
22 70 1
22 71 3
22 72 1
22 73 5
22 74 4
22 75 2
23 1 3
23 2 2
23 3 2
23 4 2
23 5 4
23 6 5
23 7 2
23 8 4
23 9 4
23 10 4
23 11 2
23 12 4
23 13 3
23 14 3
23 15 1
23 16 1
23 17 4
23 18 3
23 19 2
23 20 4
23 21 4
23 22 2
23 24 2
23 25 5
23 26 2
23 27 2
23 28 3
23 29 4
23 30 2
23 31 3
23 32 1
23 33 1
23 34 4
23 35 2
23 36 3
23 37 2
23 38 1
23 39 1
23 40 2
23 41 4
23 42 4
23 43 4
23 44 4
23 45 2
23 46 3
23 47 4
23 48 4
23 49 1
23 50 4
23 51 2
23 52 2
23 53 2
23 54 4
23 55 3
23 56 4
23 57 2
23 58 1
23 59 3
23 60 5
23 61 4
23 62 5
23 63 2
23 64 5
23 65 5
23 66 3
23 67 2
23 68 4
23 69 5
23 70 2
23 71 5
23 72 1
23 73 3
23 74 3
23 75 4
24 1 1
24 2 2
24 3 5
24 4 4
24 5 5
24 6 3
24 7 3
24 8 1
24 9 1
24 10 1
24 11 5
24 12 1
24 13 4
24 14 2
24 15 3
24 16 3
24 17 1
24 18 2
24 19 2
24 20 5
24 21 2
24 22 4
24 23 3
24 25 5
24 26 1
24 27 1
24 28 1
24 29 1
24 30 3
24 31 4
24 32 1
24 33 5
24 34 2
24 35 5
24 36 4
24 37 1
24 38 4
24 39 1
24 40 3
24 41 2
24 42 3
24 43 4
24 44 2
24 45 1
24 46 1
24 47 5
24 48 5
24 49 1
24 50 1
24 51 1
24 52 2
24 53 4
24 54 2
24 55 1
24 56 5
24 57 4
24 58 1
24 59 1
24 60 4
24 61 1
24 62 1
24 63 1
24 64 5
24 65 2
24 66 1
24 67 5
24 68 5
24 69 1
24 70 2
24 71 4
24 72 2
24 73 4
24 74 3
24 75 4
25 1 1
25 2 3
25 3 3
25 4 3
25 5 5
25 6 5
25 7 3
25 8 3
25 9 4
25 10 1
25 11 3
25 12 3
25 13 4
25 14 5
25 15 5
25 16 4
25 17 5
25 18 5
25 19 5
25 20 2
25 21 2
25 22 2
25 23 1
25 24 3
25 26 2
25 27 3
25 28 1
25 29 1
25 30 3
25 31 3
25 32 4
25 33 4
25 34 2
25 35 3
25 36 1
25 37 3
25 38 2
25 39 5
25 40 2
25 41 2
25 42 3
25 43 4
25 44 2
25 45 1
25 46 4
25 47 1
25 48 2
25 49 5
25 50 1
25 51 3
25 52 1
25 53 4
25 54 4
25 55 2
25 56 3
25 57 2
25 58 1
25 59 3
25 60 2
25 61 3
25 62 3
25 63 2
25 64 3
25 65 1
25 66 4
25 67 5
25 68 4
25 69 3
25 70 2
25 71 2
25 72 4
25 73 4
25 74 1
25 75 2
26 1 1
26 2 1
26 3 3
26 4 2
26 5 2
26 6 5
26 7 4
26 8 5
26 9 3
26 10 4
26 11 3
26 12 5
26 13 3
26 14 3
26 15 4
26 16 1
26 17 5
26 18 1
26 19 3
26 20 5
26 21 2
26 22 3
26 23 4
26 24 2
26 25 2
26 27 5
26 28 5
26 29 1
26 30 3
26 31 2
26 32 4
26 33 1
26 34 4
26 35 1
26 36 4
26 37 1
26 38 5
26 39 5
26 40 5
26 41 4
26 42 3
26 43 2
26 44 5
26 45 5
26 46 1
26 47 4
26 48 1
26 49 2
26 50 1
26 51 5
26 52 1
26 53 4
26 54 4
26 55 2
26 56 2
26 57 1
26 58 1
26 59 2
26 60 3
26 61 1
26 62 3
26 63 1
26 64 3
26 65 2
26 66 2
26 67 1
26 68 4
26 69 3
26 70 5
26 71 3
26 72 2
26 73 3
26 74 1
26 75 1
27 1 4
27 2 3
27 3 4
27 4 1
27 5 4
27 6 5
27 7 2
27 8 2
27 9 3
27 10 1
27 11 3
27 12 5
27 13 1
27 14 5
27 15 3
27 16 3
27 17 5
27 18 5
27 19 5
27 20 2
27 21 1
27 22 1
27 23 5
27 24 4
27 25 4
27 26 4
27 28 3
27 29 2
27 30 3
27 31 5
27 32 2
27 33 4
27 34 2
27 35 3
27 36 4
27 37 3
27 38 4
27 39 3
27 40 4
27 41 3
27 42 3
27 43 1
27 44 2
27 45 5
27 46 2
27 47 4
27 48 4
27 49 2
27 50 1
27 51 3
27 52 5
27 53 3
27 54 1
27 55 1
27 56 2
27 57 1
27 58 5
27 59 1
27 60 2
27 61 2
27 62 3
27 63 5
27 64 2
27 65 1
27 66 2
27 67 1
27 68 3
27 69 2
27 70 5
27 71 3
27 72 5
27 73 2
27 74 5
27 75 3
28 1 1
28 2 2
28 3 4
28 4 4
28 5 5
28 6 4
28 7 3
28 8 1
28 9 1
28 10 3
28 11 2
28 12 4
28 13 3
28 14 1
28 15 2
28 16 1
28 17 4
28 18 4
28 19 1
28 20 1
28 21 1
28 22 4
28 23 3
28 24 4
28 25 1
28 26 2
28 27 3
28 29 5
28 30 5
28 31 3
28 32 2
28 33 2
28 34 1
28 35 5
28 36 5
28 37 5
28 38 3
28 39 4
28 40 2
28 41 1
28 42 2
28 43 3
28 44 4
28 45 1
28 46 5
28 47 5
28 48 2
28 49 1
28 50 5
28 51 4
28 52 1
28 53 1
28 54 2
28 55 5
28 56 1
28 57 2
28 58 3
28 59 3
28 60 3
28 61 2
28 62 2
28 63 2
28 64 3
28 65 4
28 66 1
28 67 4
28 68 3
28 69 1
28 70 2
28 71 2
28 72 1
28 73 5
28 74 4
28 75 1
29 1 1
29 2 1
29 3 3
29 4 4
29 5 1
29 6 4
29 7 2
29 8 3
29 9 4
29 10 3
29 11 2
29 12 1
29 13 2
29 14 1
29 15 4
29 16 1
29 17 2
29 18 2
29 19 2
29 20 1
29 21 1
29 22 3
29 23 1
29 24 5
29 25 5
29 26 2
29 27 1
29 28 2
29 30 4
29 31 2
29 32 2
29 33 4
29 34 2
29 35 1
29 36 4
29 37 2
29 38 5
29 39 5
29 40 4
29 41 5
29 42 4
29 43 2
29 44 1
29 45 5
29 46 2
29 47 1
29 48 3
29 49 5
29 50 4
29 51 4
29 52 5
29 53 4
29 54 3
29 55 2
29 56 1
29 57 2
29 58 5
29 59 3
29 60 3
29 61 3
29 62 1
29 63 2
29 64 3
29 65 2
29 66 2
29 67 1
29 68 5
29 69 3
29 70 5
29 71 5
29 72 3
29 73 4
29 74 1
29 75 5
30 1 5
30 2 4
30 3 5
30 4 2
30 5 3
30 6 3
30 7 3
30 8 4
30 9 4
30 10 5
30 11 5
30 12 1
30 13 2
30 14 5
30 15 3
30 16 1
30 17 4
30 18 1
30 19 2
30 20 2
30 21 2
30 22 1
30 23 2
30 24 4
30 25 5
30 26 4
30 27 3
30 28 4
30 29 2
30 31 1
30 32 3
30 33 3
30 34 4
30 35 4
30 36 5
30 37 4
30 38 4
30 39 4
30 40 4
30 41 2
30 42 3
30 43 1
30 44 4
30 45 4
30 46 2
30 47 3
30 48 2
30 49 5
30 50 3
30 51 3
30 52 3
30 53 5
30 54 5
30 55 5
30 56 5
30 57 5
30 58 3
30 59 2
30 60 5
30 61 1
30 62 4
30 63 3
30 64 3
30 65 5
30 66 1
30 67 4
30 68 5
30 69 4
30 70 2
30 71 3
30 72 2
30 73 5
30 74 5
30 75 5
31 1 5
31 2 1
31 3 3
31 4 1
31 5 3
31 6 5
31 7 1
31 8 5
31 9 1
31 10 2
31 11 1
31 12 5
31 13 3
31 14 3
31 15 4
31 16 3
31 17 5
31 18 4
31 19 5
31 20 3
31 21 3
31 22 2
31 23 3
31 24 2
31 25 1
31 26 2
31 27 2
31 28 4
31 29 1
31 30 1
31 32 4
31 33 2
31 34 2
31 35 3
31 36 5
31 37 1
31 38 4
31 39 5
31 40 5
31 41 2
31 42 1
31 43 1
31 44 3
31 45 4
31 46 5
31 47 1
31 48 1
31 49 5
31 50 5
31 51 2
31 52 4
31 53 4
31 54 3
31 55 3
31 56 1
31 57 5
31 58 4
31 59 4
31 60 4
31 61 1
31 62 4
31 63 4
31 64 3
31 65 2
31 66 1
31 67 2
31 68 2
31 69 4
31 70 1
31 71 2
31 72 5
31 73 3
31 74 4
31 75 3
32 1 3
32 2 5
32 3 5
32 4 3
32 5 1
32 6 1
32 7 1
32 8 4
32 9 2
32 10 4
32 11 4
32 12 4
32 13 3
32 14 2
32 15 2
32 16 1
32 17 3
32 18 5
32 19 4
32 20 2
32 21 2
32 22 1
32 23 3
32 24 5
32 25 2
32 26 5
32 27 3
32 28 3
32 29 2
32 30 3
32 31 2
32 33 2
32 34 3
32 35 4
32 36 4
32 37 3
32 38 4
32 39 5
32 40 4
32 41 5
32 42 5
32 43 2
32 44 5
32 45 2
32 46 5
32 47 1
32 48 5
32 49 2
32 50 1
32 51 5
32 52 3
32 53 4
32 54 3
32 55 2
32 56 5
32 57 4
32 58 1
32 59 3
32 60 1
32 61 5
32 62 5
32 63 3
32 64 1
32 65 4
32 66 3
32 67 1
32 68 2
32 69 1
32 70 2
32 71 2
32 72 3
32 73 3
32 74 5
32 75 2
33 1 2
33 2 4
33 3 5
33 4 1
33 5 3
33 6 5
33 7 2
33 8 2
33 9 5
33 10 4
33 11 1
33 12 1
33 13 2
33 14 1
33 15 3
33 16 5
33 17 2
33 18 5
33 19 4
33 20 4
33 21 3
33 22 1
33 23 2
33 24 1
33 25 3
33 26 5
33 27 4
33 28 5
33 29 3
33 30 5
33 31 4
33 32 4
33 34 4
33 35 3
33 36 1
33 37 3
33 38 4
33 39 2
33 40 1
33 41 5
33 42 1
33 43 1
33 44 5
33 45 4
33 46 4
33 47 5
33 48 3
33 49 5
33 50 1
33 51 3
33 52 1
33 53 3
33 54 3
33 55 2
33 56 1
33 57 1
33 58 3
33 59 1
33 60 2
33 61 5
33 62 1
33 63 2
33 64 5
33 65 1
33 66 4
33 67 5
33 68 3
33 69 4
33 70 4
33 71 5
33 72 5
33 73 4
33 74 1
33 75 5
34 1 4
34 2 1
34 3 1
34 4 4
34 5 2
34 6 1
34 7 1
34 8 2
34 9 5
34 10 1
34 11 5
34 12 2
34 13 1
34 14 3
34 15 3
34 16 4
34 17 4
34 18 3
34 19 1
34 20 4
34 21 3
34 22 1
34 23 5
34 24 2
34 25 5
34 26 3
34 27 3
34 28 1
34 29 3
34 30 5
34 31 5
34 32 2
34 33 5
34 35 2
34 36 2
34 37 2
34 38 2
34 39 2
34 40 3
34 41 4
34 42 4
34 43 5
34 44 5
34 45 4
34 46 4
34 47 2
34 48 5
34 49 2
34 50 1
34 51 5
34 52 2
34 53 5
34 54 2
34 55 2
34 56 3
34 57 3
34 58 4
34 59 1
34 60 4
34 61 2
34 62 5
34 63 5
34 64 5
34 65 5
34 66 2
34 67 1
34 68 1
34 69 5
34 70 4
34 71 5
34 72 3
34 73 3
34 74 4
34 75 5
35 1 3
35 2 2
35 3 3
35 4 2
35 5 1
35 6 4
35 7 3
35 8 2
35 9 3
35 10 5
35 11 5
35 12 1
35 13 4
35 14 4
35 15 3
35 16 2
35 17 2
35 18 2
35 19 4
35 20 1
35 21 1
35 22 5
35 23 1
35 24 3
35 25 1
35 26 4
35 27 3
35 28 1
35 29 3
35 30 1
35 31 5
35 32 1
35 33 5
35 34 2
35 36 2
35 37 5
35 38 2
35 39 5
35 40 3
35 41 2
35 42 1
35 43 3
35 44 2
35 45 4
35 46 1
35 47 4
35 48 3
35 49 4
35 50 2
35 51 1
35 52 4
35 53 3
35 54 2
35 55 1
35 56 5
35 57 2
35 58 1
35 59 2
35 60 2
35 61 4
35 62 5
35 63 3
35 64 4
35 65 1
35 66 2
35 67 2
35 68 5
35 69 3
35 70 3
35 71 4
35 72 4
35 73 3
35 74 1
35 75 2
36 1 4
36 2 3
36 3 2
36 4 1
36 5 1
36 6 4
36 7 3
36 8 1
36 9 1
36 10 4
36 11 1
36 12 2
36 13 2
36 14 4
36 15 1
36 16 1
36 17 4
36 18 2
36 19 5
36 20 4
36 21 2
36 22 1
36 23 5
36 24 1
36 25 4
36 26 3
36 27 4
36 28 4
36 29 2
36 30 2
36 31 1
36 32 5
36 33 4
36 34 2
36 35 2
36 37 2
36 38 2
36 39 1
36 40 2
36 41 4
36 42 1
36 43 5
36 44 1
36 45 3
36 46 3
36 47 3
36 48 5
36 49 1
36 50 4
36 51 4
36 52 4
36 53 5
36 54 5
36 55 5
36 56 2
36 57 5
36 58 2
36 59 2
36 60 3
36 61 1
36 62 3
36 63 5
36 64 2
36 65 4
36 66 4
36 67 4
36 68 5
36 69 5
36 70 1
36 71 1
36 72 4
36 73 2
36 74 2
36 75 1
37 1 4
37 2 4
37 3 3
37 4 5
37 5 1
37 6 1
37 7 3
37 8 1
37 9 5
37 10 4
37 11 1
37 12 3
37 13 3
37 14 4
37 15 4
37 16 3
37 17 4
37 18 4
37 19 2
37 20 1
37 21 4
37 22 5
37 23 1
37 24 3
37 25 2
37 26 1
37 27 5
37 28 5
37 29 2
37 30 2
37 31 5
37 32 2
37 33 2
37 34 2
37 35 3
37 36 5
37 38 4
37 39 1
37 40 5
37 41 5
37 42 4
37 43 2
37 44 2
37 45 4
37 46 1
37 47 2
37 48 1
37 49 1
37 50 2
37 51 4
37 52 3
37 53 5
37 54 1
37 55 3
37 56 2
37 57 2
37 58 1
37 59 4
37 60 3
37 61 4
37 62 2
37 63 2
37 64 3
37 65 3
37 66 5
37 67 5
37 68 2
37 69 3
37 70 2
37 71 2
37 72 4
37 73 3
37 74 5
37 75 5
38 1 1
38 2 5
38 3 3
38 4 3
38 5 3
38 6 5
38 7 1
38 8 5
38 9 4
38 10 3
38 11 5
38 12 3
38 13 4
38 14 2
38 15 1
38 16 1
38 17 5
38 18 2
38 19 4
38 20 4
38 21 1
38 22 5
38 23 1
38 24 3
38 25 4
38 26 2
38 27 1
38 28 2
38 29 4
38 30 2
38 31 3
38 32 1
38 33 2
38 34 1
38 35 3
38 36 1
38 37 2
38 39 1
38 40 2
38 41 5
38 42 3
38 43 1
38 44 4
38 45 2
38 46 4
38 47 1
38 48 4
38 49 1
38 50 4
38 51 5
38 52 4
38 53 5
38 54 4
38 55 4
38 56 4
38 57 5
38 58 3
38 59 1
38 60 3
38 61 1
38 62 2
38 63 1
38 64 2
38 65 5
38 66 3
38 67 1
38 68 2
38 69 4
38 70 1
38 71 4
38 72 5
38 73 4
38 74 4
38 75 4
39 1 2
39 2 3
39 3 4
39 4 5
39 5 3
39 6 5
39 7 1
39 8 3
39 9 4
39 10 2
39 11 4
39 12 4
39 13 1
39 14 1
39 15 4
39 16 3
39 17 3
39 18 2
39 19 3
39 20 1
39 21 4
39 22 2
39 23 2
39 24 5
39 25 5
39 26 2
39 27 3
39 28 5
39 29 2
39 30 4
39 31 5
39 32 3
39 33 3
39 34 5
39 35 5
39 36 2
39 37 4
39 38 5
39 40 4
39 41 4
39 42 1
39 43 4
39 44 2
39 45 1
39 46 4
39 47 2
39 48 1
39 49 4
39 50 4
39 51 5
39 52 4
39 53 2
39 54 2
39 55 2
39 56 3
39 57 3
39 58 1
39 59 1
39 60 4
39 61 2
39 62 4
39 63 3
39 64 5
39 65 1
39 66 5
39 67 1
39 68 4
39 69 3
39 70 5
39 71 2
39 72 2
39 73 1
39 74 1
39 75 3
40 1 3
40 2 1
40 3 2
40 4 5
40 5 1
40 6 5
40 7 5
40 8 5
40 9 3
40 10 3
40 11 3
40 12 5
40 13 5
40 14 3
40 15 2
40 16 4
40 17 2
40 18 2
40 19 3
40 20 3
40 21 4
40 22 2
40 23 3
40 24 2
40 25 5
40 26 2
40 27 1
40 28 3
40 29 4
40 30 3
40 31 2
40 32 4
40 33 3
40 34 3
40 35 3
40 36 4
40 37 4
40 38 4
40 39 5
40 41 1
40 42 1
40 43 4
40 44 3
40 45 3
40 46 2
40 47 1
40 48 1
40 49 5
40 50 3
40 51 5
40 52 2
40 53 3
40 54 2
40 55 4
40 56 5
40 57 3
40 58 2
40 59 5
40 60 5
40 61 3
40 62 2
40 63 1
40 64 3
40 65 1
40 66 1
40 67 5
40 68 1
40 69 4
40 70 1
40 71 2
40 72 2
40 73 3
40 74 1
40 75 1
41 1 5
41 2 4
41 3 1
41 4 2
41 5 3
41 6 5
41 7 2
41 8 1
41 9 3
41 10 3
41 11 4
41 12 2
41 13 2
41 14 2
41 15 3
41 16 1
41 17 1
41 18 4
41 19 3
41 20 3
41 21 1
41 22 3
41 23 5
41 24 2
41 25 4
41 26 5
41 27 3
41 28 5
41 29 2
41 30 3
41 31 5
41 32 2
41 33 1
41 34 2
41 35 3
41 36 5
41 37 4
41 38 4
41 39 5
41 40 1
41 42 3
41 43 5
41 44 4
41 45 4
41 46 4
41 47 3
41 48 1
41 49 4
41 50 3
41 51 1
41 52 2
41 53 3
41 54 3
41 55 1
41 56 4
41 57 3
41 58 5
41 59 2
41 60 2
41 61 3
41 62 1
41 63 3
41 64 1
41 65 4
41 66 2
41 67 1
41 68 5
41 69 5
41 70 1
41 71 5
41 72 2
41 73 4
41 74 1
41 75 2
42 1 4
42 2 4
42 3 4
42 4 5
42 5 3
42 6 1
42 7 5
42 8 1
42 9 3
42 10 4
42 11 1
42 12 4
42 13 4
42 14 2
42 15 2
42 16 5
42 17 4
42 18 2
42 19 5
42 20 5
42 21 2
42 22 3
42 23 5
42 24 2
42 25 2
42 26 5
42 27 3
42 28 5
42 29 5
42 30 3
42 31 1
42 32 4
42 33 4
42 34 4
42 35 5
42 36 1
42 37 1
42 38 1
42 39 3
42 40 5
42 41 1
42 43 3
42 44 3
42 45 4
42 46 1
42 47 4
42 48 1
42 49 4
42 50 3
42 51 5
42 52 5
42 53 4
42 54 2
42 55 1
42 56 2
42 57 5
42 58 3
42 59 4
42 60 4
42 61 4
42 62 2
42 63 4
42 64 4
42 65 2
42 66 4
42 67 3
42 68 4
42 69 1
42 70 5
42 71 1
42 72 5
42 73 1
42 74 5
42 75 5
43 1 4
43 2 5
43 3 5
43 4 4
43 5 3
43 6 2
43 7 5
43 8 5
43 9 3
43 10 3
43 11 2
43 12 4
43 13 2
43 14 4
43 15 5
43 16 2
43 17 3
43 18 3
43 19 2
43 20 3
43 21 4
43 22 2
43 23 1
43 24 2
43 25 2
43 26 2
43 27 2
43 28 4
43 29 2
43 30 1
43 31 3
43 32 3
43 33 5
43 34 2
43 35 3
43 36 4
43 37 1
43 38 3
43 39 5
43 40 3
43 41 5
43 42 2
43 44 3
43 45 4
43 46 2
43 47 4
43 48 5
43 49 1
43 50 1
43 51 2
43 52 4
43 53 4
43 54 3
43 55 1
43 56 2
43 57 2
43 58 2
43 59 5
43 60 5
43 61 1
43 62 5
43 63 2
43 64 3
43 65 1
43 66 5
43 67 5
43 68 2
43 69 5
43 70 4
43 71 3
43 72 4
43 73 4
43 74 4
43 75 4
44 1 4
44 2 3
44 3 2
44 4 3
44 5 3
44 6 3
44 7 1
44 8 1
44 9 3
44 10 1
44 11 3
44 12 5
44 13 2
44 14 5
44 15 1
44 16 1
44 17 5
44 18 3
44 19 4
44 20 4
44 21 3
44 22 5
44 23 3
44 24 1
44 25 2
44 26 2
44 27 4
44 28 5
44 29 2
44 30 4
44 31 5
44 32 5
44 33 1
44 34 2
44 35 4
44 36 1
44 37 1
44 38 5
44 39 3
44 40 5
44 41 5
44 42 1
44 43 1
44 45 1
44 46 2
44 47 2
44 48 3
44 49 1
44 50 4
44 51 3
44 52 4
44 53 3
44 54 2
44 55 3
44 56 1
44 57 3
44 58 1
44 59 1
44 60 5
44 61 2
44 62 4
44 63 4
44 64 1
44 65 2
44 66 2
44 67 2
44 68 4
44 69 4
44 70 1
44 71 1
44 72 4
44 73 2
44 74 1
44 75 1
45 1 2
45 2 2
45 3 2
45 4 1
45 5 4
45 6 2
45 7 3
45 8 4
45 9 5
45 10 4
45 11 2
45 12 5
45 13 4
45 14 2
45 15 5
45 16 3
45 17 1
45 18 5
45 19 3
45 20 3
45 21 3
45 22 5
45 23 4
45 24 1
45 25 3
45 26 1
45 27 2
45 28 3
45 29 2
45 30 4
45 31 4
45 32 5
45 33 3
45 34 2
45 35 5
45 36 3
45 37 4
45 38 4
45 39 2
45 40 3
45 41 5
45 42 5
45 43 4
45 44 3
45 46 3
45 47 5
45 48 2
45 49 3
45 50 4
45 51 4
45 52 1
45 53 2
45 54 3
45 55 1
45 56 4
45 57 3
45 58 2
45 59 2
45 60 2
45 61 3
45 62 3
45 63 5
45 64 3
45 65 5
45 66 4
45 67 4
45 68 4
45 69 2
45 70 3
45 71 2
45 72 1
45 73 2
45 74 1
45 75 1
46 1 1
46 2 4
46 3 5
46 4 2
46 5 3
46 6 5
46 7 5
46 8 5
46 9 3
46 10 5
46 11 1
46 12 2
46 13 4
46 14 4
46 15 3
46 16 5
46 17 1
46 18 2
46 19 2
46 20 5
46 21 3
46 22 5
46 23 4
46 24 2
46 25 3
46 26 1
46 27 3
46 28 5
46 29 4
46 30 1
46 31 5
46 32 4
46 33 4
46 34 4
46 35 2
46 36 3
46 37 3
46 38 3
46 39 3
46 40 1
46 41 2
46 42 5
46 43 4
46 44 5
46 45 3
46 47 3
46 48 2
46 49 5
46 50 5
46 51 5
46 52 5
46 53 2
46 54 4
46 55 3
46 56 3
46 57 3
46 58 5
46 59 3
46 60 2
46 61 3
46 62 3
46 63 1
46 64 3
46 65 3
46 66 1
46 67 1
46 68 5
46 69 5
46 70 3
46 71 4
46 72 2
46 73 2
46 74 5
46 75 5
47 1 3
47 2 4
47 3 3
47 4 4
47 5 4
47 6 4
47 7 3
47 8 3
47 9 5
47 10 3
47 11 2
47 12 5
47 13 5
47 14 1
47 15 2
47 16 3
47 17 5
47 18 1
47 19 5
47 20 4
47 21 3
47 22 2
47 23 4
47 24 4
47 25 2
47 26 3
47 27 5
47 28 5
47 29 4
47 30 1
47 31 5
47 32 2
47 33 5
47 34 4
47 35 2
47 36 3
47 37 2
47 38 5
47 39 2
47 40 3
47 41 4
47 42 5
47 43 4
47 44 1
47 45 5
47 46 2
47 48 3
47 49 1
47 50 2
47 51 5
47 52 1
47 53 1
47 54 1
47 55 1
47 56 2
47 57 4
47 58 3
47 59 1
47 60 4
47 61 2
47 62 3
47 63 3
47 64 5
47 65 2
47 66 3
47 67 1
47 68 1
47 69 1
47 70 2
47 71 4
47 72 5
47 73 1
47 74 3
47 75 4
48 1 3
48 2 4
48 3 5
48 4 2
48 5 4
48 6 2
48 7 1
48 8 4
48 9 4
48 10 4
48 11 1
48 12 5
48 13 2
48 14 4
48 15 2
48 16 5
48 17 2
48 18 5
48 19 4
48 20 3
48 21 1
48 22 3
48 23 3
48 24 4
48 25 3
48 26 2
48 27 2
48 28 3
48 29 4
48 30 5
48 31 1
48 32 1
48 33 3
48 34 2
48 35 2
48 36 4
48 37 3
48 38 5
48 39 2
48 40 4
48 41 3
48 42 5
48 43 3
48 44 4
48 45 3
48 46 5
48 47 1
48 49 1
48 50 4
48 51 4
48 52 3
48 53 1
48 54 2
48 55 2
48 56 4
48 57 1
48 58 3
48 59 1
48 60 5
48 61 1
48 62 5
48 63 5
48 64 3
48 65 4
48 66 4
48 67 2
48 68 2
48 69 3
48 70 1
48 71 1
48 72 1
48 73 3
48 74 5
48 75 4
49 1 3
49 2 4
49 3 3
49 4 3
49 5 4
49 6 3
49 7 2
49 8 1
49 9 3
49 10 5
49 11 2
49 12 2
49 13 5
49 14 2
49 15 2
49 16 2
49 17 4
49 18 3
49 19 3
49 20 2
49 21 1
49 22 1
49 23 3
49 24 5
49 25 4
49 26 5
49 27 5
49 28 4
49 29 2
49 30 4
49 31 2
49 32 4
49 33 2
49 34 1
49 35 4
49 36 2
49 37 3
49 38 5
49 39 2
49 40 3
49 41 1
49 42 5
49 43 4
49 44 2
49 45 1
49 46 2
49 47 3
49 48 5
49 50 1
49 51 1
49 52 3
49 53 1
49 54 1
49 55 2
49 56 5
49 57 4
49 58 1
49 59 1
49 60 5
49 61 2
49 62 4
49 63 3
49 64 2
49 65 2
49 66 4
49 67 5
49 68 3
49 69 3
49 70 1
49 71 1
49 72 2
49 73 3
49 74 1
49 75 5
50 1 5
50 2 3
50 3 3
50 4 4
50 5 4
50 6 3
50 7 4
50 8 3
50 9 1
50 10 2
50 11 4
50 12 2
50 13 2
50 14 4
50 15 3
50 16 1
50 17 2
50 18 3
50 19 4
50 20 1
50 21 5
50 22 4
50 23 2
50 24 4
50 25 3
50 26 3
50 27 2
50 28 5
50 29 2
50 30 4
50 31 1
50 32 1
50 33 1
50 34 1
50 35 5
50 36 2
50 37 3
50 38 5
50 39 4
50 40 5
50 41 1
50 42 3
50 43 2
50 44 5
50 45 3
50 46 4
50 47 5
50 48 5
50 49 3
50 51 5
50 52 5
50 53 4
50 54 5
50 55 1
50 56 3
50 57 5
50 58 5
50 59 4
50 60 1
50 61 2
50 62 2
50 63 1
50 64 4
50 65 4
50 66 3
50 67 5
50 68 2
50 69 1
50 70 2
50 71 3
50 72 2
50 73 2
50 74 2
50 75 3
51 1 3
51 2 4
51 3 3
51 4 3
51 5 5
51 6 1
51 7 4
51 8 1
51 9 4
51 10 1
51 11 4
51 12 3
51 13 5
51 14 3
51 15 3
51 16 5
51 17 1
51 18 1
51 19 2
51 20 2
51 21 5
51 22 2
51 23 1
51 24 3
51 25 4
51 26 2
51 27 5
51 28 5
51 29 1
51 30 1
51 31 3
51 32 3
51 33 2
51 34 2
51 35 2
51 36 1
51 37 2
51 38 3
51 39 4
51 40 3
51 41 5
51 42 2
51 43 5
51 44 4
51 45 4
51 46 3
51 47 5
51 48 2
51 49 3
51 50 3
51 52 3
51 53 4
51 54 4
51 55 5
51 56 2
51 57 2
51 58 4
51 59 3
51 60 2
51 61 4
51 62 1
51 63 1
51 64 3
51 65 4
51 66 2
51 67 2
51 68 1
51 69 1
51 70 1
51 71 4
51 72 3
51 73 5
51 74 5
51 75 2
52 1 5
52 2 4
52 3 4
52 4 4
52 5 2
52 6 4
52 7 3
52 8 1
52 9 2
52 10 2
52 11 5
52 12 5
52 13 5
52 14 3
52 15 5
52 16 3
52 17 3
52 18 2
52 19 5
52 20 3
52 21 5
52 22 2
52 23 4
52 24 5
52 25 2
52 26 1
52 27 4
52 28 4
52 29 5
52 30 3
52 31 2
52 32 4
52 33 3
52 34 3
52 35 4
52 36 1
52 37 1
52 38 1
52 39 1
52 40 4
52 41 4
52 42 1
52 43 1
52 44 1
52 45 5
52 46 2
52 47 3
52 48 5
52 49 3
52 50 3
52 51 2
52 53 4
52 54 1
52 55 2
52 56 5
52 57 2
52 58 2
52 59 3
52 60 2
52 61 1
52 62 3
52 63 5
52 64 1
52 65 2
52 66 2
52 67 4
52 68 3
52 69 4
52 70 4
52 71 3
52 72 5
52 73 5
52 74 5
52 75 2
53 1 5
53 2 2
53 3 3
53 4 2
53 5 1
53 6 2
53 7 1
53 8 2
53 9 2
53 10 1
53 11 5
53 12 1
53 13 4
53 14 1
53 15 1
53 16 2
53 17 3
53 18 3
53 19 2
53 20 5
53 21 1
53 22 5
53 23 3
53 24 3
53 25 1
53 26 3
53 27 3
53 28 5
53 29 2
53 30 4
53 31 3
53 32 1
53 33 5
53 34 5
53 35 5
53 36 5
53 37 3
53 38 5
53 39 3
53 40 1
53 41 3
53 42 2
53 43 1
53 44 1
53 45 4
53 46 1
53 47 5
53 48 3
53 49 5
53 50 1
53 51 2
53 52 1
53 54 2
53 55 4
53 56 5
53 57 2
53 58 4
53 59 2
53 60 3
53 61 5
53 62 1
53 63 5
53 64 3
53 65 2
53 66 1
53 67 2
53 68 4
53 69 5
53 70 3
53 71 1
53 72 5
53 73 5
53 74 5
53 75 1
54 1 3
54 2 5
54 3 3
54 4 2
54 5 3
54 6 5
54 7 4
54 8 1
54 9 5
54 10 5
54 11 2
54 12 1
54 13 4
54 14 5
54 15 3
54 16 1
54 17 4
54 18 5
54 19 3
54 20 3
54 21 1
54 22 3
54 23 4
54 24 1
54 25 3
54 26 4
54 27 2
54 28 4
54 29 3
54 30 3
54 31 1
54 32 2
54 33 2
54 34 4
54 35 3
54 36 1
54 37 5
54 38 1
54 39 4
54 40 4
54 41 3
54 42 5
54 43 4
54 44 3
54 45 4
54 46 3
54 47 3
54 48 4
54 49 4
54 50 2
54 51 2
54 52 2
54 53 5
54 55 5
54 56 2
54 57 4
54 58 3
54 59 5
54 60 2
54 61 3
54 62 2
54 63 3
54 64 4
54 65 1
54 66 3
54 67 4
54 68 3
54 69 2
54 70 1
54 71 1
54 72 2
54 73 3
54 74 5
54 75 2
55 1 5
55 2 3
55 3 2
55 4 5
55 5 2
55 6 5
55 7 1
55 8 3
55 9 1
55 10 2
55 11 4
55 12 3
55 13 5
55 14 4
55 15 2
55 16 4
55 17 3
55 18 1
55 19 1
55 20 3
55 21 1
55 22 3
55 23 1
55 24 5
55 25 1
55 26 2
55 27 1
55 28 2
55 29 1
55 30 2
55 31 3
55 32 1
55 33 5
55 34 4
55 35 2
55 36 3
55 37 1
55 38 4
55 39 2
55 40 1
55 41 1
55 42 2
55 43 5
55 44 2
55 45 2
55 46 2
55 47 5
55 48 4
55 49 4
55 50 5
55 51 2
55 52 4
55 53 4
55 54 4
55 56 5
55 57 4
55 58 5
55 59 5
55 60 2
55 61 1
55 62 2
55 63 2
55 64 3
55 65 3
55 66 2
55 67 1
55 68 2
55 69 2
55 70 4
55 71 5
55 72 5
55 73 1
55 74 1
55 75 4
56 1 3
56 2 5
56 3 2
56 4 2
56 5 3
56 6 5
56 7 2
56 8 1
56 9 5
56 10 2
56 11 5
56 12 2
56 13 3
56 14 1
56 15 1
56 16 4
56 17 3
56 18 4
56 19 2
56 20 2
56 21 3
56 22 4
56 23 2
56 24 1
56 25 2
56 26 3
56 27 5
56 28 1
56 29 3
56 30 3
56 31 2
56 32 5
56 33 2
56 34 3
56 35 4
56 36 1
56 37 5
56 38 2
56 39 4
56 40 1
56 41 3
56 42 3
56 43 2
56 44 5
56 45 5
56 46 5
56 47 1
56 48 3
56 49 5
56 50 2
56 51 1
56 52 3
56 53 2
56 54 5
56 55 5
56 57 4
56 58 2
56 59 2
56 60 1
56 61 1
56 62 4
56 63 2
56 64 3
56 65 2
56 66 2
56 67 1
56 68 4
56 69 1
56 70 2
56 71 2
56 72 3
56 73 1
56 74 1
56 75 2
57 1 1
57 2 3
57 3 1
57 4 3
57 5 2
57 6 5
57 7 1
57 8 2
57 9 4
57 10 3
57 11 1
57 12 4
57 13 3
57 14 4
57 15 5
57 16 3
57 17 5
57 18 5
57 19 5
57 20 4
57 21 3
57 22 1
57 23 4
57 24 3
57 25 3
57 26 2
57 27 2
57 28 5
57 29 2
57 30 4
57 31 1
57 32 4
57 33 1
57 34 3
57 35 1
57 36 2
57 37 3
57 38 2
57 39 4
57 40 3
57 41 1
57 42 1
57 43 3
57 44 3
57 45 5
57 46 2
57 47 5
57 48 1
57 49 3
57 50 4
57 51 4
57 52 2
57 53 1
57 54 2
57 55 5
57 56 3
57 58 5
57 59 3
57 60 3
57 61 1
57 62 1
57 63 5
57 64 5
57 65 2
57 66 3
57 67 2
57 68 5
57 69 2
57 70 5
57 71 3
57 72 4
57 73 5
57 74 1
57 75 2
58 1 2
58 2 5
58 3 5
58 4 4
58 5 5
58 6 5
58 7 4
58 8 3
58 9 3
58 10 5
58 11 1
58 12 4
58 13 2
58 14 5
58 15 1
58 16 1
58 17 2
58 18 2
58 19 3
58 20 1
58 21 5
58 22 5
58 23 5
58 24 4
58 25 3
58 26 4
58 27 2
58 28 3
58 29 4
58 30 4
58 31 1
58 32 2
58 33 3
58 34 3
58 35 5
58 36 4
58 37 2
58 38 1
58 39 1
58 40 4
58 41 5
58 42 3
58 43 3
58 44 3
58 45 4
58 46 5
58 47 4
58 48 5
58 49 1
58 50 3
58 51 3
58 52 5
58 53 2
58 54 2
58 55 4
58 56 1
58 57 5
58 59 2
58 60 3
58 61 3
58 62 5
58 63 4
58 64 2
58 65 4
58 66 1
58 67 1
58 68 2
58 69 4
58 70 1
58 71 4
58 72 4
58 73 2
58 74 1
58 75 3
59 1 5
59 2 1
59 3 3
59 4 5
59 5 5
59 6 3
59 7 2
59 8 2
59 9 5
59 10 5
59 11 3
59 12 5
59 13 5
59 14 5
59 15 1
59 16 4
59 17 2
59 18 2
59 19 2
59 20 5
59 21 5
59 22 4
59 23 1
59 24 3
59 25 2
59 26 3
59 27 1
59 28 1
59 29 2
59 30 3
59 31 3
59 32 1
59 33 3
59 34 5
59 35 2
59 36 4
59 37 5
59 38 3
59 39 3
59 40 4
59 41 4
59 42 5
59 43 3
59 44 3
59 45 1
59 46 5
59 47 3
59 48 3
59 49 3
59 50 5
59 51 2
59 52 2
59 53 3
59 54 4
59 55 1
59 56 5
59 57 4
59 58 1
59 60 2
59 61 2
59 62 5
59 63 4
59 64 4
59 65 4
59 66 1
59 67 5
59 68 2
59 69 5
59 70 4
59 71 4
59 72 5
59 73 2
59 74 1
59 75 4
60 1 1
60 2 1
60 3 5
60 4 3
60 5 5
60 6 2
60 7 4
60 8 4
60 9 5
60 10 2
60 11 4
60 12 5
60 13 3
60 14 4
60 15 2
60 16 1
60 17 5
60 18 1
60 19 4
60 20 3
60 21 1
60 22 1
60 23 4
60 24 2
60 25 2
60 26 2
60 27 3
60 28 3
60 29 5
60 30 5
60 31 1
60 32 5
60 33 2
60 34 2
60 35 5
60 36 2
60 37 3
60 38 3
60 39 2
60 40 2
60 41 1
60 42 2
60 43 3
60 44 3
60 45 1
60 46 4
60 47 3
60 48 2
60 49 1
60 50 4
60 51 2
60 52 3
60 53 1
60 54 2
60 55 5
60 56 3
60 57 4
60 58 4
60 59 5
60 61 5
60 62 3
60 63 3
60 64 5
60 65 1
60 66 4
60 67 4
60 68 2
60 69 2
60 70 3
60 71 5
60 72 5
60 73 4
60 74 2
60 75 5
61 1 1
61 2 4
61 3 5
61 4 1
61 5 2
61 6 3
61 7 1
61 8 5
61 9 5
61 10 1
61 11 2
61 12 1
61 13 5
61 14 2
61 15 4
61 16 5
61 17 1
61 18 3
61 19 4
61 20 5
61 21 4
61 22 2
61 23 5
61 24 2
61 25 5
61 26 3
61 27 2
61 28 2
61 29 1
61 30 5
61 31 1
61 32 3
61 33 5
61 34 5
61 35 5
61 36 1
61 37 2
61 38 2
61 39 3
61 40 2
61 41 5
61 42 4
61 43 2
61 44 4
61 45 5
61 46 3
61 47 5
61 48 5
61 49 5
61 50 3
61 51 2
61 52 5
61 53 2
61 54 3
61 55 2
61 56 1
61 57 2
61 58 5
61 59 2
61 60 4
61 62 1
61 63 4
61 64 4
61 65 5
61 66 4
61 67 3
61 68 2
61 69 2
61 70 2
61 71 4
61 72 5
61 73 1
61 74 4
61 75 4
62 1 4
62 2 3
62 3 1
62 4 1
62 5 5
62 6 2
62 7 5
62 8 3
62 9 4
62 10 1
62 11 5
62 12 5
62 13 4
62 14 4
62 15 1
62 16 2
62 17 2
62 18 1
62 19 1
62 20 5
62 21 2
62 22 1
62 23 5
62 24 5
62 25 4
62 26 1
62 27 4
62 28 4
62 29 3
62 30 2
62 31 4
62 32 1
62 33 2
62 34 4
62 35 3
62 36 3
62 37 2
62 38 3
62 39 5
62 40 5
62 41 5
62 42 1
62 43 1
62 44 3
62 45 4
62 46 1
62 47 5
62 48 1
62 49 3
62 50 2
62 51 2
62 52 1
62 53 4
62 54 3
62 55 1
62 56 2
62 57 3
62 58 1
62 59 2
62 60 5
62 61 4
62 63 5
62 64 3
62 65 2
62 66 3
62 67 2
62 68 4
62 69 2
62 70 4
62 71 3
62 72 3
62 73 1
62 74 4
62 75 4
63 1 3
63 2 4
63 3 1
63 4 4
63 5 1
63 6 1
63 7 2
63 8 3
63 9 3
63 10 5
63 11 5
63 12 3
63 13 2
63 14 5
63 15 5
63 16 3
63 17 1
63 18 1
63 19 3
63 20 5
63 21 2
63 22 2
63 23 2
63 24 1
63 25 5
63 26 2
63 27 3
63 28 3
63 29 2
63 30 3
63 31 3
63 32 2
63 33 2
63 34 3
63 35 2
63 36 2
63 37 5
63 38 4
63 39 1
63 40 3
63 41 3
63 42 3
63 43 2
63 44 4
63 45 4
63 46 2
63 47 4
63 48 4
63 49 2
63 50 3
63 51 1
63 52 3
63 53 4
63 54 4
63 55 5
63 56 1
63 57 2
63 58 5
63 59 3
63 60 1
63 61 2
63 62 5
63 64 2
63 65 5
63 66 4
63 67 3
63 68 2
63 69 4
63 70 1
63 71 2
63 72 3
63 73 4
63 74 1
63 75 4
64 1 4
64 2 4
64 3 5
64 4 4
64 5 5
64 6 3
64 7 1
64 8 5
64 9 3
64 10 2
64 11 3
64 12 2
64 13 2
64 14 1
64 15 1
64 16 4
64 17 1
64 18 5
64 19 5
64 20 2
64 21 4
64 22 5
64 23 2
64 24 2
64 25 3
64 26 4
64 27 1
64 28 2
64 29 4
64 30 1
64 31 1
64 32 5
64 33 5
64 34 2
64 35 3
64 36 4
64 37 5
64 38 4
64 39 5
64 40 4
64 41 5
64 42 4
64 43 2
64 44 1
64 45 4
64 46 5
64 47 1
64 48 2
64 49 4
64 50 5
64 51 5
64 52 4
64 53 4
64 54 1
64 55 1
64 56 4
64 57 2
64 58 1
64 59 5
64 60 5
64 61 1
64 62 5
64 63 4
64 65 2
64 66 4
64 67 2
64 68 2
64 69 5
64 70 5
64 71 1
64 72 3
64 73 1
64 74 1
64 75 4
65 1 1
65 2 2
65 3 5
65 4 1
65 5 3
65 6 3
65 7 2
65 8 2
65 9 2
65 10 2
65 11 3
65 12 4
65 13 5
65 14 1
65 15 4
65 16 2
65 17 5
65 18 4
65 19 3
65 20 1
65 21 3
65 22 1
65 23 2
65 24 4
65 25 5
65 26 3
65 27 2
65 28 2
65 29 3
65 30 2
65 31 3
65 32 5
65 33 5
65 34 2
65 35 2
65 36 2
65 37 2
65 38 3
65 39 4
65 40 5
65 41 4
65 42 3
65 43 3
65 44 1
65 45 3
65 46 1
65 47 2
65 48 2
65 49 1
65 50 4
65 51 4
65 52 3
65 53 5
65 54 5
65 55 4
65 56 1
65 57 4
65 58 2
65 59 3
65 60 3
65 61 5
65 62 2
65 63 4
65 64 5
65 66 5
65 67 5
65 68 1
65 69 1
65 70 4
65 71 1
65 72 5
65 73 5
65 74 3
65 75 2
66 1 5
66 2 5
66 3 4
66 4 3
66 5 4
66 6 5
66 7 1
66 8 2
66 9 4
66 10 2
66 11 4
66 12 4
66 13 3
66 14 4
66 15 5
66 16 2
66 17 4
66 18 5
66 19 5
66 20 2
66 21 4
66 22 4
66 23 4
66 24 1
66 25 2
66 26 2
66 27 2
66 28 1
66 29 1
66 30 4
66 31 5
66 32 2
66 33 1
66 34 5
66 35 4
66 36 1
66 37 1
66 38 2
66 39 2
66 40 5
66 41 5
66 42 2
66 43 5
66 44 2
66 45 3
66 46 5
66 47 5
66 48 1
66 49 1
66 50 4
66 51 2
66 52 4
66 53 3
66 54 5
66 55 1
66 56 4
66 57 2
66 58 2
66 59 1
66 60 4
66 61 3
66 62 2
66 63 3
66 64 3
66 65 2
66 67 3
66 68 3
66 69 2
66 70 4
66 71 1
66 72 3
66 73 1
66 74 5
66 75 5
67 1 4
67 2 2
67 3 4
67 4 4
67 5 2
67 6 4
67 7 2
67 8 5
67 9 4
67 10 1
67 11 5
67 12 4
67 13 1
67 14 3
67 15 1
67 16 4
67 17 3
67 18 3
67 19 2
67 20 5
67 21 2
67 22 3
67 23 3
67 24 1
67 25 2
67 26 3
67 27 1
67 28 1
67 29 5
67 30 2
67 31 5
67 32 4
67 33 3
67 34 5
67 35 2
67 36 1
67 37 5
67 38 5
67 39 1
67 40 3
67 41 3
67 42 2
67 43 2
67 44 5
67 45 4
67 46 4
67 47 3
67 48 3
67 49 3
67 50 5
67 51 3
67 52 4
67 53 4
67 54 2
67 55 1
67 56 2
67 57 1
67 58 3
67 59 5
67 60 1
67 61 5
67 62 1
67 63 4
67 64 4
67 65 1
67 66 2
67 68 2
67 69 5
67 70 3
67 71 2
67 72 5
67 73 5
67 74 5
67 75 3
68 1 5
68 2 5
68 3 1
68 4 4
68 5 2
68 6 5
68 7 5
68 8 1
68 9 5
68 10 1
68 11 2
68 12 5
68 13 2
68 14 5
68 15 2
68 16 3
68 17 2
68 18 3
68 19 4
68 20 2
68 21 2
68 22 1
68 23 3
68 24 3
68 25 5
68 26 5
68 27 1
68 28 1
68 29 2
68 30 5
68 31 3
68 32 3
68 33 4
68 34 3
68 35 1
68 36 2
68 37 4
68 38 1
68 39 3
68 40 3
68 41 1
68 42 4
68 43 4
68 44 4
68 45 5
68 46 1
68 47 2
68 48 1
68 49 3
68 50 2
68 51 2
68 52 1
68 53 2
68 54 4
68 55 5
68 56 3
68 57 1
68 58 2
68 59 4
68 60 4
68 61 3
68 62 1
68 63 1
68 64 3
68 65 1
68 66 1
68 67 5
68 69 1
68 70 3
68 71 2
68 72 4
68 73 5
68 74 2
68 75 2
69 1 1
69 2 2
69 3 4
69 4 4
69 5 4
69 6 4
69 7 5
69 8 1
69 9 1
69 10 3
69 11 1
69 12 1
69 13 5
69 14 3
69 15 4
69 16 5
69 17 1
69 18 2
69 19 1
69 20 1
69 21 1
69 22 3
69 23 4
69 24 5
69 25 3
69 26 3
69 27 1
69 28 3
69 29 5
69 30 5
69 31 5
69 32 5
69 33 3
69 34 5
69 35 3
69 36 1
69 37 3
69 38 4
69 39 1
69 40 1
69 41 1
69 42 4
69 43 3
69 44 2
69 45 1
69 46 1
69 47 2
69 48 4
69 49 4
69 50 4
69 51 4
69 52 5
69 53 1
69 54 4
69 55 4
69 56 5
69 57 2
69 58 2
69 59 3
69 60 1
69 61 1
69 62 4
69 63 5
69 64 5
69 65 3
69 66 4
69 67 5
69 68 3
69 70 4
69 71 3
69 72 5
69 73 1
69 74 1
69 75 2
70 1 2
70 2 3
70 3 2
70 4 5
70 5 1
70 6 1
70 7 3
70 8 2
70 9 2
70 10 5
70 11 5
70 12 5
70 13 5
70 14 3
70 15 3
70 16 2
70 17 3
70 18 5
70 19 2
70 20 4
70 21 4
70 22 1
70 23 4
70 24 4
70 25 3
70 26 2
70 27 3
70 28 4
70 29 4
70 30 5
70 31 5
70 32 3
70 33 2
70 34 2
70 35 2
70 36 5
70 37 4
70 38 5
70 39 3
70 40 5
70 41 4
70 42 2
70 43 1
70 44 5
70 45 5
70 46 4
70 47 3
70 48 4
70 49 5
70 50 4
70 51 3
70 52 4
70 53 5
70 54 1
70 55 4
70 56 4
70 57 5
70 58 1
70 59 3
70 60 5
70 61 5
70 62 2
70 63 2
70 64 3
70 65 5
70 66 4
70 67 4
70 68 5
70 69 3
70 71 1
70 72 1
70 73 3
70 74 5
70 75 4
71 1 5
71 2 4
71 3 4
71 4 2
71 5 4
71 6 3
71 7 3
71 8 1
71 9 1
71 10 4
71 11 4
71 12 1
71 13 2
71 14 5
71 15 1
71 16 1
71 17 4
71 18 2
71 19 5
71 20 1
71 21 5
71 22 1
71 23 4
71 24 3
71 25 3
71 26 3
71 27 1
71 28 3
71 29 2
71 30 5
71 31 1
71 32 1
71 33 3
71 34 4
71 35 5
71 36 3
71 37 2
71 38 2
71 39 4
71 40 4
71 41 5
71 42 4
71 43 5
71 44 3
71 45 3
71 46 2
71 47 1
71 48 3
71 49 1
71 50 5
71 51 3
71 52 5
71 53 5
71 54 3
71 55 4
71 56 2
71 57 5
71 58 1
71 59 2
71 60 4
71 61 5
71 62 4
71 63 1
71 64 4
71 65 3
71 66 5
71 67 2
71 68 1
71 69 3
71 70 5
71 72 1
71 73 4
71 74 5
71 75 2
72 1 2
72 2 2
72 3 4
72 4 2
72 5 4
72 6 4
72 7 3
72 8 4
72 9 5
72 10 4
72 11 1
72 12 5
72 13 3
72 14 3
72 15 1
72 16 4
72 17 1
72 18 2
72 19 2
72 20 3
72 21 1
72 22 1
72 23 3
72 24 2
72 25 3
72 26 5
72 27 3
72 28 1
72 29 4
72 30 2
72 31 2
72 32 2
72 33 5
72 34 2
72 35 5
72 36 5
72 37 2
72 38 2
72 39 3
72 40 3
72 41 5
72 42 1
72 43 5
72 44 2
72 45 3
72 46 5
72 47 5
72 48 5
72 49 3
72 50 4
72 51 2
72 52 3
72 53 1
72 54 1
72 55 1
72 56 1
72 57 3
72 58 3
72 59 1
72 60 3
72 61 1
72 62 2
72 63 4
72 64 5
72 65 1
72 66 3
72 67 2
72 68 2
72 69 4
72 70 1
72 71 2
72 73 5
72 74 1
72 75 1
73 1 2
73 2 5
73 3 2
73 4 3
73 5 1
73 6 4
73 7 3
73 8 5
73 9 2
73 10 4
73 11 5
73 12 2
73 13 4
73 14 2
73 15 2
73 16 1
73 17 4
73 18 2
73 19 4
73 20 4
73 21 4
73 22 4
73 23 1
73 24 5
73 25 3
73 26 1
73 27 2
73 28 4
73 29 1
73 30 3
73 31 4
73 32 4
73 33 4
73 34 2
73 35 1
73 36 2
73 37 5
73 38 1
73 39 1
73 40 3
73 41 4
73 42 5
73 43 2
73 44 4
73 45 4
73 46 3
73 47 1
73 48 4
73 49 1
73 50 4
73 51 3
73 52 4
73 53 3
73 54 5
73 55 5
73 56 2
73 57 3
73 58 2
73 59 5
73 60 5
73 61 1
73 62 5
73 63 3
73 64 1
73 65 1
73 66 5
73 67 2
73 68 2
73 69 5
73 70 2
73 71 5
73 72 3
73 74 4
73 75 1
74 1 3
74 2 2
74 3 5
74 4 3
74 5 2
74 6 5
74 7 2
74 8 4
74 9 4
74 10 1
74 11 1
74 12 5
74 13 2
74 14 3
74 15 3
74 16 3
74 17 2
74 18 5
74 19 4
74 20 4
74 21 1
74 22 4
74 23 3
74 24 4
74 25 2
74 26 3
74 27 1
74 28 1
74 29 2
74 30 1
74 31 3
74 32 2
74 33 4
74 34 2
74 35 4
74 36 5
74 37 2
74 38 2
74 39 4
74 40 2
74 41 4
74 42 4
74 43 1
74 44 2
74 45 3
74 46 4
74 47 4
74 48 4
74 49 3
74 50 2
74 51 4
74 52 5
74 53 2
74 54 1
74 55 4
74 56 4
74 57 5
74 58 1
74 59 1
74 60 4
74 61 1
74 62 4
74 63 5
74 64 4
74 65 5
74 66 3
74 67 5
74 68 1
74 69 2
74 70 3
74 71 4
74 72 2
74 73 3
74 75 5
75 1 4
75 2 5
75 3 5
75 4 4
75 5 5
75 6 4
75 7 3
75 8 3
75 9 4
75 10 4
75 11 1
75 12 4
75 13 4
75 14 2
75 15 4
75 16 5
75 17 5
75 18 1
75 19 3
75 20 4
75 21 1
75 22 4
75 23 4
75 24 5
75 25 2
75 26 5
75 27 5
75 28 5
75 29 3
75 30 4
75 31 1
75 32 1
75 33 4
75 34 5
75 35 5
75 36 5
75 37 4
75 38 2
75 39 5
75 40 4
75 41 2
75 42 5
75 43 2
75 44 1
75 45 1
75 46 2
75 47 2
75 48 1
75 49 4
75 50 1
75 51 1
75 52 1
75 53 4
75 54 4
75 55 5
75 56 2
75 57 5
75 58 1
75 59 2
75 60 3
75 61 5
75 62 2
75 63 5
75 64 5
75 65 4
75 66 4
75 67 4
75 68 4
75 69 2
75 70 3
75 71 2
75 72 1
75 73 4
75 74 5

END
