INSTANCE_NAME b10.dat
NB_VERTICES 75
NB_ARCS 156
NB_REQUESTS 0
NB_BLOCKAGES 46
NB_TERMINALS 13

VERTICES
1 0 0
2 0 0
3 0 0
4 0 0
5 0 0
6 0 0
7 0 0
8 0 0
9 0 0
10 0 0
11 0 0
12 0 0
13 0 0
14 0 0
15 0 0
16 0 0
17 0 0
18 0 0
19 0 0
20 0 0
21 0 0
22 0 0
23 0 0
24 0 0
25 0 0
26 0 0
27 0 0
28 0 0
29 0 0
30 0 0
31 0 0
32 0 0
33 0 0
34 0 0
35 0 0
36 0 0
37 0 0
38 0 0
39 0 0
40 0 0
41 0 0
42 0 0
43 0 0
44 0 0
45 0 0
46 0 0
47 0 0
48 0 0
49 0 0
50 0 0
51 0 0
52 0 0
53 0 0
54 0 0
55 0 0
56 0 0
57 0 0
58 0 0
59 0 0
60 0 0
61 0 0
62 0 0
63 0 0
64 0 0
65 0 0
66 0 0
67 0 0
68 0 0
69 0 0
70 0 0
71 0 0
72 0 0
73 0 0
74 0 0
75 0 0

ARCS
2 8 9
8 40 2
40 12 8
12 15 4
15 69 6
69 5 3
5 51 5
51 1 8
1 7 8
7 61 2
61 26 4
26 2 7
2 24 6
24 62 6
62 22 4
22 40 2
40 71 4
71 7 4
7 66 1
66 18 1
18 5 2
18 6 8
6 70 4
70 12 1
12 17 5
17 8 8
8 23 6
23 27 9
27 1 3
1 56 4
56 11 8
11 30 5
30 29 3
29 23 5
23 45 3
45 34 7
34 9 8
9 41 8
41 32 5
32 14 6
14 21 4
21 60 7
60 25 4
25 39 9
39 10 1
10 35 9
35 45 10
45 33 10
33 14 9
14 49 8
49 48 10
48 23 9
23 46 3
46 34 4
34 16 7
16 51 8
51 44 5
44 27 4
27 24 3
24 65 6
65 35 9
35 59 6
59 45 3
45 36 4
36 34 6
34 67 4
67 29 8
29 39 7
39 12 4
12 68 7
68 47 6
47 75 8
75 27 1
75 61 9
75 67 2
67 32 8
32 43 10
43 9 3
9 31 6
31 37 8
37 10 9
10 30 7
30 74 10
74 1 4
30 63 8
63 57 2
57 64 8
64 46 10
46 3 8
3 75 9
75 7 5
75 33 9
33 38 4
38 9 7
9 46 5
46 28 5
28 47 9
46 31 3
31 64 8
64 60 1
60 42 8
42 18 8
18 13 4
13 21 8
18 73 7
73 23 5
23 26 5
26 4 10
4 6 7
26 36 8
26 73 6
73 11 2
73 12 9
73 22 4
22 72 4
72 67 6
72 60 9
60 71 1
71 45 6
71 19 6
19 39 10
71 20 9
20 50 7
50 17 8
50 43 7
50 71 7
20 69 7
69 24 5
69 41 5
73 35 3
35 53 7
53 42 2
42 34 1
34 48 5
48 2 4
2 58 3
58 49 3
58 23 4
58 55 7
55 46 4
55 53 2
53 73 4
73 38 5
73 44 7
48 54 6
54 66 4
66 59 1
59 16 2
16 64 10
64 29 7
48 65 8
65 56 7
56 52 6
52 9 8
75 57 7
32 62 3

REQUESTS

BLOCKAGES
45 36
73 38
64 29
75 67
35 53
72 67
69 5
39 10
75 27
33 14
67 29
29 23
62 22
73 23
27 1
65 56
58 49
1 56
35 45
75 61
10 35
45 33
50 43
57 64
50 17
42 18
2 8
55 53
46 31
9 31
64 46
34 9
22 40
9 41
75 7
11 30
71 7
1 7
73 12
59 45
23 27
73 44
26 2
23 46
40 12
73 35

TERMINALS
2
5
9
13
28
36
39
44
50
52
58
59
60

R
1 2 1
1 3 2
1 4 4
1 5 2
1 6 5
1 7 2
1 8 2
1 9 3
1 10 1
1 11 2
1 12 1
1 13 5
1 14 5
1 15 4
1 16 2
1 17 2
1 18 3
1 19 3
1 20 5
1 21 5
1 22 1
1 23 4
1 24 3
1 25 2
1 26 2
1 27 5
1 28 1
1 29 5
1 30 1
1 31 1
1 32 5
1 33 1
1 34 4
1 35 5
1 36 4
1 37 3
1 38 1
1 39 5
1 40 3
1 41 1
1 42 4
1 43 3
1 44 3
1 45 3
1 46 4
1 47 4
1 48 4
1 49 1
1 50 3
1 51 3
1 52 2
1 53 5
1 54 3
1 55 4
1 56 1
1 57 1
1 58 5
1 59 1
1 60 2
1 61 2
1 62 3
1 63 1
1 64 3
1 65 1
1 66 1
1 67 3
1 68 1
1 69 1
1 70 3
1 71 3
1 72 2
1 73 1
1 74 2
1 75 1
2 1 5
2 3 2
2 4 1
2 5 3
2 6 2
2 7 5
2 8 3
2 9 4
2 10 4
2 11 2
2 12 4
2 13 4
2 14 3
2 15 1
2 16 2
2 17 4
2 18 2
2 19 4
2 20 2
2 21 1
2 22 2
2 23 2
2 24 4
2 25 2
2 26 2
2 27 3
2 28 1
2 29 5
2 30 5
2 31 4
2 32 5
2 33 4
2 34 1
2 35 2
2 36 3
2 37 4
2 38 1
2 39 5
2 40 4
2 41 4
2 42 2
2 43 3
2 44 3
2 45 1
2 46 5
2 47 4
2 48 1
2 49 1
2 50 4
2 51 2
2 52 4
2 53 5
2 54 5
2 55 4
2 56 3
2 57 2
2 58 1
2 59 3
2 60 3
2 61 2
2 62 2
2 63 5
2 64 5
2 65 4
2 66 1
2 67 2
2 68 2
2 69 2
2 70 4
2 71 1
2 72 2
2 73 2
2 74 5
2 75 4
3 1 2
3 2 4
3 4 4
3 5 4
3 6 1
3 7 3
3 8 3
3 9 4
3 10 4
3 11 2
3 12 4
3 13 2
3 14 5
3 15 1
3 16 1
3 17 3
3 18 2
3 19 4
3 20 4
3 21 3
3 22 2
3 23 1
3 24 5
3 25 4
3 26 2
3 27 3
3 28 1
3 29 4
3 30 1
3 31 5
3 32 4
3 33 2
3 34 3
3 35 3
3 36 2
3 37 5
3 38 2
3 39 4
3 40 1
3 41 2
3 42 1
3 43 4
3 44 5
3 45 2
3 46 5
3 47 1
3 48 4
3 49 1
3 50 4
3 51 4
3 52 4
3 53 3
3 54 5
3 55 5
3 56 1
3 57 3
3 58 4
3 59 1
3 60 3
3 61 4
3 62 2
3 63 4
3 64 2
3 65 4
3 66 3
3 67 3
3 68 3
3 69 4
3 70 2
3 71 3
3 72 2
3 73 4
3 74 4
3 75 2
4 1 5
4 2 3
4 3 2
4 5 1
4 6 5
4 7 2
4 8 4
4 9 5
4 10 4
4 11 5
4 12 4
4 13 1
4 14 5
4 15 4
4 16 3
4 17 2
4 18 2
4 19 4
4 20 5
4 21 5
4 22 4
4 23 2
4 24 3
4 25 4
4 26 2
4 27 1
4 28 1
4 29 1
4 30 1
4 31 1
4 32 2
4 33 5
4 34 3
4 35 5
4 36 2
4 37 5
4 38 1
4 39 3
4 40 4
4 41 2
4 42 4
4 43 5
4 44 2
4 45 3
4 46 3
4 47 2
4 48 5
4 49 2
4 50 5
4 51 1
4 52 3
4 53 4
4 54 5
4 55 2
4 56 2
4 57 3
4 58 2
4 59 4
4 60 3
4 61 4
4 62 5
4 63 1
4 64 4
4 65 4
4 66 5
4 67 2
4 68 3
4 69 3
4 70 4
4 71 4
4 72 1
4 73 3
4 74 3
4 75 2
5 1 5
5 2 2
5 3 3
5 4 1
5 6 5
5 7 5
5 8 4
5 9 3
5 10 3
5 11 5
5 12 4
5 13 1
5 14 4
5 15 3
5 16 4
5 17 2
5 18 1
5 19 5
5 20 4
5 21 1
5 22 4
5 23 4
5 24 3
5 25 3
5 26 3
5 27 3
5 28 1
5 29 3
5 30 2
5 31 5
5 32 1
5 33 4
5 34 4
5 35 1
5 36 1
5 37 5
5 38 5
5 39 1
5 40 2
5 41 4
5 42 5
5 43 3
5 44 4
5 45 4
5 46 2
5 47 4
5 48 2
5 49 2
5 50 4
5 51 5
5 52 5
5 53 4
5 54 5
5 55 4
5 56 3
5 57 4
5 58 1
5 59 1
5 60 1
5 61 5
5 62 5
5 63 4
5 64 3
5 65 5
5 66 4
5 67 3
5 68 5
5 69 5
5 70 1
5 71 3
5 72 3
5 73 5
5 74 5
5 75 1
6 1 5
6 2 1
6 3 1
6 4 1
6 5 5
6 7 4
6 8 3
6 9 1
6 10 4
6 11 4
6 12 4
6 13 2
6 14 3
6 15 1
6 16 2
6 17 5
6 18 5
6 19 3
6 20 3
6 21 4
6 22 5
6 23 3
6 24 4
6 25 4
6 26 2
6 27 4
6 28 1
6 29 4
6 30 3
6 31 3
6 32 1
6 33 3
6 34 5
6 35 2
6 36 5
6 37 1
6 38 2
6 39 2
6 40 1
6 41 1
6 42 3
6 43 4
6 44 4
6 45 5
6 46 5
6 47 5
6 48 4
6 49 1
6 50 4
6 51 4
6 52 5
6 53 3
6 54 1
6 55 3
6 56 3
6 57 3
6 58 1
6 59 1
6 60 1
6 61 5
6 62 3
6 63 4
6 64 4
6 65 4
6 66 5
6 67 4
6 68 2
6 69 1
6 70 2
6 71 2
6 72 3
6 73 4
6 74 3
6 75 1
7 1 3
7 2 4
7 3 2
7 4 4
7 5 4
7 6 1
7 8 4
7 9 5
7 10 5
7 11 4
7 12 4
7 13 3
7 14 3
7 15 1
7 16 3
7 17 1
7 18 1
7 19 2
7 20 4
7 21 4
7 22 2
7 23 5
7 24 4
7 25 3
7 26 2
7 27 1
7 28 5
7 29 5
7 30 4
7 31 4
7 32 2
7 33 4
7 34 2
7 35 1
7 36 4
7 37 2
7 38 3
7 39 2
7 40 4
7 41 2
7 42 2
7 43 2
7 44 1
7 45 5
7 46 3
7 47 3
7 48 5
7 49 3
7 50 1
7 51 5
7 52 3
7 53 3
7 54 4
7 55 2
7 56 5
7 57 2
7 58 2
7 59 1
7 60 1
7 61 2
7 62 1
7 63 5
7 64 5
7 65 4
7 66 5
7 67 5
7 68 1
7 69 2
7 70 1
7 71 1
7 72 5
7 73 3
7 74 2
7 75 1
8 1 2
8 2 4
8 3 5
8 4 3
8 5 3
8 6 1
8 7 4
8 9 3
8 10 5
8 11 2
8 12 4
8 13 1
8 14 3
8 15 2
8 16 4
8 17 1
8 18 5
8 19 4
8 20 2
8 21 2
8 22 3
8 23 1
8 24 1
8 25 5
8 26 4
8 27 2
8 28 5
8 29 3
8 30 1
8 31 3
8 32 5
8 33 4
8 34 4
8 35 5
8 36 3
8 37 1
8 38 2
8 39 1
8 40 5
8 41 3
8 42 2
8 43 3
8 44 3
8 45 1
8 46 1
8 47 1
8 48 3
8 49 3
8 50 2
8 51 4
8 52 4
8 53 1
8 54 1
8 55 1
8 56 5
8 57 1
8 58 4
8 59 1
8 60 4
8 61 4
8 62 3
8 63 5
8 64 2
8 65 1
8 66 4
8 67 1
8 68 4
8 69 2
8 70 1
8 71 3
8 72 4
8 73 4
8 74 3
8 75 4
9 1 5
9 2 5
9 3 1
9 4 4
9 5 2
9 6 2
9 7 3
9 8 2
9 10 2
9 11 5
9 12 3
9 13 3
9 14 1
9 15 1
9 16 5
9 17 1
9 18 2
9 19 3
9 20 5
9 21 5
9 22 5
9 23 1
9 24 1
9 25 3
9 26 2
9 27 1
9 28 3
9 29 3
9 30 5
9 31 2
9 32 1
9 33 1
9 34 1
9 35 1
9 36 4
9 37 5
9 38 5
9 39 3
9 40 1
9 41 1
9 42 5
9 43 5
9 44 1
9 45 5
9 46 1
9 47 5
9 48 2
9 49 2
9 50 4
9 51 1
9 52 3
9 53 4
9 54 3
9 55 3
9 56 3
9 57 2
9 58 4
9 59 2
9 60 4
9 61 5
9 62 3
9 63 4
9 64 5
9 65 1
9 66 1
9 67 5
9 68 5
9 69 5
9 70 5
9 71 2
9 72 3
9 73 4
9 74 2
9 75 3
10 1 5
10 2 4
10 3 4
10 4 1
10 5 2
10 6 5
10 7 3
10 8 4
10 9 5
10 11 1
10 12 2
10 13 2
10 14 2
10 15 2
10 16 1
10 17 2
10 18 1
10 19 5
10 20 5
10 21 2
10 22 5
10 23 5
10 24 3
10 25 1
10 26 5
10 27 2
10 28 3
10 29 2
10 30 2
10 31 4
10 32 1
10 33 1
10 34 4
10 35 1
10 36 3
10 37 5
10 38 5
10 39 1
10 40 3
10 41 4
10 42 3
10 43 1
10 44 3
10 45 1
10 46 2
10 47 3
10 48 2
10 49 4
10 50 2
10 51 1
10 52 2
10 53 4
10 54 2
10 55 2
10 56 4
10 57 3
10 58 3
10 59 1
10 60 1
10 61 2
10 62 1
10 63 1
10 64 2
10 65 4
10 66 2
10 67 2
10 68 5
10 69 1
10 70 2
10 71 3
10 72 5
10 73 4
10 74 5
10 75 4
11 1 4
11 2 2
11 3 1
11 4 2
11 5 2
11 6 4
11 7 2
11 8 1
11 9 2
11 10 5
11 12 2
11 13 1
11 14 3
11 15 1
11 16 1
11 17 3
11 18 2
11 19 4
11 20 1
11 21 1
11 22 2
11 23 4
11 24 2
11 25 2
11 26 1
11 27 5
11 28 1
11 29 2
11 30 5
11 31 5
11 32 5
11 33 5
11 34 3
11 35 5
11 36 1
11 37 2
11 38 4
11 39 4
11 40 2
11 41 2
11 42 3
11 43 3
11 44 2
11 45 2
11 46 5
11 47 5
11 48 2
11 49 2
11 50 3
11 51 2
11 52 4
11 53 1
11 54 2
11 55 5
11 56 4
11 57 2
11 58 1
11 59 1
11 60 4
11 61 5
11 62 3
11 63 3
11 64 4
11 65 2
11 66 5
11 67 4
11 68 3
11 69 5
11 70 2
11 71 1
11 72 1
11 73 1
11 74 5
11 75 5
12 1 3
12 2 5
12 3 4
12 4 4
12 5 3
12 6 3
12 7 2
12 8 1
12 9 5
12 10 3
12 11 2
12 13 1
12 14 1
12 15 2
12 16 1
12 17 4
12 18 1
12 19 3
12 20 2
12 21 4
12 22 5
12 23 1
12 24 4
12 25 4
12 26 2
12 27 2
12 28 5
12 29 2
12 30 2
12 31 4
12 32 1
12 33 4
12 34 5
12 35 1
12 36 4
12 37 2
12 38 3
12 39 2
12 40 2
12 41 5
12 42 4
12 43 3
12 44 5
12 45 5
12 46 4
12 47 5
12 48 5
12 49 1
12 50 5
12 51 3
12 52 1
12 53 1
12 54 5
12 55 4
12 56 4
12 57 1
12 58 5
12 59 5
12 60 3
12 61 2
12 62 4
12 63 5
12 64 2
12 65 3
12 66 1
12 67 3
12 68 2
12 69 3
12 70 4
12 71 3
12 72 4
12 73 5
12 74 3
12 75 3
13 1 1
13 2 1
13 3 5
13 4 5
13 5 2
13 6 4
13 7 3
13 8 2
13 9 4
13 10 2
13 11 3
13 12 4
13 14 5
13 15 2
13 16 4
13 17 2
13 18 5
13 19 4
13 20 1
13 21 4
13 22 3
13 23 1
13 24 1
13 25 4
13 26 1
13 27 4
13 28 2
13 29 4
13 30 3
13 31 4
13 32 4
13 33 3
13 34 1
13 35 3
13 36 5
13 37 4
13 38 1
13 39 2
13 40 3
13 41 1
13 42 5
13 43 5
13 44 1
13 45 4
13 46 3
13 47 4
13 48 2
13 49 5
13 50 4
13 51 5
13 52 3
13 53 2
13 54 2
13 55 3
13 56 5
13 57 2
13 58 3
13 59 3
13 60 3
13 61 1
13 62 1
13 63 1
13 64 5
13 65 4
13 66 3
13 67 4
13 68 2
13 69 5
13 70 2
13 71 1
13 72 2
13 73 2
13 74 2
13 75 2
14 1 2
14 2 5
14 3 3
14 4 1
14 5 1
14 6 1
14 7 5
14 8 3
14 9 2
14 10 1
14 11 2
14 12 2
14 13 5
14 15 4
14 16 1
14 17 2
14 18 1
14 19 4
14 20 4
14 21 3
14 22 2
14 23 3
14 24 1
14 25 5
14 26 4
14 27 3
14 28 1
14 29 5
14 30 1
14 31 2
14 32 1
14 33 4
14 34 3
14 35 3
14 36 4
14 37 3
14 38 1
14 39 3
14 40 2
14 41 2
14 42 1
14 43 3
14 44 5
14 45 5
14 46 4
14 47 1
14 48 3
14 49 4
14 50 4
14 51 1
14 52 3
14 53 2
14 54 5
14 55 4
14 56 1
14 57 3
14 58 3
14 59 3
14 60 2
14 61 5
14 62 2
14 63 4
14 64 5
14 65 4
14 66 4
14 67 4
14 68 4
14 69 4
14 70 3
14 71 5
14 72 2
14 73 5
14 74 5
14 75 2
15 1 4
15 2 3
15 3 4
15 4 3
15 5 3
15 6 4
15 7 5
15 8 1
15 9 5
15 10 4
15 11 1
15 12 2
15 13 1
15 14 5
15 16 5
15 17 4
15 18 1
15 19 3
15 20 5
15 21 5
15 22 3
15 23 3
15 24 5
15 25 1
15 26 3
15 27 5
15 28 3
15 29 1
15 30 4
15 31 4
15 32 2
15 33 5
15 34 3
15 35 2
15 36 2
15 37 2
15 38 5
15 39 2
15 40 4
15 41 4
15 42 5
15 43 4
15 44 3
15 45 3
15 46 5
15 47 2
15 48 1
15 49 5
15 50 1
15 51 2
15 52 5
15 53 3
15 54 1
15 55 4
15 56 1
15 57 3
15 58 3
15 59 3
15 60 4
15 61 4
15 62 3
15 63 2
15 64 3
15 65 5
15 66 4
15 67 4
15 68 1
15 69 5
15 70 5
15 71 5
15 72 4
15 73 2
15 74 5
15 75 1
16 1 4
16 2 2
16 3 4
16 4 1
16 5 1
16 6 4
16 7 3
16 8 5
16 9 3
16 10 3
16 11 1
16 12 3
16 13 3
16 14 5
16 15 2
16 17 3
16 18 3
16 19 4
16 20 1
16 21 5
16 22 3
16 23 1
16 24 1
16 25 1
16 26 1
16 27 5
16 28 2
16 29 1
16 30 1
16 31 3
16 32 1
16 33 1
16 34 4
16 35 1
16 36 2
16 37 5
16 38 1
16 39 1
16 40 1
16 41 3
16 42 5
16 43 3
16 44 3
16 45 2
16 46 3
16 47 4
16 48 1
16 49 2
16 50 3
16 51 2
16 52 4
16 53 2
16 54 2
16 55 4
16 56 4
16 57 4
16 58 3
16 59 5
16 60 4
16 61 1
16 62 3
16 63 1
16 64 1
16 65 1
16 66 1
16 67 4
16 68 2
16 69 3
16 70 4
16 71 5
16 72 3
16 73 4
16 74 2
16 75 5
17 1 2
17 2 1
17 3 3
17 4 3
17 5 3
17 6 2
17 7 1
17 8 1
17 9 4
17 10 4
17 11 4
17 12 2
17 13 3
17 14 3
17 15 4
17 16 3
17 18 3
17 19 1
17 20 4
17 21 1
17 22 3
17 23 1
17 24 4
17 25 5
17 26 4
17 27 5
17 28 4
17 29 1
17 30 3
17 31 2
17 32 5
17 33 4
17 34 3
17 35 4
17 36 3
17 37 2
17 38 1
17 39 5
17 40 2
17 41 1
17 42 4
17 43 2
17 44 2
17 45 3
17 46 1
17 47 5
17 48 5
17 49 1
17 50 2
17 51 5
17 52 1
17 53 5
17 54 1
17 55 1
17 56 1
17 57 1
17 58 5
17 59 1
17 60 1
17 61 4
17 62 2
17 63 2
17 64 3
17 65 1
17 66 2
17 67 2
17 68 2
17 69 2
17 70 2
17 71 5
17 72 2
17 73 2
17 74 3
17 75 1
18 1 4
18 2 4
18 3 2
18 4 5
18 5 4
18 6 4
18 7 5
18 8 1
18 9 5
18 10 5
18 11 1
18 12 5
18 13 2
18 14 3
18 15 2
18 16 2
18 17 1
18 19 5
18 20 5
18 21 5
18 22 1
18 23 1
18 24 4
18 25 2
18 26 5
18 27 5
18 28 4
18 29 1
18 30 3
18 31 1
18 32 1
18 33 1
18 34 4
18 35 5
18 36 2
18 37 4
18 38 3
18 39 1
18 40 4
18 41 2
18 42 2
18 43 2
18 44 3
18 45 3
18 46 1
18 47 4
18 48 1
18 49 1
18 50 5
18 51 2
18 52 3
18 53 5
18 54 5
18 55 1
18 56 4
18 57 4
18 58 2
18 59 2
18 60 4
18 61 4
18 62 2
18 63 2
18 64 1
18 65 3
18 66 1
18 67 2
18 68 1
18 69 5
18 70 5
18 71 2
18 72 3
18 73 3
18 74 3
18 75 5
19 1 3
19 2 5
19 3 5
19 4 5
19 5 2
19 6 4
19 7 2
19 8 4
19 9 1
19 10 3
19 11 1
19 12 4
19 13 1
19 14 2
19 15 5
19 16 1
19 17 2
19 18 1
19 20 4
19 21 2
19 22 3
19 23 4
19 24 4
19 25 1
19 26 5
19 27 5
19 28 2
19 29 2
19 30 2
19 31 1
19 32 3
19 33 4
19 34 5
19 35 2
19 36 1
19 37 1
19 38 3
19 39 4
19 40 2
19 41 3
19 42 1
19 43 4
19 44 3
19 45 1
19 46 1
19 47 2
19 48 1
19 49 2
19 50 4
19 51 5
19 52 4
19 53 4
19 54 5
19 55 4
19 56 4
19 57 5
19 58 3
19 59 2
19 60 1
19 61 1
19 62 2
19 63 4
19 64 2
19 65 1
19 66 2
19 67 2
19 68 3
19 69 1
19 70 5
19 71 1
19 72 5
19 73 5
19 74 5
19 75 2
20 1 2
20 2 2
20 3 5
20 4 4
20 5 3
20 6 4
20 7 3
20 8 3
20 9 4
20 10 5
20 11 3
20 12 2
20 13 1
20 14 2
20 15 3
20 16 1
20 17 3
20 18 1
20 19 1
20 21 1
20 22 3
20 23 5
20 24 2
20 25 2
20 26 2
20 27 3
20 28 3
20 29 2
20 30 4
20 31 4
20 32 5
20 33 2
20 34 5
20 35 5
20 36 5
20 37 4
20 38 5
20 39 5
20 40 4
20 41 3
20 42 4
20 43 1
20 44 1
20 45 4
20 46 3
20 47 5
20 48 1
20 49 2
20 50 5
20 51 4
20 52 4
20 53 2
20 54 5
20 55 2
20 56 5
20 57 1
20 58 4
20 59 2
20 60 4
20 61 4
20 62 5
20 63 4
20 64 5
20 65 1
20 66 5
20 67 1
20 68 5
20 69 4
20 70 5
20 71 3
20 72 1
20 73 5
20 74 5
20 75 3
21 1 3
21 2 4
21 3 2
21 4 1
21 5 5
21 6 3
21 7 1
21 8 3
21 9 1
21 10 5
21 11 1
21 12 5
21 13 2
21 14 4
21 15 2
21 16 3
21 17 4
21 18 3
21 19 1
21 20 5
21 22 4
21 23 2
21 24 1
21 25 5
21 26 5
21 27 5
21 28 2
21 29 2
21 30 5
21 31 1
21 32 4
21 33 4
21 34 5
21 35 2
21 36 1
21 37 1
21 38 4
21 39 3
21 40 1
21 41 4
21 42 4
21 43 1
21 44 5
21 45 1
21 46 2
21 47 1
21 48 3
21 49 5
21 50 1
21 51 5
21 52 2
21 53 1
21 54 1
21 55 2
21 56 5
21 57 2
21 58 3
21 59 3
21 60 3
21 61 4
21 62 3
21 63 3
21 64 5
21 65 4
21 66 4
21 67 5
21 68 5
21 69 4
21 70 3
21 71 2
21 72 4
21 73 3
21 74 2
21 75 3
22 1 3
22 2 5
22 3 4
22 4 2
22 5 5
22 6 1
22 7 3
22 8 1
22 9 1
22 10 5
22 11 4
22 12 2
22 13 1
22 14 1
22 15 4
22 16 5
22 17 5
22 18 1
22 19 2
22 20 4
22 21 2
22 23 2
22 24 5
22 25 1
22 26 5
22 27 4
22 28 4
22 29 3
22 30 2
22 31 2
22 32 1
22 33 1
22 34 2
22 35 1
22 36 5
22 37 1
22 38 3
22 39 2
22 40 3
22 41 3
22 42 4
22 43 3
22 44 4
22 45 4
22 46 3
22 47 2
22 48 1
22 49 4
22 50 4
22 51 2
22 52 4
22 53 5
22 54 1
22 55 4
22 56 2
22 57 5
22 58 4
22 59 2
22 60 5
22 61 5
22 62 4
22 63 2
22 64 1
22 65 5
22 66 4
22 67 5
22 68 2
22 69 1
22 70 3
22 71 1
22 72 5
22 73 1
22 74 3
22 75 5
23 1 2
23 2 2
23 3 3
23 4 2
23 5 1
23 6 1
23 7 5
23 8 1
23 9 3
23 10 5
23 11 1
23 12 1
23 13 2
23 14 5
23 15 3
23 16 3
23 17 4
23 18 1
23 19 4
23 20 1
23 21 5
23 22 4
23 24 5
23 25 1
23 26 4
23 27 3
23 28 1
23 29 5
23 30 5
23 31 5
23 32 4
23 33 1
23 34 1
23 35 1
23 36 2
23 37 3
23 38 3
23 39 4
23 40 1
23 41 2
23 42 3
23 43 1
23 44 3
23 45 1
23 46 5
23 47 2
23 48 3
23 49 4
23 50 4
23 51 3
23 52 4
23 53 3
23 54 1
23 55 1
23 56 5
23 57 1
23 58 5
23 59 2
23 60 2
23 61 4
23 62 1
23 63 5
23 64 5
23 65 3
23 66 2
23 67 3
23 68 3
23 69 2
23 70 1
23 71 3
23 72 3
23 73 1
23 74 3
23 75 2
24 1 1
24 2 3
24 3 5
24 4 1
24 5 3
24 6 3
24 7 3
24 8 3
24 9 5
24 10 1
24 11 3
24 12 1
24 13 3
24 14 2
24 15 2
24 16 5
24 17 3
24 18 4
24 19 1
24 20 4
24 21 4
24 22 3
24 23 1
24 25 1
24 26 4
24 27 4
24 28 3
24 29 3
24 30 4
24 31 5
24 32 2
24 33 4
24 34 4
24 35 1
24 36 4
24 37 1
24 38 4
24 39 4
24 40 4
24 41 5
24 42 1
24 43 3
24 44 3
24 45 3
24 46 2
24 47 1
24 48 2
24 49 4
24 50 5
24 51 5
24 52 4
24 53 5
24 54 2
24 55 4
24 56 5
24 57 2
24 58 2
24 59 2
24 60 1
24 61 2
24 62 3
24 63 2
24 64 1
24 65 4
24 66 3
24 67 1
24 68 1
24 69 3
24 70 4
24 71 4
24 72 4
24 73 4
24 74 4
24 75 1
25 1 4
25 2 2
25 3 4
25 4 2
25 5 2
25 6 5
25 7 1
25 8 5
25 9 4
25 10 4
25 11 5
25 12 3
25 13 5
25 14 2
25 15 1
25 16 1
25 17 3
25 18 5
25 19 2
25 20 5
25 21 3
25 22 1
25 23 1
25 24 4
25 26 5
25 27 1
25 28 4
25 29 1
25 30 2
25 31 4
25 32 1
25 33 5
25 34 5
25 35 1
25 36 3
25 37 1
25 38 5
25 39 4
25 40 2
25 41 3
25 42 2
25 43 2
25 44 2
25 45 4
25 46 5
25 47 2
25 48 4
25 49 4
25 50 4
25 51 2
25 52 4
25 53 3
25 54 3
25 55 1
25 56 1
25 57 4
25 58 3
25 59 2
25 60 4
25 61 4
25 62 2
25 63 2
25 64 5
25 65 2
25 66 2
25 67 3
25 68 4
25 69 2
25 70 3
25 71 1
25 72 1
25 73 4
25 74 2
25 75 3
26 1 2
26 2 1
26 3 1
26 4 2
26 5 4
26 6 4
26 7 4
26 8 4
26 9 2
26 10 3
26 11 4
26 12 4
26 13 1
26 14 4
26 15 2
26 16 2
26 17 2
26 18 4
26 19 3
26 20 4
26 21 2
26 22 1
26 23 3
26 24 5
26 25 4
26 27 5
26 28 2
26 29 5
26 30 5
26 31 3
26 32 2
26 33 4
26 34 5
26 35 2
26 36 5
26 37 1
26 38 3
26 39 3
26 40 4
26 41 1
26 42 2
26 43 5
26 44 4
26 45 5
26 46 3
26 47 3
26 48 1
26 49 1
26 50 1
26 51 5
26 52 1
26 53 4
26 54 2
26 55 3
26 56 3
26 57 1
26 58 2
26 59 2
26 60 5
26 61 2
26 62 4
26 63 3
26 64 5
26 65 1
26 66 1
26 67 1
26 68 1
26 69 3
26 70 4
26 71 1
26 72 5
26 73 2
26 74 5
26 75 4
27 1 1
27 2 4
27 3 1
27 4 3
27 5 2
27 6 3
27 7 4
27 8 2
27 9 1
27 10 1
27 11 5
27 12 5
27 13 1
27 14 1
27 15 1
27 16 2
27 17 4
27 18 2
27 19 1
27 20 5
27 21 4
27 22 1
27 23 1
27 24 4
27 25 1
27 26 1
27 28 1
27 29 5
27 30 2
27 31 1
27 32 5
27 33 5
27 34 1
27 35 2
27 36 4
27 37 2
27 38 4
27 39 3
27 40 4
27 41 1
27 42 3
27 43 3
27 44 3
27 45 5
27 46 5
27 47 3
27 48 3
27 49 4
27 50 1
27 51 3
27 52 3
27 53 4
27 54 5
27 55 5
27 56 4
27 57 5
27 58 5
27 59 5
27 60 2
27 61 2
27 62 2
27 63 1
27 64 3
27 65 2
27 66 3
27 67 1
27 68 1
27 69 3
27 70 3
27 71 4
27 72 4
27 73 2
27 74 3
27 75 1
28 1 3
28 2 2
28 3 5
28 4 2
28 5 2
28 6 3
28 7 4
28 8 2
28 9 1
28 10 4
28 11 1
28 12 2
28 13 5
28 14 1
28 15 3
28 16 1
28 17 4
28 18 4
28 19 2
28 20 3
28 21 2
28 22 1
28 23 3
28 24 2
28 25 3
28 26 3
28 27 2
28 29 3
28 30 1
28 31 4
28 32 5
28 33 4
28 34 3
28 35 2
28 36 2
28 37 4
28 38 4
28 39 1
28 40 2
28 41 1
28 42 1
28 43 3
28 44 2
28 45 2
28 46 5
28 47 4
28 48 5
28 49 3
28 50 4
28 51 3
28 52 5
28 53 3
28 54 3
28 55 4
28 56 1
28 57 5
28 58 1
28 59 3
28 60 5
28 61 2
28 62 3
28 63 4
28 64 2
28 65 2
28 66 5
28 67 5
28 68 1
28 69 3
28 70 2
28 71 4
28 72 1
28 73 4
28 74 1
28 75 4
29 1 1
29 2 5
29 3 5
29 4 5
29 5 4
29 6 3
29 7 2
29 8 5
29 9 5
29 10 1
29 11 4
29 12 1
29 13 2
29 14 1
29 15 5
29 16 1
29 17 4
29 18 4
29 19 2
29 20 2
29 21 1
29 22 1
29 23 2
29 24 3
29 25 1
29 26 3
29 27 1
29 28 3
29 30 2
29 31 2
29 32 1
29 33 4
29 34 3
29 35 5
29 36 3
29 37 2
29 38 3
29 39 1
29 40 1
29 41 4
29 42 3
29 43 4
29 44 1
29 45 4
29 46 5
29 47 2
29 48 2
29 49 3
29 50 1
29 51 3
29 52 5
29 53 1
29 54 5
29 55 3
29 56 3
29 57 5
29 58 5
29 59 5
29 60 2
29 61 1
29 62 1
29 63 5
29 64 4
29 65 4
29 66 4
29 67 3
29 68 2
29 69 3
29 70 5
29 71 2
29 72 4
29 73 2
29 74 3
29 75 4
30 1 3
30 2 4
30 3 3
30 4 4
30 5 3
30 6 3
30 7 1
30 8 2
30 9 5
30 10 2
30 11 4
30 12 4
30 13 2
30 14 1
30 15 3
30 16 5
30 17 3
30 18 1
30 19 1
30 20 2
30 21 1
30 22 5
30 23 1
30 24 2
30 25 2
30 26 3
30 27 5
30 28 2
30 29 1
30 31 2
30 32 1
30 33 3
30 34 2
30 35 5
30 36 3
30 37 5
30 38 2
30 39 5
30 40 3
30 41 1
30 42 2
30 43 4
30 44 4
30 45 5
30 46 4
30 47 3
30 48 1
30 49 1
30 50 3
30 51 2
30 52 4
30 53 3
30 54 1
30 55 2
30 56 1
30 57 4
30 58 4
30 59 1
30 60 1
30 61 1
30 62 4
30 63 3
30 64 4
30 65 1
30 66 2
30 67 3
30 68 5
30 69 5
30 70 3
30 71 2
30 72 2
30 73 1
30 74 5
30 75 5
31 1 5
31 2 3
31 3 4
31 4 2
31 5 1
31 6 2
31 7 3
31 8 4
31 9 1
31 10 5
31 11 5
31 12 2
31 13 1
31 14 5
31 15 4
31 16 1
31 17 1
31 18 2
31 19 5
31 20 1
31 21 2
31 22 3
31 23 3
31 24 3
31 25 2
31 26 2
31 27 2
31 28 3
31 29 4
31 30 1
31 32 4
31 33 3
31 34 1
31 35 2
31 36 2
31 37 1
31 38 5
31 39 4
31 40 1
31 41 1
31 42 1
31 43 3
31 44 4
31 45 1
31 46 4
31 47 2
31 48 3
31 49 4
31 50 3
31 51 2
31 52 1
31 53 2
31 54 1
31 55 4
31 56 1
31 57 2
31 58 2
31 59 2
31 60 1
31 61 1
31 62 3
31 63 1
31 64 5
31 65 5
31 66 2
31 67 1
31 68 2
31 69 4
31 70 2
31 71 2
31 72 4
31 73 2
31 74 1
31 75 4
32 1 2
32 2 5
32 3 5
32 4 4
32 5 5
32 6 4
32 7 2
32 8 1
32 9 5
32 10 2
32 11 1
32 12 3
32 13 5
32 14 4
32 15 4
32 16 5
32 17 4
32 18 3
32 19 2
32 20 1
32 21 2
32 22 5
32 23 3
32 24 3
32 25 3
32 26 1
32 27 2
32 28 3
32 29 2
32 30 2
32 31 1
32 33 5
32 34 3
32 35 5
32 36 5
32 37 3
32 38 4
32 39 1
32 40 5
32 41 5
32 42 4
32 43 5
32 44 2
32 45 3
32 46 3
32 47 3
32 48 4
32 49 4
32 50 5
32 51 5
32 52 1
32 53 2
32 54 5
32 55 3
32 56 1
32 57 4
32 58 1
32 59 2
32 60 2
32 61 2
32 62 1
32 63 2
32 64 4
32 65 5
32 66 4
32 67 3
32 68 4
32 69 2
32 70 1
32 71 3
32 72 3
32 73 4
32 74 4
32 75 5
33 1 4
33 2 4
33 3 4
33 4 4
33 5 2
33 6 3
33 7 1
33 8 4
33 9 4
33 10 2
33 11 3
33 12 2
33 13 5
33 14 3
33 15 3
33 16 3
33 17 5
33 18 5
33 19 5
33 20 5
33 21 5
33 22 3
33 23 2
33 24 5
33 25 1
33 26 4
33 27 3
33 28 3
33 29 5
33 30 1
33 31 4
33 32 5
33 34 4
33 35 2
33 36 3
33 37 2
33 38 5
33 39 5
33 40 5
33 41 5
33 42 1
33 43 3
33 44 1
33 45 3
33 46 5
33 47 1
33 48 5
33 49 1
33 50 2
33 51 1
33 52 5
33 53 3
33 54 3
33 55 4
33 56 3
33 57 5
33 58 4
33 59 5
33 60 3
33 61 3
33 62 2
33 63 3
33 64 2
33 65 1
33 66 2
33 67 2
33 68 4
33 69 1
33 70 1
33 71 4
33 72 2
33 73 2
33 74 3
33 75 5
34 1 1
34 2 4
34 3 5
34 4 5
34 5 2
34 6 1
34 7 1
34 8 3
34 9 4
34 10 5
34 11 1
34 12 1
34 13 5
34 14 5
34 15 2
34 16 4
34 17 4
34 18 3
34 19 3
34 20 1
34 21 5
34 22 4
34 23 4
34 24 4
34 25 1
34 26 4
34 27 4
34 28 3
34 29 2
34 30 1
34 31 2
34 32 2
34 33 4
34 35 1
34 36 2
34 37 5
34 38 3
34 39 4
34 40 3
34 41 3
34 42 5
34 43 5
34 44 3
34 45 1
34 46 1
34 47 1
34 48 4
34 49 2
34 50 4
34 51 4
34 52 4
34 53 3
34 54 2
34 55 2
34 56 1
34 57 3
34 58 5
34 59 4
34 60 2
34 61 2
34 62 1
34 63 3
34 64 5
34 65 2
34 66 5
34 67 3
34 68 3
34 69 2
34 70 3
34 71 2
34 72 2
34 73 3
34 74 4
34 75 4
35 1 3
35 2 4
35 3 5
35 4 4
35 5 5
35 6 5
35 7 2
35 8 5
35 9 2
35 10 5
35 11 1
35 12 5
35 13 2
35 14 1
35 15 5
35 16 3
35 17 4
35 18 3
35 19 2
35 20 5
35 21 4
35 22 1
35 23 3
35 24 1
35 25 5
35 26 5
35 27 3
35 28 1
35 29 4
35 30 3
35 31 1
35 32 2
35 33 1
35 34 2
35 36 2
35 37 3
35 38 3
35 39 5
35 40 2
35 41 2
35 42 4
35 43 5
35 44 1
35 45 3
35 46 5
35 47 2
35 48 2
35 49 5
35 50 4
35 51 1
35 52 1
35 53 2
35 54 1
35 55 3
35 56 5
35 57 2
35 58 5
35 59 4
35 60 4
35 61 3
35 62 1
35 63 2
35 64 1
35 65 3
35 66 5
35 67 4
35 68 5
35 69 3
35 70 5
35 71 4
35 72 4
35 73 4
35 74 3
35 75 1
36 1 3
36 2 4
36 3 2
36 4 1
36 5 5
36 6 1
36 7 1
36 8 5
36 9 4
36 10 4
36 11 5
36 12 3
36 13 5
36 14 1
36 15 3
36 16 1
36 17 3
36 18 3
36 19 2
36 20 1
36 21 1
36 22 3
36 23 1
36 24 2
36 25 5
36 26 1
36 27 2
36 28 5
36 29 1
36 30 4
36 31 5
36 32 3
36 33 4
36 34 4
36 35 5
36 37 5
36 38 4
36 39 1
36 40 5
36 41 4
36 42 1
36 43 1
36 44 4
36 45 2
36 46 1
36 47 1
36 48 2
36 49 5
36 50 1
36 51 5
36 52 2
36 53 1
36 54 3
36 55 3
36 56 4
36 57 4
36 58 3
36 59 1
36 60 4
36 61 3
36 62 1
36 63 5
36 64 2
36 65 5
36 66 3
36 67 3
36 68 1
36 69 3
36 70 5
36 71 5
36 72 2
36 73 5
36 74 2
36 75 2
37 1 2
37 2 2
37 3 2
37 4 3
37 5 4
37 6 4
37 7 5
37 8 5
37 9 4
37 10 4
37 11 2
37 12 5
37 13 2
37 14 1
37 15 5
37 16 2
37 17 5
37 18 2
37 19 2
37 20 3
37 21 3
37 22 4
37 23 1
37 24 4
37 25 2
37 26 5
37 27 5
37 28 5
37 29 5
37 30 2
37 31 1
37 32 1
37 33 5
37 34 4
37 35 5
37 36 3
37 38 3
37 39 4
37 40 5
37 41 3
37 42 2
37 43 3
37 44 2
37 45 1
37 46 4
37 47 3
37 48 2
37 49 3
37 50 5
37 51 5
37 52 1
37 53 4
37 54 4
37 55 3
37 56 2
37 57 2
37 58 2
37 59 4
37 60 1
37 61 1
37 62 5
37 63 1
37 64 3
37 65 1
37 66 4
37 67 3
37 68 1
37 69 3
37 70 1
37 71 5
37 72 1
37 73 5
37 74 2
37 75 2
38 1 5
38 2 2
38 3 5
38 4 3
38 5 2
38 6 1
38 7 3
38 8 2
38 9 4
38 10 1
38 11 4
38 12 3
38 13 4
38 14 2
38 15 1
38 16 4
38 17 3
38 18 2
38 19 1
38 20 5
38 21 2
38 22 1
38 23 2
38 24 2
38 25 4
38 26 5
38 27 3
38 28 4
38 29 1
38 30 2
38 31 2
38 32 5
38 33 3
38 34 3
38 35 4
38 36 4
38 37 3
38 39 1
38 40 2
38 41 4
38 42 3
38 43 2
38 44 1
38 45 1
38 46 4
38 47 3
38 48 1
38 49 1
38 50 4
38 51 1
38 52 2
38 53 2
38 54 4
38 55 1
38 56 1
38 57 4
38 58 2
38 59 5
38 60 4
38 61 2
38 62 1
38 63 5
38 64 1
38 65 4
38 66 3
38 67 4
38 68 4
38 69 2
38 70 2
38 71 1
38 72 5
38 73 4
38 74 2
38 75 2
39 1 2
39 2 2
39 3 1
39 4 2
39 5 4
39 6 1
39 7 5
39 8 1
39 9 3
39 10 3
39 11 3
39 12 5
39 13 1
39 14 4
39 15 4
39 16 4
39 17 5
39 18 5
39 19 5
39 20 2
39 21 5
39 22 2
39 23 2
39 24 3
39 25 1
39 26 3
39 27 5
39 28 2
39 29 4
39 30 4
39 31 4
39 32 5
39 33 5
39 34 1
39 35 1
39 36 4
39 37 2
39 38 2
39 40 1
39 41 4
39 42 4
39 43 3
39 44 5
39 45 1
39 46 1
39 47 3
39 48 1
39 49 5
39 50 4
39 51 1
39 52 3
39 53 3
39 54 4
39 55 4
39 56 3
39 57 4
39 58 4
39 59 2
39 60 1
39 61 4
39 62 5
39 63 1
39 64 3
39 65 2
39 66 1
39 67 5
39 68 5
39 69 2
39 70 2
39 71 5
39 72 2
39 73 2
39 74 2
39 75 3
40 1 5
40 2 4
40 3 1
40 4 5
40 5 5
40 6 4
40 7 2
40 8 2
40 9 4
40 10 1
40 11 2
40 12 1
40 13 1
40 14 2
40 15 4
40 16 3
40 17 5
40 18 1
40 19 3
40 20 2
40 21 2
40 22 1
40 23 4
40 24 3
40 25 4
40 26 2
40 27 2
40 28 3
40 29 3
40 30 5
40 31 5
40 32 2
40 33 3
40 34 2
40 35 2
40 36 4
40 37 3
40 38 5
40 39 5
40 41 1
40 42 5
40 43 3
40 44 3
40 45 3
40 46 5
40 47 1
40 48 5
40 49 4
40 50 3
40 51 5
40 52 3
40 53 4
40 54 2
40 55 1
40 56 1
40 57 5
40 58 2
40 59 4
40 60 4
40 61 1
40 62 5
40 63 1
40 64 3
40 65 4
40 66 2
40 67 1
40 68 2
40 69 4
40 70 2
40 71 3
40 72 1
40 73 2
40 74 1
40 75 3
41 1 1
41 2 2
41 3 1
41 4 2
41 5 5
41 6 3
41 7 1
41 8 4
41 9 2
41 10 4
41 11 1
41 12 4
41 13 1
41 14 4
41 15 5
41 16 4
41 17 5
41 18 4
41 19 4
41 20 4
41 21 5
41 22 3
41 23 1
41 24 3
41 25 1
41 26 2
41 27 1
41 28 2
41 29 5
41 30 3
41 31 1
41 32 2
41 33 4
41 34 1
41 35 4
41 36 5
41 37 4
41 38 4
41 39 4
41 40 2
41 42 3
41 43 4
41 44 5
41 45 3
41 46 5
41 47 1
41 48 3
41 49 4
41 50 2
41 51 4
41 52 4
41 53 1
41 54 1
41 55 4
41 56 3
41 57 3
41 58 2
41 59 3
41 60 1
41 61 4
41 62 2
41 63 2
41 64 5
41 65 5
41 66 2
41 67 3
41 68 5
41 69 2
41 70 4
41 71 5
41 72 3
41 73 3
41 74 5
41 75 5
42 1 2
42 2 4
42 3 5
42 4 4
42 5 4
42 6 1
42 7 4
42 8 2
42 9 1
42 10 4
42 11 2
42 12 1
42 13 4
42 14 4
42 15 5
42 16 4
42 17 2
42 18 2
42 19 2
42 20 3
42 21 3
42 22 1
42 23 1
42 24 4
42 25 2
42 26 4
42 27 3
42 28 5
42 29 1
42 30 5
42 31 1
42 32 4
42 33 3
42 34 5
42 35 2
42 36 2
42 37 1
42 38 1
42 39 3
42 40 3
42 41 1
42 43 2
42 44 5
42 45 1
42 46 5
42 47 5
42 48 5
42 49 3
42 50 3
42 51 3
42 52 5
42 53 5
42 54 3
42 55 2
42 56 4
42 57 2
42 58 2
42 59 3
42 60 3
42 61 4
42 62 2
42 63 3
42 64 2
42 65 5
42 66 2
42 67 1
42 68 3
42 69 4
42 70 3
42 71 2
42 72 4
42 73 3
42 74 3
42 75 3
43 1 4
43 2 4
43 3 4
43 4 5
43 5 1
43 6 1
43 7 4
43 8 3
43 9 3
43 10 2
43 11 1
43 12 1
43 13 5
43 14 3
43 15 5
43 16 2
43 17 3
43 18 2
43 19 4
43 20 5
43 21 3
43 22 2
43 23 5
43 24 5
43 25 3
43 26 2
43 27 1
43 28 3
43 29 1
43 30 1
43 31 5
43 32 1
43 33 4
43 34 1
43 35 2
43 36 2
43 37 3
43 38 1
43 39 1
43 40 5
43 41 4
43 42 1
43 44 2
43 45 3
43 46 5
43 47 2
43 48 1
43 49 3
43 50 3
43 51 4
43 52 2
43 53 2
43 54 2
43 55 3
43 56 1
43 57 1
43 58 4
43 59 3
43 60 3
43 61 1
43 62 3
43 63 5
43 64 2
43 65 4
43 66 5
43 67 3
43 68 5
43 69 2
43 70 3
43 71 5
43 72 2
43 73 1
43 74 2
43 75 3
44 1 5
44 2 4
44 3 4
44 4 5
44 5 1
44 6 3
44 7 5
44 8 4
44 9 4
44 10 4
44 11 3
44 12 1
44 13 4
44 14 3
44 15 1
44 16 2
44 17 3
44 18 3
44 19 1
44 20 4
44 21 3
44 22 5
44 23 2
44 24 2
44 25 3
44 26 1
44 27 3
44 28 1
44 29 4
44 30 2
44 31 1
44 32 5
44 33 5
44 34 1
44 35 5
44 36 2
44 37 4
44 38 1
44 39 2
44 40 4
44 41 4
44 42 4
44 43 5
44 45 3
44 46 1
44 47 5
44 48 1
44 49 3
44 50 4
44 51 1
44 52 4
44 53 4
44 54 2
44 55 2
44 56 5
44 57 4
44 58 2
44 59 5
44 60 5
44 61 2
44 62 3
44 63 5
44 64 2
44 65 2
44 66 5
44 67 3
44 68 5
44 69 5
44 70 3
44 71 1
44 72 4
44 73 4
44 74 4
44 75 5
45 1 1
45 2 1
45 3 1
45 4 3
45 5 5
45 6 1
45 7 3
45 8 3
45 9 4
45 10 1
45 11 4
45 12 1
45 13 4
45 14 3
45 15 5
45 16 5
45 17 4
45 18 2
45 19 1
45 20 2
45 21 5
45 22 3
45 23 4
45 24 4
45 25 4
45 26 2
45 27 4
45 28 4
45 29 2
45 30 4
45 31 3
45 32 4
45 33 1
45 34 5
45 35 1
45 36 5
45 37 1
45 38 5
45 39 5
45 40 4
45 41 5
45 42 5
45 43 4
45 44 3
45 46 2
45 47 5
45 48 5
45 49 3
45 50 3
45 51 2
45 52 4
45 53 2
45 54 4
45 55 5
45 56 2
45 57 3
45 58 3
45 59 2
45 60 3
45 61 4
45 62 2
45 63 1
45 64 2
45 65 2
45 66 2
45 67 2
45 68 4
45 69 2
45 70 1
45 71 3
45 72 3
45 73 5
45 74 2
45 75 3
46 1 4
46 2 1
46 3 3
46 4 5
46 5 3
46 6 5
46 7 2
46 8 3
46 9 4
46 10 2
46 11 4
46 12 5
46 13 1
46 14 1
46 15 2
46 16 4
46 17 4
46 18 3
46 19 1
46 20 2
46 21 2
46 22 2
46 23 5
46 24 5
46 25 1
46 26 5
46 27 2
46 28 3
46 29 1
46 30 5
46 31 5
46 32 2
46 33 5
46 34 4
46 35 3
46 36 4
46 37 4
46 38 4
46 39 4
46 40 4
46 41 3
46 42 2
46 43 3
46 44 3
46 45 3
46 47 1
46 48 1
46 49 3
46 50 1
46 51 3
46 52 5
46 53 2
46 54 5
46 55 1
46 56 1
46 57 5
46 58 3
46 59 4
46 60 4
46 61 3
46 62 5
46 63 3
46 64 1
46 65 2
46 66 2
46 67 4
46 68 5
46 69 2
46 70 4
46 71 5
46 72 5
46 73 1
46 74 2
46 75 4
47 1 1
47 2 1
47 3 5
47 4 3
47 5 5
47 6 5
47 7 1
47 8 1
47 9 1
47 10 2
47 11 2
47 12 3
47 13 1
47 14 4
47 15 3
47 16 4
47 17 3
47 18 2
47 19 3
47 20 1
47 21 3
47 22 1
47 23 1
47 24 5
47 25 2
47 26 4
47 27 4
47 28 1
47 29 2
47 30 2
47 31 2
47 32 4
47 33 4
47 34 1
47 35 1
47 36 4
47 37 2
47 38 1
47 39 1
47 40 2
47 41 2
47 42 2
47 43 1
47 44 4
47 45 2
47 46 3
47 48 4
47 49 5
47 50 4
47 51 2
47 52 5
47 53 4
47 54 2
47 55 5
47 56 3
47 57 1
47 58 5
47 59 3
47 60 3
47 61 3
47 62 5
47 63 4
47 64 1
47 65 3
47 66 1
47 67 2
47 68 3
47 69 2
47 70 4
47 71 4
47 72 5
47 73 3
47 74 2
47 75 5
48 1 3
48 2 4
48 3 4
48 4 2
48 5 3
48 6 5
48 7 5
48 8 4
48 9 3
48 10 3
48 11 5
48 12 2
48 13 3
48 14 4
48 15 4
48 16 1
48 17 2
48 18 3
48 19 1
48 20 4
48 21 3
48 22 2
48 23 2
48 24 2
48 25 3
48 26 3
48 27 5
48 28 3
48 29 5
48 30 4
48 31 4
48 32 4
48 33 2
48 34 3
48 35 2
48 36 1
48 37 2
48 38 1
48 39 1
48 40 1
48 41 4
48 42 5
48 43 2
48 44 3
48 45 5
48 46 5
48 47 5
48 49 3
48 50 5
48 51 1
48 52 2
48 53 4
48 54 4
48 55 3
48 56 5
48 57 1
48 58 2
48 59 2
48 60 5
48 61 3
48 62 5
48 63 4
48 64 2
48 65 3
48 66 1
48 67 3
48 68 5
48 69 4
48 70 1
48 71 5
48 72 4
48 73 4
48 74 4
48 75 2
49 1 3
49 2 3
49 3 3
49 4 3
49 5 1
49 6 2
49 7 5
49 8 4
49 9 5
49 10 3
49 11 3
49 12 2
49 13 5
49 14 5
49 15 5
49 16 5
49 17 2
49 18 4
49 19 3
49 20 3
49 21 3
49 22 5
49 23 3
49 24 2
49 25 3
49 26 3
49 27 1
49 28 3
49 29 3
49 30 1
49 31 1
49 32 5
49 33 5
49 34 3
49 35 4
49 36 2
49 37 2
49 38 5
49 39 5
49 40 3
49 41 4
49 42 3
49 43 4
49 44 4
49 45 4
49 46 3
49 47 3
49 48 5
49 50 3
49 51 2
49 52 5
49 53 5
49 54 1
49 55 2
49 56 3
49 57 5
49 58 1
49 59 5
49 60 4
49 61 3
49 62 2
49 63 4
49 64 4
49 65 2
49 66 3
49 67 5
49 68 5
49 69 4
49 70 1
49 71 5
49 72 2
49 73 5
49 74 4
49 75 2
50 1 3
50 2 2
50 3 5
50 4 2
50 5 3
50 6 4
50 7 5
50 8 4
50 9 1
50 10 5
50 11 2
50 12 3
50 13 1
50 14 2
50 15 5
50 16 1
50 17 1
50 18 1
50 19 1
50 20 2
50 21 4
50 22 3
50 23 1
50 24 4
50 25 2
50 26 3
50 27 3
50 28 5
50 29 2
50 30 3
50 31 1
50 32 1
50 33 1
50 34 2
50 35 4
50 36 5
50 37 1
50 38 3
50 39 4
50 40 3
50 41 4
50 42 5
50 43 2
50 44 4
50 45 2
50 46 1
50 47 4
50 48 4
50 49 4
50 51 1
50 52 5
50 53 2
50 54 4
50 55 2
50 56 5
50 57 2
50 58 5
50 59 4
50 60 3
50 61 1
50 62 3
50 63 3
50 64 4
50 65 3
50 66 2
50 67 2
50 68 3
50 69 4
50 70 5
50 71 1
50 72 1
50 73 3
50 74 2
50 75 2
51 1 4
51 2 3
51 3 5
51 4 2
51 5 4
51 6 3
51 7 5
51 8 3
51 9 4
51 10 3
51 11 5
51 12 1
51 13 1
51 14 4
51 15 4
51 16 3
51 17 1
51 18 2
51 19 2
51 20 4
51 21 1
51 22 3
51 23 1
51 24 5
51 25 1
51 26 5
51 27 5
51 28 3
51 29 4
51 30 4
51 31 2
51 32 2
51 33 3
51 34 1
51 35 1
51 36 1
51 37 3
51 38 5
51 39 4
51 40 3
51 41 4
51 42 3
51 43 3
51 44 4
51 45 3
51 46 2
51 47 1
51 48 3
51 49 5
51 50 2
51 52 2
51 53 5
51 54 2
51 55 2
51 56 2
51 57 4
51 58 3
51 59 3
51 60 2
51 61 1
51 62 1
51 63 3
51 64 5
51 65 4
51 66 5
51 67 5
51 68 4
51 69 2
51 70 4
51 71 2
51 72 4
51 73 2
51 74 1
51 75 4
52 1 2
52 2 3
52 3 5
52 4 2
52 5 3
52 6 1
52 7 5
52 8 4
52 9 2
52 10 1
52 11 2
52 12 3
52 13 5
52 14 1
52 15 1
52 16 3
52 17 1
52 18 1
52 19 2
52 20 5
52 21 4
52 22 1
52 23 1
52 24 5
52 25 2
52 26 4
52 27 3
52 28 2
52 29 2
52 30 4
52 31 5
52 32 3
52 33 3
52 34 1
52 35 1
52 36 2
52 37 3
52 38 1
52 39 5
52 40 5
52 41 3
52 42 3
52 43 4
52 44 4
52 45 3
52 46 4
52 47 3
52 48 1
52 49 2
52 50 4
52 51 2
52 53 2
52 54 4
52 55 3
52 56 1
52 57 2
52 58 3
52 59 4
52 60 1
52 61 5
52 62 4
52 63 2
52 64 4
52 65 3
52 66 3
52 67 2
52 68 5
52 69 2
52 70 4
52 71 1
52 72 1
52 73 1
52 74 1
52 75 5
53 1 2
53 2 3
53 3 5
53 4 4
53 5 5
53 6 1
53 7 3
53 8 2
53 9 5
53 10 3
53 11 4
53 12 5
53 13 5
53 14 3
53 15 5
53 16 5
53 17 4
53 18 5
53 19 1
53 20 3
53 21 5
53 22 5
53 23 4
53 24 1
53 25 2
53 26 2
53 27 1
53 28 4
53 29 4
53 30 3
53 31 5
53 32 2
53 33 1
53 34 2
53 35 3
53 36 2
53 37 2
53 38 2
53 39 3
53 40 3
53 41 4
53 42 3
53 43 3
53 44 5
53 45 1
53 46 4
53 47 1
53 48 4
53 49 1
53 50 4
53 51 3
53 52 5
53 54 3
53 55 3
53 56 5
53 57 1
53 58 1
53 59 2
53 60 2
53 61 5
53 62 2
53 63 1
53 64 3
53 65 4
53 66 2
53 67 5
53 68 5
53 69 1
53 70 1
53 71 3
53 72 3
53 73 2
53 74 2
53 75 2
54 1 1
54 2 2
54 3 3
54 4 4
54 5 3
54 6 5
54 7 2
54 8 5
54 9 4
54 10 4
54 11 3
54 12 5
54 13 2
54 14 3
54 15 3
54 16 3
54 17 4
54 18 4
54 19 5
54 20 2
54 21 2
54 22 4
54 23 3
54 24 2
54 25 4
54 26 1
54 27 1
54 28 3
54 29 4
54 30 2
54 31 2
54 32 1
54 33 1
54 34 1
54 35 4
54 36 3
54 37 5
54 38 5
54 39 2
54 40 5
54 41 4
54 42 4
54 43 4
54 44 2
54 45 4
54 46 3
54 47 1
54 48 2
54 49 2
54 50 5
54 51 5
54 52 5
54 53 3
54 55 5
54 56 3
54 57 3
54 58 2
54 59 5
54 60 3
54 61 5
54 62 2
54 63 4
54 64 5
54 65 2
54 66 1
54 67 4
54 68 4
54 69 5
54 70 3
54 71 2
54 72 4
54 73 3
54 74 3
54 75 4
55 1 1
55 2 1
55 3 1
55 4 1
55 5 4
55 6 4
55 7 1
55 8 1
55 9 1
55 10 5
55 11 2
55 12 3
55 13 5
55 14 3
55 15 3
55 16 2
55 17 4
55 18 1
55 19 2
55 20 5
55 21 2
55 22 2
55 23 3
55 24 2
55 25 1
55 26 3
55 27 5
55 28 1
55 29 2
55 30 2
55 31 4
55 32 3
55 33 4
55 34 4
55 35 3
55 36 5
55 37 5
55 38 5
55 39 2
55 40 5
55 41 2
55 42 3
55 43 2
55 44 1
55 45 2
55 46 1
55 47 2
55 48 2
55 49 1
55 50 5
55 51 1
55 52 4
55 53 1
55 54 1
55 56 2
55 57 3
55 58 3
55 59 2
55 60 5
55 61 1
55 62 5
55 63 3
55 64 3
55 65 1
55 66 3
55 67 3
55 68 5
55 69 2
55 70 4
55 71 3
55 72 1
55 73 5
55 74 5
55 75 5
56 1 5
56 2 3
56 3 5
56 4 3
56 5 1
56 6 3
56 7 2
56 8 1
56 9 1
56 10 4
56 11 1
56 12 5
56 13 3
56 14 5
56 15 1
56 16 2
56 17 1
56 18 2
56 19 4
56 20 5
56 21 2
56 22 4
56 23 2
56 24 3
56 25 5
56 26 1
56 27 5
56 28 3
56 29 2
56 30 1
56 31 2
56 32 4
56 33 5
56 34 3
56 35 1
56 36 5
56 37 5
56 38 5
56 39 1
56 40 3
56 41 5
56 42 3
56 43 2
56 44 3
56 45 5
56 46 4
56 47 1
56 48 5
56 49 5
56 50 2
56 51 1
56 52 4
56 53 5
56 54 3
56 55 1
56 57 4
56 58 5
56 59 3
56 60 3
56 61 1
56 62 3
56 63 4
56 64 1
56 65 3
56 66 4
56 67 2
56 68 4
56 69 3
56 70 3
56 71 1
56 72 2
56 73 2
56 74 4
56 75 3
57 1 1
57 2 5
57 3 1
57 4 4
57 5 4
57 6 3
57 7 5
57 8 4
57 9 3
57 10 4
57 11 3
57 12 3
57 13 4
57 14 4
57 15 2
57 16 2
57 17 2
57 18 5
57 19 5
57 20 2
57 21 4
57 22 3
57 23 5
57 24 2
57 25 3
57 26 2
57 27 3
57 28 4
57 29 1
57 30 3
57 31 4
57 32 3
57 33 2
57 34 1
57 35 1
57 36 2
57 37 3
57 38 5
57 39 2
57 40 5
57 41 3
57 42 2
57 43 5
57 44 2
57 45 5
57 46 1
57 47 3
57 48 1
57 49 2
57 50 4
57 51 3
57 52 5
57 53 4
57 54 2
57 55 4
57 56 3
57 58 1
57 59 1
57 60 3
57 61 1
57 62 3
57 63 1
57 64 5
57 65 1
57 66 2
57 67 1
57 68 2
57 69 1
57 70 2
57 71 3
57 72 1
57 73 5
57 74 4
57 75 2
58 1 3
58 2 1
58 3 4
58 4 2
58 5 1
58 6 1
58 7 2
58 8 5
58 9 2
58 10 2
58 11 2
58 12 5
58 13 4
58 14 4
58 15 5
58 16 2
58 17 4
58 18 4
58 19 4
58 20 5
58 21 4
58 22 5
58 23 5
58 24 2
58 25 1
58 26 2
58 27 2
58 28 3
58 29 3
58 30 2
58 31 1
58 32 2
58 33 2
58 34 4
58 35 5
58 36 5
58 37 1
58 38 1
58 39 4
58 40 3
58 41 5
58 42 2
58 43 2
58 44 3
58 45 5
58 46 2
58 47 1
58 48 5
58 49 2
58 50 5
58 51 2
58 52 3
58 53 1
58 54 1
58 55 4
58 56 3
58 57 4
58 59 2
58 60 2
58 61 3
58 62 4
58 63 2
58 64 1
58 65 2
58 66 3
58 67 5
58 68 1
58 69 3
58 70 3
58 71 2
58 72 5
58 73 2
58 74 3
58 75 4
59 1 1
59 2 5
59 3 2
59 4 4
59 5 1
59 6 3
59 7 3
59 8 2
59 9 5
59 10 5
59 11 5
59 12 1
59 13 3
59 14 5
59 15 2
59 16 1
59 17 3
59 18 2
59 19 5
59 20 5
59 21 4
59 22 2
59 23 2
59 24 1
59 25 1
59 26 4
59 27 2
59 28 3
59 29 2
59 30 2
59 31 1
59 32 4
59 33 1
59 34 2
59 35 2
59 36 3
59 37 1
59 38 1
59 39 2
59 40 1
59 41 3
59 42 1
59 43 3
59 44 2
59 45 5
59 46 1
59 47 2
59 48 4
59 49 3
59 50 1
59 51 4
59 52 3
59 53 4
59 54 5
59 55 3
59 56 5
59 57 5
59 58 5
59 60 4
59 61 3
59 62 1
59 63 4
59 64 3
59 65 3
59 66 2
59 67 2
59 68 5
59 69 2
59 70 4
59 71 1
59 72 4
59 73 1
59 74 3
59 75 1
60 1 2
60 2 3
60 3 2
60 4 4
60 5 3
60 6 1
60 7 1
60 8 3
60 9 3
60 10 5
60 11 2
60 12 5
60 13 1
60 14 3
60 15 4
60 16 4
60 17 2
60 18 1
60 19 2
60 20 5
60 21 3
60 22 5
60 23 3
60 24 3
60 25 1
60 26 1
60 27 5
60 28 5
60 29 2
60 30 3
60 31 2
60 32 5
60 33 2
60 34 5
60 35 3
60 36 4
60 37 5
60 38 1
60 39 2
60 40 2
60 41 5
60 42 5
60 43 4
60 44 5
60 45 5
60 46 4
60 47 3
60 48 3
60 49 5
60 50 1
60 51 4
60 52 2
60 53 5
60 54 1
60 55 1
60 56 2
60 57 2
60 58 3
60 59 1
60 61 5
60 62 5
60 63 5
60 64 4
60 65 3
60 66 4
60 67 2
60 68 3
60 69 4
60 70 4
60 71 1
60 72 2
60 73 3
60 74 3
60 75 5
61 1 4
61 2 2
61 3 1
61 4 1
61 5 4
61 6 5
61 7 3
61 8 3
61 9 3
61 10 4
61 11 5
61 12 4
61 13 5
61 14 1
61 15 3
61 16 3
61 17 5
61 18 2
61 19 2
61 20 4
61 21 1
61 22 5
61 23 2
61 24 3
61 25 3
61 26 5
61 27 4
61 28 2
61 29 4
61 30 1
61 31 1
61 32 2
61 33 4
61 34 1
61 35 4
61 36 4
61 37 2
61 38 1
61 39 3
61 40 5
61 41 1
61 42 3
61 43 5
61 44 5
61 45 3
61 46 2
61 47 2
61 48 5
61 49 5
61 50 3
61 51 5
61 52 5
61 53 5
61 54 1
61 55 4
61 56 2
61 57 2
61 58 2
61 59 5
61 60 5
61 62 4
61 63 1
61 64 3
61 65 2
61 66 3
61 67 1
61 68 1
61 69 2
61 70 3
61 71 3
61 72 1
61 73 3
61 74 5
61 75 2
62 1 4
62 2 5
62 3 3
62 4 3
62 5 4
62 6 4
62 7 5
62 8 3
62 9 3
62 10 1
62 11 5
62 12 3
62 13 3
62 14 3
62 15 5
62 16 2
62 17 2
62 18 3
62 19 4
62 20 1
62 21 5
62 22 4
62 23 1
62 24 2
62 25 2
62 26 5
62 27 4
62 28 4
62 29 4
62 30 1
62 31 5
62 32 2
62 33 5
62 34 4
62 35 4
62 36 5
62 37 2
62 38 1
62 39 4
62 40 1
62 41 1
62 42 5
62 43 3
62 44 5
62 45 2
62 46 4
62 47 4
62 48 5
62 49 2
62 50 4
62 51 5
62 52 3
62 53 4
62 54 2
62 55 1
62 56 5
62 57 1
62 58 4
62 59 3
62 60 1
62 61 1
62 63 4
62 64 2
62 65 2
62 66 2
62 67 3
62 68 3
62 69 5
62 70 5
62 71 1
62 72 5
62 73 2
62 74 2
62 75 5
63 1 2
63 2 3
63 3 3
63 4 2
63 5 2
63 6 1
63 7 2
63 8 3
63 9 3
63 10 1
63 11 4
63 12 3
63 13 2
63 14 1
63 15 4
63 16 2
63 17 3
63 18 1
63 19 2
63 20 5
63 21 3
63 22 4
63 23 4
63 24 5
63 25 5
63 26 3
63 27 3
63 28 5
63 29 1
63 30 4
63 31 4
63 32 2
63 33 2
63 34 3
63 35 5
63 36 5
63 37 4
63 38 2
63 39 5
63 40 1
63 41 4
63 42 5
63 43 1
63 44 2
63 45 3
63 46 1
63 47 5
63 48 5
63 49 1
63 50 2
63 51 1
63 52 5
63 53 2
63 54 4
63 55 5
63 56 1
63 57 3
63 58 4
63 59 5
63 60 4
63 61 2
63 62 5
63 64 2
63 65 5
63 66 3
63 67 2
63 68 2
63 69 1
63 70 5
63 71 1
63 72 3
63 73 5
63 74 5
63 75 5
64 1 1
64 2 2
64 3 2
64 4 3
64 5 2
64 6 5
64 7 4
64 8 2
64 9 4
64 10 5
64 11 3
64 12 5
64 13 5
64 14 5
64 15 3
64 16 2
64 17 5
64 18 2
64 19 3
64 20 2
64 21 1
64 22 2
64 23 5
64 24 2
64 25 4
64 26 1
64 27 4
64 28 4
64 29 5
64 30 4
64 31 3
64 32 2
64 33 2
64 34 2
64 35 4
64 36 5
64 37 1
64 38 4
64 39 4
64 40 4
64 41 3
64 42 1
64 43 1
64 44 5
64 45 2
64 46 5
64 47 3
64 48 4
64 49 1
64 50 5
64 51 5
64 52 4
64 53 4
64 54 1
64 55 2
64 56 2
64 57 1
64 58 1
64 59 5
64 60 2
64 61 1
64 62 5
64 63 5
64 65 4
64 66 1
64 67 4
64 68 4
64 69 3
64 70 2
64 71 4
64 72 1
64 73 2
64 74 4
64 75 3
65 1 3
65 2 2
65 3 3
65 4 5
65 5 5
65 6 5
65 7 1
65 8 1
65 9 3
65 10 4
65 11 1
65 12 5
65 13 1
65 14 3
65 15 2
65 16 2
65 17 1
65 18 4
65 19 3
65 20 1
65 21 2
65 22 3
65 23 1
65 24 2
65 25 5
65 26 4
65 27 5
65 28 3
65 29 2
65 30 3
65 31 2
65 32 4
65 33 2
65 34 4
65 35 3
65 36 3
65 37 1
65 38 4
65 39 4
65 40 3
65 41 4
65 42 1
65 43 4
65 44 1
65 45 1
65 46 2
65 47 3
65 48 3
65 49 5
65 50 5
65 51 3
65 52 2
65 53 5
65 54 5
65 55 3
65 56 1
65 57 1
65 58 3
65 59 5
65 60 2
65 61 2
65 62 2
65 63 1
65 64 5
65 66 2
65 67 3
65 68 3
65 69 2
65 70 3
65 71 3
65 72 2
65 73 2
65 74 3
65 75 2
66 1 2
66 2 5
66 3 4
66 4 1
66 5 3
66 6 3
66 7 3
66 8 2
66 9 4
66 10 4
66 11 2
66 12 4
66 13 4
66 14 2
66 15 3
66 16 1
66 17 3
66 18 4
66 19 4
66 20 5
66 21 1
66 22 2
66 23 5
66 24 3
66 25 1
66 26 2
66 27 5
66 28 2
66 29 5
66 30 4
66 31 3
66 32 2
66 33 4
66 34 1
66 35 2
66 36 3
66 37 4
66 38 1
66 39 4
66 40 4
66 41 4
66 42 5
66 43 4
66 44 5
66 45 3
66 46 1
66 47 5
66 48 3
66 49 2
66 50 3
66 51 2
66 52 2
66 53 1
66 54 1
66 55 4
66 56 1
66 57 5
66 58 5
66 59 2
66 60 4
66 61 5
66 62 2
66 63 2
66 64 3
66 65 4
66 67 1
66 68 2
66 69 4
66 70 1
66 71 1
66 72 5
66 73 5
66 74 2
66 75 3
67 1 4
67 2 5
67 3 4
67 4 5
67 5 4
67 6 5
67 7 4
67 8 2
67 9 1
67 10 4
67 11 5
67 12 1
67 13 2
67 14 4
67 15 5
67 16 5
67 17 4
67 18 4
67 19 1
67 20 1
67 21 4
67 22 2
67 23 1
67 24 5
67 25 5
67 26 1
67 27 5
67 28 4
67 29 2
67 30 4
67 31 2
67 32 2
67 33 5
67 34 5
67 35 1
67 36 3
67 37 1
67 38 1
67 39 4
67 40 1
67 41 2
67 42 5
67 43 1
67 44 3
67 45 3
67 46 2
67 47 2
67 48 2
67 49 2
67 50 3
67 51 4
67 52 5
67 53 1
67 54 4
67 55 2
67 56 5
67 57 4
67 58 3
67 59 1
67 60 3
67 61 1
67 62 2
67 63 4
67 64 5
67 65 3
67 66 2
67 68 2
67 69 3
67 70 2
67 71 3
67 72 5
67 73 5
67 74 2
67 75 2
68 1 2
68 2 2
68 3 3
68 4 4
68 5 5
68 6 4
68 7 3
68 8 3
68 9 1
68 10 3
68 11 1
68 12 2
68 13 2
68 14 1
68 15 4
68 16 4
68 17 3
68 18 5
68 19 5
68 20 4
68 21 1
68 22 4
68 23 2
68 24 3
68 25 3
68 26 5
68 27 2
68 28 4
68 29 5
68 30 5
68 31 5
68 32 1
68 33 1
68 34 4
68 35 1
68 36 5
68 37 5
68 38 3
68 39 2
68 40 5
68 41 5
68 42 4
68 43 3
68 44 4
68 45 5
68 46 1
68 47 2
68 48 4
68 49 2
68 50 4
68 51 4
68 52 3
68 53 4
68 54 5
68 55 2
68 56 4
68 57 5
68 58 5
68 59 2
68 60 4
68 61 4
68 62 4
68 63 1
68 64 2
68 65 2
68 66 2
68 67 1
68 69 1
68 70 4
68 71 5
68 72 2
68 73 1
68 74 5
68 75 4
69 1 1
69 2 1
69 3 2
69 4 2
69 5 5
69 6 5
69 7 2
69 8 5
69 9 2
69 10 3
69 11 5
69 12 5
69 13 1
69 14 1
69 15 4
69 16 2
69 17 4
69 18 3
69 19 5
69 20 1
69 21 4
69 22 2
69 23 2
69 24 1
69 25 4
69 26 3
69 27 2
69 28 3
69 29 3
69 30 2
69 31 3
69 32 3
69 33 2
69 34 4
69 35 1
69 36 3
69 37 1
69 38 5
69 39 5
69 40 4
69 41 2
69 42 4
69 43 4
69 44 2
69 45 4
69 46 2
69 47 5
69 48 4
69 49 1
69 50 5
69 51 4
69 52 1
69 53 3
69 54 1
69 55 4
69 56 3
69 57 3
69 58 2
69 59 5
69 60 2
69 61 3
69 62 3
69 63 1
69 64 2
69 65 3
69 66 1
69 67 1
69 68 5
69 70 2
69 71 5
69 72 4
69 73 3
69 74 5
69 75 2
70 1 1
70 2 5
70 3 5
70 4 1
70 5 3
70 6 3
70 7 2
70 8 2
70 9 5
70 10 4
70 11 4
70 12 3
70 13 3
70 14 3
70 15 5
70 16 3
70 17 4
70 18 4
70 19 2
70 20 1
70 21 2
70 22 1
70 23 3
70 24 5
70 25 1
70 26 5
70 27 1
70 28 4
70 29 4
70 30 1
70 31 2
70 32 2
70 33 5
70 34 3
70 35 2
70 36 5
70 37 5
70 38 5
70 39 3
70 40 5
70 41 5
70 42 1
70 43 4
70 44 2
70 45 5
70 46 5
70 47 1
70 48 5
70 49 1
70 50 2
70 51 5
70 52 2
70 53 5
70 54 2
70 55 3
70 56 2
70 57 3
70 58 4
70 59 2
70 60 2
70 61 1
70 62 3
70 63 3
70 64 5
70 65 5
70 66 1
70 67 1
70 68 2
70 69 5
70 71 3
70 72 3
70 73 4
70 74 3
70 75 1
71 1 2
71 2 4
71 3 1
71 4 3
71 5 3
71 6 1
71 7 4
71 8 4
71 9 4
71 10 5
71 11 1
71 12 2
71 13 1
71 14 3
71 15 2
71 16 2
71 17 1
71 18 2
71 19 4
71 20 5
71 21 3
71 22 1
71 23 2
71 24 4
71 25 4
71 26 3
71 27 1
71 28 1
71 29 3
71 30 1
71 31 1
71 32 5
71 33 1
71 34 3
71 35 2
71 36 4
71 37 5
71 38 2
71 39 2
71 40 1
71 41 2
71 42 4
71 43 4
71 44 4
71 45 4
71 46 5
71 47 1
71 48 1
71 49 3
71 50 1
71 51 1
71 52 5
71 53 3
71 54 4
71 55 5
71 56 1
71 57 2
71 58 1
71 59 1
71 60 1
71 61 3
71 62 4
71 63 5
71 64 3
71 65 3
71 66 1
71 67 3
71 68 5
71 69 5
71 70 5
71 72 5
71 73 3
71 74 5
71 75 3
72 1 1
72 2 3
72 3 4
72 4 1
72 5 1
72 6 1
72 7 4
72 8 3
72 9 2
72 10 1
72 11 1
72 12 2
72 13 4
72 14 4
72 15 4
72 16 4
72 17 5
72 18 1
72 19 4
72 20 4
72 21 5
72 22 2
72 23 2
72 24 3
72 25 1
72 26 1
72 27 4
72 28 5
72 29 5
72 30 3
72 31 4
72 32 5
72 33 3
72 34 4
72 35 3
72 36 5
72 37 1
72 38 1
72 39 2
72 40 2
72 41 3
72 42 2
72 43 5
72 44 1
72 45 1
72 46 3
72 47 2
72 48 2
72 49 5
72 50 5
72 51 5
72 52 5
72 53 3
72 54 3
72 55 2
72 56 3
72 57 5
72 58 2
72 59 4
72 60 4
72 61 1
72 62 4
72 63 4
72 64 3
72 65 2
72 66 3
72 67 4
72 68 4
72 69 5
72 70 5
72 71 3
72 73 2
72 74 2
72 75 2
73 1 5
73 2 4
73 3 5
73 4 3
73 5 5
73 6 4
73 7 2
73 8 1
73 9 5
73 10 5
73 11 4
73 12 3
73 13 4
73 14 5
73 15 4
73 16 3
73 17 4
73 18 5
73 19 1
73 20 4
73 21 4
73 22 5
73 23 1
73 24 3
73 25 5
73 26 5
73 27 2
73 28 2
73 29 3
73 30 5
73 31 4
73 32 4
73 33 5
73 34 3
73 35 1
73 36 1
73 37 3
73 38 5
73 39 4
73 40 5
73 41 4
73 42 4
73 43 2
73 44 4
73 45 3
73 46 3
73 47 1
73 48 1
73 49 4
73 50 4
73 51 1
73 52 2
73 53 5
73 54 1
73 55 1
73 56 4
73 57 2
73 58 5
73 59 1
73 60 5
73 61 1
73 62 4
73 63 3
73 64 3
73 65 3
73 66 1
73 67 3
73 68 2
73 69 5
73 70 1
73 71 1
73 72 3
73 74 4
73 75 5
74 1 3
74 2 2
74 3 2
74 4 4
74 5 4
74 6 5
74 7 4
74 8 5
74 9 3
74 10 3
74 11 2
74 12 1
74 13 3
74 14 1
74 15 5
74 16 3
74 17 5
74 18 5
74 19 3
74 20 4
74 21 2
74 22 5
74 23 1
74 24 2
74 25 4
74 26 5
74 27 4
74 28 1
74 29 4
74 30 3
74 31 5
74 32 2
74 33 1
74 34 3
74 35 5
74 36 1
74 37 4
74 38 5
74 39 2
74 40 2
74 41 2
74 42 4
74 43 2
74 44 4
74 45 4
74 46 3
74 47 4
74 48 5
74 49 4
74 50 1
74 51 5
74 52 3
74 53 3
74 54 1
74 55 4
74 56 1
74 57 2
74 58 2
74 59 3
74 60 1
74 61 1
74 62 3
74 63 2
74 64 3
74 65 5
74 66 3
74 67 1
74 68 4
74 69 2
74 70 2
74 71 2
74 72 5
74 73 2
74 75 5
75 1 5
75 2 2
75 3 2
75 4 3
75 5 3
75 6 5
75 7 1
75 8 5
75 9 2
75 10 3
75 11 5
75 12 5
75 13 5
75 14 3
75 15 4
75 16 2
75 17 3
75 18 1
75 19 1
75 20 1
75 21 1
75 22 3
75 23 3
75 24 1
75 25 3
75 26 1
75 27 2
75 28 4
75 29 5
75 30 1
75 31 3
75 32 2
75 33 2
75 34 4
75 35 1
75 36 2
75 37 5
75 38 1
75 39 1
75 40 2
75 41 5
75 42 2
75 43 3
75 44 1
75 45 4
75 46 3
75 47 5
75 48 2
75 49 4
75 50 5
75 51 2
75 52 4
75 53 2
75 54 2
75 55 1
75 56 4
75 57 2
75 58 4
75 59 4
75 60 4
75 61 4
75 62 1
75 63 5
75 64 3
75 65 1
75 66 2
75 67 4
75 68 1
75 69 3
75 70 4
75 71 4
75 72 4
75 73 2
75 74 1

END
