INSTANCE_NAME b12.dat
NB_VERTICES 75
NB_ARCS 153
NB_REQUESTS 0
NB_BLOCKAGES 45
NB_TERMINALS 38

VERTICES
1 0 0
2 0 0
3 0 0
4 0 0
5 0 0
6 0 0
7 0 0
8 0 0
9 0 0
10 0 0
11 0 0
12 0 0
13 0 0
14 0 0
15 0 0
16 0 0
17 0 0
18 0 0
19 0 0
20 0 0
21 0 0
22 0 0
23 0 0
24 0 0
25 0 0
26 0 0
27 0 0
28 0 0
29 0 0
30 0 0
31 0 0
32 0 0
33 0 0
34 0 0
35 0 0
36 0 0
37 0 0
38 0 0
39 0 0
40 0 0
41 0 0
42 0 0
43 0 0
44 0 0
45 0 0
46 0 0
47 0 0
48 0 0
49 0 0
50 0 0
51 0 0
52 0 0
53 0 0
54 0 0
55 0 0
56 0 0
57 0 0
58 0 0
59 0 0
60 0 0
61 0 0
62 0 0
63 0 0
64 0 0
65 0 0
66 0 0
67 0 0
68 0 0
69 0 0
70 0 0
71 0 0
72 0 0
73 0 0
74 0 0
75 0 0

ARCS
1 9 4
9 69 1
69 6 3
6 48 7
48 17 7
17 39 8
39 27 3
27 22 4
22 15 10
15 69 9
69 18 1
18 2 8
2 26 6
26 40 7
40 31 3
31 5 8
5 64 7
64 55 6
55 23 4
23 22 7
22 4 10
4 3 2
3 12 4
12 35 5
35 63 1
63 2 3
2 53 8
53 50 1
50 38 10
38 16 9
16 13 10
13 58 4
58 47 8
47 5 9
5 51 4
51 23 9
23 33 4
33 69 6
69 61 7
61 10 7
10 14 9
14 49 10
49 65 3
65 6 6
6 22 4
22 68 3
68 48 3
48 45 4
45 10 9
10 19 10
19 1 2
1 67 7
67 23 5
23 57 5
57 29 7
29 27 4
27 32 9
32 2 3
2 72 3
72 41 9
41 57 7
57 15 9
57 28 8
28 16 3
28 22 1
28 70 3
70 32 8
32 19 8
19 12 7
12 44 10
44 19 2
19 60 10
60 21 2
21 58 6
58 36 2
36 39 7
36 59 7
59 43 1
43 37 9
37 3 10
3 73 8
73 2 1
73 30 7
30 61 8
61 31 2
31 34 6
34 32 1
32 23 1
23 50 4
50 43 10
43 34 5
43 51 6
51 24 2
24 13 4
24 42 8
42 3 6
42 25 5
25 74 4
74 42 1
42 56 4
56 32 8
56 54 7
54 4 4
54 18 5
54 40 6
40 37 2
37 19 1
54 59 9
59 71 9
71 48 1
48 51 2
51 14 6
14 52 8
52 27 8
27 55 10
55 43 10
55 47 6
47 60 4
60 38 10
38 29 9
29 11 8
11 71 3
71 51 8
51 20 10
20 66 4
66 8 1
8 72 4
72 38 10
38 46 9
46 21 8
66 45 3
45 20 10
20 75 7
75 29 3
29 64 5
64 9 1
29 74 2
74 1 6
75 35 4
35 62 6
62 70 9
62 63 10
66 36 4
36 50 10
71 58 4
55 48 10
55 49 1
14 68 1
54 57 3
54 65 3
61 73 8
30 7 8
7 67 6

REQUESTS

BLOCKAGES
74 42
28 16
22 4
62 63
29 27
50 43
42 3
45 10
55 43
22 15
66 45
5 64
38 29
50 38
10 19
43 51
37 19
55 48
18 2
56 32
27 22
34 32
27 55
30 61
54 59
74 1
69 6
58 36
71 51
65 6
22 68
47 5
36 59
19 1
57 29
71 48
51 20
19 60
20 75
64 9
60 38
51 14
54 57
55 23
21 58

TERMINALS
1
2
3
4
5
7
8
9
10
12
15
18
19
20
27
29
32
33
35
39
40
41
42
43
44
46
49
53
57
58
61
62
63
64
67
68
72
74

R
1 2 2
1 3 4
1 4 2
1 5 5
1 6 2
1 7 2
1 8 3
1 9 1
1 10 2
1 11 1
1 12 5
1 13 5
1 14 4
1 15 2
1 16 2
1 17 3
1 18 3
1 19 5
1 20 5
1 21 1
1 22 4
1 23 3
1 24 2
1 25 2
1 26 5
1 27 1
1 28 5
1 29 1
1 30 1
1 31 5
1 32 1
1 33 4
1 34 5
1 35 4
1 36 3
1 37 1
1 38 5
1 39 3
1 40 1
1 41 4
1 42 3
1 43 3
1 44 3
1 45 4
1 46 4
1 47 4
1 48 1
1 49 3
1 50 3
1 51 2
1 52 5
1 53 3
1 54 4
1 55 1
1 56 1
1 57 5
1 58 1
1 59 2
1 60 2
1 61 3
1 62 1
1 63 3
1 64 1
1 65 1
1 66 3
1 67 1
1 68 1
1 69 3
1 70 3
1 71 2
1 72 1
1 73 2
1 74 1
1 75 5
2 1 2
2 3 1
2 4 3
2 5 2
2 6 5
2 7 3
2 8 4
2 9 4
2 10 2
2 11 4
2 12 4
2 13 3
2 14 1
2 15 2
2 16 4
2 17 2
2 18 4
2 19 2
2 20 1
2 21 2
2 22 2
2 23 4
2 24 2
2 25 2
2 26 3
2 27 1
2 28 5
2 29 5
2 30 4
2 31 5
2 32 4
2 33 1
2 34 2
2 35 3
2 36 4
2 37 1
2 38 5
2 39 4
2 40 4
2 41 2
2 42 3
2 43 3
2 44 1
2 45 5
2 46 4
2 47 1
2 48 1
2 49 4
2 50 2
2 51 4
2 52 5
2 53 5
2 54 4
2 55 3
2 56 2
2 57 1
2 58 3
2 59 3
2 60 2
2 61 2
2 62 5
2 63 5
2 64 4
2 65 1
2 66 2
2 67 2
2 68 2
2 69 4
2 70 1
2 71 2
2 72 2
2 73 5
2 74 4
2 75 2
3 1 4
3 2 4
3 4 4
3 5 1
3 6 3
3 7 3
3 8 4
3 9 4
3 10 2
3 11 4
3 12 2
3 13 5
3 14 1
3 15 1
3 16 3
3 17 2
3 18 4
3 19 4
3 20 3
3 21 2
3 22 1
3 23 5
3 24 4
3 25 2
3 26 3
3 27 1
3 28 4
3 29 1
3 30 5
3 31 4
3 32 2
3 33 3
3 34 3
3 35 2
3 36 5
3 37 2
3 38 4
3 39 1
3 40 2
3 41 1
3 42 4
3 43 5
3 44 2
3 45 5
3 46 1
3 47 4
3 48 1
3 49 4
3 50 4
3 51 4
3 52 3
3 53 5
3 54 5
3 55 1
3 56 3
3 57 4
3 58 1
3 59 3
3 60 4
3 61 2
3 62 4
3 63 2
3 64 4
3 65 3
3 66 3
3 67 3
3 68 4
3 69 2
3 70 3
3 71 2
3 72 4
3 73 4
3 74 2
3 75 5
4 1 3
4 2 2
4 3 1
4 5 5
4 6 2
4 7 4
4 8 5
4 9 4
4 10 5
4 11 4
4 12 1
4 13 5
4 14 4
4 15 3
4 16 2
4 17 2
4 18 4
4 19 5
4 20 5
4 21 4
4 22 2
4 23 3
4 24 4
4 25 2
4 26 1
4 27 1
4 28 1
4 29 1
4 30 1
4 31 2
4 32 5
4 33 3
4 34 5
4 35 2
4 36 5
4 37 1
4 38 3
4 39 4
4 40 2
4 41 4
4 42 5
4 43 2
4 44 3
4 45 3
4 46 2
4 47 5
4 48 2
4 49 5
4 50 1
4 51 3
4 52 4
4 53 5
4 54 2
4 55 2
4 56 3
4 57 2
4 58 4
4 59 3
4 60 4
4 61 5
4 62 1
4 63 4
4 64 4
4 65 5
4 66 2
4 67 3
4 68 3
4 69 4
4 70 4
4 71 1
4 72 3
4 73 3
4 74 2
4 75 5
5 1 2
5 2 3
5 3 1
5 4 5
5 6 5
5 7 4
5 8 3
5 9 3
5 10 5
5 11 4
5 12 1
5 13 4
5 14 3
5 15 4
5 16 2
5 17 1
5 18 5
5 19 4
5 20 1
5 21 4
5 22 4
5 23 3
5 24 3
5 25 3
5 26 3
5 27 1
5 28 3
5 29 2
5 30 5
5 31 1
5 32 4
5 33 4
5 34 1
5 35 1
5 36 5
5 37 5
5 38 1
5 39 2
5 40 4
5 41 5
5 42 3
5 43 4
5 44 4
5 45 2
5 46 4
5 47 2
5 48 2
5 49 4
5 50 5
5 51 5
5 52 4
5 53 5
5 54 4
5 55 3
5 56 4
5 57 1
5 58 1
5 59 1
5 60 5
5 61 5
5 62 4
5 63 3
5 64 5
5 65 4
5 66 3
5 67 5
5 68 5
5 69 1
5 70 3
5 71 3
5 72 5
5 73 5
5 74 1
5 75 5
6 1 1
6 2 1
6 3 1
6 4 5
6 5 4
6 7 3
6 8 1
6 9 4
6 10 4
6 11 4
6 12 2
6 13 3
6 14 1
6 15 2
6 16 5
6 17 5
6 18 3
6 19 3
6 20 4
6 21 5
6 22 3
6 23 4
6 24 4
6 25 2
6 26 4
6 27 1
6 28 4
6 29 3
6 30 3
6 31 1
6 32 3
6 33 5
6 34 2
6 35 5
6 36 1
6 37 2
6 38 2
6 39 1
6 40 1
6 41 3
6 42 4
6 43 4
6 44 5
6 45 5
6 46 5
6 47 4
6 48 1
6 49 4
6 50 4
6 51 5
6 52 3
6 53 1
6 54 3
6 55 3
6 56 3
6 57 1
6 58 1
6 59 1
6 60 5
6 61 3
6 62 4
6 63 4
6 64 4
6 65 5
6 66 4
6 67 2
6 68 1
6 69 2
6 70 2
6 71 3
6 72 4
6 73 3
6 74 1
6 75 3
7 1 4
7 2 2
7 3 4
7 4 4
7 5 1
7 6 4
7 8 5
7 9 5
7 10 4
7 11 4
7 12 3
7 13 3
7 14 1
7 15 3
7 16 1
7 17 1
7 18 2
7 19 4
7 20 4
7 21 2
7 22 5
7 23 4
7 24 3
7 25 2
7 26 1
7 27 5
7 28 5
7 29 4
7 30 4
7 31 2
7 32 4
7 33 2
7 34 1
7 35 4
7 36 2
7 37 3
7 38 2
7 39 4
7 40 2
7 41 2
7 42 2
7 43 1
7 44 5
7 45 3
7 46 3
7 47 5
7 48 3
7 49 1
7 50 5
7 51 3
7 52 3
7 53 4
7 54 2
7 55 5
7 56 2
7 57 2
7 58 1
7 59 1
7 60 2
7 61 1
7 62 5
7 63 5
7 64 4
7 65 5
7 66 5
7 67 1
7 68 2
7 69 1
7 70 1
7 71 5
7 72 3
7 73 2
7 74 1
7 75 2
8 1 4
8 2 5
8 3 3
8 4 3
8 5 1
8 6 4
8 7 3
8 9 5
8 10 2
8 11 4
8 12 1
8 13 3
8 14 2
8 15 4
8 16 1
8 17 5
8 18 4
8 19 2
8 20 2
8 21 3
8 22 1
8 23 1
8 24 5
8 25 4
8 26 2
8 27 5
8 28 3
8 29 1
8 30 3
8 31 5
8 32 4
8 33 4
8 34 5
8 35 3
8 36 1
8 37 2
8 38 1
8 39 5
8 40 3
8 41 2
8 42 3
8 43 3
8 44 1
8 45 1
8 46 1
8 47 3
8 48 3
8 49 2
8 50 4
8 51 4
8 52 1
8 53 1
8 54 1
8 55 5
8 56 1
8 57 4
8 58 1
8 59 4
8 60 4
8 61 3
8 62 5
8 63 2
8 64 1
8 65 4
8 66 1
8 67 4
8 68 2
8 69 1
8 70 3
8 71 4
8 72 4
8 73 3
8 74 4
8 75 5
9 1 5
9 2 1
9 3 4
9 4 2
9 5 2
9 6 3
9 7 2
9 8 2
9 10 5
9 11 3
9 12 3
9 13 1
9 14 1
9 15 5
9 16 1
9 17 2
9 18 3
9 19 5
9 20 5
9 21 5
9 22 1
9 23 1
9 24 3
9 25 2
9 26 1
9 27 3
9 28 3
9 29 5
9 30 2
9 31 1
9 32 1
9 33 1
9 34 1
9 35 4
9 36 5
9 37 5
9 38 3
9 39 1
9 40 1
9 41 5
9 42 5
9 43 1
9 44 5
9 45 1
9 46 5
9 47 2
9 48 2
9 49 4
9 50 1
9 51 3
9 52 4
9 53 3
9 54 3
9 55 3
9 56 2
9 57 4
9 58 2
9 59 4
9 60 5
9 61 3
9 62 4
9 63 5
9 64 1
9 65 1
9 66 5
9 67 5
9 68 5
9 69 5
9 70 2
9 71 3
9 72 4
9 73 2
9 74 3
9 75 5
10 1 4
10 2 4
10 3 1
10 4 2
10 5 5
10 6 3
10 7 4
10 8 5
10 9 1
10 11 2
10 12 2
10 13 2
10 14 2
10 15 1
10 16 2
10 17 1
10 18 5
10 19 5
10 20 2
10 21 5
10 22 5
10 23 3
10 24 1
10 25 5
10 26 2
10 27 3
10 28 2
10 29 2
10 30 4
10 31 1
10 32 1
10 33 4
10 34 1
10 35 3
10 36 5
10 37 5
10 38 1
10 39 3
10 40 4
10 41 3
10 42 1
10 43 3
10 44 1
10 45 2
10 46 3
10 47 2
10 48 4
10 49 2
10 50 1
10 51 2
10 52 4
10 53 2
10 54 2
10 55 4
10 56 3
10 57 3
10 58 1
10 59 1
10 60 2
10 61 1
10 62 1
10 63 2
10 64 4
10 65 2
10 66 2
10 67 5
10 68 1
10 69 2
10 70 3
10 71 5
10 72 4
10 73 5
10 74 4
10 75 4
11 1 2
11 2 1
11 3 2
11 4 2
11 5 4
11 6 2
11 7 1
11 8 2
11 9 5
11 10 2
11 12 1
11 13 3
11 14 1
11 15 1
11 16 3
11 17 2
11 18 4
11 19 1
11 20 1
11 21 2
11 22 4
11 23 2
11 24 2
11 25 1
11 26 5
11 27 1
11 28 2
11 29 5
11 30 5
11 31 5
11 32 5
11 33 3
11 34 5
11 35 1
11 36 2
11 37 4
11 38 4
11 39 2
11 40 2
11 41 3
11 42 3
11 43 2
11 44 2
11 45 5
11 46 5
11 47 2
11 48 2
11 49 3
11 50 2
11 51 4
11 52 1
11 53 2
11 54 5
11 55 4
11 56 2
11 57 1
11 58 1
11 59 4
11 60 5
11 61 3
11 62 3
11 63 4
11 64 2
11 65 5
11 66 4
11 67 3
11 68 5
11 69 2
11 70 1
11 71 1
11 72 1
11 73 5
11 74 5
11 75 3
12 1 5
12 2 4
12 3 4
12 4 3
12 5 3
12 6 2
12 7 1
12 8 5
12 9 3
12 10 2
12 11 1
12 13 1
12 14 2
12 15 1
12 16 4
12 17 1
12 18 3
12 19 2
12 20 4
12 21 5
12 22 1
12 23 4
12 24 4
12 25 2
12 26 2
12 27 5
12 28 2
12 29 2
12 30 4
12 31 1
12 32 4
12 33 5
12 34 1
12 35 4
12 36 2
12 37 3
12 38 2
12 39 2
12 40 5
12 41 4
12 42 3
12 43 5
12 44 5
12 45 4
12 46 5
12 47 5
12 48 1
12 49 5
12 50 3
12 51 1
12 52 1
12 53 5
12 54 4
12 55 4
12 56 1
12 57 5
12 58 5
12 59 3
12 60 2
12 61 4
12 62 5
12 63 2
12 64 3
12 65 1
12 66 3
12 67 2
12 68 3
12 69 4
12 70 3
12 71 4
12 72 5
12 73 3
12 74 3
12 75 1
13 1 1
13 2 5
13 3 5
13 4 2
13 5 4
13 6 3
13 7 2
13 8 4
13 9 2
13 10 3
13 11 4
13 12 5
13 14 2
13 15 4
13 16 2
13 17 5
13 18 4
13 19 1
13 20 4
13 21 3
13 22 1
13 23 1
13 24 4
13 25 1
13 26 4
13 27 2
13 28 4
13 29 3
13 30 4
13 31 4
13 32 3
13 33 1
13 34 3
13 35 5
13 36 4
13 37 1
13 38 2
13 39 3
13 40 1
13 41 5
13 42 5
13 43 1
13 44 4
13 45 3
13 46 4
13 47 2
13 48 5
13 49 4
13 50 5
13 51 3
13 52 2
13 53 2
13 54 3
13 55 5
13 56 2
13 57 3
13 58 3
13 59 3
13 60 1
13 61 1
13 62 1
13 63 5
13 64 4
13 65 3
13 66 4
13 67 2
13 68 5
13 69 2
13 70 1
13 71 2
13 72 2
13 73 2
13 74 2
13 75 2
14 1 5
14 2 3
14 3 1
14 4 1
14 5 1
14 6 5
14 7 3
14 8 2
14 9 1
14 10 2
14 11 2
14 12 5
14 13 4
14 15 1
14 16 2
14 17 1
14 18 4
14 19 4
14 20 3
14 21 2
14 22 3
14 23 1
14 24 5
14 25 4
14 26 3
14 27 1
14 28 5
14 29 1
14 30 2
14 31 1
14 32 4
14 33 3
14 34 3
14 35 4
14 36 3
14 37 1
14 38 3
14 39 2
14 40 2
14 41 1
14 42 3
14 43 5
14 44 5
14 45 4
14 46 1
14 47 3
14 48 4
14 49 4
14 50 1
14 51 3
14 52 2
14 53 5
14 54 4
14 55 1
14 56 3
14 57 3
14 58 3
14 59 2
14 60 5
14 61 2
14 62 4
14 63 5
14 64 4
14 65 4
14 66 4
14 67 4
14 68 4
14 69 3
14 70 5
14 71 2
14 72 5
14 73 5
14 74 2
14 75 4
15 1 3
15 2 4
15 3 3
15 4 3
15 5 4
15 6 5
15 7 1
15 8 5
15 9 4
15 10 1
15 11 2
15 12 1
15 13 5
15 14 5
15 16 4
15 17 1
15 18 3
15 19 5
15 20 5
15 21 3
15 22 3
15 23 5
15 24 1
15 25 3
15 26 5
15 27 3
15 28 1
15 29 4
15 30 4
15 31 2
15 32 5
15 33 3
15 34 2
15 35 2
15 36 2
15 37 5
15 38 2
15 39 4
15 40 4
15 41 5
15 42 4
15 43 3
15 44 3
15 45 5
15 46 2
15 47 1
15 48 5
15 49 1
15 50 2
15 51 5
15 52 3
15 53 1
15 54 4
15 55 1
15 56 3
15 57 3
15 58 3
15 59 4
15 60 4
15 61 3
15 62 2
15 63 3
15 64 5
15 65 4
15 66 4
15 67 1
15 68 5
15 69 5
15 70 5
15 71 4
15 72 2
15 73 5
15 74 1
15 75 4
16 1 2
16 2 4
16 3 1
16 4 1
16 5 4
16 6 3
16 7 5
16 8 3
16 9 3
16 10 1
16 11 3
16 12 3
16 13 5
16 14 2
16 15 3
16 17 3
16 18 4
16 19 1
16 20 5
16 21 3
16 22 1
16 23 1
16 24 1
16 25 1
16 26 5
16 27 2
16 28 1
16 29 1
16 30 3
16 31 1
16 32 1
16 33 4
16 34 1
16 35 2
16 36 5
16 37 1
16 38 1
16 39 1
16 40 3
16 41 5
16 42 3
16 43 3
16 44 2
16 45 3
16 46 4
16 47 1
16 48 2
16 49 3
16 50 2
16 51 4
16 52 2
16 53 2
16 54 4
16 55 4
16 56 4
16 57 3
16 58 5
16 59 4
16 60 1
16 61 3
16 62 1
16 63 1
16 64 1
16 65 1
16 66 4
16 67 2
16 68 3
16 69 4
16 70 5
16 71 3
16 72 4
16 73 2
16 74 5
16 75 2
17 1 1
17 2 3
17 3 3
17 4 3
17 5 2
17 6 1
17 7 1
17 8 4
17 9 4
17 10 4
17 11 2
17 12 3
17 13 3
17 14 4
17 15 3
17 16 3
17 18 1
17 19 4
17 20 1
17 21 3
17 22 1
17 23 4
17 24 5
17 25 4
17 26 5
17 27 4
17 28 1
17 29 3
17 30 2
17 31 5
17 32 4
17 33 3
17 34 4
17 35 3
17 36 2
17 37 1
17 38 5
17 39 2
17 40 1
17 41 4
17 42 2
17 43 2
17 44 3
17 45 1
17 46 5
17 47 5
17 48 1
17 49 2
17 50 5
17 51 1
17 52 5
17 53 1
17 54 1
17 55 1
17 56 1
17 57 5
17 58 1
17 59 1
17 60 4
17 61 2
17 62 2
17 63 3
17 64 1
17 65 2
17 66 2
17 67 2
17 68 2
17 69 2
17 70 5
17 71 2
17 72 2
17 73 3
17 74 1
17 75 4
18 1 4
18 2 2
18 3 5
18 4 4
18 5 4
18 6 5
18 7 1
18 8 5
18 9 5
18 10 1
18 11 5
18 12 2
18 13 3
18 14 2
18 15 2
18 16 1
18 17 5
18 19 5
18 20 5
18 21 1
18 22 1
18 23 4
18 24 2
18 25 5
18 26 5
18 27 4
18 28 1
18 29 3
18 30 1
18 31 1
18 32 1
18 33 4
18 34 5
18 35 2
18 36 4
18 37 3
18 38 1
18 39 4
18 40 2
18 41 2
18 42 2
18 43 3
18 44 3
18 45 1
18 46 4
18 47 1
18 48 1
18 49 5
18 50 2
18 51 3
18 52 5
18 53 5
18 54 1
18 55 4
18 56 4
18 57 2
18 58 2
18 59 4
18 60 4
18 61 2
18 62 2
18 63 1
18 64 3
18 65 1
18 66 2
18 67 1
18 68 5
18 69 5
18 70 2
18 71 3
18 72 3
18 73 3
18 74 5
18 75 3
19 1 5
19 2 5
19 3 5
19 4 2
19 5 4
19 6 2
19 7 4
19 8 1
19 9 3
19 10 1
19 11 4
19 12 1
19 13 2
19 14 5
19 15 1
19 16 2
19 17 1
19 18 4
19 20 2
19 21 3
19 22 4
19 23 4
19 24 1
19 25 5
19 26 5
19 27 2
19 28 2
19 29 2
19 30 1
19 31 3
19 32 4
19 33 5
19 34 2
19 35 1
19 36 1
19 37 3
19 38 4
19 39 2
19 40 3
19 41 1
19 42 4
19 43 3
19 44 1
19 45 1
19 46 2
19 47 1
19 48 2
19 49 4
19 50 5
19 51 4
19 52 4
19 53 5
19 54 4
19 55 4
19 56 5
19 57 3
19 58 2
19 59 1
19 60 1
19 61 2
19 62 4
19 63 2
19 64 1
19 65 2
19 66 2
19 67 3
19 68 1
19 69 5
19 70 1
19 71 5
19 72 5
19 73 5
19 74 2
19 75 2
20 1 2
20 2 5
20 3 4
20 4 3
20 5 4
20 6 3
20 7 3
20 8 4
20 9 5
20 10 3
20 11 2
20 12 1
20 13 2
20 14 3
20 15 1
20 16 3
20 17 1
20 18 1
20 19 1
20 21 3
20 22 5
20 23 2
20 24 2
20 25 2
20 26 3
20 27 3
20 28 2
20 29 4
20 30 4
20 31 5
20 32 2
20 33 5
20 34 5
20 35 5
20 36 4
20 37 5
20 38 5
20 39 4
20 40 3
20 41 4
20 42 1
20 43 1
20 44 4
20 45 3
20 46 5
20 47 1
20 48 2
20 49 5
20 50 4
20 51 4
20 52 2
20 53 5
20 54 2
20 55 5
20 56 1
20 57 4
20 58 2
20 59 4
20 60 4
20 61 5
20 62 4
20 63 5
20 64 1
20 65 5
20 66 1
20 67 5
20 68 4
20 69 5
20 70 3
20 71 1
20 72 5
20 73 5
20 74 3
20 75 3
21 1 4
21 2 2
21 3 1
21 4 5
21 5 3
21 6 1
21 7 3
21 8 1
21 9 5
21 10 1
21 11 5
21 12 2
21 13 4
21 14 2
21 15 3
21 16 4
21 17 3
21 18 1
21 19 5
21 20 4
21 22 2
21 23 1
21 24 5
21 25 5
21 26 5
21 27 2
21 28 2
21 29 5
21 30 1
21 31 4
21 32 4
21 33 5
21 34 2
21 35 1
21 36 1
21 37 4
21 38 3
21 39 1
21 40 4
21 41 4
21 42 1
21 43 5
21 44 1
21 45 2
21 46 1
21 47 3
21 48 5
21 49 1
21 50 5
21 51 2
21 52 1
21 53 1
21 54 2
21 55 5
21 56 2
21 57 3
21 58 3
21 59 3
21 60 4
21 61 3
21 62 3
21 63 5
21 64 4
21 65 4
21 66 5
21 67 5
21 68 4
21 69 3
21 70 2
21 71 4
21 72 3
21 73 2
21 74 3
21 75 3
22 1 5
22 2 4
22 3 2
22 4 5
22 5 1
22 6 3
22 7 1
22 8 1
22 9 5
22 10 4
22 11 2
22 12 1
22 13 1
22 14 4
22 15 5
22 16 5
22 17 1
22 18 2
22 19 4
22 20 2
22 21 2
22 23 5
22 24 1
22 25 5
22 26 4
22 27 4
22 28 3
22 29 2
22 30 2
22 31 1
22 32 1
22 33 2
22 34 1
22 35 5
22 36 1
22 37 3
22 38 2
22 39 3
22 40 3
22 41 4
22 42 3
22 43 4
22 44 4
22 45 3
22 46 2
22 47 1
22 48 4
22 49 4
22 50 2
22 51 4
22 52 5
22 53 1
22 54 4
22 55 2
22 56 5
22 57 4
22 58 2
22 59 5
22 60 5
22 61 4
22 62 2
22 63 1
22 64 5
22 65 4
22 66 5
22 67 2
22 68 1
22 69 3
22 70 1
22 71 5
22 72 1
22 73 3
22 74 5
22 75 2
23 1 2
23 2 3
23 3 2
23 4 1
23 5 1
23 6 5
23 7 1
23 8 3
23 9 5
23 10 1
23 11 1
23 12 2
23 13 5
23 14 3
23 15 3
23 16 4
23 17 1
23 18 4
23 19 1
23 20 5
23 21 4
23 22 5
23 24 1
23 25 4
23 26 3
23 27 1
23 28 5
23 29 5
23 30 5
23 31 4
23 32 1
23 33 1
23 34 1
23 35 2
23 36 3
23 37 3
23 38 4
23 39 1
23 40 2
23 41 3
23 42 1
23 43 3
23 44 1
23 45 5
23 46 2
23 47 3
23 48 4
23 49 4
23 50 3
23 51 4
23 52 3
23 53 1
23 54 1
23 55 5
23 56 1
23 57 5
23 58 2
23 59 2
23 60 4
23 61 1
23 62 5
23 63 5
23 64 3
23 65 2
23 66 3
23 67 3
23 68 2
23 69 1
23 70 3
23 71 3
23 72 1
23 73 3
23 74 2
23 75 1
24 1 3
24 2 5
24 3 1
24 4 3
24 5 3
24 6 3
24 7 3
24 8 5
24 9 1
24 10 3
24 11 1
24 12 3
24 13 2
24 14 2
24 15 5
24 16 3
24 17 4
24 18 1
24 19 4
24 20 4
24 21 3
24 22 1
24 23 1
24 25 4
24 26 4
24 27 3
24 28 3
24 29 4
24 30 5
24 31 2
24 32 4
24 33 4
24 34 1
24 35 4
24 36 1
24 37 4
24 38 4
24 39 4
24 40 5
24 41 1
24 42 3
24 43 3
24 44 3
24 45 2
24 46 1
24 47 2
24 48 4
24 49 5
24 50 5
24 51 4
24 52 5
24 53 2
24 54 4
24 55 5
24 56 2
24 57 2
24 58 2
24 59 1
24 60 2
24 61 3
24 62 2
24 63 1
24 64 4
24 65 3
24 66 1
24 67 1
24 68 3
24 69 4
24 70 4
24 71 4
24 72 4
24 73 4
24 74 1
24 75 4
25 1 2
25 2 4
25 3 2
25 4 2
25 5 5
25 6 1
25 7 5
25 8 4
25 9 4
25 10 5
25 11 3
25 12 5
25 13 2
25 14 1
25 15 1
25 16 3
25 17 5
25 18 2
25 19 5
25 20 3
25 21 1
25 22 1
25 23 4
25 24 5
25 26 1
25 27 4
25 28 1
25 29 2
25 30 4
25 31 1
25 32 5
25 33 5
25 34 1
25 35 3
25 36 1
25 37 5
25 38 4
25 39 2
25 40 3
25 41 2
25 42 2
25 43 2
25 44 4
25 45 5
25 46 2
25 47 4
25 48 4
25 49 4
25 50 2
25 51 4
25 52 3
25 53 3
25 54 1
25 55 1
25 56 4
25 57 3
25 58 2
25 59 4
25 60 4
25 61 2
25 62 2
25 63 5
25 64 2
25 65 2
25 66 3
25 67 4
25 68 2
25 69 3
25 70 1
25 71 1
25 72 4
25 73 2
25 74 3
25 75 2
26 1 1
26 2 1
26 3 2
26 4 4
26 5 4
26 6 4
26 7 4
26 8 2
26 9 3
26 10 4
26 11 4
26 12 1
26 13 4
26 14 2
26 15 2
26 16 2
26 17 4
26 18 3
26 19 4
26 20 2
26 21 1
26 22 3
26 23 5
26 24 4
26 25 5
26 27 2
26 28 5
26 29 5
26 30 3
26 31 2
26 32 4
26 33 5
26 34 2
26 35 5
26 36 1
26 37 3
26 38 3
26 39 4
26 40 1
26 41 2
26 42 5
26 43 4
26 44 5
26 45 3
26 46 3
26 47 1
26 48 1
26 49 1
26 50 5
26 51 1
26 52 4
26 53 2
26 54 3
26 55 3
26 56 1
26 57 2
26 58 2
26 59 5
26 60 2
26 61 4
26 62 3
26 63 5
26 64 1
26 65 1
26 66 1
26 67 1
26 68 3
26 69 4
26 70 1
26 71 5
26 72 2
26 73 5
26 74 4
26 75 1
27 1 4
27 2 1
27 3 3
27 4 2
27 5 3
27 6 4
27 7 2
27 8 1
27 9 1
27 10 5
27 11 5
27 12 1
27 13 1
27 14 1
27 15 2
27 16 4
27 17 2
27 18 1
27 19 5
27 20 4
27 21 1
27 22 1
27 23 4
27 24 1
27 25 1
27 26 1
27 28 5
27 29 2
27 30 1
27 31 5
27 32 5
27 33 1
27 34 2
27 35 4
27 36 2
27 37 4
27 38 3
27 39 4
27 40 1
27 41 3
27 42 3
27 43 3
27 44 5
27 45 5
27 46 3
27 47 3
27 48 4
27 49 1
27 50 3
27 51 3
27 52 4
27 53 5
27 54 5
27 55 4
27 56 5
27 57 5
27 58 5
27 59 2
27 60 2
27 61 2
27 62 1
27 63 3
27 64 2
27 65 3
27 66 1
27 67 1
27 68 3
27 69 3
27 70 4
27 71 4
27 72 2
27 73 3
27 74 1
27 75 3
28 1 2
28 2 5
28 3 2
28 4 2
28 5 3
28 6 4
28 7 2
28 8 1
28 9 4
28 10 1
28 11 2
28 12 5
28 13 1
28 14 3
28 15 1
28 16 4
28 17 4
28 18 2
28 19 3
28 20 2
28 21 1
28 22 3
28 23 2
28 24 3
28 25 3
28 26 2
28 27 3
28 29 1
28 30 4
28 31 5
28 32 4
28 33 3
28 34 2
28 35 2
28 36 4
28 37 4
28 38 1
28 39 2
28 40 1
28 41 1
28 42 3
28 43 2
28 44 2
28 45 5
28 46 4
28 47 5
28 48 3
28 49 4
28 50 3
28 51 5
28 52 3
28 53 3
28 54 4
28 55 1
28 56 5
28 57 1
28 58 3
28 59 5
28 60 2
28 61 3
28 62 4
28 63 2
28 64 2
28 65 5
28 66 5
28 67 1
28 68 3
28 69 2
28 70 4
28 71 1
28 72 4
28 73 1
28 74 4
28 75 1
29 1 5
29 2 5
29 3 5
29 4 4
29 5 3
29 6 2
29 7 5
29 8 5
29 9 1
29 10 4
29 11 1
29 12 2
29 13 1
29 14 5
29 15 1
29 16 4
29 17 4
29 18 2
29 19 2
29 20 1
29 21 1
29 22 2
29 23 3
29 24 1
29 25 3
29 26 1
29 27 3
29 28 2
29 30 2
29 31 1
29 32 4
29 33 3
29 34 5
29 35 3
29 36 2
29 37 3
29 38 1
29 39 1
29 40 4
29 41 3
29 42 4
29 43 1
29 44 4
29 45 5
29 46 2
29 47 2
29 48 3
29 49 1
29 50 3
29 51 5
29 52 1
29 53 5
29 54 3
29 55 3
29 56 5
29 57 5
29 58 5
29 59 2
29 60 1
29 61 1
29 62 5
29 63 4
29 64 4
29 65 4
29 66 3
29 67 2
29 68 3
29 69 5
29 70 2
29 71 4
29 72 2
29 73 3
29 74 4
29 75 3
30 1 4
30 2 3
30 3 4
30 4 3
30 5 3
30 6 1
30 7 2
30 8 5
30 9 2
30 10 4
30 11 4
30 12 2
30 13 1
30 14 3
30 15 5
30 16 3
30 17 1
30 18 1
30 19 2
30 20 1
30 21 5
30 22 1
30 23 2
30 24 2
30 25 3
30 26 5
30 27 2
30 28 1
30 29 2
30 31 1
30 32 3
30 33 2
30 34 5
30 35 3
30 36 5
30 37 2
30 38 5
30 39 3
30 40 1
30 41 2
30 42 4
30 43 4
30 44 5
30 45 4
30 46 3
30 47 1
30 48 1
30 49 3
30 50 2
30 51 4
30 52 3
30 53 1
30 54 2
30 55 1
30 56 4
30 57 4
30 58 1
30 59 1
30 60 1
30 61 4
30 62 3
30 63 4
30 64 1
30 65 2
30 66 3
30 67 5
30 68 5
30 69 3
30 70 2
30 71 2
30 72 1
30 73 5
30 74 5
30 75 5
31 1 3
31 2 4
31 3 2
31 4 1
31 5 2
31 6 3
31 7 4
31 8 1
31 9 5
31 10 5
31 11 2
31 12 1
31 13 5
31 14 4
31 15 1
31 16 1
31 17 2
31 18 5
31 19 1
31 20 2
31 21 3
31 22 3
31 23 3
31 24 2
31 25 2
31 26 2
31 27 3
31 28 4
31 29 1
31 30 4
31 32 3
31 33 1
31 34 2
31 35 2
31 36 1
31 37 5
31 38 4
31 39 1
31 40 1
31 41 1
31 42 3
31 43 4
31 44 1
31 45 4
31 46 2
31 47 3
31 48 4
31 49 3
31 50 2
31 51 1
31 52 2
31 53 1
31 54 4
31 55 1
31 56 2
31 57 2
31 58 2
31 59 1
31 60 1
31 61 3
31 62 1
31 63 5
31 64 5
31 65 2
31 66 1
31 67 2
31 68 4
31 69 2
31 70 2
31 71 4
31 72 2
31 73 1
31 74 4
31 75 2
32 1 5
32 2 5
32 3 4
32 4 5
32 5 4
32 6 2
32 7 1
32 8 5
32 9 2
32 10 1
32 11 3
32 12 5
32 13 4
32 14 4
32 15 5
32 16 4
32 17 3
32 18 2
32 19 1
32 20 2
32 21 5
32 22 3
32 23 3
32 24 3
32 25 1
32 26 2
32 27 3
32 28 2
32 29 2
32 30 1
32 31 5
32 33 3
32 34 5
32 35 5
32 36 3
32 37 4
32 38 1
32 39 5
32 40 5
32 41 4
32 42 5
32 43 2
32 44 3
32 45 3
32 46 3
32 47 4
32 48 4
32 49 5
32 50 5
32 51 1
32 52 2
32 53 5
32 54 3
32 55 1
32 56 4
32 57 1
32 58 2
32 59 2
32 60 2
32 61 1
32 62 2
32 63 4
32 64 5
32 65 4
32 66 3
32 67 4
32 68 2
32 69 1
32 70 3
32 71 3
32 72 4
32 73 4
32 74 5
32 75 4
33 1 4
33 2 4
33 3 4
33 4 2
33 5 3
33 6 1
33 7 4
33 8 4
33 9 2
33 10 3
33 11 2
33 12 5
33 13 3
33 14 3
33 15 3
33 16 5
33 17 5
33 18 5
33 19 5
33 20 5
33 21 3
33 22 2
33 23 5
33 24 1
33 25 4
33 26 3
33 27 3
33 28 5
33 29 1
33 30 4
33 31 5
33 32 4
33 34 2
33 35 3
33 36 2
33 37 5
33 38 5
33 39 5
33 40 5
33 41 1
33 42 3
33 43 1
33 44 3
33 45 5
33 46 1
33 47 5
33 48 1
33 49 2
33 50 1
33 51 5
33 52 3
33 53 3
33 54 4
33 55 3
33 56 5
33 57 4
33 58 5
33 59 3
33 60 3
33 61 2
33 62 3
33 63 2
33 64 1
33 65 2
33 66 2
33 67 4
33 68 1
33 69 1
33 70 4
33 71 2
33 72 2
33 73 3
33 74 5
33 75 1
34 1 4
34 2 5
34 3 5
34 4 2
34 5 1
34 6 1
34 7 3
34 8 4
34 9 5
34 10 1
34 11 1
34 12 5
34 13 5
34 14 2
34 15 4
34 16 4
34 17 3
34 18 3
34 19 1
34 20 5
34 21 4
34 22 4
34 23 4
34 24 1
34 25 4
34 26 4
34 27 3
34 28 2
34 29 1
34 30 2
34 31 2
34 32 4
34 33 1
34 35 2
34 36 5
34 37 3
34 38 4
34 39 3
34 40 3
34 41 5
34 42 5
34 43 3
34 44 1
34 45 1
34 46 1
34 47 4
34 48 2
34 49 4
34 50 4
34 51 4
34 52 3
34 53 2
34 54 2
34 55 1
34 56 3
34 57 5
34 58 4
34 59 2
34 60 2
34 61 1
34 62 3
34 63 5
34 64 2
34 65 5
34 66 3
34 67 3
34 68 2
34 69 3
34 70 2
34 71 2
34 72 3
34 73 4
34 74 4
34 75 3
35 1 4
35 2 5
35 3 4
35 4 5
35 5 5
35 6 2
35 7 5
35 8 2
35 9 5
35 10 1
35 11 5
35 12 2
35 13 1
35 14 5
35 15 3
35 16 4
35 17 3
35 18 2
35 19 5
35 20 4
35 21 1
35 22 3
35 23 1
35 24 5
35 25 5
35 26 3
35 27 1
35 28 4
35 29 3
35 30 1
35 31 2
35 32 1
35 33 2
35 34 2
35 36 3
35 37 3
35 38 5
35 39 2
35 40 2
35 41 4
35 42 5
35 43 1
35 44 3
35 45 5
35 46 2
35 47 2
35 48 5
35 49 4
35 50 1
35 51 1
35 52 2
35 53 1
35 54 3
35 55 5
35 56 2
35 57 5
35 58 4
35 59 4
35 60 3
35 61 1
35 62 2
35 63 1
35 64 3
35 65 5
35 66 4
35 67 5
35 68 3
35 69 5
35 70 4
35 71 4
35 72 4
35 73 3
35 74 1
35 75 3
36 1 4
36 2 2
36 3 1
36 4 5
36 5 1
36 6 1
36 7 5
36 8 4
36 9 4
36 10 5
36 11 3
36 12 5
36 13 1
36 14 3
36 15 1
36 16 3
36 17 3
36 18 2
36 19 1
36 20 1
36 21 3
36 22 1
36 23 2
36 24 5
36 25 1
36 26 2
36 27 5
36 28 1
36 29 4
36 30 5
36 31 3
36 32 4
36 33 4
36 34 5
36 35 5
36 37 4
36 38 1
36 39 5
36 40 4
36 41 1
36 42 1
36 43 4
36 44 2
36 45 1
36 46 1
36 47 2
36 48 5
36 49 1
36 50 5
36 51 2
36 52 1
36 53 3
36 54 3
36 55 4
36 56 4
36 57 3
36 58 1
36 59 4
36 60 3
36 61 1
36 62 5
36 63 2
36 64 5
36 65 3
36 66 3
36 67 1
36 68 3
36 69 5
36 70 5
36 71 2
36 72 5
36 73 2
36 74 2
36 75 2
37 1 2
37 2 2
37 3 3
37 4 4
37 5 4
37 6 5
37 7 5
37 8 4
37 9 4
37 10 2
37 11 5
37 12 2
37 13 1
37 14 5
37 15 2
37 16 5
37 17 2
37 18 2
37 19 3
37 20 3
37 21 4
37 22 1
37 23 4
37 24 2
37 25 5
37 26 5
37 27 5
37 28 5
37 29 2
37 30 1
37 31 1
37 32 5
37 33 4
37 34 5
37 35 3
37 36 3
37 38 4
37 39 5
37 40 3
37 41 2
37 42 3
37 43 2
37 44 1
37 45 4
37 46 3
37 47 2
37 48 3
37 49 5
37 50 5
37 51 1
37 52 4
37 53 4
37 54 3
37 55 2
37 56 2
37 57 2
37 58 4
37 59 1
37 60 1
37 61 5
37 62 1
37 63 3
37 64 1
37 65 4
37 66 3
37 67 1
37 68 3
37 69 1
37 70 5
37 71 1
37 72 5
37 73 2
37 74 2
37 75 5
38 1 2
38 2 5
38 3 3
38 4 2
38 5 1
38 6 3
38 7 2
38 8 4
38 9 1
38 10 4
38 11 3
38 12 4
38 13 2
38 14 1
38 15 4
38 16 3
38 17 2
38 18 1
38 19 5
38 20 2
38 21 1
38 22 2
38 23 2
38 24 4
38 25 5
38 26 3
38 27 4
38 28 1
38 29 2
38 30 2
38 31 5
38 32 3
38 33 3
38 34 4
38 35 4
38 36 3
38 37 1
38 39 2
38 40 4
38 41 3
38 42 2
38 43 1
38 44 1
38 45 4
38 46 3
38 47 1
38 48 1
38 49 4
38 50 1
38 51 2
38 52 2
38 53 4
38 54 1
38 55 1
38 56 4
38 57 2
38 58 5
38 59 4
38 60 2
38 61 1
38 62 5
38 63 1
38 64 4
38 65 3
38 66 4
38 67 4
38 68 2
38 69 2
38 70 1
38 71 5
38 72 4
38 73 2
38 74 2
38 75 2
39 1 2
39 2 1
39 3 2
39 4 4
39 5 1
39 6 5
39 7 1
39 8 3
39 9 3
39 10 3
39 11 5
39 12 1
39 13 4
39 14 4
39 15 4
39 16 5
39 17 5
39 18 5
39 19 2
39 20 5
39 21 2
39 22 2
39 23 3
39 24 1
39 25 3
39 26 5
39 27 2
39 28 4
39 29 4
39 30 4
39 31 5
39 32 5
39 33 1
39 34 1
39 35 4
39 36 2
39 37 2
39 38 1
39 40 4
39 41 4
39 42 3
39 43 5
39 44 1
39 45 1
39 46 3
39 47 1
39 48 5
39 49 4
39 50 1
39 51 3
39 52 3
39 53 4
39 54 4
39 55 3
39 56 4
39 57 4
39 58 2
39 59 1
39 60 4
39 61 5
39 62 1
39 63 3
39 64 2
39 65 1
39 66 5
39 67 5
39 68 2
39 69 2
39 70 5
39 71 2
39 72 2
39 73 2
39 74 3
39 75 5
40 1 4
40 2 1
40 3 5
40 4 5
40 5 4
40 6 2
40 7 2
40 8 4
40 9 1
40 10 2
40 11 1
40 12 1
40 13 2
40 14 4
40 15 3
40 16 5
40 17 1
40 18 3
40 19 2
40 20 2
40 21 1
40 22 4
40 23 3
40 24 4
40 25 2
40 26 2
40 27 3
40 28 3
40 29 5
40 30 5
40 31 2
40 32 3
40 33 2
40 34 2
40 35 4
40 36 3
40 37 5
40 38 5
40 39 1
40 41 5
40 42 3
40 43 3
40 44 3
40 45 5
40 46 1
40 47 5
40 48 4
40 49 3
40 50 5
40 51 3
40 52 4
40 53 2
40 54 1
40 55 1
40 56 5
40 57 2
40 58 4
40 59 4
40 60 1
40 61 5
40 62 1
40 63 3
40 64 4
40 65 2
40 66 1
40 67 2
40 68 4
40 69 2
40 70 3
40 71 1
40 72 2
40 73 1
40 74 3
40 75 1
41 1 2
41 2 1
41 3 2
41 4 5
41 5 3
41 6 1
41 7 4
41 8 2
41 9 4
41 10 1
41 11 4
41 12 1
41 13 4
41 14 5
41 15 4
41 16 5
41 17 4
41 18 4
41 19 4
41 20 5
41 21 3
41 22 1
41 23 3
41 24 1
41 25 2
41 26 1
41 27 2
41 28 5
41 29 3
41 30 1
41 31 2
41 32 4
41 33 1
41 34 4
41 35 5
41 36 4
41 37 4
41 38 4
41 39 2
41 40 3
41 42 4
41 43 5
41 44 3
41 45 5
41 46 1
41 47 3
41 48 4
41 49 2
41 50 4
41 51 4
41 52 1
41 53 1
41 54 4
41 55 3
41 56 3
41 57 2
41 58 3
41 59 1
41 60 4
41 61 2
41 62 2
41 63 5
41 64 5
41 65 2
41 66 3
41 67 5
41 68 2
41 69 4
41 70 5
41 71 3
41 72 3
41 73 5
41 74 5
41 75 2
42 1 4
42 2 5
42 3 4
42 4 4
42 5 1
42 6 4
42 7 2
42 8 1
42 9 4
42 10 2
42 11 1
42 12 4
42 13 4
42 14 5
42 15 4
42 16 2
42 17 2
42 18 2
42 19 3
42 20 3
42 21 1
42 22 1
42 23 4
42 24 2
42 25 4
42 26 3
42 27 5
42 28 1
42 29 5
42 30 1
42 31 4
42 32 3
42 33 5
42 34 2
42 35 2
42 36 1
42 37 1
42 38 3
42 39 3
42 40 1
42 41 2
42 43 5
42 44 1
42 45 5
42 46 5
42 47 5
42 48 3
42 49 3
42 50 3
42 51 5
42 52 5
42 53 3
42 54 2
42 55 4
42 56 2
42 57 2
42 58 3
42 59 3
42 60 4
42 61 2
42 62 3
42 63 2
42 64 5
42 65 2
42 66 1
42 67 3
42 68 4
42 69 3
42 70 2
42 71 4
42 72 3
42 73 3
42 74 3
42 75 4
43 1 4
43 2 4
43 3 5
43 4 1
43 5 1
43 6 4
43 7 3
43 8 3
43 9 2
43 10 1
43 11 1
43 12 5
43 13 3
43 14 5
43 15 2
43 16 3
43 17 2
43 18 4
43 19 5
43 20 3
43 21 2
43 22 5
43 23 5
43 24 3
43 25 2
43 26 1
43 27 3
43 28 1
43 29 1
43 30 5
43 31 1
43 32 4
43 33 1
43 34 2
43 35 2
43 36 3
43 37 1
43 38 1
43 39 5
43 40 4
43 41 1
43 42 2
43 44 3
43 45 5
43 46 2
43 47 1
43 48 3
43 49 3
43 50 4
43 51 2
43 52 2
43 53 2
43 54 3
43 55 1
43 56 1
43 57 4
43 58 3
43 59 3
43 60 1
43 61 3
43 62 5
43 63 2
43 64 4
43 65 5
43 66 3
43 67 5
43 68 2
43 69 3
43 70 5
43 71 2
43 72 1
43 73 2
43 74 3
43 75 5
44 1 4
44 2 4
44 3 5
44 4 1
44 5 3
44 6 5
44 7 4
44 8 4
44 9 4
44 10 3
44 11 1
44 12 4
44 13 3
44 14 1
44 15 2
44 16 3
44 17 3
44 18 1
44 19 4
44 20 3
44 21 5
44 22 2
44 23 2
44 24 3
44 25 1
44 26 3
44 27 1
44 28 4
44 29 2
44 30 1
44 31 5
44 32 5
44 33 1
44 34 5
44 35 2
44 36 4
44 37 1
44 38 2
44 39 4
44 40 4
44 41 4
44 42 5
44 43 3
44 45 1
44 46 5
44 47 1
44 48 3
44 49 4
44 50 1
44 51 4
44 52 4
44 53 2
44 54 2
44 55 5
44 56 4
44 57 2
44 58 5
44 59 5
44 60 2
44 61 3
44 62 5
44 63 2
44 64 2
44 65 5
44 66 3
44 67 5
44 68 5
44 69 3
44 70 1
44 71 4
44 72 4
44 73 4
44 74 5
44 75 1
45 1 1
45 2 1
45 3 3
45 4 5
45 5 1
45 6 3
45 7 3
45 8 4
45 9 1
45 10 4
45 11 1
45 12 4
45 13 3
45 14 5
45 15 5
45 16 4
45 17 2
45 18 1
45 19 2
45 20 5
45 21 3
45 22 4
45 23 4
45 24 4
45 25 2
45 26 4
45 27 4
45 28 2
45 29 4
45 30 3
45 31 4
45 32 1
45 33 5
45 34 1
45 35 5
45 36 1
45 37 5
45 38 5
45 39 4
45 40 5
45 41 5
45 42 4
45 43 3
45 44 2
45 46 5
45 47 5
45 48 3
45 49 3
45 50 2
45 51 4
45 52 2
45 53 4
45 54 5
45 55 2
45 56 3
45 57 3
45 58 2
45 59 3
45 60 4
45 61 2
45 62 1
45 63 2
45 64 2
45 65 2
45 66 2
45 67 4
45 68 2
45 69 1
45 70 3
45 71 3
45 72 5
45 73 2
45 74 3
45 75 4
46 1 1
46 2 3
46 3 5
46 4 3
46 5 5
46 6 2
46 7 3
46 8 4
46 9 2
46 10 4
46 11 5
46 12 1
46 13 1
46 14 2
46 15 4
46 16 4
46 17 3
46 18 1
46 19 2
46 20 2
46 21 2
46 22 5
46 23 5
46 24 1
46 25 5
46 26 2
46 27 3
46 28 1
46 29 5
46 30 5
46 31 2
46 32 5
46 33 4
46 34 3
46 35 4
46 36 4
46 37 4
46 38 4
46 39 4
46 40 3
46 41 2
46 42 3
46 43 3
46 44 3
46 45 1
46 47 1
46 48 3
46 49 1
46 50 3
46 51 5
46 52 2
46 53 5
46 54 1
46 55 1
46 56 5
46 57 3
46 58 4
46 59 4
46 60 3
46 61 5
46 62 3
46 63 1
46 64 2
46 65 2
46 66 4
46 67 5
46 68 2
46 69 4
46 70 5
46 71 5
46 72 1
46 73 2
46 74 4
46 75 1
47 1 1
47 2 5
47 3 3
47 4 5
47 5 5
47 6 1
47 7 1
47 8 1
47 9 2
47 10 2
47 11 3
47 12 1
47 13 4
47 14 3
47 15 4
47 16 3
47 17 2
47 18 3
47 19 1
47 20 3
47 21 1
47 22 1
47 23 5
47 24 2
47 25 4
47 26 4
47 27 1
47 28 2
47 29 2
47 30 2
47 31 4
47 32 4
47 33 1
47 34 1
47 35 4
47 36 2
47 37 1
47 38 1
47 39 2
47 40 2
47 41 2
47 42 1
47 43 4
47 44 2
47 45 3
47 46 4
47 48 5
47 49 4
47 50 2
47 51 5
47 52 4
47 53 2
47 54 5
47 55 3
47 56 1
47 57 5
47 58 3
47 59 3
47 60 3
47 61 5
47 62 4
47 63 1
47 64 3
47 65 1
47 66 2
47 67 3
47 68 2
47 69 4
47 70 4
47 71 5
47 72 3
47 73 2
47 74 5
47 75 3
48 1 4
48 2 4
48 3 2
48 4 3
48 5 5
48 6 5
48 7 4
48 8 3
48 9 3
48 10 5
48 11 2
48 12 3
48 13 4
48 14 4
48 15 1
48 16 2
48 17 3
48 18 1
48 19 4
48 20 3
48 21 2
48 22 2
48 23 2
48 24 3
48 25 3
48 26 5
48 27 3
48 28 5
48 29 4
48 30 4
48 31 4
48 32 2
48 33 3
48 34 2
48 35 1
48 36 2
48 37 1
48 38 1
48 39 1
48 40 4
48 41 5
48 42 2
48 43 3
48 44 5
48 45 5
48 46 5
48 47 3
48 49 5
48 50 1
48 51 2
48 52 4
48 53 4
48 54 3
48 55 5
48 56 1
48 57 2
48 58 2
48 59 5
48 60 3
48 61 5
48 62 4
48 63 2
48 64 3
48 65 1
48 66 3
48 67 5
48 68 4
48 69 1
48 70 5
48 71 4
48 72 4
48 73 4
48 74 2
48 75 3
49 1 3
49 2 3
49 3 3
49 4 1
49 5 2
49 6 5
49 7 4
49 8 5
49 9 3
49 10 3
49 11 2
49 12 5
49 13 5
49 14 5
49 15 5
49 16 2
49 17 4
49 18 3
49 19 3
49 20 3
49 21 5
49 22 3
49 23 2
49 24 3
49 25 3
49 26 1
49 27 3
49 28 3
49 29 1
49 30 1
49 31 5
49 32 5
49 33 3
49 34 4
49 35 2
49 36 2
49 37 5
49 38 5
49 39 3
49 40 4
49 41 3
49 42 4
49 43 4
49 44 4
49 45 3
49 46 3
49 47 5
49 48 3
49 50 2
49 51 5
49 52 5
49 53 1
49 54 2
49 55 3
49 56 5
49 57 1
49 58 5
49 59 4
49 60 3
49 61 2
49 62 4
49 63 4
49 64 2
49 65 3
49 66 5
49 67 5
49 68 4
49 69 1
49 70 5
49 71 2
49 72 5
49 73 4
49 74 2
49 75 3
50 1 2
50 2 5
50 3 2
50 4 3
50 5 4
50 6 5
50 7 4
50 8 1
50 9 5
50 10 2
50 11 3
50 12 1
50 13 2
50 14 5
50 15 1
50 16 1
50 17 1
50 18 1
50 19 2
50 20 4
50 21 3
50 22 1
50 23 4
50 24 2
50 25 3
50 26 3
50 27 5
50 28 2
50 29 3
50 30 1
50 31 1
50 32 1
50 33 2
50 34 4
50 35 5
50 36 1
50 37 3
50 38 4
50 39 3
50 40 4
50 41 5
50 42 2
50 43 4
50 44 2
50 45 1
50 46 4
50 47 4
50 48 4
50 49 1
50 51 5
50 52 2
50 53 4
50 54 2
50 55 5
50 56 2
50 57 5
50 58 4
50 59 3
50 60 1
50 61 3
50 62 3
50 63 4
50 64 3
50 65 2
50 66 2
50 67 3
50 68 4
50 69 5
50 70 1
50 71 1
50 72 3
50 73 2
50 74 2
50 75 4
51 1 3
51 2 5
51 3 2
51 4 4
51 5 3
51 6 5
51 7 3
51 8 4
51 9 3
51 10 5
51 11 1
51 12 1
51 13 4
51 14 4
51 15 3
51 16 1
51 17 2
51 18 2
51 19 4
51 20 1
51 21 3
51 22 1
51 23 5
51 24 1
51 25 5
51 26 5
51 27 3
51 28 4
51 29 4
51 30 2
51 31 2
51 32 3
51 33 1
51 34 1
51 35 1
51 36 3
51 37 5
51 38 4
51 39 3
51 40 4
51 41 3
51 42 3
51 43 4
51 44 3
51 45 2
51 46 1
51 47 3
51 48 5
51 49 2
51 50 2
51 52 5
51 53 2
51 54 2
51 55 2
51 56 4
51 57 3
51 58 3
51 59 2
51 60 1
51 61 1
51 62 3
51 63 5
51 64 4
51 65 5
51 66 5
51 67 4
51 68 2
51 69 4
51 70 2
51 71 4
51 72 2
51 73 1
51 74 4
51 75 2
52 1 3
52 2 5
52 3 2
52 4 3
52 5 1
52 6 5
52 7 4
52 8 2
52 9 1
52 10 2
52 11 3
52 12 5
52 13 1
52 14 1
52 15 3
52 16 1
52 17 1
52 18 2
52 19 5
52 20 4
52 21 1
52 22 1
52 23 5
52 24 2
52 25 4
52 26 3
52 27 2
52 28 2
52 29 4
52 30 5
52 31 3
52 32 3
52 33 1
52 34 1
52 35 2
52 36 3
52 37 1
52 38 5
52 39 5
52 40 3
52 41 3
52 42 4
52 43 4
52 44 3
52 45 4
52 46 3
52 47 1
52 48 2
52 49 4
52 50 2
52 51 2
52 53 4
52 54 3
52 55 1
52 56 2
52 57 3
52 58 4
52 59 1
52 60 5
52 61 4
52 62 2
52 63 4
52 64 3
52 65 3
52 66 2
52 67 5
52 68 2
52 69 4
52 70 1
52 71 1
52 72 1
52 73 1
52 74 5
52 75 2
53 1 3
53 2 5
53 3 4
53 4 5
53 5 1
53 6 3
53 7 2
53 8 5
53 9 3
53 10 4
53 11 5
53 12 5
53 13 3
53 14 5
53 15 5
53 16 4
53 17 5
53 18 1
53 19 3
53 20 5
53 21 5
53 22 4
53 23 1
53 24 2
53 25 2
53 26 1
53 27 4
53 28 4
53 29 3
53 30 5
53 31 2
53 32 1
53 33 2
53 34 3
53 35 2
53 36 2
53 37 2
53 38 3
53 39 3
53 40 4
53 41 3
53 42 3
53 43 5
53 44 1
53 45 4
53 46 1
53 47 4
53 48 1
53 49 4
53 50 3
53 51 5
53 52 3
53 54 3
53 55 5
53 56 1
53 57 1
53 58 2
53 59 2
53 60 5
53 61 2
53 62 1
53 63 3
53 64 4
53 65 2
53 66 5
53 67 5
53 68 1
53 69 1
53 70 3
53 71 3
53 72 2
53 73 2
53 74 2
53 75 1
54 1 2
54 2 3
54 3 4
54 4 3
54 5 5
54 6 2
54 7 5
54 8 4
54 9 4
54 10 3
54 11 5
54 12 2
54 13 3
54 14 3
54 15 3
54 16 4
54 17 4
54 18 5
54 19 2
54 20 2
54 21 4
54 22 3
54 23 2
54 24 4
54 25 1
54 26 1
54 27 3
54 28 4
54 29 2
54 30 2
54 31 1
54 32 1
54 33 1
54 34 4
54 35 3
54 36 5
54 37 5
54 38 2
54 39 5
54 40 4
54 41 4
54 42 4
54 43 2
54 44 4
54 45 3
54 46 1
54 47 2
54 48 2
54 49 5
54 50 5
54 51 5
54 52 3
54 53 5
54 55 3
54 56 3
54 57 2
54 58 5
54 59 3
54 60 5
54 61 2
54 62 4
54 63 5
54 64 2
54 65 1
54 66 4
54 67 4
54 68 5
54 69 3
54 70 2
54 71 4
54 72 3
54 73 3
54 74 4
54 75 1
55 1 1
55 2 1
55 3 1
55 4 4
55 5 4
55 6 1
55 7 1
55 8 1
55 9 5
55 10 2
55 11 3
55 12 5
55 13 3
55 14 3
55 15 2
55 16 4
55 17 1
55 18 2
55 19 5
55 20 2
55 21 2
55 22 3
55 23 2
55 24 1
55 25 3
55 26 5
55 27 1
55 28 2
55 29 2
55 30 4
55 31 3
55 32 4
55 33 4
55 34 3
55 35 5
55 36 5
55 37 5
55 38 2
55 39 5
55 40 2
55 41 3
55 42 2
55 43 1
55 44 2
55 45 1
55 46 2
55 47 2
55 48 1
55 49 5
55 50 1
55 51 4
55 52 1
55 53 1
55 54 2
55 56 3
55 57 3
55 58 2
55 59 5
55 60 1
55 61 5
55 62 3
55 63 3
55 64 1
55 65 3
55 66 3
55 67 5
55 68 2
55 69 4
55 70 3
55 71 1
55 72 5
55 73 5
55 74 5
55 75 5
56 1 3
56 2 5
56 3 3
56 4 1
56 5 3
56 6 2
56 7 1
56 8 1
56 9 4
56 10 1
56 11 5
56 12 3
56 13 5
56 14 1
56 15 2
56 16 1
56 17 2
56 18 4
56 19 5
56 20 2
56 21 4
56 22 2
56 23 3
56 24 5
56 25 1
56 26 5
56 27 3
56 28 2
56 29 1
56 30 2
56 31 4
56 32 5
56 33 3
56 34 1
56 35 5
56 36 5
56 37 5
56 38 1
56 39 3
56 40 5
56 41 3
56 42 2
56 43 3
56 44 5
56 45 4
56 46 1
56 47 5
56 48 5
56 49 2
56 50 1
56 51 4
56 52 5
56 53 3
56 54 1
56 55 4
56 57 5
56 58 3
56 59 3
56 60 1
56 61 3
56 62 4
56 63 1
56 64 3
56 65 4
56 66 2
56 67 4
56 68 3
56 69 3
56 70 1
56 71 2
56 72 2
56 73 4
56 74 3
56 75 1
57 1 5
57 2 1
57 3 4
57 4 4
57 5 3
57 6 5
57 7 4
57 8 3
57 9 4
57 10 3
57 11 3
57 12 4
57 13 4
57 14 2
57 15 2
57 16 2
57 17 5
57 18 5
57 19 2
57 20 4
57 21 3
57 22 5
57 23 2
57 24 3
57 25 2
57 26 3
57 27 4
57 28 1
57 29 3
57 30 4
57 31 3
57 32 2
57 33 1
57 34 1
57 35 2
57 36 3
57 37 5
57 38 2
57 39 5
57 40 3
57 41 2
57 42 5
57 43 2
57 44 5
57 45 1
57 46 3
57 47 1
57 48 2
57 49 4
57 50 3
57 51 5
57 52 4
57 53 2
57 54 4
57 55 3
57 56 1
57 58 1
57 59 3
57 60 1
57 61 3
57 62 1
57 63 5
57 64 1
57 65 2
57 66 1
57 67 2
57 68 1
57 69 2
57 70 3
57 71 1
57 72 5
57 73 4
57 74 2
57 75 3
58 1 1
58 2 4
58 3 2
58 4 1
58 5 1
58 6 2
58 7 5
58 8 2
58 9 2
58 10 2
58 11 5
58 12 4
58 13 4
58 14 5
58 15 2
58 16 4
58 17 4
58 18 4
58 19 5
58 20 4
58 21 5
58 22 5
58 23 2
58 24 1
58 25 2
58 26 2
58 27 3
58 28 3
58 29 2
58 30 1
58 31 2
58 32 2
58 33 4
58 34 5
58 35 5
58 36 1
58 37 1
58 38 4
58 39 3
58 40 5
58 41 2
58 42 2
58 43 3
58 44 5
58 45 2
58 46 1
58 47 5
58 48 2
58 49 5
58 50 2
58 51 3
58 52 1
58 53 1
58 54 4
58 55 3
58 56 4
58 57 2
58 59 2
58 60 3
58 61 4
58 62 2
58 63 1
58 64 2
58 65 3
58 66 5
58 67 1
58 68 3
58 69 3
58 70 2
58 71 5
58 72 2
58 73 3
58 74 4
58 75 1
59 1 5
59 2 2
59 3 4
59 4 1
59 5 3
59 6 3
59 7 2
59 8 5
59 9 5
59 10 5
59 11 1
59 12 3
59 13 5
59 14 2
59 15 1
59 16 3
59 17 2
59 18 5
59 19 5
59 20 4
59 21 2
59 22 2
59 23 1
59 24 1
59 25 4
59 26 2
59 27 3
59 28 2
59 29 2
59 30 1
59 31 4
59 32 1
59 33 2
59 34 2
59 35 3
59 36 1
59 37 1
59 38 2
59 39 1
59 40 3
59 41 1
59 42 3
59 43 2
59 44 5
59 45 1
59 46 2
59 47 4
59 48 3
59 49 1
59 50 4
59 51 3
59 52 4
59 53 5
59 54 3
59 55 5
59 56 5
59 57 5
59 58 4
59 60 3
59 61 1
59 62 4
59 63 3
59 64 3
59 65 2
59 66 2
59 67 5
59 68 2
59 69 4
59 70 1
59 71 4
59 72 1
59 73 3
59 74 1
59 75 2
60 1 3
60 2 2
60 3 4
60 4 3
60 5 1
60 6 1
60 7 3
60 8 3
60 9 5
60 10 2
60 11 5
60 12 1
60 13 3
60 14 4
60 15 4
60 16 2
60 17 1
60 18 2
60 19 5
60 20 3
60 21 5
60 22 3
60 23 3
60 24 1
60 25 1
60 26 5
60 27 5
60 28 2
60 29 3
60 30 2
60 31 5
60 32 2
60 33 5
60 34 3
60 35 4
60 36 5
60 37 1
60 38 2
60 39 2
60 40 5
60 41 5
60 42 4
60 43 5
60 44 5
60 45 4
60 46 3
60 47 3
60 48 5
60 49 1
60 50 4
60 51 2
60 52 5
60 53 1
60 54 1
60 55 2
60 56 2
60 57 3
60 58 1
60 59 5
60 61 5
60 62 5
60 63 4
60 64 3
60 65 4
60 66 2
60 67 3
60 68 4
60 69 4
60 70 1
60 71 2
60 72 3
60 73 3
60 74 5
60 75 4
61 1 2
61 2 1
61 3 1
61 4 4
61 5 5
61 6 3
61 7 3
61 8 3
61 9 4
61 10 5
61 11 4
61 12 5
61 13 1
61 14 3
61 15 3
61 16 5
61 17 2
61 18 2
61 19 4
61 20 1
61 21 5
61 22 2
61 23 3
61 24 3
61 25 5
61 26 4
61 27 2
61 28 4
61 29 1
61 30 1
61 31 2
61 32 4
61 33 1
61 34 4
61 35 4
61 36 2
61 37 1
61 38 3
61 39 5
61 40 1
61 41 3
61 42 5
61 43 5
61 44 3
61 45 2
61 46 2
61 47 5
61 48 5
61 49 3
61 50 5
61 51 5
61 52 5
61 53 1
61 54 4
61 55 2
61 56 2
61 57 2
61 58 5
61 59 5
61 60 4
61 62 1
61 63 3
61 64 2
61 65 3
61 66 1
61 67 1
61 68 2
61 69 3
61 70 3
61 71 1
61 72 3
61 73 5
61 74 2
61 75 4
62 1 5
62 2 3
62 3 3
62 4 4
62 5 4
62 6 5
62 7 3
62 8 3
62 9 1
62 10 5
62 11 3
62 12 3
62 13 3
62 14 5
62 15 2
62 16 2
62 17 3
62 18 4
62 19 1
62 20 5
62 21 4
62 22 1
62 23 2
62 24 2
62 25 5
62 26 4
62 27 4
62 28 4
62 29 1
62 30 5
62 31 2
62 32 5
62 33 4
62 34 4
62 35 5
62 36 2
62 37 1
62 38 4
62 39 1
62 40 1
62 41 5
62 42 3
62 43 5
62 44 2
62 45 4
62 46 4
62 47 5
62 48 2
62 49 4
62 50 5
62 51 3
62 52 4
62 53 2
62 54 1
62 55 5
62 56 1
62 57 4
62 58 3
62 59 1
62 60 1
62 61 4
62 63 2
62 64 2
62 65 2
62 66 3
62 67 3
62 68 5
62 69 5
62 70 1
62 71 5
62 72 2
62 73 2
62 74 5
62 75 2
63 1 3
63 2 3
63 3 2
63 4 2
63 5 1
63 6 2
63 7 3
63 8 3
63 9 1
63 10 4
63 11 3
63 12 2
63 13 1
63 14 4
63 15 2
63 16 3
63 17 1
63 18 2
63 19 5
63 20 3
63 21 4
63 22 4
63 23 5
63 24 5
63 25 3
63 26 3
63 27 5
63 28 1
63 29 4
63 30 4
63 31 2
63 32 2
63 33 3
63 34 5
63 35 5
63 36 4
63 37 2
63 38 5
63 39 1
63 40 4
63 41 5
63 42 1
63 43 2
63 44 3
63 45 1
63 46 5
63 47 5
63 48 1
63 49 2
63 50 1
63 51 5
63 52 2
63 53 4
63 54 5
63 55 1
63 56 3
63 57 4
63 58 5
63 59 4
63 60 2
63 61 5
63 62 2
63 64 5
63 65 3
63 66 2
63 67 2
63 68 1
63 69 5
63 70 1
63 71 3
63 72 5
63 73 5
63 74 5
63 75 1
64 1 2
64 2 2
64 3 3
64 4 2
64 5 5
64 6 4
64 7 2
64 8 4
64 9 5
64 10 3
64 11 5
64 12 5
64 13 5
64 14 3
64 15 2
64 16 5
64 17 2
64 18 3
64 19 2
64 20 1
64 21 2
64 22 5
64 23 2
64 24 4
64 25 1
64 26 4
64 27 4
64 28 5
64 29 4
64 30 3
64 31 2
64 32 2
64 33 2
64 34 4
64 35 5
64 36 1
64 37 4
64 38 4
64 39 4
64 40 3
64 41 1
64 42 1
64 43 5
64 44 2
64 45 5
64 46 3
64 47 4
64 48 1
64 49 5
64 50 5
64 51 4
64 52 4
64 53 1
64 54 2
64 55 2
64 56 1
64 57 1
64 58 5
64 59 2
64 60 1
64 61 5
64 62 5
64 63 4
64 65 1
64 66 4
64 67 4
64 68 3
64 69 2
64 70 4
64 71 1
64 72 2
64 73 4
64 74 3
64 75 3
65 1 2
65 2 3
65 3 5
65 4 5
65 5 5
65 6 1
65 7 1
65 8 3
65 9 4
65 10 1
65 11 5
65 12 1
65 13 3
65 14 2
65 15 2
65 16 1
65 17 4
65 18 3
65 19 1
65 20 2
65 21 3
65 22 1
65 23 2
65 24 5
65 25 4
65 26 5
65 27 3
65 28 2
65 29 3
65 30 2
65 31 4
65 32 2
65 33 4
65 34 3
65 35 3
65 36 1
65 37 4
65 38 4
65 39 3
65 40 4
65 41 1
65 42 4
65 43 1
65 44 1
65 45 2
65 46 3
65 47 3
65 48 5
65 49 5
65 50 3
65 51 2
65 52 5
65 53 5
65 54 3
65 55 1
65 56 1
65 57 3
65 58 5
65 59 2
65 60 2
65 61 2
65 62 1
65 63 5
65 64 2
65 66 3
65 67 3
65 68 2
65 69 3
65 70 3
65 71 2
65 72 2
65 73 3
65 74 2
65 75 2
66 1 5
66 2 4
66 3 1
66 4 3
66 5 3
66 6 3
66 7 2
66 8 4
66 9 4
66 10 2
66 11 4
66 12 4
66 13 2
66 14 3
66 15 1
66 16 3
66 17 4
66 18 4
66 19 5
66 20 1
66 21 2
66 22 5
66 23 3
66 24 1
66 25 2
66 26 5
66 27 2
66 28 5
66 29 4
66 30 3
66 31 2
66 32 4
66 33 1
66 34 2
66 35 3
66 36 4
66 37 1
66 38 4
66 39 4
66 40 4
66 41 5
66 42 4
66 43 5
66 44 3
66 45 1
66 46 5
66 47 3
66 48 2
66 49 3
66 50 2
66 51 2
66 52 1
66 53 1
66 54 4
66 55 1
66 56 5
66 57 5
66 58 2
66 59 4
66 60 5
66 61 2
66 62 2
66 63 3
66 64 4
66 65 1
66 67 2
66 68 4
66 69 1
66 70 1
66 71 5
66 72 5
66 73 2
66 74 3
66 75 4
67 1 5
67 2 4
67 3 5
67 4 4
67 5 5
67 6 4
67 7 2
67 8 1
67 9 4
67 10 5
67 11 1
67 12 2
67 13 4
67 14 5
67 15 5
67 16 4
67 17 4
67 18 1
67 19 1
67 20 4
67 21 2
67 22 1
67 23 5
67 24 5
67 25 1
67 26 5
67 27 4
67 28 2
67 29 4
67 30 2
67 31 2
67 32 5
67 33 5
67 34 1
67 35 3
67 36 1
67 37 1
67 38 4
67 39 1
67 40 2
67 41 5
67 42 1
67 43 3
67 44 3
67 45 2
67 46 2
67 47 2
67 48 2
67 49 3
67 50 4
67 51 5
67 52 1
67 53 4
67 54 2
67 55 5
67 56 4
67 57 3
67 58 1
67 59 3
67 60 1
67 61 2
67 62 4
67 63 5
67 64 3
67 65 2
67 66 2
67 68 3
67 69 2
67 70 3
67 71 5
67 72 5
67 73 2
67 74 2
67 75 2
68 1 2
68 2 3
68 3 4
68 4 5
68 5 4
68 6 3
68 7 3
68 8 1
68 9 3
68 10 1
68 11 2
68 12 2
68 13 1
68 14 4
68 15 4
68 16 3
68 17 5
68 18 5
68 19 4
68 20 1
68 21 4
68 22 2
68 23 3
68 24 3
68 25 5
68 26 2
68 27 4
68 28 5
68 29 5
68 30 5
68 31 1
68 32 1
68 33 4
68 34 1
68 35 5
68 36 5
68 37 3
68 38 2
68 39 5
68 40 5
68 41 4
68 42 3
68 43 4
68 44 5
68 45 1
68 46 2
68 47 4
68 48 2
68 49 4
68 50 4
68 51 3
68 52 4
68 53 5
68 54 2
68 55 4
68 56 5
68 57 5
68 58 2
68 59 4
68 60 4
68 61 4
68 62 1
68 63 2
68 64 2
68 65 2
68 66 1
68 67 1
68 69 4
68 70 5
68 71 2
68 72 1
68 73 5
68 74 4
68 75 1
69 1 1
69 2 2
69 3 2
69 4 5
69 5 5
69 6 2
69 7 5
69 8 2
69 9 3
69 10 5
69 11 5
69 12 1
69 13 1
69 14 4
69 15 2
69 16 4
69 17 3
69 18 5
69 19 1
69 20 4
69 21 2
69 22 2
69 23 1
69 24 4
69 25 3
69 26 2
69 27 3
69 28 3
69 29 2
69 30 3
69 31 3
69 32 2
69 33 4
69 34 1
69 35 3
69 36 1
69 37 5
69 38 5
69 39 4
69 40 2
69 41 4
69 42 4
69 43 2
69 44 4
69 45 2
69 46 5
69 47 4
69 48 1
69 49 5
69 50 4
69 51 1
69 52 3
69 53 1
69 54 4
69 55 3
69 56 3
69 57 2
69 58 5
69 59 2
69 60 3
69 61 3
69 62 1
69 63 2
69 64 3
69 65 1
69 66 1
69 67 5
69 68 2
69 70 5
69 71 4
69 72 3
69 73 5
69 74 2
69 75 1
70 1 5
70 2 5
70 3 1
70 4 3
70 5 3
70 6 2
70 7 2
70 8 5
70 9 4
70 10 4
70 11 3
70 12 3
70 13 3
70 14 5
70 15 3
70 16 4
70 17 4
70 18 2
70 19 1
70 20 2
70 21 1
70 22 3
70 23 5
70 24 1
70 25 5
70 26 1
70 27 4
70 28 4
70 29 1
70 30 2
70 31 2
70 32 5
70 33 3
70 34 2
70 35 5
70 36 5
70 37 5
70 38 3
70 39 5
70 40 5
70 41 1
70 42 4
70 43 2
70 44 5
70 45 5
70 46 1
70 47 5
70 48 1
70 49 2
70 50 5
70 51 2
70 52 5
70 53 2
70 54 3
70 55 2
70 56 3
70 57 4
70 58 2
70 59 2
70 60 1
70 61 3
70 62 3
70 63 5
70 64 5
70 65 1
70 66 1
70 67 2
70 68 5
70 69 3
70 71 3
70 72 4
70 73 3
70 74 1
70 75 2
71 1 4
71 2 1
71 3 3
71 4 3
71 5 1
71 6 4
71 7 4
71 8 4
71 9 5
71 10 1
71 11 2
71 12 1
71 13 3
71 14 2
71 15 2
71 16 1
71 17 2
71 18 4
71 19 5
71 20 3
71 21 1
71 22 2
71 23 4
71 24 4
71 25 3
71 26 1
71 27 1
71 28 3
71 29 1
71 30 1
71 31 5
71 32 1
71 33 3
71 34 2
71 35 4
71 36 5
71 37 2
71 38 2
71 39 1
71 40 2
71 41 4
71 42 4
71 43 4
71 44 4
71 45 5
71 46 1
71 47 1
71 48 3
71 49 1
71 50 1
71 51 5
71 52 3
71 53 4
71 54 5
71 55 1
71 56 2
71 57 1
71 58 1
71 59 1
71 60 3
71 61 4
71 62 5
71 63 3
71 64 3
71 65 1
71 66 3
71 67 5
71 68 5
71 69 5
71 70 5
71 72 3
71 73 5
71 74 3
71 75 1
72 1 3
72 2 4
72 3 1
72 4 1
72 5 1
72 6 4
72 7 3
72 8 2
72 9 1
72 10 1
72 11 2
72 12 4
72 13 4
72 14 4
72 15 4
72 16 5
72 17 1
72 18 4
72 19 4
72 20 5
72 21 2
72 22 2
72 23 3
72 24 1
72 25 1
72 26 4
72 27 5
72 28 5
72 29 3
72 30 4
72 31 5
72 32 3
72 33 4
72 34 3
72 35 5
72 36 1
72 37 1
72 38 2
72 39 2
72 40 3
72 41 2
72 42 5
72 43 1
72 44 1
72 45 3
72 46 2
72 47 2
72 48 5
72 49 5
72 50 5
72 51 5
72 52 3
72 53 3
72 54 2
72 55 3
72 56 5
72 57 2
72 58 4
72 59 4
72 60 1
72 61 4
72 62 4
72 63 3
72 64 2
72 65 3
72 66 4
72 67 4
72 68 5
72 69 5
72 70 3
72 71 2
72 73 2
72 74 2
72 75 5
73 1 4
73 2 5
73 3 3
73 4 5
73 5 4
73 6 2
73 7 1
73 8 5
73 9 5
73 10 4
73 11 3
73 12 4
73 13 5
73 14 4
73 15 3
73 16 4
73 17 5
73 18 1
73 19 4
73 20 4
73 21 5
73 22 1
73 23 3
73 24 5
73 25 5
73 26 2
73 27 2
73 28 3
73 29 5
73 30 4
73 31 4
73 32 5
73 33 3
73 34 1
73 35 1
73 36 3
73 37 5
73 38 4
73 39 5
73 40 4
73 41 4
73 42 2
73 43 4
73 44 3
73 45 3
73 46 1
73 47 1
73 48 4
73 49 4
73 50 1
73 51 2
73 52 5
73 53 1
73 54 1
73 55 4
73 56 2
73 57 5
73 58 1
73 59 5
73 60 1
73 61 4
73 62 3
73 63 3
73 64 3
73 65 1
73 66 3
73 67 2
73 68 5
73 69 1
73 70 1
73 71 3
73 72 4
73 74 5
73 75 3
74 1 2
74 2 2
74 3 4
74 4 4
74 5 5
74 6 4
74 7 5
74 8 3
74 9 3
74 10 2
74 11 1
74 12 3
74 13 1
74 14 5
74 15 3
74 16 5
74 17 5
74 18 3
74 19 4
74 20 2
74 21 5
74 22 1
74 23 2
74 24 4
74 25 5
74 26 4
74 27 1
74 28 4
74 29 3
74 30 5
74 31 2
74 32 1
74 33 3
74 34 5
74 35 1
74 36 4
74 37 5
74 38 2
74 39 2
74 40 2
74 41 4
74 42 2
74 43 4
74 44 4
74 45 3
74 46 4
74 47 5
74 48 4
74 49 1
74 50 5
74 51 3
74 52 3
74 53 1
74 54 4
74 55 1
74 56 2
74 57 2
74 58 3
74 59 1
74 60 1
74 61 3
74 62 2
74 63 3
74 64 5
74 65 3
74 66 1
74 67 4
74 68 2
74 69 2
74 70 2
74 71 5
74 72 2
74 73 5
74 75 5
75 1 2
75 2 2
75 3 3
75 4 3
75 5 5
75 6 1
75 7 5
75 8 2
75 9 3
75 10 5
75 11 5
75 12 5
75 13 3
75 14 4
75 15 2
75 16 3
75 17 1
75 18 1
75 19 1
75 20 1
75 21 3
75 22 3
75 23 1
75 24 3
75 25 1
75 26 2
75 27 4
75 28 5
75 29 1
75 30 3
75 31 2
75 32 2
75 33 4
75 34 1
75 35 2
75 36 5
75 37 1
75 38 1
75 39 2
75 40 5
75 41 2
75 42 3
75 43 1
75 44 4
75 45 3
75 46 5
75 47 2
75 48 4
75 49 5
75 50 2
75 51 4
75 52 2
75 53 2
75 54 1
75 55 4
75 56 2
75 57 4
75 58 4
75 59 4
75 60 4
75 61 1
75 62 5
75 63 3
75 64 1
75 65 2
75 66 4
75 67 1
75 68 3
75 69 4
75 70 4
75 71 4
75 72 2
75 73 1
75 74 2

END
