INSTANCE_NAME b13.dat
NB_VERTICES 100
NB_ARCS 163
NB_REQUESTS 0
NB_BLOCKAGES 48
NB_TERMINALS 17

VERTICES
1 0 0
2 0 0
3 0 0
4 0 0
5 0 0
6 0 0
7 0 0
8 0 0
9 0 0
10 0 0
11 0 0
12 0 0
13 0 0
14 0 0
15 0 0
16 0 0
17 0 0
18 0 0
19 0 0
20 0 0
21 0 0
22 0 0
23 0 0
24 0 0
25 0 0
26 0 0
27 0 0
28 0 0
29 0 0
30 0 0
31 0 0
32 0 0
33 0 0
34 0 0
35 0 0
36 0 0
37 0 0
38 0 0
39 0 0
40 0 0
41 0 0
42 0 0
43 0 0
44 0 0
45 0 0
46 0 0
47 0 0
48 0 0
49 0 0
50 0 0
51 0 0
52 0 0
53 0 0
54 0 0
55 0 0
56 0 0
57 0 0
58 0 0
59 0 0
60 0 0
61 0 0
62 0 0
63 0 0
64 0 0
65 0 0
66 0 0
67 0 0
68 0 0
69 0 0
70 0 0
71 0 0
72 0 0
73 0 0
74 0 0
75 0 0
76 0 0
77 0 0
78 0 0
79 0 0
80 0 0
81 0 0
82 0 0
83 0 0
84 0 0
85 0 0
86 0 0
87 0 0
88 0 0
89 0 0
90 0 0
91 0 0
92 0 0
93 0 0
94 0 0
95 0 0
96 0 0
97 0 0
98 0 0
99 0 0
100 0 0

ARCS
3 38 8
38 85 5
85 19 10
19 5 7
5 4 5
4 46 8
46 20 4
20 95 1
95 50 5
50 37 1
37 87 10
87 27 5
27 8 2
8 7 3
7 6 4
6 58 10
58 11 1
11 9 9
9 69 6
69 19 6
19 23 1
23 42 3
42 14 5
14 16 10
16 91 6
91 5 6
5 84 10
84 2 10
2 83 6
83 63 4
63 11 4
11 41 9
41 5 8
5 90 4
90 10 1
10 34 10
34 97 9
97 11 2
97 81 9
81 8 2
81 28 1
28 76 1
76 24 6
24 32 4
32 3 6
3 62 6
62 99 5
99 19 4
19 44 1
44 17 10
17 24 4
17 25 8
25 30 10
30 59 6
59 12 8
12 74 4
74 19 3
19 70 3
70 10 9
10 61 5
61 68 2
68 15 8
15 33 8
33 90 2
33 1 9
1 98 4
98 44 9
44 21 1
21 20 7
98 60 5
60 45 8
45 58 9
58 70 6
70 13 6
13 35 1
35 48 10
48 53 2
53 13 3
13 86 4
86 60 8
60 55 4
55 36 6
36 7 6
55 100 10
100 1 9
60 79 8
79 19 7
79 78 7
78 46 3
46 26 10
26 47 10
47 84 4
84 32 9
32 66 6
66 67 1
67 65 4
65 4 3
65 43 4
43 99 1
99 88 5
88 40 6
40 77 6
77 29 9
29 54 7
54 71 8
71 72 2
72 68 7
68 82 6
82 64 10
64 14 5
14 18 1
18 74 4
64 49 10
49 75 9
75 54 8
54 85 6
85 50 6
85 6 9
6 39 7
39 53 1
53 56 5
56 67 8
67 22 1
22 28 1
28 92 8
92 79 9
79 87 1
87 57 10
57 35 3
57 91 5
91 31 1
31 59 8
59 40 3
59 64 10
64 51 10
51 80 1
80 70 5
80 73 6
73 84 9
84 52 5
52 37 1
84 72 1
72 93 9
93 15 8
72 96 8
96 68 10
84 89 6
89 61 9
84 30 10
80 25 2
64 85 8
59 29 8
29 81 10
81 94 7
94 87 10
91 63 10
57 88 8
92 38 10
49 2 6
71 9 8
99 83 2
65 26 6
58 23 7

REQUESTS

BLOCKAGES
67 65
57 91
80 70
70 13
64 49
97 81
6 58
60 79
32 3
57 35
98 60
46 26
7 6
30 59
54 71
58 23
72 68
84 72
10 61
85 19
19 44
81 8
84 2
64 85
92 38
59 64
74 19
58 11
80 25
59 40
24 32
29 81
53 13
44 17
63 11
4 46
99 83
68 15
91 5
79 19
99 88
79 87
37 87
59 29
19 5
60 55
90 10
5 84

TERMINALS
3
19
21
25
30
33
36
42
43
44
51
55
58
83
86
92
95

R
1 2 3
1 3 5
1 4 5
1 5 1
1 6 3
1 7 4
1 8 1
1 9 3
1 10 4
1 11 2
1 12 4
1 13 2
1 14 4
1 15 3
1 16 3
1 17 3
1 18 4
1 19 2
1 20 3
1 21 2
1 22 4
1 23 4
1 24 2
1 25 5
1 26 3
1 27 2
1 28 1
1 29 5
1 30 2
1 31 4
1 32 5
1 33 4
1 34 5
1 35 4
1 36 1
1 37 5
1 38 4
1 39 3
1 40 2
1 41 2
1 42 4
1 43 5
1 44 5
1 45 4
1 46 2
1 47 3
1 48 4
1 49 2
1 50 1
1 51 1
1 52 1
1 53 1
1 54 1
1 55 2
1 56 5
1 57 3
1 58 5
1 59 2
1 60 5
1 61 1
1 62 3
1 63 4
1 64 2
1 65 4
1 66 5
1 67 2
1 68 3
1 69 3
1 70 2
1 71 5
1 72 2
1 73 5
1 74 1
1 75 3
1 76 4
1 77 5
1 78 2
1 79 2
1 80 3
1 81 2
1 82 4
1 83 3
1 84 4
1 85 5
1 86 1
1 87 4
1 88 4
1 89 5
1 90 2
1 91 3
1 92 3
1 93 4
1 94 4
1 95 1
1 96 3
1 97 3
1 98 2
1 99 5
1 100 2
2 1 3
2 3 1
2 4 5
2 5 5
2 6 4
2 7 3
2 8 3
2 9 5
2 10 4
2 11 1
2 12 4
2 13 3
2 14 4
2 15 2
2 16 1
2 17 5
2 18 4
2 19 1
2 20 4
2 21 4
2 22 3
2 23 3
2 24 3
2 25 3
2 26 1
2 27 3
2 28 2
2 29 5
2 30 1
2 31 4
2 32 4
2 33 1
2 34 1
2 35 5
2 36 5
2 37 1
2 38 2
2 39 4
2 40 5
2 41 3
2 42 4
2 43 4
2 44 2
2 45 4
2 46 2
2 47 2
2 48 4
2 49 5
2 50 5
2 51 4
2 52 5
2 53 4
2 54 3
2 55 4
2 56 1
2 57 1
2 58 1
2 59 5
2 60 5
2 61 4
2 62 3
2 63 5
2 64 4
2 65 3
2 66 5
2 67 5
2 68 1
2 69 3
2 70 3
2 71 5
2 72 5
2 73 1
2 74 5
2 75 1
2 76 1
2 77 1
2 78 5
2 79 4
2 80 3
2 81 1
2 82 4
2 83 4
2 84 4
2 85 2
2 86 3
2 87 1
2 88 2
2 89 5
2 90 5
2 91 3
2 92 3
2 93 4
2 94 5
2 95 3
2 96 4
2 97 4
2 98 2
2 99 4
2 100 1
3 1 4
3 2 3
3 4 3
3 5 1
3 6 3
3 7 5
3 8 2
3 9 5
3 10 1
3 11 2
3 12 2
3 13 1
3 14 1
3 15 3
3 16 4
3 17 4
3 18 5
3 19 5
3 20 5
3 21 4
3 22 1
3 23 4
3 24 4
3 25 5
3 26 3
3 27 1
3 28 3
3 29 3
3 30 3
3 31 1
3 32 1
3 33 1
3 34 5
3 35 3
3 36 4
3 37 4
3 38 4
3 39 5
3 40 4
3 41 2
3 42 1
3 43 2
3 44 2
3 45 3
3 46 4
3 47 3
3 48 1
3 49 3
3 50 4
3 51 2
3 52 4
3 53 4
3 54 1
3 55 4
3 56 5
3 57 5
3 58 4
3 59 4
3 60 3
3 61 3
3 62 1
3 63 3
3 64 1
3 65 1
3 66 2
3 67 4
3 68 4
3 69 2
3 70 5
3 71 4
3 72 3
3 73 2
3 74 1
3 75 5
3 76 5
3 77 4
3 78 4
3 79 2
3 80 4
3 81 2
3 82 1
3 83 4
3 84 2
3 85 3
3 86 2
3 87 4
3 88 2
3 89 2
3 90 2
3 91 1
3 92 5
3 93 3
3 94 3
3 95 5
3 96 3
3 97 1
3 98 5
3 99 3
3 100 3
4 1 4
4 2 2
4 3 5
4 5 2
4 6 2
4 7 1
4 8 1
4 9 2
4 10 1
4 11 5
4 12 5
4 13 4
4 14 5
4 15 5
4 16 1
4 17 2
4 18 1
4 19 1
4 20 5
4 21 3
4 22 2
4 23 1
4 24 2
4 25 4
4 26 5
4 27 3
4 28 3
4 29 1
4 30 4
4 31 3
4 32 5
4 33 2
4 34 4
4 35 1
4 36 3
4 37 2
4 38 4
4 39 1
4 40 5
4 41 4
4 42 2
4 43 2
4 44 3
4 45 1
4 46 1
4 47 5
4 48 4
4 49 2
4 50 5
4 51 3
4 52 1
4 53 3
4 54 5
4 55 4
4 56 4
4 57 5
4 58 3
4 59 1
4 60 2
4 61 1
4 62 5
4 63 3
4 64 2
4 65 3
4 66 3
4 67 1
4 68 1
4 69 1
4 70 3
4 71 3
4 72 2
4 73 4
4 74 4
4 75 1
4 76 1
4 77 1
4 78 5
4 79 1
4 80 4
4 81 1
4 82 4
4 83 4
4 84 3
4 85 5
4 86 2
4 87 1
4 88 4
4 89 1
4 90 4
4 91 2
4 92 1
4 93 3
4 94 4
4 95 4
4 96 3
4 97 4
4 98 5
4 99 5
4 100 1
5 1 4
5 2 2
5 3 2
5 4 3
5 6 2
5 7 2
5 8 5
5 9 3
5 10 3
5 11 1
5 12 1
5 13 5
5 14 1
5 15 2
5 16 3
5 17 5
5 18 5
5 19 5
5 20 1
5 21 1
5 22 3
5 23 2
5 24 1
5 25 3
5 26 3
5 27 5
5 28 2
5 29 1
5 30 1
5 31 1
5 32 1
5 33 4
5 34 5
5 35 5
5 36 3
5 37 1
5 38 1
5 39 5
5 40 5
5 41 1
5 42 5
5 43 1
5 44 5
5 45 2
5 46 2
5 47 4
5 48 1
5 49 3
5 50 4
5 51 3
5 52 3
5 53 3
5 54 2
5 55 4
5 56 2
5 57 4
5 58 5
5 59 3
5 60 4
5 61 5
5 62 1
5 63 1
5 64 5
5 65 5
5 66 5
5 67 5
5 68 2
5 69 3
5 70 4
5 71 2
5 72 3
5 73 5
5 74 4
5 75 4
5 76 1
5 77 2
5 78 5
5 79 3
5 80 4
5 81 5
5 82 1
5 83 2
5 84 2
5 85 2
5 86 2
5 87 1
5 88 2
5 89 1
5 90 5
5 91 5
5 92 2
5 93 5
5 94 5
5 95 3
5 96 1
5 97 5
5 98 2
5 99 3
5 100 2
6 1 2
6 2 4
6 3 1
6 4 1
6 5 4
6 7 1
6 8 3
6 9 5
6 10 5
6 11 1
6 12 3
6 13 4
6 14 3
6 15 1
6 16 3
6 17 1
6 18 2
6 19 3
6 20 2
6 21 4
6 22 2
6 23 1
6 24 2
6 25 4
6 26 2
6 27 2
6 28 4
6 29 3
6 30 3
6 31 1
6 32 1
6 33 2
6 34 1
6 35 1
6 36 2
6 37 4
6 38 2
6 39 2
6 40 5
6 41 1
6 42 2
6 43 3
6 44 5
6 45 4
6 46 5
6 47 4
6 48 4
6 49 2
6 50 1
6 51 2
6 52 2
6 53 4
6 54 2
6 55 1
6 56 2
6 57 5
6 58 2
6 59 1
6 60 3
6 61 1
6 62 1
6 63 3
6 64 2
6 65 4
6 66 1
6 67 1
6 68 2
6 69 4
6 70 2
6 71 2
6 72 1
6 73 5
6 74 1
6 75 2
6 76 5
6 77 5
6 78 5
6 79 5
6 80 3
6 81 5
6 82 1
6 83 2
6 84 4
6 85 4
6 86 2
6 87 2
6 88 3
6 89 3
6 90 2
6 91 2
6 92 5
6 93 5
6 94 2
6 95 2
6 96 3
6 97 2
6 98 4
6 99 1
6 100 2
7 1 5
7 2 4
7 3 2
7 4 1
7 5 1
7 6 4
7 8 5
7 9 3
7 10 3
7 11 4
7 12 2
7 13 5
7 14 4
7 15 3
7 16 5
7 17 2
7 18 1
7 19 1
7 20 1
7 21 5
7 22 5
7 23 3
7 24 5
7 25 4
7 26 4
7 27 3
7 28 3
7 29 2
7 30 1
7 31 5
7 32 3
7 33 2
7 34 1
7 35 1
7 36 2
7 37 1
7 38 4
7 39 1
7 40 3
7 41 2
7 42 4
7 43 5
7 44 1
7 45 4
7 46 4
7 47 2
7 48 2
7 49 5
7 50 2
7 51 2
7 52 4
7 53 1
7 54 4
7 55 5
7 56 1
7 57 4
7 58 2
7 59 3
7 60 2
7 61 2
7 62 5
7 63 4
7 64 3
7 65 5
7 66 5
7 67 4
7 68 5
7 69 5
7 70 1
7 71 5
7 72 3
7 73 1
7 74 1
7 75 5
7 76 4
7 77 4
7 78 1
7 79 5
7 80 5
7 81 3
7 82 2
7 83 4
7 84 5
7 85 2
7 86 3
7 87 1
7 88 3
7 89 2
7 90 3
7 91 4
7 92 3
7 93 4
7 94 5
7 95 3
7 96 3
7 97 1
7 98 1
7 99 5
7 100 5
8 1 2
8 2 4
8 3 3
8 4 2
8 5 4
8 6 2
8 7 3
8 9 4
8 10 5
8 11 2
8 12 4
8 13 2
8 14 5
8 15 4
8 16 1
8 17 4
8 18 3
8 19 1
8 20 1
8 21 4
8 22 1
8 23 4
8 24 2
8 25 4
8 26 3
8 27 4
8 28 4
8 29 3
8 30 1
8 31 3
8 32 5
8 33 4
8 34 1
8 35 2
8 36 3
8 37 1
8 38 5
8 39 5
8 40 1
8 41 4
8 42 3
8 43 4
8 44 2
8 45 5
8 46 4
8 47 5
8 48 3
8 49 2
8 50 2
8 51 3
8 52 5
8 53 2
8 54 3
8 55 3
8 56 3
8 57 1
8 58 1
8 59 1
8 60 5
8 61 4
8 62 3
8 63 4
8 64 2
8 65 5
8 66 2
8 67 1
8 68 2
8 69 2
8 70 2
8 71 2
8 72 2
8 73 5
8 74 3
8 75 1
8 76 1
8 77 1
8 78 5
8 79 3
8 80 2
8 81 1
8 82 2
8 83 2
8 84 5
8 85 4
8 86 1
8 87 2
8 88 1
8 89 4
8 90 4
8 91 3
8 92 2
8 93 3
8 94 1
8 95 5
8 96 4
8 97 3
8 98 1
8 99 5
8 100 1
9 1 2
9 2 1
9 3 4
9 4 3
9 5 3
9 6 4
9 7 3
9 8 1
9 10 3
9 11 2
9 12 2
9 13 1
9 14 3
9 15 5
9 16 5
9 17 4
9 18 1
9 19 3
9 20 4
9 21 4
9 22 1
9 23 3
9 24 2
9 25 5
9 26 4
9 27 1
9 28 3
9 29 3
9 30 3
9 31 2
9 32 5
9 33 2
9 34 4
9 35 5
9 36 4
9 37 4
9 38 4
9 39 4
9 40 4
9 41 3
9 42 5
9 43 2
9 44 5
9 45 5
9 46 2
9 47 4
9 48 3
9 49 4
9 50 3
9 51 3
9 52 4
9 53 5
9 54 1
9 55 5
9 56 4
9 57 1
9 58 2
9 59 1
9 60 5
9 61 5
9 62 4
9 63 1
9 64 3
9 65 5
9 66 5
9 67 3
9 68 3
9 69 5
9 70 1
9 71 3
9 72 5
9 73 3
9 74 1
9 75 4
9 76 4
9 77 2
9 78 5
9 79 3
9 80 2
9 81 2
9 82 2
9 83 5
9 84 2
9 85 4
9 86 4
9 87 5
9 88 4
9 89 3
9 90 3
9 91 5
9 92 2
9 93 1
9 94 5
9 95 1
9 96 2
9 97 5
9 98 3
9 99 1
9 100 4
10 1 1
10 2 3
10 3 3
10 4 3
10 5 4
10 6 4
10 7 3
10 8 2
10 9 3
10 11 5
10 12 4
10 13 4
10 14 1
10 15 5
10 16 5
10 17 5
10 18 4
10 19 2
10 20 5
10 21 1
10 22 4
10 23 2
10 24 4
10 25 1
10 26 1
10 27 4
10 28 3
10 29 5
10 30 3
10 31 3
10 32 1
10 33 3
10 34 3
10 35 5
10 36 2
10 37 3
10 38 3
10 39 4
10 40 1
10 41 5
10 42 3
10 43 1
10 44 1
10 45 1
10 46 1
10 47 5
10 48 2
10 49 1
10 50 1
10 51 3
10 52 1
10 53 1
10 54 4
10 55 1
10 56 2
10 57 5
10 58 1
10 59 1
10 60 1
10 61 3
10 62 5
10 63 3
10 64 3
10 65 2
10 66 3
10 67 4
10 68 1
10 69 2
10 70 3
10 71 2
10 72 4
10 73 2
10 74 2
10 75 4
10 76 4
10 77 4
10 78 3
10 79 5
10 80 4
10 81 1
10 82 3
10 83 1
10 84 1
10 85 1
10 86 1
10 87 4
10 88 2
10 89 3
10 90 4
10 91 5
10 92 3
10 93 4
10 94 2
10 95 5
10 96 2
10 97 1
10 98 3
10 99 3
10 100 3
11 1 2
11 2 1
11 3 1
11 4 4
11 5 4
11 6 4
11 7 2
11 8 3
11 9 3
11 10 4
11 12 3
11 13 3
11 14 1
11 15 4
11 16 1
11 17 3
11 18 1
11 19 4
11 20 5
11 21 4
11 22 5
11 23 4
11 24 1
11 25 3
11 26 2
11 27 5
11 28 4
11 29 3
11 30 4
11 31 3
11 32 2
11 33 1
11 34 5
11 35 2
11 36 1
11 37 4
11 38 2
11 39 2
11 40 3
11 41 1
11 42 5
11 43 5
11 44 1
11 45 2
11 46 5
11 47 1
11 48 5
11 49 1
11 50 1
11 51 1
11 52 1
11 53 5
11 54 1
11 55 1
11 56 4
11 57 2
11 58 2
11 59 3
11 60 1
11 61 2
11 62 2
11 63 2
11 64 2
11 65 2
11 66 5
11 67 2
11 68 2
11 69 3
11 70 1
11 71 4
11 72 4
11 73 2
11 74 5
11 75 4
11 76 4
11 77 5
11 78 1
11 79 5
11 80 5
11 81 1
11 82 5
11 83 2
11 84 3
11 85 2
11 86 2
11 87 1
11 88 5
11 89 5
11 90 5
11 91 1
11 92 1
11 93 4
11 94 2
11 95 5
11 96 5
11 97 4
11 98 1
11 99 3
11 100 1
12 1 1
12 2 1
12 3 4
12 4 5
12 5 2
12 6 4
12 7 3
12 8 1
12 9 4
12 10 2
12 11 2
12 13 2
12 14 3
12 15 3
12 16 1
12 17 4
12 18 1
12 19 1
12 20 5
12 21 2
12 22 3
12 23 5
12 24 5
12 25 1
12 26 4
12 27 4
12 28 2
12 29 2
12 30 4
12 31 4
12 32 2
12 33 2
12 34 1
12 35 3
12 36 1
12 37 2
12 38 1
12 39 5
12 40 5
12 41 2
12 42 3
12 43 3
12 44 3
12 45 5
12 46 3
12 47 5
12 48 5
12 49 5
12 50 2
12 51 4
12 52 2
12 53 4
12 54 1
12 55 3
12 56 1
12 57 4
12 58 1
12 59 2
12 60 5
12 61 1
12 62 2
12 63 1
12 64 4
12 65 2
12 66 3
12 67 4
12 68 4
12 69 1
12 70 5
12 71 5
12 72 2
12 73 2
12 74 2
12 75 1
12 76 3
12 77 4
12 78 5
12 79 2
12 80 1
12 81 1
12 82 3
12 83 4
12 84 2
12 85 3
12 86 1
12 87 4
12 88 3
12 89 1
12 90 1
12 91 2
12 92 1
12 93 2
12 94 4
12 95 5
12 96 4
12 97 4
12 98 5
12 99 4
12 100 4
13 1 5
13 2 3
13 3 2
13 4 1
13 5 1
13 6 2
13 7 4
13 8 2
13 9 1
13 10 2
13 11 2
13 12 3
13 14 1
13 15 5
13 16 1
13 17 5
13 18 5
13 19 5
13 20 2
13 21 2
13 22 2
13 23 5
13 24 4
13 25 3
13 26 4
13 27 3
13 28 3
13 29 4
13 30 5
13 31 3
13 32 2
13 33 1
13 34 2
13 35 3
13 36 1
13 37 3
13 38 1
13 39 1
13 40 1
13 41 3
13 42 5
13 43 2
13 44 2
13 45 2
13 46 3
13 47 3
13 48 2
13 49 4
13 50 4
13 51 5
13 52 2
13 53 5
13 54 5
13 55 5
13 56 4
13 57 5
13 58 5
13 59 4
13 60 3
13 61 4
13 62 1
13 63 1
13 64 4
13 65 3
13 66 5
13 67 1
13 68 2
13 69 5
13 70 4
13 71 4
13 72 2
13 73 5
13 74 2
13 75 5
13 76 1
13 77 4
13 78 2
13 79 4
13 80 4
13 81 5
13 82 4
13 83 5
13 84 1
13 85 5
13 86 1
13 87 5
13 88 4
13 89 5
13 90 3
13 91 1
13 92 5
13 93 5
13 94 3
13 95 3
13 96 4
13 97 2
13 98 1
13 99 5
13 100 3
14 1 1
14 2 3
14 3 1
14 4 5
14 5 1
14 6 5
14 7 2
14 8 4
14 9 2
14 10 3
14 11 4
14 12 3
14 13 1
14 15 5
14 16 4
14 17 2
14 18 1
14 19 5
14 20 5
14 21 5
14 22 2
14 23 2
14 24 5
14 25 1
14 26 4
14 27 4
14 28 5
14 29 2
14 30 1
14 31 1
14 32 4
14 33 3
14 34 1
14 35 4
14 36 4
14 37 1
14 38 5
14 39 1
14 40 2
14 41 1
14 42 3
14 43 5
14 44 1
14 45 5
14 46 2
14 47 1
14 48 1
14 49 2
14 50 5
14 51 2
14 52 3
14 53 3
14 54 3
14 55 4
14 56 3
14 57 3
14 58 5
14 59 4
14 60 4
14 61 5
14 62 5
14 63 4
14 64 3
14 65 2
14 66 4
14 67 3
14 68 2
14 69 3
14 70 3
14 71 5
14 72 4
14 73 2
14 74 5
14 75 1
14 76 3
14 77 1
14 78 1
14 79 5
14 80 4
14 81 2
14 82 1
14 83 1
14 84 4
14 85 5
14 86 5
14 87 1
14 88 2
14 89 4
14 90 2
14 91 2
14 92 5
14 93 1
14 94 5
14 95 4
14 96 4
14 97 3
14 98 2
14 99 2
14 100 1
15 1 1
15 2 2
15 3 1
15 4 5
15 5 1
15 6 3
15 7 2
15 8 3
15 9 3
15 10 4
15 11 3
15 12 4
15 13 4
15 14 3
15 16 2
15 17 1
15 18 4
15 19 4
15 20 2
15 21 4
15 22 5
15 23 1
15 24 4
15 25 2
15 26 5
15 27 4
15 28 2
15 29 5
15 30 5
15 31 4
15 32 2
15 33 1
15 34 5
15 35 4
15 36 5
15 37 2
15 38 1
15 39 3
15 40 1
15 41 5
15 42 1
15 43 3
15 44 5
15 45 2
15 46 2
15 47 3
15 48 2
15 49 1
15 50 1
15 51 5
15 52 1
15 53 3
15 54 5
15 55 1
15 56 1
15 57 2
15 58 5
15 59 3
15 60 3
15 61 4
15 62 1
15 63 4
15 64 1
15 65 5
15 66 4
15 67 5
15 68 1
15 69 4
15 70 3
15 71 1
15 72 5
15 73 5
15 74 5
15 75 4
15 76 1
15 77 1
15 78 1
15 79 2
15 80 3
15 81 3
15 82 4
15 83 1
15 84 2
15 85 3
15 86 1
15 87 3
15 88 1
15 89 5
15 90 2
15 91 3
15 92 4
15 93 4
15 94 3
15 95 4
15 96 3
15 97 1
15 98 1
15 99 5
15 100 1
16 1 5
16 2 2
16 3 2
16 4 4
16 5 1
16 6 5
16 7 5
16 8 3
16 9 2
16 10 3
16 11 3
16 12 2
16 13 1
16 14 3
16 15 3
16 17 1
16 18 3
16 19 2
16 20 1
16 21 3
16 22 5
16 23 1
16 24 3
16 25 3
16 26 3
16 27 3
16 28 5
16 29 1
16 30 3
16 31 1
16 32 3
16 33 2
16 34 2
16 35 5
16 36 3
16 37 4
16 38 1
16 39 4
16 40 4
16 41 3
16 42 1
16 43 1
16 44 4
16 45 4
16 46 3
16 47 3
16 48 4
16 49 5
16 50 2
16 51 4
16 52 4
16 53 1
16 54 4
16 55 1
16 56 4
16 57 4
16 58 4
16 59 5
16 60 1
16 61 3
16 62 3
16 63 3
16 64 2
16 65 1
16 66 2
16 67 4
16 68 5
16 69 5
16 70 4
16 71 5
16 72 2
16 73 4
16 74 5
16 75 2
16 76 2
16 77 2
16 78 1
16 79 2
16 80 3
16 81 2
16 82 1
16 83 4
16 84 3
16 85 1
16 86 1
16 87 3
16 88 4
16 89 4
16 90 4
16 91 4
16 92 4
16 93 1
16 94 4
16 95 2
16 96 4
16 97 2
16 98 2
16 99 5
16 100 1
17 1 5
17 2 4
17 3 4
17 4 5
17 5 3
17 6 5
17 7 2
17 8 1
17 9 1
17 10 3
17 11 5
17 12 2
17 13 5
17 14 3
17 15 1
17 16 1
17 18 4
17 19 5
17 20 1
17 21 4
17 22 1
17 23 2
17 24 4
17 25 1
17 26 5
17 27 5
17 28 1
17 29 3
17 30 1
17 31 5
17 32 4
17 33 2
17 34 3
17 35 2
17 36 2
17 37 2
17 38 4
17 39 5
17 40 2
17 41 4
17 42 4
17 43 4
17 44 2
17 45 4
17 46 3
17 47 3
17 48 1
17 49 1
17 50 4
17 51 3
17 52 2
17 53 4
17 54 4
17 55 2
17 56 2
17 57 5
17 58 2
17 59 2
17 60 3
17 61 4
17 62 2
17 63 3
17 64 1
17 65 1
17 66 4
17 67 2
17 68 3
17 69 2
17 70 1
17 71 1
17 72 2
17 73 4
17 74 4
17 75 4
17 76 4
17 77 2
17 78 3
17 79 4
17 80 4
17 81 1
17 82 4
17 83 2
17 84 2
17 85 2
17 86 4
17 87 3
17 88 4
17 89 2
17 90 1
17 91 3
17 92 5
17 93 4
17 94 5
17 95 2
17 96 5
17 97 5
17 98 3
17 99 2
17 100 4
18 1 5
18 2 2
18 3 5
18 4 1
18 5 3
18 6 3
18 7 4
18 8 1
18 9 2
18 10 5
18 11 4
18 12 5
18 13 3
18 14 3
18 15 1
18 16 1
18 17 1
18 19 5
18 20 1
18 21 4
18 22 2
18 23 3
18 24 3
18 25 1
18 26 2
18 27 2
18 28 5
18 29 2
18 30 4
18 31 3
18 32 5
18 33 1
18 34 1
18 35 1
18 36 1
18 37 3
18 38 4
18 39 1
18 40 5
18 41 2
18 42 5
18 43 4
18 44 1
18 45 4
18 46 1
18 47 3
18 48 2
18 49 3
18 50 4
18 51 2
18 52 1
18 53 1
18 54 5
18 55 5
18 56 1
18 57 1
18 58 1
18 59 2
18 60 4
18 61 2
18 62 1
18 63 5
18 64 4
18 65 1
18 66 1
18 67 4
18 68 1
18 69 1
18 70 1
18 71 5
18 72 2
18 73 1
18 74 5
18 75 5
18 76 1
18 77 2
18 78 4
18 79 2
18 80 4
18 81 3
18 82 4
18 83 1
18 84 3
18 85 3
18 86 3
18 87 5
18 88 5
18 89 3
18 90 3
18 91 4
18 92 1
18 93 3
18 94 3
18 95 4
18 96 5
18 97 5
18 98 4
18 99 5
18 100 5
19 1 5
19 2 2
19 3 2
19 4 2
19 5 1
19 6 3
19 7 2
19 8 3
19 9 1
19 10 1
19 11 3
19 12 3
19 13 4
19 14 4
19 15 2
19 16 3
19 17 1
19 18 3
19 20 2
19 21 5
19 22 2
19 23 2
19 24 3
19 25 4
19 26 2
19 27 1
19 28 4
19 29 1
19 30 2
19 31 5
19 32 1
19 33 3
19 34 1
19 35 4
19 36 4
19 37 2
19 38 3
19 39 2
19 40 1
19 41 3
19 42 2
19 43 3
19 44 3
19 45 2
19 46 3
19 47 1
19 48 4
19 49 5
19 50 4
19 51 3
19 52 2
19 53 2
19 54 4
19 55 4
19 56 1
19 57 2
19 58 1
19 59 1
19 60 3
19 61 2
19 62 2
19 63 5
19 64 4
19 65 5
19 66 3
19 67 4
19 68 3
19 69 5
19 70 3
19 71 3
19 72 4
19 73 1
19 74 5
19 75 1
19 76 3
19 77 5
19 78 2
19 79 3
19 80 4
19 81 2
19 82 2
19 83 5
19 84 5
19 85 1
19 86 3
19 87 2
19 88 4
19 89 1
19 90 4
19 91 1
19 92 4
19 93 1
19 94 5
19 95 5
19 96 5
19 97 4
19 98 3
19 99 2
19 100 5
20 1 5
20 2 1
20 3 4
20 4 1
20 5 2
20 6 1
20 7 5
20 8 1
20 9 4
20 10 4
20 11 2
20 12 2
20 13 1
20 14 1
20 15 2
20 16 3
20 17 1
20 18 3
20 19 1
20 21 3
20 22 2
20 23 2
20 24 1
20 25 4
20 26 3
20 27 5
20 28 3
20 29 2
20 30 3
20 31 1
20 32 1
20 33 4
20 34 3
20 35 4
20 36 1
20 37 4
20 38 5
20 39 2
20 40 2
20 41 3
20 42 1
20 43 3
20 44 5
20 45 1
20 46 5
20 47 3
20 48 3
20 49 5
20 50 5
20 51 5
20 52 2
20 53 1
20 54 1
20 55 5
20 56 4
20 57 4
20 58 4
20 59 3
20 60 2
20 61 3
20 62 5
20 63 2
20 64 4
20 65 2
20 66 3
20 67 4
20 68 3
20 69 4
20 70 3
20 71 4
20 72 3
20 73 3
20 74 1
20 75 2
20 76 5
20 77 2
20 78 4
20 79 4
20 80 2
20 81 1
20 82 3
20 83 5
20 84 3
20 85 1
20 86 1
20 87 2
20 88 1
20 89 5
20 90 1
20 91 2
20 92 2
20 93 3
20 94 5
20 95 2
20 96 1
20 97 2
20 98 1
20 99 3
20 100 2
21 1 5
21 2 3
21 3 5
21 4 2
21 5 5
21 6 3
21 7 1
21 8 2
21 9 4
21 10 4
21 11 5
21 12 4
21 13 3
21 14 1
21 15 1
21 16 3
21 17 2
21 18 4
21 19 3
21 20 1
21 22 2
21 23 1
21 24 4
21 25 4
21 26 1
21 27 1
21 28 1
21 29 4
21 30 3
21 31 4
21 32 1
21 33 2
21 34 3
21 35 5
21 36 5
21 37 3
21 38 2
21 39 2
21 40 1
21 41 5
21 42 5
21 43 5
21 44 3
21 45 4
21 46 2
21 47 1
21 48 2
21 49 3
21 50 4
21 51 1
21 52 5
21 53 5
21 54 2
21 55 1
21 56 5
21 57 4
21 58 1
21 59 1
21 60 2
21 61 5
21 62 1
21 63 2
21 64 3
21 65 3
21 66 3
21 67 2
21 68 2
21 69 2
21 70 3
21 71 4
21 72 1
21 73 4
21 74 3
21 75 1
21 76 2
21 77 2
21 78 1
21 79 5
21 80 4
21 81 1
21 82 1
21 83 1
21 84 3
21 85 4
21 86 1
21 87 4
21 88 2
21 89 3
21 90 4
21 91 3
21 92 2
21 93 1
21 94 2
21 95 1
21 96 4
21 97 1
21 98 2
21 99 2
21 100 2
22 1 1
22 2 1
22 3 3
22 4 1
22 5 5
22 6 5
22 7 2
22 8 1
22 9 2
22 10 4
22 11 2
22 12 2
22 13 4
22 14 2
22 15 1
22 16 4
22 17 2
22 18 5
22 19 5
22 20 4
22 21 5
22 23 4
22 24 2
22 25 1
22 26 5
22 27 2
22 28 1
22 29 3
22 30 5
22 31 4
22 32 4
22 33 5
22 34 4
22 35 3
22 36 2
22 37 1
22 38 2
22 39 5
22 40 3
22 41 3
22 42 3
22 43 1
22 44 2
22 45 3
22 46 2
22 47 2
22 48 1
22 49 5
22 50 3
22 51 5
22 52 5
22 53 3
22 54 4
22 55 1
22 56 5
22 57 5
22 58 4
22 59 5
22 60 2
22 61 3
22 62 3
22 63 3
22 64 4
22 65 4
22 66 5
22 67 5
22 68 1
22 69 2
22 70 5
22 71 3
22 72 1
22 73 4
22 74 1
22 75 2
22 76 2
22 77 2
22 78 1
22 79 2
22 80 4
22 81 5
22 82 4
22 83 3
22 84 4
22 85 2
22 86 1
22 87 3
22 88 3
22 89 4
22 90 4
22 91 5
22 92 4
22 93 4
22 94 4
22 95 4
22 96 2
22 97 3
22 98 1
22 99 4
22 100 4
23 1 2
23 2 3
23 3 2
23 4 5
23 5 3
23 6 3
23 7 3
23 8 5
23 9 5
23 10 5
23 11 5
23 12 5
23 13 3
23 14 2
23 15 5
23 16 1
23 17 4
23 18 3
23 19 3
23 20 5
23 21 1
23 22 4
23 24 5
23 25 4
23 26 2
23 27 3
23 28 2
23 29 5
23 30 5
23 31 5
23 32 5
23 33 1
23 34 3
23 35 1
23 36 3
23 37 5
23 38 1
23 39 5
23 40 1
23 41 2
23 42 1
23 43 5
23 44 3
23 45 3
23 46 4
23 47 3
23 48 5
23 49 4
23 50 5
23 51 3
23 52 3
23 53 2
23 54 3
23 55 2
23 56 1
23 57 2
23 58 2
23 59 4
23 60 1
23 61 1
23 62 4
23 63 2
23 64 2
23 65 3
23 66 5
23 67 1
23 68 4
23 69 5
23 70 5
23 71 2
23 72 1
23 73 1
23 74 3
23 75 4
23 76 5
23 77 1
23 78 1
23 79 5
23 80 5
23 81 2
23 82 4
23 83 4
23 84 3
23 85 3
23 86 1
23 87 5
23 88 4
23 89 4
23 90 4
23 91 1
23 92 4
23 93 4
23 94 3
23 95 2
23 96 1
23 97 2
23 98 2
23 99 4
23 100 1
24 1 2
24 2 5
24 3 3
24 4 4
24 5 3
24 6 3
24 7 5
24 8 5
24 9 3
24 10 1
24 11 1
24 12 1
24 13 4
24 14 2
24 15 4
24 16 4
24 17 4
24 18 3
24 19 2
24 20 2
24 21 1
24 22 3
24 23 5
24 25 4
24 26 2
24 27 2
24 28 1
24 29 3
24 30 5
24 31 2
24 32 5
24 33 3
24 34 3
24 35 2
24 36 3
24 37 2
24 38 2
24 39 3
24 40 4
24 41 4
24 42 3
24 43 4
24 44 5
24 45 4
24 46 5
24 47 5
24 48 2
24 49 5
24 50 2
24 51 5
24 52 1
24 53 5
24 54 2
24 55 1
24 56 5
24 57 3
24 58 4
24 59 3
24 60 2
24 61 5
24 62 4
24 63 1
24 64 3
24 65 1
24 66 5
24 67 5
24 68 3
24 69 1
24 70 4
24 71 3
24 72 1
24 73 2
24 74 1
24 75 2
24 76 2
24 77 3
24 78 3
24 79 5
24 80 2
24 81 2
24 82 4
24 83 5
24 84 1
24 85 3
24 86 5
24 87 2
24 88 2
24 89 5
24 90 4
24 91 1
24 92 1
24 93 2
24 94 1
24 95 3
24 96 5
24 97 2
24 98 5
24 99 4
24 100 4
25 1 3
25 2 1
25 3 2
25 4 1
25 5 3
25 6 5
25 7 4
25 8 5
25 9 3
25 10 5
25 11 4
25 12 4
25 13 4
25 14 3
25 15 1
25 16 3
25 17 4
25 18 2
25 19 1
25 20 5
25 21 1
25 22 1
25 23 5
25 24 4
25 26 4
25 27 5
25 28 3
25 29 5
25 30 1
25 31 3
25 32 1
25 33 3
25 34 3
25 35 2
25 36 1
25 37 1
25 38 3
25 39 1
25 40 2
25 41 5
25 42 1
25 43 2
25 44 5
25 45 1
25 46 4
25 47 5
25 48 3
25 49 4
25 50 4
25 51 5
25 52 5
25 53 4
25 54 1
25 55 5
25 56 4
25 57 1
25 58 1
25 59 4
25 60 2
25 61 1
25 62 1
25 63 2
25 64 5
25 65 1
25 66 5
25 67 2
25 68 1
25 69 3
25 70 3
25 71 4
25 72 4
25 73 3
25 74 1
25 75 4
25 76 3
25 77 1
25 78 5
25 79 2
25 80 5
25 81 3
25 82 3
25 83 1
25 84 3
25 85 5
25 86 5
25 87 2
25 88 5
25 89 2
25 90 2
25 91 2
25 92 2
25 93 2
25 94 3
25 95 4
25 96 4
25 97 5
25 98 5
25 99 4
25 100 4
26 1 2
26 2 5
26 3 2
26 4 1
26 5 5
26 6 2
26 7 5
26 8 2
26 9 2
26 10 3
26 11 3
26 12 4
26 13 1
26 14 4
26 15 2
26 16 5
26 17 5
26 18 5
26 19 5
26 20 2
26 21 1
26 22 1
26 23 5
26 24 4
26 25 5
26 27 3
26 28 3
26 29 4
26 30 5
26 31 3
26 32 2
26 33 3
26 34 2
26 35 1
26 36 4
26 37 3
26 38 2
26 39 3
26 40 5
26 41 5
26 42 1
26 43 4
26 44 4
26 45 3
26 46 2
26 47 2
26 48 2
26 49 4
26 50 1
26 51 1
26 52 5
26 53 1
26 54 3
26 55 1
26 56 4
26 57 3
26 58 1
26 59 3
26 60 1
26 61 5
26 62 1
26 63 5
26 64 2
26 65 2
26 66 5
26 67 2
26 68 5
26 69 3
26 70 2
26 71 1
26 72 3
26 73 2
26 74 4
26 75 1
26 76 4
26 77 3
26 78 4
26 79 2
26 80 1
26 81 4
26 82 3
26 83 2
26 84 1
26 85 5
26 86 2
26 87 1
26 88 2
26 89 2
26 90 4
26 91 5
26 92 3
26 93 4
26 94 1
26 95 2
26 96 2
26 97 5
26 98 3
26 99 3
26 100 4
27 1 4
27 2 3
27 3 1
27 4 2
27 5 4
27 6 3
27 7 2
27 8 1
27 9 1
27 10 4
27 11 3
27 12 1
27 13 1
27 14 4
27 15 1
27 16 2
27 17 2
27 18 4
27 19 1
27 20 1
27 21 4
27 22 2
27 23 5
27 24 4
27 25 2
27 26 1
27 28 5
27 29 1
27 30 4
27 31 3
27 32 4
27 33 4
27 34 2
27 35 2
27 36 1
27 37 5
27 38 4
27 39 2
27 40 2
27 41 2
27 42 2
27 43 1
27 44 2
27 45 4
27 46 1
27 47 5
27 48 1
27 49 3
27 50 3
27 51 3
27 52 5
27 53 1
27 54 4
27 55 4
27 56 4
27 57 5
27 58 5
27 59 5
27 60 2
27 61 5
27 62 2
27 63 2
27 64 3
27 65 1
27 66 3
27 67 5
27 68 2
27 69 4
27 70 4
27 71 4
27 72 5
27 73 5
27 74 1
27 75 1
27 76 4
27 77 2
27 78 2
27 79 1
27 80 4
27 81 4
27 82 3
27 83 5
27 84 1
27 85 1
27 86 3
27 87 1
27 88 5
27 89 4
27 90 1
27 91 3
27 92 3
27 93 4
27 94 4
27 95 3
27 96 4
27 97 4
27 98 2
27 99 1
27 100 4
28 1 5
28 2 1
28 3 3
28 4 2
28 5 1
28 6 5
28 7 5
28 8 2
28 9 2
28 10 5
28 11 2
28 12 2
28 13 2
28 14 3
28 15 5
28 16 4
28 17 1
28 18 5
28 19 5
28 20 4
28 21 2
28 22 2
28 23 4
28 24 1
28 25 2
28 26 1
28 27 1
28 29 2
28 30 4
28 31 3
28 32 5
28 33 1
28 34 3
28 35 2
28 36 2
28 37 1
28 38 4
28 39 3
28 40 4
28 41 2
28 42 2
28 43 3
28 44 3
28 45 5
28 46 5
28 47 2
28 48 3
28 49 2
28 50 2
28 51 4
28 52 3
28 53 5
28 54 5
28 55 1
28 56 5
28 57 3
28 58 3
28 59 3
28 60 5
28 61 1
28 62 5
28 63 4
28 64 3
28 65 5
28 66 3
28 67 4
28 68 2
28 69 1
28 70 1
28 71 5
28 72 2
28 73 4
28 74 4
28 75 1
28 76 5
28 77 1
28 78 3
28 79 4
28 80 2
28 81 1
28 82 2
28 83 4
28 84 2
28 85 3
28 86 1
28 87 2
28 88 1
28 89 3
28 90 1
28 91 2
28 92 1
28 93 2
28 94 5
28 95 3
28 96 1
28 97 4
28 98 2
28 99 4
28 100 1
29 1 4
29 2 1
29 3 4
29 4 5
29 5 4
29 6 5
29 7 4
29 8 4
29 9 4
29 10 5
29 11 3
29 12 1
29 13 3
29 14 1
29 15 2
29 16 1
29 17 2
29 18 5
29 19 3
29 20 1
29 21 2
29 22 4
29 23 1
29 24 4
29 25 5
29 26 4
29 27 4
29 28 4
29 30 2
29 31 3
29 32 4
29 33 5
29 34 3
29 35 5
29 36 1
29 37 3
29 38 4
29 39 2
29 40 4
29 41 4
29 42 1
29 43 1
29 44 4
29 45 3
29 46 3
29 47 2
29 48 3
29 49 1
29 50 4
29 51 2
29 52 2
29 53 5
29 54 5
29 55 2
29 56 3
29 57 5
29 58 2
29 59 4
29 60 5
29 61 3
29 62 3
29 63 5
29 64 5
29 65 2
29 66 4
29 67 5
29 68 4
29 69 4
29 70 1
29 71 4
29 72 2
29 73 1
29 74 4
29 75 2
29 76 1
29 77 4
29 78 4
29 79 5
29 80 4
29 81 2
29 82 2
29 83 2
29 84 3
29 85 3
29 86 1
29 87 1
29 88 4
29 89 2
29 90 4
29 91 3
29 92 5
29 93 1
29 94 5
29 95 1
29 96 4
29 97 3
29 98 5
29 99 2
29 100 2
30 1 1
30 2 1
30 3 3
30 4 3
30 5 1
30 6 2
30 7 5
30 8 1
30 9 5
30 10 5
30 11 5
30 12 3
30 13 3
30 14 3
30 15 5
30 16 5
30 17 3
30 18 2
30 19 4
30 20 2
30 21 2
30 22 3
30 23 3
30 24 4
30 25 2
30 26 3
30 27 2
30 28 5
30 29 2
30 31 1
30 32 3
30 33 4
30 34 3
30 35 2
30 36 4
30 37 3
30 38 3
30 39 3
30 40 4
30 41 4
30 42 4
30 43 5
30 44 1
30 45 1
30 46 4
30 47 3
30 48 3
30 49 2
30 50 1
30 51 1
30 52 5
30 53 3
30 54 5
30 55 2
30 56 3
30 57 2
30 58 4
30 59 5
30 60 3
30 61 2
30 62 5
30 63 5
30 64 3
30 65 2
30 66 1
30 67 3
30 68 1
30 69 1
30 70 5
30 71 1
30 72 4
30 73 1
30 74 2
30 75 2
30 76 3
30 77 1
30 78 1
30 79 5
30 80 4
30 81 1
30 82 2
30 83 3
30 84 5
30 85 2
30 86 1
30 87 3
30 88 3
30 89 4
30 90 2
30 91 2
30 92 2
30 93 3
30 94 1
30 95 1
30 96 4
30 97 3
30 98 3
30 99 1
30 100 3
31 1 5
31 2 2
31 3 4
31 4 5
31 5 3
31 6 5
31 7 2
31 8 3
31 9 5
31 10 2
31 11 1
31 12 2
31 13 3
31 14 5
31 15 4
31 16 4
31 17 5
31 18 1
31 19 3
31 20 5
31 21 4
31 22 4
31 23 4
31 24 3
31 25 1
31 26 4
31 27 3
31 28 1
31 29 2
31 30 3
31 32 3
31 33 1
31 34 4
31 35 3
31 36 5
31 37 2
31 38 2
31 39 3
31 40 1
31 41 3
31 42 1
31 43 4
31 44 2
31 45 1
31 46 5
31 47 5
31 48 1
31 49 5
31 50 2
31 51 4
31 52 1
31 53 2
31 54 4
31 55 4
31 56 4
31 57 5
31 58 3
31 59 1
31 60 5
31 61 1
31 62 3
31 63 4
31 64 1
31 65 4
31 66 4
31 67 2
31 68 2
31 69 5
31 70 4
31 71 2
31 72 5
31 73 5
31 74 2
31 75 3
31 76 5
31 77 2
31 78 2
31 79 5
31 80 3
31 81 5
31 82 5
31 83 3
31 84 1
31 85 4
31 86 4
31 87 4
31 88 5
31 89 1
31 90 1
31 91 1
31 92 3
31 93 5
31 94 1
31 95 3
31 96 3
31 97 4
31 98 1
31 99 4
31 100 1
32 1 4
32 2 3
32 3 5
32 4 5
32 5 4
32 6 2
32 7 1
32 8 2
32 9 5
32 10 3
32 11 4
32 12 4
32 13 4
32 14 2
32 15 4
32 16 4
32 17 2
32 18 4
32 19 3
32 20 4
32 21 1
32 22 5
32 23 1
32 24 5
32 25 1
32 26 5
32 27 5
32 28 4
32 29 5
32 30 5
32 31 4
32 33 3
32 34 2
32 35 5
32 36 5
32 37 3
32 38 3
32 39 2
32 40 4
32 41 2
32 42 4
32 43 5
32 44 2
32 45 3
32 46 3
32 47 2
32 48 3
32 49 4
32 50 2
32 51 1
32 52 2
32 53 2
32 54 2
32 55 2
32 56 4
32 57 2
32 58 1
32 59 3
32 60 3
32 61 5
32 62 2
32 63 3
32 64 4
32 65 1
32 66 3
32 67 5
32 68 3
32 69 5
32 70 2
32 71 3
32 72 4
32 73 2
32 74 4
32 75 5
32 76 1
32 77 1
32 78 2
32 79 4
32 80 4
32 81 3
32 82 1
32 83 2
32 84 2
32 85 2
32 86 5
32 87 5
32 88 1
32 89 5
32 90 2
32 91 3
32 92 1
32 93 5
32 94 5
32 95 2
32 96 5
32 97 4
32 98 3
32 99 4
32 100 4
33 1 4
33 2 4
33 3 4
33 4 3
33 5 2
33 6 3
33 7 3
33 8 3
33 9 1
33 10 1
33 11 3
33 12 1
33 13 3
33 14 5
33 15 2
33 16 5
33 17 1
33 18 1
33 19 5
33 20 3
33 21 4
33 22 4
33 23 3
33 24 5
33 25 3
33 26 1
33 27 2
33 28 2
33 29 4
33 30 5
33 31 2
33 32 4
33 34 5
33 35 5
33 36 1
33 37 2
33 38 4
33 39 1
33 40 1
33 41 5
33 42 3
33 43 5
33 44 5
33 45 1
33 46 1
33 47 1
33 48 2
33 49 2
33 50 3
33 51 1
33 52 4
33 53 3
33 54 4
33 55 3
33 56 2
33 57 3
33 58 1
33 59 3
33 60 1
33 61 1
33 62 5
33 63 2
33 64 4
33 65 4
33 66 1
33 67 2
33 68 2
33 69 2
33 70 4
33 71 4
33 72 1
33 73 1
33 74 4
33 75 2
33 76 1
33 77 1
33 78 2
33 79 2
33 80 2
33 81 1
33 82 4
33 83 2
33 84 3
33 85 4
33 86 5
33 87 4
33 88 2
33 89 5
33 90 4
33 91 2
33 92 5
33 93 3
33 94 1
33 95 5
33 96 3
33 97 3
33 98 3
33 99 5
33 100 4
34 1 1
34 2 3
34 3 1
34 4 2
34 5 3
34 6 2
34 7 4
34 8 4
34 9 5
34 10 3
34 11 2
34 12 5
34 13 3
34 14 4
34 15 4
34 16 2
34 17 3
34 18 5
34 19 5
34 20 4
34 21 3
34 22 3
34 23 5
34 24 2
34 25 3
34 26 4
34 27 4
34 28 1
34 29 2
34 30 3
34 31 1
34 32 4
34 33 3
34 35 2
34 36 2
34 37 2
34 38 3
34 39 3
34 40 5
34 41 3
34 42 5
34 43 4
34 44 4
34 45 4
34 46 2
34 47 3
34 48 2
34 49 1
34 50 2
34 51 1
34 52 1
34 53 1
34 54 4
34 55 5
34 56 2
34 57 3
34 58 5
34 59 5
34 60 5
34 61 3
34 62 5
34 63 1
34 64 2
34 65 4
34 66 4
34 67 3
34 68 5
34 69 1
34 70 2
34 71 2
34 72 5
34 73 3
34 74 5
34 75 4
34 76 2
34 77 3
34 78 1
34 79 3
34 80 5
34 81 4
34 82 1
34 83 5
34 84 4
34 85 4
34 86 4
34 87 2
34 88 3
34 89 3
34 90 3
34 91 3
34 92 1
34 93 2
34 94 5
34 95 4
34 96 5
34 97 3
34 98 3
34 99 2
34 100 5
35 1 5
35 2 5
35 3 5
35 4 2
35 5 4
35 6 3
35 7 3
35 8 3
35 9 5
35 10 3
35 11 2
35 12 3
35 13 3
35 14 1
35 15 3
35 16 3
35 17 1
35 18 1
35 19 5
35 20 5
35 21 3
35 22 4
35 23 2
35 24 2
35 25 5
35 26 5
35 27 3
35 28 4
35 29 3
35 30 4
35 31 4
35 32 4
35 33 3
35 34 3
35 36 5
35 37 3
35 38 2
35 39 5
35 40 5
35 41 1
35 42 2
35 43 3
35 44 5
35 45 1
35 46 5
35 47 4
35 48 3
35 49 2
35 50 4
35 51 4
35 52 2
35 53 3
35 54 5
35 55 5
35 56 4
35 57 1
35 58 5
35 59 2
35 60 5
35 61 4
35 62 2
35 63 3
35 64 2
35 65 5
35 66 2
35 67 3
35 68 4
35 69 5
35 70 4
35 71 1
35 72 5
35 73 2
35 74 3
35 75 1
35 76 2
35 77 5
35 78 1
35 79 1
35 80 1
35 81 1
35 82 2
35 83 4
35 84 3
35 85 1
35 86 4
35 87 2
35 88 3
35 89 3
35 90 5
35 91 2
35 92 3
35 93 1
35 94 1
35 95 1
35 96 2
35 97 4
35 98 5
35 99 1
35 100 3
36 1 4
36 2 3
36 3 4
36 4 5
36 5 2
36 6 4
36 7 2
36 8 1
36 9 4
36 10 4
36 11 4
36 12 1
36 13 5
36 14 2
36 15 4
36 16 2
36 17 5
36 18 2
36 19 5
36 20 4
36 21 3
36 22 1
36 23 3
36 24 3
36 25 4
36 26 3
36 27 2
36 28 2
36 29 3
36 30 4
36 31 5
36 32 1
36 33 1
36 34 3
36 35 2
36 37 2
36 38 4
36 39 3
36 40 5
36 41 2
36 42 4
36 43 3
36 44 5
36 45 3
36 46 4
36 47 3
36 48 5
36 49 1
36 50 1
36 51 4
36 52 4
36 53 3
36 54 1
36 55 2
36 56 2
36 57 4
36 58 1
36 59 3
36 60 1
36 61 5
36 62 1
36 63 5
36 64 5
36 65 3
36 66 4
36 67 4
36 68 2
36 69 2
36 70 3
36 71 1
36 72 1
36 73 1
36 74 3
36 75 5
36 76 4
36 77 3
36 78 4
36 79 3
36 80 3
36 81 4
36 82 3
36 83 2
36 84 1
36 85 3
36 86 5
36 87 2
36 88 2
36 89 5
36 90 2
36 91 2
36 92 2
36 93 4
36 94 3
36 95 3
36 96 2
36 97 1
36 98 1
36 99 3
36 100 5
37 1 4
37 2 5
37 3 5
37 4 4
37 5 2
37 6 4
37 7 2
37 8 4
37 9 2
37 10 1
37 11 4
37 12 2
37 13 3
37 14 5
37 15 2
37 16 3
37 17 1
37 18 5
37 19 4
37 20 2
37 21 1
37 22 2
37 23 3
37 24 5
37 25 1
37 26 1
37 27 3
37 28 1
37 29 1
37 30 2
37 31 5
37 32 4
37 33 1
37 34 1
37 35 5
37 36 2
37 38 4
37 39 3
37 40 2
37 41 2
37 42 4
37 43 5
37 44 3
37 45 3
37 46 1
37 47 1
37 48 2
37 49 3
37 50 1
37 51 5
37 52 5
37 53 3
37 54 3
37 55 4
37 56 4
37 57 3
37 58 4
37 59 3
37 60 1
37 61 2
37 62 4
37 63 2
37 64 2
37 65 4
37 66 3
37 67 1
37 68 2
37 69 3
37 70 4
37 71 1
37 72 5
37 73 4
37 74 2
37 75 4
37 76 3
37 77 3
37 78 2
37 79 5
37 80 2
37 81 4
37 82 1
37 83 1
37 84 1
37 85 1
37 86 5
37 87 2
37 88 3
37 89 5
37 90 4
37 91 5
37 92 1
37 93 3
37 94 2
37 95 5
37 96 3
37 97 4
37 98 5
37 99 5
37 100 3
38 1 5
38 2 5
38 3 4
38 4 5
38 5 1
38 6 3
38 7 5
38 8 5
38 9 4
38 10 1
38 11 2
38 12 2
38 13 1
38 14 4
38 15 4
38 16 3
38 17 5
38 18 2
38 19 1
38 20 2
38 21 3
38 22 2
38 23 2
38 24 2
38 25 3
38 26 3
38 27 4
38 28 3
38 29 3
38 30 5
38 31 1
38 32 4
38 33 1
38 34 4
38 35 1
38 36 4
38 37 3
38 39 5
38 40 3
38 41 3
38 42 5
38 43 1
38 44 1
38 45 2
38 46 2
38 47 5
38 48 2
38 49 1
38 50 3
38 51 4
38 52 2
38 53 5
38 54 5
38 55 1
38 56 1
38 57 3
38 58 3
38 59 2
38 60 2
38 61 2
38 62 1
38 63 2
38 64 3
38 65 4
38 66 3
38 67 5
38 68 2
38 69 5
38 70 4
38 71 4
38 72 3
38 73 5
38 74 2
38 75 3
38 76 3
38 77 3
38 78 4
38 79 4
38 80 5
38 81 2
38 82 2
38 83 4
38 84 3
38 85 2
38 86 4
38 87 1
38 88 1
38 89 3
38 90 4
38 91 2
38 92 2
38 93 1
38 94 1
38 95 1
38 96 4
38 97 3
38 98 5
38 99 5
38 100 2
39 1 5
39 2 4
39 3 4
39 4 4
39 5 2
39 6 4
39 7 3
39 8 1
39 9 2
39 10 2
39 11 5
39 12 5
39 13 5
39 14 3
39 15 5
39 16 3
39 17 3
39 18 2
39 19 5
39 20 3
39 21 5
39 22 2
39 23 4
39 24 5
39 25 2
39 26 1
39 27 4
39 28 4
39 29 5
39 30 3
39 31 2
39 32 4
39 33 3
39 34 3
39 35 4
39 36 1
39 37 1
39 38 1
39 40 1
39 41 4
39 42 4
39 43 1
39 44 1
39 45 1
39 46 5
39 47 2
39 48 3
39 49 5
39 50 3
39 51 3
39 52 2
39 53 4
39 54 1
39 55 2
39 56 5
39 57 2
39 58 2
39 59 3
39 60 2
39 61 1
39 62 3
39 63 5
39 64 1
39 65 2
39 66 2
39 67 4
39 68 3
39 69 4
39 70 4
39 71 3
39 72 5
39 73 5
39 74 5
39 75 2
39 76 5
39 77 2
39 78 3
39 79 2
39 80 1
39 81 2
39 82 1
39 83 2
39 84 2
39 85 1
39 86 5
39 87 1
39 88 4
39 89 1
39 90 1
39 91 2
39 92 3
39 93 3
39 94 2
39 95 5
39 96 1
39 97 5
39 98 3
39 99 3
39 100 1
40 1 3
40 2 3
40 3 5
40 4 2
40 5 4
40 6 3
40 7 1
40 8 5
40 9 5
40 10 5
40 11 5
40 12 3
40 13 5
40 14 3
40 15 1
40 16 3
40 17 2
40 18 1
40 19 1
40 20 4
40 21 1
40 22 5
40 23 3
40 24 5
40 25 1
40 26 2
40 27 1
40 28 2
40 29 4
40 30 5
40 31 2
40 32 4
40 33 2
40 34 3
40 35 5
40 36 1
40 37 5
40 38 3
40 39 2
40 41 1
40 42 2
40 43 4
40 44 5
40 45 3
40 46 1
40 47 5
40 48 5
40 49 5
40 50 1
40 51 3
40 52 5
40 53 3
40 54 2
40 55 3
40 56 5
40 57 4
40 58 1
40 59 5
40 60 5
40 61 2
40 62 1
40 63 4
40 64 5
40 65 3
40 66 1
40 67 4
40 68 5
40 69 3
40 70 3
40 71 1
40 72 3
40 73 4
40 74 1
40 75 3
40 76 4
40 77 2
40 78 4
40 79 3
40 80 3
40 81 1
40 82 2
40 83 2
40 84 4
40 85 3
40 86 1
40 87 5
40 88 1
40 89 4
40 90 4
40 91 3
40 92 5
40 93 4
40 94 3
40 95 4
40 96 3
40 97 3
40 98 4
40 99 4
40 100 2
41 1 2
41 2 2
41 3 5
41 4 5
41 5 2
41 6 4
41 7 3
41 8 5
41 9 2
41 10 3
41 11 2
41 12 3
41 13 4
41 14 1
41 15 3
41 16 4
41 17 3
41 18 2
41 19 1
41 20 1
41 21 2
41 22 3
41 23 5
41 24 2
41 25 5
41 26 3
41 27 2
41 28 5
41 29 2
41 30 5
41 31 1
41 32 3
41 33 1
41 34 2
41 35 4
41 36 3
41 37 5
41 38 4
41 39 2
41 40 4
41 42 3
41 43 1
41 44 1
41 45 3
41 46 1
41 47 3
41 48 1
41 49 5
41 50 1
41 51 2
41 52 1
41 53 2
41 54 1
41 55 2
41 56 3
41 57 1
41 58 5
41 59 4
41 60 2
41 61 3
41 62 1
41 63 4
41 64 2
41 65 1
41 66 1
41 67 2
41 68 5
41 69 2
41 70 2
41 71 2
41 72 5
41 73 4
41 74 4
41 75 5
41 76 2
41 77 4
41 78 4
41 79 4
41 80 5
41 81 4
41 82 5
41 83 5
41 84 2
41 85 1
41 86 2
41 87 2
41 88 3
41 89 3
41 90 2
41 91 1
41 92 2
41 93 2
41 94 4
41 95 5
41 96 5
41 97 1
41 98 1
41 99 4
41 100 3
42 1 5
42 2 2
42 3 2
42 4 3
42 5 5
42 6 2
42 7 1
42 8 5
42 9 2
42 10 5
42 11 2
42 12 3
42 13 1
42 14 1
42 15 4
42 16 3
42 17 4
42 18 2
42 19 2
42 20 3
42 21 4
42 22 2
42 23 1
42 24 2
42 25 3
42 26 5
42 27 1
42 28 3
42 29 3
42 30 2
42 31 5
42 32 2
42 33 3
42 34 4
42 35 1
42 36 5
42 37 2
42 38 4
42 39 1
42 40 3
42 41 3
42 43 2
42 44 5
42 45 5
42 46 5
42 47 1
42 48 3
42 49 5
42 50 2
42 51 1
42 52 3
42 53 2
42 54 5
42 55 5
42 56 4
42 57 2
42 58 2
42 59 1
42 60 1
42 61 4
42 62 2
42 63 3
42 64 2
42 65 2
42 66 1
42 67 4
42 68 1
42 69 2
42 70 2
42 71 3
42 72 1
42 73 1
42 74 2
42 75 1
42 76 3
42 77 1
42 78 3
42 79 2
42 80 5
42 81 1
42 82 2
42 83 4
42 84 3
42 85 1
42 86 4
42 87 3
42 88 4
42 89 5
42 90 3
42 91 5
42 92 5
42 93 5
42 94 4
42 95 3
42 96 1
42 97 4
42 98 3
42 99 3
42 100 2
43 1 2
43 2 5
43 3 2
43 4 4
43 5 1
43 6 4
43 7 1
43 8 3
43 9 1
43 10 2
43 11 3
43 12 2
43 13 4
43 14 3
43 15 1
43 16 1
43 17 3
43 18 3
43 19 5
43 20 2
43 21 5
43 22 1
43 23 3
43 24 4
43 25 4
43 26 2
43 27 1
43 28 2
43 29 5
43 30 3
43 31 5
43 32 3
43 33 3
43 34 1
43 35 1
43 36 5
43 37 5
43 38 2
43 39 3
43 40 2
43 41 5
43 42 2
43 44 5
43 45 3
43 46 4
43 47 5
43 48 1
43 49 2
43 50 2
43 51 5
43 52 5
43 53 4
43 54 5
43 55 5
43 56 4
43 57 3
43 58 3
43 59 5
43 60 1
43 61 4
43 62 2
43 63 5
43 64 1
43 65 1
43 66 2
43 67 2
43 68 3
43 69 1
43 70 5
43 71 5
43 72 5
43 73 4
43 74 3
43 75 4
43 76 2
43 77 3
43 78 4
43 79 4
43 80 1
43 81 2
43 82 3
43 83 3
43 84 5
43 85 4
43 86 2
43 87 1
43 88 1
43 89 4
43 90 5
43 91 3
43 92 3
43 93 3
43 94 4
43 95 5
43 96 4
43 97 5
43 98 1
43 99 3
43 100 3
44 1 5
44 2 2
44 3 2
44 4 4
44 5 1
44 6 5
44 7 2
44 8 3
44 9 3
44 10 5
44 11 4
44 12 2
44 13 4
44 14 1
44 15 1
44 16 2
44 17 4
44 18 1
44 19 4
44 20 4
44 21 2
44 22 1
44 23 3
44 24 5
44 25 1
44 26 3
44 27 5
44 28 5
44 29 3
44 30 2
44 31 2
44 32 5
44 33 5
44 34 3
44 35 5
44 36 5
44 37 5
44 38 1
44 39 4
44 40 2
44 41 2
44 42 2
44 43 5
44 45 5
44 46 4
44 47 1
44 48 3
44 49 2
44 50 3
44 51 1
44 52 1
44 53 2
44 54 3
44 55 3
44 56 1
44 57 3
44 58 5
44 59 2
44 60 4
44 61 5
44 62 3
44 63 3
44 64 4
44 65 4
44 66 5
44 67 3
44 68 3
44 69 1
44 70 5
44 71 3
44 72 3
44 73 3
44 74 5
44 75 2
44 76 2
44 77 3
44 78 4
44 79 1
44 80 5
44 81 4
44 82 1
44 83 2
44 84 2
44 85 5
44 86 4
44 87 4
44 88 4
44 89 1
44 90 5
44 91 2
44 92 5
44 93 4
44 94 4
44 95 5
44 96 2
44 97 1
44 98 4
44 99 1
44 100 1
45 1 5
45 2 3
45 3 5
45 4 2
45 5 4
45 6 4
45 7 5
45 8 2
45 9 4
45 10 5
45 11 3
45 12 4
45 13 2
45 14 1
45 15 5
45 16 1
45 17 4
45 18 3
45 19 1
45 20 1
45 21 4
45 22 2
45 23 2
45 24 2
45 25 3
45 26 3
45 27 5
45 28 5
45 29 1
45 30 5
45 31 2
45 32 2
45 33 5
45 34 2
45 35 3
45 36 3
45 37 2
45 38 2
45 39 1
45 40 2
45 41 3
45 42 3
45 43 1
45 44 4
45 46 3
45 47 2
45 48 1
45 49 4
45 50 2
45 51 3
45 52 1
45 53 2
45 54 5
45 55 3
45 56 4
45 57 4
45 58 5
45 59 5
45 60 3
45 61 3
45 62 5
45 63 1
45 64 4
45 65 4
45 66 2
45 67 2
45 68 3
45 69 5
45 70 5
45 71 4
45 72 2
45 73 5
45 74 1
45 75 4
45 76 5
45 77 1
45 78 2
45 79 3
45 80 1
45 81 5
45 82 5
45 83 1
45 84 2
45 85 1
45 86 5
45 87 2
45 88 4
45 89 5
45 90 1
45 91 3
45 92 4
45 93 5
45 94 4
45 95 2
45 96 5
45 97 2
45 98 5
45 99 3
45 100 2
46 1 2
46 2 1
46 3 5
46 4 1
46 5 3
46 6 5
46 7 5
46 8 5
46 9 1
46 10 2
46 11 2
46 12 3
46 13 2
46 14 5
46 15 4
46 16 2
46 17 4
46 18 5
46 19 3
46 20 5
46 21 5
46 22 5
46 23 3
46 24 2
46 25 5
46 26 2
46 27 3
46 28 2
46 29 1
46 30 2
46 31 5
46 32 2
46 33 4
46 34 1
46 35 4
46 36 4
46 37 5
46 38 4
46 39 3
46 40 2
46 41 2
46 42 2
46 43 4
46 44 5
46 45 1
46 47 4
46 48 4
46 49 4
46 50 3
46 51 1
46 52 1
46 53 5
46 54 2
46 55 5
46 56 3
46 57 4
46 58 1
46 59 5
46 60 5
46 61 4
46 62 4
46 63 1
46 64 2
46 65 2
46 66 1
46 67 1
46 68 5
46 69 2
46 70 1
46 71 5
46 72 5
46 73 4
46 74 1
46 75 4
46 76 4
46 77 3
46 78 2
46 79 4
46 80 1
46 81 2
46 82 4
46 83 3
46 84 3
46 85 2
46 86 3
46 87 5
46 88 5
46 89 5
46 90 1
46 91 1
46 92 3
46 93 4
46 94 1
46 95 5
46 96 1
46 97 3
46 98 2
46 99 2
46 100 1
47 1 4
47 2 3
47 3 1
47 4 2
47 5 3
47 6 1
47 7 2
47 8 5
47 9 4
47 10 5
47 11 3
47 12 2
47 13 3
47 14 2
47 15 4
47 16 2
47 17 4
47 18 3
47 19 3
47 20 1
47 21 4
47 22 4
47 23 3
47 24 4
47 25 1
47 26 4
47 27 1
47 28 1
47 29 2
47 30 3
47 31 3
47 32 5
47 33 5
47 34 3
47 35 2
47 36 5
47 37 5
47 38 3
47 39 1
47 40 1
47 41 3
47 42 5
47 43 2
47 44 2
47 45 2
47 46 1
47 48 5
47 49 2
47 50 3
47 51 3
47 52 2
47 53 3
47 54 3
47 55 2
47 56 2
47 57 3
47 58 2
47 59 2
47 60 5
47 61 4
47 62 1
47 63 3
47 64 3
47 65 3
47 66 2
47 67 4
47 68 4
47 69 2
47 70 4
47 71 4
47 72 2
47 73 3
47 74 1
47 75 3
47 76 4
47 77 4
47 78 5
47 79 1
47 80 2
47 81 5
47 82 3
47 83 1
47 84 2
47 85 5
47 86 2
47 87 5
47 88 4
47 89 3
47 90 2
47 91 4
47 92 1
47 93 2
47 94 3
47 95 4
47 96 1
47 97 4
47 98 4
47 99 4
47 100 5
48 1 4
48 2 5
48 3 3
48 4 1
48 5 5
48 6 3
48 7 2
48 8 3
48 9 2
48 10 2
48 11 1
48 12 1
48 13 4
48 14 1
48 15 5
48 16 5
48 17 2
48 18 4
48 19 5
48 20 2
48 21 2
48 22 3
48 23 4
48 24 1
48 25 2
48 26 4
48 27 1
48 28 1
48 29 5
48 30 5
48 31 2
48 32 3
48 33 4
48 34 5
48 35 4
48 36 5
48 37 4
48 38 5
48 39 4
48 40 2
48 41 1
48 42 4
48 43 5
48 44 1
48 45 2
48 46 4
48 47 5
48 49 5
48 50 4
48 51 4
48 52 1
48 53 1
48 54 4
48 55 2
48 56 1
48 57 5
48 58 5
48 59 1
48 60 5
48 61 4
48 62 2
48 63 4
48 64 2
48 65 2
48 66 5
48 67 5
48 68 1
48 69 3
48 70 1
48 71 1
48 72 4
48 73 1
48 74 2
48 75 5
48 76 1
48 77 3
48 78 3
48 79 2
48 80 2
48 81 2
48 82 2
48 83 3
48 84 4
48 85 5
48 86 1
48 87 4
48 88 2
48 89 5
48 90 4
48 91 3
48 92 1
48 93 3
48 94 1
48 95 2
48 96 4
48 97 5
48 98 3
48 99 2
48 100 2
49 1 3
49 2 2
49 3 3
49 4 5
49 5 5
49 6 2
49 7 2
49 8 2
49 9 2
49 10 3
49 11 4
49 12 5
49 13 4
49 14 3
49 15 3
49 16 1
49 17 3
49 18 1
49 19 2
49 20 2
49 21 1
49 22 4
49 23 4
49 24 3
49 25 5
49 26 5
49 27 4
49 28 1
49 29 4
49 30 2
49 31 3
49 32 3
49 33 5
49 34 2
49 35 4
49 36 5
49 37 5
49 38 5
49 39 1
49 40 1
49 41 4
49 42 1
49 43 5
49 44 5
49 45 3
49 46 2
49 47 5
49 48 5
49 50 4
49 51 3
49 52 4
49 53 5
49 54 1
49 55 2
49 56 4
49 57 2
49 58 4
49 59 4
49 60 3
49 61 4
49 62 5
49 63 2
49 64 4
49 65 5
49 66 5
49 67 2
49 68 4
49 69 4
49 70 4
49 71 1
49 72 2
49 73 2
49 74 2
49 75 1
49 76 1
49 77 4
49 78 5
49 79 2
49 80 1
49 81 5
49 82 4
49 83 1
49 84 1
49 85 2
49 86 2
49 87 5
49 88 5
49 89 2
49 90 5
49 91 2
49 92 3
49 93 5
49 94 5
49 95 1
49 96 1
49 97 4
49 98 2
49 99 4
49 100 3
50 1 5
50 2 1
50 3 4
50 4 2
50 5 2
50 6 1
50 7 4
50 8 3
50 9 2
50 10 3
50 11 3
50 12 2
50 13 3
50 14 3
50 15 2
50 16 4
50 17 1
50 18 3
50 19 1
50 20 5
50 21 5
50 22 4
50 23 2
50 24 4
50 25 4
50 26 2
50 27 4
50 28 2
50 29 5
50 30 4
50 31 1
50 32 5
50 33 4
50 34 1
50 35 3
50 36 1
50 37 4
50 38 3
50 39 3
50 40 2
50 41 5
50 42 2
50 43 3
50 44 3
50 45 1
50 46 2
50 47 3
50 48 1
50 49 1
50 51 5
50 52 2
50 53 5
50 54 4
50 55 3
50 56 5
50 57 2
50 58 1
50 59 5
50 60 5
50 61 1
50 62 3
50 63 3
50 64 2
50 65 2
50 66 5
50 67 4
50 68 4
50 69 3
50 70 3
50 71 3
50 72 5
50 73 3
50 74 4
50 75 4
50 76 2
50 77 1
50 78 2
50 79 1
50 80 3
50 81 5
50 82 1
50 83 5
50 84 1
50 85 4
50 86 4
50 87 1
50 88 2
50 89 2
50 90 5
50 91 3
50 92 2
50 93 5
50 94 5
50 95 5
50 96 3
50 97 5
50 98 5
50 99 1
50 100 4
51 1 2
51 2 5
51 3 5
51 4 1
51 5 5
51 6 1
51 7 2
51 8 5
51 9 2
51 10 5
51 11 2
51 12 3
51 13 2
51 14 3
51 15 4
51 16 2
51 17 2
51 18 1
51 19 3
51 20 3
51 21 5
51 22 5
51 23 1
51 24 1
51 25 2
51 26 5
51 27 3
51 28 3
51 29 4
51 30 3
51 31 1
51 32 2
51 33 4
51 34 1
51 35 3
51 36 3
51 37 1
51 38 4
51 39 4
51 40 4
51 41 5
51 42 1
51 43 2
51 44 1
51 45 3
51 46 2
51 47 2
51 48 1
51 49 2
51 50 4
51 52 5
51 53 3
51 54 1
51 55 2
51 56 4
51 57 4
51 58 3
51 59 1
51 60 1
51 61 3
51 62 1
51 63 1
51 64 5
51 65 1
51 66 3
51 67 2
51 68 4
51 69 5
51 70 2
51 71 2
51 72 1
51 73 2
51 74 4
51 75 4
51 76 4
51 77 4
51 78 5
51 79 1
51 80 1
51 81 3
51 82 1
51 83 1
51 84 5
51 85 3
51 86 4
51 87 5
51 88 1
51 89 2
51 90 1
51 91 1
51 92 1
51 93 3
51 94 4
51 95 5
51 96 3
51 97 3
51 98 1
51 99 3
51 100 5
52 1 5
52 2 5
52 3 5
52 4 3
52 5 5
52 6 3
52 7 1
52 8 3
52 9 4
52 10 1
52 11 1
52 12 1
52 13 4
52 14 3
52 15 2
52 16 1
52 17 1
52 18 2
52 19 4
52 20 4
52 21 4
52 22 4
52 23 5
52 24 1
52 25 4
52 26 4
52 27 5
52 28 2
52 29 2
52 30 3
52 31 1
52 32 1
52 33 4
52 34 5
52 35 5
52 36 3
52 37 4
52 38 5
52 39 3
52 40 4
52 41 3
52 42 5
52 43 1
52 44 1
52 45 2
52 46 2
52 47 3
52 48 2
52 49 5
52 50 1
52 51 1
52 53 3
52 54 2
52 55 2
52 56 5
52 57 5
52 58 5
52 59 5
52 60 3
52 61 3
52 62 2
52 63 3
52 64 5
52 65 2
52 66 4
52 67 4
52 68 1
52 69 4
52 70 4
52 71 3
52 72 2
52 73 3
52 74 4
52 75 4
52 76 5
52 77 5
52 78 3
52 79 2
52 80 2
52 81 2
52 82 5
52 83 4
52 84 5
52 85 3
52 86 5
52 87 4
52 88 2
52 89 1
52 90 5
52 91 5
52 92 4
52 93 3
52 94 4
52 95 5
52 96 4
52 97 3
52 98 4
52 99 5
52 100 1
53 1 4
53 2 4
53 3 5
53 4 1
53 5 3
53 6 5
53 7 5
53 8 2
53 9 2
53 10 3
53 11 5
53 12 4
53 13 4
53 14 5
53 15 3
53 16 1
53 17 1
53 18 3
53 19 5
53 20 4
53 21 5
53 22 4
53 23 4
53 24 2
53 25 4
53 26 3
53 27 3
53 28 1
53 29 1
53 30 4
53 31 4
53 32 1
53 33 2
53 34 5
53 35 1
53 36 1
53 37 4
53 38 2
53 39 5
53 40 1
53 41 5
53 42 1
53 43 4
53 44 3
53 45 3
53 46 3
53 47 1
53 48 3
53 49 2
53 50 5
53 51 1
53 52 1
53 54 3
53 55 4
53 56 5
53 57 3
53 58 2
53 59 2
53 60 4
53 61 4
53 62 5
53 63 4
53 64 5
53 65 3
53 66 3
53 67 2
53 68 1
53 69 3
53 70 1
53 71 5
53 72 3
53 73 5
53 74 5
53 75 3
53 76 4
53 77 2
53 78 5
53 79 1
53 80 2
53 81 4
53 82 5
53 83 4
53 84 1
53 85 4
53 86 3
53 87 5
53 88 2
53 89 1
53 90 3
53 91 5
53 92 1
53 93 4
53 94 5
53 95 2
53 96 2
53 97 2
53 98 4
53 99 2
53 100 4
54 1 4
54 2 3
54 3 4
54 4 5
54 5 4
54 6 1
54 7 5
54 8 3
54 9 3
54 10 1
54 11 4
54 12 1
54 13 2
54 14 2
54 15 3
54 16 1
54 17 1
54 18 3
54 19 2
54 20 3
54 21 5
54 22 3
54 23 1
54 24 4
54 25 2
54 26 2
54 27 2
54 28 5
54 29 2
54 30 5
54 31 5
54 32 2
54 33 2
54 34 3
54 35 3
54 36 5
54 37 1
54 38 5
54 39 2
54 40 3
54 41 5
54 42 5
54 43 5
54 44 3
54 45 4
54 46 2
54 47 3
54 48 1
54 49 1
54 50 1
54 51 1
54 52 3
54 53 3
54 55 1
54 56 3
54 57 1
54 58 2
54 59 4
54 60 5
54 61 1
54 62 3
54 63 2
54 64 2
54 65 4
54 66 1
54 67 2
54 68 5
54 69 1
54 70 1
54 71 2
54 72 5
54 73 2
54 74 3
54 75 1
54 76 4
54 77 3
54 78 5
54 79 2
54 80 4
54 81 5
54 82 2
54 83 4
54 84 2
54 85 2
54 86 1
54 87 4
54 88 2
54 89 4
54 90 4
54 91 4
54 92 4
54 93 1
54 94 5
54 95 3
54 96 1
54 97 2
54 98 4
54 99 1
54 100 3
55 1 4
55 2 4
55 3 4
55 4 2
55 5 1
55 6 2
55 7 5
55 8 1
55 9 1
55 10 3
55 11 4
55 12 5
55 13 2
55 14 4
55 15 4
55 16 3
55 17 1
55 18 4
55 19 1
55 20 4
55 21 3
55 22 4
55 23 3
55 24 5
55 25 5
55 26 2
55 27 3
55 28 2
55 29 5
55 30 5
55 31 1
55 32 5
55 33 3
55 34 1
55 35 1
55 36 5
55 37 2
55 38 2
55 39 5
55 40 2
55 41 5
55 42 3
55 43 4
55 44 1
55 45 3
55 46 2
55 47 5
55 48 3
55 49 2
55 50 5
55 51 2
55 52 4
55 53 4
55 54 1
55 56 1
55 57 5
55 58 2
55 59 3
55 60 3
55 61 3
55 62 2
55 63 5
55 64 4
55 65 4
55 66 1
55 67 4
55 68 3
55 69 4
55 70 2
55 71 3
55 72 1
55 73 1
55 74 2
55 75 1
55 76 3
55 77 2
55 78 4
55 79 2
55 80 4
55 81 5
55 82 2
55 83 2
55 84 4
55 85 2
55 86 4
55 87 4
55 88 1
55 89 2
55 90 3
55 91 4
55 92 4
55 93 4
55 94 3
55 95 2
55 96 4
55 97 5
55 98 2
55 99 1
55 100 4
56 1 4
56 2 5
56 3 1
56 4 1
56 5 4
56 6 1
56 7 4
56 8 5
56 9 4
56 10 5
56 11 3
56 12 5
56 13 1
56 14 2
56 15 3
56 16 4
56 17 2
56 18 3
56 19 5
56 20 4
56 21 5
56 22 5
56 23 4
56 24 5
56 25 4
56 26 3
56 27 3
56 28 4
56 29 4
56 30 1
56 31 4
56 32 4
56 33 2
56 34 4
56 35 5
56 36 5
56 37 1
56 38 3
56 39 4
56 40 1
56 41 4
56 42 4
56 43 5
56 44 2
56 45 5
56 46 5
56 47 5
56 48 3
56 49 4
56 50 1
56 51 1
56 52 4
56 53 5
56 54 5
56 55 5
56 57 4
56 58 2
56 59 5
56 60 4
56 61 2
56 62 5
56 63 2
56 64 1
56 65 1
56 66 2
56 67 2
56 68 1
56 69 4
56 70 1
56 71 1
56 72 1
56 73 4
56 74 4
56 75 5
56 76 2
56 77 5
56 78 1
56 79 2
56 80 3
56 81 5
56 82 2
56 83 5
56 84 5
56 85 4
56 86 4
56 87 4
56 88 4
56 89 2
56 90 3
56 91 2
56 92 1
56 93 4
56 94 5
56 95 3
56 96 5
56 97 3
56 98 4
56 99 2
56 100 1
57 1 4
57 2 2
57 3 1
57 4 4
57 5 1
57 6 2
57 7 1
57 8 2
57 9 3
57 10 2
57 11 4
57 12 2
57 13 5
57 14 4
57 15 3
57 16 3
57 17 4
57 18 1
57 19 1
57 20 3
57 21 1
57 22 4
57 23 3
57 24 4
57 25 5
57 26 5
57 27 5
57 28 2
57 29 3
57 30 1
57 31 4
57 32 3
57 33 5
57 34 1
57 35 1
57 36 2
57 37 3
57 38 1
57 39 3
57 40 2
57 41 4
57 42 4
57 43 5
57 44 1
57 45 4
57 46 2
57 47 5
57 48 2
57 49 4
57 50 3
57 51 1
57 52 4
57 53 1
57 54 3
57 55 3
57 56 3
57 58 4
57 59 4
57 60 4
57 61 1
57 62 2
57 63 5
57 64 5
57 65 1
57 66 5
57 67 1
57 68 4
57 69 4
57 70 3
57 71 3
57 72 2
57 73 4
57 74 1
57 75 1
57 76 1
57 77 1
57 78 4
57 79 5
57 80 5
57 81 3
57 82 2
57 83 5
57 84 1
57 85 5
57 86 3
57 87 5
57 88 4
57 89 1
57 90 1
57 91 2
57 92 4
57 93 2
57 94 1
57 95 3
57 96 2
57 97 3
57 98 5
57 99 2
57 100 1
58 1 5
58 2 4
58 3 3
58 4 5
58 5 5
58 6 5
58 7 5
58 8 5
58 9 4
58 10 4
58 11 4
58 12 3
58 13 3
58 14 1
58 15 5
58 16 4
58 17 5
58 18 5
58 19 2
58 20 2
58 21 5
58 22 5
58 23 5
58 24 3
58 25 3
58 26 5
58 27 1
58 28 5
58 29 1
58 30 2
58 31 2
58 32 2
58 33 5
58 34 1
58 35 1
58 36 1
58 37 3
58 38 5
58 39 3
58 40 1
58 41 1
58 42 3
58 43 3
58 44 5
58 45 3
58 46 2
58 47 3
58 48 2
58 49 3
58 50 1
58 51 4
58 52 4
58 53 5
58 54 5
58 55 3
58 56 4
58 57 1
58 59 3
58 60 5
58 61 2
58 62 4
58 63 4
58 64 3
58 65 4
58 66 4
58 67 4
58 68 1
58 69 3
58 70 5
58 71 3
58 72 3
58 73 5
58 74 1
58 75 2
58 76 4
58 77 3
58 78 1
58 79 3
58 80 2
58 81 5
58 82 3
58 83 2
58 84 1
58 85 5
58 86 1
58 87 3
58 88 5
58 89 2
58 90 1
58 91 5
58 92 5
58 93 4
58 94 3
58 95 4
58 96 4
58 97 3
58 98 4
58 99 5
58 100 1
59 1 4
59 2 4
59 3 5
59 4 5
59 5 1
59 6 4
59 7 1
59 8 4
59 9 4
59 10 3
59 11 2
59 12 5
59 13 3
59 14 3
59 15 5
59 16 4
59 17 3
59 18 3
59 19 5
59 20 1
59 21 5
59 22 4
59 23 5
59 24 3
59 25 3
59 26 1
59 27 4
59 28 1
59 29 4
59 30 5
59 31 3
59 32 2
59 33 5
59 34 2
59 35 4
59 36 1
59 37 5
59 38 4
59 39 1
59 40 5
59 41 3
59 42 2
59 43 5
59 44 2
59 45 1
59 46 4
59 47 2
59 48 3
59 49 3
59 50 2
59 51 1
59 52 2
59 53 5
59 54 2
59 55 2
59 56 5
59 57 2
59 58 2
59 60 5
59 61 1
59 62 3
59 63 4
59 64 4
59 65 2
59 66 5
59 67 2
59 68 2
59 69 2
59 70 2
59 71 2
59 72 1
59 73 5
59 74 3
59 75 2
59 76 1
59 77 3
59 78 1
59 79 5
59 80 3
59 81 5
59 82 1
59 83 5
59 84 4
59 85 2
59 86 1
59 87 2
59 88 1
59 89 5
59 90 3
59 91 2
59 92 5
59 93 5
59 94 5
59 95 5
59 96 3
59 97 2
59 98 2
59 99 5
59 100 3
60 1 3
60 2 1
60 3 3
60 4 4
60 5 1
60 6 5
60 7 5
60 8 3
60 9 2
60 10 1
60 11 2
60 12 3
60 13 1
60 14 1
60 15 1
60 16 4
60 17 4
60 18 4
60 19 5
60 20 3
60 21 1
60 22 3
60 23 4
60 24 2
60 25 3
60 26 3
60 27 5
60 28 4
60 29 4
60 30 1
60 31 1
60 32 4
60 33 1
60 34 5
60 35 2
60 36 1
60 37 1
60 38 3
60 39 1
60 40 4
60 41 3
60 42 4
60 43 2
60 44 3
60 45 5
60 46 4
60 47 4
60 48 5
60 49 3
60 50 3
60 51 2
60 52 5
60 53 5
60 54 5
60 55 4
60 56 4
60 57 2
60 58 5
60 59 4
60 61 3
60 62 5
60 63 1
60 64 1
60 65 5
60 66 1
60 67 2
60 68 3
60 69 3
60 70 5
60 71 5
60 72 2
60 73 2
60 74 3
60 75 5
60 76 2
60 77 4
60 78 3
60 79 5
60 80 3
60 81 2
60 82 4
60 83 4
60 84 2
60 85 5
60 86 5
60 87 5
60 88 1
60 89 4
60 90 4
60 91 4
60 92 1
60 93 3
60 94 5
60 95 3
60 96 4
60 97 5
60 98 4
60 99 3
60 100 4
61 1 5
61 2 2
61 3 5
61 4 4
61 5 5
61 6 4
61 7 2
61 8 3
61 9 4
61 10 3
61 11 1
61 12 5
61 13 3
61 14 1
61 15 1
61 16 2
61 17 1
61 18 2
61 19 2
61 20 1
61 21 2
61 22 1
61 23 3
61 24 1
61 25 5
61 26 5
61 27 2
61 28 1
61 29 5
61 30 4
61 31 4
61 32 5
61 33 1
61 34 1
61 35 5
61 36 2
61 37 1
61 38 3
61 39 4
61 40 4
61 41 5
61 42 1
61 43 4
61 44 2
61 45 2
61 46 1
61 47 5
61 48 4
61 49 5
61 50 4
61 51 4
61 52 1
61 53 4
61 54 1
61 55 2
61 56 5
61 57 2
61 58 5
61 59 2
61 60 1
61 62 3
61 63 2
61 64 2
61 65 5
61 66 4
61 67 1
61 68 1
61 69 5
61 70 3
61 71 5
61 72 3
61 73 4
61 74 5
61 75 3
61 76 2
61 77 1
61 78 4
61 79 2
61 80 1
61 81 3
61 82 5
61 83 4
61 84 5
61 85 5
61 86 1
61 87 3
61 88 1
61 89 2
61 90 2
61 91 4
61 92 3
61 93 5
61 94 5
61 95 1
61 96 4
61 97 4
61 98 4
61 99 5
61 100 5
62 1 1
62 2 1
62 3 2
62 4 2
62 5 5
62 6 5
62 7 3
62 8 3
62 9 5
62 10 1
62 11 3
62 12 2
62 13 5
62 14 4
62 15 3
62 16 1
62 17 1
62 18 1
62 19 1
62 20 3
62 21 2
62 22 4
62 23 2
62 24 1
62 25 1
62 26 4
62 27 2
62 28 1
62 29 2
62 30 3
62 31 5
62 32 5
62 33 3
62 34 3
62 35 1
62 36 4
62 37 2
62 38 5
62 39 1
62 40 1
62 41 1
62 42 1
62 43 4
62 44 2
62 45 1
62 46 2
62 47 3
62 48 1
62 49 2
62 50 3
62 51 5
62 52 5
62 53 4
62 54 3
62 55 3
62 56 1
62 57 2
62 58 4
62 59 1
62 60 3
62 61 3
62 63 5
62 64 2
62 65 5
62 66 4
62 67 4
62 68 3
62 69 1
62 70 4
62 71 1
62 72 3
62 73 4
62 74 3
62 75 4
62 76 5
62 77 3
62 78 2
62 79 4
62 80 5
62 81 5
62 82 4
62 83 5
62 84 4
62 85 2
62 86 4
62 87 1
62 88 2
62 89 2
62 90 1
62 91 4
62 92 5
62 93 3
62 94 5
62 95 3
62 96 4
62 97 3
62 98 2
62 99 4
62 100 5
63 1 2
63 2 4
63 3 3
63 4 2
63 5 3
63 6 3
63 7 1
63 8 5
63 9 4
63 10 2
63 11 4
63 12 3
63 13 5
63 14 5
63 15 1
63 16 3
63 17 1
63 18 4
63 19 1
63 20 2
63 21 4
63 22 4
63 23 3
63 24 4
63 25 3
63 26 3
63 27 2
63 28 2
63 29 4
63 30 5
63 31 2
63 32 2
63 33 5
63 34 1
63 35 3
63 36 2
63 37 3
63 38 5
63 39 3
63 40 1
63 41 1
63 42 2
63 43 3
63 44 5
63 45 3
63 46 5
63 47 2
63 48 5
63 49 3
63 50 2
63 51 2
63 52 2
63 53 2
63 54 1
63 55 5
63 56 1
63 57 3
63 58 3
63 59 3
63 60 1
63 61 3
63 62 4
63 64 4
63 65 2
63 66 4
63 67 1
63 68 1
63 69 1
63 70 1
63 71 3
63 72 3
63 73 3
63 74 1
63 75 5
63 76 5
63 77 1
63 78 1
63 79 3
63 80 5
63 81 4
63 82 5
63 83 1
63 84 2
63 85 3
63 86 2
63 87 1
63 88 4
63 89 1
63 90 3
63 91 1
63 92 4
63 93 2
63 94 1
63 95 2
63 96 1
63 97 1
63 98 3
63 99 1
63 100 3
64 1 5
64 2 5
64 3 5
64 4 2
64 5 1
64 6 1
64 7 1
64 8 1
64 9 1
64 10 4
64 11 2
64 12 4
64 13 5
64 14 5
64 15 2
64 16 4
64 17 3
64 18 2
64 19 2
64 20 3
64 21 2
64 22 4
64 23 1
64 24 5
64 25 1
64 26 3
64 27 5
64 28 1
64 29 5
64 30 2
64 31 3
64 32 1
64 33 4
64 34 4
64 35 4
64 36 4
64 37 4
64 38 5
64 39 1
64 40 2
64 41 5
64 42 2
64 43 5
64 44 1
64 45 1
64 46 2
64 47 4
64 48 3
64 49 5
64 50 3
64 51 1
64 52 3
64 53 3
64 54 1
64 55 5
64 56 4
64 57 5
64 58 1
64 59 4
64 60 1
64 61 5
64 62 4
64 63 1
64 65 3
64 66 4
64 67 5
64 68 1
64 69 3
64 70 1
64 71 3
64 72 4
64 73 2
64 74 1
64 75 5
64 76 2
64 77 4
64 78 3
64 79 2
64 80 3
64 81 5
64 82 1
64 83 3
64 84 4
64 85 4
64 86 1
64 87 3
64 88 2
64 89 2
64 90 1
64 91 2
64 92 3
64 93 5
64 94 2
64 95 3
64 96 2
64 97 1
64 98 4
64 99 4
64 100 5
65 1 4
65 2 1
65 3 3
65 4 2
65 5 3
65 6 4
65 7 5
65 8 1
65 9 4
65 10 2
65 11 4
65 12 3
65 13 2
65 14 3
65 15 3
65 16 2
65 17 5
65 18 3
65 19 3
65 20 2
65 21 3
65 22 2
65 23 4
65 24 2
65 25 3
65 26 3
65 27 3
65 28 3
65 29 2
65 30 1
65 31 2
65 32 2
65 33 3
65 34 1
65 35 4
65 36 2
65 37 2
65 38 5
65 39 3
65 40 5
65 41 1
65 42 3
65 43 4
65 44 5
65 45 5
65 46 1
65 47 1
65 48 5
65 49 3
65 50 1
65 51 1
65 52 5
65 53 2
65 54 1
65 55 1
65 56 4
65 57 3
65 58 5
65 59 4
65 60 4
65 61 2
65 62 2
65 63 3
65 64 1
65 66 5
65 67 3
65 68 3
65 69 1
65 70 2
65 71 2
65 72 2
65 73 5
65 74 4
65 75 5
65 76 4
65 77 3
65 78 5
65 79 1
65 80 4
65 81 5
65 82 1
65 83 1
65 84 4
65 85 4
65 86 1
65 87 2
65 88 3
65 89 4
65 90 3
65 91 3
65 92 4
65 93 5
65 94 1
65 95 3
65 96 5
65 97 5
65 98 5
65 99 4
65 100 2
66 1 4
66 2 5
66 3 3
66 4 3
66 5 3
66 6 2
66 7 1
66 8 3
66 9 2
66 10 3
66 11 1
66 12 1
66 13 1
66 14 4
66 15 1
66 16 4
66 17 4
66 18 2
66 19 3
66 20 4
66 21 2
66 22 5
66 23 5
66 24 1
66 25 1
66 26 2
66 27 2
66 28 2
66 29 4
66 30 3
66 31 4
66 32 2
66 33 2
66 34 1
66 35 4
66 36 2
66 37 3
66 38 1
66 39 4
66 40 1
66 41 5
66 42 1
66 43 1
66 44 5
66 45 4
66 46 3
66 47 4
66 48 5
66 49 2
66 50 1
66 51 5
66 52 3
66 53 1
66 54 4
66 55 5
66 56 3
66 57 3
66 58 1
66 59 4
66 60 1
66 61 3
66 62 2
66 63 4
66 64 2
66 65 3
66 67 2
66 68 3
66 69 2
66 70 4
66 71 3
66 72 2
66 73 3
66 74 5
66 75 4
66 76 3
66 77 1
66 78 1
66 79 3
66 80 5
66 81 2
66 82 3
66 83 1
66 84 1
66 85 5
66 86 5
66 87 5
66 88 2
66 89 2
66 90 3
66 91 3
66 92 4
66 93 5
66 94 1
66 95 2
66 96 3
66 97 5
66 98 5
66 99 5
66 100 1
67 1 5
67 2 4
67 3 2
67 4 2
67 5 4
67 6 2
67 7 1
67 8 4
67 9 3
67 10 3
67 11 5
67 12 1
67 13 1
67 14 5
67 15 2
67 16 2
67 17 1
67 18 3
67 19 1
67 20 4
67 21 5
67 22 3
67 23 2
67 24 2
67 25 3
67 26 5
67 27 4
67 28 3
67 29 1
67 30 4
67 31 5
67 32 5
67 33 4
67 34 4
67 35 4
67 36 2
67 37 5
67 38 4
67 39 2
67 40 2
67 41 4
67 42 1
67 43 5
67 44 4
67 45 3
67 46 3
67 47 2
67 48 3
67 49 5
67 50 2
67 51 2
67 52 5
67 53 4
67 54 3
67 55 3
67 56 4
67 57 5
67 58 1
67 59 3
67 60 2
67 61 1
67 62 2
67 63 2
67 64 5
67 65 2
67 66 2
67 68 1
67 69 2
67 70 5
67 71 3
67 72 5
67 73 3
67 74 5
67 75 4
67 76 3
67 77 2
67 78 1
67 79 5
67 80 5
67 81 3
67 82 1
67 83 1
67 84 4
67 85 2
67 86 5
67 87 1
67 88 2
67 89 1
67 90 1
67 91 1
67 92 3
67 93 2
67 94 4
67 95 1
67 96 1
67 97 1
67 98 2
67 99 3
67 100 2
68 1 1
68 2 2
68 3 1
68 4 1
68 5 2
68 6 5
68 7 3
68 8 5
68 9 2
68 10 4
68 11 4
68 12 1
68 13 2
68 14 1
68 15 1
68 16 5
68 17 1
68 18 1
68 19 1
68 20 3
68 21 4
68 22 3
68 23 5
68 24 2
68 25 1
68 26 5
68 27 4
68 28 1
68 29 1
68 30 3
68 31 4
68 32 4
68 33 5
68 34 5
68 35 4
68 36 3
68 37 1
68 38 3
68 39 2
68 40 4
68 41 2
68 42 3
68 43 2
68 44 5
68 45 3
68 46 2
68 47 4
68 48 5
68 49 5
68 50 1
68 51 3
68 52 5
68 53 3
68 54 4
68 55 3
68 56 3
68 57 4
68 58 1
68 59 1
68 60 4
68 61 3
68 62 4
68 63 4
68 64 4
68 65 5
68 66 2
68 67 1
68 69 2
68 70 5
68 71 5
68 72 3
68 73 3
68 74 4
68 75 4
68 76 2
68 77 1
68 78 2
68 79 5
68 80 3
68 81 1
68 82 2
68 83 5
68 84 5
68 85 4
68 86 5
68 87 2
68 88 3
68 89 3
68 90 4
68 91 3
68 92 4
68 93 4
68 94 4
68 95 2
68 96 4
68 97 5
68 98 4
68 99 2
68 100 2
69 1 5
69 2 1
69 3 4
69 4 2
69 5 4
69 6 4
69 7 5
69 8 1
69 9 5
69 10 1
69 11 3
69 12 1
69 13 2
69 14 4
69 15 2
69 16 2
69 17 4
69 18 1
69 19 4
69 20 3
69 21 1
69 22 4
69 23 1
69 24 4
69 25 4
69 26 3
69 27 5
69 28 3
69 29 3
69 30 1
69 31 1
69 32 4
69 33 1
69 34 1
69 35 2
69 36 1
69 37 4
69 38 1
69 39 1
69 40 1
69 41 3
69 42 1
69 43 3
69 44 1
69 45 1
69 46 1
69 47 2
69 48 1
69 49 1
69 50 5
69 51 4
69 52 4
69 53 5
69 54 4
69 55 4
69 56 3
69 57 3
69 58 3
69 59 3
69 60 2
69 61 3
69 62 3
69 63 2
69 64 5
69 65 1
69 66 3
69 67 5
69 68 1
69 70 5
69 71 3
69 72 1
69 73 2
69 74 5
69 75 3
69 76 2
69 77 5
69 78 4
69 79 5
69 80 1
69 81 1
69 82 5
69 83 1
69 84 1
69 85 4
69 86 4
69 87 5
69 88 2
69 89 4
69 90 2
69 91 1
69 92 2
69 93 2
69 94 3
69 95 4
69 96 1
69 97 5
69 98 1
69 99 3
69 100 1
70 1 3
70 2 5
70 3 1
70 4 1
70 5 1
70 6 1
70 7 5
70 8 2
70 9 1
70 10 4
70 11 2
70 12 3
70 13 3
70 14 2
70 15 4
70 16 4
70 17 3
70 18 3
70 19 2
70 20 3
70 21 1
70 22 2
70 23 4
70 24 2
70 25 1
70 26 4
70 27 3
70 28 1
70 29 5
70 30 5
70 31 1
70 32 4
70 33 1
70 34 3
70 35 4
70 36 1
70 37 3
70 38 3
70 39 2
70 40 5
70 41 4
70 42 1
70 43 3
70 44 3
70 45 4
70 46 1
70 47 1
70 48 3
70 49 3
70 50 4
70 51 5
70 52 3
70 53 5
70 54 1
70 55 5
70 56 3
70 57 4
70 58 4
70 59 3
70 60 5
70 61 5
70 62 5
70 63 3
70 64 5
70 65 2
70 66 4
70 67 2
70 68 2
70 69 3
70 71 5
70 72 3
70 73 1
70 74 5
70 75 5
70 76 4
70 77 1
70 78 5
70 79 4
70 80 3
70 81 4
70 82 5
70 83 5
70 84 4
70 85 1
70 86 2
70 87 3
70 88 3
70 89 5
70 90 3
70 91 2
70 92 5
70 93 2
70 94 1
70 95 4
70 96 3
70 97 5
70 98 2
70 99 4
70 100 3
71 1 5
71 2 3
71 3 5
71 4 5
71 5 5
71 6 5
71 7 5
71 8 5
71 9 1
71 10 1
71 11 4
71 12 5
71 13 5
71 14 5
71 15 3
71 16 5
71 17 1
71 18 2
71 19 5
71 20 1
71 21 1
71 22 1
71 23 2
71 24 2
71 25 4
71 26 2
71 27 4
71 28 3
71 29 1
71 30 4
71 31 5
71 32 2
71 33 1
71 34 1
71 35 3
71 36 2
71 37 2
71 38 3
71 39 3
71 40 3
71 41 3
71 42 2
71 43 4
71 44 2
71 45 3
71 46 3
71 47 3
71 48 4
71 49 1
71 50 2
71 51 1
71 52 1
71 53 3
71 54 4
71 55 4
71 56 1
71 57 5
71 58 2
71 59 5
71 60 2
71 61 5
71 62 1
71 63 3
71 64 2
71 65 1
71 66 1
71 67 4
71 68 3
71 69 5
71 70 1
71 72 2
71 73 2
71 74 4
71 75 2
71 76 5
71 77 2
71 78 1
71 79 2
71 80 2
71 81 1
71 82 4
71 83 2
71 84 3
71 85 1
71 86 2
71 87 1
71 88 3
71 89 1
71 90 4
71 91 2
71 92 5
71 93 5
71 94 2
71 95 2
71 96 1
71 97 2
71 98 4
71 99 1
71 100 1
72 1 3
72 2 4
72 3 4
72 4 4
72 5 4
72 6 5
72 7 3
72 8 2
72 9 5
72 10 5
72 11 3
72 12 5
72 13 5
72 14 1
72 15 4
72 16 5
72 17 2
72 18 4
72 19 2
72 20 5
72 21 2
72 22 3
72 23 4
72 24 1
72 25 1
72 26 2
72 27 4
72 28 2
72 29 1
72 30 1
72 31 5
72 32 3
72 33 1
72 34 3
72 35 4
72 36 5
72 37 5
72 38 3
72 39 3
72 40 4
72 41 4
72 42 3
72 43 1
72 44 3
72 45 3
72 46 4
72 47 2
72 48 2
72 49 5
72 50 5
72 51 3
72 52 1
72 53 4
72 54 1
72 55 4
72 56 4
72 57 2
72 58 4
72 59 3
72 60 4
72 61 4
72 62 4
72 63 4
72 64 5
72 65 1
72 66 2
72 67 1
72 68 5
72 69 4
72 70 3
72 71 1
72 73 5
72 74 5
72 75 1
72 76 2
72 77 5
72 78 1
72 79 1
72 80 3
72 81 5
72 82 2
72 83 5
72 84 3
72 85 1
72 86 5
72 87 1
72 88 1
72 89 3
72 90 4
72 91 5
72 92 4
72 93 4
72 94 3
72 95 2
72 96 5
72 97 1
72 98 5
72 99 5
72 100 2
73 1 5
73 2 5
73 3 2
73 4 4
73 5 1
73 6 2
73 7 1
73 8 2
73 9 5
73 10 1
73 11 4
73 12 4
73 13 4
73 14 3
73 15 1
73 16 1
73 17 4
73 18 3
73 19 2
73 20 4
73 21 1
73 22 3
73 23 2
73 24 2
73 25 3
73 26 3
73 27 1
73 28 5
73 29 2
73 30 3
73 31 1
73 32 1
73 33 4
73 34 3
73 35 2
73 36 1
73 37 1
73 38 2
73 39 3
73 40 5
73 41 4
73 42 3
73 43 1
73 44 2
73 45 1
73 46 1
73 47 3
73 48 4
73 49 4
73 50 1
73 51 2
73 52 1
73 53 5
73 54 3
73 55 4
73 56 4
73 57 2
73 58 2
73 59 3
73 60 5
73 61 1
73 62 4
73 63 3
73 64 4
73 65 1
73 66 4
73 67 1
73 68 3
73 69 5
73 70 3
73 71 5
73 72 5
73 74 1
73 75 5
73 76 3
73 77 3
73 78 2
73 79 5
73 80 1
73 81 2
73 82 2
73 83 5
73 84 5
73 85 4
73 86 4
73 87 3
73 88 2
73 89 3
73 90 4
73 91 5
73 92 2
73 93 4
73 94 3
73 95 4
73 96 4
73 97 5
73 98 2
73 99 5
73 100 2
74 1 3
74 2 4
74 3 1
74 4 4
74 5 1
74 6 2
74 7 2
74 8 3
74 9 4
74 10 3
74 11 1
74 12 5
74 13 2
74 14 5
74 15 4
74 16 5
74 17 5
74 18 4
74 19 1
74 20 2
74 21 4
74 22 5
74 23 1
74 24 5
74 25 4
74 26 4
74 27 3
74 28 3
74 29 3
74 30 4
74 31 2
74 32 2
74 33 5
74 34 4
74 35 3
74 36 5
74 37 3
74 38 4
74 39 3
74 40 1
74 41 3
74 42 3
74 43 2
74 44 4
74 45 4
74 46 3
74 47 5
74 48 5
74 49 1
74 50 3
74 51 4
74 52 4
74 53 2
74 54 4
74 55 3
74 56 3
74 57 4
74 58 3
74 59 2
74 60 3
74 61 3
74 62 3
74 63 2
74 64 2
74 65 4
74 66 4
74 67 2
74 68 1
74 69 4
74 70 1
74 71 3
74 72 1
74 73 5
74 75 4
74 76 2
74 77 5
74 78 1
74 79 3
74 80 4
74 81 1
74 82 5
74 83 2
74 84 2
74 85 4
74 86 2
74 87 4
74 88 1
74 89 1
74 90 3
74 91 2
74 92 5
74 93 1
74 94 2
74 95 1
74 96 2
74 97 5
74 98 4
74 99 5
74 100 2
75 1 2
75 2 2
75 3 4
75 4 5
75 5 1
75 6 4
75 7 3
75 8 5
75 9 5
75 10 5
75 11 1
75 12 2
75 13 5
75 14 4
75 15 5
75 16 3
75 17 1
75 18 1
75 19 5
75 20 3
75 21 3
75 22 1
75 23 2
75 24 5
75 25 2
75 26 5
75 27 4
75 28 3
75 29 3
75 30 3
75 31 4
75 32 2
75 33 5
75 34 4
75 35 3
75 36 2
75 37 5
75 38 5
75 39 2
75 40 4
75 41 4
75 42 4
75 43 2
75 44 5
75 45 2
75 46 2
75 47 4
75 48 2
75 49 4
75 50 3
75 51 4
75 52 1
75 53 4
75 54 3
75 55 1
75 56 2
75 57 2
75 58 4
75 59 2
75 60 1
75 61 3
75 62 5
75 63 4
75 64 4
75 65 1
75 66 1
75 67 3
75 68 5
75 69 5
75 70 1
75 71 5
75 72 1
75 73 4
75 74 3
75 76 2
75 77 5
75 78 1
75 79 1
75 80 2
75 81 4
75 82 5
75 83 2
75 84 2
75 85 5
75 86 1
75 87 4
75 88 4
75 89 4
75 90 4
75 91 5
75 92 5
75 93 1
75 94 1
75 95 3
75 96 2
75 97 1
75 98 1
75 99 4
75 100 2
76 1 2
76 2 4
76 3 3
76 4 2
76 5 2
76 6 1
76 7 1
76 8 3
76 9 3
76 10 3
76 11 4
76 12 2
76 13 2
76 14 3
76 15 3
76 16 4
76 17 3
76 18 1
76 19 2
76 20 4
76 21 4
76 22 1
76 23 3
76 24 1
76 25 1
76 26 2
76 27 4
76 28 4
76 29 4
76 30 4
76 31 2
76 32 1
76 33 4
76 34 5
76 35 4
76 36 5
76 37 5
76 38 4
76 39 3
76 40 4
76 41 3
76 42 3
76 43 5
76 44 2
76 45 2
76 46 4
76 47 5
76 48 2
76 49 1
76 50 1
76 51 5
76 52 1
76 53 3
76 54 4
76 55 4
76 56 5
76 57 2
76 58 2
76 59 3
76 60 1
76 61 3
76 62 5
76 63 1
76 64 1
76 65 1
76 66 4
76 67 3
76 68 2
76 69 5
76 70 2
76 71 5
76 72 2
76 73 4
76 74 5
76 75 3
76 77 3
76 78 5
76 79 4
76 80 4
76 81 3
76 82 1
76 83 5
76 84 5
76 85 3
76 86 3
76 87 3
76 88 5
76 89 4
76 90 2
76 91 4
76 92 1
76 93 4
76 94 5
76 95 3
76 96 1
76 97 5
76 98 4
76 99 3
76 100 1
77 1 3
77 2 4
77 3 1
77 4 1
77 5 5
77 6 2
77 7 1
77 8 2
77 9 3
77 10 4
77 11 2
77 12 5
77 13 5
77 14 1
77 15 5
77 16 4
77 17 5
77 18 4
77 19 5
77 20 3
77 21 5
77 22 4
77 23 1
77 24 5
77 25 3
77 26 3
77 27 1
77 28 5
77 29 1
77 30 3
77 31 5
77 32 5
77 33 4
77 34 2
77 35 1
77 36 3
77 37 5
77 38 3
77 39 1
77 40 3
77 41 1
77 42 2
77 43 2
77 44 2
77 45 4
77 46 3
77 47 3
77 48 3
77 49 2
77 50 4
77 51 2
77 52 3
77 53 2
77 54 2
77 55 3
77 56 2
77 57 5
77 58 5
77 59 1
77 60 2
77 61 4
77 62 2
77 63 2
77 64 2
77 65 1
77 66 4
77 67 1
77 68 5
77 69 1
77 70 1
77 71 2
77 72 3
77 73 4
77 74 1
77 75 2
77 76 2
77 78 5
77 79 1
77 80 4
77 81 3
77 82 4
77 83 1
77 84 1
77 85 1
77 86 4
77 87 5
77 88 4
77 89 5
77 90 4
77 91 1
77 92 2
77 93 4
77 94 2
77 95 3
77 96 3
77 97 4
77 98 3
77 99 3
77 100 4
78 1 3
78 2 1
78 3 2
78 4 2
78 5 4
78 6 4
78 7 3
78 8 3
78 9 1
78 10 3
78 11 1
78 12 3
78 13 4
78 14 3
78 15 3
78 16 1
78 17 4
78 18 4
78 19 4
78 20 3
78 21 4
78 22 4
78 23 4
78 24 3
78 25 2
78 26 3
78 27 5
78 28 1
78 29 5
78 30 2
78 31 1
78 32 4
78 33 2
78 34 4
78 35 1
78 36 3
78 37 5
78 38 5
78 39 5
78 40 5
78 41 5
78 42 2
78 43 4
78 44 3
78 45 2
78 46 2
78 47 3
78 48 5
78 49 2
78 50 3
78 51 2
78 52 1
78 53 1
78 54 3
78 55 5
78 56 4
78 57 5
78 58 4
78 59 1
78 60 2
78 61 2
78 62 3
78 63 2
78 64 1
78 65 4
78 66 4
78 67 5
78 68 3
78 69 4
78 70 4
78 71 4
78 72 5
78 73 2
78 74 2
78 75 4
78 76 3
78 77 5
78 79 3
78 80 2
78 81 2
78 82 5
78 83 1
78 84 4
78 85 2
78 86 5
78 87 3
78 88 5
78 89 1
78 90 3
78 91 3
78 92 2
78 93 1
78 94 5
78 95 1
78 96 3
78 97 3
78 98 4
78 99 2
78 100 2
79 1 4
79 2 2
79 3 5
79 4 3
79 5 4
79 6 4
79 7 3
79 8 3
79 9 3
79 10 5
79 11 2
79 12 1
79 13 4
79 14 2
79 15 1
79 16 5
79 17 3
79 18 3
79 19 2
79 20 3
79 21 2
79 22 1
79 23 5
79 24 5
79 25 5
79 26 2
79 27 2
79 28 5
79 29 5
79 30 1
79 31 1
79 32 4
79 33 2
79 34 3
79 35 3
79 36 2
79 37 1
79 38 1
79 39 5
79 40 5
79 41 5
79 42 1
79 43 3
79 44 1
79 45 4
79 46 5
79 47 2
79 48 1
79 49 3
79 50 3
79 51 3
79 52 1
79 53 3
79 54 4
79 55 5
79 56 5
79 57 5
79 58 2
79 59 4
79 60 5
79 61 2
79 62 1
79 63 5
79 64 5
79 65 3
79 66 2
79 67 2
79 68 5
79 69 2
79 70 1
79 71 2
79 72 2
79 73 1
79 74 1
79 75 2
79 76 4
79 77 5
79 78 3
79 80 1
79 81 4
79 82 3
79 83 3
79 84 5
79 85 2
79 86 2
79 87 1
79 88 1
79 89 3
79 90 4
79 91 1
79 92 2
79 93 2
79 94 4
79 95 1
79 96 2
79 97 3
79 98 5
79 99 5
79 100 3
80 1 1
80 2 5
80 3 1
80 4 4
80 5 2
80 6 3
80 7 5
80 8 2
80 9 2
80 10 5
80 11 2
80 12 1
80 13 4
80 14 1
80 15 2
80 16 5
80 17 4
80 18 4
80 19 3
80 20 2
80 21 3
80 22 5
80 23 5
80 24 1
80 25 3
80 26 1
80 27 2
80 28 1
80 29 2
80 30 3
80 31 5
80 32 2
80 33 2
80 34 2
80 35 1
80 36 5
80 37 4
80 38 2
80 39 3
80 40 5
80 41 3
80 42 1
80 43 2
80 44 1
80 45 2
80 46 5
80 47 1
80 48 5
80 49 1
80 50 5
80 51 1
80 52 3
80 53 4
80 54 1
80 55 3
80 56 4
80 57 3
80 58 2
80 59 4
80 60 4
80 61 4
80 62 5
80 63 2
80 64 3
80 65 1
80 66 2
80 67 4
80 68 4
80 69 1
80 70 2
80 71 5
80 72 3
80 73 4
80 74 4
80 75 4
80 76 5
80 77 5
80 78 1
80 79 2
80 81 5
80 82 5
80 83 4
80 84 4
80 85 5
80 86 1
80 87 4
80 88 3
80 89 5
80 90 5
80 91 3
80 92 5
80 93 5
80 94 2
80 95 2
80 96 4
80 97 4
80 98 5
80 99 3
80 100 4
81 1 5
81 2 1
81 3 4
81 4 5
81 5 4
81 6 4
81 7 3
81 8 1
81 9 5
81 10 5
81 11 2
81 12 5
81 13 1
81 14 2
81 15 3
81 16 5
81 17 3
81 18 3
81 19 5
81 20 4
81 21 4
81 22 2
81 23 4
81 24 4
81 25 1
81 26 5
81 27 4
81 28 4
81 29 4
81 30 3
81 31 3
81 32 1
81 33 3
81 34 3
81 35 5
81 36 4
81 37 1
81 38 4
81 39 4
81 40 5
81 41 3
81 42 2
81 43 1
81 44 3
81 45 5
81 46 1
81 47 4
81 48 4
81 49 3
81 50 3
81 51 3
81 52 2
81 53 5
81 54 1
81 55 2
81 56 5
81 57 5
81 58 2
81 59 3
81 60 5
81 61 5
81 62 5
81 63 5
81 64 2
81 65 4
81 66 1
81 67 2
81 68 4
81 69 4
81 70 2
81 71 1
81 72 1
81 73 3
81 74 3
81 75 5
81 76 5
81 77 3
81 78 4
81 79 3
81 80 3
81 82 1
81 83 5
81 84 1
81 85 5
81 86 2
81 87 4
81 88 1
81 89 1
81 90 5
81 91 1
81 92 3
81 93 4
81 94 2
81 95 4
81 96 1
81 97 1
81 98 5
81 99 4
81 100 1
82 1 5
82 2 1
82 3 3
82 4 1
82 5 5
82 6 1
82 7 2
82 8 4
82 9 5
82 10 5
82 11 2
82 12 4
82 13 1
82 14 3
82 15 4
82 16 2
82 17 5
82 18 2
82 19 5
82 20 2
82 21 2
82 22 5
82 23 4
82 24 5
82 25 1
82 26 5
82 27 2
82 28 3
82 29 4
82 30 3
82 31 4
82 32 3
82 33 3
82 34 3
82 35 5
82 36 2
82 37 3
82 38 4
82 39 3
82 40 5
82 41 3
82 42 1
82 43 3
82 44 5
82 45 3
82 46 4
82 47 4
82 48 4
82 49 2
82 50 3
82 51 1
82 52 3
82 53 2
82 54 1
82 55 5
82 56 4
82 57 2
82 58 3
82 59 4
82 60 5
82 61 5
82 62 2
82 63 5
82 64 4
82 65 1
82 66 1
82 67 1
82 68 4
82 69 4
82 70 5
82 71 5
82 72 4
82 73 5
82 74 4
82 75 3
82 76 4
82 77 2
82 78 1
82 79 3
82 80 4
82 81 3
82 83 5
82 84 3
82 85 1
82 86 2
82 87 4
82 88 2
82 89 4
82 90 4
82 91 5
82 92 5
82 93 5
82 94 3
82 95 1
82 96 4
82 97 3
82 98 2
82 99 1
82 100 3
83 1 2
83 2 5
83 3 4
83 4 2
83 5 4
83 6 3
83 7 5
83 8 2
83 9 1
83 10 2
83 11 1
83 12 4
83 13 5
83 14 5
83 15 4
83 16 2
83 17 4
83 18 2
83 19 5
83 20 2
83 21 5
83 22 1
83 23 1
83 24 2
83 25 3
83 26 2
83 27 5
83 28 3
83 29 5
83 30 5
83 31 2
83 32 3
83 33 1
83 34 1
83 35 5
83 36 1
83 37 3
83 38 4
83 39 4
83 40 3
83 41 5
83 42 5
83 43 4
83 44 1
83 45 1
83 46 2
83 47 5
83 48 4
83 49 5
83 50 4
83 51 2
83 52 2
83 53 5
83 54 3
83 55 3
83 56 4
83 57 1
83 58 4
83 59 3
83 60 2
83 61 3
83 62 5
83 63 4
83 64 5
83 65 5
83 66 3
83 67 5
83 68 4
83 69 3
83 70 5
83 71 3
83 72 5
83 73 4
83 74 1
83 75 2
83 76 2
83 77 4
83 78 3
83 79 2
83 80 1
83 81 2
83 82 4
83 84 2
83 85 3
83 86 3
83 87 1
83 88 3
83 89 5
83 90 4
83 91 3
83 92 1
83 93 3
83 94 2
83 95 1
83 96 2
83 97 3
83 98 1
83 99 3
83 100 3
84 1 3
84 2 2
84 3 5
84 4 4
84 5 3
84 6 1
84 7 3
84 8 1
84 9 1
84 10 5
84 11 4
84 12 1
84 13 3
84 14 4
84 15 4
84 16 2
84 17 3
84 18 4
84 19 5
84 20 2
84 21 4
84 22 2
84 23 4
84 24 3
84 25 5
84 26 5
84 27 1
84 28 4
84 29 2
84 30 3
84 31 1
84 32 1
84 33 2
84 34 5
84 35 5
84 36 1
84 37 2
84 38 2
84 39 3
84 40 3
84 41 3
84 42 1
84 43 5
84 44 1
84 45 5
84 46 1
84 47 2
84 48 2
84 49 1
84 50 3
84 51 1
84 52 5
84 53 1
84 54 4
84 55 2
84 56 5
84 57 5
84 58 3
84 59 3
84 60 1
84 61 2
84 62 3
84 63 4
84 64 5
84 65 5
84 66 3
84 67 5
84 68 1
84 69 1
84 70 4
84 71 5
84 72 3
84 73 5
84 74 5
84 75 3
84 76 1
84 77 5
84 78 2
84 79 2
84 80 5
84 81 4
84 82 4
84 83 1
84 85 5
84 86 5
84 87 5
84 88 1
84 89 1
84 90 2
84 91 1
84 92 4
84 93 5
84 94 5
84 95 2
84 96 5
84 97 4
84 98 4
84 99 1
84 100 5
85 1 1
85 2 5
85 3 1
85 4 5
85 5 4
85 6 5
85 7 5
85 8 4
85 9 1
85 10 1
85 11 2
85 12 3
85 13 4
85 14 3
85 15 5
85 16 5
85 17 2
85 18 4
85 19 1
85 20 2
85 21 2
85 22 3
85 23 5
85 24 2
85 25 2
85 26 3
85 27 1
85 28 1
85 29 3
85 30 1
85 31 2
85 32 3
85 33 5
85 34 2
85 35 5
85 36 5
85 37 4
85 38 4
85 39 5
85 40 1
85 41 4
85 42 4
85 43 5
85 44 4
85 45 1
85 46 5
85 47 1
85 48 4
85 49 3
85 50 3
85 51 2
85 52 2
85 53 5
85 54 4
85 55 3
85 56 1
85 57 1
85 58 3
85 59 3
85 60 4
85 61 5
85 62 4
85 63 3
85 64 2
85 65 1
85 66 2
85 67 1
85 68 4
85 69 5
85 70 3
85 71 4
85 72 5
85 73 1
85 74 1
85 75 4
85 76 3
85 77 5
85 78 1
85 79 1
85 80 4
85 81 3
85 82 2
85 83 5
85 84 2
85 86 5
85 87 2
85 88 4
85 89 3
85 90 1
85 91 2
85 92 1
85 93 3
85 94 5
85 95 3
85 96 4
85 97 2
85 98 5
85 99 4
85 100 5
86 1 4
86 2 1
86 3 1
86 4 4
86 5 3
86 6 1
86 7 4
86 8 5
86 9 2
86 10 4
86 11 2
86 12 5
86 13 1
86 14 4
86 15 2
86 16 4
86 17 5
86 18 5
86 19 2
86 20 4
86 21 3
86 22 5
86 23 4
86 24 5
86 25 5
86 26 4
86 27 3
86 28 1
86 29 3
86 30 3
86 31 3
86 32 3
86 33 1
86 34 5
86 35 3
86 36 3
86 37 2
86 38 3
86 39 5
86 40 3
86 41 3
86 42 1
86 43 4
86 44 5
86 45 1
86 46 2
86 47 3
86 48 3
86 49 2
86 50 2
86 51 1
86 52 4
86 53 3
86 54 2
86 55 5
86 56 4
86 57 5
86 58 2
86 59 2
86 60 4
86 61 1
86 62 1
86 63 3
86 64 3
86 65 5
86 66 3
86 67 3
86 68 3
86 69 5
86 70 2
86 71 2
86 72 5
86 73 4
86 74 2
86 75 4
86 76 5
86 77 4
86 78 4
86 79 2
86 80 5
86 81 2
86 82 4
86 83 5
86 84 4
86 85 5
86 87 4
86 88 3
86 89 4
86 90 2
86 91 4
86 92 2
86 93 4
86 94 4
86 95 2
86 96 2
86 97 5
86 98 4
86 99 4
86 100 2
87 1 5
87 2 2
87 3 5
87 4 4
87 5 5
87 6 1
87 7 3
87 8 4
87 9 4
87 10 1
87 11 2
87 12 5
87 13 4
87 14 1
87 15 4
87 16 2
87 17 5
87 18 4
87 19 1
87 20 1
87 21 2
87 22 1
87 23 4
87 24 3
87 25 1
87 26 5
87 27 4
87 28 5
87 29 3
87 30 4
87 31 3
87 32 3
87 33 2
87 34 2
87 35 1
87 36 1
87 37 3
87 38 5
87 39 2
87 40 1
87 41 2
87 42 5
87 43 1
87 44 5
87 45 5
87 46 1
87 47 4
87 48 2
87 49 2
87 50 1
87 51 2
87 52 5
87 53 2
87 54 5
87 55 2
87 56 2
87 57 2
87 58 2
87 59 2
87 60 4
87 61 5
87 62 1
87 63 3
87 64 1
87 65 3
87 66 1
87 67 4
87 68 5
87 69 5
87 70 2
87 71 2
87 72 4
87 73 1
87 74 4
87 75 5
87 76 3
87 77 2
87 78 3
87 79 1
87 80 3
87 81 1
87 82 2
87 83 2
87 84 2
87 85 3
87 86 4
87 88 3
87 89 4
87 90 5
87 91 1
87 92 5
87 93 2
87 94 2
87 95 2
87 96 4
87 97 1
87 98 4
87 99 4
87 100 2
88 1 1
88 2 5
88 3 3
88 4 4
88 5 3
88 6 4
88 7 3
88 8 5
88 9 5
88 10 3
88 11 5
88 12 4
88 13 3
88 14 3
88 15 5
88 16 1
88 17 2
88 18 5
88 19 3
88 20 3
88 21 2
88 22 1
88 23 2
88 24 5
88 25 4
88 26 5
88 27 5
88 28 4
88 29 4
88 30 4
88 31 5
88 32 4
88 33 3
88 34 4
88 35 4
88 36 2
88 37 4
88 38 3
88 39 1
88 40 5
88 41 5
88 42 2
88 43 3
88 44 4
88 45 4
88 46 5
88 47 4
88 48 3
88 49 1
88 50 4
88 51 5
88 52 2
88 53 1
88 54 3
88 55 3
88 56 4
88 57 4
88 58 3
88 59 2
88 60 4
88 61 1
88 62 3
88 63 4
88 64 5
88 65 3
88 66 2
88 67 4
88 68 4
88 69 5
88 70 4
88 71 3
88 72 1
88 73 3
88 74 1
88 75 2
88 76 1
88 77 2
88 78 2
88 79 5
88 80 2
88 81 5
88 82 1
88 83 1
88 84 5
88 85 3
88 86 3
88 87 5
88 89 4
88 90 2
88 91 3
88 92 2
88 93 4
88 94 5
88 95 3
88 96 4
88 97 5
88 98 1
88 99 4
88 100 3
89 1 2
89 2 2
89 3 5
89 4 3
89 5 4
89 6 2
89 7 1
89 8 2
89 9 3
89 10 2
89 11 1
89 12 2
89 13 2
89 14 4
89 15 2
89 16 3
89 17 1
89 18 1
89 19 3
89 20 1
89 21 3
89 22 5
89 23 5
89 24 1
89 25 2
89 26 2
89 27 1
89 28 3
89 29 2
89 30 4
89 31 5
89 32 4
89 33 3
89 34 1
89 35 3
89 36 1
89 37 5
89 38 3
89 39 4
89 40 2
89 41 4
89 42 2
89 43 5
89 44 2
89 45 5
89 46 1
89 47 2
89 48 2
89 49 2
89 50 4
89 51 3
89 52 4
89 53 5
89 54 2
89 55 1
89 56 1
89 57 3
89 58 2
89 59 3
89 60 1
89 61 5
89 62 4
89 63 4
89 64 2
89 65 2
89 66 3
89 67 5
89 68 1
89 69 5
89 70 3
89 71 4
89 72 1
89 73 1
89 74 4
89 75 2
89 76 5
89 77 1
89 78 3
89 79 4
89 80 2
89 81 3
89 82 1
89 83 2
89 84 3
89 85 4
89 86 3
89 87 5
89 88 3
89 90 4
89 91 5
89 92 3
89 93 5
89 94 5
89 95 4
89 96 4
89 97 1
89 98 1
89 99 3
89 100 3
90 1 3
90 2 2
90 3 4
90 4 3
90 5 3
90 6 4
90 7 1
90 8 4
90 9 4
90 10 1
90 11 2
90 12 1
90 13 5
90 14 4
90 15 2
90 16 4
90 17 2
90 18 1
90 19 4
90 20 4
90 21 4
90 22 5
90 23 4
90 24 1
90 25 4
90 26 4
90 27 4
90 28 2
90 29 1
90 30 3
90 31 1
90 32 3
90 33 4
90 34 4
90 35 2
90 36 3
90 37 2
90 38 5
90 39 4
90 40 1
90 41 2
90 42 5
90 43 3
90 44 1
90 45 4
90 46 1
90 47 5
90 48 2
90 49 2
90 50 5
90 51 3
90 52 2
90 53 4
90 54 1
90 55 4
90 56 4
90 57 4
90 58 2
90 59 2
90 60 1
90 61 4
90 62 3
90 63 4
90 64 5
90 65 3
90 66 2
90 67 4
90 68 5
90 69 1
90 70 2
90 71 2
90 72 2
90 73 2
90 74 4
90 75 5
90 76 2
90 77 1
90 78 4
90 79 3
90 80 4
90 81 3
90 82 5
90 83 1
90 84 1
90 85 2
90 86 4
90 87 1
90 88 2
90 89 3
90 91 3
90 92 3
90 93 3
90 94 2
90 95 3
90 96 2
90 97 4
90 98 4
90 99 1
90 100 3
91 1 2
91 2 2
91 3 1
91 4 5
91 5 5
91 6 1
91 7 4
91 8 3
91 9 2
91 10 2
91 11 1
91 12 5
91 13 4
91 14 2
91 15 2
91 16 1
91 17 1
91 18 3
91 19 2
91 20 2
91 21 5
91 22 1
91 23 1
91 24 4
91 25 2
91 26 3
91 27 1
91 28 5
91 29 4
91 30 3
91 31 5
91 32 2
91 33 1
91 34 5
91 35 1
91 36 3
91 37 1
91 38 5
91 39 5
91 40 4
91 41 3
91 42 2
91 43 3
91 44 4
91 45 4
91 46 2
91 47 4
91 48 1
91 49 4
91 50 2
91 51 4
91 52 5
91 53 4
91 54 5
91 55 3
91 56 5
91 57 4
91 58 5
91 59 2
91 60 4
91 61 4
91 62 1
91 63 5
91 64 2
91 65 2
91 66 3
91 67 4
91 68 4
91 69 4
91 70 5
91 71 2
91 72 1
91 73 2
91 74 2
91 75 4
91 76 2
91 77 5
91 78 5
91 79 2
91 80 3
91 81 3
91 82 5
91 83 4
91 84 4
91 85 1
91 86 3
91 87 5
91 88 5
91 89 3
91 90 1
91 92 5
91 93 3
91 94 3
91 95 5
91 96 4
91 97 2
91 98 4
91 99 4
91 100 5
92 1 2
92 2 4
92 3 4
92 4 2
92 5 5
92 6 2
92 7 3
92 8 1
92 9 1
92 10 4
92 11 2
92 12 5
92 13 3
92 14 3
92 15 5
92 16 1
92 17 4
92 18 2
92 19 1
92 20 5
92 21 1
92 22 3
92 23 4
92 24 4
92 25 3
92 26 5
92 27 2
92 28 4
92 29 3
92 30 3
92 31 5
92 32 1
92 33 1
92 34 5
92 35 5
92 36 5
92 37 1
92 38 2
92 39 2
92 40 3
92 41 2
92 42 5
92 43 4
92 44 4
92 45 4
92 46 3
92 47 2
92 48 2
92 49 5
92 50 4
92 51 1
92 52 5
92 53 3
92 54 2
92 55 5
92 56 5
92 57 3
92 58 4
92 59 5
92 60 3
92 61 1
92 62 5
92 63 3
92 64 1
92 65 4
92 66 2
92 67 2
92 68 2
92 69 5
92 70 5
92 71 1
92 72 3
92 73 4
92 74 5
92 75 4
92 76 2
92 77 2
92 78 5
92 79 1
92 80 3
92 81 5
92 82 3
92 83 3
92 84 2
92 85 4
92 86 2
92 87 2
92 88 4
92 89 5
92 90 1
92 91 1
92 93 2
92 94 2
92 95 3
92 96 2
92 97 3
92 98 2
92 99 5
92 100 4
93 1 3
93 2 4
93 3 4
93 4 1
93 5 4
93 6 5
93 7 4
93 8 3
93 9 2
93 10 5
93 11 3
93 12 4
93 13 4
93 14 5
93 15 3
93 16 5
93 17 1
93 18 2
93 19 1
93 20 4
93 21 3
93 22 4
93 23 1
93 24 5
93 25 5
93 26 5
93 27 3
93 28 2
93 29 1
93 30 3
93 31 2
93 32 4
93 33 1
93 34 3
93 35 1
93 36 2
93 37 2
93 38 4
93 39 4
93 40 5
93 41 5
93 42 1
93 43 4
93 44 3
93 45 2
93 46 3
93 47 2
93 48 2
93 49 4
93 50 5
93 51 2
93 52 2
93 53 3
93 54 2
93 55 3
93 56 4
93 57 2
93 58 5
93 59 3
93 60 4
93 61 2
93 62 4
93 63 2
93 64 5
93 65 3
93 66 4
93 67 1
93 68 5
93 69 4
93 70 4
93 71 1
93 72 3
93 73 1
93 74 1
93 75 5
93 76 2
93 77 4
93 78 4
93 79 4
93 80 4
93 81 3
93 82 2
93 83 2
93 84 2
93 85 4
93 86 4
93 87 5
93 88 2
93 89 4
93 90 4
93 91 5
93 92 2
93 94 3
93 95 4
93 96 3
93 97 2
93 98 2
93 99 5
93 100 3
94 1 1
94 2 5
94 3 4
94 4 3
94 5 5
94 6 4
94 7 5
94 8 2
94 9 2
94 10 3
94 11 2
94 12 1
94 13 5
94 14 5
94 15 2
94 16 3
94 17 3
94 18 3
94 19 2
94 20 1
94 21 3
94 22 1
94 23 1
94 24 4
94 25 5
94 26 4
94 27 4
94 28 3
94 29 2
94 30 3
94 31 1
94 32 2
94 33 5
94 34 1
94 35 2
94 36 4
94 37 4
94 38 3
94 39 2
94 40 3
94 41 5
94 42 5
94 43 5
94 44 1
94 45 5
94 46 1
94 47 3
94 48 4
94 49 5
94 50 1
94 51 5
94 52 2
94 53 3
94 54 5
94 55 3
94 56 4
94 57 3
94 58 1
94 59 2
94 60 4
94 61 5
94 62 4
94 63 3
94 64 4
94 65 4
94 66 1
94 67 5
94 68 2
94 69 3
94 70 1
94 71 1
94 72 2
94 73 1
94 74 5
94 75 4
94 76 5
94 77 3
94 78 1
94 79 5
94 80 2
94 81 1
94 82 4
94 83 4
94 84 4
94 85 3
94 86 1
94 87 4
94 88 2
94 89 3
94 90 5
94 91 3
94 92 2
94 93 3
94 95 2
94 96 3
94 97 3
94 98 2
94 99 2
94 100 5
95 1 4
95 2 2
95 3 5
95 4 2
95 5 4
95 6 5
95 7 5
95 8 5
95 9 2
95 10 2
95 11 5
95 12 5
95 13 2
95 14 3
95 15 3
95 16 2
95 17 3
95 18 5
95 19 1
95 20 4
95 21 2
95 22 2
95 23 1
95 24 1
95 25 2
95 26 2
95 27 3
95 28 4
95 29 5
95 30 4
95 31 5
95 32 5
95 33 2
95 34 5
95 35 1
95 36 3
95 37 1
95 38 2
95 39 2
95 40 4
95 41 3
95 42 1
95 43 3
95 44 2
95 45 1
95 46 3
95 47 5
95 48 3
95 49 2
95 50 2
95 51 1
95 52 4
95 53 4
95 54 4
95 55 4
95 56 5
95 57 2
95 58 3
95 59 5
95 60 2
95 61 3
95 62 5
95 63 1
95 64 1
95 65 4
95 66 4
95 67 3
95 68 1
95 69 5
95 70 2
95 71 1
95 72 5
95 73 2
95 74 3
95 75 3
95 76 4
95 77 5
95 78 2
95 79 1
95 80 4
95 81 4
95 82 4
95 83 2
95 84 4
95 85 4
95 86 2
95 87 5
95 88 5
95 89 1
95 90 4
95 91 3
95 92 3
95 93 3
95 94 1
95 96 5
95 97 3
95 98 4
95 99 3
95 100 3
96 1 5
96 2 4
96 3 3
96 4 1
96 5 2
96 6 3
96 7 3
96 8 1
96 9 4
96 10 2
96 11 3
96 12 2
96 13 5
96 14 3
96 15 5
96 16 5
96 17 1
96 18 3
96 19 4
96 20 1
96 21 3
96 22 2
96 23 5
96 24 2
96 25 5
96 26 5
96 27 2
96 28 2
96 29 3
96 30 1
96 31 2
96 32 5
96 33 4
96 34 1
96 35 5
96 36 2
96 37 3
96 38 5
96 39 4
96 40 4
96 41 1
96 42 2
96 43 2
96 44 5
96 45 4
96 46 2
96 47 4
96 48 5
96 49 1
96 50 4
96 51 2
96 52 4
96 53 5
96 54 1
96 55 2
96 56 1
96 57 3
96 58 3
96 59 5
96 60 2
96 61 3
96 62 3
96 63 1
96 64 3
96 65 3
96 66 1
96 67 5
96 68 3
96 69 5
96 70 3
96 71 1
96 72 2
96 73 1
96 74 2
96 75 1
96 76 2
96 77 5
96 78 1
96 79 3
96 80 1
96 81 1
96 82 4
96 83 1
96 84 5
96 85 1
96 86 2
96 87 3
96 88 5
96 89 5
96 90 4
96 91 2
96 92 4
96 93 1
96 94 2
96 95 4
96 97 3
96 98 4
96 99 3
96 100 5
97 1 5
97 2 2
97 3 2
97 4 1
97 5 5
97 6 4
97 7 3
97 8 1
97 9 3
97 10 5
97 11 3
97 12 5
97 13 5
97 14 3
97 15 5
97 16 2
97 17 5
97 18 2
97 19 1
97 20 5
97 21 3
97 22 4
97 23 1
97 24 3
97 25 4
97 26 4
97 27 1
97 28 1
97 29 5
97 30 5
97 31 3
97 32 4
97 33 4
97 34 4
97 35 2
97 36 3
97 37 2
97 38 4
97 39 5
97 40 2
97 41 1
97 42 2
97 43 1
97 44 5
97 45 1
97 46 3
97 47 3
97 48 5
97 49 4
97 50 3
97 51 1
97 52 3
97 53 1
97 54 3
97 55 5
97 56 4
97 57 4
97 58 3
97 59 2
97 60 3
97 61 2
97 62 4
97 63 1
97 64 2
97 65 2
97 66 4
97 67 4
97 68 1
97 69 5
97 70 3
97 71 2
97 72 5
97 73 1
97 74 4
97 75 1
97 76 1
97 77 3
97 78 4
97 79 3
97 80 3
97 81 3
97 82 5
97 83 5
97 84 1
97 85 3
97 86 2
97 87 4
97 88 1
97 89 4
97 90 2
97 91 3
97 92 2
97 93 5
97 94 5
97 95 4
97 96 4
97 98 4
97 99 4
97 100 4
98 1 5
98 2 4
98 3 2
98 4 4
98 5 1
98 6 2
98 7 4
98 8 2
98 9 5
98 10 4
98 11 1
98 12 2
98 13 2
98 14 5
98 15 2
98 16 4
98 17 4
98 18 5
98 19 4
98 20 4
98 21 3
98 22 1
98 23 3
98 24 1
98 25 5
98 26 5
98 27 4
98 28 3
98 29 5
98 30 5
98 31 3
98 32 4
98 33 3
98 34 4
98 35 2
98 36 3
98 37 1
98 38 2
98 39 1
98 40 5
98 41 1
98 42 3
98 43 1
98 44 4
98 45 5
98 46 4
98 47 2
98 48 3
98 49 3
98 50 5
98 51 4
98 52 2
98 53 2
98 54 1
98 55 5
98 56 2
98 57 5
98 58 5
98 59 1
98 60 4
98 61 4
98 62 1
98 63 4
98 64 3
98 65 4
98 66 5
98 67 3
98 68 4
98 69 2
98 70 5
98 71 5
98 72 4
98 73 3
98 74 3
98 75 4
98 76 4
98 77 1
98 78 2
98 79 1
98 80 1
98 81 1
98 82 4
98 83 4
98 84 3
98 85 2
98 86 3
98 87 1
98 88 3
98 89 3
98 90 3
98 91 4
98 92 3
98 93 3
98 94 2
98 95 1
98 96 4
98 97 2
98 99 5
98 100 4
99 1 5
99 2 4
99 3 4
99 4 5
99 5 3
99 6 1
99 7 3
99 8 1
99 9 3
99 10 4
99 11 2
99 12 5
99 13 1
99 14 2
99 15 1
99 16 5
99 17 3
99 18 3
99 19 2
99 20 1
99 21 2
99 22 5
99 23 1
99 24 5
99 25 4
99 26 2
99 27 2
99 28 4
99 29 5
99 30 1
99 31 3
99 32 1
99 33 1
99 34 1
99 35 5
99 36 4
99 37 3
99 38 4
99 39 1
99 40 2
99 41 4
99 42 2
99 43 2
99 44 5
99 45 1
99 46 2
99 47 1
99 48 5
99 49 1
99 50 3
99 51 2
99 52 5
99 53 4
99 54 2
99 55 1
99 56 4
99 57 4
99 58 2
99 59 3
99 60 5
99 61 4
99 62 5
99 63 1
99 64 4
99 65 2
99 66 2
99 67 4
99 68 4
99 69 1
99 70 5
99 71 5
99 72 1
99 73 3
99 74 3
99 75 2
99 76 3
99 77 1
99 78 3
99 79 3
99 80 4
99 81 5
99 82 4
99 83 3
99 84 5
99 85 3
99 86 5
99 87 3
99 88 1
99 89 1
99 90 5
99 91 2
99 92 1
99 93 4
99 94 2
99 95 4
99 96 5
99 97 4
99 98 3
99 100 5
100 1 1
100 2 2
100 3 2
100 4 1
100 5 1
100 6 4
100 7 3
100 8 4
100 9 2
100 10 5
100 11 3
100 12 5
100 13 1
100 14 1
100 15 4
100 16 2
100 17 5
100 18 3
100 19 4
100 20 2
100 21 5
100 22 4
100 23 4
100 24 5
100 25 4
100 26 5
100 27 5
100 28 4
100 29 5
100 30 4
100 31 5
100 32 5
100 33 2
100 34 1
100 35 3
100 36 3
100 37 5
100 38 5
100 39 1
100 40 3
100 41 1
100 42 3
100 43 4
100 44 3
100 45 5
100 46 2
100 47 4
100 48 5
100 49 1
100 50 2
100 51 1
100 52 2
100 53 2
100 54 1
100 55 1
100 56 1
100 57 1
100 58 2
100 59 1
100 60 2
100 61 1
100 62 5
100 63 4
100 64 2
100 65 1
100 66 1
100 67 4
100 68 2
100 69 2
100 70 1
100 71 1
100 72 4
100 73 3
100 74 4
100 75 1
100 76 5
100 77 5
100 78 1
100 79 1
100 80 2
100 81 4
100 82 3
100 83 3
100 84 3
100 85 4
100 86 5
100 87 3
100 88 1
100 89 1
100 90 5
100 91 2
100 92 1
100 93 1
100 94 2
100 95 3
100 96 1
100 97 2
100 98 3
100 99 4

END
