INSTANCE_NAME b17.dat
NB_VERTICES 100
NB_ARCS 208
NB_REQUESTS 0
NB_BLOCKAGES 62
NB_TERMINALS 25

VERTICES
1 0 0
2 0 0
3 0 0
4 0 0
5 0 0
6 0 0
7 0 0
8 0 0
9 0 0
10 0 0
11 0 0
12 0 0
13 0 0
14 0 0
15 0 0
16 0 0
17 0 0
18 0 0
19 0 0
20 0 0
21 0 0
22 0 0
23 0 0
24 0 0
25 0 0
26 0 0
27 0 0
28 0 0
29 0 0
30 0 0
31 0 0
32 0 0
33 0 0
34 0 0
35 0 0
36 0 0
37 0 0
38 0 0
39 0 0
40 0 0
41 0 0
42 0 0
43 0 0
44 0 0
45 0 0
46 0 0
47 0 0
48 0 0
49 0 0
50 0 0
51 0 0
52 0 0
53 0 0
54 0 0
55 0 0
56 0 0
57 0 0
58 0 0
59 0 0
60 0 0
61 0 0
62 0 0
63 0 0
64 0 0
65 0 0
66 0 0
67 0 0
68 0 0
69 0 0
70 0 0
71 0 0
72 0 0
73 0 0
74 0 0
75 0 0
76 0 0
77 0 0
78 0 0
79 0 0
80 0 0
81 0 0
82 0 0
83 0 0
84 0 0
85 0 0
86 0 0
87 0 0
88 0 0
89 0 0
90 0 0
91 0 0
92 0 0
93 0 0
94 0 0
95 0 0
96 0 0
97 0 0
98 0 0
99 0 0
100 0 0

ARCS
5 60 7
60 52 8
52 28 5
28 4 3
4 1 1
1 23 2
23 29 2
29 17 8
17 36 1
36 2 1
2 19 6
19 7 6
7 4 2
4 38 8
38 34 3
34 7 9
7 6 6
6 15 3
15 31 9
31 19 10
19 11 7
11 49 8
49 73 10
73 20 3
20 5 8
5 59 8
59 10 5
10 1 1
1 41 2
41 90 7
90 67 6
67 7 7
7 21 4
21 84 10
84 16 4
16 44 9
44 47 10
47 42 1
42 13 3
13 27 4
27 33 5
33 53 1
53 71 8
71 16 2
16 69 2
69 18 10
18 36 4
36 95 9
95 68 8
68 27 3
27 48 1
48 41 10
27 57 6
57 12 5
12 14 8
14 54 5
54 32 2
32 65 3
65 38 9
38 45 9
45 8 8
8 39 1
39 4 9
4 76 9
76 80 2
80 17 2
17 55 1
55 35 6
35 15 4
15 40 9
40 10 5
10 82 8
82 72 7
72 11 7
11 52 1
52 33 8
33 39 2
39 64 1
64 30 1
30 46 1
46 9 2
9 28 9
28 95 5
95 69 1
69 32 7
69 54 3
54 93 1
93 25 7
25 3 2
3 74 6
74 66 4
66 1 10
1 87 1
87 22 1
22 59 6
59 9 5
9 25 7
25 7 3
7 63 6
63 66 6
66 51 1
51 24 8
24 19 6
19 17 9
24 8 6
8 79 3
79 7 10
7 92 5
92 46 8
46 71 2
71 52 3
52 88 6
88 74 1
74 79 3
79 59 6
79 46 7
79 73 1
74 83 6
83 30 3
30 89 5
89 69 8
69 55 2
69 23 10
23 85 6
85 68 10
68 51 1
68 56 9
56 26 3
26 92 3
92 49 1
49 99 10
99 10 6
99 37 3
37 31 3
31 70 3
70 66 7
66 72 3
72 16 9
16 56 5
56 43 1
43 42 10
42 75 7
75 95 10
95 78 7
78 82 6
78 84 2
84 56 3
56 35 10
56 98 7
98 24 8
24 92 5
92 8 10
92 27 10
27 58 7
58 13 3
13 88 5
88 81 3
81 6 7
6 95 7
95 50 2
50 12 8
12 100 5
100 4 8
100 49 3
100 96 2
96 97 2
97 52 2
52 62 9
62 7 9
62 30 6
30 70 9
70 11 8
30 80 1
80 22 1
22 40 7
40 91 10
91 72 9
72 22 1
72 86 3
86 65 5
65 29 6
29 77 4
77 85 5
65 61 10
61 97 9
97 67 6
97 1 9
65 84 2
84 9 7
84 80 6
80 34 1
84 86 1
86 30 9
86 92 7
92 74 6
72 90 1
90 98 4
98 38 2
98 3 7
98 57 6
62 36 6
52 89 10
58 56 4
43 94 5
94 23 3
94 26 2
69 63 5
54 60 1

REQUESTS

BLOCKAGES
19 11
74 66
54 60
13 27
42 13
40 10
9 28
29 17
22 40
7 63
86 92
69 32
7 4
24 92
80 22
79 46
59 10
69 54
4 1
49 99
68 56
97 52
43 42
84 86
31 19
95 68
22 59
7 92
26 92
17 55
100 49
69 23
72 90
6 15
72 16
100 4
19 17
52 33
41 90
39 4
5 59
70 66
34 7
27 33
95 69
49 73
95 78
8 79
6 95
57 12
1 23
71 16
23 85
62 7
62 30
46 9
92 46
28 4
65 84
67 7
15 31
92 8

TERMINALS
5
12
13
14
16
20
23
27
32
34
35
40
46
49
51
60
61
62
63
68
72
77
86
89
91

R
1 2 1
1 3 5
1 4 1
1 5 4
1 6 5
1 7 4
1 8 3
1 9 1
1 10 5
1 11 3
1 12 1
1 13 4
1 14 3
1 15 3
1 16 3
1 17 4
1 18 4
1 19 4
1 20 1
1 21 3
1 22 3
1 23 2
1 24 5
1 25 3
1 26 4
1 27 1
1 28 1
1 29 5
1 30 1
1 31 2
1 32 2
1 33 3
1 34 1
1 35 3
1 36 1
1 37 1
1 38 3
1 39 1
1 40 1
1 41 3
1 42 3
1 43 2
1 44 1
1 45 2
1 46 1
1 47 5
1 48 2
1 49 1
1 50 3
1 51 2
1 52 5
1 53 3
1 54 4
1 55 4
1 56 2
1 57 4
1 58 4
1 59 3
1 60 1
1 61 2
1 62 4
1 63 2
1 64 4
1 65 2
1 66 1
1 67 2
1 68 2
1 69 4
1 70 2
1 71 2
1 72 3
1 73 1
1 74 5
1 75 5
1 76 4
1 77 5
1 78 4
1 79 1
1 80 2
1 81 3
1 82 4
1 83 1
1 84 5
1 85 4
1 86 4
1 87 2
1 88 3
1 89 3
1 90 1
1 91 5
1 92 4
1 93 1
1 94 1
1 95 4
1 96 2
1 97 4
1 98 5
1 99 5
1 100 4
2 1 3
2 3 2
2 4 1
2 5 3
2 6 3
2 7 2
2 8 2
2 9 5
2 10 5
2 11 4
2 12 1
2 13 2
2 14 2
2 15 2
2 16 4
2 17 1
2 18 2
2 19 2
2 20 5
2 21 4
2 22 2
2 23 4
2 24 4
2 25 4
2 26 1
2 27 3
2 28 3
2 29 4
2 30 4
2 31 2
2 32 4
2 33 2
2 34 5
2 35 1
2 36 1
2 37 3
2 38 2
2 39 4
2 40 4
2 41 3
2 42 2
2 43 1
2 44 5
2 45 4
2 46 2
2 47 3
2 48 1
2 49 4
2 50 1
2 51 5
2 52 4
2 53 2
2 54 3
2 55 3
2 56 2
2 57 5
2 58 2
2 59 4
2 60 1
2 61 2
2 62 1
2 63 4
2 64 5
2 65 2
2 66 5
2 67 1
2 68 4
2 69 1
2 70 4
2 71 4
2 72 4
2 73 3
2 74 5
2 75 5
2 76 1
2 77 3
2 78 4
2 79 1
2 80 3
2 81 4
2 82 2
2 83 4
2 84 2
2 85 4
2 86 3
2 87 3
2 88 3
2 89 4
2 90 2
2 91 3
2 92 2
2 93 4
2 94 4
2 95 2
2 96 5
2 97 3
2 98 2
2 99 1
2 100 5
3 1 2
3 2 4
3 4 5
3 5 4
3 6 5
3 7 4
3 8 1
3 9 5
3 10 4
3 11 3
3 12 2
3 13 2
3 14 4
3 15 5
3 16 5
3 17 4
3 18 2
3 19 3
3 20 4
3 21 2
3 22 1
3 23 1
3 24 1
3 25 1
3 26 1
3 27 2
3 28 5
3 29 3
3 30 5
3 31 2
3 32 5
3 33 1
3 34 3
3 35 4
3 36 2
3 37 4
3 38 5
3 39 2
3 40 3
3 41 3
3 42 2
3 43 5
3 44 2
3 45 5
3 46 1
3 47 3
3 48 4
3 49 5
3 50 2
3 51 2
3 52 3
3 53 2
3 54 4
3 55 3
3 56 4
3 57 5
3 58 1
3 59 4
3 60 4
3 61 5
3 62 2
3 63 3
3 64 3
3 65 4
3 66 4
3 67 1
3 68 3
3 69 3
3 70 2
3 71 5
3 72 2
3 73 3
3 74 1
3 75 5
3 76 5
3 77 4
3 78 3
3 79 3
3 80 5
3 81 4
3 82 1
3 83 4
3 84 3
3 85 4
3 86 2
3 87 1
3 88 5
3 89 4
3 90 1
3 91 4
3 92 4
3 93 3
3 94 3
3 95 3
3 96 3
3 97 1
3 98 3
3 99 2
3 100 5
4 1 1
4 2 4
4 3 4
4 5 1
4 6 1
4 7 5
4 8 5
4 9 1
4 10 2
4 11 4
4 12 5
4 13 3
4 14 4
4 15 4
4 16 2
4 17 4
4 18 2
4 19 2
4 20 4
4 21 5
4 22 5
4 23 4
4 24 5
4 25 4
4 26 3
4 27 4
4 28 1
4 29 1
4 30 1
4 31 5
4 32 5
4 33 4
4 34 3
4 35 5
4 36 4
4 37 3
4 38 5
4 39 5
4 40 1
4 41 3
4 42 3
4 43 5
4 44 5
4 45 1
4 46 5
4 47 1
4 48 1
4 49 1
4 50 5
4 51 4
4 52 3
4 53 1
4 54 4
4 55 4
4 56 4
4 57 2
4 58 3
4 59 1
4 60 2
4 61 5
4 62 5
4 63 3
4 64 3
4 65 4
4 66 5
4 67 3
4 68 4
4 69 4
4 70 2
4 71 4
4 72 1
4 73 4
4 74 3
4 75 3
4 76 1
4 77 3
4 78 5
4 79 2
4 80 5
4 81 1
4 82 2
4 83 2
4 84 1
4 85 1
4 86 3
4 87 4
4 88 4
4 89 5
4 90 5
4 91 5
4 92 4
4 93 1
4 94 4
4 95 4
4 96 5
4 97 3
4 98 1
4 99 3
4 100 3
5 1 3
5 2 1
5 3 1
5 4 1
5 6 5
5 7 3
5 8 4
5 9 4
5 10 4
5 11 5
5 12 4
5 13 2
5 14 1
5 15 2
5 16 2
5 17 3
5 18 4
5 19 3
5 20 1
5 21 3
5 22 4
5 23 2
5 24 4
5 25 4
5 26 1
5 27 4
5 28 5
5 29 5
5 30 4
5 31 4
5 32 3
5 33 3
5 34 1
5 35 3
5 36 1
5 37 1
5 38 2
5 39 4
5 40 4
5 41 2
5 42 5
5 43 4
5 44 3
5 45 2
5 46 1
5 47 5
5 48 5
5 49 4
5 50 4
5 51 2
5 52 4
5 53 2
5 54 1
5 55 4
5 56 2
5 57 3
5 58 2
5 59 4
5 60 2
5 61 2
5 62 2
5 63 1
5 64 5
5 65 3
5 66 3
5 67 5
5 68 3
5 69 1
5 70 5
5 71 3
5 72 3
5 73 4
5 74 2
5 75 5
5 76 2
5 77 2
5 78 1
5 79 1
5 80 2
5 81 1
5 82 5
5 83 5
5 84 4
5 85 5
5 86 5
5 87 1
5 88 2
5 89 1
5 90 1
5 91 5
5 92 3
5 93 2
5 94 1
5 95 2
5 96 4
5 97 5
5 98 3
5 99 3
5 100 1
6 1 4
6 2 3
6 3 5
6 4 2
6 5 4
6 7 1
6 8 3
6 9 2
6 10 4
6 11 1
6 12 5
6 13 4
6 14 2
6 15 2
6 16 3
6 17 1
6 18 1
6 19 5
6 20 4
6 21 2
6 22 5
6 23 3
6 24 1
6 25 3
6 26 5
6 27 4
6 28 4
6 29 5
6 30 3
6 31 1
6 32 2
6 33 1
6 34 5
6 35 3
6 36 2
6 37 3
6 38 3
6 39 1
6 40 1
6 41 1
6 42 3
6 43 3
6 44 2
6 45 4
6 46 4
6 47 1
6 48 1
6 49 1
6 50 5
6 51 1
6 52 4
6 53 1
6 54 4
6 55 4
6 56 3
6 57 5
6 58 2
6 59 1
6 60 4
6 61 1
6 62 4
6 63 2
6 64 1
6 65 3
6 66 4
6 67 4
6 68 3
6 69 4
6 70 5
6 71 5
6 72 1
6 73 4
6 74 2
6 75 2
6 76 3
6 77 2
6 78 2
6 79 5
6 80 3
6 81 3
6 82 1
6 83 1
6 84 5
6 85 1
6 86 2
6 87 3
6 88 5
6 89 5
6 90 5
6 91 1
6 92 1
6 93 3
6 94 2
6 95 1
6 96 3
6 97 3
6 98 5
6 99 2
6 100 1
7 1 1
7 2 1
7 3 1
7 4 4
7 5 5
7 6 5
7 8 3
7 9 1
7 10 1
7 11 5
7 12 5
7 13 1
7 14 5
7 15 1
7 16 5
7 17 2
7 18 2
7 19 4
7 20 1
7 21 3
7 22 4
7 23 3
7 24 3
7 25 3
7 26 2
7 27 4
7 28 2
7 29 4
7 30 5
7 31 3
7 32 4
7 33 5
7 34 1
7 35 1
7 36 5
7 37 5
7 38 5
7 39 5
7 40 2
7 41 3
7 42 4
7 43 2
7 44 3
7 45 5
7 46 4
7 47 4
7 48 1
7 49 2
7 50 5
7 51 3
7 52 4
7 53 5
7 54 1
7 55 2
7 56 2
7 57 2
7 58 2
7 59 1
7 60 2
7 61 1
7 62 5
7 63 5
7 64 2
7 65 5
7 66 5
7 67 3
7 68 1
7 69 5
7 70 2
7 71 3
7 72 2
7 73 2
7 74 4
7 75 1
7 76 1
7 77 4
7 78 1
7 79 3
7 80 5
7 81 5
7 82 1
7 83 3
7 84 4
7 85 3
7 86 1
7 87 3
7 88 1
7 89 2
7 90 3
7 91 2
7 92 4
7 93 2
7 94 1
7 95 2
7 96 4
7 97 2
7 98 2
7 99 4
7 100 3
8 1 3
8 2 1
8 3 1
8 4 2
8 5 1
8 6 1
8 7 2
8 9 4
8 10 2
8 11 2
8 12 5
8 13 1
8 14 2
8 15 3
8 16 5
8 17 4
8 18 5
8 19 4
8 20 4
8 21 2
8 22 1
8 23 2
8 24 2
8 25 4
8 26 2
8 27 1
8 28 2
8 29 5
8 30 2
8 31 1
8 32 3
8 33 1
8 34 1
8 35 3
8 36 2
8 37 4
8 38 1
8 39 1
8 40 2
8 41 4
8 42 2
8 43 2
8 44 1
8 45 5
8 46 1
8 47 2
8 48 5
8 49 5
8 50 5
8 51 5
8 52 3
8 53 5
8 54 1
8 55 2
8 56 4
8 57 4
8 58 2
8 59 2
8 60 3
8 61 3
8 62 2
8 63 2
8 64 5
8 65 5
8 66 2
8 67 2
8 68 3
8 69 2
8 70 4
8 71 1
8 72 2
8 73 5
8 74 4
8 75 2
8 76 1
8 77 1
8 78 4
8 79 5
8 80 3
8 81 3
8 82 4
8 83 2
8 84 5
8 85 4
8 86 3
8 87 5
8 88 2
8 89 1
8 90 1
8 91 1
8 92 5
8 93 5
8 94 3
8 95 5
8 96 4
8 97 4
8 98 3
8 99 3
8 100 2
9 1 1
9 2 5
9 3 3
9 4 2
9 5 1
9 6 1
9 7 2
9 8 1
9 10 4
9 11 1
9 12 3
9 13 2
9 14 4
9 15 5
9 16 1
9 17 4
9 18 4
9 19 2
9 20 2
9 21 5
9 22 2
9 23 2
9 24 4
9 25 1
9 26 4
9 27 5
9 28 1
9 29 4
9 30 2
9 31 3
9 32 2
9 33 2
9 34 5
9 35 4
9 36 3
9 37 5
9 38 5
9 39 4
9 40 5
9 41 5
9 42 1
9 43 5
9 44 3
9 45 1
9 46 1
9 47 5
9 48 4
9 49 4
9 50 1
9 51 5
9 52 5
9 53 3
9 54 2
9 55 4
9 56 5
9 57 2
9 58 3
9 59 1
9 60 3
9 61 2
9 62 3
9 63 4
9 64 3
9 65 4
9 66 5
9 67 3
9 68 3
9 69 1
9 70 1
9 71 5
9 72 5
9 73 2
9 74 4
9 75 3
9 76 2
9 77 4
9 78 2
9 79 3
9 80 4
9 81 5
9 82 2
9 83 4
9 84 2
9 85 5
9 86 4
9 87 1
9 88 4
9 89 3
9 90 1
9 91 1
9 92 4
9 93 1
9 94 4
9 95 2
9 96 4
9 97 3
9 98 4
9 99 4
9 100 3
10 1 1
10 2 3
10 3 5
10 4 4
10 5 1
10 6 2
10 7 3
10 8 1
10 9 5
10 11 5
10 12 1
10 13 4
10 14 3
10 15 4
10 16 2
10 17 5
10 18 4
10 19 5
10 20 3
10 21 2
10 22 2
10 23 3
10 24 5
10 25 2
10 26 3
10 27 3
10 28 3
10 29 1
10 30 1
10 31 1
10 32 5
10 33 4
10 34 3
10 35 4
10 36 2
10 37 5
10 38 2
10 39 1
10 40 2
10 41 2
10 42 2
10 43 2
10 44 2
10 45 5
10 46 3
10 47 1
10 48 1
10 49 1
10 50 5
10 51 3
10 52 2
10 53 1
10 54 2
10 55 2
10 56 5
10 57 4
10 58 1
10 59 2
10 60 1
10 61 4
10 62 4
10 63 3
10 64 2
10 65 3
10 66 1
10 67 5
10 68 4
10 69 3
10 70 1
10 71 5
10 72 1
10 73 2
10 74 1
10 75 4
10 76 3
10 77 3
10 78 4
10 79 3
10 80 1
10 81 3
10 82 2
10 83 2
10 84 1
10 85 3
10 86 5
10 87 5
10 88 4
10 89 1
10 90 3
10 91 4
10 92 4
10 93 1
10 94 3
10 95 2
10 96 5
10 97 4
10 98 1
10 99 3
10 100 3
11 1 3
11 2 2
11 3 5
11 4 2
11 5 4
11 6 5
11 7 4
11 8 4
11 9 4
11 10 4
11 12 4
11 13 3
11 14 5
11 15 2
11 16 5
11 17 5
11 18 2
11 19 4
11 20 3
11 21 4
11 22 3
11 23 3
11 24 4
11 25 5
11 26 1
11 27 5
11 28 4
11 29 1
11 30 2
11 31 1
11 32 5
11 33 5
11 34 4
11 35 1
11 36 3
11 37 5
11 38 5
11 39 3
11 40 3
11 41 5
11 42 1
11 43 3
11 44 5
11 45 3
11 46 1
11 47 4
11 48 4
11 49 2
11 50 5
11 51 3
11 52 2
11 53 2
11 54 2
11 55 5
11 56 2
11 57 4
11 58 4
11 59 5
11 60 4
11 61 3
11 62 3
11 63 5
11 64 2
11 65 1
11 66 5
11 67 1
11 68 2
11 69 5
11 70 3
11 71 1
11 72 4
11 73 1
11 74 3
11 75 3
11 76 3
11 77 4
11 78 4
11 79 3
11 80 2
11 81 3
11 82 5
11 83 4
11 84 4
11 85 1
11 86 5
11 87 5
11 88 5
11 89 4
11 90 2
11 91 5
11 92 1
11 93 4
11 94 2
11 95 4
11 96 1
11 97 1
11 98 4
11 99 3
11 100 5
12 1 3
12 2 3
12 3 1
12 4 3
12 5 3
12 6 5
12 7 2
12 8 3
12 9 3
12 10 4
12 11 1
12 13 5
12 14 3
12 15 1
12 16 1
12 17 1
12 18 1
12 19 5
12 20 2
12 21 1
12 22 1
12 23 3
12 24 1
12 25 1
12 26 4
12 27 1
12 28 2
12 29 5
12 30 1
12 31 1
12 32 1
12 33 3
12 34 5
12 35 3
12 36 3
12 37 2
12 38 3
12 39 4
12 40 1
12 41 2
12 42 3
12 43 2
12 44 4
12 45 2
12 46 2
12 47 4
12 48 4
12 49 4
12 50 3
12 51 5
12 52 4
12 53 1
12 54 3
12 55 1
12 56 1
12 57 1
12 58 1
12 59 4
12 60 2
12 61 3
12 62 4
12 63 5
12 64 3
12 65 4
12 66 2
12 67 5
12 68 2
12 69 1
12 70 3
12 71 3
12 72 3
12 73 2
12 74 1
12 75 1
12 76 4
12 77 4
12 78 4
12 79 2
12 80 3
12 81 3
12 82 4
12 83 3
12 84 3
12 85 1
12 86 4
12 87 1
12 88 3
12 89 1
12 90 4
12 91 5
12 92 4
12 93 5
12 94 4
12 95 1
12 96 3
12 97 2
12 98 5
12 99 4
12 100 3
13 1 4
13 2 3
13 3 2
13 4 1
13 5 5
13 6 2
13 7 1
13 8 4
13 9 2
13 10 2
13 11 3
13 12 1
13 14 5
13 15 5
13 16 1
13 17 2
13 18 5
13 19 1
13 20 5
13 21 1
13 22 1
13 23 1
13 24 1
13 25 5
13 26 1
13 27 1
13 28 4
13 29 2
13 30 2
13 31 3
13 32 1
13 33 2
13 34 2
13 35 2
13 36 2
13 37 2
13 38 5
13 39 2
13 40 2
13 41 3
13 42 1
13 43 4
13 44 4
13 45 2
13 46 5
13 47 4
13 48 4
13 49 5
13 50 1
13 51 5
13 52 5
13 53 1
13 54 5
13 55 2
13 56 3
13 57 2
13 58 2
13 59 1
13 60 5
13 61 5
13 62 5
13 63 1
13 64 1
13 65 4
13 66 2
13 67 5
13 68 5
13 69 4
13 70 1
13 71 3
13 72 1
13 73 1
13 74 1
13 75 4
13 76 5
13 77 2
13 78 4
13 79 3
13 80 1
13 81 4
13 82 2
13 83 2
13 84 2
13 85 3
13 86 3
13 87 1
13 88 4
13 89 1
13 90 1
13 91 5
13 92 2
13 93 3
13 94 5
13 95 5
13 96 1
13 97 4
13 98 4
13 99 2
13 100 2
14 1 4
14 2 4
14 3 2
14 4 2
14 5 1
14 6 3
14 7 1
14 8 2
14 9 1
14 10 5
14 11 5
14 12 2
14 13 3
14 15 3
14 16 3
14 17 5
14 18 3
14 19 5
14 20 5
14 21 5
14 22 2
14 23 4
14 24 2
14 25 4
14 26 1
14 27 3
14 28 1
14 29 4
14 30 1
14 31 2
14 32 5
14 33 1
14 34 2
14 35 1
14 36 4
14 37 2
14 38 3
14 39 4
14 40 4
14 41 1
14 42 5
14 43 5
14 44 2
14 45 2
14 46 2
14 47 1
14 48 3
14 49 4
14 50 5
14 51 2
14 52 1
14 53 1
14 54 3
14 55 4
14 56 2
14 57 3
14 58 1
14 59 4
14 60 3
14 61 1
14 62 1
14 63 2
14 64 1
14 65 2
14 66 4
14 67 5
14 68 4
14 69 4
14 70 5
14 71 4
14 72 4
14 73 5
14 74 3
14 75 2
14 76 1
14 77 1
14 78 2
14 79 4
14 80 2
14 81 1
14 82 2
14 83 2
14 84 3
14 85 1
14 86 5
14 87 1
14 88 5
14 89 5
14 90 5
14 91 2
14 92 2
14 93 2
14 94 5
14 95 4
14 96 3
14 97 4
14 98 3
14 99 3
14 100 4
15 1 5
15 2 3
15 3 2
15 4 1
15 5 2
15 6 3
15 7 1
15 8 3
15 9 1
15 10 1
15 11 1
15 12 3
15 13 5
15 14 2
15 16 2
15 17 2
15 18 3
15 19 3
15 20 2
15 21 4
15 22 4
15 23 5
15 24 2
15 25 5
15 26 5
15 27 5
15 28 4
15 29 5
15 30 5
15 31 4
15 32 3
15 33 4
15 34 1
15 35 1
15 36 4
15 37 3
15 38 5
15 39 1
15 40 2
15 41 5
15 42 4
15 43 4
15 44 2
15 45 5
15 46 2
15 47 5
15 48 1
15 49 4
15 50 2
15 51 4
15 52 4
15 53 5
15 54 4
15 55 5
15 56 1
15 57 5
15 58 1
15 59 5
15 60 4
15 61 5
15 62 3
15 63 1
15 64 5
15 65 5
15 66 3
15 67 3
15 68 4
15 69 2
15 70 1
15 71 5
15 72 3
15 73 1
15 74 3
15 75 1
15 76 5
15 77 1
15 78 5
15 79 2
15 80 4
15 81 2
15 82 3
15 83 4
15 84 3
15 85 1
15 86 5
15 87 4
15 88 2
15 89 1
15 90 5
15 91 5
15 92 5
15 93 2
15 94 2
15 95 5
15 96 1
15 97 4
15 98 4
15 99 5
15 100 2
16 1 1
16 2 1
16 3 4
16 4 3
16 5 1
16 6 4
16 7 4
16 8 1
16 9 5
16 10 1
16 11 2
16 12 1
16 13 3
16 14 5
16 15 1
16 17 5
16 18 2
16 19 1
16 20 1
16 21 2
16 22 5
16 23 2
16 24 3
16 25 3
16 26 3
16 27 4
16 28 3
16 29 3
16 30 5
16 31 4
16 32 4
16 33 5
16 34 5
16 35 4
16 36 3
16 37 2
16 38 4
16 39 3
16 40 2
16 41 3
16 42 3
16 43 5
16 44 4
16 45 2
16 46 5
16 47 1
16 48 3
16 49 1
16 50 1
16 51 5
16 52 4
16 53 2
16 54 1
16 55 1
16 56 4
16 57 5
16 58 5
16 59 1
16 60 2
16 61 4
16 62 2
16 63 2
16 64 5
16 65 1
16 66 5
16 67 4
16 68 4
16 69 3
16 70 2
16 71 2
16 72 1
16 73 1
16 74 2
16 75 1
16 76 5
16 77 1
16 78 3
16 79 2
16 80 3
16 81 3
16 82 4
16 83 3
16 84 4
16 85 4
16 86 3
16 87 2
16 88 1
16 89 4
16 90 4
16 91 2
16 92 4
16 93 5
16 94 1
16 95 4
16 96 2
16 97 5
16 98 4
16 99 2
16 100 5
17 1 5
17 2 4
17 3 2
17 4 1
17 5 5
17 6 4
17 7 5
17 8 2
17 9 1
17 10 3
17 11 1
17 12 5
17 13 1
17 14 3
17 15 5
17 16 2
17 18 2
17 19 3
17 20 2
17 21 1
17 22 1
17 23 5
17 24 1
17 25 3
17 26 5
17 27 1
17 28 1
17 29 2
17 30 5
17 31 3
17 32 3
17 33 4
17 34 1
17 35 4
17 36 1
17 37 5
17 38 4
17 39 5
17 40 1
17 41 4
17 42 3
17 43 1
17 44 5
17 45 5
17 46 5
17 47 4
17 48 1
17 49 1
17 50 1
17 51 2
17 52 3
17 53 3
17 54 4
17 55 1
17 56 2
17 57 3
17 58 1
17 59 3
17 60 1
17 61 5
17 62 2
17 63 3
17 64 4
17 65 4
17 66 3
17 67 4
17 68 3
17 69 1
17 70 1
17 71 5
17 72 1
17 73 5
17 74 2
17 75 2
17 76 4
17 77 1
17 78 5
17 79 5
17 80 3
17 81 2
17 82 3
17 83 3
17 84 2
17 85 1
17 86 3
17 87 3
17 88 1
17 89 3
17 90 2
17 91 1
17 92 3
17 93 5
17 94 1
17 95 3
17 96 3
17 97 3
17 98 3
17 99 5
17 100 1
18 1 3
18 2 1
18 3 3
18 4 2
18 5 2
18 6 5
18 7 3
18 8 4
18 9 1
18 10 4
18 11 4
18 12 3
18 13 1
18 14 1
18 15 4
18 16 4
18 17 3
18 19 3
18 20 4
18 21 5
18 22 2
18 23 4
18 24 4
18 25 1
18 26 4
18 27 1
18 28 4
18 29 4
18 30 4
18 31 5
18 32 1
18 33 3
18 34 3
18 35 3
18 36 2
18 37 1
18 38 2
18 39 4
18 40 5
18 41 5
18 42 4
18 43 5
18 44 2
18 45 4
18 46 5
18 47 2
18 48 2
18 49 2
18 50 1
18 51 2
18 52 3
18 53 2
18 54 1
18 55 4
18 56 3
18 57 1
18 58 1
18 59 3
18 60 4
18 61 4
18 62 4
18 63 4
18 64 4
18 65 1
18 66 4
18 67 2
18 68 4
18 69 2
18 70 2
18 71 5
18 72 1
18 73 5
18 74 4
18 75 4
18 76 5
18 77 3
18 78 5
18 79 2
18 80 1
18 81 1
18 82 3
18 83 5
18 84 2
18 85 5
18 86 3
18 87 1
18 88 1
18 89 4
18 90 5
18 91 1
18 92 4
18 93 1
18 94 2
18 95 4
18 96 1
18 97 5
18 98 5
18 99 1
18 100 3
19 1 1
19 2 5
19 3 4
19 4 2
19 5 3
19 6 2
19 7 2
19 8 2
19 9 4
19 10 5
19 11 2
19 12 4
19 13 4
19 14 4
19 15 2
19 16 4
19 17 3
19 18 3
19 20 1
19 21 1
19 22 4
19 23 3
19 24 2
19 25 4
19 26 4
19 27 2
19 28 2
19 29 5
19 30 2
19 31 2
19 32 3
19 33 4
19 34 2
19 35 3
19 36 1
19 37 1
19 38 4
19 39 2
19 40 3
19 41 2
19 42 1
19 43 1
19 44 2
19 45 4
19 46 4
19 47 4
19 48 4
19 49 2
19 50 3
19 51 4
19 52 4
19 53 1
19 54 4
19 55 2
19 56 2
19 57 2
19 58 4
19 59 3
19 60 4
19 61 2
19 62 1
19 63 3
19 64 5
19 65 4
19 66 5
19 67 2
19 68 5
19 69 5
19 70 3
19 71 2
19 72 4
19 73 5
19 74 2
19 75 5
19 76 1
19 77 3
19 78 3
19 79 4
19 80 1
19 81 2
19 82 5
19 83 4
19 84 5
19 85 3
19 86 3
19 87 1
19 88 1
19 89 1
19 90 5
19 91 1
19 92 4
19 93 2
19 94 3
19 95 3
19 96 1
19 97 2
19 98 2
19 99 5
19 100 2
20 1 4
20 2 3
20 3 5
20 4 1
20 5 1
20 6 1
20 7 1
20 8 3
20 9 4
20 10 1
20 11 5
20 12 2
20 13 5
20 14 4
20 15 1
20 16 4
20 17 1
20 18 3
20 19 2
20 21 3
20 22 4
20 23 2
20 24 1
20 25 1
20 26 5
20 27 5
20 28 1
20 29 1
20 30 1
20 31 2
20 32 4
20 33 2
20 34 1
20 35 5
20 36 4
20 37 1
20 38 1
20 39 4
20 40 1
20 41 1
20 42 1
20 43 5
20 44 2
20 45 1
20 46 5
20 47 5
20 48 1
20 49 2
20 50 4
20 51 2
20 52 4
20 53 3
20 54 4
20 55 1
20 56 3
20 57 3
20 58 3
20 59 5
20 60 5
20 61 3
20 62 3
20 63 4
20 64 1
20 65 3
20 66 3
20 67 4
20 68 5
20 69 5
20 70 4
20 71 5
20 72 5
20 73 5
20 74 2
20 75 2
20 76 2
20 77 1
20 78 3
20 79 2
20 80 3
20 81 1
20 82 1
20 83 3
20 84 3
20 85 4
20 86 4
20 87 2
20 88 3
20 89 1
20 90 3
20 91 2
20 92 5
20 93 2
20 94 2
20 95 3
20 96 4
20 97 2
20 98 1
20 99 4
20 100 1
21 1 2
21 2 5
21 3 1
21 4 3
21 5 1
21 6 4
21 7 4
21 8 2
21 9 3
21 10 2
21 11 1
21 12 3
21 13 2
21 14 3
21 15 3
21 16 2
21 17 3
21 18 1
21 19 4
21 20 5
21 22 4
21 23 3
21 24 2
21 25 2
21 26 4
21 27 4
21 28 1
21 29 2
21 30 1
21 31 1
21 32 3
21 33 2
21 34 2
21 35 5
21 36 4
21 37 5
21 38 3
21 39 4
21 40 3
21 41 5
21 42 3
21 43 3
21 44 4
21 45 1
21 46 5
21 47 1
21 48 3
21 49 5
21 50 2
21 51 3
21 52 4
21 53 2
21 54 2
21 55 5
21 56 5
21 57 1
21 58 3
21 59 2
21 60 4
21 61 1
21 62 4
21 63 1
21 64 4
21 65 1
21 66 5
21 67 5
21 68 5
21 69 4
21 70 3
21 71 2
21 72 5
21 73 5
21 74 1
21 75 4
21 76 1
21 77 2
21 78 1
21 79 5
21 80 1
21 81 4
21 82 4
21 83 2
21 84 2
21 85 1
21 86 1
21 87 2
21 88 3
21 89 1
21 90 3
21 91 1
21 92 3
21 93 2
21 94 2
21 95 1
21 96 4
21 97 3
21 98 5
21 99 3
21 100 2
22 1 3
22 2 1
22 3 1
22 4 4
22 5 3
22 6 4
22 7 1
22 8 4
22 9 5
22 10 2
22 11 2
22 12 3
22 13 1
22 14 3
22 15 5
22 16 1
22 17 5
22 18 3
22 19 3
22 20 5
22 21 5
22 23 5
22 24 2
22 25 1
22 26 1
22 27 5
22 28 4
22 29 4
22 30 4
22 31 3
22 32 2
22 33 3
22 34 5
22 35 2
22 36 4
22 37 2
22 38 3
22 39 4
22 40 3
22 41 4
22 42 3
22 43 4
22 44 3
22 45 3
22 46 1
22 47 2
22 48 5
22 49 2
22 50 4
22 51 4
22 52 2
22 53 1
22 54 3
22 55 5
22 56 3
22 57 1
22 58 1
22 59 2
22 60 1
22 61 5
22 62 1
22 63 2
22 64 2
22 65 3
22 66 5
22 67 2
22 68 1
22 69 2
22 70 1
22 71 3
22 72 2
22 73 5
22 74 3
22 75 5
22 76 2
22 77 5
22 78 3
22 79 1
22 80 2
22 81 4
22 82 4
22 83 5
22 84 4
22 85 3
22 86 1
22 87 1
22 88 3
22 89 2
22 90 4
22 91 3
22 92 1
22 93 2
22 94 1
22 95 4
22 96 4
22 97 1
22 98 1
22 99 1
22 100 4
23 1 3
23 2 4
23 3 1
23 4 2
23 5 3
23 6 5
23 7 5
23 8 3
23 9 2
23 10 2
23 11 1
23 12 5
23 13 5
23 14 5
23 15 3
23 16 4
23 17 2
23 18 1
23 19 2
23 20 3
23 21 4
23 22 1
23 24 5
23 25 5
23 26 2
23 27 1
23 28 5
23 29 4
23 30 1
23 31 1
23 32 2
23 33 5
23 34 1
23 35 2
23 36 3
23 37 3
23 38 3
23 39 2
23 40 2
23 41 2
23 42 3
23 43 4
23 44 1
23 45 4
23 46 3
23 47 1
23 48 2
23 49 2
23 50 1
23 51 5
23 52 4
23 53 1
23 54 1
23 55 1
23 56 3
23 57 4
23 58 1
23 59 4
23 60 2
23 61 3
23 62 4
23 63 3
23 64 2
23 65 1
23 66 2
23 67 1
23 68 4
23 69 1
23 70 2
23 71 2
23 72 2
23 73 1
23 74 1
23 75 3
23 76 1
23 77 5
23 78 5
23 79 2
23 80 1
23 81 2
23 82 4
23 83 2
23 84 2
23 85 4
23 86 2
23 87 1
23 88 4
23 89 2
23 90 5
23 91 5
23 92 4
23 93 5
23 94 4
23 95 2
23 96 1
23 97 5
23 98 2
23 99 1
23 100 3
24 1 5
24 2 4
24 3 4
24 4 5
24 5 4
24 6 3
24 7 2
24 8 1
24 9 2
24 10 5
24 11 3
24 12 3
24 13 3
24 14 1
24 15 2
24 16 3
24 17 2
24 18 2
24 19 1
24 20 5
24 21 3
24 22 5
24 23 5
24 25 3
24 26 4
24 27 1
24 28 5
24 29 5
24 30 4
24 31 5
24 32 2
24 33 3
24 34 3
24 35 3
24 36 4
24 37 4
24 38 5
24 39 5
24 40 1
24 41 2
24 42 5
24 43 3
24 44 1
24 45 4
24 46 1
24 47 2
24 48 2
24 49 2
24 50 1
24 51 2
24 52 4
24 53 5
24 54 4
24 55 3
24 56 4
24 57 2
24 58 1
24 59 3
24 60 3
24 61 4
24 62 4
24 63 5
24 64 4
24 65 4
24 66 4
24 67 4
24 68 2
24 69 3
24 70 1
24 71 4
24 72 4
24 73 2
24 74 3
24 75 2
24 76 5
24 77 3
24 78 3
24 79 3
24 80 5
24 81 5
24 82 5
24 83 5
24 84 5
24 85 3
24 86 2
24 87 5
24 88 1
24 89 4
24 90 3
24 91 3
24 92 5
24 93 1
24 94 4
24 95 5
24 96 4
24 97 2
24 98 3
24 99 2
24 100 5
25 1 5
25 2 5
25 3 5
25 4 1
25 5 3
25 6 1
25 7 3
25 8 5
25 9 1
25 10 5
25 11 1
25 12 2
25 13 1
25 14 5
25 15 3
25 16 3
25 17 4
25 18 3
25 19 5
25 20 4
25 21 5
25 22 3
25 23 3
25 24 2
25 26 3
25 27 2
25 28 1
25 29 2
25 30 2
25 31 4
25 32 1
25 33 1
25 34 4
25 35 2
25 36 2
25 37 3
25 38 5
25 39 1
25 40 4
25 41 5
25 42 5
25 43 2
25 44 1
25 45 1
25 46 3
25 47 4
25 48 5
25 49 1
25 50 1
25 51 5
25 52 5
25 53 2
25 54 4
25 55 4
25 56 3
25 57 3
25 58 1
25 59 5
25 60 4
25 61 4
25 62 4
25 63 1
25 64 4
25 65 4
25 66 3
25 67 2
25 68 1
25 69 2
25 70 2
25 71 4
25 72 1
25 73 2
25 74 5
25 75 3
25 76 4
25 77 3
25 78 3
25 79 5
25 80 5
25 81 3
25 82 1
25 83 1
25 84 1
25 85 4
25 86 2
25 87 4
25 88 4
25 89 4
25 90 3
25 91 2
25 92 2
25 93 1
25 94 3
25 95 5
25 96 4
25 97 2
25 98 2
25 99 1
25 100 3
26 1 5
26 2 2
26 3 5
26 4 3
26 5 3
26 6 2
26 7 3
26 8 2
26 9 2
26 10 3
26 11 4
26 12 4
26 13 3
26 14 4
26 15 5
26 16 4
26 17 5
26 18 5
26 19 2
26 20 5
26 21 2
26 22 5
26 23 1
26 24 5
26 25 2
26 27 1
26 28 5
26 29 3
26 30 4
26 31 3
26 32 2
26 33 5
26 34 4
26 35 1
26 36 3
26 37 1
26 38 5
26 39 5
26 40 3
26 41 1
26 42 4
26 43 3
26 44 1
26 45 2
26 46 1
26 47 2
26 48 2
26 49 3
26 50 3
26 51 5
26 52 2
26 53 2
26 54 4
26 55 5
26 56 1
26 57 3
26 58 5
26 59 2
26 60 2
26 61 5
26 62 4
26 63 1
26 64 1
26 65 2
26 66 1
26 67 3
26 68 5
26 69 2
26 70 5
26 71 4
26 72 4
26 73 3
26 74 1
26 75 2
26 76 1
26 77 3
26 78 5
26 79 4
26 80 5
26 81 3
26 82 5
26 83 4
26 84 4
26 85 4
26 86 3
26 87 1
26 88 3
26 89 4
26 90 2
26 91 1
26 92 5
26 93 1
26 94 1
26 95 5
26 96 4
26 97 4
26 98 5
26 99 3
26 100 5
27 1 1
27 2 3
27 3 1
27 4 3
27 5 3
27 6 2
27 7 1
27 8 1
27 9 3
27 10 1
27 11 2
27 12 5
27 13 1
27 14 2
27 15 5
27 16 1
27 17 4
27 18 5
27 19 3
27 20 4
27 21 4
27 22 5
27 23 5
27 24 4
27 25 1
27 26 5
27 28 4
27 29 1
27 30 1
27 31 4
27 32 2
27 33 1
27 34 1
27 35 2
27 36 5
27 37 1
27 38 5
27 39 2
27 40 1
27 41 3
27 42 3
27 43 4
27 44 4
27 45 3
27 46 1
27 47 4
27 48 3
27 49 1
27 50 5
27 51 2
27 52 5
27 53 3
27 54 3
27 55 1
27 56 3
27 57 5
27 58 5
27 59 2
27 60 5
27 61 2
27 62 2
27 63 2
27 64 2
27 65 2
27 66 3
27 67 4
27 68 4
27 69 5
27 70 5
27 71 4
27 72 4
27 73 2
27 74 5
27 75 2
27 76 1
27 77 5
27 78 2
27 79 5
27 80 2
27 81 2
27 82 3
27 83 3
27 84 4
27 85 1
27 86 4
27 87 2
27 88 5
27 89 5
27 90 5
27 91 5
27 92 2
27 93 1
27 94 1
27 95 5
27 96 4
27 97 5
27 98 3
27 99 3
27 100 4
28 1 5
28 2 3
28 3 2
28 4 3
28 5 2
28 6 1
28 7 4
28 8 3
28 9 2
28 10 3
28 11 5
28 12 5
28 13 1
28 14 4
28 15 4
28 16 3
28 17 2
28 18 2
28 19 2
28 20 4
28 21 1
28 22 1
28 23 5
28 24 1
28 25 3
28 26 1
28 27 4
28 29 3
28 30 1
28 31 3
28 32 1
28 33 5
28 34 1
28 35 5
28 36 2
28 37 2
28 38 5
28 39 2
28 40 5
28 41 3
28 42 2
28 43 1
28 44 3
28 45 2
28 46 4
28 47 1
28 48 4
28 49 3
28 50 4
28 51 2
28 52 1
28 53 4
28 54 3
28 55 2
28 56 1
28 57 5
28 58 2
28 59 1
28 60 2
28 61 2
28 62 4
28 63 5
28 64 3
28 65 4
28 66 1
28 67 2
28 68 2
28 69 5
28 70 3
28 71 3
28 72 4
28 73 4
28 74 3
28 75 1
28 76 2
28 77 4
28 78 3
28 79 2
28 80 1
28 81 1
28 82 4
28 83 3
28 84 1
28 85 1
28 86 4
28 87 1
28 88 2
28 89 2
28 90 4
28 91 1
28 92 1
28 93 4
28 94 2
28 95 5
28 96 4
28 97 2
28 98 1
28 99 5
28 100 1
29 1 4
29 2 3
29 3 4
29 4 4
29 5 2
29 6 2
29 7 1
29 8 5
29 9 4
29 10 2
29 11 2
29 12 2
29 13 2
29 14 1
29 15 2
29 16 4
29 17 1
29 18 5
29 19 1
29 20 3
29 21 3
29 22 3
29 23 5
29 24 1
29 25 4
29 26 4
29 27 4
29 28 5
29 30 5
29 31 5
29 32 2
29 33 5
29 34 2
29 35 2
29 36 3
29 37 1
29 38 3
29 39 5
29 40 2
29 41 4
29 42 4
29 43 4
29 44 5
29 45 5
29 46 1
29 47 1
29 48 4
29 49 2
29 50 2
29 51 1
29 52 4
29 53 4
29 54 3
29 55 5
29 56 1
29 57 1
29 58 3
29 59 1
29 60 5
29 61 4
29 62 1
29 63 3
29 64 3
29 65 4
29 66 4
29 67 3
29 68 4
29 69 4
29 70 2
29 71 1
29 72 4
29 73 5
29 74 1
29 75 3
29 76 2
29 77 1
29 78 5
29 79 5
29 80 2
29 81 2
29 82 5
29 83 2
29 84 2
29 85 2
29 86 3
29 87 5
29 88 4
29 89 1
29 90 5
29 91 5
29 92 4
29 93 2
29 94 2
29 95 4
29 96 1
29 97 2
29 98 1
29 99 1
29 100 2
30 1 4
30 2 3
30 3 5
30 4 1
30 5 3
30 6 2
30 7 2
30 8 1
30 9 4
30 10 3
30 11 4
30 12 2
30 13 2
30 14 3
30 15 3
30 16 5
30 17 5
30 18 2
30 19 3
30 20 2
30 21 2
30 22 4
30 23 3
30 24 5
30 25 5
30 26 1
30 27 5
30 28 3
30 29 3
30 31 3
30 32 5
30 33 1
30 34 5
30 35 4
30 36 3
30 37 5
30 38 3
30 39 4
30 40 2
30 41 1
30 42 1
30 43 5
30 44 2
30 45 4
30 46 4
30 47 1
30 48 5
30 49 1
30 50 3
30 51 4
30 52 2
30 53 1
30 54 2
30 55 4
30 56 2
30 57 3
30 58 1
30 59 2
30 60 1
30 61 3
30 62 1
30 63 2
30 64 1
30 65 2
30 66 5
30 67 3
30 68 1
30 69 4
30 70 2
30 71 4
30 72 1
30 73 4
30 74 1
30 75 4
30 76 5
30 77 4
30 78 5
30 79 4
30 80 4
30 81 4
30 82 5
30 83 3
30 84 1
30 85 3
30 86 1
30 87 2
30 88 1
30 89 2
30 90 5
30 91 3
30 92 1
30 93 2
30 94 4
30 95 1
30 96 4
30 97 5
30 98 4
30 99 4
30 100 4
31 1 2
31 2 3
31 3 4
31 4 5
31 5 3
31 6 5
31 7 1
31 8 3
31 9 4
31 10 2
31 11 4
31 12 4
31 13 1
31 14 1
31 15 4
31 16 3
31 17 3
31 18 2
31 19 3
31 20 1
31 21 4
31 22 2
31 23 2
31 24 5
31 25 5
31 26 2
31 27 3
31 28 5
31 29 2
31 30 4
31 32 5
31 33 3
31 34 3
31 35 5
31 36 5
31 37 2
31 38 4
31 39 5
31 40 4
31 41 4
31 42 1
31 43 4
31 44 2
31 45 1
31 46 4
31 47 2
31 48 1
31 49 4
31 50 4
31 51 5
31 52 4
31 53 2
31 54 2
31 55 2
31 56 3
31 57 3
31 58 1
31 59 1
31 60 4
31 61 2
31 62 4
31 63 3
31 64 5
31 65 1
31 66 5
31 67 1
31 68 4
31 69 3
31 70 5
31 71 2
31 72 2
31 73 1
31 74 1
31 75 3
31 76 3
31 77 1
31 78 2
31 79 5
31 80 1
31 81 5
31 82 5
31 83 5
31 84 3
31 85 3
31 86 3
31 87 5
31 88 5
31 89 3
31 90 2
31 91 4
31 92 2
31 93 2
31 94 3
31 95 3
31 96 4
31 97 2
31 98 3
31 99 2
31 100 5
32 1 2
32 2 1
32 3 3
32 4 4
32 5 3
32 6 2
32 7 4
32 8 3
32 9 3
32 10 3
32 11 4
32 12 4
32 13 4
32 14 5
32 15 1
32 16 1
32 17 4
32 18 3
32 19 3
32 20 2
32 21 1
32 22 1
32 23 5
32 24 3
32 25 5
32 26 2
32 27 3
32 28 2
32 29 4
32 30 5
32 31 3
32 33 2
32 34 5
32 35 5
32 36 3
32 37 2
32 38 1
32 39 3
32 40 1
32 41 1
32 42 5
32 43 1
32 44 4
32 45 1
32 46 2
32 47 2
32 48 3
32 49 1
32 50 1
32 51 5
32 52 4
32 53 1
32 54 2
32 55 3
32 56 5
32 57 2
32 58 1
32 59 3
32 60 3
32 61 4
32 62 2
32 63 2
32 64 2
32 65 3
32 66 1
32 67 1
32 68 4
32 69 3
32 70 3
32 71 1
32 72 3
32 73 5
32 74 2
32 75 4
32 76 5
32 77 3
32 78 5
32 79 2
32 80 3
32 81 5
32 82 2
32 83 1
32 84 2
32 85 3
32 86 5
32 87 4
32 88 4
32 89 5
32 90 1
32 91 3
32 92 5
32 93 4
32 94 4
32 95 4
32 96 3
32 97 1
32 98 4
32 99 3
32 100 1
33 1 2
33 2 3
33 3 3
33 4 1
33 5 4
33 6 3
33 7 5
33 8 2
33 9 2
33 10 3
33 11 1
33 12 3
33 13 1
33 14 4
33 15 2
33 16 1
33 17 5
33 18 5
33 19 1
33 20 5
33 21 2
33 22 4
33 23 1
33 24 2
33 25 4
33 26 4
33 27 4
33 28 5
33 29 3
33 30 1
33 31 5
33 32 1
33 34 3
33 35 4
33 36 1
33 37 4
33 38 4
33 39 2
33 40 2
33 41 5
33 42 4
33 43 2
33 44 5
33 45 5
33 46 2
33 47 3
33 48 5
33 49 2
33 50 2
33 51 5
33 52 3
33 53 5
33 54 5
33 55 3
33 56 1
33 57 4
33 58 4
33 59 4
33 60 5
33 61 1
33 62 1
33 63 1
33 64 3
33 65 5
33 66 1
33 67 3
33 68 3
33 69 4
33 70 1
33 71 4
33 72 1
33 73 4
33 74 3
33 75 5
33 76 5
33 77 4
33 78 2
33 79 1
33 80 2
33 81 5
33 82 3
33 83 4
33 84 4
33 85 4
33 86 2
33 87 4
33 88 4
33 89 2
33 90 4
33 91 3
33 92 4
33 93 1
33 94 5
33 95 1
33 96 5
33 97 1
33 98 5
33 99 5
33 100 4
34 1 5
34 2 5
34 3 4
34 4 3
34 5 2
34 6 5
34 7 5
34 8 3
34 9 3
34 10 2
34 11 4
34 12 2
34 13 4
34 14 5
34 15 2
34 16 3
34 17 3
34 18 2
34 19 3
34 20 4
34 21 2
34 22 1
34 23 2
34 24 2
34 25 2
34 26 2
34 27 4
34 28 2
34 29 1
34 30 3
34 31 3
34 32 5
34 33 2
34 35 3
34 36 4
34 37 1
34 38 3
34 39 5
34 40 3
34 41 5
34 42 2
34 43 3
34 44 4
34 45 2
34 46 4
34 47 5
34 48 1
34 49 1
34 50 2
34 51 4
34 52 4
34 53 3
34 54 1
34 55 2
34 56 2
34 57 2
34 58 5
34 59 5
34 60 1
34 61 5
34 62 2
34 63 3
34 64 1
34 65 5
34 66 5
34 67 2
34 68 5
34 69 4
34 70 3
34 71 4
34 72 4
34 73 4
34 74 4
34 75 4
34 76 3
34 77 2
34 78 3
34 79 3
34 80 3
34 81 1
34 82 1
34 83 3
34 84 1
34 85 3
34 86 5
34 87 2
34 88 5
34 89 1
34 90 1
34 91 5
34 92 3
34 93 4
34 94 4
34 95 3
34 96 5
34 97 3
34 98 1
34 99 2
34 100 2
35 1 4
35 2 5
35 3 2
35 4 4
35 5 5
35 6 5
35 7 1
35 8 2
35 9 4
35 10 1
35 11 1
35 12 5
35 13 3
35 14 5
35 15 5
35 16 1
35 17 1
35 18 1
35 19 2
35 20 2
35 21 3
35 22 1
35 23 4
35 24 3
35 25 4
35 26 3
35 27 2
35 28 3
35 29 1
35 30 3
35 31 1
35 32 1
35 33 5
35 34 2
35 36 4
35 37 4
35 38 1
35 39 2
35 40 2
35 41 2
35 42 4
35 43 4
35 44 1
35 45 1
35 46 4
35 47 2
35 48 1
35 49 1
35 50 2
35 51 2
35 52 2
35 53 1
35 54 4
35 55 2
35 56 3
35 57 4
35 58 5
35 59 4
35 60 2
35 61 5
35 62 4
35 63 2
35 64 5
35 65 3
35 66 1
35 67 5
35 68 3
35 69 3
35 70 3
35 71 5
35 72 4
35 73 1
35 74 3
35 75 1
35 76 2
35 77 3
35 78 2
35 79 4
35 80 4
35 81 5
35 82 3
35 83 2
35 84 5
35 85 3
35 86 4
35 87 4
35 88 2
35 89 3
35 90 5
35 91 5
35 92 4
35 93 3
35 94 3
35 95 5
35 96 2
35 97 3
35 98 4
35 99 4
35 100 1
36 1 2
36 2 3
36 3 1
36 4 4
36 5 3
36 6 2
36 7 2
36 8 2
36 9 3
36 10 3
36 11 5
36 12 3
36 13 5
36 14 4
36 15 4
36 16 4
36 17 2
36 18 3
36 19 2
36 20 1
36 21 2
36 22 1
36 23 1
36 24 1
36 25 4
36 26 5
36 27 2
36 28 3
36 29 5
36 30 5
36 31 5
36 32 3
36 33 5
36 34 1
36 35 2
36 37 4
36 38 4
36 39 3
36 40 5
36 41 1
36 42 2
36 43 2
36 44 5
36 45 3
36 46 5
36 47 4
36 48 2
36 49 3
36 50 1
36 51 3
36 52 5
36 53 4
36 54 1
36 55 5
36 56 4
36 57 4
36 58 4
36 59 2
36 60 3
36 61 3
36 62 3
36 63 3
36 64 1
36 65 2
36 66 5
36 67 4
36 68 5
36 69 3
36 70 3
36 71 2
36 72 5
36 73 5
36 74 5
36 75 5
36 76 2
36 77 4
36 78 3
36 79 3
36 80 3
36 81 5
36 82 3
36 83 2
36 84 3
36 85 3
36 86 1
36 87 3
36 88 3
36 89 1
36 90 1
36 91 5
36 92 5
36 93 3
36 94 4
36 95 2
36 96 2
36 97 5
36 98 5
36 99 3
36 100 4
37 1 3
37 2 4
37 3 4
37 4 4
37 5 3
37 6 3
37 7 5
37 8 3
37 9 2
37 10 5
37 11 5
37 12 1
37 13 2
37 14 3
37 15 5
37 16 1
37 17 5
37 18 4
37 19 3
37 20 2
37 21 4
37 22 4
37 23 2
37 24 3
37 25 5
37 26 5
37 27 4
37 28 1
37 29 5
37 30 2
37 31 5
37 32 4
37 33 2
37 34 3
37 35 2
37 36 5
37 38 2
37 39 3
37 40 4
37 41 5
37 42 4
37 43 1
37 44 5
37 45 2
37 46 3
37 47 1
37 48 2
37 49 5
37 50 1
37 51 1
37 52 1
37 53 1
37 54 2
37 55 4
37 56 3
37 57 1
37 58 4
37 59 2
37 60 3
37 61 3
37 62 5
37 63 2
37 64 3
37 65 1
37 66 1
37 67 1
37 68 2
37 69 4
37 70 5
37 71 1
37 72 3
37 73 4
37 74 3
37 75 4
37 76 5
37 77 2
37 78 4
37 79 2
37 80 1
37 81 4
37 82 4
37 83 4
37 84 1
37 85 5
37 86 2
37 87 4
37 88 2
37 89 5
37 90 2
37 91 5
37 92 4
37 93 3
37 94 1
37 95 3
37 96 3
37 97 4
37 98 3
37 99 2
37 100 2
38 1 3
38 2 4
38 3 5
38 4 1
38 5 1
38 6 3
38 7 2
38 8 2
38 9 4
38 10 3
38 11 5
38 12 2
38 13 4
38 14 3
38 15 5
38 16 3
38 17 4
38 18 3
38 19 5
38 20 1
38 21 1
38 22 4
38 23 4
38 24 3
38 25 1
38 26 2
38 27 2
38 28 4
38 29 1
38 30 3
38 31 1
38 32 5
38 33 1
38 34 5
38 35 5
38 36 3
38 37 4
38 39 4
38 40 2
38 41 2
38 42 3
38 43 1
38 44 1
38 45 1
38 46 3
38 47 5
38 48 4
38 49 3
38 50 4
38 51 3
38 52 3
38 53 4
38 54 3
38 55 2
38 56 1
38 57 3
38 58 5
38 59 2
38 60 2
38 61 5
38 62 2
38 63 2
38 64 2
38 65 4
38 66 3
38 67 3
38 68 2
38 69 1
38 70 1
38 71 3
38 72 5
38 73 4
38 74 5
38 75 5
38 76 4
38 77 2
38 78 4
38 79 2
38 80 4
38 81 2
38 82 1
38 83 4
38 84 2
38 85 3
38 86 5
38 87 2
38 88 3
38 89 1
38 90 5
38 91 4
38 92 2
38 93 1
38 94 2
38 95 3
38 96 5
38 97 1
38 98 1
38 99 3
38 100 1
39 1 1
39 2 2
39 3 5
39 4 4
39 5 1
39 6 1
39 7 5
39 8 2
39 9 4
39 10 3
39 11 2
39 12 2
39 13 4
39 14 5
39 15 3
39 16 3
39 17 1
39 18 1
39 19 2
39 20 3
39 21 1
39 22 5
39 23 5
39 24 3
39 25 3
39 26 4
39 27 4
39 28 3
39 29 4
39 30 3
39 31 1
39 32 2
39 33 4
39 34 2
39 35 2
39 36 4
39 37 3
39 38 1
39 40 2
39 41 3
39 42 4
39 43 1
39 44 5
39 45 4
39 46 2
39 47 4
39 48 3
39 49 3
39 50 2
39 51 5
39 52 2
39 53 4
39 54 1
39 55 1
39 56 1
39 57 1
39 58 5
39 59 2
39 60 3
39 61 5
39 62 4
39 63 5
39 64 1
39 65 3
39 66 2
39 67 5
39 68 3
39 69 4
39 70 5
39 71 5
39 72 3
39 73 5
39 74 5
39 75 4
39 76 5
39 77 1
39 78 3
39 79 5
39 80 5
39 81 4
39 82 1
39 83 2
39 84 2
39 85 1
39 86 4
39 87 4
39 88 3
39 89 5
39 90 2
39 91 1
39 92 2
39 93 3
39 94 2
39 95 2
39 96 2
39 97 3
39 98 3
39 99 4
39 100 3
40 1 3
40 2 5
40 3 1
40 4 4
40 5 1
40 6 4
40 7 1
40 8 4
40 9 3
40 10 5
40 11 3
40 12 3
40 13 5
40 14 1
40 15 1
40 16 2
40 17 2
40 18 5
40 19 2
40 20 1
40 21 3
40 22 4
40 23 2
40 24 5
40 25 5
40 26 1
40 27 1
40 28 3
40 29 3
40 30 2
40 31 2
40 32 2
40 33 1
40 34 2
40 35 3
40 36 4
40 37 3
40 38 5
40 39 2
40 41 5
40 42 4
40 43 4
40 44 3
40 45 5
40 46 2
40 47 3
40 48 3
40 49 3
40 50 4
40 51 4
40 52 5
40 53 2
40 54 2
40 55 4
40 56 3
40 57 2
40 58 4
40 59 1
40 60 1
40 61 3
40 62 4
40 63 2
40 64 2
40 65 1
40 66 1
40 67 1
40 68 4
40 69 3
40 70 5
40 71 5
40 72 2
40 73 5
40 74 4
40 75 4
40 76 4
40 77 2
40 78 4
40 79 3
40 80 1
40 81 2
40 82 2
40 83 5
40 84 5
40 85 5
40 86 3
40 87 5
40 88 3
40 89 3
40 90 2
40 91 5
40 92 3
40 93 5
40 94 2
40 95 4
40 96 5
40 97 2
40 98 1
40 99 4
40 100 4
41 1 5
41 2 3
41 3 2
41 4 4
41 5 3
41 6 3
41 7 4
41 8 1
41 9 1
41 10 1
41 11 1
41 12 4
41 13 4
41 14 1
41 15 1
41 16 1
41 17 5
41 18 2
41 19 3
41 20 5
41 21 3
41 22 3
41 23 2
41 24 4
41 25 1
41 26 2
41 27 5
41 28 2
41 29 2
41 30 3
41 31 2
41 32 1
41 33 3
41 34 5
41 35 1
41 36 2
41 37 2
41 38 4
41 39 3
41 40 4
41 42 4
41 43 3
41 44 5
41 45 5
41 46 5
41 47 2
41 48 5
41 49 2
41 50 3
41 51 2
41 52 1
41 53 2
41 54 1
41 55 2
41 56 2
41 57 1
41 58 5
41 59 1
41 60 4
41 61 1
41 62 1
41 63 2
41 64 3
41 65 3
41 66 2
41 67 5
41 68 1
41 69 5
41 70 3
41 71 3
41 72 1
41 73 3
41 74 3
41 75 5
41 76 2
41 77 4
41 78 3
41 79 1
41 80 5
41 81 5
41 82 5
41 83 5
41 84 3
41 85 5
41 86 3
41 87 1
41 88 3
41 89 2
41 90 1
41 91 1
41 92 4
41 93 1
41 94 5
41 95 3
41 96 5
41 97 1
41 98 2
41 99 1
41 100 2
42 1 4
42 2 5
42 3 2
42 4 4
42 5 2
42 6 3
42 7 5
42 8 1
42 9 5
42 10 3
42 11 2
42 12 1
42 13 2
42 14 4
42 15 5
42 16 3
42 17 1
42 18 5
42 19 5
42 20 5
42 21 1
42 22 3
42 23 5
42 24 3
42 25 2
42 26 3
42 27 5
42 28 4
42 29 1
42 30 5
42 31 5
42 32 2
42 33 1
42 34 4
42 35 5
42 36 3
42 37 1
42 38 4
42 39 5
42 40 3
42 41 3
42 43 1
42 44 3
42 45 4
42 46 1
42 47 3
42 48 4
42 49 2
42 50 4
42 51 3
42 52 3
42 53 1
42 54 2
42 55 2
42 56 4
42 57 3
42 58 1
42 59 5
42 60 1
42 61 4
42 62 4
42 63 3
42 64 5
42 65 4
42 66 3
42 67 4
42 68 3
42 69 3
42 70 4
42 71 4
42 72 2
42 73 2
42 74 2
42 75 5
42 76 5
42 77 2
42 78 4
42 79 3
42 80 5
42 81 2
42 82 3
42 83 2
42 84 3
42 85 4
42 86 1
42 87 3
42 88 4
42 89 3
42 90 2
42 91 1
42 92 1
42 93 2
42 94 3
42 95 5
42 96 2
42 97 5
42 98 3
42 99 2
42 100 5
43 1 2
43 2 5
43 3 1
43 4 3
43 5 1
43 6 2
43 7 4
43 8 3
43 9 5
43 10 4
43 11 2
43 12 4
43 13 3
43 14 1
43 15 1
43 16 3
43 17 1
43 18 3
43 19 1
43 20 5
43 21 1
43 22 2
43 23 1
43 24 2
43 25 1
43 26 2
43 27 3
43 28 1
43 29 5
43 30 4
43 31 2
43 32 3
43 33 1
43 34 4
43 35 2
43 36 1
43 37 1
43 38 2
43 39 5
43 40 2
43 41 2
43 42 2
43 44 5
43 45 4
43 46 4
43 47 5
43 48 2
43 49 4
43 50 4
43 51 4
43 52 5
43 53 4
43 54 5
43 55 5
43 56 2
43 57 1
43 58 2
43 59 2
43 60 3
43 61 3
43 62 2
43 63 1
43 64 2
43 65 2
43 66 4
43 67 5
43 68 5
43 69 1
43 70 1
43 71 4
43 72 3
43 73 5
43 74 2
43 75 2
43 76 3
43 77 5
43 78 2
43 79 1
43 80 5
43 81 2
43 82 5
43 83 2
43 84 3
43 85 1
43 86 1
43 87 4
43 88 3
43 89 4
43 90 2
43 91 2
43 92 3
43 93 4
43 94 2
43 95 1
43 96 2
43 97 3
43 98 5
43 99 1
43 100 3
44 1 3
44 2 2
44 3 5
44 4 2
44 5 3
44 6 4
44 7 1
44 8 5
44 9 2
44 10 4
44 11 1
44 12 3
44 13 3
44 14 2
44 15 5
44 16 5
44 17 5
44 18 1
44 19 3
44 20 5
44 21 2
44 22 1
44 23 3
44 24 2
44 25 5
44 26 5
44 27 4
44 28 2
44 29 2
44 30 1
44 31 1
44 32 4
44 33 2
44 34 3
44 35 2
44 36 2
44 37 1
44 38 4
44 39 1
44 40 2
44 41 2
44 42 3
44 43 1
44 45 1
44 46 2
44 47 1
44 48 3
44 49 1
44 50 3
44 51 2
44 52 5
44 53 1
44 54 2
44 55 4
44 56 3
44 57 1
44 58 4
44 59 3
44 60 4
44 61 5
44 62 3
44 63 5
44 64 5
44 65 5
44 66 4
44 67 3
44 68 1
44 69 4
44 70 3
44 71 3
44 72 2
44 73 2
44 74 5
44 75 2
44 76 4
44 77 1
44 78 4
44 79 1
44 80 3
44 81 1
44 82 2
44 83 3
44 84 2
44 85 4
44 86 3
44 87 1
44 88 1
44 89 3
44 90 3
44 91 5
44 92 2
44 93 5
44 94 1
44 95 3
44 96 4
44 97 4
44 98 2
44 99 1
44 100 2
45 1 5
45 2 3
45 3 5
45 4 3
45 5 3
45 6 1
45 7 1
45 8 5
45 9 5
45 10 2
45 11 3
45 12 2
45 13 5
45 14 2
45 15 5
45 16 3
45 17 4
45 18 5
45 19 1
45 20 2
45 21 2
45 22 5
45 23 5
45 24 4
45 25 5
45 26 5
45 27 4
45 28 3
45 29 3
45 30 5
45 31 1
45 32 4
45 33 2
45 34 5
45 35 1
45 36 1
45 37 2
45 38 2
45 39 3
45 40 1
45 41 5
45 42 5
45 43 5
45 44 4
45 46 3
45 47 4
45 48 2
45 49 3
45 50 4
45 51 4
45 52 1
45 53 2
45 54 3
45 55 3
45 56 5
45 57 4
45 58 2
45 59 1
45 60 1
45 61 4
45 62 5
45 63 3
45 64 3
45 65 3
45 66 4
45 67 5
45 68 4
45 69 5
45 70 1
45 71 3
45 72 3
45 73 5
45 74 2
45 75 2
45 76 4
45 77 1
45 78 5
45 79 2
45 80 3
45 81 3
45 82 5
45 83 4
45 84 2
45 85 4
45 86 1
45 87 1
45 88 2
45 89 4
45 90 1
45 91 4
45 92 4
45 93 2
45 94 1
45 95 3
45 96 5
45 97 1
45 98 3
45 99 5
45 100 5
46 1 3
46 2 2
46 3 2
46 4 5
46 5 5
46 6 3
46 7 5
46 8 5
46 9 5
46 10 1
46 11 4
46 12 2
46 13 2
46 14 2
46 15 5
46 16 5
46 17 4
46 18 1
46 19 3
46 20 2
46 21 3
46 22 1
46 23 1
46 24 2
46 25 3
46 26 3
46 27 1
46 28 3
46 29 5
46 30 2
46 31 4
46 32 5
46 33 3
46 34 3
46 35 4
46 36 4
46 37 5
46 38 3
46 39 3
46 40 1
46 41 5
46 42 3
46 43 3
46 44 3
46 45 5
46 47 2
46 48 2
46 49 3
46 50 4
46 51 1
46 52 5
46 53 4
46 54 1
46 55 2
46 56 2
46 57 5
46 58 4
46 59 4
46 60 4
46 61 1
46 62 5
46 63 2
46 64 5
46 65 4
46 66 4
46 67 5
46 68 2
46 69 1
46 70 4
46 71 1
46 72 1
46 73 5
46 74 3
46 75 5
46 76 2
46 77 4
46 78 4
46 79 5
46 80 2
46 81 4
46 82 5
46 83 3
46 84 4
46 85 2
46 86 1
46 87 5
46 88 1
46 89 4
46 90 3
46 91 1
46 92 1
46 93 4
46 94 2
46 95 2
46 96 2
46 97 3
46 98 3
46 99 5
46 100 5
47 1 1
47 2 5
47 3 2
47 4 2
47 5 5
47 6 2
47 7 3
47 8 3
47 9 2
47 10 2
47 11 1
47 12 2
47 13 3
47 14 3
47 15 1
47 16 4
47 17 3
47 18 2
47 19 1
47 20 4
47 21 2
47 22 3
47 23 1
47 24 2
47 25 5
47 26 3
47 27 4
47 28 4
47 29 5
47 30 5
47 31 3
47 32 3
47 33 5
47 34 1
47 35 4
47 36 4
47 37 2
47 38 2
47 39 3
47 40 5
47 41 5
47 42 4
47 43 2
47 44 5
47 45 1
47 46 4
47 48 5
47 49 1
47 50 2
47 51 3
47 52 1
47 53 5
47 54 5
47 55 1
47 56 2
47 57 1
47 58 5
47 59 2
47 60 4
47 61 5
47 62 1
47 63 3
47 64 4
47 65 5
47 66 4
47 67 2
47 68 5
47 69 2
47 70 5
47 71 3
47 72 2
47 73 2
47 74 1
47 75 5
47 76 1
47 77 3
47 78 5
47 79 5
47 80 5
47 81 1
47 82 2
47 83 2
47 84 3
47 85 2
47 86 5
47 87 4
47 88 2
47 89 4
47 90 5
47 91 3
47 92 5
47 93 5
47 94 5
47 95 3
47 96 2
47 97 5
47 98 2
47 99 3
47 100 2
48 1 1
48 2 2
48 3 5
48 4 2
48 5 4
48 6 1
48 7 4
48 8 4
48 9 5
48 10 4
48 11 3
48 12 2
48 13 2
48 14 2
48 15 4
48 16 5
48 17 1
48 18 4
48 19 4
48 20 4
48 21 3
48 22 1
48 23 1
48 24 5
48 25 2
48 26 5
48 27 3
48 28 4
48 29 1
48 30 5
48 31 5
48 32 4
48 33 4
48 34 1
48 35 2
48 36 2
48 37 1
48 38 1
48 39 5
48 40 2
48 41 1
48 42 5
48 43 5
48 44 4
48 45 1
48 46 4
48 47 4
48 49 3
48 50 2
48 51 4
48 52 1
48 53 2
48 54 4
48 55 3
48 56 3
48 57 2
48 58 3
48 59 5
48 60 5
48 61 5
48 62 1
48 63 1
48 64 3
48 65 4
48 66 1
48 67 5
48 68 1
48 69 3
48 70 2
48 71 2
48 72 1
48 73 4
48 74 3
48 75 1
48 76 2
48 77 3
48 78 1
48 79 2
48 80 5
48 81 4
48 82 5
48 83 3
48 84 2
48 85 3
48 86 2
48 87 4
48 88 2
48 89 4
48 90 3
48 91 3
48 92 1
48 93 4
48 94 4
48 95 3
48 96 4
48 97 1
48 98 4
48 99 1
48 100 1
49 1 2
49 2 3
49 3 3
49 4 5
49 5 5
49 6 3
49 7 2
49 8 5
49 9 5
49 10 3
49 11 1
49 12 1
49 13 3
49 14 5
49 15 2
49 16 2
49 17 2
49 18 1
49 19 5
49 20 2
49 21 3
49 22 3
49 23 2
49 24 3
49 25 3
49 26 2
49 27 2
49 28 3
49 29 2
49 30 2
49 31 5
49 32 4
49 33 1
49 34 3
49 35 3
49 36 3
49 37 2
49 38 4
49 39 4
49 40 2
49 41 4
49 42 4
49 43 2
49 44 3
49 45 1
49 46 3
49 47 4
49 48 4
49 50 5
49 51 1
49 52 2
49 53 5
49 54 3
49 55 1
49 56 2
49 57 5
49 58 2
49 59 5
49 60 4
49 61 3
49 62 2
49 63 4
49 64 1
49 65 2
49 66 3
49 67 4
49 68 1
49 69 4
49 70 4
49 71 4
49 72 5
49 73 4
49 74 5
49 75 3
49 76 1
49 77 5
49 78 3
49 79 2
49 80 3
49 81 2
49 82 2
49 83 1
49 84 1
49 85 4
49 86 1
49 87 5
49 88 5
49 89 2
49 90 4
49 91 5
49 92 2
49 93 2
49 94 3
49 95 4
49 96 1
49 97 2
49 98 4
49 99 1
49 100 1
50 1 5
50 2 5
50 3 2
50 4 3
50 5 4
50 6 5
50 7 4
50 8 5
50 9 4
50 10 5
50 11 4
50 12 2
50 13 1
50 14 4
50 15 5
50 16 1
50 17 2
50 18 4
50 19 5
50 20 5
50 21 4
50 22 4
50 23 1
50 24 1
50 25 4
50 26 2
50 27 1
50 28 5
50 29 5
50 30 1
50 31 5
50 32 4
50 33 2
50 34 4
50 35 2
50 36 2
50 37 5
50 38 5
50 39 1
50 40 3
50 41 1
50 42 1
50 43 4
50 44 1
50 45 2
50 46 5
50 47 1
50 48 3
50 49 3
50 51 2
50 52 2
50 53 2
50 54 2
50 55 3
50 56 4
50 57 5
50 58 1
50 59 4
50 60 2
50 61 5
50 62 4
50 63 3
50 64 1
50 65 3
50 66 1
50 67 2
50 68 4
50 69 5
50 70 3
50 71 2
50 72 2
50 73 3
50 74 2
50 75 3
50 76 5
50 77 5
50 78 2
50 79 2
50 80 2
50 81 2
50 82 3
50 83 4
50 84 5
50 85 4
50 86 3
50 87 3
50 88 1
50 89 3
50 90 1
50 91 2
50 92 2
50 93 1
50 94 4
50 95 4
50 96 3
50 97 5
50 98 5
50 99 4
50 100 1
51 1 4
51 2 2
51 3 3
51 4 3
51 5 5
51 6 2
51 7 4
51 8 5
51 9 5
51 10 5
51 11 1
51 12 1
51 13 4
51 14 1
51 15 5
51 16 5
51 17 3
51 18 2
51 19 5
51 20 5
51 21 4
51 22 3
51 23 4
51 24 5
51 25 1
51 26 2
51 27 4
51 28 2
51 29 4
51 30 4
51 31 3
51 32 4
51 33 5
51 34 2
51 35 4
51 36 5
51 37 5
51 38 2
51 39 4
51 40 4
51 41 4
51 42 1
51 43 2
51 44 2
51 45 2
51 46 1
51 47 1
51 48 4
51 49 5
51 50 2
51 52 1
51 53 5
51 54 4
51 55 1
51 56 1
51 57 2
51 58 2
51 59 5
51 60 5
51 61 2
51 62 5
51 63 2
51 64 3
51 65 5
51 66 5
51 67 1
51 68 1
51 69 4
51 70 2
51 71 4
51 72 3
51 73 5
51 74 1
51 75 4
51 76 2
51 77 2
51 78 1
51 79 4
51 80 3
51 81 2
51 82 3
51 83 3
51 84 2
51 85 3
51 86 3
51 87 2
51 88 4
51 89 1
51 90 3
51 91 1
51 92 5
51 93 5
51 94 4
51 95 2
51 96 4
51 97 4
51 98 2
51 99 4
51 100 2
52 1 5
52 2 4
52 3 1
52 4 5
52 5 4
52 6 1
52 7 3
52 8 1
52 9 4
52 10 3
52 11 3
52 12 2
52 13 5
52 14 2
52 15 3
52 16 3
52 17 1
52 18 2
52 19 3
52 20 1
52 21 1
52 22 5
52 23 2
52 24 5
52 25 4
52 26 3
52 27 5
52 28 2
52 29 1
52 30 5
52 31 5
52 32 1
52 33 3
52 34 3
52 35 2
52 36 2
52 37 5
52 38 4
52 39 4
52 40 3
52 41 3
52 42 3
52 43 5
52 44 3
52 45 4
52 46 4
52 47 2
52 48 1
52 49 2
52 50 1
52 51 3
52 53 5
52 54 1
52 55 5
52 56 1
52 57 4
52 58 4
52 59 1
52 60 2
52 61 2
52 62 5
52 63 3
52 64 2
52 65 5
52 66 5
52 67 5
52 68 3
52 69 5
52 70 5
52 71 1
52 72 4
52 73 2
52 74 5
52 75 5
52 76 1
52 77 5
52 78 1
52 79 2
52 80 5
52 81 2
52 82 5
52 83 2
52 84 3
52 85 2
52 86 3
52 87 4
52 88 2
52 89 2
52 90 1
52 91 3
52 92 3
52 93 5
52 94 5
52 95 1
52 96 1
52 97 2
52 98 5
52 99 3
52 100 3
53 1 4
53 2 3
53 3 1
53 4 2
53 5 4
53 6 1
53 7 3
53 8 3
53 9 1
53 10 4
53 11 4
53 12 4
53 13 5
53 14 1
53 15 2
53 16 1
53 17 3
53 18 2
53 19 2
53 20 1
53 21 2
53 22 4
53 23 5
53 24 3
53 25 1
53 26 2
53 27 4
53 28 4
53 29 3
53 30 1
53 31 1
53 32 3
53 33 1
53 34 1
53 35 5
53 36 1
53 37 3
53 38 2
53 39 4
53 40 5
53 41 2
53 42 2
53 43 1
53 44 2
53 45 4
53 46 4
53 47 4
53 48 4
53 49 5
53 50 1
53 51 1
53 52 3
53 54 1
53 55 1
53 56 5
53 57 3
53 58 4
53 59 5
53 60 1
53 61 2
53 62 1
53 63 1
53 64 1
53 65 3
53 66 4
53 67 5
53 68 3
53 69 3
53 70 1
53 71 3
53 72 5
53 73 5
53 74 5
53 75 5
53 76 3
53 77 5
53 78 3
53 79 1
53 80 3
53 81 4
53 82 1
53 83 1
53 84 1
53 85 4
53 86 3
53 87 2
53 88 1
53 89 1
53 90 2
53 91 4
53 92 4
53 93 4
53 94 4
53 95 5
53 96 1
53 97 4
53 98 4
53 99 5
53 100 2
54 1 2
54 2 3
54 3 1
54 4 1
54 5 4
54 6 5
54 7 5
54 8 3
54 9 4
54 10 5
54 11 3
54 12 4
54 13 3
54 14 5
54 15 1
54 16 1
54 17 2
54 18 2
54 19 3
54 20 2
54 21 5
54 22 1
54 23 1
54 24 3
54 25 2
54 26 2
54 27 5
54 28 5
54 29 5
54 30 5
54 31 3
54 32 3
54 33 2
54 34 3
54 35 5
54 36 2
54 37 4
54 38 4
54 39 1
54 40 4
54 41 4
54 42 3
54 43 2
54 44 3
54 45 4
54 46 4
54 47 5
54 48 5
54 49 3
54 50 2
54 51 2
54 52 2
54 53 5
54 55 4
54 56 5
54 57 3
54 58 5
54 59 4
54 60 2
54 61 1
54 62 5
54 63 5
54 64 4
54 65 3
54 66 4
54 67 5
54 68 4
54 69 3
54 70 4
54 71 5
54 72 1
54 73 4
54 74 4
54 75 5
54 76 1
54 77 3
54 78 5
54 79 5
54 80 2
54 81 2
54 82 3
54 83 5
54 84 4
54 85 4
54 86 5
54 87 3
54 88 1
54 89 1
54 90 3
54 91 5
54 92 4
54 93 5
54 94 4
54 95 4
54 96 2
54 97 4
54 98 3
54 99 3
54 100 1
55 1 1
55 2 4
55 3 4
55 4 1
55 5 2
55 6 5
55 7 1
55 8 1
55 9 4
55 10 2
55 11 5
55 12 1
55 13 5
55 14 1
55 15 4
55 16 3
55 17 3
55 18 3
55 19 1
55 20 3
55 21 2
55 22 5
55 23 1
55 24 1
55 25 3
55 26 4
55 27 5
55 28 3
55 29 2
55 30 2
55 31 4
55 32 4
55 33 5
55 34 4
55 35 5
55 36 3
55 37 3
55 38 2
55 39 1
55 40 3
55 41 1
55 42 5
55 43 3
55 44 5
55 45 5
55 46 3
55 47 4
55 48 2
55 49 5
55 50 1
55 51 2
55 52 4
55 53 5
55 54 4
55 56 1
55 57 4
55 58 3
55 59 5
55 60 2
55 61 1
55 62 3
55 63 5
55 64 1
55 65 4
55 66 5
55 67 2
55 68 2
55 69 2
55 70 4
55 71 2
55 72 4
55 73 4
55 74 3
55 75 4
55 76 5
55 77 4
55 78 1
55 79 5
55 80 3
55 81 3
55 82 1
55 83 4
55 84 1
55 85 2
55 86 2
55 87 3
55 88 1
55 89 1
55 90 3
55 91 2
55 92 3
55 93 5
55 94 3
55 95 1
55 96 4
55 97 2
55 98 2
55 99 2
55 100 5
56 1 2
56 2 5
56 3 5
56 4 2
56 5 2
56 6 3
56 7 3
56 8 5
56 9 1
56 10 5
56 11 2
56 12 3
56 13 5
56 14 5
56 15 5
56 16 3
56 17 4
56 18 2
56 19 3
56 20 1
56 21 1
56 22 1
56 23 1
56 24 3
56 25 3
56 26 1
56 27 3
56 28 1
56 29 2
56 30 4
56 31 5
56 32 1
56 33 3
56 34 2
56 35 2
56 36 4
56 37 1
56 38 2
56 39 5
56 40 1
56 41 1
56 42 2
56 43 5
56 44 2
56 45 3
56 46 1
56 47 4
56 48 3
56 49 5
56 50 2
56 51 4
56 52 5
56 53 2
56 54 4
56 55 2
56 57 2
56 58 1
56 59 4
56 60 2
56 61 4
56 62 4
56 63 4
56 64 4
56 65 1
56 66 5
56 67 3
56 68 1
56 69 2
56 70 4
56 71 1
56 72 3
56 73 4
56 74 4
56 75 4
56 76 2
56 77 1
56 78 2
56 79 5
56 80 1
56 81 1
56 82 3
56 83 4
56 84 5
56 85 2
56 86 4
56 87 4
56 88 3
56 89 1
56 90 4
56 91 1
56 92 4
56 93 3
56 94 4
56 95 3
56 96 5
56 97 5
56 98 2
56 99 3
56 100 2
57 1 5
57 2 5
57 3 1
57 4 5
57 5 3
57 6 1
57 7 1
57 8 5
57 9 2
57 10 2
57 11 5
57 12 2
57 13 5
57 14 3
57 15 4
57 16 1
57 17 3
57 18 2
57 19 5
57 20 3
57 21 2
57 22 5
57 23 2
57 24 4
57 25 4
57 26 1
57 27 1
57 28 5
57 29 2
57 30 3
57 31 3
57 32 3
57 33 2
57 34 5
57 35 4
57 36 4
57 37 1
57 38 4
57 39 3
57 40 4
57 41 2
57 42 3
57 43 1
57 44 1
57 45 2
57 46 1
57 47 3
57 48 2
57 49 4
57 50 2
57 51 4
57 52 5
57 53 2
57 54 2
57 55 4
57 56 2
57 58 4
57 59 4
57 60 1
57 61 2
57 62 3
57 63 4
57 64 4
57 65 4
57 66 3
57 67 2
57 68 4
57 69 5
57 70 2
57 71 1
57 72 4
57 73 4
57 74 5
57 75 1
57 76 1
57 77 4
57 78 1
57 79 4
57 80 5
57 81 4
57 82 5
57 83 3
57 84 5
57 85 1
57 86 2
57 87 3
57 88 4
57 89 2
57 90 3
57 91 5
57 92 4
57 93 5
57 94 5
57 95 4
57 96 5
57 97 4
57 98 3
57 99 3
57 100 4
58 1 4
58 2 1
58 3 4
58 4 4
58 5 2
58 6 4
58 7 5
58 8 5
58 9 1
58 10 3
58 11 4
58 12 1
58 13 4
58 14 4
58 15 5
58 16 2
58 17 5
58 18 5
58 19 5
58 20 3
58 21 4
58 22 1
58 23 1
58 24 4
58 25 5
58 26 5
58 27 5
58 28 4
58 29 2
58 30 5
58 31 4
58 32 2
58 33 5
58 34 2
58 35 1
58 36 1
58 37 2
58 38 2
58 39 1
58 40 4
58 41 1
58 42 1
58 43 1
58 44 4
58 45 4
58 46 5
58 47 2
58 48 5
58 49 1
58 50 2
58 51 3
58 52 5
58 53 2
58 54 5
58 55 5
58 56 4
58 57 4
58 59 4
58 60 4
58 61 2
58 62 3
58 63 2
58 64 1
58 65 4
58 66 5
58 67 3
58 68 5
58 69 3
58 70 4
58 71 2
58 72 1
58 73 4
58 74 2
58 75 1
58 76 4
58 77 1
58 78 2
58 79 1
58 80 2
58 81 3
58 82 2
58 83 4
58 84 2
58 85 5
58 86 4
58 87 3
58 88 3
58 89 4
58 90 1
58 91 1
58 92 3
58 93 1
58 94 4
58 95 3
58 96 4
58 97 5
58 98 5
58 99 5
58 100 2
59 1 3
59 2 1
59 3 4
59 4 3
59 5 5
59 6 1
59 7 1
59 8 2
59 9 3
59 10 1
59 11 3
59 12 2
59 13 4
59 14 4
59 15 5
59 16 1
59 17 4
59 18 2
59 19 5
59 20 2
59 21 4
59 22 3
59 23 1
59 24 4
59 25 1
59 26 3
59 27 3
59 28 3
59 29 4
59 30 4
59 31 4
59 32 1
59 33 2
59 34 5
59 35 5
59 36 1
59 37 5
59 38 1
59 39 4
59 40 4
59 41 3
59 42 3
59 43 2
59 44 4
59 45 1
59 46 1
59 47 1
59 48 1
59 49 4
59 50 5
59 51 5
59 52 3
59 53 2
59 54 5
59 55 1
59 56 5
59 57 3
59 58 5
59 60 4
59 61 1
59 62 1
59 63 2
59 64 4
59 65 2
59 66 1
59 67 3
59 68 2
59 69 3
59 70 5
59 71 2
59 72 1
59 73 5
59 74 4
59 75 3
59 76 5
59 77 5
59 78 5
59 79 5
59 80 5
59 81 4
59 82 4
59 83 4
59 84 3
59 85 3
59 86 1
59 87 5
59 88 4
59 89 5
59 90 5
59 91 2
59 92 2
59 93 5
59 94 5
59 95 5
59 96 3
59 97 3
59 98 5
59 99 1
59 100 5
60 1 1
60 2 2
60 3 2
60 4 2
60 5 5
60 6 1
60 7 1
60 8 1
60 9 3
60 10 5
60 11 3
60 12 1
60 13 1
60 14 3
60 15 3
60 16 5
60 17 3
60 18 2
60 19 3
60 20 2
60 21 3
60 22 1
60 23 4
60 24 4
60 25 5
60 26 5
60 27 3
60 28 4
60 29 1
60 30 3
60 31 5
60 32 2
60 33 4
60 34 4
60 35 3
60 36 4
60 37 4
60 38 4
60 39 1
60 40 3
60 41 5
60 42 3
60 43 3
60 44 5
60 45 1
60 46 2
60 47 4
60 48 3
60 49 1
60 50 3
60 51 2
60 52 5
60 53 3
60 54 2
60 55 1
60 56 5
60 57 1
60 58 3
60 59 5
60 61 2
60 62 1
60 63 5
60 64 5
60 65 4
60 66 3
60 67 4
60 68 4
60 69 3
60 70 4
60 71 5
60 72 1
60 73 4
60 74 4
60 75 5
60 76 5
60 77 1
60 78 4
60 79 1
60 80 4
60 81 4
60 82 3
60 83 2
60 84 5
60 85 3
60 86 3
60 87 5
60 88 4
60 89 3
60 90 3
60 91 5
60 92 1
60 93 5
60 94 4
60 95 5
60 96 3
60 97 3
60 98 1
60 99 4
60 100 1
61 1 4
61 2 5
61 3 3
61 4 2
61 5 5
61 6 2
61 7 4
61 8 1
61 9 5
61 10 4
61 11 1
61 12 5
61 13 3
61 14 2
61 15 5
61 16 2
61 17 1
61 18 4
61 19 2
61 20 3
61 21 3
61 22 2
61 23 1
61 24 2
61 25 5
61 26 2
61 27 2
61 28 5
61 29 2
61 30 2
61 31 5
61 32 1
61 33 3
61 34 4
61 35 4
61 36 2
61 37 5
61 38 2
61 39 2
61 40 2
61 41 2
61 42 2
61 43 1
61 44 5
61 45 3
61 46 2
61 47 1
61 48 3
61 49 1
61 50 5
61 51 3
61 52 5
61 53 1
61 54 5
61 55 4
61 56 2
61 57 1
61 58 2
61 59 1
61 60 5
61 62 3
61 63 2
61 64 5
61 65 5
61 66 5
61 67 5
61 68 3
61 69 2
61 70 2
61 71 5
61 72 3
61 73 3
61 74 1
61 75 3
61 76 4
61 77 1
61 78 5
61 79 5
61 80 3
61 81 2
61 82 1
61 83 2
61 84 3
61 85 1
61 86 1
61 87 1
61 88 4
61 89 4
61 90 4
61 91 5
61 92 3
61 93 1
61 94 3
61 95 4
61 96 2
61 97 3
61 98 3
61 99 5
61 100 4
62 1 4
62 2 1
62 3 1
62 4 4
62 5 1
62 6 5
62 7 2
62 8 1
62 9 1
62 10 3
62 11 1
62 12 4
62 13 3
62 14 4
62 15 2
62 16 3
62 17 5
62 18 4
62 19 4
62 20 5
62 21 3
62 22 3
62 23 2
62 24 5
62 25 5
62 26 5
62 27 4
62 28 4
62 29 2
62 30 5
62 31 4
62 32 3
62 33 5
62 34 1
62 35 1
62 36 5
62 37 1
62 38 2
62 39 3
62 40 3
62 41 5
62 42 5
62 43 2
62 44 2
62 45 3
62 46 5
62 47 2
62 48 4
62 49 3
62 50 5
62 51 3
62 52 2
62 53 4
62 54 4
62 55 2
62 56 5
62 57 5
62 58 5
62 59 1
62 60 4
62 61 4
62 63 4
62 64 1
62 65 3
62 66 5
62 67 3
62 68 4
62 69 5
62 70 4
62 71 3
62 72 4
62 73 5
62 74 2
62 75 5
62 76 4
62 77 5
62 78 4
62 79 2
62 80 3
62 81 4
62 82 3
62 83 1
62 84 5
62 85 3
62 86 1
62 87 1
62 88 2
62 89 1
62 90 2
62 91 2
62 92 1
62 93 2
62 94 1
62 95 3
62 96 1
62 97 5
62 98 5
62 99 2
62 100 1
63 1 5
63 2 4
63 3 4
63 4 5
63 5 1
63 6 1
63 7 5
63 8 2
63 9 1
63 10 3
63 11 4
63 12 4
63 13 5
63 14 1
63 15 4
63 16 2
63 17 2
63 18 1
63 19 5
63 20 4
63 21 5
63 22 4
63 23 4
63 24 1
63 25 4
63 26 1
63 27 2
63 28 5
63 29 2
63 30 5
63 31 2
63 32 1
63 33 3
63 34 2
63 35 2
63 36 5
63 37 4
63 38 1
63 39 1
63 40 5
63 41 3
63 42 5
63 43 3
63 44 4
63 45 5
63 46 3
63 47 2
63 48 1
63 49 4
63 50 2
63 51 1
63 52 3
63 53 5
63 54 4
63 55 5
63 56 5
63 57 1
63 58 3
63 59 1
63 60 2
63 61 2
63 62 4
63 64 3
63 65 5
63 66 5
63 67 1
63 68 4
63 69 4
63 70 4
63 71 5
63 72 5
63 73 1
63 74 1
63 75 2
63 76 2
63 77 5
63 78 5
63 79 3
63 80 3
63 81 5
63 82 1
63 83 3
63 84 2
63 85 5
63 86 4
63 87 3
63 88 1
63 89 1
63 90 1
63 91 1
63 92 3
63 93 2
63 94 4
63 95 2
63 96 1
63 97 1
63 98 4
63 99 2
63 100 1
64 1 2
64 2 3
64 3 5
64 4 5
64 5 3
64 6 3
64 7 1
64 8 4
64 9 2
64 10 5
64 11 1
64 12 1
64 13 1
64 14 1
64 15 4
64 16 2
64 17 1
64 18 2
64 19 3
64 20 1
64 21 2
64 22 3
64 23 5
64 24 5
64 25 4
64 26 3
64 27 3
64 28 1
64 29 2
64 30 4
64 31 1
64 32 3
64 33 3
64 34 5
64 35 2
64 36 5
64 37 4
64 38 4
64 39 3
64 40 1
64 41 4
64 42 1
64 43 3
64 44 4
64 45 3
64 46 4
64 47 5
64 48 3
64 49 2
64 50 4
64 51 5
64 52 5
64 53 4
64 54 5
64 55 4
64 56 2
64 57 4
64 58 1
64 59 2
64 60 2
64 61 1
64 62 4
64 63 5
64 65 3
64 66 5
64 67 3
64 68 4
64 69 3
64 70 2
64 71 4
64 72 5
64 73 2
64 74 4
64 75 3
64 76 2
64 77 3
64 78 3
64 79 1
64 80 5
64 81 4
64 82 2
64 83 4
64 84 3
64 85 5
64 86 5
64 87 1
64 88 3
64 89 1
64 90 4
64 91 1
64 92 2
64 93 4
64 94 4
64 95 3
64 96 4
64 97 3
64 98 3
64 99 2
64 100 2
65 1 4
65 2 5
65 3 2
65 4 2
65 5 5
65 6 1
65 7 3
65 8 2
65 9 3
65 10 5
65 11 3
65 12 1
65 13 1
65 14 2
65 15 3
65 16 5
65 17 3
65 18 5
65 19 2
65 20 5
65 21 3
65 22 2
65 23 2
65 24 2
65 25 2
65 26 1
65 27 5
65 28 1
65 29 3
65 30 3
65 31 3
65 32 1
65 33 3
65 34 4
65 35 4
65 36 2
65 37 4
65 38 1
65 39 1
65 40 1
65 41 1
65 42 3
65 43 3
65 44 3
65 45 1
65 46 5
65 47 5
65 48 1
65 49 1
65 50 3
65 51 5
65 52 4
65 53 5
65 54 1
65 55 2
65 56 3
65 57 2
65 58 1
65 59 4
65 60 1
65 61 3
65 62 1
65 63 4
65 64 2
65 66 1
65 67 2
65 68 1
65 69 1
65 70 3
65 71 1
65 72 3
65 73 5
65 74 5
65 75 5
65 76 2
65 77 1
65 78 1
65 79 1
65 80 1
65 81 1
65 82 4
65 83 2
65 84 4
65 85 5
65 86 5
65 87 2
65 88 4
65 89 3
65 90 2
65 91 2
65 92 3
65 93 2
65 94 4
65 95 1
65 96 5
65 97 1
65 98 3
65 99 5
65 100 1
66 1 5
66 2 2
66 3 3
66 4 1
66 5 4
66 6 4
66 7 4
66 8 4
66 9 4
66 10 5
66 11 1
66 12 2
66 13 5
66 14 2
66 15 5
66 16 1
66 17 1
66 18 2
66 19 4
66 20 3
66 21 5
66 22 3
66 23 1
66 24 3
66 25 3
66 26 1
66 27 5
66 28 4
66 29 5
66 30 1
66 31 4
66 32 1
66 33 5
66 34 4
66 35 1
66 36 3
66 37 4
66 38 5
66 39 1
66 40 3
66 41 1
66 42 3
66 43 4
66 44 2
66 45 1
66 46 5
66 47 2
66 48 4
66 49 3
66 50 2
66 51 3
66 52 5
66 53 1
66 54 3
66 55 4
66 56 4
66 57 1
66 58 3
66 59 2
66 60 2
66 61 1
66 62 2
66 63 3
66 64 5
66 65 2
66 67 3
66 68 2
66 69 1
66 70 4
66 71 4
66 72 5
66 73 4
66 74 1
66 75 3
66 76 2
66 77 3
66 78 4
66 79 5
66 80 1
66 81 4
66 82 2
66 83 4
66 84 3
66 85 2
66 86 3
66 87 3
66 88 2
66 89 5
66 90 3
66 91 3
66 92 2
66 93 3
66 94 2
66 95 4
66 96 2
66 97 3
66 98 3
66 99 3
66 100 3
67 1 2
67 2 1
67 3 2
67 4 2
67 5 3
67 6 1
67 7 4
67 8 2
67 9 2
67 10 5
67 11 3
67 12 5
67 13 1
67 14 3
67 15 4
67 16 5
67 17 5
67 18 1
67 19 1
67 20 5
67 21 3
67 22 1
67 23 1
67 24 5
67 25 2
67 26 1
67 27 1
67 28 4
67 29 3
67 30 5
67 31 4
67 32 4
67 33 2
67 34 2
67 35 3
67 36 1
67 37 5
67 38 3
67 39 3
67 40 1
67 41 2
67 42 2
67 43 2
67 44 5
67 45 4
67 46 5
67 47 4
67 48 3
67 49 5
67 50 1
67 51 4
67 52 5
67 53 1
67 54 1
67 55 4
67 56 4
67 57 1
67 58 2
67 59 3
67 60 4
67 61 3
67 62 3
67 63 4
67 64 5
67 65 1
67 66 3
67 68 5
67 69 5
67 70 5
67 71 4
67 72 2
67 73 4
67 74 5
67 75 3
67 76 3
67 77 3
67 78 2
67 79 1
67 80 3
67 81 2
67 82 3
67 83 1
67 84 1
67 85 1
67 86 4
67 87 1
67 88 4
67 89 4
67 90 2
67 91 3
67 92 4
67 93 2
67 94 5
67 95 5
67 96 1
67 97 1
67 98 2
67 99 2
67 100 2
68 1 4
68 2 3
68 3 4
68 4 2
68 5 2
68 6 1
68 7 4
68 8 2
68 9 3
68 10 1
68 11 4
68 12 1
68 13 5
68 14 1
68 15 1
68 16 5
68 17 4
68 18 3
68 19 4
68 20 5
68 21 2
68 22 1
68 23 5
68 24 3
68 25 1
68 26 4
68 27 5
68 28 3
68 29 3
68 30 1
68 31 4
68 32 1
68 33 3
68 34 2
68 35 4
68 36 2
68 37 3
68 38 2
68 39 3
68 40 2
68 41 4
68 42 3
68 43 2
68 44 3
68 45 5
68 46 4
68 47 3
68 48 1
68 49 1
68 50 3
68 51 5
68 52 2
68 53 3
68 54 1
68 55 1
68 56 5
68 57 5
68 58 5
68 59 2
68 60 2
68 61 3
68 62 3
68 63 4
68 64 5
68 65 1
68 66 2
68 67 3
68 69 5
68 70 5
68 71 5
68 72 1
68 73 5
68 74 4
68 75 2
68 76 2
68 77 4
68 78 2
68 79 1
68 80 4
68 81 3
68 82 3
68 83 5
68 84 1
68 85 1
68 86 5
68 87 2
68 88 2
68 89 1
68 90 3
68 91 1
68 92 4
68 93 5
68 94 3
68 95 2
68 96 2
68 97 3
68 98 5
68 99 4
68 100 3
69 1 1
69 2 4
69 3 5
69 4 5
69 5 4
69 6 4
69 7 4
69 8 2
69 9 5
69 10 4
69 11 2
69 12 2
69 13 4
69 14 1
69 15 5
69 16 4
69 17 3
69 18 3
69 19 2
69 20 3
69 21 5
69 22 2
69 23 2
69 24 5
69 25 4
69 26 3
69 27 3
69 28 4
69 29 5
69 30 1
69 31 3
69 32 2
69 33 1
69 34 2
69 35 2
69 36 5
69 37 2
69 38 2
69 39 1
69 40 2
69 41 5
69 42 3
69 43 5
69 44 3
69 45 5
69 46 4
69 47 3
69 48 2
69 49 1
69 50 5
69 51 5
69 52 3
69 53 1
69 54 1
69 55 4
69 56 2
69 57 5
69 58 1
69 59 2
69 60 1
69 61 1
69 62 1
69 63 3
69 64 2
69 65 4
69 66 1
69 67 1
69 68 1
69 70 2
69 71 3
69 72 2
69 73 1
69 74 2
69 75 1
69 76 1
69 77 2
69 78 5
69 79 3
69 80 5
69 81 2
69 82 4
69 83 4
69 84 1
69 85 2
69 86 1
69 87 1
69 88 5
69 89 1
69 90 1
69 91 1
69 92 3
69 93 4
69 94 3
69 95 5
69 96 2
69 97 1
69 98 5
69 99 4
69 100 1
70 1 1
70 2 3
70 3 4
70 4 4
70 5 5
70 6 5
70 7 4
70 8 3
70 9 1
70 10 3
70 11 2
70 12 4
70 13 2
70 14 3
70 15 2
70 16 5
70 17 3
70 18 2
70 19 4
70 20 5
70 21 5
70 22 1
70 23 3
70 24 5
70 25 3
70 26 4
70 27 3
70 28 3
70 29 4
70 30 1
70 31 1
70 32 4
70 33 3
70 34 4
70 35 4
70 36 4
70 37 5
70 38 2
70 39 1
70 40 2
70 41 5
70 42 5
70 43 3
70 44 3
70 45 4
70 46 4
70 47 2
70 48 1
70 49 2
70 50 5
70 51 3
70 52 1
70 53 2
70 54 5
70 55 5
70 56 4
70 57 5
70 58 2
70 59 3
70 60 3
70 61 4
70 62 3
70 63 4
70 64 4
70 65 4
70 66 2
70 67 4
70 68 5
70 69 4
70 71 2
70 72 2
70 73 5
70 74 1
70 75 4
70 76 2
70 77 4
70 78 4
70 79 5
70 80 1
70 81 5
70 82 1
70 83 3
70 84 1
70 85 2
70 86 4
70 87 2
70 88 2
70 89 4
70 90 1
70 91 4
70 92 3
70 93 1
70 94 4
70 95 1
70 96 4
70 97 4
70 98 3
70 99 5
70 100 3
71 1 3
71 2 1
71 3 1
71 4 4
71 5 1
71 6 1
71 7 2
71 8 1
71 9 4
71 10 1
71 11 1
71 12 1
71 13 3
71 14 1
71 15 3
71 16 1
71 17 1
71 18 1
71 19 2
71 20 1
71 21 1
71 22 5
71 23 4
71 24 4
71 25 5
71 26 4
71 27 4
71 28 3
71 29 3
71 30 3
71 31 3
71 32 2
71 33 3
71 34 3
71 35 2
71 36 5
71 37 1
71 38 3
71 39 5
71 40 1
71 41 5
71 42 3
71 43 1
71 44 2
71 45 5
71 46 3
71 47 2
71 48 5
71 49 4
71 50 5
71 51 1
71 52 1
71 53 5
71 54 1
71 55 1
71 56 4
71 57 4
71 58 5
71 59 2
71 60 4
71 61 2
71 62 1
71 63 2
71 64 2
71 65 3
71 66 4
71 67 1
71 68 5
71 69 1
71 70 3
71 72 1
71 73 3
71 74 5
71 75 1
71 76 1
71 77 1
71 78 1
71 79 5
71 80 2
71 81 1
71 82 4
71 83 2
71 84 3
71 85 3
71 86 2
71 87 4
71 88 4
71 89 3
71 90 3
71 91 2
71 92 3
71 93 1
71 94 2
71 95 4
71 96 2
71 97 1
71 98 4
71 99 3
71 100 1
72 1 5
72 2 5
72 3 1
72 4 4
72 5 1
72 6 3
72 7 4
72 8 1
72 9 3
72 10 3
72 11 2
72 12 5
72 13 4
72 14 1
72 15 3
72 16 3
72 17 4
72 18 1
72 19 1
72 20 3
72 21 3
72 22 4
72 23 5
72 24 3
72 25 5
72 26 1
72 27 5
72 28 3
72 29 4
72 30 4
72 31 3
72 32 5
72 33 5
72 34 5
72 35 3
72 36 5
72 37 2
72 38 4
72 39 2
72 40 2
72 41 3
72 42 5
72 43 3
72 44 1
72 45 5
72 46 5
72 47 4
72 48 1
72 49 5
72 50 4
72 51 3
72 52 4
72 53 5
72 54 5
72 55 4
72 56 1
72 57 2
72 58 3
72 59 3
72 60 5
72 61 3
72 62 2
72 63 5
72 64 2
72 65 1
72 66 4
72 67 3
72 68 5
72 69 2
72 70 4
72 71 3
72 73 5
72 74 3
72 75 5
72 76 5
72 77 5
72 78 5
72 79 5
72 80 5
72 81 1
72 82 1
72 83 4
72 84 5
72 85 5
72 86 5
72 87 3
72 88 5
72 89 1
72 90 2
72 91 5
72 92 1
72 93 1
72 94 1
72 95 2
72 96 2
72 97 4
72 98 2
72 99 4
72 100 3
73 1 1
73 2 4
73 3 5
73 4 2
73 5 1
73 6 1
73 7 3
73 8 2
73 9 2
73 10 3
73 11 3
73 12 3
73 13 3
73 14 2
73 15 4
73 16 2
73 17 3
73 18 3
73 19 3
73 20 4
73 21 1
73 22 2
73 23 1
73 24 1
73 25 3
73 26 4
73 27 4
73 28 1
73 29 5
73 30 2
73 31 5
73 32 2
73 33 5
73 34 1
73 35 3
73 36 2
73 37 1
73 38 1
73 39 4
73 40 3
73 41 5
73 42 1
73 43 2
73 44 2
73 45 4
73 46 2
73 47 5
73 48 2
73 49 1
73 50 2
73 51 2
73 52 1
73 53 4
73 54 2
73 55 3
73 56 1
73 57 2
73 58 1
73 59 3
73 60 1
73 61 4
73 62 2
73 63 5
73 64 5
73 65 2
73 66 2
73 67 1
73 68 2
73 69 4
73 70 1
73 71 1
73 72 3
73 74 4
73 75 4
73 76 4
73 77 4
73 78 5
73 79 3
73 80 2
73 81 5
73 82 5
73 83 3
73 84 5
73 85 5
73 86 1
73 87 4
73 88 5
73 89 2
73 90 4
73 91 2
73 92 5
73 93 2
73 94 3
73 95 4
73 96 1
73 97 1
73 98 2
73 99 4
73 100 2
74 1 1
74 2 1
74 3 5
74 4 3
74 5 1
74 6 3
74 7 4
74 8 5
74 9 5
74 10 3
74 11 3
74 12 4
74 13 4
74 14 3
74 15 1
74 16 3
74 17 3
74 18 4
74 19 2
74 20 2
74 21 5
74 22 5
74 23 3
74 24 1
74 25 4
74 26 1
74 27 4
74 28 4
74 29 2
74 30 4
74 31 3
74 32 4
74 33 4
74 34 4
74 35 4
74 36 5
74 37 1
74 38 2
74 39 1
74 40 5
74 41 4
74 42 3
74 43 1
74 44 5
74 45 5
74 46 1
74 47 2
74 48 5
74 49 1
74 50 1
74 51 3
74 52 5
74 53 2
74 54 5
74 55 3
74 56 1
74 57 5
74 58 1
74 59 1
74 60 3
74 61 4
74 62 5
74 63 4
74 64 4
74 65 3
74 66 2
74 67 5
74 68 1
74 69 5
74 70 5
74 71 2
74 72 5
74 73 5
74 75 2
74 76 4
74 77 1
74 78 2
74 79 1
74 80 2
74 81 5
74 82 1
74 83 4
74 84 4
74 85 4
74 86 3
74 87 1
74 88 1
74 89 4
74 90 3
74 91 2
74 92 4
74 93 1
74 94 3
74 95 2
74 96 2
74 97 3
74 98 3
74 99 1
74 100 5
75 1 2
75 2 3
75 3 1
75 4 1
75 5 4
75 6 3
75 7 2
75 8 1
75 9 1
75 10 2
75 11 3
75 12 5
75 13 4
75 14 3
75 15 1
75 16 2
75 17 1
75 18 1
75 19 3
75 20 4
75 21 4
75 22 1
75 23 2
75 24 1
75 25 5
75 26 3
75 27 4
75 28 4
75 29 2
75 30 2
75 31 3
75 32 5
75 33 1
75 34 4
75 35 3
75 36 4
75 37 1
75 38 4
75 39 1
75 40 3
75 41 5
75 42 3
75 43 5
75 44 5
75 45 1
75 46 5
75 47 3
75 48 3
75 49 2
75 50 5
75 51 1
75 52 2
75 53 2
75 54 5
75 55 5
75 56 4
75 57 4
75 58 3
75 59 2
75 60 3
75 61 4
75 62 5
75 63 2
75 64 4
75 65 3
75 66 4
75 67 4
75 68 5
75 69 2
75 70 5
75 71 2
75 72 3
75 73 4
75 74 1
75 76 4
75 77 1
75 78 2
75 79 2
75 80 3
75 81 4
75 82 3
75 83 1
75 84 5
75 85 2
75 86 5
75 87 4
75 88 5
75 89 5
75 90 4
75 91 1
75 92 2
75 93 4
75 94 5
75 95 1
75 96 5
75 97 4
75 98 4
75 99 3
75 100 3
76 1 3
76 2 4
76 3 2
76 4 2
76 5 5
76 6 4
76 7 3
76 8 5
76 9 3
76 10 4
76 11 3
76 12 1
76 13 3
76 14 3
76 15 2
76 16 4
76 17 4
76 18 3
76 19 5
76 20 5
76 21 1
76 22 3
76 23 4
76 24 4
76 25 2
76 26 4
76 27 3
76 28 3
76 29 4
76 30 3
76 31 2
76 32 3
76 33 3
76 34 3
76 35 2
76 36 2
76 37 4
76 38 4
76 39 2
76 40 1
76 41 4
76 42 1
76 43 3
76 44 1
76 45 5
76 46 4
76 47 2
76 48 5
76 49 1
76 50 3
76 51 4
76 52 1
76 53 5
76 54 2
76 55 2
76 56 4
76 57 2
76 58 4
76 59 1
76 60 1
76 61 3
76 62 2
76 63 5
76 64 1
76 65 2
76 66 1
76 67 2
76 68 5
76 69 4
76 70 5
76 71 2
76 72 2
76 73 2
76 74 4
76 75 5
76 77 1
76 78 4
76 79 3
76 80 5
76 81 5
76 82 5
76 83 1
76 84 2
76 85 5
76 86 4
76 87 5
76 88 3
76 89 1
76 90 1
76 91 5
76 92 3
76 93 3
76 94 1
76 95 2
76 96 5
76 97 2
76 98 5
76 99 4
76 100 3
77 1 3
77 2 3
77 3 4
77 4 2
77 5 5
77 6 4
77 7 3
77 8 2
77 9 5
77 10 5
77 11 2
77 12 4
77 13 4
77 14 4
77 15 2
77 16 5
77 17 2
77 18 2
77 19 4
77 20 2
77 21 4
77 22 3
77 23 4
77 24 1
77 25 4
77 26 3
77 27 1
77 28 2
77 29 2
77 30 4
77 31 2
77 32 1
77 33 3
77 34 5
77 35 4
77 36 4
77 37 1
77 38 1
77 39 3
77 40 5
77 41 5
77 42 1
77 43 5
77 44 1
77 45 4
77 46 3
77 47 2
77 48 5
77 49 1
77 50 1
77 51 2
77 52 4
77 53 5
77 54 2
77 55 2
77 56 5
77 57 1
77 58 4
77 59 4
77 60 4
77 61 4
77 62 5
77 63 5
77 64 1
77 65 1
77 66 3
77 67 2
77 68 1
77 69 1
77 70 4
77 71 2
77 72 2
77 73 4
77 74 3
77 75 2
77 76 2
77 78 1
77 79 1
77 80 3
77 81 3
77 82 3
77 83 4
77 84 2
77 85 2
77 86 3
77 87 3
77 88 4
77 89 3
77 90 1
77 91 2
77 92 4
77 93 4
77 94 1
77 95 3
77 96 1
77 97 1
77 98 2
77 99 4
77 100 4
78 1 4
78 2 4
78 3 2
78 4 1
78 5 4
78 6 5
78 7 4
78 8 5
78 9 5
78 10 4
78 11 3
78 12 4
78 13 3
78 14 3
78 15 5
78 16 2
78 17 2
78 18 4
78 19 5
78 20 2
78 21 1
78 22 1
78 23 5
78 24 1
78 25 3
78 26 4
78 27 4
78 28 5
78 29 2
78 30 2
78 31 3
78 32 1
78 33 3
78 34 5
78 35 1
78 36 1
78 37 1
78 38 4
78 39 3
78 40 2
78 41 5
78 42 2
78 43 5
78 44 2
78 45 4
78 46 5
78 47 3
78 48 3
78 49 5
78 50 4
78 51 4
78 52 3
78 53 1
78 54 5
78 55 5
78 56 3
78 57 3
78 58 3
78 59 5
78 60 4
78 61 2
78 62 4
78 63 1
78 64 4
78 65 5
78 66 3
78 67 1
78 68 5
78 69 4
78 70 3
78 71 1
78 72 3
78 73 4
78 74 1
78 75 1
78 76 5
78 77 2
78 79 1
78 80 2
78 81 3
78 82 4
78 83 2
78 84 5
78 85 5
78 86 1
78 87 5
78 88 4
78 89 5
78 90 4
78 91 5
78 92 3
78 93 5
78 94 4
78 95 1
78 96 5
78 97 3
78 98 3
78 99 1
78 100 5
79 1 1
79 2 3
79 3 5
79 4 5
79 5 4
79 6 2
79 7 1
79 8 3
79 9 5
79 10 3
79 11 1
79 12 3
79 13 1
79 14 2
79 15 2
79 16 2
79 17 4
79 18 3
79 19 3
79 20 3
79 21 2
79 22 4
79 23 2
79 24 3
79 25 2
79 26 2
79 27 3
79 28 2
79 29 5
79 30 5
79 31 1
79 32 2
79 33 4
79 34 2
79 35 2
79 36 2
79 37 1
79 38 4
79 39 1
79 40 5
79 41 1
79 42 1
79 43 2
79 44 3
79 45 4
79 46 1
79 47 2
79 48 2
79 49 5
79 50 1
79 51 4
79 52 3
79 53 4
79 54 1
79 55 1
79 56 1
79 57 4
79 58 5
79 59 4
79 60 5
79 61 4
79 62 1
79 63 2
79 64 4
79 65 2
79 66 3
79 67 3
79 68 4
79 69 3
79 70 3
79 71 4
79 72 3
79 73 1
79 74 2
79 75 2
79 76 4
79 77 4
79 78 3
79 80 3
79 81 1
79 82 3
79 83 1
79 84 3
79 85 4
79 86 3
79 87 3
79 88 1
79 89 4
79 90 4
79 91 4
79 92 3
79 93 4
79 94 4
79 95 4
79 96 3
79 97 2
79 98 3
79 99 5
79 100 1
80 1 5
80 2 2
80 3 1
80 4 4
80 5 2
80 6 4
80 7 1
80 8 3
80 9 5
80 10 5
80 11 5
80 12 5
80 13 5
80 14 2
80 15 4
80 16 3
80 17 2
80 18 2
80 19 3
80 20 5
80 21 2
80 22 3
80 23 2
80 24 1
80 25 1
80 26 3
80 27 5
80 28 4
80 29 5
80 30 4
80 31 1
80 32 2
80 33 2
80 34 3
80 35 2
80 36 1
80 37 4
80 38 4
80 39 5
80 40 3
80 41 4
80 42 4
80 43 4
80 44 5
80 45 2
80 46 2
80 47 4
80 48 3
80 49 5
80 50 3
80 51 2
80 52 2
80 53 5
80 54 1
80 55 4
80 56 2
80 57 5
80 58 3
80 59 5
80 60 1
80 61 3
80 62 3
80 63 2
80 64 1
80 65 5
80 66 1
80 67 3
80 68 3
80 69 4
80 70 2
80 71 2
80 72 4
80 73 2
80 74 5
80 75 3
80 76 4
80 77 4
80 78 3
80 79 3
80 81 3
80 82 5
80 83 2
80 84 1
80 85 4
80 86 2
80 87 1
80 88 5
80 89 3
80 90 3
80 91 2
80 92 3
80 93 2
80 94 1
80 95 5
80 96 5
80 97 5
80 98 2
80 99 2
80 100 5
81 1 5
81 2 1
81 3 1
81 4 4
81 5 2
81 6 3
81 7 3
81 8 2
81 9 1
81 10 1
81 11 5
81 12 5
81 13 5
81 14 1
81 15 3
81 16 1
81 17 4
81 18 5
81 19 2
81 20 1
81 21 3
81 22 3
81 23 3
81 24 1
81 25 3
81 26 4
81 27 5
81 28 5
81 29 5
81 30 2
81 31 4
81 32 5
81 33 2
81 34 1
81 35 5
81 36 5
81 37 3
81 38 2
81 39 2
81 40 5
81 41 2
81 42 1
81 43 2
81 44 2
81 45 1
81 46 1
81 47 2
81 48 4
81 49 5
81 50 3
81 51 1
81 52 4
81 53 3
81 54 3
81 55 5
81 56 2
81 57 2
81 58 1
81 59 1
81 60 3
81 61 4
81 62 1
81 63 2
81 64 2
81 65 4
81 66 1
81 67 2
81 68 3
81 69 5
81 70 5
81 71 3
81 72 1
81 73 5
81 74 1
81 75 4
81 76 2
81 77 3
81 78 5
81 79 2
81 80 2
81 82 5
81 83 2
81 84 1
81 85 4
81 86 1
81 87 2
81 88 5
81 89 4
81 90 4
81 91 3
81 92 2
81 93 3
81 94 5
81 95 5
81 96 1
81 97 3
81 98 1
81 99 2
81 100 1
82 1 2
82 2 3
82 3 5
82 4 2
82 5 2
82 6 2
82 7 1
82 8 5
82 9 4
82 10 2
82 11 3
82 12 5
82 13 3
82 14 1
82 15 2
82 16 1
82 17 2
82 18 5
82 19 1
82 20 5
82 21 1
82 22 5
82 23 1
82 24 3
82 25 4
82 26 1
82 27 3
82 28 4
82 29 3
82 30 2
82 31 4
82 32 4
82 33 4
82 34 5
82 35 2
82 36 3
82 37 1
82 38 2
82 39 4
82 40 4
82 41 1
82 42 2
82 43 5
82 44 3
82 45 4
82 46 4
82 47 4
82 48 5
82 49 5
82 50 1
82 51 2
82 52 5
82 53 5
82 54 4
82 55 4
82 56 5
82 57 1
82 58 4
82 59 3
82 60 5
82 61 5
82 62 3
82 63 5
82 64 5
82 65 2
82 66 2
82 67 4
82 68 4
82 69 5
82 70 3
82 71 4
82 72 5
82 73 1
82 74 4
82 75 5
82 76 4
82 77 4
82 78 3
82 79 1
82 80 5
82 81 5
82 83 2
82 84 5
82 85 1
82 86 2
82 87 3
82 88 5
82 89 3
82 90 3
82 91 5
82 92 4
82 93 4
82 94 2
82 95 4
82 96 4
82 97 1
82 98 5
82 99 4
82 100 4
83 1 4
83 2 3
83 3 3
83 4 1
83 5 3
83 6 3
83 7 5
83 8 4
83 9 1
83 10 4
83 11 4
83 12 5
83 13 3
83 14 2
83 15 1
83 16 3
83 17 5
83 18 1
83 19 4
83 20 4
83 21 3
83 22 3
83 23 3
83 24 2
83 25 5
83 26 1
83 27 2
83 28 5
83 29 5
83 30 2
83 31 3
83 32 5
83 33 5
83 34 5
83 35 5
83 36 2
83 37 4
83 38 1
83 39 2
83 40 4
83 41 4
83 42 2
83 43 1
83 44 1
83 45 3
83 46 3
83 47 5
83 48 5
83 49 3
83 50 4
83 51 3
83 52 3
83 53 1
83 54 5
83 55 1
83 56 5
83 57 2
83 58 4
83 59 1
83 60 1
83 61 5
83 62 1
83 63 3
83 64 4
83 65 2
83 66 4
83 67 1
83 68 1
83 69 5
83 70 4
83 71 1
83 72 5
83 73 1
83 74 3
83 75 1
83 76 5
83 77 1
83 78 2
83 79 4
83 80 5
83 81 5
83 82 2
83 84 4
83 85 1
83 86 3
83 87 4
83 88 2
83 89 5
83 90 2
83 91 5
83 92 2
83 93 2
83 94 5
83 95 4
83 96 5
83 97 1
83 98 5
83 99 2
83 100 3
84 1 4
84 2 3
84 3 4
84 4 3
84 5 3
84 6 3
84 7 5
84 8 2
84 9 3
84 10 4
84 11 3
84 12 5
84 13 3
84 14 1
84 15 3
84 16 5
84 17 3
84 18 4
84 19 4
84 20 4
84 21 2
84 22 3
84 23 1
84 24 3
84 25 2
84 26 1
84 27 5
84 28 4
84 29 2
84 30 3
84 31 4
84 32 5
84 33 5
84 34 2
84 35 5
84 36 4
84 37 1
84 38 1
84 39 1
84 40 4
84 41 4
84 42 5
84 43 5
84 44 4
84 45 5
84 46 4
84 47 3
84 48 4
84 49 2
84 50 1
84 51 3
84 52 4
84 53 3
84 54 5
84 55 3
84 56 1
84 57 2
84 58 4
84 59 2
84 60 4
84 61 4
84 62 5
84 63 5
84 64 5
84 65 3
84 66 1
84 67 4
84 68 3
84 69 2
84 70 1
84 71 3
84 72 2
84 73 5
84 74 4
84 75 2
84 76 4
84 77 3
84 78 5
84 79 2
84 80 1
84 81 2
84 82 1
84 83 4
84 85 5
84 86 5
84 87 4
84 88 2
84 89 4
84 90 2
84 91 5
84 92 2
84 93 5
84 94 1
84 95 1
84 96 2
84 97 3
84 98 2
84 99 5
84 100 3
85 1 5
85 2 5
85 3 2
85 4 3
85 5 1
85 6 1
85 7 5
85 8 1
85 9 3
85 10 4
85 11 4
85 12 3
85 13 5
85 14 5
85 15 4
85 16 1
85 17 1
85 18 2
85 19 5
85 20 4
85 21 5
85 22 4
85 23 2
85 24 2
85 25 5
85 26 3
85 27 3
85 28 4
85 29 1
85 30 4
85 31 3
85 32 2
85 33 3
85 34 5
85 35 4
85 36 5
85 37 5
85 38 3
85 39 5
85 40 4
85 41 3
85 42 5
85 43 3
85 44 5
85 45 4
85 46 1
85 47 2
85 48 2
85 49 4
85 50 3
85 51 2
85 52 1
85 53 2
85 54 4
85 55 2
85 56 3
85 57 3
85 58 1
85 59 3
85 60 5
85 61 4
85 62 3
85 63 1
85 64 3
85 65 2
85 66 1
85 67 2
85 68 3
85 69 1
85 70 3
85 71 3
85 72 3
85 73 2
85 74 5
85 75 4
85 76 3
85 77 1
85 78 3
85 79 1
85 80 1
85 81 5
85 82 4
85 83 1
85 84 3
85 86 4
85 87 4
85 88 2
85 89 3
85 90 4
85 91 5
85 92 2
85 93 4
85 94 2
85 95 4
85 96 3
85 97 5
85 98 5
85 99 1
85 100 4
86 1 2
86 2 3
86 3 1
86 4 1
86 5 2
86 6 5
86 7 5
86 8 1
86 9 2
86 10 2
86 11 3
86 12 3
86 13 3
86 14 1
86 15 5
86 16 1
86 17 5
86 18 1
86 19 2
86 20 2
86 21 1
86 22 3
86 23 1
86 24 5
86 25 1
86 26 4
86 27 2
86 28 5
86 29 5
86 30 3
86 31 3
86 32 1
86 33 2
86 34 3
86 35 4
86 36 5
86 37 5
86 38 3
86 39 5
86 40 1
86 41 1
86 42 4
86 43 5
86 44 3
86 45 5
86 46 5
86 47 3
86 48 1
86 49 5
86 50 2
86 51 2
86 52 5
86 53 4
86 54 4
86 55 1
86 56 5
86 57 5
86 58 5
86 59 1
86 60 1
86 61 2
86 62 1
86 63 4
86 64 5
86 65 5
86 66 2
86 67 5
86 68 4
86 69 4
86 70 1
86 71 5
86 72 1
86 73 5
86 74 1
86 75 5
86 76 4
86 77 5
86 78 5
86 79 4
86 80 1
86 81 1
86 82 2
86 83 3
86 84 4
86 85 3
86 87 5
86 88 5
86 89 2
86 90 4
86 91 1
86 92 2
86 93 2
86 94 3
86 95 5
86 96 2
86 97 2
86 98 3
86 99 1
86 100 1
87 1 3
87 2 1
87 3 2
87 4 3
87 5 5
87 6 2
87 7 5
87 8 5
87 9 4
87 10 4
87 11 5
87 12 1
87 13 4
87 14 4
87 15 5
87 16 4
87 17 1
87 18 5
87 19 1
87 20 4
87 21 3
87 22 3
87 23 2
87 24 2
87 25 5
87 26 4
87 27 3
87 28 1
87 29 1
87 30 3
87 31 3
87 32 4
87 33 5
87 34 4
87 35 3
87 36 2
87 37 1
87 38 2
87 39 1
87 40 4
87 41 5
87 42 3
87 43 4
87 44 5
87 45 1
87 46 1
87 47 4
87 48 3
87 49 5
87 50 1
87 51 1
87 52 4
87 53 3
87 54 2
87 55 5
87 56 2
87 57 5
87 58 2
87 59 4
87 60 3
87 61 1
87 62 2
87 63 1
87 64 3
87 65 5
87 66 3
87 67 4
87 68 2
87 69 5
87 70 4
87 71 5
87 72 4
87 73 1
87 74 1
87 75 4
87 76 3
87 77 1
87 78 4
87 79 5
87 80 2
87 81 4
87 82 2
87 83 5
87 84 1
87 85 4
87 86 2
87 88 4
87 89 5
87 90 5
87 91 2
87 92 4
87 93 3
87 94 5
87 95 4
87 96 5
87 97 5
87 98 4
87 99 3
87 100 1
88 1 3
88 2 3
88 3 3
88 4 3
88 5 1
88 6 5
88 7 3
88 8 3
88 9 2
88 10 3
88 11 5
88 12 3
88 13 3
88 14 1
88 15 4
88 16 5
88 17 1
88 18 2
88 19 3
88 20 3
88 21 2
88 22 2
88 23 1
88 24 4
88 25 3
88 26 2
88 27 5
88 28 4
88 29 5
88 30 2
88 31 2
88 32 4
88 33 1
88 34 1
88 35 3
88 36 3
88 37 5
88 38 3
88 39 3
88 40 3
88 41 5
88 42 2
88 43 2
88 44 5
88 45 4
88 46 2
88 47 4
88 48 5
88 49 4
88 50 4
88 51 2
88 52 5
88 53 2
88 54 4
88 55 5
88 56 4
88 57 5
88 58 4
88 59 3
88 60 4
88 61 2
88 62 4
88 63 2
88 64 4
88 65 4
88 66 2
88 67 2
88 68 5
88 69 4
88 70 4
88 71 2
88 72 5
88 73 2
88 74 5
88 75 4
88 76 5
88 77 1
88 78 3
88 79 4
88 80 4
88 81 1
88 82 2
88 83 5
88 84 4
88 85 1
88 86 4
88 87 2
88 89 5
88 90 4
88 91 1
88 92 1
88 93 2
88 94 1
88 95 4
88 96 3
88 97 1
88 98 5
88 99 4
88 100 5
89 1 3
89 2 4
89 3 3
89 4 3
89 5 2
89 6 2
89 7 1
89 8 1
89 9 3
89 10 5
89 11 2
89 12 1
89 13 2
89 14 5
89 15 1
89 16 5
89 17 5
89 18 1
89 19 4
89 20 2
89 21 2
89 22 1
89 23 2
89 24 5
89 25 2
89 26 5
89 27 2
89 28 2
89 29 2
89 30 2
89 31 2
89 32 4
89 33 5
89 34 1
89 35 3
89 36 1
89 37 3
89 38 1
89 39 4
89 40 5
89 41 5
89 42 2
89 43 2
89 44 4
89 45 1
89 46 4
89 47 5
89 48 3
89 49 2
89 50 3
89 51 1
89 52 3
89 53 1
89 54 2
89 55 2
89 56 2
89 57 3
89 58 4
89 59 3
89 60 4
89 61 5
89 62 1
89 63 5
89 64 2
89 65 2
89 66 2
89 67 4
89 68 1
89 69 4
89 70 4
89 71 2
89 72 1
89 73 5
89 74 3
89 75 4
89 76 3
89 77 4
89 78 3
89 79 5
89 80 5
89 81 3
89 82 5
89 83 4
89 84 3
89 85 3
89 86 5
89 87 1
89 88 2
89 90 5
89 91 3
89 92 3
89 93 2
89 94 1
89 95 2
89 96 5
89 97 4
89 98 5
89 99 5
89 100 4
90 1 4
90 2 4
90 3 5
90 4 4
90 5 3
90 6 4
90 7 4
90 8 2
90 9 4
90 10 3
90 11 1
90 12 5
90 13 5
90 14 2
90 15 3
90 16 4
90 17 4
90 18 5
90 19 4
90 20 3
90 21 1
90 22 4
90 23 5
90 24 2
90 25 1
90 26 3
90 27 3
90 28 4
90 29 4
90 30 3
90 31 2
90 32 4
90 33 1
90 34 3
90 35 4
90 36 5
90 37 3
90 38 2
90 39 4
90 40 4
90 41 5
90 42 4
90 43 3
90 44 1
90 45 3
90 46 1
90 47 2
90 48 1
90 49 2
90 50 2
90 51 5
90 52 2
90 53 5
90 54 1
90 55 1
90 56 5
90 57 3
90 58 3
90 59 5
90 60 4
90 61 2
90 62 3
90 63 2
90 64 4
90 65 5
90 66 3
90 67 4
90 68 5
90 69 1
90 70 4
90 71 3
90 72 2
90 73 2
90 74 5
90 75 3
90 76 4
90 77 2
90 78 1
90 79 2
90 80 3
90 81 2
90 82 1
90 83 2
90 84 2
90 85 4
90 86 2
90 87 3
90 88 1
90 89 1
90 91 3
90 92 1
90 93 3
90 94 5
90 95 5
90 96 1
90 97 2
90 98 2
90 99 1
90 100 3
91 1 2
91 2 4
91 3 5
91 4 4
91 5 3
91 6 1
91 7 3
91 8 1
91 9 5
91 10 3
91 11 4
91 12 2
91 13 4
91 14 2
91 15 5
91 16 2
91 17 5
91 18 1
91 19 2
91 20 2
91 21 2
91 22 4
91 23 3
91 24 4
91 25 5
91 26 2
91 27 1
91 28 1
91 29 3
91 30 2
91 31 3
91 32 1
91 33 5
91 34 4
91 35 4
91 36 2
91 37 2
91 38 3
91 39 5
91 40 1
91 41 5
91 42 3
91 43 4
91 44 1
91 45 1
91 46 4
91 47 2
91 48 5
91 49 1
91 50 3
91 51 4
91 52 2
91 53 3
91 54 1
91 55 2
91 56 3
91 57 4
91 58 3
91 59 5
91 60 3
91 61 4
91 62 5
91 63 3
91 64 5
91 65 5
91 66 4
91 67 4
91 68 1
91 69 1
91 70 3
91 71 3
91 72 3
91 73 2
91 74 4
91 75 3
91 76 3
91 77 4
91 78 1
91 79 4
91 80 4
91 81 1
91 82 2
91 83 1
91 84 5
91 85 4
91 86 2
91 87 4
91 88 2
91 89 1
91 90 4
91 92 4
91 93 4
91 94 5
91 95 4
91 96 1
91 97 4
91 98 4
91 99 4
91 100 2
92 1 1
92 2 3
92 3 1
92 4 3
92 5 4
92 6 4
92 7 2
92 8 3
92 9 2
92 10 5
92 11 4
92 12 1
92 13 2
92 14 5
92 15 3
92 16 1
92 17 4
92 18 1
92 19 5
92 20 2
92 21 2
92 22 5
92 23 3
92 24 2
92 25 4
92 26 1
92 27 4
92 28 4
92 29 4
92 30 2
92 31 2
92 32 1
92 33 4
92 34 3
92 35 4
92 36 5
92 37 3
92 38 2
92 39 4
92 40 5
92 41 1
92 42 2
92 43 2
92 44 2
92 45 2
92 46 4
92 47 5
92 48 2
92 49 1
92 50 4
92 51 3
92 52 4
92 53 3
92 54 5
92 55 1
92 56 1
92 57 2
92 58 4
92 59 1
92 60 2
92 61 3
92 62 3
92 63 3
92 64 3
92 65 2
92 66 3
92 67 2
92 68 4
92 69 4
92 70 1
92 71 3
92 72 2
92 73 2
92 74 1
92 75 5
92 76 5
92 77 1
92 78 4
92 79 3
92 80 2
92 81 2
92 82 1
92 83 5
92 84 4
92 85 2
92 86 2
92 87 1
92 88 1
92 89 3
92 90 2
92 91 2
92 93 5
92 94 1
92 95 1
92 96 4
92 97 2
92 98 3
92 99 1
92 100 5
93 1 4
93 2 3
93 3 5
93 4 2
93 5 1
93 6 5
93 7 1
93 8 3
93 9 1
93 10 5
93 11 5
93 12 4
93 13 3
93 14 2
93 15 3
93 16 4
93 17 4
93 18 2
93 19 4
93 20 1
93 21 4
93 22 2
93 23 4
93 24 5
93 25 4
93 26 5
93 27 3
93 28 5
93 29 4
93 30 5
93 31 2
93 32 4
93 33 4
93 34 1
93 35 5
93 36 2
93 37 2
93 38 3
93 39 4
93 40 4
93 41 4
93 42 5
93 43 2
93 44 1
93 45 2
93 46 2
93 47 4
93 48 2
93 49 5
93 50 5
93 51 2
93 52 3
93 53 3
93 54 5
93 55 4
93 56 4
93 57 1
93 58 3
93 59 5
93 60 5
93 61 3
93 62 1
93 63 5
93 64 3
93 65 3
93 66 5
93 67 4
93 68 2
93 69 4
93 70 4
93 71 5
93 72 2
93 73 4
93 74 4
93 75 2
93 76 5
93 77 2
93 78 3
93 79 1
93 80 1
93 81 4
93 82 2
93 83 5
93 84 3
93 85 3
93 86 5
93 87 1
93 88 4
93 89 2
93 90 1
93 91 5
93 92 1
93 94 3
93 95 4
93 96 4
93 97 3
93 98 5
93 99 2
93 100 4
94 1 3
94 2 3
94 3 5
94 4 1
94 5 1
94 6 5
94 7 5
94 8 5
94 9 1
94 10 2
94 11 2
94 12 3
94 13 2
94 14 5
94 15 4
94 16 4
94 17 4
94 18 3
94 19 2
94 20 2
94 21 5
94 22 4
94 23 1
94 24 5
94 25 3
94 26 2
94 27 5
94 28 5
94 29 3
94 30 4
94 31 5
94 32 3
94 33 1
94 34 5
94 35 3
94 36 1
94 37 4
94 38 2
94 39 2
94 40 2
94 41 5
94 42 5
94 43 1
94 44 3
94 45 4
94 46 5
94 47 4
94 48 2
94 49 2
94 50 5
94 51 1
94 52 3
94 53 5
94 54 3
94 55 3
94 56 2
94 57 4
94 58 2
94 59 2
94 60 4
94 61 5
94 62 1
94 63 1
94 64 2
94 65 2
94 66 3
94 67 2
94 68 3
94 69 2
94 70 5
94 71 4
94 72 3
94 73 4
94 74 4
94 75 1
94 76 4
94 77 5
94 78 4
94 79 3
94 80 2
94 81 5
94 82 3
94 83 4
94 84 4
94 85 5
94 86 3
94 87 5
94 88 1
94 89 2
94 90 1
94 91 4
94 92 3
94 93 4
94 95 1
94 96 5
94 97 5
94 98 5
94 99 3
94 100 2
95 1 1
95 2 3
95 3 2
95 4 4
95 5 1
95 6 3
95 7 1
95 8 2
95 9 2
95 10 4
95 11 4
95 12 5
95 13 5
95 14 1
95 15 4
95 16 3
95 17 2
95 18 3
95 19 2
95 20 2
95 21 4
95 22 5
95 23 2
95 24 2
95 25 3
95 26 2
95 27 3
95 28 4
95 29 2
95 30 5
95 31 3
95 32 4
95 33 2
95 34 4
95 35 2
95 36 5
95 37 3
95 38 4
95 39 1
95 40 5
95 41 4
95 42 4
95 43 1
95 44 3
95 45 1
95 46 1
95 47 5
95 48 2
95 49 4
95 50 4
95 51 4
95 52 4
95 53 3
95 54 2
95 55 2
95 56 2
95 57 4
95 58 4
95 59 5
95 60 2
95 61 4
95 62 4
95 63 5
95 64 2
95 65 3
95 66 4
95 67 3
95 68 2
95 69 2
95 70 5
95 71 3
95 72 1
95 73 5
95 74 4
95 75 3
95 76 5
95 77 4
95 78 5
95 79 2
95 80 2
95 81 3
95 82 2
95 83 1
95 84 5
95 85 5
95 86 2
95 87 3
95 88 3
95 89 3
95 90 2
95 91 1
95 92 3
95 93 1
95 94 1
95 96 4
95 97 5
95 98 4
95 99 4
95 100 3
96 1 2
96 2 3
96 3 1
96 4 2
96 5 5
96 6 1
96 7 2
96 8 4
96 9 4
96 10 3
96 11 2
96 12 3
96 13 5
96 14 5
96 15 5
96 16 1
96 17 5
96 18 1
96 19 3
96 20 4
96 21 5
96 22 1
96 23 5
96 24 2
96 25 3
96 26 5
96 27 3
96 28 4
96 29 3
96 30 1
96 31 2
96 32 4
96 33 5
96 34 4
96 35 3
96 36 4
96 37 4
96 38 1
96 39 5
96 40 2
96 41 3
96 42 1
96 43 1
96 44 2
96 45 1
96 46 5
96 47 4
96 48 5
96 49 3
96 50 1
96 51 5
96 52 2
96 53 1
96 54 4
96 55 4
96 56 4
96 57 3
96 58 1
96 59 4
96 60 2
96 61 3
96 62 5
96 63 3
96 64 2
96 65 3
96 66 2
96 67 3
96 68 3
96 69 2
96 70 2
96 71 5
96 72 4
96 73 2
96 74 5
96 75 2
96 76 4
96 77 5
96 78 5
96 79 5
96 80 2
96 81 2
96 82 5
96 83 5
96 84 2
96 85 3
96 86 3
96 87 2
96 88 3
96 89 5
96 90 1
96 91 4
96 92 2
96 93 2
96 94 1
96 95 1
96 97 2
96 98 2
96 99 3
96 100 4
97 1 5
97 2 4
97 3 5
97 4 5
97 5 2
97 6 5
97 7 1
97 8 3
97 9 1
97 10 2
97 11 2
97 12 4
97 13 3
97 14 1
97 15 3
97 16 2
97 17 1
97 18 3
97 19 5
97 20 3
97 21 2
97 22 2
97 23 1
97 24 4
97 25 4
97 26 4
97 27 4
97 28 5
97 29 2
97 30 3
97 31 5
97 32 2
97 33 3
97 34 5
97 35 1
97 36 1
97 37 4
97 38 4
97 39 3
97 40 1
97 41 5
97 42 2
97 43 1
97 44 5
97 45 2
97 46 3
97 47 3
97 48 4
97 49 5
97 50 2
97 51 1
97 52 4
97 53 4
97 54 4
97 55 2
97 56 4
97 57 4
97 58 2
97 59 5
97 60 5
97 61 1
97 62 4
97 63 3
97 64 3
97 65 3
97 66 1
97 67 5
97 68 3
97 69 4
97 70 3
97 71 3
97 72 5
97 73 4
97 74 3
97 75 1
97 76 2
97 77 3
97 78 3
97 79 1
97 80 4
97 81 2
97 82 3
97 83 2
97 84 5
97 85 3
97 86 5
97 87 5
97 88 1
97 89 3
97 90 4
97 91 1
97 92 3
97 93 2
97 94 5
97 95 2
97 96 5
97 98 5
97 99 2
97 100 2
98 1 3
98 2 1
98 3 2
98 4 5
98 5 4
98 6 1
98 7 5
98 8 2
98 9 3
98 10 5
98 11 4
98 12 4
98 13 1
98 14 2
98 15 2
98 16 5
98 17 4
98 18 2
98 19 4
98 20 5
98 21 1
98 22 4
98 23 2
98 24 4
98 25 5
98 26 1
98 27 2
98 28 1
98 29 3
98 30 3
98 31 5
98 32 2
98 33 3
98 34 3
98 35 1
98 36 3
98 37 3
98 38 1
98 39 5
98 40 3
98 41 5
98 42 3
98 43 1
98 44 2
98 45 1
98 46 2
98 47 1
98 48 2
98 49 5
98 50 1
98 51 3
98 52 1
98 53 1
98 54 4
98 55 1
98 56 5
98 57 1
98 58 2
98 59 3
98 60 5
98 61 5
98 62 4
98 63 2
98 64 4
98 65 1
98 66 2
98 67 4
98 68 3
98 69 4
98 70 3
98 71 5
98 72 5
98 73 2
98 74 2
98 75 1
98 76 5
98 77 4
98 78 3
98 79 1
98 80 3
98 81 5
98 82 3
98 83 5
98 84 5
98 85 3
98 86 5
98 87 2
98 88 5
98 89 2
98 90 1
98 91 5
98 92 3
98 93 4
98 94 1
98 95 3
98 96 4
98 97 4
98 99 1
98 100 1
99 1 5
99 2 5
99 3 3
99 4 4
99 5 4
99 6 4
99 7 2
99 8 3
99 9 2
99 10 4
99 11 5
99 12 2
99 13 1
99 14 2
99 15 1
99 16 5
99 17 1
99 18 3
99 19 3
99 20 5
99 21 4
99 22 3
99 23 1
99 24 3
99 25 1
99 26 3
99 27 5
99 28 4
99 29 4
99 30 3
99 31 2
99 32 3
99 33 2
99 34 4
99 35 1
99 36 2
99 37 2
99 38 4
99 39 4
99 40 1
99 41 5
99 42 3
99 43 2
99 44 5
99 45 1
99 46 4
99 47 1
99 48 1
99 49 3
99 50 4
99 51 3
99 52 3
99 53 3
99 54 5
99 55 5
99 56 1
99 57 3
99 58 2
99 59 4
99 60 1
99 61 4
99 62 2
99 63 3
99 64 2
99 65 5
99 66 5
99 67 4
99 68 4
99 69 4
99 70 4
99 71 4
99 72 5
99 73 4
99 74 2
99 75 4
99 76 1
99 77 2
99 78 4
99 79 2
99 80 5
99 81 4
99 82 1
99 83 2
99 84 2
99 85 5
99 86 2
99 87 4
99 88 4
99 89 5
99 90 4
99 91 4
99 92 3
99 93 1
99 94 3
99 95 1
99 96 5
99 97 5
99 98 4
99 100 3
100 1 5
100 2 5
100 3 3
100 4 4
100 5 3
100 6 4
100 7 2
100 8 3
100 9 1
100 10 2
100 11 1
100 12 5
100 13 1
100 14 3
100 15 1
100 16 4
100 17 5
100 18 4
100 19 2
100 20 3
100 21 3
100 22 5
100 23 4
100 24 2
100 25 2
100 26 1
100 27 5
100 28 2
100 29 5
100 30 5
100 31 1
100 32 4
100 33 4
100 34 1
100 35 4
100 36 3
100 37 4
100 38 5
100 39 3
100 40 4
100 41 2
100 42 5
100 43 5
100 44 4
100 45 3
100 46 3
100 47 4
100 48 4
100 49 1
100 50 2
100 51 1
100 52 1
100 53 1
100 54 4
100 55 4
100 56 3
100 57 2
100 58 3
100 59 1
100 60 3
100 61 3
100 62 3
100 63 4
100 64 3
100 65 3
100 66 2
100 67 1
100 68 4
100 69 2
100 70 5
100 71 4
100 72 5
100 73 4
100 74 4
100 75 5
100 76 3
100 77 1
100 78 3
100 79 1
100 80 3
100 81 4
100 82 2
100 83 5
100 84 1
100 85 2
100 86 1
100 87 5
100 88 3
100 89 3
100 90 2
100 91 1
100 92 2
100 93 5
100 94 1
100 95 5
100 96 4
100 97 2
100 98 2
100 99 4

END
