INSTANCE_NAME b18.dat
NB_VERTICES 100
NB_ARCS 210
NB_REQUESTS 0
NB_BLOCKAGES 63
NB_TERMINALS 50

VERTICES
1 0 0
2 0 0
3 0 0
4 0 0
5 0 0
6 0 0
7 0 0
8 0 0
9 0 0
10 0 0
11 0 0
12 0 0
13 0 0
14 0 0
15 0 0
16 0 0
17 0 0
18 0 0
19 0 0
20 0 0
21 0 0
22 0 0
23 0 0
24 0 0
25 0 0
26 0 0
27 0 0
28 0 0
29 0 0
30 0 0
31 0 0
32 0 0
33 0 0
34 0 0
35 0 0
36 0 0
37 0 0
38 0 0
39 0 0
40 0 0
41 0 0
42 0 0
43 0 0
44 0 0
45 0 0
46 0 0
47 0 0
48 0 0
49 0 0
50 0 0
51 0 0
52 0 0
53 0 0
54 0 0
55 0 0
56 0 0
57 0 0
58 0 0
59 0 0
60 0 0
61 0 0
62 0 0
63 0 0
64 0 0
65 0 0
66 0 0
67 0 0
68 0 0
69 0 0
70 0 0
71 0 0
72 0 0
73 0 0
74 0 0
75 0 0
76 0 0
77 0 0
78 0 0
79 0 0
80 0 0
81 0 0
82 0 0
83 0 0
84 0 0
85 0 0
86 0 0
87 0 0
88 0 0
89 0 0
90 0 0
91 0 0
92 0 0
93 0 0
94 0 0
95 0 0
96 0 0
97 0 0
98 0 0
99 0 0
100 0 0

ARCS
5 29 6
29 54 6
54 37 10
37 31 7
31 19 3
19 18 4
18 4 9
4 14 10
14 46 3
46 54 3
54 57 8
57 12 2
12 23 2
23 39 2
39 11 5
11 20 10
20 71 5
71 65 1
65 6 5
6 69 2
69 14 10
14 51 7
51 88 6
88 64 4
64 16 9
16 30 9
30 27 4
27 6 8
6 93 2
93 36 7
36 35 1
35 7 9
7 33 2
33 3 3
3 32 9
32 53 6
53 70 7
70 10 9
10 2 1
2 72 2
72 62 10
62 55 9
55 15 8
15 95 3
95 83 5
83 39 6
39 66 4
66 26 5
26 14 7
14 84 1
84 30 8
30 40 7
40 1 3
1 87 8
87 19 3
19 8 8
8 71 8
71 47 8
47 19 8
19 59 6
59 76 5
76 23 10
23 78 8
78 62 10
78 100 5
100 49 4
49 50 6
50 75 1
75 31 8
31 23 7
23 96 5
96 47 5
47 89 6
89 19 9
19 48 6
48 17 10
17 3 2
3 80 7
80 2 8
2 73 7
73 33 3
33 21 1
21 35 4
35 84 8
84 77 8
77 70 8
70 31 1
31 80 10
80 17 9
17 28 1
28 37 8
37 18 4
18 57 4
57 13 2
13 97 2
97 55 4
55 27 1
27 42 8
42 4 4
4 63 10
63 93 1
93 57 2
57 32 3
93 72 9
72 43 3
43 42 10
42 90 2
90 65 1
65 34 5
34 5 1
5 98 2
98 25 10
25 59 8
98 97 9
97 67 5
67 12 3
67 17 8
67 22 8
22 64 4
64 68 3
68 11 10
11 85 2
85 42 5
42 99 8
99 75 7
75 58 1
58 72 7
72 49 3
49 91 7
91 80 2
80 27 7
27 75 8
75 24 8
24 5 8
5 61 10
61 21 4
21 68 5
68 16 5
68 42 7
68 74 8
74 22 3
22 89 7
89 85 1
85 66 5
85 100 3
100 82 9
82 44 7
44 36 9
44 41 1
41 10 9
10 82 8
82 2 1
82 81 2
81 4 2
81 56 4
56 34 9
34 93 5
93 92 9
92 44 8
44 73 1
73 70 7
70 5 3
5 77 3
77 33 4
33 99 9
99 1 10
99 23 10
99 71 8
71 73 10
73 79 5
79 55 1
79 52 3
52 37 8
37 45 10
45 60 10
60 18 10
60 76 5
45 87 1
87 65 1
79 67 8
67 96 6
96 44 3
44 75 9
75 71 4
75 97 4
97 27 10
97 53 7
96 46 6
79 69 6
69 56 3
77 40 8
70 14 8
14 94 2
94 3 2
3 43 7
94 41 8
14 92 9
92 90 8
90 20 5
70 38 3
38 29 9
93 84 8
84 86 10
86 95 2
81 30 8
81 50 4
61 9 3
9 6 7
13 83 8
83 88 9

REQUESTS

BLOCKAGES
93 72
65 6
42 99
77 40
72 49
64 68
70 31
57 13
62 55
33 3
80 2
99 75
71 65
14 94
75 31
53 70
81 30
27 75
20 71
76 23
84 30
2 73
80 27
35 84
18 4
23 96
10 2
5 61
87 19
73 70
10 82
22 64
80 17
70 5
16 30
79 69
79 67
77 70
19 59
81 4
33 99
21 35
85 100
92 44
3 43
97 27
39 11
99 1
57 12
93 84
45 87
6 93
23 39
55 27
60 18
98 97
96 46
19 18
97 55
96 44
67 22
78 100
93 36

TERMINALS
5
9
11
16
17
18
19
20
21
23
25
27
33
34
36
38
40
43
44
46
49
50
51
52
54
55
57
58
59
60
61
62
66
67
69
70
79
81
82
83
84
85
88
89
91
93
94
95
97
100

R
1 2 5
1 3 4
1 4 3
1 5 1
1 6 5
1 7 3
1 8 1
1 9 4
1 10 3
1 11 3
1 12 3
1 13 4
1 14 4
1 15 4
1 16 1
1 17 3
1 18 3
1 19 2
1 20 5
1 21 3
1 22 4
1 23 1
1 24 1
1 25 5
1 26 1
1 27 2
1 28 2
1 29 3
1 30 1
1 31 3
1 32 1
1 33 1
1 34 3
1 35 1
1 36 1
1 37 3
1 38 3
1 39 2
1 40 1
1 41 2
1 42 1
1 43 5
1 44 2
1 45 1
1 46 3
1 47 2
1 48 5
1 49 3
1 50 4
1 51 4
1 52 2
1 53 4
1 54 4
1 55 3
1 56 1
1 57 2
1 58 4
1 59 2
1 60 4
1 61 2
1 62 1
1 63 2
1 64 2
1 65 4
1 66 2
1 67 2
1 68 3
1 69 1
1 70 5
1 71 5
1 72 4
1 73 5
1 74 4
1 75 1
1 76 2
1 77 3
1 78 4
1 79 1
1 80 5
1 81 4
1 82 4
1 83 2
1 84 3
1 85 3
1 86 1
1 87 5
1 88 4
1 89 1
1 90 1
1 91 4
1 92 2
1 93 4
1 94 5
1 95 5
1 96 4
1 97 3
1 98 2
1 99 1
1 100 3
2 1 3
2 3 2
2 4 2
2 5 5
2 6 5
2 7 4
2 8 1
2 9 2
2 10 2
2 11 2
2 12 4
2 13 1
2 14 2
2 15 2
2 16 5
2 17 4
2 18 2
2 19 4
2 20 4
2 21 4
2 22 1
2 23 3
2 24 3
2 25 4
2 26 4
2 27 2
2 28 4
2 29 2
2 30 5
2 31 1
2 32 1
2 33 3
2 34 2
2 35 4
2 36 4
2 37 3
2 38 2
2 39 1
2 40 5
2 41 4
2 42 2
2 43 3
2 44 1
2 45 4
2 46 1
2 47 5
2 48 4
2 49 2
2 50 3
2 51 3
2 52 2
2 53 5
2 54 2
2 55 4
2 56 1
2 57 2
2 58 1
2 59 4
2 60 5
2 61 2
2 62 5
2 63 1
2 64 4
2 65 1
2 66 4
2 67 4
2 68 4
2 69 3
2 70 5
2 71 5
2 72 1
2 73 3
2 74 4
2 75 1
2 76 3
2 77 4
2 78 2
2 79 4
2 80 2
2 81 4
2 82 3
2 83 3
2 84 3
2 85 4
2 86 2
2 87 3
2 88 2
2 89 4
2 90 4
2 91 2
2 92 5
2 93 3
2 94 2
2 95 1
2 96 5
2 97 2
2 98 4
2 99 5
2 100 4
3 1 5
3 2 4
3 4 1
3 5 5
3 6 4
3 7 3
3 8 2
3 9 2
3 10 4
3 11 5
3 12 5
3 13 4
3 14 2
3 15 3
3 16 4
3 17 2
3 18 1
3 19 1
3 20 1
3 21 1
3 22 1
3 23 2
3 24 5
3 25 3
3 26 5
3 27 2
3 28 5
3 29 1
3 30 3
3 31 4
3 32 2
3 33 4
3 34 5
3 35 2
3 36 3
3 37 3
3 38 2
3 39 5
3 40 2
3 41 5
3 42 1
3 43 3
3 44 4
3 45 5
3 46 2
3 47 2
3 48 3
3 49 2
3 50 4
3 51 3
3 52 4
3 53 5
3 54 1
3 55 4
3 56 4
3 57 5
3 58 2
3 59 3
3 60 3
3 61 4
3 62 4
3 63 1
3 64 3
3 65 3
3 66 2
3 67 5
3 68 2
3 69 3
3 70 1
3 71 5
3 72 5
3 73 4
3 74 3
3 75 3
3 76 5
3 77 4
3 78 1
3 79 4
3 80 3
3 81 4
3 82 2
3 83 1
3 84 5
3 85 4
3 86 1
3 87 4
3 88 4
3 89 3
3 90 3
3 91 3
3 92 3
3 93 1
3 94 3
3 95 2
3 96 5
3 97 1
3 98 4
3 99 4
3 100 1
4 1 1
4 2 5
4 3 5
4 5 1
4 6 2
4 7 4
4 8 5
4 9 3
4 10 4
4 11 4
4 12 2
4 13 4
4 14 2
4 15 2
4 16 4
4 17 5
4 18 5
4 19 4
4 20 5
4 21 4
4 22 3
4 23 4
4 24 1
4 25 1
4 26 1
4 27 5
4 28 5
4 29 4
4 30 3
4 31 5
4 32 4
4 33 3
4 34 5
4 35 5
4 36 1
4 37 3
4 38 3
4 39 5
4 40 5
4 41 1
4 42 5
4 43 1
4 44 1
4 45 1
4 46 5
4 47 4
4 48 3
4 49 1
4 50 4
4 51 4
4 52 4
4 53 2
4 54 3
4 55 1
4 56 2
4 57 5
4 58 5
4 59 3
4 60 3
4 61 4
4 62 5
4 63 3
4 64 4
4 65 4
4 66 2
4 67 4
4 68 1
4 69 4
4 70 3
4 71 3
4 72 1
4 73 3
4 74 5
4 75 2
4 76 5
4 77 1
4 78 2
4 79 2
4 80 1
4 81 1
4 82 3
4 83 4
4 84 4
4 85 5
4 86 5
4 87 5
4 88 4
4 89 1
4 90 4
4 91 4
4 92 5
4 93 3
4 94 1
4 95 3
4 96 3
4 97 3
4 98 1
4 99 1
4 100 1
5 1 5
5 2 3
5 3 4
5 4 4
5 6 4
5 7 5
5 8 4
5 9 2
5 10 1
5 11 2
5 12 2
5 13 3
5 14 4
5 15 3
5 16 1
5 17 3
5 18 4
5 19 2
5 20 4
5 21 4
5 22 1
5 23 4
5 24 5
5 25 5
5 26 4
5 27 4
5 28 3
5 29 3
5 30 1
5 31 3
5 32 1
5 33 1
5 34 2
5 35 4
5 36 4
5 37 2
5 38 5
5 39 4
5 40 3
5 41 2
5 42 1
5 43 5
5 44 5
5 45 4
5 46 4
5 47 2
5 48 4
5 49 2
5 50 1
5 51 4
5 52 2
5 53 3
5 54 2
5 55 4
5 56 2
5 57 2
5 58 2
5 59 1
5 60 5
5 61 3
5 62 3
5 63 5
5 64 3
5 65 1
5 66 5
5 67 3
5 68 3
5 69 4
5 70 2
5 71 5
5 72 2
5 73 2
5 74 1
5 75 1
5 76 2
5 77 1
5 78 5
5 79 5
5 80 4
5 81 5
5 82 5
5 83 1
5 84 2
5 85 1
5 86 1
5 87 5
5 88 3
5 89 2
5 90 1
5 91 2
5 92 4
5 93 5
5 94 3
5 95 3
5 96 1
5 97 4
5 98 3
5 99 5
5 100 2
6 1 4
6 2 1
6 3 3
6 4 2
6 5 4
6 7 1
6 8 5
6 9 4
6 10 2
6 11 2
6 12 3
6 13 1
6 14 1
6 15 5
6 16 4
6 17 2
6 18 5
6 19 3
6 20 1
6 21 3
6 22 5
6 23 4
6 24 4
6 25 5
6 26 3
6 27 1
6 28 2
6 29 1
6 30 5
6 31 3
6 32 2
6 33 3
6 34 3
6 35 1
6 36 1
6 37 1
6 38 3
6 39 3
6 40 2
6 41 4
6 42 4
6 43 1
6 44 1
6 45 1
6 46 5
6 47 1
6 48 4
6 49 1
6 50 4
6 51 4
6 52 3
6 53 5
6 54 2
6 55 1
6 56 4
6 57 1
6 58 4
6 59 2
6 60 1
6 61 3
6 62 4
6 63 4
6 64 3
6 65 4
6 66 5
6 67 5
6 68 1
6 69 4
6 70 2
6 71 2
6 72 3
6 73 2
6 74 2
6 75 5
6 76 3
6 77 3
6 78 1
6 79 1
6 80 5
6 81 1
6 82 2
6 83 3
6 84 5
6 85 5
6 86 5
6 87 1
6 88 1
6 89 3
6 90 2
6 91 1
6 92 3
6 93 3
6 94 5
6 95 2
6 96 1
6 97 1
6 98 1
6 99 1
6 100 4
7 1 5
7 2 5
7 3 3
7 4 1
7 5 1
7 6 5
7 8 5
7 9 1
7 10 5
7 11 1
7 12 5
7 13 2
7 14 2
7 15 4
7 16 1
7 17 3
7 18 4
7 19 3
7 20 3
7 21 3
7 22 2
7 23 4
7 24 2
7 25 4
7 26 5
7 27 3
7 28 4
7 29 5
7 30 1
7 31 1
7 32 5
7 33 5
7 34 5
7 35 5
7 36 2
7 37 3
7 38 4
7 39 2
7 40 3
7 41 5
7 42 4
7 43 4
7 44 1
7 45 2
7 46 5
7 47 3
7 48 4
7 49 5
7 50 1
7 51 2
7 52 2
7 53 2
7 54 2
7 55 1
7 56 2
7 57 1
7 58 5
7 59 5
7 60 2
7 61 5
7 62 5
7 63 3
7 64 1
7 65 5
7 66 2
7 67 3
7 68 2
7 69 2
7 70 4
7 71 1
7 72 1
7 73 4
7 74 1
7 75 3
7 76 5
7 77 5
7 78 1
7 79 3
7 80 4
7 81 3
7 82 1
7 83 3
7 84 1
7 85 2
7 86 3
7 87 2
7 88 4
7 89 2
7 90 1
7 91 2
7 92 4
7 93 2
7 94 2
7 95 4
7 96 3
7 97 3
7 98 1
7 99 1
7 100 2
8 1 1
8 2 1
8 3 2
8 4 4
8 5 2
8 6 2
8 7 5
8 9 1
8 10 2
8 11 3
8 12 5
8 13 4
8 14 5
8 15 4
8 16 4
8 17 2
8 18 1
8 19 2
8 20 2
8 21 4
8 22 2
8 23 1
8 24 2
8 25 5
8 26 2
8 27 1
8 28 3
8 29 1
8 30 1
8 31 3
8 32 2
8 33 4
8 34 1
8 35 1
8 36 2
8 37 4
8 38 2
8 39 2
8 40 1
8 41 5
8 42 1
8 43 2
8 44 5
8 45 5
8 46 5
8 47 5
8 48 3
8 49 5
8 50 1
8 51 2
8 52 4
8 53 4
8 54 2
8 55 2
8 56 3
8 57 3
8 58 2
8 59 2
8 60 5
8 61 5
8 62 2
8 63 2
8 64 3
8 65 2
8 66 4
8 67 1
8 68 2
8 69 5
8 70 4
8 71 2
8 72 1
8 73 1
8 74 4
8 75 5
8 76 3
8 77 3
8 78 4
8 79 2
8 80 5
8 81 4
8 82 3
8 83 5
8 84 2
8 85 1
8 86 1
8 87 1
8 88 5
8 89 5
8 90 3
8 91 5
8 92 4
8 93 4
8 94 3
8 95 3
8 96 2
8 97 1
8 98 5
8 99 3
8 100 2
9 1 1
9 2 1
9 3 2
9 4 1
9 5 4
9 6 1
9 7 3
9 8 2
9 10 4
9 11 5
9 12 1
9 13 4
9 14 4
9 15 2
9 16 2
9 17 5
9 18 2
9 19 2
9 20 4
9 21 1
9 22 4
9 23 5
9 24 1
9 25 4
9 26 2
9 27 3
9 28 2
9 29 2
9 30 5
9 31 4
9 32 3
9 33 5
9 34 5
9 35 4
9 36 5
9 37 5
9 38 1
9 39 5
9 40 3
9 41 1
9 42 1
9 43 5
9 44 4
9 45 4
9 46 1
9 47 5
9 48 5
9 49 3
9 50 2
9 51 4
9 52 5
9 53 2
9 54 3
9 55 1
9 56 3
9 57 2
9 58 3
9 59 4
9 60 3
9 61 4
9 62 5
9 63 3
9 64 3
9 65 1
9 66 1
9 67 5
9 68 5
9 69 2
9 70 4
9 71 3
9 72 2
9 73 4
9 74 2
9 75 3
9 76 4
9 77 5
9 78 2
9 79 4
9 80 2
9 81 5
9 82 4
9 83 1
9 84 4
9 85 3
9 86 1
9 87 1
9 88 4
9 89 1
9 90 4
9 91 2
9 92 4
9 93 3
9 94 4
9 95 4
9 96 3
9 97 1
9 98 3
9 99 5
9 100 4
10 1 1
10 2 2
10 3 3
10 4 1
10 5 5
10 6 5
10 7 1
10 8 4
10 9 3
10 11 4
10 12 2
10 13 5
10 14 4
10 15 5
10 16 3
10 17 2
10 18 2
10 19 3
10 20 5
10 21 2
10 22 3
10 23 3
10 24 3
10 25 1
10 26 1
10 27 1
10 28 5
10 29 4
10 30 3
10 31 4
10 32 2
10 33 5
10 34 2
10 35 1
10 36 2
10 37 2
10 38 2
10 39 2
10 40 2
10 41 5
10 42 3
10 43 1
10 44 1
10 45 1
10 46 5
10 47 3
10 48 2
10 49 1
10 50 2
10 51 2
10 52 5
10 53 4
10 54 1
10 55 2
10 56 1
10 57 4
10 58 4
10 59 3
10 60 2
10 61 3
10 62 1
10 63 5
10 64 4
10 65 3
10 66 1
10 67 5
10 68 1
10 69 2
10 70 1
10 71 4
10 72 3
10 73 3
10 74 4
10 75 3
10 76 1
10 77 3
10 78 2
10 79 2
10 80 1
10 81 3
10 82 5
10 83 5
10 84 4
10 85 1
10 86 3
10 87 4
10 88 4
10 89 1
10 90 3
10 91 2
10 92 5
10 93 4
10 94 1
10 95 3
10 96 3
10 97 3
10 98 2
10 99 5
10 100 2
11 1 4
11 2 5
11 3 4
11 4 4
11 5 4
11 6 4
11 7 4
11 8 3
11 9 5
11 10 2
11 12 5
11 13 5
11 14 2
11 15 4
11 16 3
11 17 4
11 18 3
11 19 3
11 20 4
11 21 5
11 22 1
11 23 5
11 24 4
11 25 1
11 26 2
11 27 1
11 28 5
11 29 5
11 30 4
11 31 1
11 32 3
11 33 5
11 34 5
11 35 3
11 36 3
11 37 5
11 38 1
11 39 3
11 40 5
11 41 3
11 42 1
11 43 4
11 44 4
11 45 2
11 46 5
11 47 3
11 48 2
11 49 2
11 50 2
11 51 5
11 52 2
11 53 4
11 54 4
11 55 5
11 56 4
11 57 3
11 58 3
11 59 5
11 60 2
11 61 1
11 62 5
11 63 1
11 64 2
11 65 5
11 66 3
11 67 1
11 68 4
11 69 1
11 70 3
11 71 3
11 72 3
11 73 4
11 74 4
11 75 3
11 76 2
11 77 3
11 78 5
11 79 4
11 80 4
11 81 1
11 82 5
11 83 5
11 84 5
11 85 4
11 86 2
11 87 5
11 88 1
11 89 4
11 90 2
11 91 4
11 92 1
11 93 1
11 94 4
11 95 3
11 96 5
11 97 3
11 98 3
11 99 1
11 100 3
12 1 3
12 2 5
12 3 2
12 4 3
12 5 3
12 6 4
12 7 1
12 8 5
12 9 3
12 10 1
12 11 1
12 13 1
12 14 1
12 15 5
12 16 2
12 17 1
12 18 1
12 19 3
12 20 1
12 21 1
12 22 4
12 23 1
12 24 2
12 25 5
12 26 1
12 27 1
12 28 1
12 29 3
12 30 5
12 31 3
12 32 3
12 33 2
12 34 3
12 35 4
12 36 1
12 37 2
12 38 3
12 39 2
12 40 4
12 41 2
12 42 2
12 43 4
12 44 4
12 45 4
12 46 3
12 47 5
12 48 4
12 49 1
12 50 3
12 51 1
12 52 1
12 53 1
12 54 1
12 55 4
12 56 2
12 57 3
12 58 4
12 59 5
12 60 3
12 61 4
12 62 2
12 63 5
12 64 2
12 65 1
12 66 3
12 67 3
12 68 3
12 69 2
12 70 1
12 71 1
12 72 4
12 73 4
12 74 4
12 75 2
12 76 3
12 77 3
12 78 4
12 79 3
12 80 3
12 81 1
12 82 4
12 83 1
12 84 3
12 85 1
12 86 4
12 87 5
12 88 4
12 89 5
12 90 4
12 91 1
12 92 3
12 93 2
12 94 5
12 95 4
12 96 3
12 97 4
12 98 3
12 99 2
12 100 1
13 1 5
13 2 2
13 3 1
13 4 4
13 5 2
13 6 2
13 7 3
13 8 1
13 9 5
13 10 5
13 11 1
13 12 2
13 14 5
13 15 1
13 16 5
13 17 1
13 18 1
13 19 1
13 20 1
13 21 5
13 22 1
13 23 1
13 24 4
13 25 2
13 26 2
13 27 3
13 28 1
13 29 2
13 30 2
13 31 2
13 32 2
13 33 2
13 34 5
13 35 2
13 36 2
13 37 3
13 38 1
13 39 4
13 40 4
13 41 2
13 42 5
13 43 4
13 44 4
13 45 5
13 46 1
13 47 5
13 48 5
13 49 1
13 50 5
13 51 2
13 52 3
13 53 2
13 54 2
13 55 1
13 56 5
13 57 5
13 58 5
13 59 1
13 60 1
13 61 4
13 62 2
13 63 5
13 64 5
13 65 4
13 66 1
13 67 3
13 68 1
13 69 1
13 70 1
13 71 4
13 72 5
13 73 2
13 74 4
13 75 3
13 76 1
13 77 4
13 78 2
13 79 2
13 80 2
13 81 3
13 82 3
13 83 1
13 84 4
13 85 1
13 86 1
13 87 5
13 88 2
13 89 3
13 90 5
13 91 5
13 92 1
13 93 4
13 94 4
13 95 2
13 96 2
13 97 4
13 98 4
13 99 2
13 100 2
14 1 1
14 2 3
14 3 1
14 4 2
14 5 1
14 6 5
14 7 5
14 8 2
14 9 3
14 10 3
14 11 3
14 12 5
14 13 3
14 15 5
14 16 5
14 17 5
14 18 2
14 19 4
14 20 2
14 21 4
14 22 1
14 23 3
14 24 1
14 25 4
14 26 1
14 27 2
14 28 5
14 29 1
14 30 2
14 31 1
14 32 4
14 33 2
14 34 3
14 35 4
14 36 4
14 37 1
14 38 5
14 39 5
14 40 2
14 41 2
14 42 2
14 43 1
14 44 3
14 45 4
14 46 5
14 47 2
14 48 1
14 49 1
14 50 3
14 51 4
14 52 2
14 53 3
14 54 1
14 55 4
14 56 3
14 57 1
14 58 1
14 59 2
14 60 1
14 61 2
14 62 4
14 63 5
14 64 4
14 65 4
14 66 5
14 67 4
14 68 4
14 69 5
14 70 3
14 71 2
14 72 1
14 73 1
14 74 2
14 75 4
14 76 2
14 77 1
14 78 2
14 79 2
14 80 3
14 81 1
14 82 5
14 83 1
14 84 5
14 85 5
14 86 5
14 87 2
14 88 2
14 89 2
14 90 5
14 91 4
14 92 3
14 93 4
14 94 3
14 95 3
14 96 4
14 97 5
14 98 3
14 99 2
14 100 1
15 1 2
15 2 3
15 3 1
15 4 3
15 5 1
15 6 1
15 7 1
15 8 3
15 9 5
15 10 2
15 11 2
15 12 2
15 13 3
15 14 3
15 16 2
15 17 4
15 18 4
15 19 5
15 20 2
15 21 5
15 22 5
15 23 5
15 24 4
15 25 5
15 26 5
15 27 4
15 28 3
15 29 4
15 30 1
15 31 1
15 32 4
15 33 3
15 34 5
15 35 1
15 36 2
15 37 5
15 38 4
15 39 4
15 40 2
15 41 5
15 42 2
15 43 5
15 44 1
15 45 4
15 46 2
15 47 4
15 48 4
15 49 5
15 50 4
15 51 5
15 52 1
15 53 5
15 54 1
15 55 5
15 56 4
15 57 5
15 58 3
15 59 1
15 60 5
15 61 5
15 62 3
15 63 3
15 64 4
15 65 2
15 66 1
15 67 5
15 68 3
15 69 1
15 70 3
15 71 1
15 72 5
15 73 1
15 74 5
15 75 2
15 76 4
15 77 2
15 78 3
15 79 4
15 80 3
15 81 1
15 82 5
15 83 4
15 84 2
15 85 1
15 86 5
15 87 5
15 88 5
15 89 2
15 90 2
15 91 5
15 92 1
15 93 4
15 94 4
15 95 5
15 96 2
15 97 1
15 98 1
15 99 4
15 100 3
16 1 1
16 2 4
16 3 4
16 4 1
16 5 5
16 6 1
16 7 2
16 8 1
16 9 3
16 10 5
16 11 1
16 12 5
16 13 2
16 14 1
16 15 1
16 17 2
16 18 5
16 19 2
16 20 3
16 21 3
16 22 3
16 23 4
16 24 3
16 25 3
16 26 5
16 27 4
16 28 4
16 29 5
16 30 5
16 31 4
16 32 3
16 33 2
16 34 4
16 35 3
16 36 2
16 37 3
16 38 3
16 39 5
16 40 4
16 41 2
16 42 5
16 43 1
16 44 3
16 45 1
16 46 1
16 47 5
16 48 4
16 49 2
16 50 1
16 51 1
16 52 4
16 53 5
16 54 5
16 55 1
16 56 2
16 57 4
16 58 2
16 59 2
16 60 5
16 61 1
16 62 5
16 63 4
16 64 4
16 65 3
16 66 2
16 67 2
16 68 1
16 69 1
16 70 2
16 71 1
16 72 5
16 73 1
16 74 3
16 75 2
16 76 3
16 77 3
16 78 4
16 79 3
16 80 4
16 81 4
16 82 3
16 83 2
16 84 1
16 85 4
16 86 4
16 87 2
16 88 4
16 89 5
16 90 1
16 91 4
16 92 2
16 93 5
16 94 4
16 95 2
16 96 5
16 97 5
16 98 4
16 99 2
16 100 1
17 1 5
17 2 4
17 3 5
17 4 2
17 5 1
17 6 3
17 7 1
17 8 5
17 9 1
17 10 3
17 11 5
17 12 2
17 13 2
17 14 3
17 15 2
17 16 1
17 18 1
17 19 5
17 20 1
17 21 3
17 22 5
17 23 1
17 24 1
17 25 2
17 26 5
17 27 3
17 28 3
17 29 4
17 30 1
17 31 4
17 32 1
17 33 5
17 34 4
17 35 5
17 36 1
17 37 4
17 38 3
17 39 1
17 40 5
17 41 5
17 42 5
17 43 4
17 44 1
17 45 1
17 46 1
17 47 2
17 48 3
17 49 3
17 50 4
17 51 1
17 52 2
17 53 3
17 54 1
17 55 3
17 56 1
17 57 5
17 58 2
17 59 3
17 60 4
17 61 4
17 62 3
17 63 4
17 64 3
17 65 1
17 66 1
17 67 5
17 68 1
17 69 5
17 70 2
17 71 2
17 72 4
17 73 1
17 74 5
17 75 5
17 76 3
17 77 2
17 78 3
17 79 3
17 80 2
17 81 1
17 82 3
17 83 3
17 84 1
17 85 3
17 86 2
17 87 1
17 88 3
17 89 5
17 90 1
17 91 3
17 92 3
17 93 3
17 94 3
17 95 5
17 96 1
17 97 3
17 98 1
17 99 3
17 100 2
18 1 2
18 2 5
18 3 3
18 4 4
18 5 1
18 6 4
18 7 4
18 8 3
18 9 1
18 10 1
18 11 4
18 12 4
18 13 3
18 14 3
18 15 4
18 16 5
18 17 2
18 19 4
18 20 4
18 21 1
18 22 4
18 23 1
18 24 4
18 25 4
18 26 4
18 27 5
18 28 1
18 29 3
18 30 3
18 31 3
18 32 2
18 33 1
18 34 2
18 35 4
18 36 5
18 37 5
18 38 4
18 39 5
18 40 2
18 41 4
18 42 5
18 43 2
18 44 2
18 45 2
18 46 1
18 47 2
18 48 3
18 49 2
18 50 1
18 51 4
18 52 3
18 53 1
18 54 1
18 55 3
18 56 4
18 57 4
18 58 4
18 59 4
18 60 4
18 61 1
18 62 4
18 63 2
18 64 4
18 65 2
18 66 2
18 67 5
18 68 1
18 69 5
18 70 4
18 71 4
18 72 5
18 73 3
18 74 5
18 75 2
18 76 1
18 77 1
18 78 3
18 79 5
18 80 2
18 81 5
18 82 3
18 83 1
18 84 1
18 85 4
18 86 5
18 87 1
18 88 4
18 89 1
18 90 2
18 91 4
18 92 1
18 93 5
18 94 5
18 95 1
18 96 3
18 97 1
18 98 5
18 99 4
18 100 2
19 1 3
19 2 2
19 3 2
19 4 2
19 5 4
19 6 5
19 7 2
19 8 4
19 9 4
19 10 4
19 11 2
19 12 4
19 13 3
19 14 3
19 15 1
19 16 1
19 17 4
19 18 3
19 20 2
19 21 4
19 22 4
19 23 2
19 24 2
19 25 5
19 26 2
19 27 2
19 28 3
19 29 4
19 30 2
19 31 3
19 32 1
19 33 1
19 34 4
19 35 2
19 36 3
19 37 2
19 38 1
19 39 1
19 40 2
19 41 4
19 42 4
19 43 4
19 44 4
19 45 2
19 46 3
19 47 4
19 48 4
19 49 1
19 50 4
19 51 2
19 52 2
19 53 2
19 54 4
19 55 3
19 56 4
19 57 2
19 58 1
19 59 3
19 60 5
19 61 4
19 62 5
19 63 2
19 64 5
19 65 5
19 66 3
19 67 2
19 68 4
19 69 5
19 70 2
19 71 5
19 72 1
19 73 3
19 74 3
19 75 4
19 76 1
19 77 2
19 78 5
19 79 4
19 80 5
19 81 3
19 82 3
19 83 1
19 84 1
19 85 1
19 86 5
19 87 1
19 88 4
19 89 2
19 90 3
19 91 3
19 92 1
19 93 2
19 94 2
19 95 5
19 96 2
19 97 4
19 98 3
19 99 5
19 100 1
20 1 1
20 2 1
20 3 1
20 4 3
20 5 4
20 6 1
20 7 5
20 8 2
20 9 5
20 10 4
20 11 1
20 12 4
20 13 1
20 14 3
20 15 2
20 16 3
20 17 4
20 18 2
20 19 1
20 21 1
20 22 5
20 23 5
20 24 1
20 25 1
20 26 1
20 27 2
20 28 4
20 29 2
20 30 1
20 31 5
20 32 4
20 33 1
20 34 1
20 35 4
20 36 1
20 37 1
20 38 1
20 39 5
20 40 2
20 41 1
20 42 5
20 43 5
20 44 1
20 45 2
20 46 4
20 47 2
20 48 4
20 49 3
20 50 4
20 51 1
20 52 3
20 53 3
20 54 3
20 55 5
20 56 5
20 57 3
20 58 3
20 59 4
20 60 1
20 61 3
20 62 3
20 63 4
20 64 5
20 65 5
20 66 4
20 67 5
20 68 5
20 69 5
20 70 2
20 71 2
20 72 2
20 73 1
20 74 3
20 75 2
20 76 3
20 77 1
20 78 1
20 79 3
20 80 3
20 81 4
20 82 4
20 83 2
20 84 3
20 85 1
20 86 3
20 87 2
20 88 5
20 89 2
20 90 2
20 91 3
20 92 4
20 93 2
20 94 1
20 95 4
20 96 1
20 97 2
20 98 5
20 99 1
20 100 3
21 1 1
21 2 4
21 3 4
21 4 2
21 5 3
21 6 2
21 7 1
21 8 3
21 9 2
21 10 3
21 11 3
21 12 2
21 13 3
21 14 1
21 15 4
21 16 5
21 17 4
21 18 3
21 19 2
21 20 2
21 22 4
21 23 4
21 24 1
21 25 2
21 26 1
21 27 1
21 28 3
21 29 2
21 30 2
21 31 5
21 32 4
21 33 5
21 34 3
21 35 4
21 36 3
21 37 5
21 38 3
21 39 3
21 40 4
21 41 1
21 42 5
21 43 1
21 44 3
21 45 5
21 46 2
21 47 3
21 48 4
21 49 2
21 50 2
21 51 5
21 52 5
21 53 1
21 54 3
21 55 2
21 56 4
21 57 1
21 58 4
21 59 1
21 60 4
21 61 1
21 62 5
21 63 5
21 64 5
21 65 4
21 66 3
21 67 2
21 68 5
21 69 5
21 70 1
21 71 4
21 72 1
21 73 2
21 74 1
21 75 5
21 76 1
21 77 4
21 78 4
21 79 2
21 80 2
21 81 1
21 82 1
21 83 2
21 84 3
21 85 1
21 86 3
21 87 1
21 88 3
21 89 2
21 90 2
21 91 1
21 92 4
21 93 3
21 94 5
21 95 3
21 96 2
21 97 3
21 98 1
21 99 1
21 100 4
22 1 3
22 2 4
22 3 1
22 4 4
22 5 5
22 6 2
22 7 2
22 8 3
22 9 1
22 10 3
22 11 5
22 12 1
22 13 5
22 14 3
22 15 3
22 16 5
22 17 5
22 18 5
22 19 2
22 20 1
22 21 1
22 23 5
22 24 4
22 25 4
22 26 4
22 27 3
22 28 2
22 29 3
22 30 5
22 31 2
22 32 4
22 33 2
22 34 3
22 35 4
22 36 3
22 37 4
22 38 3
22 39 4
22 40 3
22 41 3
22 42 1
22 43 2
22 44 5
22 45 2
22 46 4
22 47 4
22 48 2
22 49 1
22 50 3
22 51 5
22 52 3
22 53 1
22 54 1
22 55 2
22 56 1
22 57 5
22 58 1
22 59 2
22 60 2
22 61 3
22 62 5
22 63 2
22 64 1
22 65 2
22 66 1
22 67 3
22 68 2
22 69 5
22 70 3
22 71 5
22 72 2
22 73 5
22 74 3
22 75 1
22 76 2
22 77 4
22 78 4
22 79 5
22 80 4
22 81 3
22 82 1
22 83 1
22 84 3
22 85 2
22 86 4
22 87 3
22 88 1
22 89 2
22 90 1
22 91 4
22 92 4
22 93 1
22 94 1
22 95 1
22 96 4
22 97 3
22 98 4
22 99 1
22 100 2
23 1 3
23 2 5
23 3 5
23 4 3
23 5 2
23 6 2
23 7 1
23 8 5
23 9 5
23 10 5
23 11 3
23 12 4
23 13 2
23 14 1
23 15 2
23 16 3
23 17 4
23 18 1
23 19 5
23 20 5
23 21 2
23 22 1
23 24 5
23 25 4
23 26 1
23 27 1
23 28 2
23 29 5
23 30 1
23 31 2
23 32 3
23 33 3
23 34 3
23 35 2
23 36 2
23 37 2
23 38 3
23 39 4
23 40 1
23 41 4
23 42 3
23 43 1
23 44 2
23 45 2
23 46 1
23 47 5
23 48 4
23 49 1
23 50 1
23 51 1
23 52 3
23 53 4
23 54 1
23 55 4
23 56 2
23 57 3
23 58 4
23 59 3
23 60 2
23 61 1
23 62 2
23 63 1
23 64 4
23 65 1
23 66 2
23 67 2
23 68 2
23 69 1
23 70 1
23 71 3
23 72 1
23 73 5
23 74 5
23 75 2
23 76 1
23 77 2
23 78 4
23 79 2
23 80 2
23 81 4
23 82 2
23 83 1
23 84 4
23 85 2
23 86 5
23 87 5
23 88 4
23 89 5
23 90 4
23 91 2
23 92 1
23 93 5
23 94 2
23 95 1
23 96 3
23 97 5
23 98 4
23 99 4
23 100 5
24 1 4
24 2 3
24 3 2
24 4 1
24 5 2
24 6 5
24 7 3
24 8 3
24 9 3
24 10 1
24 11 2
24 12 3
24 13 2
24 14 2
24 15 1
24 16 5
24 17 3
24 18 5
24 19 5
24 20 3
24 21 4
24 22 1
24 23 5
24 25 5
24 26 4
24 27 5
24 28 2
24 29 3
24 30 3
24 31 3
24 32 4
24 33 4
24 34 5
24 35 5
24 36 1
24 37 2
24 38 5
24 39 3
24 40 1
24 41 4
24 42 1
24 43 2
24 44 2
24 45 2
24 46 1
24 47 2
24 48 4
24 49 5
24 50 4
24 51 3
24 52 4
24 53 2
24 54 1
24 55 3
24 56 3
24 57 4
24 58 4
24 59 5
24 60 4
24 61 4
24 62 4
24 63 4
24 64 2
24 65 3
24 66 1
24 67 4
24 68 4
24 69 2
24 70 3
24 71 2
24 72 5
24 73 3
24 74 3
24 75 3
24 76 5
24 77 5
24 78 5
24 79 5
24 80 5
24 81 3
24 82 2
24 83 5
24 84 1
24 85 4
24 86 3
24 87 3
24 88 5
24 89 1
24 90 4
24 91 5
24 92 4
24 93 2
24 94 3
24 95 2
24 96 5
24 97 5
24 98 5
24 99 5
24 100 1
25 1 3
25 2 1
25 3 3
25 4 5
25 5 1
25 6 5
25 7 1
25 8 2
25 9 1
25 10 5
25 11 3
25 12 3
25 13 4
25 14 3
25 15 5
25 16 4
25 17 5
25 18 3
25 19 3
25 20 2
25 21 3
25 22 2
25 23 1
25 24 2
25 26 2
25 27 4
25 28 1
25 29 1
25 30 4
25 31 2
25 32 2
25 33 3
25 34 5
25 35 1
25 36 4
25 37 5
25 38 5
25 39 2
25 40 1
25 41 1
25 42 3
25 43 4
25 44 5
25 45 1
25 46 1
25 47 5
25 48 5
25 49 2
25 50 4
25 51 4
25 52 3
25 53 3
25 54 1
25 55 5
25 56 4
25 57 4
25 58 4
25 59 1
25 60 4
25 61 4
25 62 3
25 63 2
25 64 1
25 65 2
25 66 2
25 67 4
25 68 1
25 69 2
25 70 5
25 71 3
25 72 4
25 73 3
25 74 3
25 75 5
25 76 5
25 77 3
25 78 1
25 79 1
25 80 1
25 81 4
25 82 2
25 83 4
25 84 4
25 85 4
25 86 3
25 87 2
25 88 2
25 89 1
25 90 3
25 91 5
25 92 4
25 93 2
25 94 2
25 95 1
25 96 3
25 97 5
25 98 2
25 99 5
25 100 3
26 1 3
26 2 2
26 3 3
26 4 2
26 5 2
26 6 3
26 7 4
26 8 4
26 9 3
26 10 4
26 11 5
26 12 4
26 13 5
26 14 5
26 15 2
26 16 5
26 17 2
26 18 5
26 19 1
26 20 5
26 21 2
26 22 1
26 23 5
26 24 3
26 25 4
26 27 3
26 28 2
26 29 5
26 30 4
26 31 1
26 32 3
26 33 1
26 34 5
26 35 5
26 36 3
26 37 1
26 38 4
26 39 3
26 40 1
26 41 2
26 42 1
26 43 2
26 44 2
26 45 3
26 46 3
26 47 5
26 48 2
26 49 2
26 50 4
26 51 5
26 52 1
26 53 3
26 54 5
26 55 2
26 56 2
26 57 5
26 58 4
26 59 1
26 60 1
26 61 2
26 62 1
26 63 3
26 64 5
26 65 2
26 66 5
26 67 4
26 68 4
26 69 3
26 70 1
26 71 2
26 72 1
26 73 3
26 74 5
26 75 4
26 76 5
26 77 3
26 78 5
26 79 4
26 80 4
26 81 4
26 82 3
26 83 1
26 84 3
26 85 4
26 86 2
26 87 1
26 88 5
26 89 1
26 90 1
26 91 5
26 92 4
26 93 4
26 94 5
26 95 3
26 96 5
26 97 1
26 98 3
26 99 1
26 100 3
27 1 3
27 2 2
27 3 1
27 4 1
27 5 3
27 6 1
27 7 2
27 8 5
27 9 1
27 10 2
27 11 5
27 12 1
27 13 4
27 14 5
27 15 3
27 16 4
27 17 4
27 18 5
27 19 5
27 20 4
27 21 1
27 22 5
27 23 4
27 24 1
27 25 1
27 26 4
27 28 2
27 29 1
27 30 1
27 31 2
27 32 5
27 33 1
27 34 5
27 35 2
27 36 1
27 37 3
27 38 3
27 39 4
27 40 4
27 41 3
27 42 1
27 43 4
27 44 3
27 45 1
27 46 5
27 47 2
27 48 5
27 49 3
27 50 3
27 51 1
27 52 3
27 53 5
27 54 5
27 55 2
27 56 5
27 57 2
27 58 2
27 59 2
27 60 2
27 61 2
27 62 3
27 63 4
27 64 4
27 65 5
27 66 5
27 67 4
27 68 4
27 69 2
27 70 5
27 71 2
27 72 1
27 73 5
27 74 2
27 75 5
27 76 2
27 77 2
27 78 3
27 79 3
27 80 4
27 81 1
27 82 4
27 83 2
27 84 5
27 85 5
27 86 5
27 87 5
27 88 2
27 89 1
27 90 1
27 91 5
27 92 4
27 93 5
27 94 3
27 95 3
27 96 4
27 97 5
27 98 3
27 99 2
27 100 3
28 1 2
28 2 1
28 3 4
28 4 3
28 5 2
28 6 3
28 7 5
28 8 5
28 9 1
28 10 4
28 11 4
28 12 3
28 13 2
28 14 2
28 15 2
28 16 4
28 17 1
28 18 1
28 19 5
28 20 1
28 21 3
28 22 1
28 23 4
28 24 3
28 25 1
28 26 3
28 27 1
28 29 5
28 30 1
28 31 5
28 32 2
28 33 2
28 34 5
28 35 2
28 36 5
28 37 3
28 38 2
28 39 1
28 40 3
28 41 2
28 42 4
28 43 1
28 44 4
28 45 3
28 46 4
28 47 2
28 48 1
28 49 4
28 50 3
28 51 2
28 52 1
28 53 5
28 54 2
28 55 1
28 56 2
28 57 2
28 58 4
28 59 5
28 60 3
28 61 4
28 62 1
28 63 2
28 64 2
28 65 5
28 66 3
28 67 3
28 68 4
28 69 4
28 70 3
28 71 1
28 72 2
28 73 4
28 74 3
28 75 2
28 76 1
28 77 1
28 78 4
28 79 3
28 80 1
28 81 1
28 82 4
28 83 1
28 84 2
28 85 2
28 86 4
28 87 1
28 88 1
28 89 4
28 90 2
28 91 5
28 92 4
28 93 2
28 94 1
28 95 5
28 96 1
28 97 4
28 98 3
28 99 4
28 100 4
29 1 2
29 2 2
29 3 1
29 4 5
29 5 4
29 6 2
29 7 2
29 8 2
29 9 2
29 10 1
29 11 2
29 12 4
29 13 1
29 14 5
29 15 1
29 16 3
29 17 3
29 18 3
29 19 5
29 20 1
29 21 4
29 22 4
29 23 4
29 24 5
29 25 5
29 26 5
29 27 2
29 28 5
29 30 2
29 31 2
29 32 3
29 33 1
29 34 3
29 35 5
29 36 2
29 37 4
29 38 4
29 39 4
29 40 5
29 41 5
29 42 1
29 43 1
29 44 4
29 45 2
29 46 2
29 47 1
29 48 4
29 49 4
29 50 3
29 51 5
29 52 1
29 53 1
29 54 3
29 55 1
29 56 5
29 57 4
29 58 1
29 59 3
29 60 3
29 61 4
29 62 4
29 63 3
29 64 4
29 65 4
29 66 2
29 67 1
29 68 4
29 69 5
29 70 1
29 71 3
29 72 2
29 73 1
29 74 5
29 75 5
29 76 2
29 77 2
29 78 5
29 79 2
29 80 2
29 81 2
29 82 3
29 83 5
29 84 4
29 85 1
29 86 5
29 87 5
29 88 4
29 89 2
29 90 2
29 91 4
29 92 1
29 93 2
29 94 1
29 95 1
29 96 2
29 97 4
29 98 3
29 99 5
29 100 1
30 1 3
30 2 2
30 3 2
30 4 1
30 5 4
30 6 3
30 7 4
30 8 2
30 9 2
30 10 3
30 11 3
30 12 5
30 13 5
30 14 2
30 15 3
30 16 2
30 17 2
30 18 4
30 19 3
30 20 5
30 21 5
30 22 1
30 23 5
30 24 3
30 25 3
30 26 3
30 27 5
30 28 1
30 29 5
30 31 4
30 32 3
30 33 5
30 34 3
30 35 4
30 36 2
30 37 1
30 38 1
30 39 5
30 40 2
30 41 4
30 42 4
30 43 1
30 44 5
30 45 1
30 46 3
30 47 4
30 48 2
30 49 1
30 50 2
30 51 4
30 52 2
30 53 3
30 54 1
30 55 2
30 56 1
30 57 3
30 58 1
30 59 2
30 60 1
30 61 2
30 62 5
30 63 3
30 64 1
30 65 4
30 66 2
30 67 4
30 68 1
30 69 4
30 70 1
30 71 4
30 72 5
30 73 4
30 74 5
30 75 4
30 76 4
30 77 4
30 78 5
30 79 3
30 80 1
30 81 3
30 82 1
30 83 2
30 84 1
30 85 2
30 86 5
30 87 3
30 88 1
30 89 2
30 90 4
30 91 1
30 92 4
30 93 5
30 94 4
30 95 4
30 96 4
30 97 2
30 98 3
30 99 4
30 100 5
31 1 3
31 2 5
31 3 1
31 4 3
31 5 4
31 6 2
31 7 4
31 8 4
31 9 1
31 10 1
31 11 4
31 12 3
31 13 3
31 14 2
31 15 3
31 16 1
31 17 4
31 18 2
31 19 2
31 20 5
31 21 5
31 22 2
31 23 3
31 24 5
31 25 2
31 26 4
31 27 5
31 28 3
31 29 3
31 30 5
31 32 5
31 33 2
31 34 4
31 35 5
31 36 4
31 37 4
31 38 1
31 39 4
31 40 2
31 41 1
31 42 4
31 43 2
31 44 1
31 45 4
31 46 4
31 47 5
31 48 4
31 49 2
31 50 2
31 51 2
31 52 3
31 53 3
31 54 1
31 55 1
31 56 4
31 57 2
31 58 4
31 59 3
31 60 5
31 61 1
31 62 5
31 63 1
31 64 4
31 65 3
31 66 5
31 67 2
31 68 2
31 69 1
31 70 1
31 71 3
31 72 3
31 73 1
31 74 2
31 75 5
31 76 1
31 77 5
31 78 5
31 79 5
31 80 3
31 81 3
31 82 3
31 83 5
31 84 5
31 85 3
31 86 2
31 87 4
31 88 2
31 89 2
31 90 3
31 91 3
31 92 4
31 93 2
31 94 3
31 95 2
31 96 5
31 97 2
31 98 1
31 99 3
31 100 4
32 1 3
32 2 2
32 3 4
32 4 3
32 5 3
32 6 3
32 7 4
32 8 4
32 9 4
32 10 5
32 11 1
32 12 1
32 13 4
32 14 3
32 15 3
32 16 2
32 17 1
32 18 1
32 19 5
32 20 3
32 21 5
32 22 2
32 23 3
32 24 2
32 25 4
32 26 5
32 27 3
32 28 2
32 29 5
32 30 5
32 31 3
32 33 2
32 34 1
32 35 3
32 36 1
32 37 1
32 38 5
32 39 1
32 40 4
32 41 1
32 42 2
32 43 2
32 44 3
32 45 1
32 46 1
32 47 5
32 48 4
32 49 1
32 50 2
32 51 3
32 52 5
32 53 2
32 54 1
32 55 3
32 56 3
32 57 4
32 58 2
32 59 2
32 60 2
32 61 3
32 62 1
32 63 1
32 64 4
32 65 3
32 66 3
32 67 1
32 68 3
32 69 5
32 70 2
32 71 4
32 72 5
32 73 3
32 74 5
32 75 2
32 76 3
32 77 5
32 78 2
32 79 1
32 80 2
32 81 3
32 82 5
32 83 4
32 84 4
32 85 5
32 86 1
32 87 3
32 88 5
32 89 4
32 90 4
32 91 4
32 92 3
32 93 1
32 94 4
32 95 3
32 96 1
32 97 2
32 98 3
32 99 3
32 100 1
33 1 4
33 2 3
33 3 5
33 4 2
33 5 2
33 6 3
33 7 1
33 8 3
33 9 1
33 10 4
33 11 2
33 12 1
33 13 5
33 14 5
33 15 1
33 16 5
33 17 2
33 18 4
33 19 1
33 20 2
33 21 4
33 22 4
33 23 4
33 24 5
33 25 3
33 26 1
33 27 5
33 28 1
33 29 3
33 30 4
33 31 1
33 32 4
33 34 4
33 35 2
33 36 2
33 37 5
33 38 4
33 39 2
33 40 5
33 41 5
33 42 2
33 43 3
33 44 5
33 45 2
33 46 2
33 47 5
33 48 3
33 49 5
33 50 5
33 51 3
33 52 1
33 53 4
33 54 4
33 55 4
33 56 5
33 57 1
33 58 1
33 59 1
33 60 3
33 61 5
33 62 1
33 63 3
33 64 3
33 65 4
33 66 1
33 67 4
33 68 1
33 69 4
33 70 3
33 71 5
33 72 5
33 73 4
33 74 2
33 75 1
33 76 2
33 77 5
33 78 3
33 79 4
33 80 4
33 81 4
33 82 2
33 83 4
33 84 4
33 85 2
33 86 4
33 87 3
33 88 4
33 89 1
33 90 5
33 91 1
33 92 5
33 93 1
33 94 5
33 95 5
33 96 4
33 97 5
33 98 5
33 99 4
33 100 3
34 1 2
34 2 5
34 3 5
34 4 3
34 5 3
34 6 2
34 7 4
34 8 2
34 9 4
34 10 5
34 11 2
34 12 3
34 13 3
34 14 2
34 15 3
34 16 4
34 17 2
34 18 1
34 19 2
34 20 2
34 21 2
34 22 2
34 23 4
34 24 2
34 25 1
34 26 3
34 27 3
34 28 5
34 29 2
34 30 3
34 31 4
34 32 1
34 33 3
34 35 5
34 36 3
34 37 5
34 38 2
34 39 3
34 40 4
34 41 2
34 42 4
34 43 5
34 44 1
34 45 1
34 46 2
34 47 4
34 48 4
34 49 3
34 50 1
34 51 2
34 52 2
34 53 2
34 54 5
34 55 5
34 56 1
34 57 5
34 58 2
34 59 3
34 60 1
34 61 5
34 62 5
34 63 2
34 64 5
34 65 4
34 66 3
34 67 4
34 68 4
34 69 4
34 70 4
34 71 4
34 72 3
34 73 2
34 74 3
34 75 3
34 76 3
34 77 1
34 78 1
34 79 3
34 80 1
34 81 3
34 82 5
34 83 2
34 84 5
34 85 1
34 86 1
34 87 5
34 88 3
34 89 4
34 90 4
34 91 3
34 92 5
34 93 3
34 94 1
34 95 2
34 96 2
34 97 4
34 98 5
34 99 2
34 100 4
35 1 5
35 2 5
35 3 1
35 4 2
35 5 4
35 6 1
35 7 1
35 8 5
35 9 3
35 10 5
35 11 5
35 12 1
35 13 1
35 14 1
35 15 2
35 16 2
35 17 3
35 18 1
35 19 4
35 20 3
35 21 4
35 22 3
35 23 2
35 24 3
35 25 1
35 26 3
35 27 1
35 28 1
35 29 5
35 30 2
35 31 4
35 32 4
35 33 1
35 34 2
35 36 2
35 37 2
35 38 4
35 39 4
35 40 1
35 41 1
35 42 4
35 43 2
35 44 1
35 45 1
35 46 2
35 47 2
35 48 2
35 49 1
35 50 4
35 51 2
35 52 3
35 53 4
35 54 5
35 55 4
35 56 2
35 57 5
35 58 4
35 59 2
35 60 5
35 61 3
35 62 1
35 63 5
35 64 3
35 65 3
35 66 3
35 67 5
35 68 4
35 69 1
35 70 3
35 71 1
35 72 2
35 73 3
35 74 2
35 75 4
35 76 4
35 77 5
35 78 3
35 79 2
35 80 5
35 81 3
35 82 4
35 83 4
35 84 2
35 85 3
35 86 5
35 87 5
35 88 4
35 89 3
35 90 3
35 91 5
35 92 2
35 93 3
35 94 4
35 95 4
35 96 1
35 97 2
35 98 3
35 99 1
35 100 4
36 1 3
36 2 2
36 3 2
36 4 2
36 5 3
36 6 3
36 7 5
36 8 3
36 9 5
36 10 4
36 11 4
36 12 4
36 13 2
36 14 3
36 15 2
36 16 1
36 17 2
36 18 1
36 19 1
36 20 1
36 21 4
36 22 5
36 23 2
36 24 3
36 25 5
36 26 5
36 27 5
36 28 3
36 29 5
36 30 1
36 31 2
36 32 4
36 33 4
36 34 3
36 35 5
36 37 1
36 38 2
36 39 2
36 40 5
36 41 3
36 42 5
36 43 4
36 44 2
36 45 3
36 46 1
36 47 3
36 48 5
36 49 4
36 50 1
36 51 5
36 52 4
36 53 4
36 54 4
36 55 2
36 56 3
36 57 3
36 58 3
36 59 3
36 60 1
36 61 2
36 62 5
36 63 4
36 64 5
36 65 3
36 66 3
36 67 2
36 68 5
36 69 5
36 70 5
36 71 5
36 72 2
36 73 4
36 74 3
36 75 3
36 76 3
36 77 5
36 78 3
36 79 2
36 80 3
36 81 3
36 82 1
36 83 3
36 84 3
36 85 1
36 86 1
36 87 5
36 88 5
36 89 3
36 90 4
36 91 2
36 92 2
36 93 5
36 94 5
36 95 3
36 96 4
36 97 3
36 98 4
36 99 4
36 100 4
37 1 3
37 2 3
37 3 5
37 4 3
37 5 2
37 6 5
37 7 5
37 8 1
37 9 2
37 10 3
37 11 5
37 12 1
37 13 5
37 14 4
37 15 3
37 16 2
37 17 4
37 18 4
37 19 2
37 20 3
37 21 5
37 22 5
37 23 4
37 24 1
37 25 5
37 26 2
37 27 5
37 28 4
37 29 2
37 30 3
37 31 2
37 32 5
37 33 2
37 34 3
37 35 4
37 36 5
37 38 4
37 39 1
37 40 5
37 41 2
37 42 3
37 43 1
37 44 2
37 45 5
37 46 1
37 47 1
37 48 1
37 49 1
37 50 2
37 51 4
37 52 3
37 53 1
37 54 4
37 55 2
37 56 3
37 57 3
37 58 5
37 59 2
37 60 3
37 61 1
37 62 1
37 63 1
37 64 2
37 65 4
37 66 5
37 67 1
37 68 3
37 69 4
37 70 3
37 71 4
37 72 5
37 73 2
37 74 4
37 75 2
37 76 1
37 77 4
37 78 4
37 79 4
37 80 1
37 81 5
37 82 2
37 83 4
37 84 2
37 85 5
37 86 2
37 87 5
37 88 4
37 89 3
37 90 1
37 91 3
37 92 3
37 93 4
37 94 3
37 95 2
37 96 2
37 97 3
37 98 4
37 99 5
37 100 1
38 1 1
38 2 3
38 3 2
38 4 2
38 5 4
38 6 3
38 7 5
38 8 2
38 9 4
38 10 3
38 11 5
38 12 3
38 13 4
38 14 3
38 15 5
38 16 1
38 17 1
38 18 4
38 19 4
38 20 3
38 21 1
38 22 2
38 23 2
38 24 4
38 25 1
38 26 3
38 27 1
38 28 5
38 29 1
38 30 5
38 31 5
38 32 3
38 33 4
38 34 4
38 35 2
38 36 2
38 37 3
38 39 1
38 40 1
38 41 1
38 42 3
38 43 5
38 44 4
38 45 3
38 46 4
38 47 3
38 48 3
38 49 4
38 50 3
38 51 2
38 52 1
38 53 3
38 54 5
38 55 2
38 56 2
38 57 5
38 58 2
38 59 2
38 60 2
38 61 4
38 62 3
38 63 3
38 64 2
38 65 1
38 66 1
38 67 3
38 68 5
38 69 4
38 70 5
38 71 5
38 72 4
38 73 2
38 74 4
38 75 2
38 76 4
38 77 2
38 78 1
38 79 4
38 80 2
38 81 3
38 82 5
38 83 2
38 84 3
38 85 1
38 86 5
38 87 4
38 88 2
38 89 1
38 90 2
38 91 3
38 92 5
38 93 1
38 94 1
38 95 3
38 96 1
38 97 1
38 98 2
38 99 5
38 100 4
39 1 1
39 2 1
39 3 5
39 4 2
39 5 4
39 6 3
39 7 2
39 8 2
39 9 4
39 10 5
39 11 3
39 12 3
39 13 1
39 14 1
39 15 2
39 16 3
39 17 1
39 18 5
39 19 5
39 20 3
39 21 3
39 22 4
39 23 4
39 24 3
39 25 4
39 26 3
39 27 1
39 28 2
39 29 4
39 30 2
39 31 2
39 32 4
39 33 3
39 34 1
39 35 2
39 36 3
39 37 4
39 38 1
39 40 5
39 41 4
39 42 2
39 43 4
39 44 3
39 45 3
39 46 2
39 47 5
39 48 2
39 49 4
39 50 1
39 51 1
39 52 1
39 53 1
39 54 5
39 55 2
39 56 3
39 57 5
39 58 4
39 59 5
39 60 1
39 61 3
39 62 2
39 63 5
39 64 3
39 65 4
39 66 5
39 67 5
39 68 3
39 69 5
39 70 5
39 71 4
39 72 5
39 73 1
39 74 3
39 75 5
39 76 5
39 77 4
39 78 1
39 79 2
39 80 2
39 81 1
39 82 4
39 83 4
39 84 3
39 85 5
39 86 2
39 87 1
39 88 2
39 89 3
39 90 2
39 91 2
39 92 2
39 93 3
39 94 3
39 95 4
39 96 3
39 97 3
39 98 5
39 99 1
39 100 4
40 1 1
40 2 4
40 3 1
40 4 4
40 5 3
40 6 5
40 7 3
40 8 3
40 9 5
40 10 1
40 11 1
40 12 2
40 13 2
40 14 5
40 15 2
40 16 1
40 17 3
40 18 4
40 19 2
40 20 5
40 21 5
40 22 1
40 23 1
40 24 3
40 25 3
40 26 2
40 27 2
40 28 2
40 29 1
40 30 2
40 31 3
40 32 4
40 33 3
40 34 5
40 35 2
40 36 5
40 37 4
40 38 4
40 39 3
40 41 5
40 42 2
40 43 3
40 44 3
40 45 3
40 46 4
40 47 4
40 48 5
40 49 2
40 50 2
40 51 4
40 52 3
40 53 2
40 54 4
40 55 1
40 56 1
40 57 3
40 58 4
40 59 2
40 60 2
40 61 1
40 62 1
40 63 1
40 64 4
40 65 3
40 66 5
40 67 5
40 68 2
40 69 5
40 70 4
40 71 4
40 72 4
40 73 2
40 74 4
40 75 3
40 76 1
40 77 2
40 78 2
40 79 5
40 80 5
40 81 5
40 82 3
40 83 5
40 84 3
40 85 3
40 86 2
40 87 5
40 88 3
40 89 5
40 90 2
40 91 4
40 92 5
40 93 2
40 94 1
40 95 4
40 96 4
40 97 5
40 98 3
40 99 2
40 100 4
41 1 3
41 2 3
41 3 4
41 4 1
41 5 1
41 6 1
41 7 1
41 8 4
41 9 4
41 10 1
41 11 1
41 12 1
41 13 5
41 14 2
41 15 3
41 16 5
41 17 3
41 18 3
41 19 2
41 20 4
41 21 1
41 22 2
41 23 5
41 24 2
41 25 2
41 26 3
41 27 2
41 28 1
41 29 3
41 30 5
41 31 1
41 32 2
41 33 2
41 34 4
41 35 3
41 36 4
41 37 4
41 38 3
41 39 5
41 40 5
41 42 5
41 43 2
41 44 5
41 45 2
41 46 3
41 47 2
41 48 1
41 49 2
41 50 1
41 51 2
41 52 2
41 53 1
41 54 5
41 55 1
41 56 4
41 57 1
41 58 1
41 59 2
41 60 3
41 61 3
41 62 2
41 63 5
41 64 1
41 65 5
41 66 3
41 67 3
41 68 1
41 69 3
41 70 3
41 71 5
41 72 2
41 73 4
41 74 3
41 75 1
41 76 5
41 77 5
41 78 5
41 79 5
41 80 3
41 81 5
41 82 3
41 83 1
41 84 3
41 85 2
41 86 1
41 87 1
41 88 4
41 89 1
41 90 5
41 91 3
41 92 5
41 93 1
41 94 2
41 95 1
41 96 2
41 97 4
41 98 5
41 99 2
41 100 4
42 1 2
42 2 3
42 3 5
42 4 1
42 5 5
42 6 3
42 7 2
42 8 1
42 9 2
42 10 4
42 11 5
42 12 3
42 13 1
42 14 5
42 15 5
42 16 5
42 17 1
42 18 3
42 19 5
42 20 3
42 21 2
42 22 3
42 23 5
42 24 4
42 25 1
42 26 5
42 27 5
42 28 2
42 29 1
42 30 4
42 31 5
42 32 3
42 33 1
42 34 4
42 35 5
42 36 3
42 37 3
42 38 1
42 39 3
42 40 4
42 41 1
42 43 3
42 44 4
42 45 2
42 46 4
42 47 3
42 48 3
42 49 1
42 50 2
42 51 2
42 52 4
42 53 3
42 54 1
42 55 5
42 56 1
42 57 4
42 58 4
42 59 3
42 60 5
42 61 4
42 62 3
42 63 4
42 64 3
42 65 3
42 66 4
42 67 4
42 68 2
42 69 2
42 70 2
42 71 5
42 72 5
42 73 2
42 74 4
42 75 3
42 76 5
42 77 2
42 78 3
42 79 2
42 80 3
42 81 4
42 82 1
42 83 3
42 84 4
42 85 3
42 86 2
42 87 1
42 88 1
42 89 2
42 90 3
42 91 5
42 92 2
42 93 5
42 94 3
42 95 2
42 96 5
42 97 2
42 98 5
42 99 1
42 100 3
43 1 1
43 2 2
43 3 4
43 4 3
43 5 5
43 6 4
43 7 2
43 8 4
43 9 3
43 10 1
43 11 1
43 12 3
43 13 1
43 14 3
43 15 1
43 16 5
43 17 1
43 18 2
43 19 1
43 20 2
43 21 1
43 22 2
43 23 3
43 24 1
43 25 5
43 26 4
43 27 2
43 28 3
43 29 1
43 30 4
43 31 2
43 32 1
43 33 1
43 34 2
43 35 5
43 36 2
43 37 2
43 38 2
43 39 5
43 40 4
43 41 4
43 42 5
43 44 2
43 45 4
43 46 4
43 47 4
43 48 5
43 49 4
43 50 5
43 51 5
43 52 2
43 53 1
43 54 2
43 55 2
43 56 3
43 57 3
43 58 2
43 59 1
43 60 2
43 61 2
43 62 4
43 63 5
43 64 5
43 65 1
43 66 1
43 67 4
43 68 3
43 69 5
43 70 2
43 71 2
43 72 3
43 73 5
43 74 2
43 75 1
43 76 5
43 77 2
43 78 5
43 79 2
43 80 3
43 81 1
43 82 1
43 83 4
43 84 3
43 85 4
43 86 2
43 87 2
43 88 3
43 89 4
43 90 2
43 91 1
43 92 2
43 93 3
43 94 5
43 95 1
43 96 3
43 97 3
43 98 2
43 99 5
43 100 2
44 1 3
44 2 4
44 3 1
44 4 5
44 5 2
44 6 4
44 7 1
44 8 3
44 9 3
44 10 2
44 11 5
44 12 5
44 13 5
44 14 1
44 15 3
44 16 5
44 17 2
44 18 1
44 19 3
44 20 2
44 21 5
44 22 5
44 23 4
44 24 2
44 25 2
44 26 1
44 27 1
44 28 4
44 29 2
44 30 3
44 31 2
44 32 2
44 33 1
44 34 4
44 35 1
44 36 2
44 37 2
44 38 3
44 39 1
44 40 1
44 41 2
44 42 1
44 43 3
44 45 1
44 46 3
44 47 2
44 48 5
44 49 1
44 50 2
44 51 4
44 52 3
44 53 1
44 54 4
44 55 3
44 56 4
44 57 5
44 58 3
44 59 5
44 60 5
44 61 5
44 62 4
44 63 3
44 64 1
44 65 4
44 66 3
44 67 3
44 68 2
44 69 2
44 70 5
44 71 2
44 72 4
44 73 1
44 74 4
44 75 1
44 76 3
44 77 1
44 78 2
44 79 3
44 80 2
44 81 4
44 82 3
44 83 1
44 84 1
44 85 3
44 86 3
44 87 5
44 88 2
44 89 5
44 90 1
44 91 3
44 92 4
44 93 4
44 94 2
44 95 1
44 96 2
44 97 5
44 98 3
44 99 5
44 100 3
45 1 3
45 2 1
45 3 1
45 4 5
45 5 5
45 6 2
45 7 3
45 8 2
45 9 5
45 10 2
45 11 5
45 12 3
45 13 4
45 14 5
45 15 1
45 16 2
45 17 2
45 18 5
45 19 5
45 20 4
45 21 5
45 22 5
45 23 4
45 24 3
45 25 3
45 26 5
45 27 1
45 28 4
45 29 2
45 30 5
45 31 1
45 32 1
45 33 2
45 34 2
45 35 3
45 36 1
45 37 5
45 38 5
45 39 5
45 40 4
45 41 3
45 42 4
45 43 2
45 44 3
45 46 4
45 47 4
45 48 1
45 49 2
45 50 3
45 51 3
45 52 5
45 53 4
45 54 2
45 55 1
45 56 1
45 57 4
45 58 5
45 59 3
45 60 3
45 61 3
45 62 4
45 63 5
45 64 4
45 65 5
45 66 1
45 67 3
45 68 3
45 69 5
45 70 2
45 71 2
45 72 4
45 73 1
45 74 5
45 75 2
45 76 3
45 77 3
45 78 5
45 79 4
45 80 2
45 81 4
45 82 1
45 83 1
45 84 2
45 85 4
45 86 1
45 87 4
45 88 4
45 89 2
45 90 1
45 91 3
45 92 5
45 93 1
45 94 3
45 95 5
45 96 5
45 97 3
45 98 2
45 99 2
45 100 5
46 1 5
46 2 3
46 3 5
46 4 5
46 5 5
46 6 1
46 7 4
46 8 2
46 9 2
46 10 2
46 11 5
46 12 5
46 13 4
46 14 1
46 15 3
46 16 2
46 17 3
46 18 1
46 19 1
46 20 2
46 21 3
46 22 3
46 23 1
46 24 3
46 25 5
46 26 2
46 27 4
46 28 5
46 29 3
46 30 3
46 31 4
46 32 4
46 33 5
46 34 3
46 35 3
46 36 1
46 37 5
46 38 3
46 39 3
46 40 3
46 41 5
46 42 2
46 43 2
46 44 3
46 45 4
46 47 1
46 48 5
46 49 4
46 50 1
46 51 2
46 52 2
46 53 5
46 54 4
46 55 4
46 56 4
46 57 1
46 58 5
46 59 2
46 60 5
46 61 4
46 62 4
46 63 5
46 64 2
46 65 1
46 66 4
46 67 1
46 68 1
46 69 5
46 70 3
46 71 5
46 72 2
46 73 4
46 74 4
46 75 5
46 76 2
46 77 4
46 78 5
46 79 3
46 80 4
46 81 2
46 82 1
46 83 5
46 84 1
46 85 4
46 86 3
46 87 1
46 88 1
46 89 4
46 90 2
46 91 2
46 92 2
46 93 3
46 94 3
46 95 5
46 96 5
46 97 1
46 98 5
46 99 2
46 100 2
47 1 5
47 2 2
47 3 3
47 4 3
47 5 2
47 6 2
47 7 1
47 8 2
47 9 3
47 10 3
47 11 1
47 12 4
47 13 3
47 14 2
47 15 1
47 16 4
47 17 2
47 18 3
47 19 1
47 20 2
47 21 5
47 22 3
47 23 4
47 24 4
47 25 5
47 26 5
47 27 3
47 28 3
47 29 5
47 30 1
47 31 4
47 32 4
47 33 2
47 34 2
47 35 3
47 36 5
47 37 5
47 38 4
47 39 2
47 40 5
47 41 1
47 42 4
47 43 5
47 44 1
47 45 2
47 46 3
47 48 1
47 49 5
47 50 5
47 51 1
47 52 2
47 53 1
47 54 5
47 55 2
47 56 4
47 57 5
47 58 1
47 59 3
47 60 4
47 61 5
47 62 4
47 63 2
47 64 5
47 65 2
47 66 5
47 67 3
47 68 2
47 69 2
47 70 1
47 71 5
47 72 1
47 73 3
47 74 5
47 75 5
47 76 5
47 77 1
47 78 2
47 79 2
47 80 3
47 81 2
47 82 5
47 83 4
47 84 2
47 85 4
47 86 5
47 87 3
47 88 5
47 89 5
47 90 5
47 91 3
47 92 2
47 93 5
47 94 2
47 95 3
47 96 2
47 97 1
47 98 2
47 99 5
47 100 2
48 1 4
48 2 1
48 3 4
48 4 4
48 5 5
48 6 4
48 7 3
48 8 2
48 9 2
48 10 2
48 11 4
48 12 5
48 13 1
48 14 4
48 15 4
48 16 4
48 17 3
48 18 1
48 19 1
48 20 5
48 21 2
48 22 5
48 23 3
48 24 4
48 25 1
48 26 5
48 27 5
48 28 4
48 29 4
48 30 1
48 31 2
48 32 2
48 33 1
48 34 1
48 35 5
48 36 2
48 37 1
48 38 5
48 39 5
48 40 4
48 41 1
48 42 4
48 43 4
48 44 3
48 45 2
48 46 4
48 47 1
48 49 2
48 50 4
48 51 3
48 52 3
48 53 2
48 54 3
48 55 5
48 56 5
48 57 5
48 58 1
48 59 1
48 60 3
48 61 4
48 62 1
48 63 5
48 64 1
48 65 3
48 66 2
48 67 2
48 68 1
48 69 4
48 70 3
48 71 1
48 72 2
48 73 3
48 74 1
48 75 2
48 76 5
48 77 4
48 78 5
48 79 3
48 80 2
48 81 3
48 82 2
48 83 4
48 84 2
48 85 4
48 86 3
48 87 3
48 88 1
48 89 4
48 90 4
48 91 3
48 92 4
48 93 1
48 94 4
48 95 1
48 96 1
48 97 2
48 98 3
48 99 3
48 100 5
49 1 5
49 2 3
49 3 2
49 4 5
49 5 5
49 6 3
49 7 1
49 8 1
49 9 3
49 10 5
49 11 2
49 12 2
49 13 2
49 14 1
49 15 5
49 16 2
49 17 3
49 18 3
49 19 2
49 20 3
49 21 3
49 22 2
49 23 2
49 24 3
49 25 2
49 26 2
49 27 5
49 28 4
49 29 1
49 30 3
49 31 3
49 32 3
49 33 2
49 34 4
49 35 4
49 36 2
49 37 4
49 38 4
49 39 2
49 40 3
49 41 1
49 42 3
49 43 4
49 44 4
49 45 5
49 46 1
49 47 2
49 48 5
49 50 3
49 51 1
49 52 2
49 53 5
49 54 2
49 55 5
49 56 4
49 57 3
49 58 2
49 59 4
49 60 1
49 61 2
49 62 3
49 63 4
49 64 1
49 65 4
49 66 4
49 67 4
49 68 5
49 69 4
49 70 5
49 71 3
49 72 1
49 73 5
49 74 3
49 75 2
49 76 3
49 77 2
49 78 2
49 79 1
49 80 1
49 81 4
49 82 1
49 83 5
49 84 5
49 85 2
49 86 4
49 87 5
49 88 2
49 89 2
49 90 3
49 91 4
49 92 1
49 93 2
49 94 4
49 95 1
49 96 1
49 97 5
49 98 5
49 99 2
49 100 3
50 1 4
50 2 5
50 3 4
50 4 5
50 5 4
50 6 5
50 7 4
50 8 2
50 9 1
50 10 4
50 11 5
50 12 1
50 13 2
50 14 4
50 15 5
50 16 5
50 17 4
50 18 4
50 19 1
50 20 1
50 21 4
50 22 2
50 23 1
50 24 5
50 25 5
50 26 1
50 27 5
50 28 4
50 29 2
50 30 4
50 31 2
50 32 2
50 33 5
50 34 5
50 35 1
50 36 3
50 37 1
50 38 1
50 39 4
50 40 1
50 41 2
50 42 5
50 43 1
50 44 3
50 45 3
50 46 2
50 47 2
50 48 2
50 49 2
50 51 3
50 52 4
50 53 5
50 54 1
50 55 4
50 56 2
50 57 5
50 58 4
50 59 3
50 60 1
50 61 3
50 62 1
50 63 2
50 64 4
50 65 5
50 66 3
50 67 2
50 68 2
50 69 3
50 70 2
50 71 3
50 72 5
50 73 5
50 74 2
50 75 2
50 76 2
50 77 2
50 78 3
50 79 4
50 80 5
50 81 4
50 82 3
50 83 3
50 84 1
50 85 3
50 86 1
50 87 2
50 88 2
50 89 1
50 90 4
50 91 4
50 92 3
50 93 5
50 94 5
50 95 4
50 96 1
50 97 4
50 98 2
50 99 3
50 100 3
51 1 5
51 2 2
51 3 4
51 4 5
51 5 5
51 6 5
51 7 1
51 8 1
51 9 4
51 10 1
51 11 5
51 12 5
51 13 3
51 14 2
51 15 5
51 16 5
51 17 4
51 18 3
51 19 4
51 20 5
51 21 1
51 22 2
51 23 4
51 24 2
51 25 4
51 26 4
51 27 3
51 28 4
51 29 5
51 30 2
51 31 4
51 32 5
51 33 5
51 34 2
51 35 4
51 36 4
51 37 4
51 38 1
51 39 2
51 40 2
51 41 2
51 42 1
51 43 1
51 44 4
51 45 5
51 46 2
51 47 1
51 48 5
51 49 4
51 50 1
51 52 1
51 53 2
51 54 2
51 55 5
51 56 5
51 57 2
51 58 5
51 59 2
51 60 3
51 61 5
51 62 5
51 63 1
51 64 1
51 65 4
51 66 2
51 67 4
51 68 3
51 69 5
51 70 1
51 71 4
51 72 2
51 73 2
51 74 1
51 75 4
51 76 3
51 77 2
51 78 3
51 79 3
51 80 2
51 81 3
51 82 3
51 83 2
51 84 4
51 85 1
51 86 3
51 87 1
51 88 5
51 89 5
51 90 4
51 91 2
51 92 4
51 93 4
51 94 2
51 95 4
51 96 2
51 97 5
51 98 4
51 99 1
51 100 5
52 1 4
52 2 1
52 3 3
52 4 1
52 5 4
52 6 3
52 7 3
52 8 2
52 9 5
52 10 2
52 11 3
52 12 3
52 13 1
52 14 2
52 15 3
52 16 1
52 17 1
52 18 5
52 19 2
52 20 5
52 21 4
52 22 3
52 23 5
52 24 2
52 25 1
52 26 5
52 27 5
52 28 1
52 29 3
52 30 3
52 31 2
52 32 2
52 33 5
52 34 4
52 35 4
52 36 3
52 37 3
52 38 3
52 39 5
52 40 3
52 41 4
52 42 4
52 43 2
52 44 1
52 45 2
52 46 1
52 47 3
52 48 5
52 49 1
52 50 5
52 51 1
52 53 4
52 54 4
52 55 1
52 56 2
52 57 2
52 58 5
52 59 3
52 60 2
52 61 5
52 62 5
52 63 5
52 64 3
52 65 5
52 66 5
52 67 1
52 68 4
52 69 2
52 70 5
52 71 5
52 72 1
52 73 5
52 74 1
52 75 2
52 76 5
52 77 2
52 78 5
52 79 2
52 80 3
52 81 2
52 82 3
52 83 4
52 84 2
52 85 2
52 86 1
52 87 3
52 88 3
52 89 5
52 90 5
52 91 1
52 92 1
52 93 2
52 94 5
52 95 3
52 96 3
52 97 4
52 98 3
52 99 1
52 100 2
53 1 4
53 2 1
53 3 3
53 4 3
53 5 1
53 6 4
53 7 4
53 8 4
53 9 5
53 10 1
53 11 2
53 12 1
53 13 3
53 14 2
53 15 2
53 16 1
53 17 2
53 18 4
53 19 5
53 20 3
53 21 1
53 22 2
53 23 4
53 24 4
53 25 3
53 26 1
53 27 1
53 28 3
53 29 1
53 30 1
53 31 5
53 32 1
53 33 3
53 34 2
53 35 4
53 36 5
53 37 2
53 38 2
53 39 1
53 40 2
53 41 4
53 42 4
53 43 4
53 44 4
53 45 5
53 46 1
53 47 1
53 48 3
53 49 1
53 50 1
53 51 5
53 52 3
53 54 4
53 55 5
53 56 1
53 57 2
53 58 1
53 59 1
53 60 1
53 61 3
53 62 4
53 63 5
53 64 3
53 65 3
53 66 1
53 67 3
53 68 5
53 69 5
53 70 5
53 71 5
53 72 3
53 73 5
53 74 3
53 75 1
53 76 3
53 77 4
53 78 1
53 79 1
53 80 1
53 81 4
53 82 3
53 83 2
53 84 1
53 85 1
53 86 2
53 87 4
53 88 4
53 89 4
53 90 4
53 91 5
53 92 1
53 93 4
53 94 4
53 95 5
53 96 2
53 97 2
53 98 3
53 99 1
53 100 1
54 1 4
54 2 5
54 3 5
54 4 3
54 5 4
54 6 5
54 7 3
54 8 4
54 9 3
54 10 5
54 11 1
54 12 1
54 13 2
54 14 2
54 15 3
54 16 2
54 17 5
54 18 1
54 19 1
54 20 3
54 21 2
54 22 2
54 23 5
54 24 5
54 25 5
54 26 5
54 27 3
54 28 3
54 29 2
54 30 3
54 31 5
54 32 2
54 33 4
54 34 4
54 35 1
54 36 4
54 37 4
54 38 3
54 39 2
54 40 3
54 41 4
54 42 4
54 43 5
54 44 5
54 45 3
54 46 2
54 47 2
54 48 2
54 49 5
54 50 4
54 51 5
54 52 3
54 53 5
54 55 4
54 56 2
54 57 1
54 58 5
54 59 5
54 60 4
54 61 3
54 62 4
54 63 5
54 64 4
54 65 3
54 66 4
54 67 5
54 68 1
54 69 4
54 70 4
54 71 5
54 72 1
54 73 3
54 74 5
54 75 5
54 76 2
54 77 2
54 78 3
54 79 5
54 80 4
54 81 4
54 82 5
54 83 3
54 84 1
54 85 1
54 86 3
54 87 5
54 88 4
54 89 5
54 90 4
54 91 4
54 92 2
54 93 4
54 94 3
54 95 3
54 96 1
54 97 1
54 98 4
54 99 4
54 100 1
55 1 2
55 2 5
55 3 1
55 4 1
55 5 4
55 6 2
55 7 5
55 8 1
55 9 5
55 10 1
55 11 4
55 12 3
55 13 3
55 14 3
55 15 1
55 16 3
55 17 2
55 18 5
55 19 1
55 20 1
55 21 3
55 22 4
55 23 5
55 24 3
55 25 2
55 26 2
55 27 4
55 28 4
55 29 5
55 30 4
55 31 5
55 32 3
55 33 3
55 34 2
55 35 1
55 36 3
55 37 1
55 38 5
55 39 3
55 40 5
55 41 5
55 42 3
55 43 4
55 44 2
55 45 5
55 46 1
55 47 2
55 48 4
55 49 5
55 50 4
55 51 1
55 52 4
55 53 3
55 54 5
55 56 2
55 57 1
55 58 3
55 59 5
55 60 1
55 61 4
55 62 5
55 63 2
55 64 2
55 65 2
55 66 4
55 67 2
55 68 4
55 69 4
55 70 3
55 71 4
55 72 5
55 73 4
55 74 1
55 75 5
55 76 3
55 77 3
55 78 1
55 79 4
55 80 1
55 81 2
55 82 2
55 83 3
55 84 1
55 85 1
55 86 3
55 87 2
55 88 3
55 89 5
55 90 3
55 91 1
55 92 4
55 93 2
55 94 2
55 95 2
55 96 5
55 97 2
55 98 5
55 99 5
55 100 2
56 1 2
56 2 3
56 3 3
56 4 5
56 5 1
56 6 5
56 7 2
56 8 3
56 9 5
56 10 5
56 11 5
56 12 3
56 13 4
56 14 2
56 15 3
56 16 1
56 17 1
56 18 1
56 19 1
56 20 3
56 21 3
56 22 1
56 23 3
56 24 1
56 25 2
56 26 4
56 27 5
56 28 1
56 29 3
56 30 2
56 31 2
56 32 4
56 33 1
56 34 2
56 35 5
56 36 1
56 37 1
56 38 2
56 39 5
56 40 2
56 41 3
56 42 1
56 43 4
56 44 3
56 45 5
56 46 2
56 47 4
56 48 5
56 49 2
56 50 4
56 51 2
56 52 2
56 53 1
56 54 4
56 55 2
56 57 4
56 58 4
56 59 4
56 60 4
56 61 1
56 62 5
56 63 3
56 64 1
56 65 2
56 66 4
56 67 1
56 68 3
56 69 4
56 70 4
56 71 4
56 72 2
56 73 1
56 74 2
56 75 5
56 76 1
56 77 1
56 78 3
56 79 4
56 80 5
56 81 2
56 82 4
56 83 4
56 84 3
56 85 1
56 86 4
56 87 1
56 88 4
56 89 3
56 90 4
56 91 3
56 92 5
56 93 5
56 94 2
56 95 3
56 96 2
56 97 5
56 98 5
56 99 1
56 100 5
57 1 3
57 2 1
57 3 1
57 4 5
57 5 2
57 6 2
57 7 5
57 8 2
57 9 5
57 10 3
57 11 4
57 12 1
57 13 3
57 14 2
57 15 5
57 16 3
57 17 2
57 18 5
57 19 2
57 20 4
57 21 4
57 22 1
57 23 1
57 24 5
57 25 2
57 26 3
57 27 3
57 28 3
57 29 2
57 30 5
57 31 4
57 32 4
57 33 1
57 34 4
57 35 3
57 36 4
57 37 2
57 38 3
57 39 1
57 40 1
57 41 2
57 42 1
57 43 3
57 44 2
57 45 4
57 46 2
57 47 4
57 48 5
57 49 2
57 50 2
57 51 4
57 52 2
57 53 4
57 54 4
57 55 1
57 56 2
57 58 3
57 59 4
57 60 4
57 61 4
57 62 3
57 63 2
57 64 4
57 65 5
57 66 2
57 67 1
57 68 4
57 69 4
57 70 5
57 71 1
57 72 1
57 73 4
57 74 1
57 75 4
57 76 5
57 77 4
57 78 5
57 79 3
57 80 5
57 81 1
57 82 2
57 83 3
57 84 4
57 85 2
57 86 3
57 87 5
57 88 4
57 89 5
57 90 5
57 91 4
57 92 5
57 93 4
57 94 3
57 95 3
57 96 4
57 97 4
57 98 1
57 99 4
57 100 4
58 1 2
58 2 4
58 3 5
58 4 5
58 5 1
58 6 3
58 7 4
58 8 1
58 9 4
58 10 4
58 11 5
58 12 2
58 13 5
58 14 5
58 15 5
58 16 3
58 17 4
58 18 1
58 19 1
58 20 4
58 21 5
58 22 5
58 23 5
58 24 4
58 25 2
58 26 5
58 27 4
58 28 2
58 29 5
58 30 2
58 31 1
58 32 1
58 33 2
58 34 2
58 35 1
58 36 4
58 37 1
58 38 1
58 39 1
58 40 4
58 41 4
58 42 5
58 43 2
58 44 5
58 45 1
58 46 2
58 47 3
58 48 5
58 49 2
58 50 5
58 51 5
58 52 4
58 53 4
58 54 4
58 55 4
58 56 2
58 57 3
58 59 2
58 60 1
58 61 4
58 62 5
58 63 3
58 64 5
58 65 3
58 66 4
58 67 2
58 68 1
58 69 4
58 70 2
58 71 1
58 72 4
58 73 1
58 74 2
58 75 1
58 76 2
58 77 3
58 78 2
58 79 4
58 80 2
58 81 5
58 82 4
58 83 3
58 84 3
58 85 4
58 86 1
58 87 1
58 88 3
58 89 1
58 90 4
58 91 3
58 92 4
58 93 5
58 94 5
58 95 5
58 96 2
58 97 3
58 98 1
58 99 4
58 100 3
59 1 5
59 2 1
59 3 1
59 4 2
59 5 3
59 6 1
59 7 3
59 8 2
59 9 4
59 10 4
59 11 5
59 12 1
59 13 4
59 14 2
59 15 5
59 16 2
59 17 4
59 18 3
59 19 1
59 20 4
59 21 1
59 22 3
59 23 3
59 24 3
59 25 4
59 26 4
59 27 4
59 28 1
59 29 2
59 30 5
59 31 5
59 32 1
59 33 5
59 34 1
59 35 4
59 36 4
59 37 3
59 38 3
59 39 2
59 40 4
59 41 1
59 42 1
59 43 1
59 44 1
59 45 4
59 46 5
59 47 5
59 48 3
59 49 2
59 50 5
59 51 1
59 52 5
59 53 3
59 54 5
59 55 4
59 56 1
59 57 1
59 58 2
59 60 4
59 61 2
59 62 1
59 63 3
59 64 2
59 65 3
59 66 5
59 67 2
59 68 1
59 69 5
59 70 4
59 71 3
59 72 5
59 73 5
59 74 5
59 75 5
59 76 5
59 77 4
59 78 4
59 79 4
59 80 3
59 81 3
59 82 1
59 83 5
59 84 4
59 85 5
59 86 5
59 87 2
59 88 2
59 89 5
59 90 5
59 91 5
59 92 3
59 93 3
59 94 5
59 95 1
59 96 5
59 97 1
59 98 2
59 99 2
59 100 2
60 1 5
60 2 1
60 3 1
60 4 1
60 5 3
60 6 5
60 7 3
60 8 1
60 9 1
60 10 3
60 11 3
60 12 5
60 13 3
60 14 2
60 15 3
60 16 2
60 17 3
60 18 1
60 19 4
60 20 4
60 21 5
60 22 5
60 23 3
60 24 4
60 25 1
60 26 3
60 27 5
60 28 2
60 29 4
60 30 4
60 31 3
60 32 4
60 33 4
60 34 4
60 35 1
60 36 3
60 37 5
60 38 3
60 39 3
60 40 5
60 41 1
60 42 2
60 43 4
60 44 3
60 45 1
60 46 3
60 47 2
60 48 5
60 49 3
60 50 2
60 51 1
60 52 5
60 53 1
60 54 3
60 55 5
60 56 2
60 57 1
60 58 5
60 59 5
60 61 4
60 62 3
60 63 4
60 64 4
60 65 3
60 66 4
60 67 5
60 68 1
60 69 4
60 70 4
60 71 5
60 72 5
60 73 1
60 74 4
60 75 1
60 76 4
60 77 4
60 78 3
60 79 2
60 80 5
60 81 3
60 82 3
60 83 5
60 84 4
60 85 3
60 86 3
60 87 5
60 88 1
60 89 5
60 90 4
60 91 5
60 92 3
60 93 3
60 94 1
60 95 4
60 96 1
60 97 4
60 98 5
60 99 3
60 100 2
61 1 5
61 2 2
61 3 4
61 4 1
61 5 5
61 6 4
61 7 1
61 8 5
61 9 3
61 10 2
61 11 5
61 12 2
61 13 1
61 14 4
61 15 2
61 16 3
61 17 3
61 18 2
61 19 1
61 20 2
61 21 5
61 22 2
61 23 2
61 24 5
61 25 2
61 26 2
61 27 5
61 28 1
61 29 3
61 30 4
61 31 4
61 32 2
61 33 5
61 34 2
61 35 2
61 36 2
61 37 2
61 38 2
61 39 1
61 40 5
61 41 3
61 42 2
61 43 1
61 44 3
61 45 1
61 46 5
61 47 3
61 48 5
61 49 1
61 50 5
61 51 4
61 52 2
61 53 1
61 54 2
61 55 1
61 56 5
61 57 3
61 58 2
61 59 5
61 60 5
61 62 5
61 63 5
61 64 3
61 65 2
61 66 2
61 67 5
61 68 3
61 69 3
61 70 1
61 71 3
61 72 4
61 73 1
61 74 5
61 75 5
61 76 3
61 77 2
61 78 1
61 79 2
61 80 3
61 81 1
61 82 1
61 83 1
61 84 4
61 85 4
61 86 4
61 87 5
61 88 3
61 89 1
61 90 3
61 91 4
61 92 2
61 93 3
61 94 3
61 95 5
61 96 4
61 97 4
61 98 1
61 99 1
61 100 4
62 1 1
62 2 5
62 3 2
62 4 1
62 5 1
62 6 3
62 7 1
62 8 4
62 9 3
62 10 4
62 11 2
62 12 3
62 13 5
62 14 4
62 15 4
62 16 5
62 17 3
62 18 3
62 19 2
62 20 5
62 21 5
62 22 5
62 23 4
62 24 4
62 25 2
62 26 5
62 27 4
62 28 3
62 29 5
62 30 1
62 31 1
62 32 5
62 33 1
62 34 2
62 35 3
62 36 3
62 37 5
62 38 5
62 39 2
62 40 2
62 41 3
62 42 5
62 43 2
62 44 4
62 45 3
62 46 5
62 47 3
62 48 2
62 49 4
62 50 4
62 51 2
62 52 5
62 53 5
62 54 5
62 55 1
62 56 4
62 57 4
62 58 4
62 59 1
62 60 3
62 61 5
62 63 3
62 64 4
62 65 5
62 66 4
62 67 3
62 68 4
62 69 5
62 70 2
62 71 5
62 72 4
62 73 5
62 74 4
62 75 2
62 76 3
62 77 4
62 78 3
62 79 1
62 80 5
62 81 3
62 82 1
62 83 1
62 84 2
62 85 1
62 86 2
62 87 2
62 88 1
62 89 2
62 90 1
62 91 3
62 92 1
62 93 5
62 94 5
62 95 2
62 96 1
62 97 5
62 98 4
62 99 4
62 100 5
63 1 1
63 2 1
63 3 5
63 4 2
63 5 1
63 6 3
63 7 4
63 8 4
63 9 5
63 10 1
63 11 4
63 12 2
63 13 2
63 14 1
63 15 5
63 16 4
63 17 5
63 18 4
63 19 4
63 20 1
63 21 4
63 22 1
63 23 2
63 24 5
63 25 2
63 26 5
63 27 2
63 28 1
63 29 3
63 30 2
63 31 2
63 32 5
63 33 4
63 34 1
63 35 1
63 36 5
63 37 3
63 38 5
63 39 3
63 40 4
63 41 5
63 42 3
63 43 2
63 44 1
63 45 4
63 46 2
63 47 1
63 48 3
63 49 5
63 50 4
63 51 5
63 52 5
63 53 1
63 54 3
63 55 1
63 56 2
63 57 2
63 58 4
63 59 3
63 60 5
63 61 5
63 62 1
63 64 4
63 65 4
63 66 4
63 67 5
63 68 5
63 69 1
63 70 1
63 71 2
63 72 2
63 73 5
63 74 5
63 75 3
63 76 3
63 77 5
63 78 1
63 79 3
63 80 2
63 81 5
63 82 4
63 83 3
63 84 1
63 85 1
63 86 1
63 87 1
63 88 3
63 89 2
63 90 4
63 91 2
63 92 1
63 93 1
63 94 4
63 95 2
63 96 1
63 97 2
63 98 3
63 99 5
63 100 5
64 1 3
64 2 3
64 3 1
64 4 4
64 5 2
64 6 5
64 7 1
64 8 1
64 9 1
64 10 1
64 11 4
64 12 2
64 13 1
64 14 2
64 15 3
64 16 1
64 17 2
64 18 3
64 19 5
64 20 5
64 21 4
64 22 3
64 23 3
64 24 1
64 25 2
64 26 4
64 27 1
64 28 3
64 29 3
64 30 5
64 31 2
64 32 5
64 33 4
64 34 4
64 35 3
64 36 1
64 37 4
64 38 1
64 39 3
64 40 4
64 41 3
64 42 4
64 43 5
64 44 3
64 45 2
64 46 4
64 47 5
64 48 5
64 49 4
64 50 5
64 51 4
64 52 2
64 53 4
64 54 1
64 55 2
64 56 2
64 57 1
64 58 4
64 59 5
64 60 3
64 61 5
64 62 3
64 63 4
64 65 3
64 66 2
64 67 4
64 68 5
64 69 2
64 70 4
64 71 3
64 72 2
64 73 3
64 74 3
64 75 1
64 76 5
64 77 4
64 78 2
64 79 4
64 80 3
64 81 5
64 82 5
64 83 1
64 84 3
64 85 1
64 86 4
64 87 1
64 88 2
64 89 4
64 90 4
64 91 3
64 92 4
64 93 3
64 94 3
64 95 2
64 96 2
64 97 4
64 98 5
64 99 2
64 100 2
65 1 5
65 2 1
65 3 3
65 4 2
65 5 3
65 6 5
65 7 3
65 8 1
65 9 1
65 10 2
65 11 3
65 12 5
65 13 3
65 14 5
65 15 2
65 16 5
65 17 3
65 18 2
65 19 2
65 20 2
65 21 2
65 22 1
65 23 5
65 24 1
65 25 3
65 26 3
65 27 3
65 28 1
65 29 3
65 30 4
65 31 4
65 32 2
65 33 4
65 34 1
65 35 1
65 36 1
65 37 1
65 38 3
65 39 3
65 40 3
65 41 1
65 42 5
65 43 5
65 44 1
65 45 1
65 46 3
65 47 5
65 48 4
65 49 5
65 50 1
65 51 2
65 52 3
65 53 2
65 54 1
65 55 4
65 56 1
65 57 3
65 58 1
65 59 4
65 60 2
65 61 1
65 62 2
65 63 1
65 64 1
65 66 3
65 67 1
65 68 3
65 69 5
65 70 5
65 71 5
65 72 2
65 73 1
65 74 1
65 75 1
65 76 1
65 77 1
65 78 4
65 79 2
65 80 4
65 81 5
65 82 5
65 83 2
65 84 4
65 85 3
65 86 2
65 87 2
65 88 3
65 89 2
65 90 4
65 91 1
65 92 5
65 93 1
65 94 3
65 95 5
65 96 1
65 97 5
65 98 2
65 99 3
65 100 1
66 1 4
66 2 4
66 3 4
66 4 4
66 5 4
66 6 5
66 7 1
66 8 2
66 9 5
66 10 2
66 11 5
66 12 1
66 13 1
66 14 2
66 15 4
66 16 3
66 17 5
66 18 3
66 19 1
66 20 3
66 21 3
66 22 1
66 23 5
66 24 4
66 25 5
66 26 1
66 27 4
66 28 1
66 29 5
66 30 4
66 31 1
66 32 3
66 33 4
66 34 5
66 35 1
66 36 3
66 37 1
66 38 3
66 39 4
66 40 2
66 41 1
66 42 5
66 43 2
66 44 4
66 45 3
66 46 2
66 47 3
66 48 5
66 49 1
66 50 3
66 51 4
66 52 4
66 53 1
66 54 3
66 55 2
66 56 2
66 57 1
66 58 2
66 59 3
66 60 5
66 61 2
66 62 3
66 63 2
66 64 1
66 65 4
66 67 4
66 68 5
66 69 4
66 70 1
66 71 3
66 72 2
66 73 3
66 74 4
66 75 5
66 76 1
66 77 4
66 78 2
66 79 4
66 80 3
66 81 2
66 82 3
66 83 3
66 84 2
66 85 5
66 86 3
66 87 3
66 88 2
66 89 3
66 90 2
66 91 4
66 92 2
66 93 3
66 94 3
66 95 3
66 96 3
66 97 2
66 98 1
66 99 2
66 100 2
67 1 3
67 2 1
67 3 4
67 4 2
67 5 2
67 6 5
67 7 3
67 8 5
67 9 1
67 10 3
67 11 4
67 12 5
67 13 5
67 14 1
67 15 1
67 16 5
67 17 3
67 18 1
67 19 1
67 20 5
67 21 2
67 22 1
67 23 1
67 24 4
67 25 3
67 26 5
67 27 4
67 28 4
67 29 2
67 30 2
67 31 3
67 32 1
67 33 5
67 34 3
67 35 3
67 36 1
67 37 2
67 38 2
67 39 2
67 40 5
67 41 4
67 42 5
67 43 4
67 44 3
67 45 5
67 46 1
67 47 4
67 48 5
67 49 1
67 50 1
67 51 4
67 52 4
67 53 1
67 54 2
67 55 3
67 56 4
67 57 3
67 58 3
67 59 4
67 60 5
67 61 1
67 62 3
67 63 5
67 64 5
67 65 5
67 66 4
67 68 2
67 69 4
67 70 5
67 71 3
67 72 3
67 73 3
67 74 2
67 75 1
67 76 3
67 77 2
67 78 3
67 79 1
67 80 1
67 81 1
67 82 4
67 83 1
67 84 4
67 85 4
67 86 2
67 87 3
67 88 4
67 89 2
67 90 5
67 91 5
67 92 1
67 93 1
67 94 2
67 95 2
67 96 2
67 97 4
67 98 3
67 99 4
67 100 2
68 1 2
68 2 1
68 3 4
68 4 2
68 5 3
68 6 1
68 7 4
68 8 1
68 9 5
68 10 1
68 11 1
68 12 5
68 13 4
68 14 3
68 15 4
68 16 5
68 17 2
68 18 1
68 19 5
68 20 3
68 21 1
68 22 4
68 23 5
68 24 3
68 25 3
68 26 1
68 27 4
68 28 1
68 29 3
68 30 2
68 31 4
68 32 2
68 33 3
68 34 2
68 35 3
68 36 2
68 37 4
68 38 3
68 39 2
68 40 3
68 41 5
68 42 4
68 43 3
68 44 1
68 45 1
68 46 3
68 47 5
68 48 2
68 49 3
68 50 1
68 51 1
68 52 5
68 53 5
68 54 5
68 55 2
68 56 2
68 57 3
68 58 3
68 59 4
68 60 5
68 61 1
68 62 2
68 63 3
68 64 5
68 65 5
68 66 5
68 67 1
68 69 5
68 70 4
68 71 2
68 72 2
68 73 4
68 74 2
68 75 1
68 76 4
68 77 3
68 78 3
68 79 5
68 80 1
68 81 1
68 82 5
68 83 2
68 84 2
68 85 1
68 86 3
68 87 1
68 88 4
68 89 5
68 90 3
68 91 2
68 92 2
68 93 3
68 94 5
68 95 4
68 96 3
68 97 1
68 98 4
68 99 5
68 100 5
69 1 4
69 2 4
69 3 4
69 4 2
69 5 5
69 6 4
69 7 2
69 8 2
69 9 4
69 10 1
69 11 5
69 12 4
69 13 3
69 14 3
69 15 2
69 16 3
69 17 5
69 18 2
69 19 2
69 20 5
69 21 4
69 22 3
69 23 3
69 24 4
69 25 5
69 26 1
69 27 3
69 28 2
69 29 1
69 30 2
69 31 2
69 32 5
69 33 2
69 34 2
69 35 1
69 36 2
69 37 5
69 38 3
69 39 5
69 40 3
69 41 5
69 42 4
69 43 3
69 44 2
69 45 1
69 46 5
69 47 5
69 48 3
69 49 1
69 50 1
69 51 4
69 52 2
69 53 5
69 54 1
69 55 2
69 56 1
69 57 1
69 58 1
69 59 3
69 60 2
69 61 4
69 62 1
69 63 1
69 64 1
69 65 2
69 66 3
69 67 2
69 68 1
69 70 2
69 71 1
69 72 1
69 73 2
69 74 5
69 75 3
69 76 5
69 77 2
69 78 4
69 79 4
69 80 1
69 81 2
69 82 1
69 83 1
69 84 5
69 85 1
69 86 1
69 87 1
69 88 3
69 89 4
69 90 3
69 91 5
69 92 2
69 93 1
69 94 5
69 95 4
69 96 1
69 97 1
69 98 3
69 99 4
69 100 4
70 1 5
70 2 5
70 3 4
70 4 3
70 5 1
70 6 3
70 7 2
70 8 4
70 9 2
70 10 3
70 11 2
70 12 5
70 13 3
70 14 2
70 15 4
70 16 5
70 17 5
70 18 1
70 19 3
70 20 5
70 21 3
70 22 4
70 23 3
70 24 3
70 25 4
70 26 1
70 27 1
70 28 4
70 29 3
70 30 4
70 31 4
70 32 4
70 33 5
70 34 2
70 35 1
70 36 2
70 37 5
70 38 5
70 39 3
70 40 3
70 41 4
70 42 4
70 43 2
70 44 1
70 45 2
70 46 5
70 47 3
70 48 1
70 49 2
70 50 5
70 51 5
70 52 4
70 53 5
70 54 2
70 55 3
70 56 3
70 57 4
70 58 3
70 59 4
70 60 4
70 61 4
70 62 2
70 63 4
70 64 5
70 65 4
70 66 2
70 67 2
70 68 5
70 69 1
70 71 4
70 72 2
70 73 4
70 74 4
70 75 5
70 76 1
70 77 5
70 78 1
70 79 3
70 80 1
70 81 2
70 82 4
70 83 2
70 84 2
70 85 4
70 86 1
70 87 4
70 88 3
70 89 1
70 90 4
70 91 1
70 92 4
70 93 4
70 94 3
70 95 5
70 96 3
70 97 3
70 98 1
70 99 1
70 100 4
71 1 1
71 2 1
71 3 2
71 4 1
71 5 4
71 6 1
71 7 1
71 8 1
71 9 3
71 10 1
71 11 3
71 12 1
71 13 1
71 14 1
71 15 2
71 16 1
71 17 1
71 18 5
71 19 4
71 20 4
71 21 5
71 22 4
71 23 4
71 24 3
71 25 3
71 26 3
71 27 3
71 28 2
71 29 3
71 30 3
71 31 2
71 32 5
71 33 1
71 34 3
71 35 5
71 36 1
71 37 5
71 38 3
71 39 1
71 40 2
71 41 5
71 42 3
71 43 2
71 44 5
71 45 4
71 46 5
71 47 1
71 48 1
71 49 5
71 50 1
71 51 1
71 52 4
71 53 4
71 54 5
71 55 2
71 56 4
71 57 2
71 58 1
71 59 2
71 60 2
71 61 3
71 62 4
71 63 1
71 64 5
71 65 1
71 66 3
71 67 1
71 68 3
71 69 5
71 70 1
71 72 1
71 73 1
71 74 1
71 75 5
71 76 2
71 77 1
71 78 4
71 79 2
71 80 3
71 81 3
71 82 2
71 83 4
71 84 4
71 85 3
71 86 3
71 87 2
71 88 3
71 89 1
71 90 2
71 91 4
71 92 2
71 93 1
71 94 4
71 95 3
71 96 1
71 97 5
71 98 5
71 99 1
71 100 4
72 1 1
72 2 3
72 3 4
72 4 1
72 5 3
72 6 3
72 7 2
72 8 5
72 9 4
72 10 1
72 11 3
72 12 3
72 13 4
72 14 1
72 15 1
72 16 3
72 17 3
72 18 4
72 19 5
72 20 3
72 21 5
72 22 1
72 23 5
72 24 3
72 25 4
72 26 4
72 27 3
72 28 5
72 29 5
72 30 5
72 31 3
72 32 5
72 33 2
72 34 4
72 35 2
72 36 2
72 37 3
72 38 5
72 39 3
72 40 1
72 41 5
72 42 5
72 43 4
72 44 1
72 45 5
72 46 4
72 47 3
72 48 4
72 49 5
72 50 5
72 51 4
72 52 1
72 53 2
72 54 3
72 55 3
72 56 5
72 57 3
72 58 2
72 59 5
72 60 2
72 61 1
72 62 4
72 63 3
72 64 5
72 65 2
72 66 4
72 67 3
72 68 5
72 69 3
72 70 5
72 71 5
72 73 5
72 74 5
72 75 5
72 76 5
72 77 1
72 78 1
72 79 4
72 80 5
72 81 5
72 82 5
72 83 3
72 84 5
72 85 1
72 86 2
72 87 5
72 88 1
72 89 1
72 90 1
72 91 2
72 92 2
72 93 4
72 94 2
72 95 4
72 96 3
72 97 1
72 98 4
72 99 5
72 100 2
73 1 1
73 2 1
73 3 3
73 4 2
73 5 2
73 6 3
73 7 3
73 8 3
73 9 3
73 10 2
73 11 4
73 12 2
73 13 3
73 14 3
73 15 3
73 16 4
73 17 1
73 18 2
73 19 1
73 20 1
73 21 3
73 22 4
73 23 4
73 24 1
73 25 5
73 26 2
73 27 5
73 28 2
73 29 5
73 30 1
73 31 3
73 32 2
73 33 1
73 34 1
73 35 4
73 36 3
73 37 5
73 38 1
73 39 2
73 40 2
73 41 4
73 42 2
73 43 5
73 44 2
73 45 1
73 46 2
73 47 2
73 48 1
73 49 4
73 50 2
73 51 3
73 52 1
73 53 2
73 54 1
73 55 3
73 56 1
73 57 4
73 58 2
73 59 5
73 60 5
73 61 2
73 62 2
73 63 1
73 64 2
73 65 4
73 66 1
73 67 1
73 68 3
73 69 4
73 70 4
73 71 4
73 72 4
73 74 5
73 75 3
73 76 2
73 77 5
73 78 5
73 79 3
73 80 5
73 81 5
73 82 1
73 83 4
73 84 5
73 85 2
73 86 4
73 87 2
73 88 5
73 89 2
73 90 3
73 91 4
73 92 1
73 93 1
73 94 2
73 95 4
73 96 2
73 97 1
73 98 1
73 99 5
73 100 3
74 1 1
74 2 3
74 3 4
74 4 5
74 5 5
74 6 3
74 7 3
74 8 4
74 9 4
74 10 3
74 11 1
74 12 3
74 13 3
74 14 4
74 15 2
74 16 2
74 17 5
74 18 5
74 19 3
74 20 1
74 21 4
74 22 1
74 23 4
74 24 4
74 25 2
74 26 4
74 27 3
74 28 4
74 29 4
74 30 4
74 31 4
74 32 5
74 33 1
74 34 2
74 35 1
74 36 5
74 37 4
74 38 3
74 39 1
74 40 5
74 41 5
74 42 1
74 43 2
74 44 5
74 45 1
74 46 1
74 47 3
74 48 5
74 49 2
74 50 5
74 51 3
74 52 1
74 53 5
74 54 1
74 55 1
74 56 3
74 57 4
74 58 5
74 59 4
74 60 4
74 61 3
74 62 2
74 63 5
74 64 1
74 65 5
74 66 5
74 67 2
74 68 5
74 69 5
74 70 2
74 71 4
74 72 1
74 73 2
74 75 1
74 76 2
74 77 5
74 78 1
74 79 4
74 80 4
74 81 4
74 82 3
74 83 1
74 84 1
74 85 4
74 86 3
74 87 2
74 88 4
74 89 1
74 90 3
74 91 2
74 92 2
74 93 3
74 94 3
74 95 1
74 96 5
74 97 2
74 98 3
74 99 1
74 100 1
75 1 4
75 2 3
75 3 2
75 4 1
75 5 1
75 6 2
75 7 3
75 8 5
75 9 4
75 10 3
75 11 1
75 12 2
75 13 1
75 14 1
75 15 3
75 16 4
75 17 4
75 18 1
75 19 2
75 20 1
75 21 5
75 22 3
75 23 4
75 24 4
75 25 2
75 26 2
75 27 3
75 28 5
75 29 1
75 30 4
75 31 3
75 32 4
75 33 1
75 34 4
75 35 1
75 36 3
75 37 5
75 38 3
75 39 5
75 40 5
75 41 1
75 42 5
75 43 3
75 44 3
75 45 2
75 46 5
75 47 1
75 48 2
75 49 2
75 50 5
75 51 5
75 52 4
75 53 4
75 54 3
75 55 2
75 56 3
75 57 4
75 58 5
75 59 2
75 60 4
75 61 3
75 62 4
75 63 4
75 64 5
75 65 2
75 66 5
75 67 2
75 68 3
75 69 4
75 70 1
75 71 4
75 72 1
75 73 2
75 74 2
75 76 3
75 77 4
75 78 3
75 79 1
75 80 5
75 81 2
75 82 5
75 83 4
75 84 5
75 85 5
75 86 4
75 87 1
75 88 2
75 89 4
75 90 5
75 91 1
75 92 5
75 93 4
75 94 4
75 95 3
75 96 3
75 97 3
75 98 4
75 99 2
75 100 2
76 1 5
76 2 4
76 3 3
76 4 5
76 5 3
76 6 4
76 7 3
76 8 1
76 9 3
76 10 3
76 11 2
76 12 4
76 13 4
76 14 3
76 15 5
76 16 5
76 17 1
76 18 3
76 19 4
76 20 4
76 21 2
76 22 4
76 23 3
76 24 3
76 25 4
76 26 3
76 27 2
76 28 3
76 29 3
76 30 3
76 31 2
76 32 2
76 33 4
76 34 4
76 35 2
76 36 1
76 37 4
76 38 1
76 39 3
76 40 1
76 41 5
76 42 4
76 43 2
76 44 5
76 45 1
76 46 3
76 47 4
76 48 1
76 49 5
76 50 2
76 51 2
76 52 4
76 53 2
76 54 4
76 55 1
76 56 1
76 57 3
76 58 2
76 59 5
76 60 1
76 61 2
76 62 1
76 63 2
76 64 5
76 65 4
76 66 5
76 67 2
76 68 2
76 69 2
76 70 4
76 71 5
76 72 1
76 73 4
76 74 3
76 75 5
76 77 5
76 78 5
76 79 1
76 80 2
76 81 5
76 82 4
76 83 5
76 84 3
76 85 1
76 86 1
76 87 5
76 88 3
76 89 3
76 90 1
76 91 2
76 92 5
76 93 2
76 94 5
76 95 4
76 96 3
76 97 3
76 98 3
76 99 4
76 100 2
77 1 5
77 2 4
77 3 3
77 4 2
77 5 5
77 6 5
77 7 2
77 8 4
77 9 4
77 10 4
77 11 2
77 12 5
77 13 2
77 14 2
77 15 4
77 16 2
77 17 4
77 18 3
77 19 4
77 20 1
77 21 4
77 22 3
77 23 1
77 24 2
77 25 2
77 26 4
77 27 2
77 28 1
77 29 3
77 30 5
77 31 4
77 32 4
77 33 1
77 34 1
77 35 3
77 36 5
77 37 5
77 38 1
77 39 5
77 40 1
77 41 4
77 42 3
77 43 2
77 44 5
77 45 1
77 46 1
77 47 2
77 48 4
77 49 5
77 50 2
77 51 2
77 52 5
77 53 1
77 54 4
77 55 4
77 56 4
77 57 4
77 58 5
77 59 5
77 60 1
77 61 1
77 62 3
77 63 2
77 64 1
77 65 1
77 66 4
77 67 2
77 68 2
77 69 4
77 70 3
77 71 2
77 72 2
77 73 1
77 74 1
77 75 3
77 76 3
77 78 3
77 79 4
77 80 2
77 81 2
77 82 3
77 83 3
77 84 4
77 85 3
77 86 1
77 87 2
77 88 4
77 89 4
77 90 1
77 91 3
77 92 1
77 93 1
77 94 2
77 95 4
77 96 4
77 97 4
77 98 4
77 99 2
77 100 1
78 1 4
78 2 5
78 3 4
78 4 5
78 5 5
78 6 4
78 7 3
78 8 4
78 9 3
78 10 3
78 11 5
78 12 2
78 13 2
78 14 4
78 15 5
78 16 2
78 17 1
78 18 1
78 19 5
78 20 1
78 21 3
78 22 4
78 23 4
78 24 5
78 25 2
78 26 2
78 27 3
78 28 1
78 29 3
78 30 5
78 31 1
78 32 1
78 33 1
78 34 4
78 35 3
78 36 2
78 37 5
78 38 2
78 39 5
78 40 2
78 41 4
78 42 5
78 43 3
78 44 3
78 45 5
78 46 4
78 47 4
78 48 3
78 49 1
78 50 5
78 51 5
78 52 3
78 53 3
78 54 3
78 55 5
78 56 4
78 57 2
78 58 4
78 59 1
78 60 4
78 61 5
78 62 3
78 63 1
78 64 5
78 65 4
78 66 3
78 67 1
78 68 3
78 69 4
78 70 1
78 71 1
78 72 5
78 73 2
78 74 1
78 75 2
78 76 3
78 77 4
78 79 2
78 80 5
78 81 5
78 82 1
78 83 5
78 84 4
78 85 5
78 86 4
78 87 5
78 88 3
78 89 5
78 90 4
78 91 1
78 92 5
78 93 3
78 94 3
78 95 1
78 96 5
78 97 1
78 98 3
78 99 5
78 100 5
79 1 4
79 2 2
79 3 1
79 4 3
79 5 5
79 6 3
79 7 1
79 8 3
79 9 1
79 10 2
79 11 2
79 12 2
79 13 4
79 14 3
79 15 3
79 16 3
79 17 2
79 18 4
79 19 2
79 20 3
79 21 2
79 22 2
79 23 3
79 24 2
79 25 5
79 26 5
79 27 1
79 28 2
79 29 4
79 30 2
79 31 2
79 32 2
79 33 1
79 34 4
79 35 1
79 36 5
79 37 1
79 38 1
79 39 2
79 40 3
79 41 4
79 42 1
79 43 2
79 44 2
79 45 5
79 46 1
79 47 4
79 48 3
79 49 4
79 50 1
79 51 1
79 52 1
79 53 4
79 54 5
79 55 4
79 56 5
79 57 4
79 58 1
79 59 2
79 60 4
79 61 2
79 62 3
79 63 3
79 64 4
79 65 3
79 66 3
79 67 4
79 68 3
79 69 1
79 70 2
79 71 2
79 72 4
79 73 4
79 74 3
79 75 3
79 76 1
79 77 3
79 78 1
79 80 3
79 81 4
79 82 3
79 83 3
79 84 1
79 85 4
79 86 4
79 87 4
79 88 3
79 89 4
79 90 4
79 91 4
79 92 3
79 93 2
79 94 3
79 95 5
79 96 1
79 97 5
79 98 2
79 99 1
79 100 4
80 1 2
80 2 4
80 3 1
80 4 3
80 5 5
80 6 5
80 7 5
80 8 5
80 9 5
80 10 2
80 11 4
80 12 3
80 13 2
80 14 2
80 15 3
80 16 5
80 17 2
80 18 3
80 19 2
80 20 1
80 21 1
80 22 3
80 23 5
80 24 4
80 25 5
80 26 4
80 27 1
80 28 2
80 29 2
80 30 3
80 31 2
80 32 1
80 33 4
80 34 4
80 35 5
80 36 3
80 37 4
80 38 4
80 39 4
80 40 5
80 41 2
80 42 2
80 43 4
80 44 3
80 45 5
80 46 3
80 47 2
80 48 2
80 49 5
80 50 1
80 51 4
80 52 2
80 53 5
80 54 3
80 55 5
80 56 1
80 57 3
80 58 3
80 59 2
80 60 1
80 61 5
80 62 1
80 63 3
80 64 3
80 65 4
80 66 2
80 67 2
80 68 4
80 69 2
80 70 5
80 71 3
80 72 4
80 73 4
80 74 3
80 75 3
80 76 3
80 77 5
80 78 2
80 79 1
80 81 4
80 82 2
80 83 1
80 84 5
80 85 3
80 86 3
80 87 2
80 88 3
80 89 2
80 90 1
80 91 5
80 92 5
80 93 5
80 94 2
80 95 2
80 96 5
80 97 5
80 98 1
80 99 1
80 100 4
81 1 2
81 2 3
81 3 3
81 4 2
81 5 1
81 6 1
81 7 5
81 8 5
81 9 5
81 10 1
81 11 3
81 12 1
81 13 4
81 14 5
81 15 2
81 16 1
81 17 3
81 18 3
81 19 3
81 20 1
81 21 3
81 22 4
81 23 5
81 24 5
81 25 5
81 26 2
81 27 4
81 28 5
81 29 2
81 30 1
81 31 5
81 32 5
81 33 3
81 34 2
81 35 2
81 36 5
81 37 2
81 38 1
81 39 2
81 40 2
81 41 1
81 42 1
81 43 2
81 44 4
81 45 5
81 46 3
81 47 1
81 48 4
81 49 3
81 50 3
81 51 5
81 52 2
81 53 2
81 54 1
81 55 1
81 56 3
81 57 4
81 58 1
81 59 2
81 60 2
81 61 4
81 62 1
81 63 2
81 64 3
81 65 5
81 66 5
81 67 3
81 68 1
81 69 5
81 70 1
81 71 4
81 72 2
81 73 3
81 74 5
81 75 2
81 76 2
81 77 5
81 78 2
81 79 1
81 80 4
81 82 1
81 83 2
81 84 5
81 85 4
81 86 4
81 87 3
81 88 2
81 89 3
81 90 5
81 91 5
81 92 1
81 93 3
81 94 1
81 95 2
81 96 1
81 97 2
81 98 3
81 99 5
81 100 2
82 1 2
82 2 2
82 3 1
82 4 5
82 5 4
82 6 2
82 7 3
82 8 5
82 9 3
82 10 1
82 11 2
82 12 1
82 13 2
82 14 5
82 15 1
82 16 5
82 17 1
82 18 5
82 19 1
82 20 3
82 21 4
82 22 1
82 23 3
82 24 4
82 25 3
82 26 2
82 27 4
82 28 4
82 29 4
82 30 5
82 31 2
82 32 3
82 33 1
82 34 2
82 35 4
82 36 4
82 37 1
82 38 2
82 39 5
82 40 3
82 41 4
82 42 4
82 43 4
82 44 5
82 45 5
82 46 1
82 47 2
82 48 5
82 49 5
82 50 4
82 51 4
82 52 5
82 53 1
82 54 4
82 55 3
82 56 5
82 57 5
82 58 3
82 59 5
82 60 5
82 61 2
82 62 2
82 63 4
82 64 4
82 65 5
82 66 3
82 67 4
82 68 5
82 69 1
82 70 4
82 71 5
82 72 4
82 73 4
82 74 3
82 75 1
82 76 5
82 77 5
82 78 2
82 79 5
82 80 1
82 81 2
82 83 3
82 84 5
82 85 3
82 86 3
82 87 5
82 88 4
82 89 4
82 90 2
82 91 4
82 92 4
82 93 1
82 94 5
82 95 4
82 96 4
82 97 4
82 98 3
82 99 3
82 100 1
83 1 3
83 2 3
83 3 5
83 4 4
83 5 1
83 6 4
83 7 4
83 8 5
83 9 3
83 10 2
83 11 1
83 12 3
83 13 5
83 14 1
83 15 4
83 16 4
83 17 3
83 18 3
83 19 3
83 20 2
83 21 5
83 22 1
83 23 2
83 24 5
83 25 5
83 26 2
83 27 3
83 28 5
83 29 5
83 30 5
83 31 5
83 32 2
83 33 4
83 34 1
83 35 2
83 36 4
83 37 4
83 38 2
83 39 1
83 40 1
83 41 3
83 42 3
83 43 5
83 44 5
83 45 3
83 46 4
83 47 3
83 48 3
83 49 1
83 50 5
83 51 1
83 52 5
83 53 2
83 54 4
83 55 1
83 56 1
83 57 5
83 58 1
83 59 3
83 60 4
83 61 2
83 62 4
83 63 1
83 64 1
83 65 5
83 66 4
83 67 1
83 68 5
83 69 1
83 70 3
83 71 1
83 72 5
83 73 1
83 74 2
83 75 4
83 76 5
83 77 5
83 78 2
83 79 4
83 80 1
83 81 3
83 82 4
83 84 2
83 85 5
83 86 2
83 87 5
83 88 2
83 89 2
83 90 5
83 91 4
83 92 5
83 93 1
83 94 5
83 95 2
83 96 3
83 97 4
83 98 3
83 99 4
83 100 3
84 1 3
84 2 3
84 3 5
84 4 2
84 5 3
84 6 4
84 7 3
84 8 5
84 9 3
84 10 1
84 11 3
84 12 5
84 13 3
84 14 4
84 15 4
84 16 4
84 17 2
84 18 3
84 19 1
84 20 3
84 21 2
84 22 1
84 23 5
84 24 4
84 25 2
84 26 3
84 27 4
84 28 5
84 29 5
84 30 2
84 31 5
84 32 4
84 33 1
84 34 1
84 35 1
84 36 4
84 37 4
84 38 5
84 39 5
84 40 4
84 41 5
84 42 4
84 43 3
84 44 4
84 45 2
84 46 1
84 47 3
84 48 4
84 49 3
84 50 5
84 51 3
84 52 1
84 53 2
84 54 4
84 55 2
84 56 4
84 57 4
84 58 5
84 59 5
84 60 5
84 61 3
84 62 1
84 63 4
84 64 3
84 65 2
84 66 1
84 67 3
84 68 2
84 69 5
84 70 4
84 71 2
84 72 4
84 73 3
84 74 5
84 75 2
84 76 1
84 77 2
84 78 1
84 79 4
84 80 5
84 81 5
84 82 4
84 83 2
84 85 4
84 86 2
84 87 5
84 88 2
84 89 5
84 90 1
84 91 1
84 92 2
84 93 3
84 94 2
84 95 5
84 96 3
84 97 5
84 98 5
84 99 2
84 100 3
85 1 1
85 2 1
85 3 5
85 4 1
85 5 3
85 6 4
85 7 4
85 8 3
85 9 5
85 10 5
85 11 4
85 12 1
85 13 1
85 14 2
85 15 5
85 16 4
85 17 5
85 18 4
85 19 2
85 20 2
85 21 5
85 22 3
85 23 3
85 24 4
85 25 1
85 26 4
85 27 3
85 28 2
85 29 3
85 30 5
85 31 4
85 32 5
85 33 5
85 34 3
85 35 5
85 36 4
85 37 3
85 38 5
85 39 3
85 40 5
85 41 4
85 42 1
85 43 2
85 44 2
85 45 4
85 46 3
85 47 2
85 48 1
85 49 2
85 50 4
85 51 2
85 52 3
85 53 3
85 54 1
85 55 3
85 56 5
85 57 4
85 58 3
85 59 1
85 60 3
85 61 2
85 62 1
85 63 2
85 64 3
85 65 1
85 66 3
85 67 3
85 68 3
85 69 2
85 70 5
85 71 4
85 72 3
85 73 1
85 74 3
85 75 1
85 76 1
85 77 5
85 78 4
85 79 1
85 80 3
85 81 4
85 82 4
85 83 2
85 84 3
85 86 4
85 87 5
85 88 2
85 89 4
85 90 2
85 91 4
85 92 3
85 93 5
85 94 5
85 95 1
85 96 4
85 97 2
85 98 3
85 99 1
85 100 1
86 1 2
86 2 5
86 3 5
86 4 1
86 5 2
86 6 2
86 7 3
86 8 3
86 9 3
86 10 1
86 11 5
86 12 1
86 13 5
86 14 1
86 15 2
86 16 2
86 17 1
86 18 3
86 19 1
86 20 5
86 21 1
86 22 4
86 23 2
86 24 5
86 25 5
86 26 3
86 27 3
86 28 1
86 29 2
86 30 3
86 31 4
86 32 5
86 33 5
86 34 3
86 35 5
86 36 1
86 37 1
86 38 4
86 39 5
86 40 3
86 41 5
86 42 5
86 43 3
86 44 1
86 45 5
86 46 2
86 47 2
86 48 5
86 49 4
86 50 4
86 51 1
86 52 5
86 53 5
86 54 5
86 55 1
86 56 1
86 57 2
86 58 1
86 59 4
86 60 5
86 61 5
86 62 2
86 63 5
86 64 4
86 65 4
86 66 1
86 67 5
86 68 1
86 69 5
86 70 1
86 71 5
86 72 4
86 73 5
86 74 5
86 75 4
86 76 1
86 77 1
86 78 2
86 79 3
86 80 4
86 81 3
86 82 5
86 83 5
86 84 2
86 85 4
86 87 1
86 88 2
86 89 2
86 90 3
86 91 5
86 92 2
86 93 2
86 94 3
86 95 1
86 96 1
86 97 3
86 98 1
86 99 2
86 100 3
87 1 5
87 2 2
87 3 5
87 4 5
87 5 4
87 6 4
87 7 5
87 8 1
87 9 4
87 10 4
87 11 5
87 12 4
87 13 1
87 14 5
87 15 1
87 16 4
87 17 3
87 18 3
87 19 2
87 20 2
87 21 5
87 22 4
87 23 3
87 24 1
87 25 1
87 26 3
87 27 3
87 28 4
87 29 5
87 30 4
87 31 3
87 32 2
87 33 1
87 34 2
87 35 1
87 36 4
87 37 5
87 38 3
87 39 4
87 40 5
87 41 1
87 42 1
87 43 4
87 44 3
87 45 5
87 46 1
87 47 1
87 48 4
87 49 3
87 50 2
87 51 5
87 52 2
87 53 5
87 54 2
87 55 4
87 56 3
87 57 1
87 58 2
87 59 1
87 60 3
87 61 5
87 62 3
87 63 4
87 64 2
87 65 5
87 66 4
87 67 5
87 68 4
87 69 1
87 70 1
87 71 4
87 72 3
87 73 1
87 74 4
87 75 5
87 76 2
87 77 4
87 78 2
87 79 5
87 80 1
87 81 4
87 82 2
87 83 4
87 84 5
87 85 5
87 86 2
87 88 4
87 89 3
87 90 5
87 91 4
87 92 5
87 93 5
87 94 4
87 95 3
87 96 1
87 97 3
87 98 3
87 99 3
87 100 3
88 1 1
88 2 5
88 3 3
88 4 3
88 5 2
88 6 3
88 7 5
88 8 3
88 9 3
88 10 1
88 11 4
88 12 5
88 13 1
88 14 2
88 15 3
88 16 3
88 17 2
88 18 2
88 19 1
88 20 4
88 21 3
88 22 2
88 23 5
88 24 4
88 25 5
88 26 2
88 27 2
88 28 4
88 29 1
88 30 1
88 31 3
88 32 3
88 33 5
88 34 3
88 35 3
88 36 3
88 37 5
88 38 2
88 39 2
88 40 5
88 41 4
88 42 2
88 43 4
88 44 5
88 45 4
88 46 4
88 47 2
88 48 5
88 49 2
88 50 4
88 51 5
88 52 4
88 53 5
88 54 4
88 55 3
88 56 4
88 57 2
88 58 4
88 59 2
88 60 4
88 61 4
88 62 2
88 63 2
88 64 5
88 65 4
88 66 4
88 67 2
88 68 5
88 69 2
88 70 5
88 71 4
88 72 5
88 73 1
88 74 3
88 75 4
88 76 4
88 77 1
88 78 2
88 79 5
88 80 4
88 81 1
88 82 4
88 83 2
88 84 5
88 85 4
88 86 1
88 87 1
88 89 2
88 90 1
88 91 4
88 92 3
88 93 1
88 94 5
88 95 4
88 96 5
88 97 3
88 98 4
88 99 3
88 100 3
89 1 2
89 2 2
89 3 1
89 4 1
89 5 3
89 6 5
89 7 2
89 8 1
89 9 2
89 10 5
89 11 1
89 12 5
89 13 5
89 14 1
89 15 4
89 16 2
89 17 2
89 18 1
89 19 2
89 20 5
89 21 2
89 22 5
89 23 2
89 24 2
89 25 2
89 26 2
89 27 2
89 28 4
89 29 5
89 30 1
89 31 3
89 32 1
89 33 3
89 34 1
89 35 4
89 36 5
89 37 5
89 38 2
89 39 2
89 40 4
89 41 1
89 42 4
89 43 5
89 44 3
89 45 2
89 46 3
89 47 1
89 48 3
89 49 1
89 50 2
89 51 2
89 52 2
89 53 3
89 54 4
89 55 3
89 56 4
89 57 5
89 58 1
89 59 5
89 60 2
89 61 2
89 62 2
89 63 4
89 64 1
89 65 4
89 66 4
89 67 2
89 68 1
89 69 5
89 70 3
89 71 4
89 72 3
89 73 4
89 74 3
89 75 5
89 76 5
89 77 3
89 78 5
89 79 4
89 80 3
89 81 3
89 82 5
89 83 1
89 84 2
89 85 5
89 86 3
89 87 3
89 88 2
89 90 1
89 91 2
89 92 5
89 93 4
89 94 5
89 95 5
89 96 4
89 97 4
89 98 4
89 99 5
89 100 4
90 1 3
90 2 4
90 3 4
90 4 2
90 5 4
90 6 3
90 7 1
90 8 5
90 9 5
90 10 2
90 11 3
90 12 4
90 13 4
90 14 5
90 15 4
90 16 3
90 17 1
90 18 4
90 19 5
90 20 2
90 21 1
90 22 3
90 23 3
90 24 4
90 25 4
90 26 3
90 27 2
90 28 4
90 29 1
90 30 3
90 31 4
90 32 5
90 33 3
90 34 2
90 35 4
90 36 4
90 37 5
90 38 4
90 39 3
90 40 1
90 41 3
90 42 1
90 43 2
90 44 1
90 45 2
90 46 2
90 47 5
90 48 2
90 49 5
90 50 1
90 51 1
90 52 5
90 53 3
90 54 3
90 55 5
90 56 4
90 57 2
90 58 3
90 59 2
90 60 4
90 61 5
90 62 3
90 63 4
90 64 5
90 65 1
90 66 4
90 67 3
90 68 2
90 69 2
90 70 5
90 71 3
90 72 4
90 73 2
90 74 1
90 75 2
90 76 3
90 77 2
90 78 1
90 79 2
90 80 2
90 81 4
90 82 2
90 83 3
90 84 1
90 85 1
90 86 3
90 87 1
90 88 3
90 89 5
90 91 5
90 92 1
90 93 2
90 94 2
90 95 1
90 96 3
90 97 2
90 98 4
90 99 5
90 100 4
91 1 3
91 2 1
91 3 3
91 4 1
91 5 5
91 6 3
91 7 4
91 8 2
91 9 4
91 10 2
91 11 5
91 12 2
91 13 5
91 14 1
91 15 2
91 16 2
91 17 2
91 18 4
91 19 3
91 20 4
91 21 5
91 22 2
91 23 1
91 24 1
91 25 3
91 26 2
91 27 3
91 28 1
91 29 5
91 30 4
91 31 4
91 32 2
91 33 2
91 34 3
91 35 5
91 36 1
91 37 5
91 38 3
91 39 4
91 40 1
91 41 1
91 42 4
91 43 2
91 44 5
91 45 1
91 46 3
91 47 4
91 48 2
91 49 3
91 50 1
91 51 2
91 52 3
91 53 4
91 54 3
91 55 5
91 56 3
91 57 4
91 58 5
91 59 3
91 60 5
91 61 5
91 62 4
91 63 4
91 64 1
91 65 1
91 66 3
91 67 3
91 68 3
91 69 2
91 70 4
91 71 3
91 72 3
91 73 4
91 74 1
91 75 4
91 76 4
91 77 1
91 78 2
91 79 1
91 80 5
91 81 4
91 82 2
91 83 4
91 84 2
91 85 1
91 86 4
91 87 4
91 88 4
91 89 5
91 90 4
91 92 1
91 93 4
91 94 4
91 95 4
91 96 2
91 97 1
91 98 3
91 99 1
91 100 3
92 1 4
92 2 4
92 3 2
92 4 3
92 5 2
92 6 5
92 7 4
92 8 1
92 9 2
92 10 5
92 11 3
92 12 1
92 13 4
92 14 1
92 15 5
92 16 2
92 17 2
92 18 5
92 19 3
92 20 2
92 21 4
92 22 1
92 23 4
92 24 4
92 25 4
92 26 2
92 27 2
92 28 1
92 29 4
92 30 3
92 31 4
92 32 5
92 33 3
92 34 2
92 35 4
92 36 5
92 37 1
92 38 2
92 39 2
92 40 2
92 41 2
92 42 4
92 43 5
92 44 2
92 45 1
92 46 4
92 47 3
92 48 4
92 49 3
92 50 5
92 51 1
92 52 1
92 53 2
92 54 4
92 55 1
92 56 2
92 57 3
92 58 3
92 59 3
92 60 3
92 61 2
92 62 3
92 63 2
92 64 4
92 65 4
92 66 1
92 67 3
92 68 2
92 69 2
92 70 1
92 71 5
92 72 5
92 73 1
92 74 4
92 75 3
92 76 2
92 77 2
92 78 1
92 79 5
92 80 4
92 81 2
92 82 2
92 83 1
92 84 1
92 85 3
92 86 2
92 87 2
92 88 5
92 89 1
92 90 1
92 91 4
92 93 2
92 94 3
92 95 1
92 96 5
92 97 4
92 98 3
92 99 5
92 100 2
93 1 1
93 2 5
93 3 1
93 4 3
93 5 1
93 6 5
93 7 5
93 8 4
93 9 3
93 10 2
93 11 3
93 12 4
93 13 4
93 14 2
93 15 4
93 16 1
93 17 4
93 18 2
93 19 4
93 20 5
93 21 4
93 22 5
93 23 3
93 24 5
93 25 4
93 26 5
93 27 2
93 28 4
93 29 4
93 30 1
93 31 5
93 32 2
93 33 2
93 34 3
93 35 4
93 36 4
93 37 4
93 38 5
93 39 2
93 40 1
93 41 2
93 42 2
93 43 4
93 44 2
93 45 5
93 46 5
93 47 2
93 48 3
93 49 3
93 50 5
93 51 4
93 52 4
93 53 1
93 54 3
93 55 5
93 56 5
93 57 3
93 58 1
93 59 5
93 60 3
93 61 3
93 62 5
93 63 4
93 64 2
93 65 4
93 66 4
93 67 5
93 68 2
93 69 4
93 70 4
93 71 2
93 72 5
93 73 2
93 74 3
93 75 1
93 76 1
93 77 4
93 78 2
93 79 5
93 80 3
93 81 3
93 82 5
93 83 1
93 84 4
93 85 2
93 86 1
93 87 5
93 88 1
93 89 3
93 90 4
93 91 4
93 92 3
93 94 5
93 95 2
93 96 4
93 97 3
93 98 3
93 99 5
93 100 1
94 1 1
94 2 5
94 3 5
94 4 5
94 5 1
94 6 2
94 7 2
94 8 3
94 9 2
94 10 5
94 11 4
94 12 4
94 13 4
94 14 3
94 15 2
94 16 2
94 17 5
94 18 4
94 19 1
94 20 5
94 21 3
94 22 2
94 23 5
94 24 5
94 25 3
94 26 4
94 27 5
94 28 3
94 29 1
94 30 5
94 31 3
94 32 1
94 33 4
94 34 2
94 35 2
94 36 2
94 37 5
94 38 5
94 39 1
94 40 3
94 41 4
94 42 5
94 43 4
94 44 2
94 45 2
94 46 5
94 47 1
94 48 3
94 49 5
94 50 3
94 51 3
94 52 2
94 53 4
94 54 2
94 55 2
94 56 4
94 57 5
94 58 1
94 59 1
94 60 2
94 61 2
94 62 3
94 63 2
94 64 3
94 65 2
94 66 5
94 67 4
94 68 3
94 69 4
94 70 4
94 71 1
94 72 4
94 73 5
94 74 4
94 75 3
94 76 2
94 77 5
94 78 3
94 79 4
94 80 4
94 81 5
94 82 3
94 83 5
94 84 1
94 85 2
94 86 1
94 87 4
94 88 3
94 89 4
94 90 1
94 91 5
94 92 5
94 93 5
94 95 3
94 96 2
94 97 1
94 98 3
94 99 2
94 100 4
95 1 1
95 2 3
95 3 1
95 4 2
95 5 2
95 6 4
95 7 4
95 8 5
95 9 5
95 10 1
95 11 4
95 12 3
95 13 2
95 14 3
95 15 2
95 16 2
95 17 4
95 18 5
95 19 2
95 20 2
95 21 3
95 22 2
95 23 3
95 24 4
95 25 2
95 26 5
95 27 3
95 28 4
95 29 2
95 30 4
95 31 2
95 32 5
95 33 3
95 34 4
95 35 1
95 36 5
95 37 4
95 38 4
95 39 1
95 40 3
95 41 1
95 42 1
95 43 5
95 44 2
95 45 4
95 46 4
95 47 4
95 48 4
95 49 3
95 50 2
95 51 2
95 52 2
95 53 4
95 54 4
95 55 5
95 56 2
95 57 4
95 58 4
95 59 5
95 60 2
95 61 3
95 62 4
95 63 3
95 64 2
95 65 2
95 66 5
95 67 3
95 68 1
95 69 5
95 70 4
95 71 3
95 72 5
95 73 4
95 74 5
95 75 2
95 76 2
95 77 3
95 78 2
95 79 1
95 80 5
95 81 5
95 82 2
95 83 3
95 84 3
95 85 3
95 86 2
95 87 1
95 88 3
95 89 1
95 90 1
95 91 4
95 92 5
95 93 4
95 94 4
95 96 3
95 97 2
95 98 3
95 99 1
95 100 2
96 1 5
96 2 1
96 3 2
96 4 4
96 5 4
96 6 3
96 7 2
96 8 3
96 9 5
96 10 5
96 11 5
96 12 1
96 13 5
96 14 1
96 15 3
96 16 4
96 17 5
96 18 1
96 19 5
96 20 2
96 21 3
96 22 5
96 23 3
96 24 4
96 25 3
96 26 1
96 27 2
96 28 4
96 29 5
96 30 4
96 31 3
96 32 4
96 33 4
96 34 1
96 35 5
96 36 2
96 37 3
96 38 1
96 39 1
96 40 2
96 41 1
96 42 5
96 43 4
96 44 5
96 45 3
96 46 1
96 47 5
96 48 2
96 49 1
96 50 4
96 51 4
96 52 4
96 53 3
96 54 1
96 55 4
96 56 2
96 57 3
96 58 5
96 59 3
96 60 2
96 61 3
96 62 2
96 63 3
96 64 3
96 65 2
96 66 2
96 67 5
96 68 4
96 69 2
96 70 5
96 71 2
96 72 4
96 73 5
96 74 5
96 75 5
96 76 2
96 77 2
96 78 5
96 79 5
96 80 2
96 81 3
96 82 3
96 83 2
96 84 3
96 85 5
96 86 1
96 87 4
96 88 2
96 89 2
96 90 1
96 91 1
96 92 2
96 93 2
96 94 3
96 95 4
96 97 5
96 98 4
96 99 5
96 100 5
97 1 2
97 2 5
97 3 1
97 4 3
97 5 1
97 6 2
97 7 2
97 8 4
97 9 3
97 10 1
97 11 3
97 12 2
97 13 1
97 14 3
97 15 5
97 16 3
97 17 2
97 18 2
97 19 1
97 20 4
97 21 4
97 22 4
97 23 4
97 24 5
97 25 2
97 26 3
97 27 5
97 28 2
97 29 3
97 30 5
97 31 1
97 32 1
97 33 4
97 34 4
97 35 3
97 36 1
97 37 5
97 38 2
97 39 1
97 40 5
97 41 2
97 42 3
97 43 3
97 44 4
97 45 5
97 46 2
97 47 1
97 48 4
97 49 4
97 50 4
97 51 2
97 52 4
97 53 4
97 54 2
97 55 5
97 56 5
97 57 1
97 58 4
97 59 3
97 60 3
97 61 3
97 62 1
97 63 5
97 64 3
97 65 4
97 66 3
97 67 3
97 68 5
97 69 4
97 70 3
97 71 1
97 72 2
97 73 3
97 74 3
97 75 1
97 76 4
97 77 2
97 78 3
97 79 2
97 80 5
97 81 3
97 82 5
97 83 5
97 84 1
97 85 3
97 86 4
97 87 1
97 88 3
97 89 2
97 90 5
97 91 2
97 92 5
97 93 5
97 94 2
97 95 2
97 96 3
97 98 1
97 99 2
97 100 5
98 1 4
98 2 1
98 3 5
98 4 2
98 5 3
98 6 5
98 7 4
98 8 4
98 9 1
98 10 2
98 11 2
98 12 5
98 13 4
98 14 2
98 15 4
98 16 5
98 17 1
98 18 4
98 19 2
98 20 4
98 21 5
98 22 1
98 23 2
98 24 1
98 25 3
98 26 3
98 27 5
98 28 2
98 29 3
98 30 3
98 31 1
98 32 3
98 33 3
98 34 1
98 35 5
98 36 3
98 37 5
98 38 3
98 39 1
98 40 2
98 41 1
98 42 2
98 43 1
98 44 2
98 45 5
98 46 1
98 47 3
98 48 1
98 49 1
98 50 4
98 51 1
98 52 5
98 53 1
98 54 2
98 55 3
98 56 5
98 57 5
98 58 4
98 59 2
98 60 4
98 61 1
98 62 2
98 63 4
98 64 3
98 65 4
98 66 3
98 67 5
98 68 5
98 69 2
98 70 2
98 71 1
98 72 5
98 73 4
98 74 3
98 75 1
98 76 3
98 77 5
98 78 3
98 79 5
98 80 5
98 81 3
98 82 5
98 83 2
98 84 5
98 85 2
98 86 1
98 87 5
98 88 3
98 89 4
98 90 1
98 91 3
98 92 4
98 93 4
98 94 1
98 95 1
98 96 5
98 97 5
98 99 3
98 100 4
99 1 4
99 2 4
99 3 2
99 4 3
99 5 2
99 6 4
99 7 5
99 8 2
99 9 1
99 10 2
99 11 1
99 12 5
99 13 1
99 14 3
99 15 3
99 16 5
99 17 4
99 18 3
99 19 1
99 20 3
99 21 1
99 22 3
99 23 5
99 24 4
99 25 4
99 26 3
99 27 2
99 28 3
99 29 2
99 30 4
99 31 1
99 32 2
99 33 2
99 34 4
99 35 4
99 36 1
99 37 5
99 38 3
99 39 2
99 40 5
99 41 1
99 42 4
99 43 1
99 44 1
99 45 3
99 46 4
99 47 3
99 48 3
99 49 3
99 50 5
99 51 5
99 52 1
99 53 3
99 54 2
99 55 4
99 56 1
99 57 4
99 58 2
99 59 3
99 60 2
99 61 5
99 62 5
99 63 4
99 64 4
99 65 4
99 66 4
99 67 4
99 68 5
99 69 4
99 70 2
99 71 4
99 72 1
99 73 2
99 74 4
99 75 2
99 76 5
99 77 4
99 78 1
99 79 2
99 80 2
99 81 5
99 82 2
99 83 4
99 84 4
99 85 5
99 86 4
99 87 4
99 88 3
99 89 1
99 90 3
99 91 1
99 92 5
99 93 5
99 94 4
99 95 3
99 96 5
99 97 5
99 98 3
99 100 4
100 1 3
100 2 4
100 3 2
100 4 3
100 5 1
100 6 2
100 7 1
100 8 5
100 9 1
100 10 3
100 11 1
100 12 4
100 13 5
100 14 4
100 15 2
100 16 3
100 17 3
100 18 5
100 19 4
100 20 2
100 21 2
100 22 1
100 23 5
100 24 2
100 25 5
100 26 5
100 27 1
100 28 4
100 29 4
100 30 1
100 31 4
100 32 3
100 33 4
100 34 5
100 35 3
100 36 4
100 37 2
100 38 5
100 39 5
100 40 4
100 41 3
100 42 3
100 43 4
100 44 4
100 45 1
100 46 2
100 47 1
100 48 1
100 49 1
100 50 4
100 51 4
100 52 3
100 53 2
100 54 3
100 55 1
100 56 3
100 57 3
100 58 3
100 59 4
100 60 3
100 61 3
100 62 2
100 63 1
100 64 4
100 65 2
100 66 5
100 67 4
100 68 5
100 69 4
100 70 4
100 71 5
100 72 3
100 73 1
100 74 3
100 75 1
100 76 3
100 77 4
100 78 2
100 79 5
100 80 1
100 81 2
100 82 1
100 83 5
100 84 3
100 85 3
100 86 2
100 87 1
100 88 2
100 89 5
100 90 1
100 91 5
100 92 4
100 93 2
100 94 2
100 95 4
100 96 5
100 97 1
100 98 3
100 99 1

END
