INSTANCE_NAME cc6-2u.dat
NB_VERTICES 64
NB_ARCS 192
NB_REQUESTS 0
NB_BLOCKAGES 115
NB_A' 3840
NB_TERMINALS 12

VERTICES
1 0 0
2 0 0
3 0 0
4 0 0
5 0 0
6 0 0
7 0 0
8 0 0
9 0 0
10 0 0
11 0 0
12 0 0
13 0 0
14 0 0
15 0 0
16 0 0
17 0 0
18 0 0
19 0 0
20 0 0
21 0 0
22 0 0
23 0 0
24 0 0
25 0 0
26 0 0
27 0 0
28 0 0
29 0 0
30 0 0
31 0 0
32 0 0
33 0 0
34 0 0
35 0 0
36 0 0
37 0 0
38 0 0
39 0 0
40 0 0
41 0 0
42 0 0
43 0 0
44 0 0
45 0 0
46 0 0
47 0 0
48 0 0
49 0 0
50 0 0
51 0 0
52 0 0
53 0 0
54 0 0
55 0 0
56 0 0
57 0 0
58 0 0
59 0 0
60 0 0
61 0 0
62 0 0
63 0 0
64 0 0

ARCS
2 1 2
1 3 1
3 4 1
4 2 2
2 6 2
6 5 1
5 1 1
1 9 1
9 10 1
10 2 2
2 18 2
18 17 1
17 1 1
1 33 1
33 34 1
34 2 2
34 36 2
36 4 2
4 8 1
8 6 1
6 14 1
14 10 1
10 12 1
12 4 1
4 20 1
20 18 1
18 22 1
22 6 1
6 38 2
38 34 2
34 42 1
42 10 1
10 26 1
26 18 1
18 50 1
50 34 1
50 49 2
49 17 2
17 19 1
19 3 1
3 7 2
7 5 2
5 13 1
13 9 1
9 11 1
11 3 1
3 35 1
35 33 1
33 37 1
37 5 1
5 21 1
21 17 1
17 25 1
25 9 1
9 41 2
41 33 2
33 49 2
49 51 2
51 19 1
19 20 1
20 24 2
24 8 2
8 7 2
7 15 2
15 11 1
11 12 1
12 16 2
16 8 2
8 40 1
40 36 2
36 35 2
35 39 1
39 7 2
7 23 2
23 19 1
19 27 2
27 11 2
11 43 1
43 35 1
35 51 1
51 52 1
52 20 1
20 28 1
28 12 1
12 44 1
44 36 2
36 52 2
52 50 1
50 54 1
54 22 1
22 21 1
21 23 1
23 24 2
24 22 2
22 30 1
30 14 1
14 13 1
13 15 1
15 16 2
16 14 2
14 46 1
46 38 2
38 37 2
37 39 1
39 40 1
40 38 2
38 54 2
54 53 1
53 21 1
21 29 2
29 13 2
13 45 1
45 37 1
37 53 1
53 49 2
49 57 2
57 25 1
25 26 1
26 28 1
28 27 2
27 25 2
25 29 2
29 30 2
30 26 1
26 58 2
58 42 2
42 41 2
41 43 2
43 44 1
44 42 1
42 46 1
46 45 1
45 41 2
41 57 2
57 58 2
58 50 2
58 60 2
60 28 1
28 32 1
32 16 2
16 48 2
48 40 1
40 56 1
56 24 2
24 32 2
32 30 1
30 62 1
62 46 1
46 48 1
48 44 1
44 60 1
60 52 1
52 56 1
56 54 1
54 62 1
62 58 2
62 61 1
61 29 2
29 31 2
31 15 1
15 47 1
47 39 1
39 55 1
55 23 1
23 31 1
31 27 2
27 59 2
59 43 1
43 47 1
47 45 1
45 61 1
61 53 1
53 55 1
55 51 1
51 59 1
59 57 1
57 61 1
61 63 2
63 31 2
31 32 1
32 64 1
64 48 1
48 47 1
47 63 2
63 55 2
55 56 1
56 64 1
64 60 1
60 59 1
59 63 2
63 64 2
64 62 1

REQUESTS

BLOCKAGES
8 6
17 1
7 23
48 44
27 11
46 45
45 37
63 55
18 50
40 56
43 35
51 52
4 2
13 15
58 60
63 31
61 53
3 7
50 49
21 23
47 45
62 46
26 28
50 54
60 28
6 5
14 10
7 15
49 57
22 6
27 25
53 55
62 61
26 58
44 36
55 56
47 63
51 19
54 53
17 19
14 13
45 41
30 14
15 16
26 18
35 33
10 26
21 29
23 31
2 1
57 58
32 30
19 27
36 35
22 21
34 42
47 39
33 49
36 52
10 12
4 8
57 25
54 22
31 27
59 63
6 14
25 9
60 59
37 5
20 18
38 54
39 40
33 34
9 41
15 11
58 42
40 38
31 32
49 51
28 12
3 35
16 48
4 20
51 59
42 46
36 4
32 16
59 57
11 12
43 44
28 32
37 39
8 40
46 38
64 62
42 41
38 37
12 44
9 11
39 55
56 64
41 33
24 22
17 25
56 24
23 19
52 50
7 5
60 52
1 9
5 21
1 3
20 24
43 47
64 48

A'
1 2 950
1 4 615
1 5 249
1 6 938
1 7 701
1 8 75
1 10 213
1 11 80
1 12 288
1 13 963
1 14 634
1 15 736
1 16 271
1 17 965
1 18 916
1 19 749
1 20 88
1 21 825
1 22 624
1 23 753
1 24 184
1 25 880
1 26 126
1 27 462
1 28 796
1 29 369
1 30 239
1 31 842
1 32 697
1 34 886
1 35 788
1 36 646
1 37 500
1 38 389
1 39 936
1 40 200
1 41 463
1 42 500
1 43 632
1 44 102
1 45 814
1 46 265
1 47 838
1 48 437
1 49 582
1 50 105
1 51 537
1 52 21
1 53 930
1 54 512
1 55 125
1 56 465
1 57 391
1 58 251
1 59 926
1 60 187
1 61 619
1 62 516
1 63 28
1 64 316
2 3 401
2 4 167
2 5 313
2 7 900
2 8 555
2 9 600
2 10 452
2 11 369
2 12 452
2 13 435
2 14 471
2 15 265
2 16 51
2 17 660
2 19 701
2 20 632
2 21 116
2 22 238
2 23 653
2 24 397
2 25 749
2 26 129
2 27 861
2 28 492
2 29 379
2 30 139
2 31 30
2 32 998
2 33 654
2 34 57
2 35 665
2 36 55
2 37 575
2 38 977
2 39 306
2 40 482
2 41 929
2 42 757
2 43 850
2 44 380
2 45 543
2 46 672
2 47 996
2 48 594
2 49 683
2 50 697
2 51 577
2 52 151
2 53 286
2 54 581
2 55 547
2 56 386
2 57 710
2 58 760
2 59 229
2 60 88
2 61 898
2 62 258
2 63 437
2 64 903
3 1 666
3 2 101
3 5 309
3 6 241
3 8 430
3 9 615
3 10 722
3 11 710
3 12 723
3 13 923
3 14 89
3 15 266
3 16 595
3 17 84
3 18 211
3 19 629
3 20 132
3 21 787
3 22 779
3 23 769
3 24 368
3 25 678
3 26 155
3 27 77
3 28 437
3 29 735
3 30 516
3 31 686
3 32 993
3 33 953
3 34 940
3 36 658
3 37 405
3 38 249
3 39 898
3 40 834
3 41 215
3 42 971
3 43 543
3 44 937
3 45 894
3 46 983
3 47 554
3 48 488
3 49 419
3 50 116
3 51 468
3 52 550
3 53 903
3 54 247
3 55 319
3 56 622
3 57 276
3 58 825
3 59 50
3 60 712
3 61 559
3 62 565
3 63 749
3 64 551
4 1 869
4 3 688
4 5 561
4 6 274
4 7 288
4 9 458
4 10 459
4 11 502
4 12 781
4 13 354
4 14 791
4 15 674
4 16 336
4 17 696
4 18 513
4 19 754
4 21 812
4 22 980
4 23 656
4 24 66
4 25 578
4 26 974
4 27 39
4 28 853
4 29 150
4 30 88
4 31 564
4 32 60
4 33 652
4 34 664
4 35 963
4 36 521
4 37 704
4 38 523
4 39 146
4 40 991
4 41 332
4 42 604
4 43 493
4 44 112
4 45 957
4 46 635
4 47 785
4 48 293
4 49 330
4 50 649
4 51 398
4 52 493
4 53 629
4 54 53
4 55 558
4 56 206
4 57 378
4 58 596
4 59 59
4 60 879
4 61 683
4 62 974
4 63 939
4 64 687
5 2 990
5 3 901
5 4 559
5 6 693
5 7 423
5 8 56
5 9 683
5 10 106
5 11 659
5 12 527
5 14 218
5 15 616
5 16 161
5 17 354
5 18 260
5 19 491
5 20 3
5 22 9
5 23 983
5 24 983
5 25 62
5 26 893
5 27 540
5 28 791
5 29 840
5 30 598
5 31 670
5 32 875
5 33 924
5 34 608
5 35 913
5 36 913
5 37 860
5 38 471
5 39 957
5 40 634
5 41 526
5 42 639
5 43 739
5 44 536
5 45 166
5 46 308
5 47 503
5 48 326
5 49 14
5 50 762
5 51 168
5 52 16
5 53 771
5 54 503
5 55 350
5 56 184
5 57 747
5 58 889
5 59 326
5 60 586
5 61 839
5 62 995
5 63 460
5 64 114
6 1 954
6 2 372
6 3 378
6 4 165
6 7 194
6 8 334
6 9 798
6 10 71
6 11 972
6 12 889
6 13 607
6 15 489
6 16 196
6 17 109
6 18 167
6 19 209
6 20 223
6 21 686
6 22 576
6 23 345
6 24 188
6 25 925
6 26 528
6 27 934
6 28 814
6 29 853
6 30 872
6 31 652
6 32 200
6 33 331
6 34 765
6 35 505
6 36 55
6 37 142
6 39 670
6 40 248
6 41 475
6 42 819
6 43 671
6 44 798
6 45 707
6 46 277
6 47 639
6 48 903
6 49 737
6 50 805
6 51 463
6 52 959
6 53 490
6 54 39
6 55 303
6 56 30
6 57 963
6 58 182
6 59 315
6 60 128
6 61 387
6 62 538
6 63 779
6 64 938
7 1 869
7 2 895
7 3 442
7 4 275
7 6 388
7 8 463
7 9 874
7 10 214
7 11 282
7 12 544
7 13 364
7 14 988
7 16 172
7 17 2
7 18 890
7 19 909
7 20 158
7 21 353
7 22 219
7 24 999
7 25 743
7 26 874
7 27 28
7 28 705
7 29 55
7 30 695
7 31 833
7 32 793
7 33 232
7 34 963
7 35 730
7 36 452
7 37 210
7 38 524
7 39 726
7 40 597
7 41 986
7 42 600
7 43 163
7 44 267
7 45 495
7 46 526
7 47 255
7 48 667
7 49 527
7 50 496
7 51 575
7 52 684
7 53 200
7 54 793
7 55 682
7 56 942
7 57 18
7 58 62
7 59 999
7 60 73
7 61 108
7 62 183
7 63 217
7 64 691
8 1 497
8 2 947
8 3 143
8 4 706
8 5 470
8 9 220
8 10 655
8 11 807
8 12 171
8 13 817
8 14 74
8 15 18
8 16 694
8 17 680
8 18 684
8 19 220
8 20 527
8 21 258
8 22 255
8 23 79
8 24 402
8 25 288
8 26 372
8 27 420
8 28 701
8 29 722
8 30 844
8 31 808
8 32 904
8 33 60
8 34 851
8 35 753
8 36 358
8 37 345
8 38 458
8 39 179
8 41 564
8 42 464
8 43 986
8 44 87
8 45 632
8 46 411
8 47 104
8 48 325
8 49 442
8 50 787
8 51 896
8 52 968
8 53 396
8 54 502
8 55 398
8 56 149
8 57 790
8 58 770
8 59 920
8 60 842
8 61 491
8 62 115
8 63 2
8 64 747
9 1 527
9 2 852
9 3 499
9 4 236
9 5 196
9 6 308
9 7 415
9 8 111
9 12 772
9 13 752
9 14 197
9 15 755
9 16 162
9 17 652
9 18 80
9 19 955
9 20 790
9 21 327
9 22 922
9 23 537
9 24 829
9 25 672
9 26 686
9 27 970
9 28 441
9 29 957
9 30 811
9 31 283
9 32 72
9 33 812
9 34 29
9 35 598
9 36 663
9 37 879
9 38 833
9 39 210
9 40 187
9 42 599
9 43 321
9 44 310
9 45 702
9 46 869
9 47 64
9 48 863
9 49 521
9 50 495
9 51 169
9 52 662
9 53 822
9 54 443
9 55 199
9 56 650
9 57 114
9 58 236
9 59 971
9 60 554
9 61 192
9 62 781
9 63 188
9 64 615
10 1 593
10 3 217
10 4 564
10 5 607
10 6 95
10 7 749
10 8 817
10 9 633
10 11 347
10 13 489
10 14 942
10 15 49
10 16 357
10 17 358
10 18 263
10 19 229
10 20 204
10 21 784
10 22 891
10 23 25
10 24 226
10 25 441
10 27 26
10 28 339
10 29 676
10 30 996
10 31 244
10 32 219
10 33 129
10 34 431
10 35 834
10 36 721
10 37 999
10 38 749
10 39 679
10 40 446
10 41 497
10 42 847
10 43 78
10 44 196
10 45 335
10 46 372
10 47 596
10 48 44
10 49 81
10 50 210
10 51 624
10 52 284
10 53 993
10 54 514
10 55 661
10 56 218
10 57 306
10 58 38
10 59 908
10 60 333
10 61 386
10 62 151
10 63 552
10 64 514
11 1 934
11 2 737
11 4 586
11 5 284
11 6 485
11 7 264
11 8 729
11 9 334
11 10 463
11 13 159
11 14 529
11 15 149
11 16 882
11 17 124
11 18 192
11 19 962
11 20 685
11 21 816
11 22 597
11 23 678
11 24 681
11 25 609
11 26 247
11 27 339
11 28 647
11 29 507
11 30 671
11 31 32
11 32 9
11 33 222
11 34 545
11 35 942
11 36 310
11 37 482
11 38 226
11 39 795
11 40 745
11 41 306
11 42 128
11 44 559
11 45 464
11 46 8
11 47 708
11 48 697
11 49 483
11 50 251
11 51 10
11 52 167
11 53 418
11 54 607
11 55 196
11 56 99
11 57 215
11 58 795
11 59 789
11 60 861
11 61 301
11 62 459
11 63 244
11 64 309
12 1 33
12 2 140
12 3 603
12 5 342
12 6 621
12 7 180
12 8 488
12 9 718
12 10 485
12 11 967
12 13 276
12 14 301
12 15 974
12 17 335
12 18 997
12 19 808
12 20 586
12 21 7
12 22 975
12 23 3
12 24 965
12 25 522
12 26 453
12 27 179
12 28 316
12 29 241
12 30 392
12 31 968
12 32 700
12 33 635
12 34 277
12 35 84
12 36 127
12 37 879
12 38 425
12 39 747
12 40 58
12 41 265
12 42 464
12 43 894
12 45 583
12 46 92
12 47 194
12 48 557
12 49 426
12 50 543
12 51 716
12 52 11
12 53 901
12 54 42
12 55 14
12 56 865
12 57 564
12 58 818
12 59 395
12 60 231
12 61 59
12 62 786
12 63 199
12 64 110
13 1 773
13 2 827
13 3 193
13 4 899
13 5 705
13 6 969
13 7 997
13 8 114
13 10 585
13 11 461
13 12 7
13 14 168
13 16 904
13 17 553
13 18 76
13 19 329
13 20 447
13 21 791
13 22 340
13 23 347
13 24 833
13 25 705
13 26 211
13 27 748
13 28 522
13 29 957
13 30 978
13 31 932
13 32 743
13 33 528
13 34 41
13 35 867
13 36 354
13 37 585
13 38 117
13 39 410
13 40 906
13 41 113
13 42 523
13 43 490
13 44 925
13 46 882
13 47 657
13 48 828
13 49 786
13 50 732
13 51 157
13 52 232
13 53 523
13 54 848
13 55 578
13 56 707
13 57 904
13 58 140
13 59 454
13 60 777
13 61 96
13 62 783
13 63 709
13 64 190
14 1 311
14 2 101
14 3 408
14 4 16
14 5 38
14 6 524
14 7 426
14 8 943
14 9 989
14 11 300
14 12 432
14 15 913
14 16 533
14 17 89
14 18 741
14 19 318
14 20 172
14 21 249
14 22 549
14 23 694
14 24 448
14 25 478
14 26 752
14 27 351
14 28 969
14 29 205
14 30 127
14 31 417
14 32 340
14 33 187
14 34 958
14 35 2
14 36 288
14 37 366
14 38 17
14 39 677
14 40 889
14 41 794
14 42 619
14 43 229
14 44 446
14 45 50
14 47 142
14 48 978
14 49 490
14 50 234
14 51 648
14 52 14
14 53 834
14 54 548
14 55 59
14 56 281
14 57 378
14 58 811
14 59 631
14 60 346
14 61 367
14 62 109
14 63 762
14 64 706
15 1 296
15 2 720
15 3 707
15 4 935
15 5 437
15 6 76
15 7 611
15 8 677
15 9 221
15 10 229
15 12 906
15 13 666
15 14 630
15 17 47
15 18 996
15 19 472
15 20 632
15 21 643
15 22 485
15 23 465
15 24 190
15 25 543
15 26 97
15 27 567
15 28 353
15 29 79
15 30 265
15 31 72
15 32 187
15 33 378
15 34 777
15 35 482
15 36 97
15 37 836
15 38 768
15 39 533
15 40 911
15 41 378
15 42 562
15 43 483
15 44 958
15 45 467
15 46 149
15 48 940
15 49 865
15 50 496
15 51 411
15 52 496
15 53 138
15 54 247
15 55 312
15 56 679
15 57 141
15 58 408
15 59 598
15 60 846
15 61 486
15 62 862
15 63 917
15 64 24
16 1 239
16 2 693
16 3 506
16 4 688
16 5 880
16 6 625
16 7 572
16 9 142
16 10 3
16 11 133
16 12 625
16 13 312
16 15 599
16 17 125
16 18 251
16 19 815
16 20 620
16 21 13
16 22 310
16 23 757
16 24 259
16 25 973
16 26 787
16 27 400
16 28 380
16 29 384
16 30 245
16 31 217
16 32 597
16 33 161
16 34 241
16 35 188
16 36 205
16 37 98
16 38 227
16 39 85
16 40 74
16 41 798
16 42 578
16 43 76
16 44 283
16 45 202
16 46 740
16 47 233
16 49 326
16 50 990
16 51 48
16 52 945
16 53 355
16 54 709
16 55 53
16 56 613
16 57 682
16 58 192
16 59 364
16 60 413
16 61 575
16 62 960
16 63 982
16 64 524
17 2 472
17 3 222
17 4 711
17 5 677
17 6 671
17 7 937
17 8 113
17 9 744
17 10 86
17 11 690
17 12 172
17 13 368
17 14 244
17 15 263
17 16 953
17 18 569
17 20 604
17 21 1000
17 22 866
17 23 958
17 24 708
17 26 270
17 27 571
17 28 389
17 29 461
17 30 286
17 31 802
17 32 388
17 33 246
17 34 135
17 35 911
17 36 717
17 37 356
17 38 973
17 39 745
17 40 378
17 41 261
17 42 857
17 43 473
17 44 346
17 45 899
17 46 996
17 47 66
17 48 142
17 49 258
17 50 18
17 51 62
17 52 862
17 53 369
17 54 927
17 55 819
17 56 76
17 57 549
17 58 741
17 59 817
17 60 9
17 61 379
17 62 970
17 63 396
17 64 624
18 1 104
18 2 658
18 3 340
18 4 811
18 5 630
18 6 437
18 7 540
18 8 890
18 9 293
18 10 12
18 11 588
18 12 543
18 13 360
18 14 653
18 15 684
18 16 969
18 19 22
18 20 746
18 21 830
18 23 390
18 24 24
18 25 1
18 26 817
18 27 572
18 28 93
18 29 633
18 30 933
18 31 471
18 32 954
18 33 328
18 34 94
18 35 57
18 36 986
18 37 786
18 38 219
18 39 967
18 40 222
18 41 758
18 42 857
18 43 866
18 44 770
18 45 444
18 46 409
18 47 481
18 48 448
18 49 444
18 51 449
18 52 821
18 53 541
18 54 279
18 55 210
18 56 917
18 57 631
18 58 378
18 59 488
18 60 75
18 61 11
18 62 772
18 63 546
18 64 316
19 1 100
19 2 991
19 4 373
19 5 437
19 6 128
19 7 591
19 8 755
19 9 701
19 10 349
19 11 611
19 12 919
19 13 470
19 14 406
19 15 327
19 16 950
19 17 205
19 18 122
19 21 750
19 22 25
19 23 663
19 24 380
19 25 586
19 26 579
19 28 10
19 29 964
19 30 418
19 31 85
19 32 326
19 33 190
19 34 982
19 35 641
19 36 641
19 37 324
19 38 365
19 39 429
19 40 452
19 41 956
19 42 183
19 43 504
19 44 656
19 45 146
19 46 422
19 47 477
19 48 903
19 49 748
19 50 778
19 51 108
19 52 222
19 53 527
19 54 484
19 55 884
19 56 907
19 57 70
19 58 814
19 59 268
19 60 385
19 61 583
19 62 352
19 63 710
19 64 124
20 1 685
20 2 702
20 3 116
20 4 9
20 5 67
20 6 544
20 7 812
20 8 22
20 9 79
20 10 315
20 11 29
20 12 576
20 13 737
20 14 505
20 15 478
20 16 836
20 17 282
20 19 937
20 21 57
20 22 808
20 23 773
20 25 292
20 26 66
20 27 194
20 29 105
20 30 334
20 31 578
20 32 40
20 33 37
20 34 639
20 35 163
20 36 722
20 37 340
20 38 279
20 39 82
20 40 406
20 41 174
20 42 893
20 43 779
20 44 604
20 45 207
20 46 807
20 47 179
20 48 943
20 49 663
20 50 9
20 51 131
20 52 944
20 53 297
20 54 187
20 55 104
20 56 69
20 57 831
20 58 521
20 59 262
20 60 287
20 61 854
20 62 191
20 63 326
20 64 891
21 1 829
21 2 841
21 3 964
21 4 521
21 5 119
21 6 45
21 7 926
21 8 644
21 9 937
21 10 57
21 11 248
21 12 495
21 13 863
21 14 778
21 15 790
21 16 878
21 18 786
21 19 920
21 20 173
21 22 83
21 24 458
21 25 628
21 26 503
21 27 288
21 28 149
21 30 765
21 31 575
21 32 2
21 33 307
21 34 252
21 35 892
21 36 136
21 37 92
21 38 207
21 39 8
21 40 562
21 41 251
21 42 933
21 43 206
21 44 539
21 45 989
21 46 805
21 47 34
21 48 204
21 49 582
21 50 823
21 51 81
21 52 720
21 53 94
21 54 605
21 55 154
21 56 551
21 57 233
21 58 656
21 59 191
21 60 381
21 61 772
21 62 117
21 63 382
21 64 79
22 1 368
22 2 626
22 3 566
22 4 460
22 5 832
22 7 573
22 8 21
22 9 435
22 10 857
22 11 578
22 12 973
22 13 198
22 14 382
22 15 6
22 16 401
22 17 316
22 18 180
22 19 833
22 20 35
22 23 625
22 24 437
22 25 540
22 26 528
22 27 669
22 28 195
22 29 718
22 31 49
22 32 319
22 33 834
22 34 783
22 35 397
22 36 553
22 37 760
22 38 314
22 39 12
22 40 591
22 41 886
22 42 385
22 43 377
22 44 742
22 45 962
22 46 350
22 47 939
22 48 696
22 49 707
22 50 691
22 51 11
22 52 239
22 53 875
22 54 397
22 55 863
22 56 312
22 57 288
22 58 390
22 59 332
22 60 482
22 61 459
22 62 733
22 63 800
22 64 644
23 1 515
23 2 548
23 3 197
23 4 274
23 5 861
23 6 560
23 7 216
23 8 98
23 9 944
23 10 593
23 11 840
23 12 258
23 13 294
23 14 130
23 15 953
23 16 1000
23 17 173
23 18 315
23 20 238
23 21 47
23 22 63
23 25 453
23 26 358
23 27 350
23 28 194
23 29 42
23 30 183
23 32 653
23 33 774
23 34 983
23 35 648
23 36 288
23 37 882
23 38 844
23 39 913
23 40 743
23 41 404
23 42 480
23 43 192
23 44 347
23 45 72
23 46 383
23 47 956
23 48 365
23 49 513
23 50 908
23 51 717
23 52 37
23 53 222
23 54 306
23 55 83
23 56 636
23 57 758
23 58 793
23 59 985
23 60 952
23 61 834
23 62 168
23 63 956
23 64 959
24 1 502
24 2 603
24 3 246
24 4 735
24 5 799
24 6 510
24 7 829
24 9 202
24 10 989
24 11 21
24 12 900
24 13 413
24 14 403
24 15 856
24 16 777
24 17 915
24 18 115
24 19 845
24 20 303
24 21 689
24 23 151
24 25 386
24 26 324
24 27 908
24 28 178
24 29 309
24 30 211
24 31 363
24 33 828
24 34 518
24 35 321
24 36 681
24 37 473
24 38 918
24 39 415
24 40 271
24 41 427
24 42 244
24 43 824
24 44 767
24 45 264
24 46 75
24 47 179
24 48 666
24 49 282
24 50 308
24 51 933
24 52 397
24 53 152
24 54 235
24 55 85
24 56 302
24 57 972
24 58 760
24 59 562
24 60 149
24 61 420
24 62 124
24 63 863
24 64 599
25 1 994
25 2 183
25 3 279
25 4 466
25 5 100
25 6 694
25 7 88
25 8 878
25 10 289
25 11 263
25 12 997
25 13 552
25 14 337
25 15 175
25 16 569
25 17 619
25 18 834
25 19 501
25 20 367
25 21 986
25 22 88
25 23 803
25 24 639
25 27 59
25 28 562
25 30 552
25 31 560
25 32 334
25 33 676
25 34 422
25 35 932
25 36 669
25 37 957
25 38 211
25 39 486
25 40 56
25 41 256
25 42 573
25 43 286
25 44 544
25 45 835
25 46 282
25 47 95
25 48 523
25 49 808
25 50 15
25 51 493
25 52 642
25 53 516
25 54 859
25 55 979
25 56 955
25 57 13
25 58 617
25 59 13
25 60 927
25 61 521
25 62 924
25 63 260
25 64 196
26 1 346
26 2 191
26 3 216
26 4 302
26 5 753
26 6 701
26 7 709
26 8 8
26 9 625
26 10 346
26 11 903
26 12 811
26 13 979
26 14 349
26 15 333
26 16 139
26 17 364
26 19 826
26 20 780
26 21 231
26 22 36
26 23 110
26 24 185
26 25 49
26 27 78
26 29 549
26 30 975
26 31 598
26 32 473
26 33 586
26 34 145
26 35 170
26 36 128
26 37 360
26 38 823
26 39 881
26 40 412
26 41 531
26 42 240
26 43 388
26 44 229
26 45 143
26 46 198
26 47 207
26 48 843
26 49 883
26 50 345
26 51 206
26 52 708
26 53 476
26 54 436
26 55 743
26 56 585
26 57 972
26 59 143
26 60 15
26 61 873
26 62 469
26 63 612
26 64 697
27 1 54
27 2 109
27 3 866
27 4 534
27 5 468
27 6 688
27 7 414
27 8 232
27 9 570
27 10 5
27 12 619
27 13 798
27 14 499
27 15 169
27 16 5
27 17 342
27 18 51
27 19 701
27 20 899
27 21 110
27 22 177
27 23 687
27 24 204
27 26 113
27 28 658
27 29 347
27 30 127
27 31 882
27 32 167
27 33 91
27 34 578
27 35 573
27 36 199
27 37 443
27 38 106
27 39 18
27 40 482
27 41 871
27 42 601
27 43 52
27 44 875
27 45 220
27 46 849
27 47 726
27 48 740
27 49 205
27 50 419
27 51 790
27 52 906
27 53 317
27 54 899
27 55 434
27 56 3
27 57 102
27 58 546
27 60 13
27 61 800
27 62 25
27 63 894
27 64 967
28 1 115
28 2 472
28 3 539
28 4 665
28 5 266
28 6 644
28 7 34
28 8 748
28 9 866
28 10 635
28 11 799
28 13 740
28 14 206
28 15 999
28 16 817
28 17 945
28 18 204
28 19 235
28 20 86
28 21 109
28 22 904
28 23 336
28 24 542
28 25 258
28 26 437
28 29 439
28 30 270
28 31 589
28 33 463
28 34 516
28 35 907
28 36 929
28 37 339
28 38 797
28 39 945
28 40 604
28 41 792
28 42 979
28 43 351
28 44 657
28 45 965
28 46 501
28 47 748
28 48 170
28 49 500
28 50 565
28 51 114
28 52 703
28 53 151
28 54 551
28 55 163
28 56 54
28 57 886
28 58 56
28 59 312
28 60 674
28 61 494
28 62 933
28 63 262
28 64 309
29 1 448
29 2 520
29 3 589
29 4 786
29 5 316
29 6 534
29 7 742
29 8 107
29 9 864
29 10 92
29 11 763
29 12 828
29 14 593
29 15 511
29 16 997
29 17 92
29 18 427
29 19 462
29 20 146
29 21 577
29 22 12
29 23 308
29 24 631
29 25 249
29 26 363
29 27 942
29 28 922
29 32 856
29 33 874
29 34 536
29 35 516
29 36 674
29 37 55
29 38 105
29 39 811
29 40 371
29 41 638
29 42 552
29 43 477
29 44 853
29 45 644
29 46 592
29 47 680
29 48 588
29 49 454
29 50 28
29 51 679
29 52 880
29 53 841
29 54 824
29 55 456
29 56 204
29 57 483
29 58 438
29 59 452
29 60 845
29 61 731
29 62 373
29 63 52
29 64 957
30 1 908
30 2 568
30 3 630
30 4 963
30 5 672
30 6 440
30 7 685
30 8 661
30 9 992
30 10 161
30 11 865
30 12 987
30 13 104
30 15 896
30 16 574
30 17 557
30 18 923
30 19 604
30 20 436
30 21 763
30 22 779
30 23 244
30 24 318
30 25 261
30 27 33
30 28 769
30 29 457
30 31 764
30 32 141
30 33 508
30 34 720
30 35 401
30 36 427
30 37 701
30 38 363
30 39 450
30 40 492
30 41 47
30 42 110
30 43 835
30 44 559
30 45 326
30 46 173
30 47 663
30 48 221
30 49 746
30 50 571
30 51 143
30 52 701
30 53 359
30 54 257
30 55 831
30 56 602
30 57 574
30 58 443
30 59 986
30 60 694
30 61 899
30 63 749
30 64 187
31 1 759
31 2 820
31 3 587
31 4 185
31 5 872
31 6 301
31 7 987
31 8 716
31 9 699
31 10 448
31 11 550
31 12 609
31 13 774
31 14 723
31 16 623
31 17 994
31 18 820
31 19 194
31 20 489
31 21 873
31 22 552
31 23 97
31 24 703
31 25 505
31 26 23
31 28 146
31 29 490
31 30 716
31 33 396
31 34 591
31 35 902
31 36 506
31 37 762
31 38 488
31 39 43
31 40 634
31 41 140
31 42 29
31 43 349
31 44 838
31 45 476
31 46 250
31 47 447
31 48 601
31 49 972
31 50 421
31 51 595
31 52 144
31 53 614
31 54 83
31 55 16
31 56 165
31 57 179
31 58 718
31 59 21
31 60 201
31 61 215
31 62 511
31 63 269
31 64 963
32 1 101
32 2 170
32 3 820
32 4 862
32 5 10
32 6 862
32 7 847
32 8 501
32 9 242
32 10 195
32 11 339
32 12 718
32 13 797
32 14 137
32 15 670
32 17 768
32 18 557
32 19 264
32 20 911
32 21 523
32 22 698
32 23 278
32 24 39
32 25 229
32 26 996
32 27 60
32 28 781
32 29 562
32 31 570
32 33 49
32 34 876
32 35 22
32 36 571
32 37 696
32 38 235
32 39 932
32 40 909
32 41 82
32 42 432
32 43 151
32 44 628
32 45 122
32 46 220
32 47 424
32 48 610
32 49 889
32 50 544
32 51 519
32 52 153
32 53 806
32 54 41
32 55 202
32 56 84
32 57 79
32 58 430
32 59 431
32 60 138
32 61 211
32 62 344
32 63 59
33 1 611
33 2 220
33 3 80
33 4 181
33 5 267
33 6 667
33 7 112
33 8 175
33 9 748
33 10 896
33 11 325
33 12 727
33 13 17
33 14 896
33 15 151
33 16 627
33 17 785
33 18 46
33 19 145
33 20 289
33 21 851
33 22 185
33 23 490
33 24 934
33 25 615
33 26 272
33 27 364
33 28 105
33 29 834
33 30 708
33 31 163
33 32 444
33 35 279
33 36 595
33 38 977
33 39 545
33 40 261
33 41 440
33 42 719
33 43 360
33 44 335
33 45 396
33 46 86
33 47 704
33 48 291
33 50 588
33 51 330
33 52 427
33 53 633
33 54 826
33 55 715
33 56 836
33 57 362
33 58 557
33 59 769
33 60 976
33 61 828
33 62 485
33 63 80
33 64 13
34 1 544
34 3 595
34 4 808
34 5 822
34 6 189
34 7 784
34 8 718
34 9 801
34 10 576
34 11 436
34 12 160
34 13 262
34 14 183
34 15 597
34 16 965
34 17 474
34 18 537
34 19 646
34 20 252
34 21 521
34 22 471
34 23 967
34 24 356
34 25 832
34 26 875
34 27 125
34 28 808
34 29 54
34 30 961
34 31 239
34 32 66
34 33 504
34 35 833
34 37 873
34 38 677
34 39 21
34 40 9
34 41 394
34 43 173
34 44 584
34 45 181
34 46 332
34 47 197
34 48 364
34 49 281
34 50 162
34 51 189
34 52 817
34 53 807
34 54 440
34 55 337
34 56 630
34 57 758
34 58 693
34 59 461
34 60 632
34 61 169
34 62 620
34 63 685
34 64 129
35 1 859
35 2 102
35 3 984
35 4 691
35 5 327
35 6 660
35 7 64
35 8 335
35 9 405
35 10 588
35 11 270
35 12 585
35 13 920
35 14 466
35 15 948
35 16 552
35 17 979
35 18 488
35 19 368
35 20 138
35 21 928
35 22 704
35 23 767
35 24 37
35 25 748
35 26 227
35 27 669
35 28 268
35 29 847
35 30 705
35 31 748
35 32 57
35 34 159
35 36 731
35 37 99
35 38 485
35 40 742
35 41 514
35 42 819
35 43 146
35 44 102
35 45 440
35 46 83
35 47 373
35 48 257
35 49 30
35 50 924
35 52 236
35 53 870
35 54 291
35 55 373
35 56 797
35 57 346
35 58 139
35 59 833
35 60 446
35 61 717
35 62 853
35 63 713
35 64 563
36 1 910
36 2 461
36 3 971
36 5 68
36 6 543
36 7 70
36 8 552
36 9 285
36 10 935
36 11 722
36 12 782
36 13 36
36 14 513
36 15 864
36 16 408
36 17 769
36 18 246
36 19 331
36 20 4
36 21 115
36 22 973
36 23 728
36 24 263
36 25 671
36 26 866
36 27 95
36 28 116
36 29 583
36 30 300
36 31 828
36 32 497
36 33 209
36 34 640
36 37 820
36 38 628
36 39 183
36 40 889
36 41 531
36 42 819
36 43 823
36 44 252
36 45 600
36 46 211
36 47 764
36 48 464
36 49 618
36 50 884
36 51 709
36 53 301
36 54 888
36 55 823
36 56 273
36 57 615
36 58 85
36 59 295
36 60 833
36 61 531
36 62 410
36 63 767
36 64 182
37 1 590
37 2 263
37 3 742
37 4 581
37 6 82
37 7 369
37 8 763
37 9 322
37 10 899
37 11 581
37 12 497
37 13 502
37 14 533
37 15 707
37 16 617
37 17 996
37 18 676
37 19 501
37 20 56
37 21 976
37 22 740
37 23 878
37 24 601
37 25 706
37 26 314
37 27 895
37 28 538
37 29 844
37 30 657
37 31 304
37 32 26
37 33 598
37 34 919
37 35 767
37 36 178
37 38 352
37 40 488
37 41 941
37 42 26
37 43 386
37 44 873
37 45 522
37 46 888
37 47 405
37 48 580
37 49 856
37 50 752
37 51 607
37 52 356
37 54 807
37 55 935
37 56 95
37 57 684
37 58 535
37 59 801
37 60 349
37 61 781
37 62 690
37 63 193
37 64 789
38 1 994
38 2 570
38 3 386
38 4 264
38 5 688
38 6 564
38 7 967
38 8 175
38 9 856
38 10 992
38 11 913
38 12 728
38 13 865
38 14 152
38 15 485
38 16 796
38 17 7
38 18 588
38 19 403
38 20 363
38 21 395
38 22 337
38 23 809
38 24 430
38 25 223
38 26 961
38 27 779
38 28 355
38 29 651
38 30 323
38 31 144
38 32 996
38 33 892
38 35 881
38 36 259
38 39 931
38 40 444
38 41 577
38 42 106
38 43 299
38 44 569
38 45 370
38 46 379
38 47 433
38 48 521
38 49 215
38 50 581
38 51 527
38 52 802
38 53 983
38 55 241
38 56 548
38 57 671
38 58 50
38 59 978
38 60 245
38 61 362
38 62 108
38 63 599
38 64 12
39 1 430
39 2 94
39 3 359
39 4 673
39 5 975
39 6 969
39 8 955
39 9 770
39 10 546
39 11 412
39 12 69
39 13 114
39 14 781
39 15 799
39 16 898
39 17 301
39 18 365
39 19 478
39 20 180
39 21 166
39 22 812
39 23 420
39 24 66
39 25 482
39 26 821
39 27 43
39 28 726
39 29 183
39 30 502
39 31 677
39 32 194
39 33 283
39 34 770
39 35 553
39 36 307
39 37 96
39 38 521
39 41 261
39 42 866
39 43 418
39 44 673
39 45 286
39 46 531
39 47 805
39 48 436
39 49 781
39 50 458
39 51 800
39 52 258
39 53 637
39 54 317
39 56 422
39 57 56
39 58 382
39 59 903
39 60 229
39 61 776
39 62 981
39 63 411
39 64 277
40 1 657
40 2 956
40 3 911
40 4 778
40 5 860
40 6 217
40 7 226
40 8 733
40 9 478
40 10 91
40 11 150
40 12 502
40 13 728
40 14 681
40 15 306
40 16 163
40 17 813
40 18 115
40 19 314
40 20 70
40 21 751
40 22 630
40 23 491
40 24 159
40 25 364
40 26 746
40 27 387
40 28 139
40 29 78
40 30 797
40 31 768
40 32 86
40 33 752
40 34 678
40 35 215
40 37 964
40 39 895
40 41 440
40 42 696
40 43 724
40 44 882
40 45 845
40 46 577
40 47 609
40 48 877
40 49 234
40 50 123
40 51 689
40 52 349
40 53 436
40 54 111
40 55 99
40 57 418
40 58 953
40 59 609
40 60 781
40 61 698
40 62 995
40 63 919
40 64 127
41 1 143
41 2 38
41 3 212
41 4 247
41 5 716
41 6 427
41 7 210
41 8 962
41 9 866
41 10 905
41 11 37
41 12 748
41 13 749
41 14 965
41 15 708
41 16 978
41 17 198
41 18 831
41 19 666
41 20 898
41 21 618
41 22 776
41 23 349
41 24 35
41 25 729
41 26 957
41 27 815
41 28 778
41 29 952
41 30 86
41 31 257
41 32 94
41 34 475
41 35 468
41 36 340
41 37 190
41 38 246
41 39 901
41 40 503
41 42 112
41 44 805
41 45 891
41 46 211
41 47 906
41 48 855
41 49 270
41 50 883
41 51 405
41 52 452
41 53 900
41 54 302
41 55 70
41 56 28
41 58 2
41 59 456
41 60 108
41 61 959
41 62 271
41 63 237
41 64 262
42 1 708
42 2 493
42 3 707
42 4 182
42 5 961
42 6 399
42 7 724
42 8 206
42 9 299
42 11 578
42 12 669
42 13 104
42 14 821
42 15 231
42 16 361
42 17 675
42 18 501
42 19 595
42 20 431
42 21 304
42 22 494
42 23 85
42 24 373
42 25 873
42 26 86
42 27 829
42 28 980
42 29 396
42 30 451
42 31 217
42 32 657
42 33 510
42 34 709
42 35 364
42 36 691
42 37 21
42 38 762
42 39 766
42 40 579
42 43 412
42 44 344
42 45 247
42 47 867
42 48 164
42 49 830
42 50 227
42 51 190
42 52 682
42 53 821
42 54 973
42 55 985
42 56 667
42 57 57
42 58 358
42 59 539
42 60 494
42 61 538
42 62 871
42 63 890
42 64 988
43 1 87
43 2 546
43 3 497
43 4 147
43 5 261
43 6 539
43 7 520
43 8 374
43 9 305
43 10 98
43 11 786
43 12 1000
43 13 696
43 14 652
43 15 515
43 16 525
43 17 231
43 18 56
43 19 206
43 20 51
43 21 28
43 22 543
43 23 69
43 24 436
43 25 252
43 26 608
43 27 930
43 28 789
43 29 478
43 30 819
43 31 128
43 32 916
43 33 716
43 34 976
43 36 62
43 37 329
43 38 514
43 39 933
43 40 54
43 41 170
43 42 30
43 45 191
43 46 521
43 48 726
43 49 843
43 50 387
43 51 602
43 52 425
43 53 443
43 54 160
43 55 475
43 56 822
43 57 702
43 58 896
43 59 610
43 60 953
43 61 503
43 62 539
43 63 741
43 64 332
44 1 709
44 2 220
44 3 247
44 4 776
44 5 195
44 6 660
44 7 104
44 8 60
44 9 593
44 10 510
44 11 230
44 12 974
44 13 700
44 14 102
44 15 51
44 16 894
44 17 489
44 18 653
44 19 318
44 20 283
44 21 812
44 22 145
44 23 456
44 24 513
44 25 40
44 26 65
44 27 817
44 28 894
44 29 955
44 30 909
44 31 225
44 32 15
44 33 128
44 34 823
44 35 791
44 37 322
44 38 834
44 39 246
44 40 733
44 41 778
44 43 755
44 45 314
44 46 752
44 47 807
44 48 416
44 49 802
44 50 700
44 51 256
44 52 806
44 53 18
44 54 890
44 55 617
44 56 162
44 57 697
44 58 481
44 59 553
44 61 114
44 62 297
44 63 446
44 64 68
45 1 205
45 2 22
45 3 83
45 4 684
45 5 844
45 6 225
45 7 357
45 8 29
45 9 822
45 10 90
45 11 807
45 12 929
45 13 403
45 14 910
45 15 735
45 16 170
45 17 63
45 18 434
45 19 425
45 20 869
45 21 803
45 22 314
45 23 837
45 24 316
45 25 363
45 26 318
45 27 868
45 28 476
45 29 966
45 30 313
45 31 543
45 32 523
45 33 334
45 34 977
45 35 206
45 36 529
45 38 553
45 39 563
45 40 558
45 42 727
45 43 4
45 44 716
45 46 655
45 47 406
45 48 625
45 49 741
45 50 576
45 51 39
45 52 174
45 53 352
45 54 907
45 55 329
45 56 18
45 57 744
45 58 644
45 59 380
45 60 413
45 62 512
45 63 855
45 64 730
46 1 176
46 2 749
46 3 252
46 4 862
46 5 78
46 6 810
46 7 390
46 8 630
46 9 724
46 10 299
46 11 356
46 12 727
46 13 14
46 14 362
46 15 484
46 16 990
46 17 102
46 18 411
46 19 29
46 20 628
46 21 763
46 22 287
46 23 956
46 24 780
46 25 382
46 26 599
46 27 159
46 28 794
46 29 110
46 30 365
46 31 876
46 32 638
46 33 113
46 34 127
46 35 499
46 36 190
46 37 288
46 39 240
46 40 172
46 41 363
46 42 539
46 43 527
46 44 441
46 47 904
46 49 889
46 50 925
46 51 246
46 52 342
46 53 335
46 54 626
46 55 969
46 56 97
46 57 912
46 58 924
46 59 876
46 60 294
46 61 523
46 62 386
46 63 439
46 64 984
47 1 750
47 2 314
47 3 621
47 4 215
47 5 793
47 6 471
47 7 404
47 8 80
47 9 711
47 10 575
47 11 795
47 12 601
47 13 454
47 14 235
47 15 856
47 16 694
47 17 159
47 18 101
47 19 35
47 20 494
47 21 726
47 22 4
47 23 942
47 24 638
47 25 279
47 26 170
47 27 283
47 28 801
47 29 907
47 30 721
47 31 137
47 32 657
47 33 35
47 34 109
47 35 223
47 36 827
47 37 580
47 38 626
47 40 258
47 41 642
47 42 553
47 43 52
47 44 242
47 46 6
47 48 287
47 49 97
47 50 51
47 51 445
47 52 550
47 53 85
47 54 290
47 55 275
47 56 440
47 57 584
47 58 264
47 59 719
47 60 753
47 61 546
47 62 871
47 64 11
48 1 267
48 2 359
48 3 19
48 4 653
48 5 468
48 6 241
48 7 479
48 8 399
48 9 867
48 10 88
48 11 392
48 12 419
48 13 140
48 14 633
48 15 776
48 16 778
48 17 81
48 18 826
48 19 574
48 20 630
48 21 262
48 22 864
48 23 257
48 24 54
48 25 799
48 26 520
48 27 124
48 28 903
48 29 418
48 30 346
48 31 913
48 32 36
48 33 705
48 34 932
48 35 688
48 36 524
48 37 172
48 38 166
48 39 922
48 41 390
48 42 605
48 43 665
48 45 160
48 46 744
48 49 297
48 50 287
48 51 521
48 52 729
48 53 464
48 54 95
48 55 711
48 56 726
48 57 310
48 58 319
48 59 131
48 60 460
48 61 838
48 62 606
48 63 362
48 64 607
49 1 951
49 2 274
49 3 642
49 4 655
49 5 557
49 6 329
49 7 530
49 8 729
49 9 846
49 10 803
49 11 470
49 12 451
49 13 467
49 14 630
49 15 546
49 16 115
49 18 916
49 19 67
49 20 844
49 21 380
49 22 513
49 23 906
49 24 457
49 25 174
49 26 224
49 27 939
49 28 633
49 29 413
49 30 544
49 31 994
49 32 20
49 33 494
49 34 619
49 35 661
49 36 501
49 37 176
49 38 342
49 39 30
49 40 256
49 41 187
49 42 833
49 43 77
49 44 989
49 45 651
49 46 706
49 47 535
49 48 766
49 50 974
49 52 953
49 53 961
49 54 705
49 55 465
49 56 866
49 58 513
49 59 990
49 60 89
49 61 451
49 62 622
49 63 501
49 64 994
50 1 967
50 2 872
50 3 839
50 4 585
50 5 885
50 6 339
50 7 112
50 8 226
50 9 721
50 10 719
50 11 764
50 12 905
50 13 148
50 14 753
50 15 555
50 16 853
50 17 287
50 18 672
50 19 178
50 20 239
50 21 632
50 22 234
50 23 55
50 24 497
50 25 746
50 26 44
50 27 585
50 28 196
50 29 17
50 30 438
50 31 541
50 32 983
50 33 309
50 35 380
50 36 919
50 37 193
50 38 70
50 39 383
50 40 770
50 41 142
50 42 453
50 43 534
50 44 46
50 45 600
50 46 286
50 47 953
50 48 805
50 51 572
50 52 624
50 53 334
50 55 162
50 56 256
50 57 568
50 58 568
50 59 752
50 60 313
50 61 611
50 62 689
50 63 861
50 64 979
51 1 478
51 2 401
51 3 313
51 4 786
51 5 132
51 6 231
51 7 331
51 8 554
51 9 965
51 10 100
51 11 695
51 12 418
51 13 633
51 14 93
51 15 369
51 16 270
51 17 397
51 18 173
51 20 841
51 21 20
51 22 507
51 23 354
51 24 627
51 25 74
51 26 921
51 27 731
51 28 738
51 29 883
51 30 771
51 31 598
51 32 861
51 33 248
51 34 999
51 35 173
51 36 385
51 37 482
51 38 756
51 39 715
51 40 387
51 41 720
51 42 167
51 43 82
51 44 489
51 45 151
51 46 526
51 47 858
51 48 421
51 49 922
51 50 382
51 53 613
51 54 293
51 55 240
51 56 967
51 57 920
51 58 665
51 60 887
51 61 2
51 62 403
51 63 770
51 64 772
52 1 1000
52 2 982
52 3 19
52 4 350
52 5 155
52 6 755
52 7 184
52 8 910
52 9 470
52 10 570
52 11 981
52 12 988
52 13 3
52 14 470
52 15 138
52 16 528
52 17 679
52 18 910
52 19 801
52 21 60
52 22 523
52 23 94
52 24 652
52 25 489
52 26 365
52 27 316
52 28 727
52 29 366
52 30 718
52 31 848
52 32 137
52 33 70
52 34 830
52 35 507
52 36 771
52 37 336
52 38 261
52 39 954
52 40 245
52 41 82
52 42 524
52 43 577
52 44 421
52 45 526
52 46 46
52 47 911
52 48 406
52 49 76
52 51 820
52 53 206
52 54 488
52 55 342
52 57 299
52 58 139
52 59 182
52 60 15
52 61 454
52 62 261
52 63 380
52 64 524
53 1 108
53 2 868
53 3 593
53 4 289
53 5 726
53 6 363
53 7 624
53 8 987
53 9 669
53 10 220
53 11 420
53 12 192
53 13 797
53 14 841
53 15 69
53 16 194
53 17 751
53 18 474
53 19 270
53 20 570
53 22 680
53 23 757
53 24 264
53 25 330
53 26 247
53 27 797
53 28 345
53 29 700
53 30 409
53 31 76
53 32 575
53 33 869
53 34 944
53 35 519
53 36 157
53 37 669
53 38 882
53 39 133
53 40 7
53 41 902
53 42 352
53 43 427
53 44 93
53 45 500
53 46 619
53 47 513
53 48 694
53 50 369
53 51 987
53 52 315
53 54 290
53 56 18
53 57 423
53 58 905
53 59 347
53 60 669
53 61 54
53 62 43
53 63 368
53 64 462
54 1 119
54 2 295
54 3 330
54 4 62
54 5 813
54 6 839
54 7 82
54 8 46
54 9 971
54 10 89
54 11 947
54 12 674
54 13 867
54 14 391
54 15 526
54 16 485
54 17 904
54 18 571
54 19 853
54 20 242
54 21 885
54 23 494
54 24 259
54 25 307
54 26 399
54 27 957
54 28 975
54 29 452
54 30 1000
54 31 694
54 32 265
54 33 118
54 34 988
54 35 595
54 36 531
54 37 153
54 38 785
54 39 612
54 40 198
54 41 107
54 42 52
54 43 497
54 44 132
54 45 918
54 46 887
54 47 657
54 48 402
54 49 142
54 50 227
54 51 606
54 52 383
54 55 111
54 56 100
54 57 993
54 58 769
54 59 850
54 60 950
54 61 743
54 63 653
54 64 949
55 1 789
55 2 917
55 3 418
55 4 128
55 5 511
55 6 948
55 7 280
55 8 647
55 9 911
55 10 830
55 11 753
55 12 963
55 13 326
55 14 885
55 15 880
55 16 212
55 17 541
55 18 634
55 19 706
55 20 120
55 21 239
55 22 88
55 24 230
55 25 690
55 26 433
55 27 351
55 28 539
55 29 382
55 30 93
55 31 543
55 32 682
55 33 881
55 34 460
55 35 99
55 36 9
55 37 970
55 38 398
55 39 640
55 40 617
55 41 308
55 42 469
55 43 721
55 44 270
55 45 794
55 46 605
55 47 502
55 48 358
55 49 498
55 50 135
55 52 63
55 53 617
55 54 725
55 57 502
55 58 198
55 59 415
55 60 934
55 61 548
55 62 305
55 63 667
55 64 993
56 1 848
56 2 700
56 3 225
56 4 659
56 5 150
56 6 585
56 7 628
56 8 547
56 9 225
56 10 596
56 11 207
56 12 693
56 13 669
56 14 476
56 15 839
56 16 273
56 17 329
56 18 196
56 19 770
56 20 463
56 21 610
56 22 738
56 23 188
56 25 463
56 26 936
56 27 954
56 28 749
56 29 483
56 30 610
56 31 415
56 32 475
56 33 809
56 34 467
56 35 700
56 36 467
56 37 616
56 38 284
56 39 447
56 40 163
56 41 860
56 42 394
56 43 369
56 44 553
56 45 62
56 46 196
56 47 743
56 48 687
56 49 525
56 50 938
56 51 808
56 52 339
56 53 899
56 55 546
56 57 878
56 58 361
56 59 481
56 60 183
56 61 461
56 62 315
56 63 793
57 1 228
57 2 142
57 3 953
57 4 694
57 5 841
57 6 772
57 7 309
57 8 476
57 9 570
57 10 471
57 11 688
57 12 963
57 13 191
57 14 240
57 15 377
57 16 739
57 17 982
57 18 415
57 19 263
57 20 271
57 21 222
57 22 953
57 23 521
57 24 119
57 26 831
57 27 881
57 28 599
57 29 13
57 30 694
57 31 266
57 32 157
57 33 921
57 34 407
57 35 462
57 36 614
57 37 599
57 38 233
57 39 922
57 40 426
57 41 802
57 42 393
57 43 113
57 44 116
57 45 935
57 46 704
57 47 844
57 48 673
57 49 37
57 50 258
57 51 287
57 52 307
57 53 480
57 54 240
57 55 827
57 56 598
57 59 70
57 60 60
57 62 549
57 63 434
57 64 753
58 1 166
58 2 591
58 3 673
58 4 572
58 5 52
58 6 286
58 7 170
58 8 636
58 9 559
58 10 947
58 11 437
58 12 303
58 13 60
58 14 904
58 15 238
58 16 763
58 17 748
58 18 262
58 19 800
58 20 357
58 21 549
58 22 458
58 23 836
58 24 788
58 25 637
58 26 786
58 27 209
58 28 696
58 29 686
58 30 994
58 31 800
58 32 851
58 33 584
58 34 824
58 35 774
58 36 987
58 37 461
58 38 295
58 39 974
58 40 19
58 41 241
58 43 762
58 44 322
58 45 300
58 46 666
58 47 911
58 48 63
58 49 765
58 51 172
58 52 214
58 53 121
58 54 720
58 55 671
58 56 309
58 57 859
58 59 307
58 61 446
58 62 419
58 63 354
58 64 131
59 1 413
59 2 505
59 3 333
59 4 348
59 5 328
59 6 458
59 7 687
59 8 140
59 9 752
59 10 660
59 11 511
59 12 992
59 13 422
59 14 184
59 15 644
59 16 439
59 17 94
59 18 706
59 19 203
59 20 617
59 21 271
59 22 323
59 23 689
59 24 941
59 25 631
59 26 899
59 27 600
59 28 76
59 29 318
59 30 953
59 31 558
59 32 82
59 33 458
59 34 242
59 35 781
59 36 137
59 37 699
59 38 467
59 39 629
59 40 802
59 41 127
59 42 139
59 44 146
59 45 900
59 46 322
59 47 789
59 48 338
59 49 767
59 50 846
59 51 540
59 52 735
59 53 116
59 54 214
59 55 423
59 56 56
59 58 845
59 60 322
59 61 655
59 62 272
59 64 991
60 1 960
60 2 182
60 3 424
60 4 769
60 5 775
60 6 204
60 7 905
60 8 826
60 9 671
60 10 533
60 11 627
60 12 149
60 13 23
60 14 772
60 15 48
60 16 696
60 17 560
60 18 385
60 19 814
60 20 405
60 21 276
60 22 549
60 23 872
60 24 489
60 25 971
60 26 280
60 27 685
60 29 644
60 30 286
60 31 309
60 32 986
60 33 245
60 34 490
60 35 409
60 36 13
60 37 264
60 38 613
60 39 270
60 40 441
60 41 283
60 42 154
60 43 68
60 44 431
60 45 529
60 46 191
60 47 478
60 48 224
60 49 103
60 50 214
60 51 38
60 53 859
60 54 489
60 55 938
60 56 731
60 57 329
60 58 260
60 61 10
60 62 14
60 63 904
60 64 295
61 1 322
61 2 241
61 3 892
61 4 163
61 5 650
61 6 904
61 7 778
61 8 262
61 9 525
61 10 219
61 11 896
61 12 31
61 13 638
61 14 326
61 15 559
61 16 828
61 17 155
61 18 782
61 19 930
61 20 720
61 21 171
61 22 789
61 23 560
61 24 108
61 25 519
61 26 888
61 27 368
61 28 880
61 30 901
61 31 623
61 32 174
61 33 574
61 34 863
61 35 65
61 36 736
61 37 512
61 38 321
61 39 514
61 40 125
61 41 197
61 42 84
61 43 20
61 44 227
61 45 721
61 46 697
61 47 785
61 48 548
61 49 203
61 50 567
61 51 830
61 52 922
61 54 89
61 55 970
61 56 481
61 57 549
61 58 840
61 59 721
61 60 268
61 62 719
61 64 973
62 1 890
62 2 244
62 3 547
62 4 104
62 5 309
62 6 634
62 7 968
62 8 981
62 9 499
62 10 92
62 11 177
62 12 582
62 13 464
62 14 404
62 15 302
62 16 512
62 17 188
62 18 202
62 19 715
62 20 106
62 21 383
62 22 988
62 23 547
62 24 352
62 25 821
62 26 95
62 27 191
62 28 541
62 29 362
62 30 261
62 31 513
62 32 251
62 33 504
62 34 411
62 35 706
62 36 164
62 37 45
62 38 673
62 39 144
62 40 543
62 41 765
62 42 321
62 43 477
62 44 580
62 45 76
62 47 778
62 48 91
62 49 263
62 50 331
62 51 157
62 52 721
62 53 65
62 54 145
62 55 267
62 56 416
62 57 965
62 59 361
62 60 958
62 63 857
62 64 722
63 1 218
63 2 721
63 3 324
63 4 74
63 5 132
63 6 29
63 7 237
63 8 528
63 9 54
63 10 381
63 11 422
63 12 818
63 13 53
63 14 898
63 15 749
63 16 128
63 17 28
63 18 839
63 19 742
63 20 710
63 21 348
63 22 462
63 23 775
63 24 492
63 25 80
63 26 542
63 27 808
63 28 440
63 29 500
63 30 664
63 32 513
63 33 69
63 34 736
63 35 188
63 36 494
63 37 219
63 38 217
63 39 731
63 40 746
63 41 270
63 42 463
63 43 520
63 44 439
63 45 515
63 46 417
63 47 539
63 48 994
63 49 444
63 50 729
63 51 735
63 52 154
63 53 76
63 54 549
63 56 280
63 57 567
63 58 628
63 59 821
63 60 726
63 61 420
63 62 672
64 1 389
64 2 932
64 3 741
64 4 477
64 5 120
64 6 234
64 7 695
64 8 688
64 9 316
64 10 793
64 11 309
64 12 778
64 13 312
64 14 99
64 15 644
64 16 728
64 17 637
64 18 637
64 19 524
64 20 365
64 21 724
64 22 29
64 23 441
64 24 272
64 25 308
64 26 359
64 27 899
64 28 128
64 29 85
64 30 670
64 31 800
64 32 825
64 33 602
64 34 892
64 35 301
64 36 73
64 37 477
64 38 348
64 39 760
64 40 145
64 41 140
64 42 420
64 43 922
64 44 803
64 45 518
64 46 566
64 47 882
64 49 506
64 50 202
64 51 405
64 52 870
64 53 925
64 54 785
64 55 662
64 56 548
64 57 92
64 58 373
64 59 799
64 61 572
64 63 457

TERMINALS
2
7
16
24
27
29
36
38
41
49
58
63

END
