INSTANCE_NAME hc6u.dat
NB_VERTICES 64
NB_ARCS 192
NB_REQUESTS 0
NB_BLOCKAGES 115
NB_A' 3840
NB_TERMINALS 32

VERTICES
1 0 0
2 0 0
3 0 0
4 0 0
5 0 0
6 0 0
7 0 0
8 0 0
9 0 0
10 0 0
11 0 0
12 0 0
13 0 0
14 0 0
15 0 0
16 0 0
17 0 0
18 0 0
19 0 0
20 0 0
21 0 0
22 0 0
23 0 0
24 0 0
25 0 0
26 0 0
27 0 0
28 0 0
29 0 0
30 0 0
31 0 0
32 0 0
33 0 0
34 0 0
35 0 0
36 0 0
37 0 0
38 0 0
39 0 0
40 0 0
41 0 0
42 0 0
43 0 0
44 0 0
45 0 0
46 0 0
47 0 0
48 0 0
49 0 0
50 0 0
51 0 0
52 0 0
53 0 0
54 0 0
55 0 0
56 0 0
57 0 0
58 0 0
59 0 0
60 0 0
61 0 0
62 0 0
63 0 0
64 0 0

ARCS
1 33 1
33 49 1
49 17 1
17 1 1
1 9 1
9 41 1
41 33 1
33 37 1
37 5 1
5 1 1
1 3 1
3 35 1
35 33 1
33 34 1
34 2 1
2 1 1
2 18 1
18 17 1
17 25 1
25 9 1
9 13 1
13 5 1
5 21 1
21 17 1
17 19 1
19 3 1
3 11 1
11 9 1
9 10 1
10 2 1
2 6 1
6 5 1
5 7 1
7 3 1
3 4 1
4 2 1
4 36 1
36 34 1
34 50 1
50 18 1
18 26 1
26 10 1
10 42 1
42 34 1
34 38 1
38 6 1
6 22 1
22 18 1
18 20 1
20 4 1
4 12 1
12 10 1
10 14 1
14 6 1
6 8 1
8 4 1
8 7 1
7 39 1
39 35 1
35 51 1
51 19 1
19 27 1
27 11 1
11 43 1
43 35 1
35 36 1
36 52 1
52 20 1
20 19 1
19 23 1
23 7 1
7 15 1
15 11 1
11 12 1
12 44 1
44 36 1
36 40 1
40 8 1
8 24 1
24 20 1
20 28 1
28 12 1
12 16 1
16 8 1
16 14 1
14 13 1
13 45 1
45 37 1
37 53 1
53 21 1
21 29 1
29 13 1
13 15 1
15 47 1
47 39 1
39 37 1
37 38 1
38 54 1
54 22 1
22 21 1
21 23 1
23 55 1
55 39 1
39 40 1
40 38 1
38 46 1
46 14 1
14 30 1
30 22 1
22 24 1
24 23 1
23 31 1
31 15 1
15 16 1
16 48 1
48 40 1
40 56 1
56 24 1
24 32 1
32 16 1
32 28 1
28 26 1
26 25 1
25 57 1
57 41 1
41 45 1
45 61 1
61 29 1
29 25 1
25 27 1
27 59 1
59 43 1
43 41 1
41 42 1
42 58 1
58 26 1
26 30 1
30 29 1
29 31 1
31 27 1
27 28 1
28 60 1
60 44 1
44 42 1
42 46 1
46 45 1
45 47 1
47 43 1
43 44 1
44 48 1
48 46 1
46 62 1
62 30 1
30 32 1
32 31 1
31 63 1
63 47 1
47 48 1
48 64 1
64 32 1
64 56 1
56 52 1
52 50 1
50 49 1
49 57 1
57 61 1
61 53 1
53 49 1
49 51 1
51 59 1
59 57 1
57 58 1
58 50 1
50 54 1
54 53 1
53 55 1
55 51 1
51 52 1
52 60 1
60 58 1
58 62 1
62 54 1
54 56 1
56 55 1
55 63 1
63 59 1
59 60 1
60 64 1
64 62 1
62 61 1
61 63 1
63 64 1

REQUESTS

BLOCKAGES
27 11
2 1
49 17
10 2
16 14
19 27
47 39
33 37
1 33
58 62
45 61
36 40
4 2
27 59
46 14
17 25
32 16
58 26
23 7
61 29
21 17
44 36
32 28
10 14
47 48
29 13
40 8
51 19
54 56
26 25
9 41
53 55
5 7
28 12
22 24
60 44
9 10
48 64
1 3
62 54
43 44
28 60
59 43
35 33
17 1
63 47
59 57
33 34
63 59
54 22
57 41
51 52
39 35
47 43
46 62
32 31
24 32
48 46
41 42
38 6
40 38
37 53
3 4
49 51
4 36
52 50
24 23
18 20
28 26
11 12
44 48
57 61
14 13
10 42
34 38
25 27
25 9
45 37
31 63
63 64
56 52
53 49
19 23
20 19
22 18
12 16
52 60
58 50
37 38
13 15
24 20
64 62
43 41
34 2
35 36
30 29
26 30
5 21
22 21
61 53
34 50
42 58
50 54
7 39
55 51
55 39
6 5
42 46
13 45
56 55
7 3
3 11
21 29
20 4
6 8

A'
1 2 961
1 4 504
1 5 280
1 6 461
1 7 405
1 8 978
1 10 977
1 11 473
1 12 229
1 13 691
1 14 60
1 15 580
1 16 390
1 17 454
1 18 877
1 19 559
1 20 10
1 21 493
1 22 598
1 23 698
1 24 873
1 25 153
1 26 540
1 27 356
1 28 70
1 29 101
1 30 161
1 31 850
1 32 695
1 34 37
1 35 93
1 36 7
1 37 540
1 38 373
1 39 468
1 40 945
1 41 350
1 42 796
1 43 769
1 44 930
1 45 838
1 46 829
1 47 861
1 48 228
1 49 634
1 50 737
1 51 786
1 52 643
1 53 229
1 54 735
1 55 340
1 56 453
1 57 887
1 58 880
1 59 808
1 60 308
1 61 332
1 62 321
1 63 157
1 64 26
2 3 357
2 4 250
2 5 33
2 7 897
2 8 974
2 9 852
2 10 193
2 11 675
2 12 999
2 13 961
2 14 604
2 15 836
2 16 789
2 17 464
2 19 63
2 20 774
2 21 553
2 22 200
2 23 416
2 24 133
2 25 934
2 26 756
2 27 586
2 28 172
2 29 987
2 30 393
2 31 480
2 32 318
2 33 713
2 34 988
2 35 344
2 36 70
2 37 589
2 38 728
2 39 318
2 40 562
2 41 931
2 42 862
2 43 236
2 44 929
2 45 822
2 46 191
2 47 764
2 48 963
2 49 7
2 50 179
2 51 736
2 52 559
2 53 378
2 54 152
2 55 43
2 56 664
2 57 259
2 58 628
2 59 187
2 60 245
2 61 373
2 62 18
2 63 914
2 64 437
3 1 358
3 2 609
3 5 858
3 6 946
3 7 688
3 8 175
3 9 508
3 10 618
3 12 36
3 13 95
3 14 898
3 15 210
3 16 638
3 17 14
3 18 172
3 19 996
3 20 192
3 21 259
3 22 906
3 23 921
3 24 762
3 25 948
3 26 936
3 27 372
3 28 576
3 29 475
3 30 968
3 31 300
3 32 844
3 33 882
3 34 736
3 36 201
3 37 490
3 38 594
3 39 147
3 40 178
3 41 120
3 42 6
3 43 147
3 44 508
3 45 452
3 46 397
3 47 717
3 48 441
3 49 410
3 50 240
3 51 436
3 52 953
3 53 498
3 54 341
3 55 225
3 56 612
3 57 641
3 58 513
3 59 983
3 60 568
3 61 987
3 62 951
3 63 867
3 64 830
4 1 184
4 3 602
4 5 383
4 6 673
4 7 195
4 8 529
4 9 202
4 10 667
4 11 886
4 13 701
4 14 174
4 15 689
4 16 97
4 17 890
4 18 130
4 19 858
4 20 129
4 21 565
4 22 810
4 23 978
4 24 258
4 25 386
4 26 589
4 27 898
4 28 898
4 29 924
4 30 465
4 31 236
4 32 874
4 33 683
4 34 66
4 35 57
4 37 284
4 38 800
4 39 81
4 40 831
4 41 328
4 42 635
4 43 497
4 44 565
4 45 687
4 46 670
4 47 253
4 48 135
4 49 911
4 50 382
4 51 992
4 52 39
4 53 299
4 54 153
4 55 368
4 56 908
4 57 538
4 58 309
4 59 805
4 60 436
4 61 232
4 62 621
4 63 671
4 64 457
5 2 303
5 3 88
5 4 865
5 6 938
5 8 887
5 9 945
5 10 768
5 11 566
5 12 931
5 13 616
5 14 482
5 15 617
5 16 285
5 17 735
5 18 751
5 19 195
5 20 468
5 22 94
5 23 585
5 24 766
5 25 246
5 26 305
5 27 673
5 28 784
5 29 613
5 30 829
5 31 571
5 32 196
5 33 449
5 34 593
5 35 652
5 36 103
5 37 681
5 38 516
5 39 41
5 40 919
5 41 812
5 42 160
5 43 837
5 44 95
5 45 776
5 46 318
5 47 63
5 48 412
5 49 52
5 50 814
5 51 959
5 52 872
5 53 259
5 54 895
5 55 637
5 56 505
5 57 199
5 58 662
5 59 640
5 60 811
5 61 842
5 62 210
5 63 358
5 64 291
6 1 802
6 2 9
6 3 745
6 4 834
6 7 876
6 9 785
6 10 753
6 11 40
6 12 297
6 13 589
6 14 134
6 15 72
6 16 258
6 17 196
6 18 835
6 19 310
6 20 361
6 21 793
6 23 533
6 24 620
6 25 688
6 26 169
6 27 476
6 28 238
6 29 182
6 30 115
6 31 401
6 32 24
6 33 324
6 34 758
6 35 666
6 36 477
6 37 119
6 38 410
6 39 311
6 40 994
6 41 547
6 42 63
6 43 385
6 44 195
6 45 3
6 46 518
6 47 618
6 48 260
6 49 66
6 50 452
6 51 921
6 52 778
6 53 597
6 54 453
6 55 749
6 56 636
6 57 974
6 58 224
6 59 873
6 60 155
6 61 338
6 62 273
6 63 530
6 64 13
7 1 383
7 2 547
7 4 490
7 5 501
7 6 957
7 8 800
7 9 846
7 10 855
7 11 214
7 12 231
7 13 401
7 14 568
7 16 100
7 17 18
7 18 179
7 19 165
7 20 469
7 21 100
7 22 295
7 23 65
7 24 904
7 25 43
7 26 700
7 27 877
7 28 267
7 29 925
7 30 384
7 31 604
7 32 197
7 33 265
7 34 969
7 35 931
7 36 812
7 37 458
7 38 783
7 40 120
7 41 609
7 42 629
7 43 326
7 44 174
7 45 859
7 46 726
7 47 741
7 48 310
7 49 743
7 50 919
7 51 475
7 52 211
7 53 370
7 54 769
7 55 628
7 56 626
7 57 811
7 58 327
7 59 502
7 60 429
7 61 251
7 62 237
7 63 385
7 64 800
8 1 502
8 2 353
8 3 82
8 5 665
8 6 810
8 9 865
8 10 784
8 11 770
8 12 493
8 13 109
8 14 943
8 15 703
8 16 834
8 17 35
8 18 364
8 19 928
8 20 305
8 21 838
8 22 138
8 23 675
8 25 958
8 26 117
8 27 300
8 28 121
8 29 444
8 30 153
8 31 549
8 32 46
8 33 742
8 34 285
8 35 197
8 36 595
8 37 637
8 38 279
8 39 259
8 40 798
8 41 495
8 42 42
8 43 567
8 44 339
8 45 502
8 46 509
8 47 393
8 48 687
8 49 543
8 50 756
8 51 614
8 52 848
8 53 946
8 54 103
8 55 874
8 56 903
8 57 220
8 58 525
8 59 375
8 60 15
8 61 29
8 62 276
8 63 412
8 64 770
9 1 560
9 2 609
9 3 364
9 4 197
9 5 239
9 6 974
9 7 994
9 8 733
9 11 15
9 12 913
9 14 71
9 15 868
9 16 421
9 17 463
9 18 554
9 19 316
9 20 570
9 21 519
9 22 515
9 23 515
9 24 974
9 25 740
9 26 418
9 27 193
9 28 264
9 29 144
9 30 559
9 31 644
9 32 771
9 33 970
9 34 414
9 35 331
9 36 930
9 37 129
9 38 879
9 39 168
9 40 103
9 42 224
9 43 252
9 44 469
9 45 136
9 46 674
9 47 337
9 48 909
9 49 488
9 50 242
9 51 576
9 52 58
9 53 761
9 54 90
9 55 572
9 56 734
9 57 181
9 58 341
9 59 278
9 60 796
9 61 837
9 62 836
9 63 439
9 64 607
10 1 157
10 3 852
10 4 937
10 5 87
10 6 981
10 7 167
10 8 254
10 9 435
10 11 743
10 12 858
10 13 903
10 15 230
10 16 531
10 17 239
10 18 138
10 19 371
10 20 833
10 21 713
10 22 428
10 23 945
10 24 154
10 25 999
10 26 30
10 27 334
10 28 692
10 29 307
10 30 129
10 31 528
10 32 494
10 33 568
10 34 134
10 35 650
10 36 771
10 37 423
10 38 88
10 39 103
10 40 941
10 41 694
10 43 537
10 44 683
10 45 551
10 46 792
10 47 913
10 48 433
10 49 382
10 50 402
10 51 803
10 52 214
10 53 115
10 54 230
10 55 158
10 56 620
10 57 581
10 58 539
10 59 306
10 60 272
10 61 197
10 62 434
10 63 151
10 64 690
11 1 353
11 2 284
11 3 692
11 4 476
11 5 58
11 6 779
11 7 578
11 8 999
11 10 472
11 13 467
11 14 681
11 15 374
11 16 258
11 17 945
11 18 807
11 19 639
11 20 347
11 21 609
11 22 205
11 23 813
11 24 191
11 25 714
11 26 432
11 27 771
11 28 253
11 29 737
11 30 394
11 31 449
11 32 523
11 33 896
11 34 491
11 35 227
11 36 179
11 37 534
11 38 702
11 39 589
11 40 664
11 41 632
11 42 587
11 44 136
11 45 450
11 46 619
11 47 509
11 48 59
11 49 916
11 50 667
11 51 49
11 52 262
11 53 276
11 54 253
11 55 74
11 56 818
11 57 967
11 58 857
11 59 588
11 60 571
11 61 594
11 62 333
11 63 371
11 64 468
12 1 228
12 2 861
12 3 694
12 4 758
12 5 394
12 6 748
12 7 346
12 8 58
12 9 379
12 11 284
12 13 545
12 14 828
12 15 255
12 17 405
12 18 238
12 19 170
12 20 424
12 21 286
12 22 431
12 23 51
12 24 539
12 25 856
12 26 868
12 27 857
12 28 712
12 29 807
12 30 427
12 31 657
12 32 139
12 33 797
12 34 124
12 35 718
12 36 10
12 37 818
12 38 827
12 39 755
12 40 565
12 41 525
12 42 164
12 43 295
12 45 808
12 46 708
12 47 474
12 48 414
12 49 465
12 50 711
12 51 583
12 52 888
12 53 996
12 54 365
12 55 938
12 56 886
12 57 220
12 58 157
12 59 742
12 60 284
12 61 963
12 62 168
12 63 940
12 64 453
13 1 317
13 2 64
13 3 522
13 4 326
13 6 233
13 7 348
13 8 432
13 9 149
13 10 872
13 11 596
13 12 443
13 14 32
13 16 655
13 17 268
13 18 445
13 19 119
13 20 978
13 21 28
13 22 358
13 23 973
13 24 744
13 25 647
13 26 859
13 27 316
13 28 803
13 29 952
13 30 599
13 31 117
13 32 472
13 33 538
13 34 569
13 35 788
13 36 953
13 37 442
13 38 465
13 39 537
13 40 790
13 41 248
13 42 685
13 43 661
13 44 843
13 46 479
13 47 44
13 48 498
13 49 746
13 50 489
13 51 968
13 52 723
13 53 868
13 54 678
13 55 48
13 56 611
13 57 676
13 58 258
13 59 278
13 60 479
13 61 209
13 62 876
13 63 947
13 64 32
14 1 766
14 2 868
14 3 171
14 4 70
14 5 309
14 7 987
14 8 607
14 9 98
14 10 235
14 11 291
14 12 111
14 15 77
14 16 770
14 17 506
14 18 926
14 19 515
14 20 994
14 21 894
14 22 590
14 23 861
14 24 923
14 25 637
14 26 824
14 27 598
14 28 894
14 29 101
14 31 428
14 32 454
14 33 329
14 34 375
14 35 486
14 36 94
14 37 594
14 38 656
14 39 163
14 40 902
14 41 643
14 42 121
14 43 352
14 44 229
14 45 412
14 46 814
14 47 305
14 48 181
14 49 319
14 50 231
14 51 47
14 52 665
14 53 476
14 54 636
14 55 525
14 56 398
14 57 624
14 58 700
14 59 347
14 60 517
14 61 153
14 62 775
14 63 323
14 64 481
15 1 149
15 2 160
15 3 926
15 4 94
15 5 167
15 6 440
15 7 995
15 8 161
15 9 561
15 10 698
15 12 389
15 13 972
15 14 511
15 17 694
15 18 504
15 19 182
15 20 276
15 21 902
15 22 846
15 23 103
15 24 538
15 25 722
15 26 500
15 27 161
15 28 422
15 29 846
15 30 30
15 31 574
15 32 972
15 33 704
15 34 406
15 35 472
15 36 863
15 37 683
15 38 565
15 39 29
15 40 122
15 41 560
15 42 190
15 43 682
15 44 257
15 45 930
15 46 5
15 48 120
15 49 623
15 50 508
15 51 301
15 52 250
15 53 762
15 54 146
15 55 352
15 56 299
15 57 867
15 58 203
15 59 811
15 60 640
15 61 401
15 62 192
15 63 565
15 64 372
16 1 895
16 2 970
16 3 844
16 4 109
16 5 652
16 6 760
16 7 490
16 9 126
16 10 319
16 11 31
16 12 807
16 13 928
16 15 960
16 17 812
16 18 399
16 19 935
16 20 671
16 21 699
16 22 184
16 23 432
16 24 196
16 25 888
16 26 82
16 27 62
16 28 90
16 29 245
16 30 54
16 31 842
16 32 436
16 33 618
16 34 214
16 35 683
16 36 940
16 37 409
16 38 143
16 39 943
16 40 168
16 41 632
16 42 68
16 43 839
16 44 662
16 45 875
16 46 118
16 47 974
16 49 38
16 50 516
16 51 908
16 52 708
16 53 214
16 54 443
16 55 492
16 56 409
16 57 330
16 58 573
16 59 822
16 60 772
16 61 169
16 62 875
16 63 613
16 64 605
17 2 845
17 3 178
17 4 639
17 5 784
17 6 938
17 7 781
17 8 726
17 9 106
17 10 413
17 11 794
17 12 296
17 13 426
17 14 20
17 15 413
17 16 399
17 18 57
17 20 928
17 21 658
17 22 116
17 23 493
17 24 101
17 26 607
17 27 253
17 28 782
17 29 532
17 30 74
17 31 905
17 32 700
17 33 301
17 34 870
17 35 656
17 36 145
17 37 47
17 38 294
17 39 280
17 40 985
17 41 427
17 42 5
17 43 442
17 44 191
17 45 150
17 46 89
17 47 616
17 48 169
17 49 501
17 50 367
17 51 225
17 52 428
17 53 24
17 54 693
17 55 920
17 56 476
17 57 299
17 58 172
17 59 258
17 60 182
17 61 597
17 62 514
17 63 234
17 64 249
18 1 383
18 2 889
18 3 745
18 4 430
18 5 535
18 6 24
18 7 766
18 8 313
18 9 29
18 10 559
18 11 503
18 12 178
18 13 647
18 14 118
18 15 699
18 16 147
18 19 836
18 21 923
18 22 926
18 23 860
18 24 967
18 25 197
18 27 335
18 28 266
18 29 720
18 30 944
18 31 799
18 32 316
18 33 458
18 34 32
18 35 917
18 36 192
18 37 273
18 38 661
18 39 973
18 40 159
18 41 37
18 42 90
18 43 823
18 44 65
18 45 648
18 46 325
18 47 594
18 48 646
18 49 794
18 50 644
18 51 144
18 52 630
18 53 919
18 54 69
18 55 841
18 56 885
18 57 617
18 58 175
18 59 502
18 60 336
18 61 471
18 62 301
18 63 4
18 64 280
19 1 684
19 2 272
19 4 471
19 5 308
19 6 932
19 7 444
19 8 818
19 9 968
19 10 533
19 11 640
19 12 384
19 13 533
19 14 964
19 15 330
19 16 530
19 17 110
19 18 973
19 20 674
19 21 739
19 22 891
19 24 94
19 25 579
19 26 776
19 28 711
19 29 105
19 30 277
19 31 398
19 32 927
19 33 929
19 34 753
19 35 558
19 36 613
19 37 24
19 38 29
19 39 920
19 40 956
19 41 824
19 42 90
19 43 275
19 44 708
19 45 729
19 46 11
19 47 592
19 48 45
19 49 340
19 50 122
19 51 154
19 52 664
19 53 147
19 54 244
19 55 907
19 56 240
19 57 174
19 58 34
19 59 302
19 60 630
19 61 310
19 62 700
19 63 557
19 64 591
20 1 804
20 2 114
20 3 555
20 5 828
20 6 494
20 7 474
20 8 135
20 9 669
20 10 915
20 11 409
20 12 729
20 13 644
20 14 419
20 15 320
20 16 688
20 17 110
20 18 793
20 21 193
20 22 126
20 23 939
20 24 436
20 25 32
20 26 179
20 27 609
20 29 65
20 30 832
20 31 238
20 32 726
20 33 883
20 34 146
20 35 316
20 36 687
20 37 612
20 38 870
20 39 514
20 40 105
20 41 696
20 42 648
20 43 126
20 44 610
20 45 56
20 46 854
20 47 605
20 48 827
20 49 525
20 50 292
20 51 288
20 52 670
20 53 484
20 54 413
20 55 608
20 56 271
20 57 796
20 58 138
20 59 879
20 60 860
20 61 970
20 62 469
20 63 938
20 64 852
21 1 614
21 2 605
21 3 538
21 4 225
21 5 827
21 6 403
21 7 682
21 8 874
21 9 50
21 10 159
21 11 835
21 12 458
21 13 364
21 14 440
21 15 636
21 16 888
21 18 83
21 19 923
21 20 557
21 22 919
21 24 688
21 25 517
21 26 189
21 27 483
21 28 654
21 30 420
21 31 695
21 32 975
21 33 240
21 34 984
21 35 179
21 36 205
21 37 588
21 38 68
21 39 430
21 40 766
21 41 471
21 42 463
21 43 639
21 44 520
21 45 973
21 46 474
21 47 329
21 48 336
21 49 265
21 50 964
21 51 575
21 52 347
21 53 239
21 54 484
21 55 617
21 56 926
21 57 1000
21 58 158
21 59 760
21 60 5
21 61 929
21 62 454
21 63 332
21 64 168
22 1 789
22 2 510
22 3 372
22 4 377
22 5 577
22 6 153
22 7 142
22 8 47
22 9 967
22 10 133
22 11 919
22 12 939
22 13 958
22 14 247
22 15 274
22 16 222
22 17 563
22 19 201
22 20 920
22 23 801
22 25 684
22 26 537
22 27 78
22 28 683
22 29 46
22 30 837
22 31 39
22 32 974
22 33 643
22 34 370
22 35 141
22 36 431
22 37 879
22 38 864
22 39 159
22 40 808
22 41 17
22 42 653
22 43 206
22 44 983
22 45 785
22 46 124
22 47 274
22 48 742
22 49 723
22 50 547
22 51 315
22 52 285
22 53 747
22 54 234
22 55 437
22 56 782
22 57 122
22 58 514
22 59 816
22 60 519
22 61 350
22 62 855
22 63 492
22 64 344
23 1 576
23 2 984
23 3 775
23 4 455
23 5 848
23 6 933
23 8 614
23 9 216
23 10 937
23 11 819
23 12 550
23 13 721
23 14 943
23 15 823
23 16 814
23 17 17
23 18 722
23 19 128
23 20 653
23 21 820
23 22 714
23 24 89
23 25 602
23 26 187
23 27 602
23 28 417
23 29 706
23 30 303
23 32 623
23 33 549
23 34 999
23 35 199
23 36 533
23 37 773
23 38 653
23 39 732
23 40 57
23 41 266
23 42 947
23 43 994
23 44 84
23 45 496
23 46 66
23 47 378
23 48 671
23 49 880
23 50 394
23 51 392
23 52 359
23 53 46
23 54 211
23 56 424
23 57 486
23 58 812
23 59 611
23 60 439
23 61 581
23 62 668
23 63 94
23 64 203
24 1 216
24 2 92
24 3 401
24 4 100
24 5 864
24 6 405
24 7 183
24 8 272
24 9 22
24 10 481
24 11 265
24 12 458
24 13 329
24 14 331
24 15 187
24 16 999
24 17 562
24 18 581
24 19 390
24 21 272
24 22 978
24 25 952
24 26 696
24 27 464
24 28 764
24 29 658
24 30 254
24 31 696
24 33 677
24 34 347
24 35 250
24 36 892
24 37 438
24 38 651
24 39 344
24 40 653
24 41 407
24 42 526
24 43 925
24 44 781
24 45 7
24 46 541
24 47 238
24 48 335
24 49 223
24 50 424
24 51 685
24 52 136
24 53 356
24 54 74
24 55 408
24 56 686
24 57 25
24 58 455
24 59 501
24 60 140
24 61 112
24 62 754
24 63 187
24 64 788
25 1 101
25 2 437
25 3 31
25 4 890
25 5 439
25 6 374
25 7 543
25 8 845
25 10 252
25 11 819
25 12 625
25 13 610
25 14 359
25 15 214
25 16 296
25 17 934
25 18 990
25 19 980
25 20 69
25 21 697
25 22 405
25 23 476
25 24 382
25 26 781
25 28 930
25 29 234
25 30 273
25 31 393
25 32 988
25 33 459
25 34 180
25 35 440
25 36 895
25 37 563
25 38 681
25 39 685
25 40 288
25 41 575
25 42 530
25 43 891
25 44 393
25 45 506
25 46 500
25 47 104
25 48 72
25 49 147
25 50 37
25 51 61
25 52 478
25 53 105
25 54 757
25 55 234
25 56 581
25 58 491
25 59 15
25 60 862
25 61 724
25 62 287
25 63 255
25 64 63
26 1 97
26 2 786
26 3 854
26 4 344
26 5 348
26 6 887
26 7 28
26 8 988
26 9 461
26 11 909
26 12 878
26 13 854
26 14 415
26 15 730
26 16 957
26 17 838
26 18 876
26 19 993
26 20 898
26 21 354
26 22 97
26 23 6
26 24 939
26 27 29
26 28 848
26 29 953
26 31 891
26 32 924
26 33 591
26 34 497
26 35 338
26 36 40
26 37 634
26 38 192
26 39 383
26 40 334
26 41 430
26 42 762
26 43 321
26 44 890
26 45 671
26 46 198
26 47 95
26 48 437
26 49 927
26 50 51
26 51 274
26 52 155
26 53 395
26 54 523
26 55 860
26 56 844
26 57 528
26 58 798
26 59 872
26 60 376
26 61 103
26 62 114
26 63 299
26 64 693
27 1 962
27 2 636
27 3 732
27 4 596
27 5 179
27 6 466
27 7 929
27 8 608
27 9 228
27 10 249
27 12 850
27 13 250
27 14 798
27 15 944
27 16 686
27 17 77
27 18 995
27 19 311
27 20 231
27 21 389
27 22 833
27 23 442
27 24 584
27 25 360
27 26 239
27 29 456
27 30 87
27 31 341
27 32 921
27 33 385
27 34 386
27 35 883
27 36 373
27 37 117
27 38 478
27 39 551
27 40 935
27 41 758
27 42 511
27 43 162
27 44 358
27 45 360
27 46 411
27 47 155
27 48 303
27 49 448
27 50 583
27 51 649
27 52 758
27 53 165
27 54 390
27 55 590
27 56 606
27 57 973
27 58 301
27 60 845
27 61 428
27 62 388
27 63 537
27 64 701
28 1 124
28 2 922
28 3 583
28 4 496
28 5 391
28 6 412
28 7 399
28 8 325
28 9 169
28 10 261
28 11 838
28 13 878
28 14 620
28 15 600
28 16 32
28 17 274
28 18 47
28 19 967
28 20 923
28 21 156
28 22 131
28 23 312
28 24 745
28 25 737
28 27 284
28 29 397
28 30 933
28 31 64
28 32 136
28 33 469
28 34 764
28 35 260
28 36 743
28 37 698
28 38 107
28 39 485
28 40 109
28 41 857
28 42 161
28 43 629
28 44 117
28 45 998
28 46 506
28 47 736
28 48 597
28 49 889
28 50 362
28 51 995
28 52 207
28 53 284
28 54 150
28 55 338
28 56 947
28 57 246
28 58 74
28 59 230
28 61 642
28 62 358
28 63 645
28 64 778
29 1 178
29 2 760
29 3 389
29 4 920
29 5 457
29 6 847
29 7 404
29 8 917
29 9 704
29 10 564
29 11 897
29 12 820
29 14 913
29 15 754
29 16 908
29 17 861
29 18 995
29 19 269
29 20 855
29 21 201
29 22 904
29 23 356
29 24 538
29 26 850
29 27 601
29 28 963
29 30 431
29 32 595
29 33 320
29 34 76
29 35 724
29 36 498
29 37 835
29 38 112
29 39 417
29 40 644
29 41 958
29 42 173
29 43 912
29 44 13
29 45 88
29 46 809
29 47 833
29 48 1
29 49 562
29 50 92
29 51 861
29 52 556
29 53 712
29 54 68
29 55 757
29 56 615
29 57 423
29 58 646
29 59 464
29 60 24
29 61 609
29 62 894
29 63 970
29 64 928
30 1 321
30 2 693
30 3 777
30 4 508
30 5 804
30 6 546
30 7 151
30 8 113
30 9 718
30 10 414
30 11 478
30 12 157
30 13 222
30 14 310
30 15 509
30 16 136
30 17 753
30 18 722
30 19 43
30 20 464
30 21 789
30 23 151
30 24 430
30 25 211
30 26 797
30 27 245
30 28 586
30 31 757
30 33 490
30 34 555
30 35 36
30 36 811
30 37 599
30 38 813
30 39 318
30 40 754
30 41 358
30 42 820
30 43 219
30 44 427
30 45 233
30 46 696
30 47 935
30 48 807
30 49 357
30 50 444
30 51 294
30 52 109
30 53 165
30 54 336
30 55 924
30 56 305
30 57 839
30 58 705
30 59 867
30 60 987
30 61 949
30 62 805
30 63 95
30 64 438
31 1 711
31 2 130
31 3 600
31 4 310
31 5 294
31 6 269
31 7 63
31 8 3
31 9 440
31 10 281
31 11 781
31 12 25
31 13 976
31 14 716
31 16 831
31 17 332
31 18 511
31 19 476
31 20 792
31 21 27
31 22 163
31 23 67
31 24 331
31 25 1
31 26 771
31 28 549
31 29 339
31 30 719
31 32 353
31 33 433
31 34 509
31 35 64
31 36 563
31 37 460
31 38 725
31 39 856
31 40 81
31 41 787
31 42 859
31 43 520
31 44 420
31 45 639
31 46 544
31 47 747
31 48 706
31 49 726
31 50 431
31 51 216
31 52 201
31 53 222
31 54 242
31 55 364
31 56 641
31 57 572
31 58 716
31 59 411
31 60 473
31 61 55
31 62 482
31 64 825
32 1 487
32 2 342
32 3 888
32 4 49
32 5 801
32 6 964
32 7 257
32 8 881
32 9 103
32 10 467
32 11 401
32 12 522
32 13 105
32 14 296
32 15 620
32 17 811
32 18 22
32 19 50
32 20 378
32 21 222
32 22 624
32 23 620
32 24 937
32 25 264
32 26 543
32 27 653
32 29 26
32 30 15
32 33 707
32 34 507
32 35 840
32 36 193
32 37 848
32 38 79
32 39 594
32 40 1
32 41 395
32 42 850
32 43 881
32 44 497
32 45 316
32 46 633
32 47 370
32 48 772
32 49 929
32 50 989
32 51 934
32 52 302
32 53 391
32 54 312
32 55 875
32 56 366
32 57 283
32 58 812
32 59 981
32 60 825
32 61 816
32 62 6
32 63 192
32 64 522
33 1 513
33 2 383
33 3 66
33 4 712
33 5 813
33 6 659
33 7 712
33 8 207
33 9 860
33 10 593
33 11 703
33 12 527
33 13 577
33 14 72
33 15 651
33 16 857
33 17 413
33 18 584
33 19 158
33 20 803
33 21 247
33 22 385
33 23 520
33 24 529
33 25 548
33 26 500
33 27 706
33 28 363
33 29 857
33 30 897
33 31 236
33 32 369
33 35 279
33 36 301
33 38 433
33 39 443
33 40 312
33 41 144
33 42 650
33 43 523
33 44 88
33 45 704
33 46 402
33 47 665
33 48 128
33 50 52
33 51 873
33 52 540
33 53 635
33 54 383
33 55 694
33 56 882
33 57 767
33 58 565
33 59 762
33 60 666
33 61 64
33 62 467
33 63 28
33 64 920
34 1 363
34 3 615
34 4 641
34 5 993
34 6 267
34 7 73
34 8 436
34 9 578
34 10 568
34 11 437
34 12 453
34 13 656
34 14 492
34 15 854
34 16 672
34 17 619
34 18 905
34 19 544
34 20 510
34 21 891
34 22 278
34 23 203
34 24 124
34 25 44
34 26 767
34 27 886
34 28 61
34 29 182
34 30 352
34 31 88
34 32 454
34 33 67
34 35 702
34 36 446
34 37 411
34 39 969
34 40 518
34 41 198
34 42 898
34 43 85
34 44 634
34 45 702
34 46 92
34 47 126
34 48 555
34 49 763
34 51 744
34 52 811
34 53 659
34 54 606
34 55 54
34 56 936
34 57 808
34 58 177
34 59 332
34 60 927
34 61 414
34 62 392
34 63 460
34 64 766
35 1 832
35 2 913
35 3 184
35 4 885
35 5 358
35 6 594
35 7 205
35 8 227
35 9 792
35 10 455
35 11 664
35 12 777
35 13 156
35 14 107
35 15 902
35 16 63
35 17 222
35 18 998
35 19 873
35 20 880
35 21 603
35 22 278
35 23 815
35 24 762
35 25 455
35 26 498
35 27 40
35 28 868
35 29 890
35 30 500
35 31 985
35 32 73
35 34 764
35 37 520
35 38 957
35 39 474
35 40 114
35 41 162
35 42 52
35 43 257
35 44 616
35 45 715
35 46 33
35 47 123
35 48 174
35 49 287
35 50 185
35 52 395
35 53 636
35 54 410
35 55 274
35 56 590
35 57 687
35 58 440
35 59 351
35 60 493
35 61 290
35 62 743
35 63 713
35 64 179
36 1 242
36 2 49
36 3 603
36 4 357
36 5 569
36 6 559
36 7 830
36 8 34
36 9 72
36 10 882
36 11 290
36 12 687
36 13 948
36 14 322
36 15 810
36 16 121
36 17 960
36 18 346
36 19 867
36 20 595
36 21 755
36 22 140
36 23 536
36 24 442
36 25 932
36 26 239
36 27 286
36 28 221
36 29 981
36 30 998
36 31 751
36 32 574
36 33 47
36 35 353
36 37 930
36 38 967
36 39 911
36 41 760
36 42 1000
36 43 983
36 44 993
36 45 289
36 46 21
36 47 292
36 48 962
36 49 182
36 50 765
36 51 922
36 53 528
36 54 631
36 55 868
36 56 282
36 57 771
36 58 404
36 59 75
36 60 54
36 61 642
36 62 713
36 63 274
36 64 974
37 1 710
37 2 24
37 3 547
37 4 108
37 6 376
37 7 476
37 8 74
37 9 638
37 10 587
37 11 73
37 12 972
37 13 931
37 14 713
37 15 345
37 16 223
37 17 675
37 18 526
37 19 987
37 20 948
37 21 53
37 22 617
37 23 815
37 24 687
37 25 739
37 26 570
37 27 113
37 28 792
37 29 563
37 30 825
37 31 417
37 32 536
37 33 887
37 34 440
37 35 82
37 36 994
37 39 167
37 40 910
37 41 420
37 42 157
37 43 848
37 44 844
37 45 480
37 46 779
37 47 557
37 48 824
37 49 353
37 50 231
37 51 350
37 52 339
37 54 530
37 55 754
37 56 307
37 57 696
37 58 792
37 59 398
37 60 266
37 61 257
37 62 541
37 63 180
37 64 81
38 1 958
38 2 68
38 3 319
38 4 749
38 5 149
38 7 665
38 8 268
38 9 410
38 10 84
38 11 776
38 12 258
38 13 927
38 14 255
38 15 388
38 16 483
38 17 431
38 18 740
38 19 65
38 20 132
38 21 430
38 22 594
38 23 237
38 24 88
38 25 290
38 26 29
38 27 837
38 28 907
38 29 637
38 30 378
38 31 438
38 32 69
38 33 687
38 34 505
38 35 388
38 36 787
38 37 6
38 39 52
38 40 54
38 41 415
38 42 487
38 43 181
38 44 24
38 45 765
38 47 436
38 48 411
38 49 600
38 50 218
38 51 502
38 52 664
38 53 349
38 55 283
38 56 610
38 57 585
38 58 371
38 59 251
38 60 965
38 61 207
38 62 509
38 63 601
38 64 936
39 1 946
39 2 670
39 3 622
39 4 451
39 5 57
39 6 409
39 7 456
39 8 460
39 9 814
39 10 222
39 11 946
39 12 995
39 13 246
39 14 710
39 15 782
39 16 8
39 17 661
39 18 999
39 19 862
39 20 325
39 21 699
39 22 144
39 23 286
39 24 283
39 25 866
39 26 888
39 27 248
39 28 73
39 29 396
39 30 200
39 31 360
39 32 693
39 33 869
39 34 982
39 36 495
39 38 277
39 41 742
39 42 302
39 43 736
39 44 907
39 45 524
39 46 33
39 47 901
39 48 121
39 49 95
39 50 34
39 51 480
39 52 755
39 53 384
39 54 341
39 55 431
39 56 434
39 57 837
39 58 68
39 59 717
39 60 702
39 61 955
39 62 316
39 63 774
39 64 702
40 1 867
40 2 486
40 3 395
40 4 736
40 5 467
40 6 241
40 7 364
40 9 560
40 10 543
40 11 452
40 12 466
40 13 66
40 14 484
40 15 719
40 16 538
40 17 930
40 18 104
40 19 17
40 20 37
40 21 840
40 22 710
40 23 467
40 24 273
40 25 546
40 26 887
40 27 341
40 28 247
40 29 193
40 30 656
40 31 373
40 32 895
40 33 875
40 34 858
40 35 641
40 36 610
40 37 676
40 39 881
40 41 325
40 42 587
40 43 775
40 44 776
40 45 52
40 46 192
40 47 260
40 48 122
40 49 729
40 50 541
40 51 226
40 52 98
40 53 577
40 54 65
40 55 159
40 57 396
40 58 689
40 59 56
40 60 282
40 61 30
40 62 654
40 63 474
40 64 37
41 1 26
41 2 720
41 3 911
41 4 235
41 5 712
41 6 872
41 7 262
41 8 945
41 9 197
41 10 848
41 11 719
41 12 972
41 13 252
41 14 911
41 15 583
41 16 373
41 17 991
41 18 124
41 19 950
41 20 440
41 21 700
41 22 366
41 23 598
41 24 447
41 25 55
41 26 653
41 27 728
41 28 84
41 29 307
41 30 554
41 31 472
41 32 684
41 34 625
41 35 383
41 36 271
41 37 337
41 38 254
41 39 532
41 40 281
41 43 802
41 44 732
41 46 351
41 47 774
41 48 983
41 49 261
41 50 708
41 51 707
41 52 604
41 53 831
41 54 657
41 55 43
41 56 883
41 57 22
41 58 641
41 59 329
41 60 428
41 61 645
41 62 409
41 63 863
41 64 303
42 1 962
42 2 335
42 3 987
42 4 586
42 5 717
42 6 609
42 7 922
42 8 322
42 9 492
42 10 554
42 11 476
42 12 223
42 13 905
42 14 601
42 15 557
42 16 517
42 17 308
42 18 264
42 19 120
42 20 139
42 21 920
42 22 515
42 23 373
42 24 293
42 25 507
42 26 701
42 27 721
42 28 151
42 29 109
42 30 583
42 31 806
42 32 422
42 33 269
42 35 144
42 36 8
42 37 985
42 38 752
42 39 281
42 40 659
42 41 243
42 43 187
42 44 486
42 45 818
42 47 91
42 48 86
42 49 374
42 50 959
42 51 393
42 52 637
42 53 431
42 54 883
42 55 908
42 56 945
42 57 255
42 59 201
42 60 451
42 61 308
42 62 273
42 63 953
42 64 768
43 1 207
43 2 758
43 3 190
43 4 476
43 5 901
43 6 549
43 7 812
43 8 652
43 9 829
43 10 822
43 11 247
43 12 15
43 13 307
43 14 64
43 15 457
43 16 392
43 17 437
43 18 416
43 19 785
43 20 426
43 21 846
43 22 19
43 23 333
43 24 142
43 25 626
43 26 533
43 27 944
43 28 933
43 29 157
43 30 896
43 31 52
43 32 364
43 33 654
43 34 241
43 36 839
43 37 906
43 38 789
43 39 2
43 40 910
43 42 970
43 45 824
43 46 156
43 47 984
43 48 130
43 49 219
43 50 793
43 51 522
43 52 7
43 53 208
43 54 658
43 55 432
43 56 405
43 57 28
43 58 765
43 59 898
43 60 653
43 61 649
43 62 841
43 63 937
43 64 806
44 1 736
44 2 989
44 3 521
44 4 741
44 5 229
44 6 711
44 7 647
44 8 370
44 9 712
44 10 556
44 11 339
44 12 887
44 13 711
44 14 322
44 15 17
44 16 281
44 17 466
44 18 890
44 19 639
44 20 673
44 21 899
44 22 71
44 23 429
44 24 926
44 25 187
44 26 326
44 27 579
44 28 187
44 29 166
44 30 867
44 31 344
44 32 254
44 33 855
44 34 864
44 35 994
44 37 436
44 38 926
44 39 992
44 40 157
44 41 638
44 43 547
44 45 495
44 46 524
44 47 609
44 49 168
44 50 892
44 51 241
44 52 634
44 53 781
44 54 880
44 55 658
44 56 679
44 57 302
44 58 87
44 59 957
44 60 488
44 61 764
44 62 887
44 63 26
44 64 282
45 1 753
45 2 370
45 3 535
45 4 960
45 5 233
45 6 528
45 7 395
45 8 159
45 9 520
45 10 551
45 11 148
45 12 418
45 13 397
45 14 23
45 15 27
45 16 564
45 17 915
45 18 619
45 19 549
45 20 47
45 21 498
45 22 207
45 23 78
45 24 799
45 25 293
45 26 34
45 27 638
45 28 408
45 29 272
45 30 664
45 31 689
45 32 24
45 33 33
45 34 223
45 35 983
45 36 617
45 38 103
45 39 729
45 40 127
45 41 974
45 42 631
45 43 626
45 44 391
45 46 27
45 48 649
45 49 769
45 50 943
45 51 915
45 52 388
45 53 491
45 54 313
45 55 237
45 56 697
45 57 390
45 58 388
45 59 341
45 60 775
45 62 377
45 63 101
45 64 46
46 1 40
46 2 789
46 3 422
46 4 424
46 5 364
46 6 404
46 7 393
46 8 466
46 9 485
46 10 871
46 11 791
46 12 467
46 13 497
46 15 181
46 16 846
46 17 145
46 18 302
46 19 788
46 20 411
46 21 41
46 22 630
46 23 723
46 24 629
46 25 679
46 26 465
46 27 16
46 28 19
46 29 591
46 30 393
46 31 471
46 32 989
46 33 784
46 34 260
46 35 410
46 36 560
46 37 623
46 38 165
46 39 304
46 40 440
46 41 1
46 42 174
46 43 230
46 44 468
46 47 670
46 48 762
46 49 313
46 50 166
46 51 63
46 52 452
46 53 928
46 54 455
46 55 433
46 56 651
46 57 84
46 58 111
46 59 467
46 60 99
46 61 482
46 63 409
46 64 843
47 1 952
47 2 749
47 3 627
47 4 211
47 5 158
47 6 538
47 7 185
47 8 675
47 9 841
47 10 624
47 11 675
47 12 14
47 13 205
47 14 494
47 15 684
47 16 967
47 17 158
47 18 201
47 19 381
47 20 961
47 21 129
47 22 836
47 23 394
47 24 131
47 25 919
47 26 504
47 27 949
47 28 369
47 29 985
47 30 357
47 31 212
47 32 937
47 33 106
47 34 190
47 35 499
47 36 615
47 37 79
47 38 36
47 40 289
47 41 919
47 42 659
47 44 316
47 45 932
47 46 216
47 49 161
47 50 967
47 51 182
47 52 319
47 53 168
47 54 562
47 55 631
47 56 648
47 57 749
47 58 24
47 59 778
47 60 19
47 61 528
47 62 726
47 63 388
47 64 864
48 1 434
48 2 951
48 3 152
48 4 891
48 5 492
48 6 651
48 7 506
48 8 570
48 9 686
48 10 146
48 11 488
48 12 696
48 13 813
48 14 771
48 15 263
48 16 326
48 17 90
48 18 444
48 19 644
48 20 609
48 21 358
48 22 274
48 23 256
48 24 106
48 25 650
48 26 33
48 27 125
48 28 177
48 29 110
48 30 864
48 31 392
48 32 895
48 33 166
48 34 544
48 35 786
48 36 657
48 37 546
48 38 643
48 39 226
48 41 583
48 42 788
48 43 65
48 44 630
48 45 953
48 47 835
48 49 893
48 50 278
48 51 924
48 52 336
48 53 273
48 54 532
48 55 45
48 56 898
48 57 139
48 58 503
48 59 547
48 60 523
48 61 979
48 62 75
48 63 632
49 1 842
49 2 467
49 3 527
49 4 7
49 5 362
49 6 664
49 7 663
49 8 907
49 9 306
49 10 240
49 11 489
49 12 445
49 13 304
49 14 470
49 15 397
49 16 490
49 18 362
49 19 26
49 20 414
49 21 50
49 22 298
49 23 297
49 24 94
49 25 548
49 26 436
49 27 948
49 28 94
49 29 310
49 30 926
49 31 521
49 32 942
49 33 767
49 34 339
49 35 820
49 36 125
49 37 700
49 38 483
49 39 139
49 40 606
49 41 140
49 42 378
49 43 446
49 44 584
49 45 33
49 46 915
49 47 333
49 48 523
49 50 629
49 52 710
49 53 288
49 54 678
49 55 360
49 56 936
49 58 123
49 59 907
49 60 371
49 61 71
49 62 352
49 63 681
49 64 996
50 1 872
50 2 974
50 3 115
50 4 210
50 5 145
50 6 239
50 7 261
50 8 979
50 9 378
50 10 866
50 11 118
50 12 107
50 13 663
50 14 53
50 15 140
50 16 930
50 17 737
50 19 662
50 20 558
50 21 799
50 22 949
50 23 587
50 24 158
50 25 884
50 26 61
50 27 416
50 28 607
50 29 483
50 30 767
50 31 639
50 32 479
50 33 991
50 34 964
50 35 945
50 36 552
50 37 108
50 38 535
50 39 813
50 40 438
50 41 912
50 42 30
50 43 555
50 44 371
50 45 45
50 46 959
50 47 510
50 48 974
50 51 48
50 52 171
50 53 883
50 55 846
50 56 471
50 57 821
50 58 355
50 59 706
50 60 881
50 61 770
50 62 312
50 63 364
50 64 888
51 1 302
51 2 194
51 3 230
51 4 265
51 5 138
51 6 134
51 7 724
51 8 672
51 9 298
51 10 161
51 11 936
51 12 327
51 13 67
51 14 306
51 15 723
51 16 378
51 17 167
51 18 48
51 20 425
51 21 337
51 22 930
51 23 622
51 24 159
51 25 750
51 26 976
51 27 864
51 28 631
51 29 97
51 30 528
51 31 346
51 32 984
51 33 829
51 34 539
51 35 566
51 36 446
51 37 28
51 38 699
51 39 521
51 40 51
51 41 996
51 42 34
51 43 338
51 44 674
51 45 452
51 46 995
51 47 397
51 48 829
51 49 161
51 50 796
51 53 605
51 54 849
51 55 726
51 56 578
51 57 7
51 58 827
51 60 905
51 61 223
51 62 809
51 63 1
51 64 750
52 1 154
52 2 337
52 3 930
52 4 44
52 5 902
52 6 727
52 7 423
52 8 952
52 9 248
52 10 474
52 11 947
52 12 633
52 13 163
52 14 972
52 15 84
52 16 158
52 17 720
52 18 265
52 19 318
52 21 516
52 22 221
52 23 167
52 24 593
52 25 799
52 26 525
52 27 419
52 28 55
52 29 747
52 30 228
52 31 56
52 32 496
52 33 733
52 34 744
52 35 778
52 36 777
52 37 997
52 38 504
52 39 199
52 40 948
52 41 103
52 42 24
52 43 246
52 44 735
52 45 187
52 46 569
52 47 171
52 48 344
52 49 289
52 51 435
52 53 13
52 54 156
52 55 7
52 56 179
52 57 748
52 58 157
52 59 56
52 61 166
52 62 212
52 63 802
52 64 745
53 1 619
53 2 298
53 3 478
53 4 714
53 5 75
53 6 606
53 7 710
53 8 930
53 9 804
53 10 657
53 11 33
53 12 828
53 13 254
53 14 767
53 15 366
53 16 822
53 17 289
53 18 709
53 19 462
53 20 75
53 22 721
53 23 617
53 24 82
53 25 252
53 26 716
53 27 590
53 28 307
53 29 882
53 30 801
53 31 108
53 32 978
53 33 771
53 34 757
53 35 455
53 36 484
53 37 183
53 38 60
53 39 193
53 40 113
53 41 216
53 42 201
53 43 497
53 44 395
53 45 806
53 46 615
53 47 760
53 48 980
53 50 904
53 51 820
53 52 441
53 54 978
53 56 892
53 57 410
53 58 411
53 59 495
53 60 125
53 61 1
53 62 801
53 63 358
53 64 153
54 1 261
54 2 336
54 3 276
54 4 369
54 5 142
54 6 759
54 7 904
54 8 554
54 9 304
54 10 368
54 11 769
54 12 856
54 13 864
54 14 515
54 15 662
54 16 478
54 17 626
54 18 993
54 19 733
54 20 445
54 21 433
54 23 63
54 24 688
54 25 842
54 26 473
54 27 183
54 28 967
54 29 825
54 30 335
54 31 324
54 32 330
54 33 595
54 34 11
54 35 605
54 36 316
54 37 153
54 38 715
54 39 219
54 40 706
54 41 18
54 42 586
54 43 826
54 44 226
54 45 449
54 46 340
54 47 239
54 48 278
54 49 965
54 50 231
54 51 11
54 52 761
54 55 663
54 57 73
54 58 448
54 59 857
54 60 897
54 61 982
54 62 175
54 63 722
54 64 317
55 1 498
55 2 51
55 3 263
55 4 861
55 5 7
55 6 578
55 7 13
55 8 721
55 9 796
55 10 70
55 11 91
55 12 381
55 13 895
55 14 316
55 15 181
55 16 586
55 17 906
55 18 459
55 19 902
55 20 136
55 21 821
55 22 14
55 23 150
55 24 893
55 25 461
55 26 358
55 27 789
55 28 795
55 29 532
55 30 862
55 31 111
55 32 30
55 33 264
55 34 373
55 35 242
55 36 270
55 37 951
55 38 254
55 40 991
55 41 98
55 42 675
55 43 433
55 44 479
55 45 569
55 46 748
55 47 11
55 48 506
55 49 5
55 50 469
55 52 407
55 53 140
55 54 289
55 56 420
55 57 641
55 58 533
55 59 232
55 60 999
55 61 674
55 62 26
55 64 530
56 1 535
56 2 488
56 3 911
56 4 799
56 5 861
56 6 152
56 7 68
56 8 163
56 9 757
56 10 410
56 11 260
56 12 431
56 13 842
56 14 90
56 15 351
56 16 941
56 17 101
56 18 856
56 19 945
56 20 921
56 21 614
56 22 436
56 23 562
56 25 33
56 26 77
56 27 446
56 28 617
56 29 75
56 30 119
56 31 994
56 32 956
56 33 654
56 34 834
56 35 219
56 36 452
56 37 46
56 38 370
56 39 871
56 40 208
56 41 127
56 42 633
56 43 819
56 44 909
56 45 474
56 46 261
56 47 260
56 48 415
56 49 713
56 50 115
56 51 711
56 53 633
56 54 729
56 57 147
56 58 546
56 59 113
56 60 575
56 61 344
56 62 81
56 63 1
56 64 462
57 1 427
57 2 956
57 3 115
57 4 260
57 5 174
57 6 918
57 7 305
57 8 896
57 9 141
57 10 864
57 11 374
57 12 773
57 13 682
57 14 282
57 15 598
57 16 942
57 17 541
57 18 364
57 19 6
57 20 8
57 21 75
57 22 991
57 23 88
57 24 221
57 25 536
57 26 552
57 27 795
57 28 879
57 29 985
57 30 147
57 31 693
57 32 411
57 33 102
57 34 159
57 35 670
57 36 628
57 37 429
57 38 326
57 39 523
57 40 569
57 42 189
57 43 896
57 44 693
57 45 222
57 46 177
57 47 290
57 48 516
57 49 70
57 50 654
57 51 521
57 52 429
57 53 728
57 54 511
57 55 516
57 56 300
57 59 399
57 60 67
57 62 446
57 63 629
57 64 51
58 1 592
58 2 321
58 3 813
58 4 45
58 5 832
58 6 834
58 7 672
58 8 260
58 9 159
58 10 546
58 11 828
58 12 699
58 13 441
58 14 520
58 15 273
58 16 970
58 17 161
58 18 140
58 19 391
58 20 814
58 21 12
58 22 819
58 23 893
58 24 875
58 25 334
58 27 544
58 28 273
58 29 752
58 30 341
58 31 253
58 32 155
58 33 284
58 34 926
58 35 967
58 36 329
58 37 757
58 38 801
58 39 352
58 40 16
58 41 311
58 42 898
58 43 195
58 44 362
58 45 690
58 46 66
58 47 634
58 48 659
58 49 226
58 51 125
58 52 49
58 53 392
58 54 136
58 55 219
58 56 284
58 57 10
58 59 552
58 60 180
58 61 634
58 63 656
58 64 520
59 1 239
59 2 810
59 3 804
59 4 164
59 5 128
59 6 132
59 7 920
59 8 928
59 9 835
59 10 287
59 11 591
59 12 732
59 13 481
59 14 952
59 15 422
59 16 898
59 17 937
59 18 432
59 19 123
59 20 61
59 21 833
59 22 514
59 23 548
59 24 51
59 25 150
59 26 558
59 27 955
59 28 329
59 29 543
59 30 610
59 31 200
59 32 781
59 33 771
59 34 3
59 35 296
59 36 898
59 37 486
59 38 567
59 39 826
59 40 321
59 41 853
59 42 768
59 44 52
59 45 685
59 46 719
59 47 825
59 48 582
59 49 655
59 50 609
59 51 57
59 52 67
59 53 441
59 54 922
59 55 614
59 56 491
59 58 423
59 61 523
59 62 797
59 63 751
59 64 418
60 1 406
60 2 303
60 3 198
60 4 176
60 5 305
60 6 846
60 7 426
60 8 791
60 9 412
60 10 251
60 11 463
60 12 617
60 13 370
60 14 866
60 15 653
60 16 88
60 17 691
60 18 587
60 19 94
60 20 651
60 21 643
60 22 160
60 23 91
60 24 916
60 25 125
60 26 933
60 27 339
60 28 648
60 29 730
60 30 441
60 31 65
60 32 487
60 33 743
60 34 614
60 35 15
60 36 48
60 37 459
60 38 440
60 39 190
60 40 871
60 41 42
60 42 4
60 43 839
60 45 411
60 46 869
60 47 491
60 48 498
60 49 911
60 50 77
60 51 943
60 52 561
60 53 71
60 54 102
60 55 651
60 56 987
60 57 226
60 59 936
60 61 677
60 62 225
60 63 665
61 1 117
61 2 289
61 3 151
61 4 860
61 5 255
61 6 165
61 7 259
61 8 713
61 9 604
61 10 800
61 11 935
61 12 645
61 13 803
61 14 773
61 15 407
61 16 671
61 17 616
61 18 904
61 19 582
61 20 692
61 21 846
61 22 494
61 23 115
61 24 299
61 25 145
61 26 101
61 27 877
61 28 80
61 30 777
61 31 101
61 32 96
61 33 245
61 34 742
61 35 598
61 36 104
61 37 996
61 38 115
61 39 714
61 40 60
61 41 718
61 42 513
61 43 995
61 44 715
61 45 315
61 46 119
61 47 473
61 48 338
61 49 734
61 50 377
61 51 271
61 52 426
61 54 574
61 55 764
61 56 540
61 57 225
61 58 260
61 59 992
61 60 101
61 62 691
61 64 120
62 1 553
62 2 786
62 3 364
62 4 294
62 5 736
62 6 820
62 7 289
62 8 850
62 9 533
62 10 349
62 11 919
62 12 398
62 13 695
62 14 985
62 15 712
62 16 813
62 17 458
62 18 401
62 19 547
62 20 834
62 21 671
62 22 324
62 23 759
62 24 787
62 25 215
62 26 983
62 27 46
62 28 558
62 29 435
62 31 89
62 32 677
62 33 988
62 34 226
62 35 392
62 36 281
62 37 961
62 38 563
62 39 922
62 40 810
62 41 96
62 42 622
62 43 729
62 44 845
62 45 668
62 46 713
62 47 556
62 48 480
62 49 170
62 50 309
62 51 378
62 52 355
62 53 331
62 55 701
62 56 466
62 57 117
62 58 267
62 59 448
62 60 515
62 63 824
62 64 235
63 1 603
63 2 852
63 3 222
63 4 828
63 5 596
63 6 854
63 7 141
63 8 158
63 9 775
63 10 950
63 11 605
63 12 748
63 13 30
63 14 449
63 15 415
63 16 95
63 17 357
63 18 247
63 19 616
63 20 665
63 21 624
63 22 971
63 23 347
63 24 677
63 25 788
63 26 464
63 27 943
63 28 587
63 29 978
63 30 119
63 31 821
63 32 932
63 33 322
63 34 42
63 35 111
63 36 269
63 37 248
63 38 251
63 39 427
63 40 374
63 41 553
63 42 383
63 43 122
63 44 934
63 45 184
63 46 888
63 48 28
63 49 540
63 50 134
63 51 644
63 52 556
63 53 758
63 54 966
63 55 902
63 56 434
63 57 753
63 58 717
63 60 728
63 61 339
63 62 694
64 1 198
64 2 160
64 3 977
64 4 872
64 5 553
64 6 88
64 7 140
64 8 800
64 9 690
64 10 918
64 11 174
64 12 242
64 13 653
64 14 647
64 15 176
64 16 836
64 17 534
64 18 555
64 19 375
64 20 668
64 21 198
64 22 282
64 23 777
64 24 515
64 25 183
64 26 562
64 27 267
64 28 900
64 29 641
64 30 958
64 31 945
64 33 839
64 34 117
64 35 274
64 36 62
64 37 21
64 38 713
64 39 201
64 40 173
64 41 402
64 42 471
64 43 346
64 44 996
64 45 123
64 46 344
64 47 523
64 48 958
64 49 877
64 50 77
64 51 684
64 52 544
64 53 627
64 54 965
64 55 672
64 57 141
64 58 499
64 59 233
64 60 760
64 61 750
64 63 874

TERMINALS
1
4
6
7
10
11
13
16
18
19
21
24
25
28
30
31
34
35
37
40
41
44
46
47
49
52
54
55
58
59
61
64

END
