INSTANCE_NAME r13.dat
NB_VERTICES 400
NB_ARCS 760
NB_REQUESTS 0
NB_BLOCKAGES 76
NB_TERMINALS 20

VERTICES
1 0 0
2 0 0
3 0 0
4 0 0
5 0 0
6 0 0
7 0 0
8 0 0
9 0 0
10 0 0
11 0 0
12 0 0
13 0 0
14 0 0
15 0 0
16 0 0
17 0 0
18 0 0
19 0 0
20 0 0
21 0 0
22 0 0
23 0 0
24 0 0
25 0 0
26 0 0
27 0 0
28 0 0
29 0 0
30 0 0
31 0 0
32 0 0
33 0 0
34 0 0
35 0 0
36 0 0
37 0 0
38 0 0
39 0 0
40 0 0
41 0 0
42 0 0
43 0 0
44 0 0
45 0 0
46 0 0
47 0 0
48 0 0
49 0 0
50 0 0
51 0 0
52 0 0
53 0 0
54 0 0
55 0 0
56 0 0
57 0 0
58 0 0
59 0 0
60 0 0
61 0 0
62 0 0
63 0 0
64 0 0
65 0 0
66 0 0
67 0 0
68 0 0
69 0 0
70 0 0
71 0 0
72 0 0
73 0 0
74 0 0
75 0 0
76 0 0
77 0 0
78 0 0
79 0 0
80 0 0
81 0 0
82 0 0
83 0 0
84 0 0
85 0 0
86 0 0
87 0 0
88 0 0
89 0 0
90 0 0
91 0 0
92 0 0
93 0 0
94 0 0
95 0 0
96 0 0
97 0 0
98 0 0
99 0 0
100 0 0
101 0 0
102 0 0
103 0 0
104 0 0
105 0 0
106 0 0
107 0 0
108 0 0
109 0 0
110 0 0
111 0 0
112 0 0
113 0 0
114 0 0
115 0 0
116 0 0
117 0 0
118 0 0
119 0 0
120 0 0
121 0 0
122 0 0
123 0 0
124 0 0
125 0 0
126 0 0
127 0 0
128 0 0
129 0 0
130 0 0
131 0 0
132 0 0
133 0 0
134 0 0
135 0 0
136 0 0
137 0 0
138 0 0
139 0 0
140 0 0
141 0 0
142 0 0
143 0 0
144 0 0
145 0 0
146 0 0
147 0 0
148 0 0
149 0 0
150 0 0
151 0 0
152 0 0
153 0 0
154 0 0
155 0 0
156 0 0
157 0 0
158 0 0
159 0 0
160 0 0
161 0 0
162 0 0
163 0 0
164 0 0
165 0 0
166 0 0
167 0 0
168 0 0
169 0 0
170 0 0
171 0 0
172 0 0
173 0 0
174 0 0
175 0 0
176 0 0
177 0 0
178 0 0
179 0 0
180 0 0
181 0 0
182 0 0
183 0 0
184 0 0
185 0 0
186 0 0
187 0 0
188 0 0
189 0 0
190 0 0
191 0 0
192 0 0
193 0 0
194 0 0
195 0 0
196 0 0
197 0 0
198 0 0
199 0 0
200 0 0
201 0 0
202 0 0
203 0 0
204 0 0
205 0 0
206 0 0
207 0 0
208 0 0
209 0 0
210 0 0
211 0 0
212 0 0
213 0 0
214 0 0
215 0 0
216 0 0
217 0 0
218 0 0
219 0 0
220 0 0
221 0 0
222 0 0
223 0 0
224 0 0
225 0 0
226 0 0
227 0 0
228 0 0
229 0 0
230 0 0
231 0 0
232 0 0
233 0 0
234 0 0
235 0 0
236 0 0
237 0 0
238 0 0
239 0 0
240 0 0
241 0 0
242 0 0
243 0 0
244 0 0
245 0 0
246 0 0
247 0 0
248 0 0
249 0 0
250 0 0
251 0 0
252 0 0
253 0 0
254 0 0
255 0 0
256 0 0
257 0 0
258 0 0
259 0 0
260 0 0
261 0 0
262 0 0
263 0 0
264 0 0
265 0 0
266 0 0
267 0 0
268 0 0
269 0 0
270 0 0
271 0 0
272 0 0
273 0 0
274 0 0
275 0 0
276 0 0
277 0 0
278 0 0
279 0 0
280 0 0
281 0 0
282 0 0
283 0 0
284 0 0
285 0 0
286 0 0
287 0 0
288 0 0
289 0 0
290 0 0
291 0 0
292 0 0
293 0 0
294 0 0
295 0 0
296 0 0
297 0 0
298 0 0
299 0 0
300 0 0
301 0 0
302 0 0
303 0 0
304 0 0
305 0 0
306 0 0
307 0 0
308 0 0
309 0 0
310 0 0
311 0 0
312 0 0
313 0 0
314 0 0
315 0 0
316 0 0
317 0 0
318 0 0
319 0 0
320 0 0
321 0 0
322 0 0
323 0 0
324 0 0
325 0 0
326 0 0
327 0 0
328 0 0
329 0 0
330 0 0
331 0 0
332 0 0
333 0 0
334 0 0
335 0 0
336 0 0
337 0 0
338 0 0
339 0 0
340 0 0
341 0 0
342 0 0
343 0 0
344 0 0
345 0 0
346 0 0
347 0 0
348 0 0
349 0 0
350 0 0
351 0 0
352 0 0
353 0 0
354 0 0
355 0 0
356 0 0
357 0 0
358 0 0
359 0 0
360 0 0
361 0 0
362 0 0
363 0 0
364 0 0
365 0 0
366 0 0
367 0 0
368 0 0
369 0 0
370 0 0
371 0 0
372 0 0
373 0 0
374 0 0
375 0 0
376 0 0
377 0 0
378 0 0
379 0 0
380 0 0
381 0 0
382 0 0
383 0 0
384 0 0
385 0 0
386 0 0
387 0 0
388 0 0
389 0 0
390 0 0
391 0 0
392 0 0
393 0 0
394 0 0
395 0 0
396 0 0
397 0 0
398 0 0
399 0 0
400 0 0

ARCS
12 11 120
11 10 102
10 9 45
9 8 14
8 7 79
7 6 88
6 5 20
5 4 1
4 3 41
3 2 25
2 1 3
1 21 14
21 22 3
22 23 25
23 24 41
24 25 1
25 26 20
26 27 88
27 28 79
28 29 14
29 30 45
30 31 102
31 32 120
32 33 26
33 34 119
34 35 88
35 36 39
36 37 32
37 38 25
38 39 26
39 40 41
40 20 14
20 19 41
19 18 26
18 17 25
17 16 32
16 15 39
15 14 88
14 13 119
13 12 26
12 32 14
32 52 6
52 51 120
51 50 102
50 49 45
49 48 14
48 47 79
47 46 88
46 45 20
45 44 1
44 43 41
43 42 25
42 41 3
41 21 6
41 61 7
61 62 3
62 63 25
63 64 41
64 65 1
65 66 20
66 67 88
67 68 79
68 69 14
69 70 45
70 71 102
71 72 120
72 73 26
73 74 119
74 75 88
75 76 39
76 77 32
77 78 25
78 79 26
79 80 41
80 383 7
383 59 41
59 58 26
58 57 25
57 56 32
56 55 39
55 54 88
54 53 119
53 52 26
52 72 7
72 92 15
92 91 120
91 90 102
90 89 45
89 88 14
88 87 79
87 86 88
86 85 20
85 84 1
84 83 41
83 82 25
82 81 3
81 61 15
81 101 34
101 102 3
102 103 25
103 104 41
104 105 1
105 106 20
106 107 88
107 108 79
108 109 14
109 110 45
110 111 102
111 112 120
112 113 26
113 114 119
114 115 88
115 116 39
116 117 32
117 118 25
118 119 26
119 120 41
120 100 34
100 99 41
99 98 26
98 97 25
97 96 32
96 95 39
95 94 88
94 93 119
93 92 26
92 112 34
112 132 20
132 131 120
131 130 102
130 129 45
129 128 14
128 127 79
127 126 88
126 125 20
125 124 1
124 123 41
123 122 25
122 121 3
121 101 20
121 141 36
141 142 3
142 143 25
143 144 41
144 145 1
145 146 20
146 147 88
147 148 79
148 149 14
149 150 45
150 151 102
151 152 120
152 153 26
153 154 119
154 155 88
155 156 39
156 157 32
157 158 25
158 159 26
159 160 41
160 140 36
140 139 41
139 138 26
138 137 25
137 136 32
136 135 39
135 134 88
134 133 119
133 132 26
132 152 36
152 172 25
172 171 120
171 170 102
170 169 45
169 168 14
168 167 79
167 166 88
166 165 20
165 164 1
164 163 41
163 162 25
162 161 3
161 141 25
161 181 114
181 182 3
182 183 25
183 184 41
184 185 1
185 186 20
186 187 88
187 188 79
188 189 14
189 190 45
190 191 102
191 192 120
192 193 26
193 194 119
194 195 88
195 196 39
196 197 32
197 198 25
198 199 26
199 200 41
200 180 114
180 179 41
179 178 26
178 177 25
177 176 32
176 175 39
175 174 88
174 173 119
173 172 26
172 192 114
192 212 105
212 211 120
211 210 102
210 209 45
209 208 14
208 207 79
207 206 88
206 205 20
205 204 1
204 203 41
203 202 25
202 201 3
201 181 105
201 221 99
221 222 3
222 223 25
223 224 41
224 225 1
225 226 20
226 227 88
227 228 79
228 229 14
229 230 45
230 231 102
231 232 120
232 233 26
233 234 119
234 235 88
235 236 39
236 237 32
237 238 25
238 239 26
239 240 41
240 220 99
220 219 41
219 218 26
218 217 25
217 216 32
216 215 39
215 214 88
214 213 119
213 212 26
212 232 99
232 252 3
252 251 120
251 250 102
250 249 45
249 248 14
248 247 79
247 246 88
246 245 20
245 244 1
244 243 41
243 242 25
242 241 3
241 221 3
241 261 7
261 262 3
262 263 25
263 264 41
264 265 1
265 266 20
266 267 88
267 268 79
268 269 14
269 270 45
270 271 102
271 272 120
272 273 26
273 274 119
274 275 88
275 276 39
276 277 32
277 278 25
278 279 26
279 280 41
280 260 7
260 259 41
259 258 26
258 257 25
257 256 32
256 255 39
255 254 88
254 253 119
253 252 26
252 272 7
272 292 176
292 291 120
291 290 102
290 289 45
289 288 14
288 287 79
287 286 88
286 285 20
285 284 1
284 283 41
283 282 25
282 281 3
281 261 176
281 301 13
301 302 3
302 303 25
303 304 41
304 305 1
305 306 20
306 307 88
307 308 79
308 309 14
309 310 45
310 311 102
311 312 120
312 313 26
313 314 119
314 315 88
315 316 39
316 317 32
317 318 25
318 319 26
319 320 41
320 300 13
300 299 41
299 298 26
298 297 25
297 296 32
296 295 39
295 294 88
294 293 119
293 292 26
292 312 13
312 332 77
332 331 120
331 330 102
330 329 45
329 328 14
328 327 79
327 326 88
326 325 20
325 324 1
324 323 41
323 322 25
322 321 3
321 301 77
321 341 6
341 342 3
342 343 25
343 344 41
344 345 1
345 346 20
346 347 88
347 348 79
348 349 14
349 350 45
350 351 102
351 352 120
352 353 26
353 354 119
354 355 88
355 356 39
356 357 32
357 358 25
358 359 26
359 360 41
360 340 6
340 339 41
339 338 26
338 337 25
337 336 32
336 335 39
335 334 88
334 333 119
333 332 26
332 352 6
352 372 144
372 371 120
371 370 102
370 369 45
369 368 14
368 367 79
367 366 88
366 365 20
365 364 1
364 363 41
363 362 25
362 361 3
361 341 144
361 381 25
381 382 3
382 383 25
383 384 41
384 385 1
385 386 20
386 387 88
387 388 79
388 389 14
389 390 45
390 391 102
391 392 120
392 393 26
393 394 119
394 395 88
395 396 39
396 397 32
397 398 25
398 399 26
399 400 41
400 380 25
380 379 41
379 378 26
378 377 25
377 376 32
376 375 39
375 374 88
374 373 119
373 372 26
372 392 25
373 353 144
353 333 6
333 313 77
313 293 13
293 273 176
273 253 7
253 233 3
233 213 99
213 193 105
193 173 114
173 153 25
153 133 36
133 113 20
113 93 34
93 73 15
73 53 7
53 33 6
33 13 14
373 393 25
374 354 144
354 334 6
334 314 77
314 294 13
294 274 176
274 254 7
254 234 3
234 214 99
214 194 105
194 174 114
174 154 25
154 134 36
134 114 20
114 94 34
94 74 15
74 54 7
54 34 6
34 14 14
374 394 25
375 355 144
355 335 6
335 315 77
315 295 13
295 275 176
275 255 7
255 235 3
235 215 99
215 195 105
195 175 114
175 155 25
155 135 36
135 115 20
115 95 34
95 75 15
75 55 7
55 35 6
35 15 14
375 395 25
376 356 144
356 336 6
336 316 77
316 296 13
296 276 176
276 256 7
256 236 3
236 216 99
216 196 105
196 176 114
176 156 25
156 136 36
136 116 20
116 96 34
96 76 15
76 56 7
56 36 6
36 16 14
376 396 25
377 357 144
357 337 6
337 317 77
317 297 13
297 277 176
277 257 7
257 237 3
237 217 99
217 197 105
197 177 114
177 157 25
157 137 36
137 117 20
117 97 34
97 77 15
77 57 7
57 37 6
37 17 14
377 397 25
378 358 144
358 338 6
338 318 77
318 298 13
298 278 176
278 258 7
258 238 3
238 218 99
218 198 105
198 178 114
178 158 25
158 138 36
138 118 20
118 98 34
98 78 15
78 58 7
58 38 6
38 18 14
378 398 25
379 359 144
359 339 6
339 319 77
319 299 13
299 279 176
279 259 7
259 239 3
239 219 99
219 199 105
199 179 114
179 159 25
159 139 36
139 119 20
119 99 34
99 79 15
79 59 7
59 39 6
39 19 14
379 399 25
380 360 144
391 371 25
371 351 144
351 331 6
331 311 77
311 291 13
291 271 176
271 251 7
251 231 3
231 211 99
211 191 105
191 171 114
171 151 25
151 131 36
131 111 20
111 91 34
91 71 15
71 51 7
51 31 6
31 11 14
390 370 25
370 350 144
350 330 6
330 310 77
310 290 13
290 270 176
270 250 7
250 230 3
230 210 99
210 190 105
190 170 114
170 150 25
150 130 36
130 110 20
110 90 34
90 70 15
70 50 7
50 30 6
30 10 14
389 369 25
369 349 144
349 329 6
329 309 77
309 289 13
289 269 176
269 249 7
249 229 3
229 209 99
209 189 105
189 169 114
169 149 25
149 129 36
129 109 20
109 89 34
89 69 15
69 49 7
49 29 6
29 9 14
388 368 25
368 348 144
348 328 6
328 308 77
308 288 13
288 268 176
268 248 7
248 228 3
228 208 99
208 188 105
188 168 114
168 148 25
148 128 36
128 108 20
108 88 34
88 68 15
68 48 7
48 28 6
28 8 14
387 367 25
367 347 144
347 327 6
327 307 77
307 287 13
287 267 176
267 247 7
247 227 3
227 207 99
207 187 105
187 167 114
167 147 25
147 127 36
127 107 20
107 87 34
87 67 15
67 47 7
47 27 6
27 7 14
386 366 25
366 346 144
346 326 6
326 306 77
306 286 13
286 266 176
266 246 7
246 226 3
226 206 99
206 186 105
186 166 114
166 146 25
146 126 36
126 106 20
106 86 34
86 66 15
66 46 7
46 26 6
26 6 14
385 365 25
365 345 144
345 325 6
325 305 77
305 285 13
285 265 176
265 245 7
245 225 3
225 205 99
205 185 105
185 165 114
165 145 25
145 125 36
125 105 20
105 85 34
85 65 15
65 45 7
45 25 6
25 5 14
384 364 25
364 344 144
344 324 6
324 304 77
304 284 13
284 264 176
264 244 7
244 224 3
224 204 99
204 184 105
184 164 114
164 144 25
144 124 36
124 104 20
104 84 34
84 64 15
64 44 7
44 24 6
24 4 14
383 363 25
363 343 144
343 323 6
323 303 77
303 283 13
283 263 176
263 243 7
243 223 3
223 203 99
203 183 105
183 163 114
163 143 25
143 123 36
123 103 20
103 83 34
83 63 15
63 43 7
43 23 6
23 3 14
383 40 6
382 362 25
362 342 144
342 322 6
322 302 77
302 282 13
282 262 176
262 242 7
242 222 3
222 202 99
202 182 105
182 162 114
162 142 25
142 122 36
122 102 20
102 82 34
82 62 15
62 42 7
42 22 6
22 2 14
340 320 77
300 280 176
260 240 3
220 200 105
180 160 25
140 120 20
100 80 15

REQUESTS

BLOCKAGES
6 5
363 362
158 138
164 163
90 89
107 87
130 110
386 366
153 154
11 10
371 351
284 264
253 233
162 142
63 43
172 192
349 350
224 225
383 363
195 196
67 47
246 226
105 106
338 318
345 346
360 340
310 290
58 38
206 186
287 267
21 22
230 210
219 218
251 231
106 86
252 272
15 14
122 102
308 288
64 44
194 174
102 103
205 204
236 237
300 299
343 323
274 254
202 201
137 117
176 175
321 301
165 164
271 251
160 140
13 12
307 308
84 64
353 354
263 243
50 49
264 265
4 3
134 114
99 79
244 224
134 133
125 105
156 136
376 375
318 319
243 242
339 338
46 26
122 121
358 359
45 25

TERMINALS
12
24
54
77
93
101
122
155
167
200
216
226
248
263
290
319
329
351
365
398

END
