INSTANCE_NAME r31.dat
NB_VERTICES 1600
NB_ARCS 3118
NB_REQUESTS 0
NB_BLOCKAGES 311
NB_TERMINALS 40

VERTICES
1 0 0
2 0 0
3 0 0
4 0 0
5 0 0
6 0 0
7 0 0
8 0 0
9 0 0
10 0 0
11 0 0
12 0 0
13 0 0
14 0 0
15 0 0
16 0 0
17 0 0
18 0 0
19 0 0
20 0 0
21 0 0
22 0 0
23 0 0
24 0 0
25 0 0
26 0 0
27 0 0
28 0 0
29 0 0
30 0 0
31 0 0
32 0 0
33 0 0
34 0 0
35 0 0
36 0 0
37 0 0
38 0 0
39 0 0
40 0 0
41 0 0
42 0 0
43 0 0
44 0 0
45 0 0
46 0 0
47 0 0
48 0 0
49 0 0
50 0 0
51 0 0
52 0 0
53 0 0
54 0 0
55 0 0
56 0 0
57 0 0
58 0 0
59 0 0
60 0 0
61 0 0
62 0 0
63 0 0
64 0 0
65 0 0
66 0 0
67 0 0
68 0 0
69 0 0
70 0 0
71 0 0
72 0 0
73 0 0
74 0 0
75 0 0
76 0 0
77 0 0
78 0 0
79 0 0
80 0 0
81 0 0
82 0 0
83 0 0
84 0 0
85 0 0
86 0 0
87 0 0
88 0 0
89 0 0
90 0 0
91 0 0
92 0 0
93 0 0
94 0 0
95 0 0
96 0 0
97 0 0
98 0 0
99 0 0
100 0 0
101 0 0
102 0 0
103 0 0
104 0 0
105 0 0
106 0 0
107 0 0
108 0 0
109 0 0
110 0 0
111 0 0
112 0 0
113 0 0
114 0 0
115 0 0
116 0 0
117 0 0
118 0 0
119 0 0
120 0 0
121 0 0
122 0 0
123 0 0
124 0 0
125 0 0
126 0 0
127 0 0
128 0 0
129 0 0
130 0 0
131 0 0
132 0 0
133 0 0
134 0 0
135 0 0
136 0 0
137 0 0
138 0 0
139 0 0
140 0 0
141 0 0
142 0 0
143 0 0
144 0 0
145 0 0
146 0 0
147 0 0
148 0 0
149 0 0
150 0 0
151 0 0
152 0 0
153 0 0
154 0 0
155 0 0
156 0 0
157 0 0
158 0 0
159 0 0
160 0 0
161 0 0
162 0 0
163 0 0
164 0 0
165 0 0
166 0 0
167 0 0
168 0 0
169 0 0
170 0 0
171 0 0
172 0 0
173 0 0
174 0 0
175 0 0
176 0 0
177 0 0
178 0 0
179 0 0
180 0 0
181 0 0
182 0 0
183 0 0
184 0 0
185 0 0
186 0 0
187 0 0
188 0 0
189 0 0
190 0 0
191 0 0
192 0 0
193 0 0
194 0 0
195 0 0
196 0 0
197 0 0
198 0 0
199 0 0
200 0 0
201 0 0
202 0 0
203 0 0
204 0 0
205 0 0
206 0 0
207 0 0
208 0 0
209 0 0
210 0 0
211 0 0
212 0 0
213 0 0
214 0 0
215 0 0
216 0 0
217 0 0
218 0 0
219 0 0
220 0 0
221 0 0
222 0 0
223 0 0
224 0 0
225 0 0
226 0 0
227 0 0
228 0 0
229 0 0
230 0 0
231 0 0
232 0 0
233 0 0
234 0 0
235 0 0
236 0 0
237 0 0
238 0 0
239 0 0
240 0 0
241 0 0
242 0 0
243 0 0
244 0 0
245 0 0
246 0 0
247 0 0
248 0 0
249 0 0
250 0 0
251 0 0
252 0 0
253 0 0
254 0 0
255 0 0
256 0 0
257 0 0
258 0 0
259 0 0
260 0 0
261 0 0
262 0 0
263 0 0
264 0 0
265 0 0
266 0 0
267 0 0
268 0 0
269 0 0
270 0 0
271 0 0
272 0 0
273 0 0
274 0 0
275 0 0
276 0 0
277 0 0
278 0 0
279 0 0
280 0 0
281 0 0
282 0 0
283 0 0
284 0 0
285 0 0
286 0 0
287 0 0
288 0 0
289 0 0
290 0 0
291 0 0
292 0 0
293 0 0
294 0 0
295 0 0
296 0 0
297 0 0
298 0 0
299 0 0
300 0 0
301 0 0
302 0 0
303 0 0
304 0 0
305 0 0
306 0 0
307 0 0
308 0 0
309 0 0
310 0 0
311 0 0
312 0 0
313 0 0
314 0 0
315 0 0
316 0 0
317 0 0
318 0 0
319 0 0
320 0 0
321 0 0
322 0 0
323 0 0
324 0 0
325 0 0
326 0 0
327 0 0
328 0 0
329 0 0
330 0 0
331 0 0
332 0 0
333 0 0
334 0 0
335 0 0
336 0 0
337 0 0
338 0 0
339 0 0
340 0 0
341 0 0
342 0 0
343 0 0
344 0 0
345 0 0
346 0 0
347 0 0
348 0 0
349 0 0
350 0 0
351 0 0
352 0 0
353 0 0
354 0 0
355 0 0
356 0 0
357 0 0
358 0 0
359 0 0
360 0 0
361 0 0
362 0 0
363 0 0
364 0 0
365 0 0
366 0 0
367 0 0
368 0 0
369 0 0
370 0 0
371 0 0
372 0 0
373 0 0
374 0 0
375 0 0
376 0 0
377 0 0
378 0 0
379 0 0
380 0 0
381 0 0
382 0 0
383 0 0
384 0 0
385 0 0
386 0 0
387 0 0
388 0 0
389 0 0
390 0 0
391 0 0
392 0 0
393 0 0
394 0 0
395 0 0
396 0 0
397 0 0
398 0 0
399 0 0
400 0 0
401 0 0
402 0 0
403 0 0
404 0 0
405 0 0
406 0 0
407 0 0
408 0 0
409 0 0
410 0 0
411 0 0
412 0 0
413 0 0
414 0 0
415 0 0
416 0 0
417 0 0
418 0 0
419 0 0
420 0 0
421 0 0
422 0 0
423 0 0
424 0 0
425 0 0
426 0 0
427 0 0
428 0 0
429 0 0
430 0 0
431 0 0
432 0 0
433 0 0
434 0 0
435 0 0
436 0 0
437 0 0
438 0 0
439 0 0
440 0 0
441 0 0
442 0 0
443 0 0
444 0 0
445 0 0
446 0 0
447 0 0
448 0 0
449 0 0
450 0 0
451 0 0
452 0 0
453 0 0
454 0 0
455 0 0
456 0 0
457 0 0
458 0 0
459 0 0
460 0 0
461 0 0
462 0 0
463 0 0
464 0 0
465 0 0
466 0 0
467 0 0
468 0 0
469 0 0
470 0 0
471 0 0
472 0 0
473 0 0
474 0 0
475 0 0
476 0 0
477 0 0
478 0 0
479 0 0
480 0 0
481 0 0
482 0 0
483 0 0
484 0 0
485 0 0
486 0 0
487 0 0
488 0 0
489 0 0
490 0 0
491 0 0
492 0 0
493 0 0
494 0 0
495 0 0
496 0 0
497 0 0
498 0 0
499 0 0
500 0 0
501 0 0
502 0 0
503 0 0
504 0 0
505 0 0
506 0 0
507 0 0
508 0 0
509 0 0
510 0 0
511 0 0
512 0 0
513 0 0
514 0 0
515 0 0
516 0 0
517 0 0
518 0 0
519 0 0
520 0 0
521 0 0
522 0 0
523 0 0
524 0 0
525 0 0
526 0 0
527 0 0
528 0 0
529 0 0
530 0 0
531 0 0
532 0 0
533 0 0
534 0 0
535 0 0
536 0 0
537 0 0
538 0 0
539 0 0
540 0 0
541 0 0
542 0 0
543 0 0
544 0 0
545 0 0
546 0 0
547 0 0
548 0 0
549 0 0
550 0 0
551 0 0
552 0 0
553 0 0
554 0 0
555 0 0
556 0 0
557 0 0
558 0 0
559 0 0
560 0 0
561 0 0
562 0 0
563 0 0
564 0 0
565 0 0
566 0 0
567 0 0
568 0 0
569 0 0
570 0 0
571 0 0
572 0 0
573 0 0
574 0 0
575 0 0
576 0 0
577 0 0
578 0 0
579 0 0
580 0 0
581 0 0
582 0 0
583 0 0
584 0 0
585 0 0
586 0 0
587 0 0
588 0 0
589 0 0
590 0 0
591 0 0
592 0 0
593 0 0
594 0 0
595 0 0
596 0 0
597 0 0
598 0 0
599 0 0
600 0 0
601 0 0
602 0 0
603 0 0
604 0 0
605 0 0
606 0 0
607 0 0
608 0 0
609 0 0
610 0 0
611 0 0
612 0 0
613 0 0
614 0 0
615 0 0
616 0 0
617 0 0
618 0 0
619 0 0
620 0 0
621 0 0
622 0 0
623 0 0
624 0 0
625 0 0
626 0 0
627 0 0
628 0 0
629 0 0
630 0 0
631 0 0
632 0 0
633 0 0
634 0 0
635 0 0
636 0 0
637 0 0
638 0 0
639 0 0
640 0 0
641 0 0
642 0 0
643 0 0
644 0 0
645 0 0
646 0 0
647 0 0
648 0 0
649 0 0
650 0 0
651 0 0
652 0 0
653 0 0
654 0 0
655 0 0
656 0 0
657 0 0
658 0 0
659 0 0
660 0 0
661 0 0
662 0 0
663 0 0
664 0 0
665 0 0
666 0 0
667 0 0
668 0 0
669 0 0
670 0 0
671 0 0
672 0 0
673 0 0
674 0 0
675 0 0
676 0 0
677 0 0
678 0 0
679 0 0
680 0 0
681 0 0
682 0 0
683 0 0
684 0 0
685 0 0
686 0 0
687 0 0
688 0 0
689 0 0
690 0 0
691 0 0
692 0 0
693 0 0
694 0 0
695 0 0
696 0 0
697 0 0
698 0 0
699 0 0
700 0 0
701 0 0
702 0 0
703 0 0
704 0 0
705 0 0
706 0 0
707 0 0
708 0 0
709 0 0
710 0 0
711 0 0
712 0 0
713 0 0
714 0 0
715 0 0
716 0 0
717 0 0
718 0 0
719 0 0
720 0 0
721 0 0
722 0 0
723 0 0
724 0 0
725 0 0
726 0 0
727 0 0
728 0 0
729 0 0
730 0 0
731 0 0
732 0 0
733 0 0
734 0 0
735 0 0
736 0 0
737 0 0
738 0 0
739 0 0
740 0 0
741 0 0
742 0 0
743 0 0
744 0 0
745 0 0
746 0 0
747 0 0
748 0 0
749 0 0
750 0 0
751 0 0
752 0 0
753 0 0
754 0 0
755 0 0
756 0 0
757 0 0
758 0 0
759 0 0
760 0 0
761 0 0
762 0 0
763 0 0
764 0 0
765 0 0
766 0 0
767 0 0
768 0 0
769 0 0
770 0 0
771 0 0
772 0 0
773 0 0
774 0 0
775 0 0
776 0 0
777 0 0
778 0 0
779 0 0
780 0 0
781 0 0
782 0 0
783 0 0
784 0 0
785 0 0
786 0 0
787 0 0
788 0 0
789 0 0
790 0 0
791 0 0
792 0 0
793 0 0
794 0 0
795 0 0
796 0 0
797 0 0
798 0 0
799 0 0
800 0 0
801 0 0
802 0 0
803 0 0
804 0 0
805 0 0
806 0 0
807 0 0
808 0 0
809 0 0
810 0 0
811 0 0
812 0 0
813 0 0
814 0 0
815 0 0
816 0 0
817 0 0
818 0 0
819 0 0
820 0 0
821 0 0
822 0 0
823 0 0
824 0 0
825 0 0
826 0 0
827 0 0
828 0 0
829 0 0
830 0 0
831 0 0
832 0 0
833 0 0
834 0 0
835 0 0
836 0 0
837 0 0
838 0 0
839 0 0
840 0 0
841 0 0
842 0 0
843 0 0
844 0 0
845 0 0
846 0 0
847 0 0
848 0 0
849 0 0
850 0 0
851 0 0
852 0 0
853 0 0
854 0 0
855 0 0
856 0 0
857 0 0
858 0 0
859 0 0
860 0 0
861 0 0
862 0 0
863 0 0
864 0 0
865 0 0
866 0 0
867 0 0
868 0 0
869 0 0
870 0 0
871 0 0
872 0 0
873 0 0
874 0 0
875 0 0
876 0 0
877 0 0
878 0 0
879 0 0
880 0 0
881 0 0
882 0 0
883 0 0
884 0 0
885 0 0
886 0 0
887 0 0
888 0 0
889 0 0
890 0 0
891 0 0
892 0 0
893 0 0
894 0 0
895 0 0
896 0 0
897 0 0
898 0 0
899 0 0
900 0 0
901 0 0
902 0 0
903 0 0
904 0 0
905 0 0
906 0 0
907 0 0
908 0 0
909 0 0
910 0 0
911 0 0
912 0 0
913 0 0
914 0 0
915 0 0
916 0 0
917 0 0
918 0 0
919 0 0
920 0 0
921 0 0
922 0 0
923 0 0
924 0 0
925 0 0
926 0 0
927 0 0
928 0 0
929 0 0
930 0 0
931 0 0
932 0 0
933 0 0
934 0 0
935 0 0
936 0 0
937 0 0
938 0 0
939 0 0
940 0 0
941 0 0
942 0 0
943 0 0
944 0 0
945 0 0
946 0 0
947 0 0
948 0 0
949 0 0
950 0 0
951 0 0
952 0 0
953 0 0
954 0 0
955 0 0
956 0 0
957 0 0
958 0 0
959 0 0
960 0 0
961 0 0
962 0 0
963 0 0
964 0 0
965 0 0
966 0 0
967 0 0
968 0 0
969 0 0
970 0 0
971 0 0
972 0 0
973 0 0
974 0 0
975 0 0
976 0 0
977 0 0
978 0 0
979 0 0
980 0 0
981 0 0
982 0 0
983 0 0
984 0 0
985 0 0
986 0 0
987 0 0
988 0 0
989 0 0
990 0 0
991 0 0
992 0 0
993 0 0
994 0 0
995 0 0
996 0 0
997 0 0
998 0 0
999 0 0
1000 0 0
1001 0 0
1002 0 0
1003 0 0
1004 0 0
1005 0 0
1006 0 0
1007 0 0
1008 0 0
1009 0 0
1010 0 0
1011 0 0
1012 0 0
1013 0 0
1014 0 0
1015 0 0
1016 0 0
1017 0 0
1018 0 0
1019 0 0
1020 0 0
1021 0 0
1022 0 0
1023 0 0
1024 0 0
1025 0 0
1026 0 0
1027 0 0
1028 0 0
1029 0 0
1030 0 0
1031 0 0
1032 0 0
1033 0 0
1034 0 0
1035 0 0
1036 0 0
1037 0 0
1038 0 0
1039 0 0
1040 0 0
1041 0 0
1042 0 0
1043 0 0
1044 0 0
1045 0 0
1046 0 0
1047 0 0
1048 0 0
1049 0 0
1050 0 0
1051 0 0
1052 0 0
1053 0 0
1054 0 0
1055 0 0
1056 0 0
1057 0 0
1058 0 0
1059 0 0
1060 0 0
1061 0 0
1062 0 0
1063 0 0
1064 0 0
1065 0 0
1066 0 0
1067 0 0
1068 0 0
1069 0 0
1070 0 0
1071 0 0
1072 0 0
1073 0 0
1074 0 0
1075 0 0
1076 0 0
1077 0 0
1078 0 0
1079 0 0
1080 0 0
1081 0 0
1082 0 0
1083 0 0
1084 0 0
1085 0 0
1086 0 0
1087 0 0
1088 0 0
1089 0 0
1090 0 0
1091 0 0
1092 0 0
1093 0 0
1094 0 0
1095 0 0
1096 0 0
1097 0 0
1098 0 0
1099 0 0
1100 0 0
1101 0 0
1102 0 0
1103 0 0
1104 0 0
1105 0 0
1106 0 0
1107 0 0
1108 0 0
1109 0 0
1110 0 0
1111 0 0
1112 0 0
1113 0 0
1114 0 0
1115 0 0
1116 0 0
1117 0 0
1118 0 0
1119 0 0
1120 0 0
1121 0 0
1122 0 0
1123 0 0
1124 0 0
1125 0 0
1126 0 0
1127 0 0
1128 0 0
1129 0 0
1130 0 0
1131 0 0
1132 0 0
1133 0 0
1134 0 0
1135 0 0
1136 0 0
1137 0 0
1138 0 0
1139 0 0
1140 0 0
1141 0 0
1142 0 0
1143 0 0
1144 0 0
1145 0 0
1146 0 0
1147 0 0
1148 0 0
1149 0 0
1150 0 0
1151 0 0
1152 0 0
1153 0 0
1154 0 0
1155 0 0
1156 0 0
1157 0 0
1158 0 0
1159 0 0
1160 0 0
1161 0 0
1162 0 0
1163 0 0
1164 0 0
1165 0 0
1166 0 0
1167 0 0
1168 0 0
1169 0 0
1170 0 0
1171 0 0
1172 0 0
1173 0 0
1174 0 0
1175 0 0
1176 0 0
1177 0 0
1178 0 0
1179 0 0
1180 0 0
1181 0 0
1182 0 0
1183 0 0
1184 0 0
1185 0 0
1186 0 0
1187 0 0
1188 0 0
1189 0 0
1190 0 0
1191 0 0
1192 0 0
1193 0 0
1194 0 0
1195 0 0
1196 0 0
1197 0 0
1198 0 0
1199 0 0
1200 0 0
1201 0 0
1202 0 0
1203 0 0
1204 0 0
1205 0 0
1206 0 0
1207 0 0
1208 0 0
1209 0 0
1210 0 0
1211 0 0
1212 0 0
1213 0 0
1214 0 0
1215 0 0
1216 0 0
1217 0 0
1218 0 0
1219 0 0
1220 0 0
1221 0 0
1222 0 0
1223 0 0
1224 0 0
1225 0 0
1226 0 0
1227 0 0
1228 0 0
1229 0 0
1230 0 0
1231 0 0
1232 0 0
1233 0 0
1234 0 0
1235 0 0
1236 0 0
1237 0 0
1238 0 0
1239 0 0
1240 0 0
1241 0 0
1242 0 0
1243 0 0
1244 0 0
1245 0 0
1246 0 0
1247 0 0
1248 0 0
1249 0 0
1250 0 0
1251 0 0
1252 0 0
1253 0 0
1254 0 0
1255 0 0
1256 0 0
1257 0 0
1258 0 0
1259 0 0
1260 0 0
1261 0 0
1262 0 0
1263 0 0
1264 0 0
1265 0 0
1266 0 0
1267 0 0
1268 0 0
1269 0 0
1270 0 0
1271 0 0
1272 0 0
1273 0 0
1274 0 0
1275 0 0
1276 0 0
1277 0 0
1278 0 0
1279 0 0
1280 0 0
1281 0 0
1282 0 0
1283 0 0
1284 0 0
1285 0 0
1286 0 0
1287 0 0
1288 0 0
1289 0 0
1290 0 0
1291 0 0
1292 0 0
1293 0 0
1294 0 0
1295 0 0
1296 0 0
1297 0 0
1298 0 0
1299 0 0
1300 0 0
1301 0 0
1302 0 0
1303 0 0
1304 0 0
1305 0 0
1306 0 0
1307 0 0
1308 0 0
1309 0 0
1310 0 0
1311 0 0
1312 0 0
1313 0 0
1314 0 0
1315 0 0
1316 0 0
1317 0 0
1318 0 0
1319 0 0
1320 0 0
1321 0 0
1322 0 0
1323 0 0
1324 0 0
1325 0 0
1326 0 0
1327 0 0
1328 0 0
1329 0 0
1330 0 0
1331 0 0
1332 0 0
1333 0 0
1334 0 0
1335 0 0
1336 0 0
1337 0 0
1338 0 0
1339 0 0
1340 0 0
1341 0 0
1342 0 0
1343 0 0
1344 0 0
1345 0 0
1346 0 0
1347 0 0
1348 0 0
1349 0 0
1350 0 0
1351 0 0
1352 0 0
1353 0 0
1354 0 0
1355 0 0
1356 0 0
1357 0 0
1358 0 0
1359 0 0
1360 0 0
1361 0 0
1362 0 0
1363 0 0
1364 0 0
1365 0 0
1366 0 0
1367 0 0
1368 0 0
1369 0 0
1370 0 0
1371 0 0
1372 0 0
1373 0 0
1374 0 0
1375 0 0
1376 0 0
1377 0 0
1378 0 0
1379 0 0
1380 0 0
1381 0 0
1382 0 0
1383 0 0
1384 0 0
1385 0 0
1386 0 0
1387 0 0
1388 0 0
1389 0 0
1390 0 0
1391 0 0
1392 0 0
1393 0 0
1394 0 0
1395 0 0
1396 0 0
1397 0 0
1398 0 0
1399 0 0
1400 0 0
1401 0 0
1402 0 0
1403 0 0
1404 0 0
1405 0 0
1406 0 0
1407 0 0
1408 0 0
1409 0 0
1410 0 0
1411 0 0
1412 0 0
1413 0 0
1414 0 0
1415 0 0
1416 0 0
1417 0 0
1418 0 0
1419 0 0
1420 0 0
1421 0 0
1422 0 0
1423 0 0
1424 0 0
1425 0 0
1426 0 0
1427 0 0
1428 0 0
1429 0 0
1430 0 0
1431 0 0
1432 0 0
1433 0 0
1434 0 0
1435 0 0
1436 0 0
1437 0 0
1438 0 0
1439 0 0
1440 0 0
1441 0 0
1442 0 0
1443 0 0
1444 0 0
1445 0 0
1446 0 0
1447 0 0
1448 0 0
1449 0 0
1450 0 0
1451 0 0
1452 0 0
1453 0 0
1454 0 0
1455 0 0
1456 0 0
1457 0 0
1458 0 0
1459 0 0
1460 0 0
1461 0 0
1462 0 0
1463 0 0
1464 0 0
1465 0 0
1466 0 0
1467 0 0
1468 0 0
1469 0 0
1470 0 0
1471 0 0
1472 0 0
1473 0 0
1474 0 0
1475 0 0
1476 0 0
1477 0 0
1478 0 0
1479 0 0
1480 0 0
1481 0 0
1482 0 0
1483 0 0
1484 0 0
1485 0 0
1486 0 0
1487 0 0
1488 0 0
1489 0 0
1490 0 0
1491 0 0
1492 0 0
1493 0 0
1494 0 0
1495 0 0
1496 0 0
1497 0 0
1498 0 0
1499 0 0
1500 0 0
1501 0 0
1502 0 0
1503 0 0
1504 0 0
1505 0 0
1506 0 0
1507 0 0
1508 0 0
1509 0 0
1510 0 0
1511 0 0
1512 0 0
1513 0 0
1514 0 0
1515 0 0
1516 0 0
1517 0 0
1518 0 0
1519 0 0
1520 0 0
1521 0 0
1522 0 0
1523 0 0
1524 0 0
1525 0 0
1526 0 0
1527 0 0
1528 0 0
1529 0 0
1530 0 0
1531 0 0
1532 0 0
1533 0 0
1534 0 0
1535 0 0
1536 0 0
1537 0 0
1538 0 0
1539 0 0
1540 0 0
1541 0 0
1542 0 0
1543 0 0
1544 0 0
1545 0 0
1546 0 0
1547 0 0
1548 0 0
1549 0 0
1550 0 0
1551 0 0
1552 0 0
1553 0 0
1554 0 0
1555 0 0
1556 0 0
1557 0 0
1558 0 0
1559 0 0
1560 0 0
1561 0 0
1562 0 0
1563 0 0
1564 0 0
1565 0 0
1566 0 0
1567 0 0
1568 0 0
1569 0 0
1570 0 0
1571 0 0
1572 0 0
1573 0 0
1574 0 0
1575 0 0
1576 0 0
1577 0 0
1578 0 0
1579 0 0
1580 0 0
1581 0 0
1582 0 0
1583 0 0
1584 0 0
1585 0 0
1586 0 0
1587 0 0
1588 0 0
1589 0 0
1590 0 0
1591 0 0
1592 0 0
1593 0 0
1594 0 0
1595 0 0
1596 0 0
1597 0 0
1598 0 0
1599 0 0
1600 0 0

ARCS
8 7 22
7 6 12
6 5 49
5 4 27
4 3 1
3 2 27
2 1 13
1 41 61
41 42 13
42 43 27
43 44 1
44 45 27
45 46 49
46 47 12
47 48 22
48 49 33
49 50 5
50 51 17
51 52 8
52 53 10
53 54 3
54 55 69
55 56 10
56 57 60
57 58 6
58 59 41
59 60 60
60 61 4
61 62 13
62 63 54
63 64 5
64 65 12
65 66 4
66 67 44
67 68 28
68 69 7
69 70 36
70 71 45
71 72 7
72 73 36
73 74 49
74 75 3
75 76 44
76 77 19
77 78 53
78 79 3
79 80 13
80 40 61
40 39 13
39 38 3
38 37 53
37 36 19
36 35 44
35 34 3
34 33 49
33 32 36
32 31 7
31 30 45
30 29 36
29 28 7
28 27 28
27 26 44
26 25 4
25 24 12
24 23 5
23 22 54
22 21 13
21 20 4
20 19 60
19 18 41
18 17 6
17 16 60
16 15 10
15 14 69
14 13 3
13 12 10
12 11 8
11 10 17
10 9 5
9 8 33
8 48 61
48 88 30
88 87 22
87 86 12
86 85 49
85 84 27
84 83 1
83 82 27
82 81 13
81 41 30
81 121 6
121 122 13
122 123 27
123 124 1
124 125 27
125 126 49
126 127 12
127 128 22
128 129 33
129 130 5
130 131 17
131 132 8
132 133 10
133 134 3
134 135 69
135 136 10
136 137 60
137 138 6
138 139 41
139 140 60
140 141 4
141 142 13
142 143 54
143 144 5
144 145 12
145 146 4
146 147 44
147 148 28
148 149 7
149 150 36
150 151 45
151 152 7
152 153 36
153 154 49
154 155 3
155 156 44
156 157 19
157 158 53
158 159 3
159 160 13
160 120 6
120 119 13
119 118 3
118 117 53
117 116 19
116 115 44
115 114 3
114 113 49
113 112 36
112 111 7
111 110 45
110 109 36
109 108 7
108 107 28
107 106 44
106 105 4
105 104 12
104 103 5
103 102 54
102 101 13
101 100 4
100 99 60
99 98 41
98 97 6
97 96 60
96 95 10
95 94 69
94 93 3
93 92 10
92 91 8
91 90 17
90 89 5
89 88 33
88 128 6
128 168 17
168 167 22
167 166 12
166 165 49
165 164 27
164 163 1
163 162 27
162 161 13
161 121 17
161 201 52
201 202 13
202 203 27
203 204 1
204 205 27
205 206 49
206 207 12
207 208 22
208 209 33
209 210 5
210 211 17
211 212 8
212 213 10
213 214 3
214 215 69
215 216 10
216 217 60
217 218 6
218 219 41
219 220 60
220 221 4
221 222 13
222 223 54
223 224 5
224 225 12
225 226 4
226 227 44
227 228 28
228 229 7
229 230 36
230 231 45
231 232 7
232 233 36
233 234 49
234 235 3
235 236 44
236 237 19
237 238 53
238 239 3
239 240 13
240 200 52
200 199 13
199 198 3
198 197 53
197 196 19
196 195 44
195 194 3
194 193 49
193 192 36
192 191 7
191 190 45
190 189 36
189 188 7
188 187 28
187 186 44
186 185 4
185 184 12
184 183 5
183 182 54
182 181 13
181 180 4
180 179 60
179 178 41
178 177 6
177 176 60
176 175 10
175 174 69
174 173 3
173 172 10
172 171 8
171 170 17
170 169 5
169 168 33
168 208 52
208 248 32
248 247 22
247 246 12
246 245 49
245 244 27
244 243 1
243 242 27
242 241 13
241 201 32
241 281 20
281 282 13
282 283 27
283 284 1
284 285 27
285 286 49
286 287 12
287 288 22
288 289 33
289 290 5
290 291 17
291 292 8
292 293 10
293 294 3
294 295 69
295 296 10
296 297 60
297 298 6
298 299 41
299 300 60
300 301 4
301 302 13
302 303 54
303 304 5
304 305 12
305 306 4
306 307 44
307 308 28
308 309 7
309 310 36
310 311 45
311 312 7
312 313 36
313 314 49
314 315 3
315 316 44
316 317 19
317 318 53
318 319 3
319 320 13
320 280 20
280 279 13
279 278 3
278 277 53
277 276 19
276 275 44
275 274 3
274 273 49
273 272 36
272 271 7
271 270 45
270 269 36
269 268 7
268 267 28
267 266 44
266 265 4
265 264 12
264 263 5
263 262 54
262 261 13
261 260 4
260 259 60
259 258 41
258 257 6
257 256 60
256 255 10
255 254 69
254 253 3
253 252 10
252 251 8
251 250 17
250 249 5
249 248 33
248 288 20
288 328 37
328 327 22
327 326 12
326 325 49
325 324 27
324 323 1
323 322 27
322 321 13
321 281 37
321 361 30
361 362 13
362 363 27
363 364 1
364 365 27
365 366 49
366 367 12
367 368 22
368 369 33
369 370 5
370 371 17
371 372 8
372 373 10
373 374 3
374 375 69
375 376 10
376 377 60
377 378 6
378 379 41
379 380 60
380 381 4
381 382 13
382 383 54
383 384 5
384 385 12
385 386 4
386 387 44
387 388 28
388 389 7
389 390 36
390 391 45
391 392 7
392 393 36
393 394 49
394 395 3
395 396 44
396 397 19
397 398 53
398 399 3
399 400 13
400 360 30
360 359 13
359 358 3
358 357 53
357 356 19
356 355 44
355 354 3
354 353 49
353 352 36
352 351 7
351 350 45
350 349 36
349 348 7
348 347 28
347 346 44
346 345 4
345 344 12
344 343 5
343 342 54
342 341 13
341 340 4
340 339 60
339 338 41
338 337 6
337 336 60
336 335 10
335 334 69
334 333 3
333 332 10
332 331 8
331 330 17
330 329 5
329 328 33
328 368 30
368 408 11
408 407 22
407 406 12
406 405 49
405 404 27
404 403 1
403 402 27
402 401 13
401 361 11
401 441 22
441 442 13
442 443 27
443 444 1
444 445 27
445 446 49
446 447 12
447 448 22
448 449 33
449 450 5
450 451 17
451 452 8
452 453 10
453 454 3
454 455 69
455 456 10
456 457 60
457 458 6
458 459 41
459 460 60
460 461 4
461 462 13
462 463 54
463 464 5
464 465 12
465 466 4
466 467 44
467 468 28
468 469 7
469 470 36
470 471 45
471 472 7
472 473 36
473 474 49
474 475 3
475 476 44
476 477 19
477 478 53
478 479 3
479 480 13
480 440 22
440 439 13
439 438 3
438 437 53
437 436 19
436 435 44
435 434 3
434 433 49
433 432 36
432 431 7
431 430 45
430 429 36
429 428 7
428 427 28
427 426 44
426 425 4
425 424 12
424 423 5
423 422 54
422 421 13
421 420 4
420 419 60
419 418 41
418 417 6
417 416 60
416 415 10
415 414 69
414 413 3
413 412 10
412 411 8
411 410 17
410 409 5
409 408 33
408 448 22
448 488 8
488 487 22
487 486 12
486 485 49
485 484 27
484 483 1
483 482 27
482 481 13
481 441 8
481 521 23
521 522 13
522 523 27
523 524 1
524 525 27
525 526 49
526 527 12
527 528 22
528 529 33
529 530 5
530 531 17
531 532 8
532 533 10
533 534 3
534 535 69
535 536 10
536 537 60
537 538 6
538 539 41
539 540 60
540 541 4
541 542 13
542 543 54
543 544 5
544 545 12
545 546 4
546 547 44
547 548 28
548 549 7
549 550 36
550 551 45
551 552 7
552 553 36
553 554 49
554 555 3
555 556 44
556 557 19
557 558 53
558 559 3
559 560 13
560 520 23
520 519 13
519 518 3
518 517 53
517 516 19
516 515 44
515 514 3
514 513 49
513 512 36
512 511 7
511 510 45
510 509 36
509 508 7
508 507 28
507 506 44
506 505 4
505 504 12
504 503 5
503 502 54
502 501 13
501 500 4
500 499 60
499 498 41
498 497 6
497 496 60
496 495 10
495 494 69
494 493 3
493 492 10
492 491 8
491 490 17
490 489 5
489 488 33
488 528 23
528 568 60
568 567 22
567 566 12
566 565 49
565 564 27
564 563 1
563 562 27
562 561 13
561 521 60
561 601 52
601 602 13
602 603 27
603 604 1
604 605 27
605 606 49
606 607 12
607 608 22
608 609 33
609 610 5
610 611 17
611 612 8
612 613 10
613 614 3
614 615 69
615 616 10
616 617 60
617 618 6
618 619 41
619 620 60
620 621 4
621 622 13
622 623 54
623 624 5
624 625 12
625 626 4
626 627 44
627 628 28
628 629 7
629 630 36
630 631 45
631 632 7
632 633 36
633 634 49
634 635 3
635 636 44
636 637 19
637 638 53
638 639 3
639 640 13
640 600 52
600 599 13
599 598 3
598 597 53
597 596 19
596 595 44
595 594 3
594 593 49
593 592 36
592 591 7
591 590 45
590 589 36
589 588 7
588 587 28
587 586 44
586 585 4
585 584 12
584 583 5
583 582 54
582 581 13
581 580 4
580 579 60
579 578 41
578 577 6
577 576 60
576 575 10
575 574 69
574 573 3
573 572 10
572 571 8
571 570 17
570 569 5
569 568 33
568 608 52
608 648 18
648 647 22
647 646 12
646 645 49
645 644 27
644 643 1
643 642 27
642 641 13
641 601 18
641 681 6
681 682 13
682 683 27
683 684 1
684 685 27
685 686 49
686 687 12
687 688 22
688 689 33
689 690 5
690 691 17
691 692 8
692 693 10
693 694 3
694 695 69
695 696 10
696 697 60
697 698 6
698 699 41
699 700 60
700 701 4
701 702 13
702 703 54
703 704 5
704 705 12
705 706 4
706 707 44
707 708 28
708 709 7
709 710 36
710 711 45
711 712 7
712 713 36
713 714 49
714 715 3
715 716 44
716 717 19
717 718 53
718 719 3
719 720 13
720 680 6
680 679 13
679 678 3
678 677 53
677 676 19
676 675 44
675 674 3
674 673 49
673 672 36
672 671 7
671 670 45
670 669 36
669 668 7
668 667 28
667 666 44
666 665 4
665 664 12
664 663 5
663 662 54
662 661 13
661 660 4
660 659 60
659 658 41
658 657 6
657 656 60
656 655 10
655 654 69
654 653 3
653 652 10
652 651 8
651 650 17
650 649 5
649 648 33
648 688 6
688 728 20
728 727 22
727 726 12
726 725 49
725 724 27
724 723 1
723 722 27
722 721 13
721 681 20
721 761 3
761 762 13
762 763 27
763 764 1
764 765 27
765 766 49
766 767 12
767 768 22
768 769 33
769 770 5
770 771 17
771 772 8
772 773 10
773 774 3
774 775 69
775 776 10
776 777 60
777 778 6
778 779 41
779 780 60
780 781 4
781 782 13
782 783 54
783 784 5
784 785 12
785 786 4
786 787 44
787 788 28
788 789 7
789 790 36
790 791 45
791 792 7
792 793 36
793 794 49
794 795 3
795 796 44
796 797 19
797 798 53
798 799 3
799 800 13
800 760 3
760 759 13
759 758 3
758 757 53
757 756 19
756 755 44
755 754 3
754 753 49
753 752 36
752 751 7
751 750 45
750 749 36
749 748 7
748 747 28
747 746 44
746 745 4
745 744 12
744 743 5
743 742 54
742 741 13
741 740 4
740 739 60
739 738 41
738 737 6
737 736 60
736 735 10
735 734 69
734 733 3
733 732 10
732 731 8
731 730 17
730 729 5
729 728 33
728 768 3
768 808 108
808 807 22
807 806 12
806 805 49
805 804 27
804 803 1
803 802 27
802 801 13
801 761 108
801 841 44
841 842 13
842 843 27
843 844 1
844 845 27
845 846 49
846 847 12
847 848 22
848 849 33
849 850 5
850 851 17
851 852 8
852 853 10
853 854 3
854 855 69
855 856 10
856 857 60
857 858 6
858 859 41
859 860 60
860 861 4
861 862 13
862 863 54
863 864 5
864 865 12
865 866 4
866 867 44
867 868 28
868 869 7
869 870 36
870 871 45
871 872 7
872 873 36
873 874 49
874 875 3
875 876 44
876 877 19
877 878 53
878 879 3
879 880 13
880 840 44
840 839 13
839 838 3
838 837 53
837 836 19
836 835 44
835 834 3
834 833 49
833 832 36
832 831 7
831 830 45
830 829 36
829 828 7
828 827 28
827 826 44
826 825 4
825 824 12
824 823 5
823 822 54
822 821 13
821 820 4
820 819 60
819 818 41
818 817 6
817 816 60
816 815 10
815 814 69
814 813 3
813 812 10
812 811 8
811 810 17
810 809 5
809 808 33
808 848 44
848 888 22
888 887 22
887 886 12
886 885 49
885 884 27
884 883 1
883 882 27
882 881 13
881 841 22
881 921 24
921 922 13
922 923 27
923 924 1
924 925 27
925 926 49
926 927 12
927 928 22
928 929 33
929 930 5
930 931 17
931 932 8
932 933 10
933 934 3
934 935 69
935 936 10
936 937 60
937 938 6
938 939 41
939 940 60
940 941 4
941 942 13
942 943 54
943 944 5
944 945 12
945 946 4
946 947 44
947 948 28
948 949 7
949 950 36
950 951 45
951 952 7
952 953 36
953 954 49
954 955 3
955 956 44
956 957 19
957 958 53
958 959 3
959 960 13
960 920 24
920 919 13
919 918 3
918 917 53
917 916 19
916 915 44
915 914 3
914 913 49
913 912 36
912 911 7
911 910 45
910 909 36
909 908 7
908 907 28
907 906 44
906 905 4
905 904 12
904 903 5
903 902 54
902 901 13
901 900 4
900 899 60
899 898 41
898 897 6
897 896 60
896 895 10
895 894 69
894 893 3
893 892 10
892 891 8
891 890 17
890 889 5
889 888 33
888 928 24
928 968 16
968 967 22
967 966 12
966 965 49
965 964 27
964 963 1
963 962 27
962 961 13
961 921 16
961 1001 17
1001 1002 13
1002 1003 27
1003 1004 1
1004 1005 27
1005 1006 49
1006 1007 12
1007 1008 22
1008 1009 33
1009 1010 5
1010 1011 17
1011 1012 8
1012 1013 10
1013 1014 3
1014 1015 69
1015 1016 10
1016 1017 60
1017 1018 6
1018 1019 41
1019 1020 60
1020 1021 4
1021 1022 13
1022 1023 54
1023 1024 5
1024 1025 12
1025 1026 4
1026 1027 44
1027 1028 28
1028 1029 7
1029 1030 36
1030 1031 45
1031 1032 7
1032 1033 36
1033 1034 49
1034 1035 3
1035 1036 44
1036 1037 19
1037 1038 53
1038 1039 3
1039 1040 13
1040 1000 17
1000 999 13
999 998 3
998 997 53
997 996 19
996 995 44
995 994 3
994 993 49
993 992 36
992 991 7
991 990 45
990 989 36
989 988 7
988 987 28
987 986 44
986 985 4
985 984 12
984 983 5
983 982 54
982 981 13
981 980 4
980 979 60
979 978 41
978 977 6
977 976 60
976 975 10
975 974 69
974 973 3
973 972 10
972 971 8
971 970 17
970 969 5
969 968 33
968 1008 17
1008 1048 3
1048 1047 22
1047 1046 12
1046 1045 49
1045 1044 27
1044 1043 1
1043 1042 27
1042 1041 13
1041 1001 3
1041 1081 7
1081 1082 13
1082 1083 27
1083 1084 1
1084 1085 27
1085 1086 49
1086 1087 12
1087 1088 22
1088 1089 33
1089 1090 5
1090 1091 17
1091 1092 8
1092 1093 10
1093 1094 3
1094 1095 69
1095 1096 10
1096 1097 60
1097 1098 6
1098 1099 41
1099 1100 60
1100 1101 4
1101 1102 13
1102 1103 54
1103 1104 5
1104 1105 12
1105 1106 4
1106 1107 44
1107 1108 28
1108 1109 7
1109 1110 36
1110 1111 45
1111 1071 7
1071 1070 45
1070 1069 36
1069 1068 7
1068 1067 28
1067 1066 44
1066 1065 4
1065 1064 12
1064 1063 5
1063 1062 54
1062 1061 13
1061 1060 4
1060 1059 60
1059 1058 41
1058 1057 6
1057 1056 60
1056 1055 10
1055 1054 69
1054 1053 3
1053 1052 10
1052 1051 8
1051 1050 17
1050 1049 5
1049 1048 33
1048 1088 7
1088 1128 10
1128 1127 22
1127 1126 12
1126 1125 49
1125 1124 27
1124 1123 1
1123 1122 27
1122 1121 13
1121 1081 10
1121 1161 2
1161 1162 13
1162 1163 27
1163 1164 1
1164 1165 27
1165 1166 49
1166 1167 12
1167 1168 22
1168 1169 33
1169 1170 5
1170 1171 17
1171 1172 8
1172 1173 10
1173 1174 3
1174 1175 69
1175 1176 10
1176 1177 60
1177 1178 6
1178 1179 41
1179 1180 60
1180 1181 4
1181 1182 13
1182 1183 54
1183 1184 5
1184 1185 12
1185 1186 4
1186 1187 44
1187 1188 28
1188 1189 7
1189 1190 36
1190 1191 45
1191 1192 7
1192 1193 36
1193 1194 49
1194 1195 3
1195 1196 44
1196 1197 19
1197 1198 53
1198 1199 3
1199 1200 13
1200 1160 2
1160 1159 13
1159 1158 3
1158 1157 53
1157 1156 19
1156 1155 44
1155 1154 3
1154 1153 49
1153 1152 36
1152 1151 7
1151 1150 45
1150 1149 36
1149 1148 7
1148 1147 28
1147 1146 44
1146 1145 4
1145 1144 12
1144 1143 5
1143 1142 54
1142 1141 13
1141 1140 4
1140 1139 60
1139 1138 41
1138 1137 6
1137 1136 60
1136 1135 10
1135 1134 69
1134 1133 3
1133 1132 10
1132 1131 8
1131 1130 17
1130 1129 5
1129 1128 33
1128 1168 2
1168 1208 33
1208 1207 22
1207 1206 12
1206 1205 49
1205 1204 27
1204 1203 1
1203 1202 27
1202 1201 13
1201 1161 33
1201 1241 25
1241 1242 13
1242 1243 27
1243 1244 1
1244 1245 27
1245 1246 49
1246 1247 12
1247 1248 22
1248 1249 33
1249 1250 5
1250 1251 17
1251 1252 8
1252 1253 10
1253 1254 3
1254 1255 69
1255 1256 10
1256 1257 60
1257 1258 6
1258 1259 41
1259 1260 60
1260 1261 4
1261 1262 13
1262 1263 54
1263 1264 5
1264 1265 12
1265 1266 4
1266 1267 44
1267 1268 28
1268 1269 7
1269 1270 36
1270 1271 45
1271 1272 7
1272 1273 36
1273 1274 49
1274 1275 3
1275 1276 44
1276 1277 19
1277 1278 53
1278 1279 3
1279 1280 13
1280 1240 25
1240 1239 13
1239 1238 3
1238 1237 53
1237 1236 19
1236 1235 44
1235 1234 3
1234 1233 49
1233 1232 36
1232 1231 7
1231 1230 45
1230 1229 36
1229 1228 7
1228 1227 28
1227 1226 44
1226 1225 4
1225 1224 12
1224 1223 5
1223 1222 54
1222 1221 13
1221 1220 4
1220 1219 60
1219 1218 41
1218 1217 6
1217 1216 60
1216 1215 10
1215 1214 69
1214 1213 3
1213 1212 10
1212 1211 8
1211 1210 17
1210 1209 5
1209 1208 33
1208 1248 25
1248 1288 24
1288 1287 22
1287 1286 12
1286 1285 49
1285 1284 27
1284 1283 1
1283 1282 27
1282 1281 13
1281 1241 24
1281 1321 16
1321 1322 13
1322 1323 27
1323 1324 1
1324 1325 27
1325 1326 49
1326 1327 12
1327 1328 22
1328 1329 33
1329 1330 5
1330 1331 17
1331 1332 8
1332 1333 10
1333 1334 3
1334 1335 69
1335 1336 10
1336 1337 60
1337 1338 6
1338 1339 41
1339 1340 60
1340 1341 4
1341 1342 13
1342 1343 54
1343 1344 5
1344 1345 12
1345 1346 4
1346 1347 44
1347 1348 28
1348 1349 7
1349 1350 36
1350 1351 45
1351 1352 7
1352 1353 36
1353 1354 49
1354 1355 3
1355 1356 44
1356 1357 19
1357 1358 53
1358 1359 3
1359 1360 13
1360 1320 16
1320 1319 13
1319 1318 3
1318 1317 53
1317 1316 19
1316 1315 44
1315 1314 3
1314 1313 49
1313 1312 36
1312 1311 7
1311 1310 45
1310 1309 36
1309 1308 7
1308 1307 28
1307 1306 44
1306 1305 4
1305 1304 12
1304 1303 5
1303 1302 54
1302 1301 13
1301 1300 4
1300 1299 60
1299 1298 41
1298 1297 6
1297 1296 60
1296 1295 10
1295 1294 69
1294 1293 3
1293 1292 10
1292 1291 8
1291 1290 17
1290 1289 5
1289 1288 33
1288 1328 16
1328 1368 9
1368 1367 22
1367 1366 12
1366 1365 49
1365 1364 27
1364 1363 1
1363 1362 27
1362 1361 13
1361 1321 9
1361 1401 25
1401 1402 13
1402 1403 27
1403 1404 1
1404 1405 27
1405 1406 49
1406 1407 12
1407 1408 22
1408 1409 33
1409 1410 5
1410 1411 17
1411 1412 8
1412 1413 10
1413 1414 3
1414 1415 69
1415 1416 10
1416 1417 60
1417 1418 6
1418 1419 41
1419 1420 60
1420 1421 4
1421 1422 13
1422 1423 54
1423 1424 5
1424 1425 12
1425 1426 4
1426 1427 44
1427 1428 28
1428 1429 7
1429 1430 36
1430 1431 45
1431 1432 7
1432 1433 36
1433 1434 49
1434 1435 3
1435 1436 44
1436 1437 19
1437 1438 53
1438 1439 3
1439 1440 13
1440 1400 25
1400 1399 13
1399 1398 3
1398 1397 53
1397 1396 19
1396 1395 44
1395 1394 3
1394 1393 49
1393 1392 36
1392 1391 7
1391 1390 45
1390 1389 36
1389 1388 7
1388 1387 28
1387 1386 44
1386 1385 4
1385 1384 12
1384 1383 5
1383 1382 54
1382 1381 13
1381 1380 4
1380 1379 60
1379 1378 41
1378 1377 6
1377 1376 60
1376 1375 10
1375 1374 69
1374 1373 3
1373 1372 10
1372 1371 8
1371 1370 17
1370 1369 5
1369 1368 33
1368 1408 25
1408 1448 10
1448 1447 22
1447 1446 12
1446 1445 49
1445 1444 27
1444 1443 1
1443 1442 27
1442 1441 13
1441 1401 10
1441 1481 13
1481 1482 13
1482 1483 27
1483 1484 1
1484 1485 27
1485 1486 49
1486 1487 12
1487 1488 22
1488 1489 33
1489 1490 5
1490 1491 17
1491 1492 8
1492 1493 10
1493 1494 3
1494 1495 69
1495 1496 10
1496 1497 60
1497 1498 6
1498 1499 41
1499 1500 60
1500 1501 4
1501 1502 13
1502 1503 54
1503 1504 5
1504 1505 12
1505 1506 4
1506 1507 44
1507 1508 28
1508 1509 7
1509 1510 36
1510 1511 45
1511 1512 7
1512 1513 36
1513 1514 49
1514 1515 3
1515 1516 44
1516 1517 19
1517 1518 53
1518 1519 3
1519 1520 13
1520 1480 13
1480 1479 13
1479 1478 3
1478 1477 53
1477 1476 19
1476 1475 44
1475 1474 3
1474 1473 49
1473 1472 36
1472 1471 7
1471 1470 45
1470 1469 36
1469 1468 7
1468 1467 28
1467 1466 44
1466 1465 4
1465 1464 12
1464 1463 5
1463 1462 54
1462 1461 13
1461 1460 4
1460 1459 60
1459 1458 41
1458 1457 6
1457 1456 60
1456 1455 10
1455 1454 69
1454 1453 3
1453 1452 10
1452 1451 8
1451 1450 17
1450 1449 5
1449 1448 33
1448 1488 13
1488 1528 2
1528 1527 22
1527 1526 12
1526 1525 49
1525 1524 27
1524 1523 1
1523 1522 27
1522 1521 13
1521 1481 2
1521 1561 1
1561 1562 13
1562 1563 27
1563 1564 1
1564 1565 27
1565 1566 49
1566 1567 12
1567 1568 22
1568 1569 33
1569 1570 5
1570 1571 17
1571 1572 8
1572 1573 10
1573 1574 3
1574 1575 69
1575 1576 10
1576 1577 60
1577 1578 6
1578 1579 41
1579 1580 60
1580 1581 4
1581 1582 13
1582 1583 54
1583 1584 5
1584 1585 12
1585 1586 4
1586 1587 44
1587 1588 28
1588 1589 7
1589 1590 36
1590 1591 45
1591 1592 7
1592 1593 36
1593 1594 49
1594 1595 3
1595 1596 44
1596 1597 19
1597 1598 53
1598 1599 3
1599 1600 13
1600 1560 1
1560 1559 13
1559 1558 3
1558 1557 53
1557 1556 19
1556 1555 44
1555 1554 3
1554 1553 49
1553 1552 36
1552 1551 7
1551 1550 45
1550 1549 36
1549 1548 7
1548 1547 28
1547 1546 44
1546 1545 4
1545 1544 12
1544 1543 5
1543 1542 54
1542 1541 13
1541 1540 4
1540 1539 60
1539 1538 41
1538 1537 6
1537 1536 60
1536 1535 10
1535 1534 69
1534 1533 3
1533 1532 10
1532 1531 8
1531 1530 17
1530 1529 5
1529 1528 33
1528 1568 1
1529 1489 2
1489 1449 13
1449 1409 10
1409 1369 25
1369 1329 9
1329 1289 16
1289 1249 24
1249 1209 25
1209 1169 33
1169 1129 2
1129 1089 10
1089 1049 7
1049 1009 3
1009 969 17
969 929 16
929 889 24
889 849 22
849 809 44
809 769 108
769 729 3
729 689 20
689 649 6
649 609 18
609 569 52
569 529 60
529 489 23
489 449 8
449 409 22
409 369 11
369 329 30
329 289 37
289 249 20
249 209 32
209 169 52
169 129 17
129 89 6
89 49 30
49 9 61
1529 1569 1
1530 1490 2
1490 1450 13
1450 1410 10
1410 1370 25
1370 1330 9
1330 1290 16
1290 1250 24
1250 1210 25
1210 1170 33
1170 1130 2
1130 1090 10
1090 1050 7
1050 1010 3
1010 970 17
970 930 16
930 890 24
890 850 22
850 810 44
810 770 108
770 730 3
730 690 20
690 650 6
650 610 18
610 570 52
570 530 60
530 490 23
490 450 8
450 410 22
410 370 11
370 330 30
330 290 37
290 250 20
250 210 32
210 170 52
170 130 17
130 90 6
90 50 30
50 10 61
1530 1570 1
1531 1491 2
1491 1451 13
1451 1411 10
1411 1371 25
1371 1331 9
1331 1291 16
1291 1251 24
1251 1211 25
1211 1171 33
1171 1131 2
1131 1091 10
1091 1051 7
1051 1011 3
1011 971 17
971 931 16
931 891 24
891 851 22
851 811 44
811 771 108
771 731 3
731 691 20
691 651 6
651 611 18
611 571 52
571 531 60
531 491 23
491 451 8
451 411 22
411 371 11
371 331 30
331 291 37
291 251 20
251 211 32
211 171 52
171 131 17
131 91 6
91 51 30
51 11 61
1531 1571 1
1532 1492 2
1492 1452 13
1452 1412 10
1412 1372 25
1372 1332 9
1332 1292 16
1292 1252 24
1252 1212 25
1212 1172 33
1172 1132 2
1132 1092 10
1092 1052 7
1052 1012 3
1012 972 17
972 932 16
932 892 24
892 852 22
852 812 44
812 772 108
772 732 3
732 692 20
692 652 6
652 612 18
612 572 52
572 532 60
532 492 23
492 452 8
452 412 22
412 372 11
372 332 30
332 292 37
292 252 20
252 212 32
212 172 52
172 132 17
132 92 6
92 52 30
52 12 61
1532 1572 1
1533 1493 2
1493 1453 13
1453 1413 10
1413 1373 25
1373 1333 9
1333 1293 16
1293 1253 24
1253 1213 25
1213 1173 33
1173 1133 2
1133 1093 10
1093 1053 7
1053 1013 3
1013 973 17
973 933 16
933 893 24
893 853 22
853 813 44
813 773 108
773 733 3
733 693 20
693 653 6
653 613 18
613 573 52
573 533 60
533 493 23
493 453 8
453 413 22
413 373 11
373 333 30
333 293 37
293 253 20
253 213 32
213 173 52
173 133 17
133 93 6
93 53 30
53 13 61
1533 1573 1
1534 1494 2
1494 1454 13
1454 1414 10
1414 1374 25
1374 1334 9
1334 1294 16
1294 1254 24
1254 1214 25
1214 1174 33
1174 1134 2
1134 1094 10
1094 1054 7
1054 1014 3
1014 974 17
974 934 16
934 894 24
894 854 22
854 814 44
814 774 108
774 734 3
734 694 20
694 654 6
654 614 18
614 574 52
574 534 60
534 494 23
494 454 8
454 414 22
414 374 11
374 334 30
334 294 37
294 254 20
254 214 32
214 174 52
174 134 17
134 94 6
94 54 30
54 14 61
1534 1574 1
1535 1495 2
1495 1455 13
1455 1415 10
1415 1375 25
1375 1335 9
1335 1295 16
1295 1255 24
1255 1215 25
1215 1175 33
1175 1135 2
1135 1095 10
1095 1055 7
1055 1015 3
1015 975 17
975 935 16
935 895 24
895 855 22
855 815 44
815 775 108
775 735 3
735 695 20
695 655 6
655 615 18
615 575 52
575 535 60
535 495 23
495 455 8
455 415 22
415 375 11
375 335 30
335 295 37
295 255 20
255 215 32
215 175 52
175 135 17
135 95 6
95 55 30
55 15 61
1535 1575 1
1536 1496 2
1496 1456 13
1456 1416 10
1416 1376 25
1376 1336 9
1336 1296 16
1296 1256 24
1256 1216 25
1216 1176 33
1176 1136 2
1136 1096 10
1096 1056 7
1056 1016 3
1016 976 17
976 936 16
936 896 24
896 856 22
856 816 44
816 776 108
776 736 3
736 696 20
696 656 6
656 616 18
616 576 52
576 536 60
536 496 23
496 456 8
456 416 22
416 376 11
376 336 30
336 296 37
296 256 20
256 216 32
216 176 52
176 136 17
136 96 6
96 56 30
56 16 61
1536 1576 1
1537 1497 2
1497 1457 13
1457 1417 10
1417 1377 25
1377 1337 9
1337 1297 16
1297 1257 24
1257 1217 25
1217 1177 33
1177 1137 2
1137 1097 10
1097 1057 7
1057 1017 3
1017 977 17
977 937 16
937 897 24
897 857 22
857 817 44
817 777 108
777 737 3
737 697 20
697 657 6
657 617 18
617 577 52
577 537 60
537 497 23
497 457 8
457 417 22
417 377 11
377 337 30
337 297 37
297 257 20
257 217 32
217 177 52
177 137 17
137 97 6
97 57 30
57 17 61
1537 1577 1
1538 1498 2
1498 1458 13
1458 1418 10
1418 1378 25
1378 1338 9
1338 1298 16
1298 1258 24
1258 1218 25
1218 1178 33
1178 1138 2
1138 1098 10
1098 1058 7
1058 1018 3
1018 978 17
978 938 16
938 898 24
898 858 22
858 818 44
818 778 108
778 738 3
738 698 20
698 658 6
658 618 18
618 578 52
578 538 60
538 498 23
498 458 8
458 418 22
418 378 11
378 338 30
338 298 37
298 258 20
258 218 32
218 178 52
178 138 17
138 98 6
98 58 30
58 18 61
1538 1578 1
1539 1499 2
1499 1459 13
1459 1419 10
1419 1379 25
1379 1339 9
1339 1299 16
1299 1259 24
1259 1219 25
1219 1179 33
1179 1139 2
1139 1099 10
1099 1059 7
1059 1019 3
1019 979 17
979 939 16
939 899 24
899 859 22
859 819 44
819 779 108
779 739 3
739 699 20
699 659 6
659 619 18
619 579 52
579 539 60
539 499 23
499 459 8
459 419 22
419 379 11
379 339 30
339 299 37
299 259 20
259 219 32
219 179 52
179 139 17
139 99 6
99 59 30
59 19 61
1539 1579 1
1540 1500 2
1500 1460 13
1460 1420 10
1420 1380 25
1380 1340 9
1340 1300 16
1300 1260 24
1260 1220 25
1220 1180 33
1180 1140 2
1140 1100 10
1100 1060 7
1060 1020 3
1020 980 17
980 940 16
940 900 24
900 860 22
860 820 44
820 780 108
780 740 3
740 700 20
700 660 6
660 620 18
620 580 52
580 540 60
540 500 23
500 460 8
460 420 22
420 380 11
380 340 30
340 300 37
300 260 20
260 220 32
220 180 52
180 140 17
140 100 6
100 60 30
60 20 61
1540 1580 1
1541 1501 2
1501 1461 13
1461 1421 10
1421 1381 25
1381 1341 9
1341 1301 16
1301 1261 24
1261 1221 25
1221 1181 33
1181 1141 2
1141 1101 10
1101 1061 7
1061 1021 3
1021 981 17
981 941 16
941 901 24
901 861 22
861 821 44
821 781 108
781 741 3
741 701 20
701 661 6
661 621 18
621 581 52
581 541 60
541 501 23
501 461 8
461 421 22
421 381 11
381 341 30
341 301 37
301 261 20
261 221 32
221 181 52
181 141 17
141 101 6
101 61 30
61 21 61
1541 1581 1
1542 1502 2
1502 1462 13
1462 1422 10
1422 1382 25
1382 1342 9
1342 1302 16
1302 1262 24
1262 1222 25
1222 1182 33
1182 1142 2
1142 1102 10
1102 1062 7
1062 1022 3
1022 982 17
982 942 16
942 902 24
902 862 22
862 822 44
822 782 108
782 742 3
742 702 20
702 662 6
662 622 18
622 582 52
582 542 60
542 502 23
502 462 8
462 422 22
422 382 11
382 342 30
342 302 37
302 262 20
262 222 32
222 182 52
182 142 17
142 102 6
102 62 30
62 22 61
1542 1582 1
1543 1503 2
1503 1463 13
1463 1423 10
1423 1383 25
1383 1343 9
1343 1303 16
1303 1263 24
1263 1223 25
1223 1183 33
1183 1143 2
1143 1103 10
1103 1063 7
1063 1023 3
1023 983 17
983 943 16
943 903 24
903 863 22
863 823 44
823 783 108
783 743 3
743 703 20
703 663 6
663 623 18
623 583 52
583 543 60
543 503 23
503 463 8
463 423 22
423 383 11
383 343 30
343 303 37
303 263 20
263 223 32
223 183 52
183 143 17
143 103 6
103 63 30
63 23 61
1543 1583 1
1544 1504 2
1504 1464 13
1464 1424 10
1424 1384 25
1384 1344 9
1344 1304 16
1304 1264 24
1264 1224 25
1224 1184 33
1184 1144 2
1144 1104 10
1104 1064 7
1064 1024 3
1024 984 17
984 944 16
944 904 24
904 864 22
864 824 44
824 784 108
784 744 3
744 704 20
704 664 6
664 624 18
624 584 52
584 544 60
544 504 23
504 464 8
464 424 22
424 384 11
384 344 30
344 304 37
304 264 20
264 224 32
224 184 52
184 144 17
144 104 6
104 64 30
64 24 61
1544 1584 1
1545 1505 2
1505 1465 13
1465 1425 10
1425 1385 25
1385 1345 9
1345 1305 16
1305 1265 24
1265 1225 25
1225 1185 33
1185 1145 2
1145 1105 10
1105 1065 7
1065 1025 3
1025 985 17
985 945 16
945 905 24
905 865 22
865 825 44
825 785 108
785 745 3
745 705 20
705 665 6
665 625 18
625 585 52
585 545 60
545 505 23
505 465 8
465 425 22
425 385 11
385 345 30
345 305 37
305 265 20
265 225 32
225 185 52
185 145 17
145 105 6
105 65 30
65 25 61
1545 1585 1
1546 1506 2
1506 1466 13
1466 1426 10
1426 1386 25
1386 1346 9
1346 1306 16
1306 1266 24
1266 1226 25
1226 1186 33
1186 1146 2
1146 1106 10
1106 1066 7
1066 1026 3
1026 986 17
986 946 16
946 906 24
906 866 22
866 826 44
826 786 108
786 746 3
746 706 20
706 666 6
666 626 18
626 586 52
586 546 60
546 506 23
506 466 8
466 426 22
426 386 11
386 346 30
346 306 37
306 266 20
266 226 32
226 186 52
186 146 17
146 106 6
106 66 30
66 26 61
1546 1586 1
1547 1507 2
1507 1467 13
1467 1427 10
1427 1387 25
1387 1347 9
1347 1307 16
1307 1267 24
1267 1227 25
1227 1187 33
1187 1147 2
1147 1107 10
1107 1067 7
1067 1027 3
1027 987 17
987 947 16
947 907 24
907 867 22
867 827 44
827 787 108
787 747 3
747 707 20
707 667 6
667 627 18
627 587 52
587 547 60
547 507 23
507 467 8
467 427 22
427 387 11
387 347 30
347 307 37
307 267 20
267 227 32
227 187 52
187 147 17
147 107 6
107 67 30
67 27 61
1547 1587 1
1548 1508 2
1508 1468 13
1468 1428 10
1428 1388 25
1388 1348 9
1348 1308 16
1308 1268 24
1268 1228 25
1228 1188 33
1188 1148 2
1148 1108 10
1108 1068 7
1068 1028 3
1028 988 17
988 948 16
948 908 24
908 868 22
868 828 44
828 788 108
788 748 3
748 708 20
708 668 6
668 628 18
628 588 52
588 548 60
548 508 23
508 468 8
468 428 22
428 388 11
388 348 30
348 308 37
308 268 20
268 228 32
228 188 52
188 148 17
148 108 6
108 68 30
68 28 61
1548 1588 1
1549 1509 2
1509 1469 13
1469 1429 10
1429 1389 25
1389 1349 9
1349 1309 16
1309 1269 24
1269 1229 25
1229 1189 33
1189 1149 2
1149 1109 10
1109 1069 7
1069 1029 3
1029 989 17
989 949 16
949 909 24
909 869 22
869 829 44
829 789 108
789 749 3
749 709 20
709 669 6
669 629 18
629 589 52
589 549 60
549 509 23
509 469 8
469 429 22
429 389 11
389 349 30
349 309 37
309 269 20
269 229 32
229 189 52
189 149 17
149 109 6
109 69 30
69 29 61
1549 1589 1
1550 1510 2
1510 1470 13
1470 1430 10
1430 1390 25
1390 1350 9
1350 1310 16
1310 1270 24
1270 1230 25
1230 1190 33
1190 1150 2
1150 1110 10
1110 1070 7
1070 1030 3
1030 990 17
990 950 16
950 910 24
910 870 22
870 830 44
830 790 108
790 750 3
750 710 20
710 670 6
670 630 18
630 590 52
590 550 60
550 510 23
510 470 8
470 430 22
430 390 11
390 350 30
350 310 37
310 270 20
270 230 32
230 190 52
190 150 17
150 110 6
110 70 30
70 30 61
1550 1590 1
1551 1511 2
1511 1471 13
1471 1431 10
1431 1391 25
1391 1351 9
1351 1311 16
1311 1271 24
1271 1231 25
1231 1191 33
1191 1151 2
1151 1111 10
1111 1073 36
1073 1074 49
1074 1075 3
1075 1076 44
1076 1077 19
1077 1078 53
1078 1079 3
1079 1080 13
1080 1040 3
1080 1120 7
1120 1119 13
1119 1118 3
1118 1117 53
1117 1116 19
1116 1115 44
1115 1114 3
1114 1113 49
1113 1112 36
1112 1111 7
1111 1032 3
1032 992 17
992 952 16
952 912 24
912 872 22
872 832 44
832 792 108
792 752 3
752 712 20
712 672 6
672 632 18
632 592 52
592 552 60
552 512 23
512 472 8
472 432 22
432 392 11
392 352 30
352 312 37
312 272 20
272 232 32
232 192 52
192 152 17
152 112 6
112 72 30
72 32 61
1112 1152 10
1152 1192 2
1192 1232 33
1232 1272 25
1272 1312 24
1312 1352 16
1352 1392 9
1392 1432 25
1432 1472 10
1472 1512 13
1512 1552 2
1552 1592 1
1113 1073 7
1073 1033 3
1033 993 17
993 953 16
953 913 24
913 873 22
873 833 44
833 793 108
793 753 3
753 713 20
713 673 6
673 633 18
633 593 52
593 553 60
553 513 23
513 473 8
473 433 22
433 393 11
393 353 30
353 313 37
313 273 20
273 233 32
233 193 52
193 153 17
153 113 6
113 73 30
73 33 61
1113 1153 10
1153 1193 2
1193 1233 33
1233 1273 25
1273 1313 24
1313 1353 16
1353 1393 9
1393 1433 25
1433 1473 10
1473 1513 13
1513 1553 2
1553 1593 1
1114 1074 7
1074 1034 3
1034 994 17
994 954 16
954 914 24
914 874 22
874 834 44
834 794 108
794 754 3
754 714 20
714 674 6
674 634 18
634 594 52
594 554 60
554 514 23
514 474 8
474 434 22
434 394 11
394 354 30
354 314 37
314 274 20
274 234 32
234 194 52
194 154 17
154 114 6
114 74 30
74 34 61
1114 1154 10
1154 1194 2
1194 1234 33
1234 1274 25
1274 1314 24
1314 1354 16
1354 1394 9
1394 1434 25
1434 1474 10
1474 1514 13
1514 1554 2
1554 1594 1
1115 1075 7
1075 1035 3
1035 995 17
995 955 16
955 915 24
915 875 22
875 835 44
835 795 108
795 755 3
755 715 20
715 675 6
675 635 18
635 595 52
595 555 60
555 515 23
515 475 8
475 435 22
435 395 11
395 355 30
355 315 37
315 275 20
275 235 32
235 195 52
195 155 17
155 115 6
115 75 30
75 35 61
1115 1155 10
1155 1195 2
1195 1235 33
1235 1275 25
1275 1315 24
1315 1355 16
1355 1395 9
1395 1435 25
1435 1475 10
1475 1515 13
1515 1555 2
1555 1595 1
1116 1076 7
1076 1036 3
1036 996 17
996 956 16
956 916 24
916 876 22
876 836 44
836 796 108
796 756 3
756 716 20
716 676 6
676 636 18
636 596 52
596 556 60
556 516 23
516 476 8
476 436 22
436 396 11
396 356 30
356 316 37
316 276 20
276 236 32
236 196 52
196 156 17
156 116 6
116 76 30
76 36 61
1116 1156 10
1156 1196 2
1196 1236 33
1236 1276 25
1276 1316 24
1316 1356 16
1356 1396 9
1396 1436 25
1436 1476 10
1476 1516 13
1516 1556 2
1556 1596 1
1117 1077 7
1077 1037 3
1037 997 17
997 957 16
957 917 24
917 877 22
877 837 44
837 797 108
797 757 3
757 717 20
717 677 6
677 637 18
637 597 52
597 557 60
557 517 23
517 477 8
477 437 22
437 397 11
397 357 30
357 317 37
317 277 20
277 237 32
237 197 52
197 157 17
157 117 6
117 77 30
77 37 61
1117 1157 10
1157 1197 2
1197 1237 33
1237 1277 25
1277 1317 24
1317 1357 16
1357 1397 9
1397 1437 25
1437 1477 10
1477 1517 13
1517 1557 2
1557 1597 1
1118 1078 7
1078 1038 3
1038 998 17
998 958 16
958 918 24
918 878 22
878 838 44
838 798 108
798 758 3
758 718 20
718 678 6
678 638 18
638 598 52
598 558 60
558 518 23
518 478 8
478 438 22
438 398 11
398 358 30
358 318 37
318 278 20
278 238 32
238 198 52
198 158 17
158 118 6
118 78 30
78 38 61
1118 1158 10
1158 1198 2
1198 1238 33
1238 1278 25
1278 1318 24
1318 1358 16
1358 1398 9
1398 1438 25
1438 1478 10
1478 1518 13
1518 1558 2
1558 1598 1
1119 1079 7
1079 1039 3
1039 999 17
999 959 16
959 919 24
919 879 22
879 839 44
839 799 108
799 759 3
759 719 20
719 679 6
679 639 18
639 599 52
599 559 60
559 519 23
519 479 8
479 439 22
439 399 11
399 359 30
359 319 37
319 279 20
279 239 32
239 199 52
199 159 17
159 119 6
119 79 30
79 39 61
1119 1159 10
1159 1199 2
1199 1239 33
1239 1279 25
1279 1319 24
1319 1359 16
1359 1399 9
1399 1439 25
1439 1479 10
1479 1519 13
1519 1559 2
1559 1599 1
1120 1160 10
1551 1591 1
1560 1520 2
1567 1527 1
1527 1487 2
1487 1447 13
1447 1407 10
1407 1367 25
1367 1327 9
1327 1287 16
1287 1247 24
1247 1207 25
1207 1167 33
1167 1127 2
1127 1087 10
1087 1047 7
1047 1007 3
1007 967 17
967 927 16
927 887 24
887 847 22
847 807 44
807 767 108
767 727 3
727 687 20
687 647 6
647 607 18
607 567 52
567 527 60
527 487 23
487 447 8
447 407 22
407 367 11
367 327 30
327 287 37
287 247 20
247 207 32
207 167 52
167 127 17
127 87 6
87 47 30
47 7 61
1566 1526 1
1526 1486 2
1486 1446 13
1446 1406 10
1406 1366 25
1366 1326 9
1326 1286 16
1286 1246 24
1246 1206 25
1206 1166 33
1166 1126 2
1126 1086 10
1086 1046 7
1046 1006 3
1006 966 17
966 926 16
926 886 24
886 846 22
846 806 44
806 766 108
766 726 3
726 686 20
686 646 6
646 606 18
606 566 52
566 526 60
526 486 23
486 446 8
446 406 22
406 366 11
366 326 30
326 286 37
286 246 20
246 206 32
206 166 52
166 126 17
126 86 6
86 46 30
46 6 61
1565 1525 1
1525 1485 2
1485 1445 13
1445 1405 10
1405 1365 25
1365 1325 9
1325 1285 16
1285 1245 24
1245 1205 25
1205 1165 33
1165 1125 2
1125 1085 10
1085 1045 7
1045 1005 3
1005 965 17
965 925 16
925 885 24
885 845 22
845 805 44
805 765 108
765 725 3
725 685 20
685 645 6
645 605 18
605 565 52
565 525 60
525 485 23
485 445 8
445 405 22
405 365 11
365 325 30
325 285 37
285 245 20
245 205 32
205 165 52
165 125 17
125 85 6
85 45 30
45 5 61
1564 1524 1
1524 1484 2
1484 1444 13
1444 1404 10
1404 1364 25
1364 1324 9
1324 1284 16
1284 1244 24
1244 1204 25
1204 1164 33
1164 1124 2
1124 1084 10
1084 1044 7
1044 1004 3
1004 964 17
964 924 16
924 884 24
884 844 22
844 804 44
804 764 108
764 724 3
724 684 20
684 644 6
644 604 18
604 564 52
564 524 60
524 484 23
484 444 8
444 404 22
404 364 11
364 324 30
324 284 37
284 244 20
244 204 32
204 164 52
164 124 17
124 84 6
84 44 30
44 4 61
1563 1523 1
1523 1483 2
1483 1443 13
1443 1403 10
1403 1363 25
1363 1323 9
1323 1283 16
1283 1243 24
1243 1203 25
1203 1163 33
1163 1123 2
1123 1083 10
1083 1043 7
1043 1003 3
1003 963 17
963 923 16
923 883 24
883 843 22
843 803 44
803 763 108
763 723 3
723 683 20
683 643 6
643 603 18
603 563 52
563 523 60
523 483 23
483 443 8
443 403 22
403 363 11
363 323 30
323 283 37
283 243 20
243 203 32
203 163 52
163 123 17
123 83 6
83 43 30
43 3 61
1562 1522 1
1522 1482 2
1482 1442 13
1442 1402 10
1402 1362 25
1362 1322 9
1322 1282 16
1282 1242 24
1242 1202 25
1202 1162 33
1162 1122 2
1122 1082 10
1082 1042 7
1042 1002 3
1002 962 17
962 922 16
922 882 24
882 842 22
842 802 44
802 762 108
762 722 3
722 682 20
682 642 6
642 602 18
602 562 52
562 522 60
522 482 23
482 442 8
442 402 22
402 362 11
362 322 30
322 282 37
282 242 20
242 202 32
202 162 52
162 122 17
122 82 6
82 42 30
42 2 61
1480 1440 10
1400 1360 9
1320 1280 24
1240 1200 33
1071 1031 3
1031 991 17
991 951 16
951 911 24
911 871 22
871 831 44
831 791 108
791 751 3
751 711 20
711 671 6
671 631 18
631 591 52
591 551 60
551 511 23
511 471 8
471 431 22
431 391 11
391 351 30
351 311 37
311 271 20
271 231 32
231 191 52
191 151 17
151 111 6
111 71 30
71 31 61
1000 960 16
920 880 22
840 800 108
760 720 20
680 640 18
600 560 60
520 480 8
440 400 11
360 320 37
280 240 32
200 160 17
120 80 30

REQUESTS

BLOCKAGES
166 126
966 965
1091 1051
1025 1026
1126 1086
343 303
148 108
1019 979
895 894
1191 1151
1267 1268
217 177
1090 1050
531 532
624 625
791 792
829 828
1395 1394
1150 1110
192 152
1180 1140
779 739
143 103
1578 1579
423 383
1447 1407
1111 1071
1158 1157
650 649
618 619
696 656
342 302
1558 1598
1470 1469
1109 1069
1585 1586
1410 1411
878 838
994 954
462 463
1128 1168
1024 1025
271 270
1541 1501
1051 1011
666 626
1253 1254
521 522
1311 1310
272 232
674 634
415 375
736 735
1460 1420
1020 980
523 524
1427 1428
951 952
378 379
486 446
1305 1265
200 199
572 571
188 187
128 129
382 342
1155 1154
1452 1451
690 691
1203 1202
795 796
1451 1450
686 687
861 821
663 623
356 316
385 386
649 609
1318 1317
1246 1206
1466 1465
410 409
689 690
401 441
1137 1097
745 744
995 955
1180 1181
1125 1085
28 27
1472 1512
443 403
439 399
549 550
374 375
916 876
680 679
108 68
1385 1384
1256 1257
564 563
1563 1523
191 190
361 362
255 215
56 57
679 678
242 241
48 88
858 859
19 18
1010 1011
405 365
582 542
1298 1258
229 189
1387 1347
358 357
322 321
1144 1104
8 48
89 49
267 266
278 277
956 957
1414 1415
627 587
912 872
613 573
1371 1370
1166 1167
1367 1366
816 815
525 526
404 364
1588 1589
362 322
695 696
488 528
1557 1597
897 857
571 531
94 54
1256 1216
60 61
1490 1491
981 941
1559 1599
674 673
1485 1445
749 709
309 310
1169 1129
1443 1442
655 654
412 372
171 131
1016 1017
581 580
1029 1030
459 460
1097 1098
1278 1279
721 681
854 814
101 100
447 407
1050 1049
1430 1431
1556 1596
738 737
710 711
23 22
890 889
141 101
112 111
415 414
1252 1212
1065 1064
688 689
220 221
116 76
1154 1153
275 235
335 295
1271 1231
271 231
87 47
1455 1454
1302 1262
1559 1558
507 467
145 146
1196 1197
911 910
1368 1367
208 248
1550 1549
348 347
515 514
1248 1249
1192 1193
1278 1318
1152 1151
1032 992
1007 967
36 35
845 846
856 816
907 867
1391 1390
1453 1413
1364 1324
678 677
706 666
1211 1171
918 878
139 140
383 384
956 916
209 210
938 898
1086 1087
510 509
1236 1276
227 228
756 755
150 151
39 38
522 523
584 583
605 565
1143 1142
806 766
1547 1587
1023 983
766 726
539 540
268 267
668 667
1532 1572
1429 1389
695 655
579 578
1144 1143
191 151
578 577
1448 1488
1503 1504
282 283
466 426
1080 1040
780 740
1486 1446
449 409
993 953
585 584
264 263
400 360
228 188
172 132
693 694
1362 1361
430 429
258 218
1288 1287
1365 1325
724 684
461 421
1339 1340
424 423
1489 1490
1282 1242
1039 999
1168 1169
911 871
698 658
1255 1215
767 768
580 579
754 714
169 168
1110 1070
1295 1294
49 9
1114 1113
982 981
217 218
1391 1351
1396 1436
370 371
226 227
833 793
1385 1345
773 733
72 32
1459 1458
84 83
477 437
1141 1101
310 270
304 305
1033 993
1291 1290
1029 989
857 858
1398 1397
1135 1134
832 831
778 738
96 56

TERMINALS
8
59
97
127
178
206
274
296
360
381
424
468
516
525
574
627
677
700
751
793
810
875
881
935
986
1013
1069
1118
1123
1172
1222
1251
1305
1350
1392
1439
1444
1503
1529
1562

END
