INSTANCE_NAME r33.dat
NB_VERTICES 1600
NB_ARCS 3120
NB_REQUESTS 0
NB_BLOCKAGES 312
NB_TERMINALS 40

VERTICES
1 0 0
2 0 0
3 0 0
4 0 0
5 0 0
6 0 0
7 0 0
8 0 0
9 0 0
10 0 0
11 0 0
12 0 0
13 0 0
14 0 0
15 0 0
16 0 0
17 0 0
18 0 0
19 0 0
20 0 0
21 0 0
22 0 0
23 0 0
24 0 0
25 0 0
26 0 0
27 0 0
28 0 0
29 0 0
30 0 0
31 0 0
32 0 0
33 0 0
34 0 0
35 0 0
36 0 0
37 0 0
38 0 0
39 0 0
40 0 0
41 0 0
42 0 0
43 0 0
44 0 0
45 0 0
46 0 0
47 0 0
48 0 0
49 0 0
50 0 0
51 0 0
52 0 0
53 0 0
54 0 0
55 0 0
56 0 0
57 0 0
58 0 0
59 0 0
60 0 0
61 0 0
62 0 0
63 0 0
64 0 0
65 0 0
66 0 0
67 0 0
68 0 0
69 0 0
70 0 0
71 0 0
72 0 0
73 0 0
74 0 0
75 0 0
76 0 0
77 0 0
78 0 0
79 0 0
80 0 0
81 0 0
82 0 0
83 0 0
84 0 0
85 0 0
86 0 0
87 0 0
88 0 0
89 0 0
90 0 0
91 0 0
92 0 0
93 0 0
94 0 0
95 0 0
96 0 0
97 0 0
98 0 0
99 0 0
100 0 0
101 0 0
102 0 0
103 0 0
104 0 0
105 0 0
106 0 0
107 0 0
108 0 0
109 0 0
110 0 0
111 0 0
112 0 0
113 0 0
114 0 0
115 0 0
116 0 0
117 0 0
118 0 0
119 0 0
120 0 0
121 0 0
122 0 0
123 0 0
124 0 0
125 0 0
126 0 0
127 0 0
128 0 0
129 0 0
130 0 0
131 0 0
132 0 0
133 0 0
134 0 0
135 0 0
136 0 0
137 0 0
138 0 0
139 0 0
140 0 0
141 0 0
142 0 0
143 0 0
144 0 0
145 0 0
146 0 0
147 0 0
148 0 0
149 0 0
150 0 0
151 0 0
152 0 0
153 0 0
154 0 0
155 0 0
156 0 0
157 0 0
158 0 0
159 0 0
160 0 0
161 0 0
162 0 0
163 0 0
164 0 0
165 0 0
166 0 0
167 0 0
168 0 0
169 0 0
170 0 0
171 0 0
172 0 0
173 0 0
174 0 0
175 0 0
176 0 0
177 0 0
178 0 0
179 0 0
180 0 0
181 0 0
182 0 0
183 0 0
184 0 0
185 0 0
186 0 0
187 0 0
188 0 0
189 0 0
190 0 0
191 0 0
192 0 0
193 0 0
194 0 0
195 0 0
196 0 0
197 0 0
198 0 0
199 0 0
200 0 0
201 0 0
202 0 0
203 0 0
204 0 0
205 0 0
206 0 0
207 0 0
208 0 0
209 0 0
210 0 0
211 0 0
212 0 0
213 0 0
214 0 0
215 0 0
216 0 0
217 0 0
218 0 0
219 0 0
220 0 0
221 0 0
222 0 0
223 0 0
224 0 0
225 0 0
226 0 0
227 0 0
228 0 0
229 0 0
230 0 0
231 0 0
232 0 0
233 0 0
234 0 0
235 0 0
236 0 0
237 0 0
238 0 0
239 0 0
240 0 0
241 0 0
242 0 0
243 0 0
244 0 0
245 0 0
246 0 0
247 0 0
248 0 0
249 0 0
250 0 0
251 0 0
252 0 0
253 0 0
254 0 0
255 0 0
256 0 0
257 0 0
258 0 0
259 0 0
260 0 0
261 0 0
262 0 0
263 0 0
264 0 0
265 0 0
266 0 0
267 0 0
268 0 0
269 0 0
270 0 0
271 0 0
272 0 0
273 0 0
274 0 0
275 0 0
276 0 0
277 0 0
278 0 0
279 0 0
280 0 0
281 0 0
282 0 0
283 0 0
284 0 0
285 0 0
286 0 0
287 0 0
288 0 0
289 0 0
290 0 0
291 0 0
292 0 0
293 0 0
294 0 0
295 0 0
296 0 0
297 0 0
298 0 0
299 0 0
300 0 0
301 0 0
302 0 0
303 0 0
304 0 0
305 0 0
306 0 0
307 0 0
308 0 0
309 0 0
310 0 0
311 0 0
312 0 0
313 0 0
314 0 0
315 0 0
316 0 0
317 0 0
318 0 0
319 0 0
320 0 0
321 0 0
322 0 0
323 0 0
324 0 0
325 0 0
326 0 0
327 0 0
328 0 0
329 0 0
330 0 0
331 0 0
332 0 0
333 0 0
334 0 0
335 0 0
336 0 0
337 0 0
338 0 0
339 0 0
340 0 0
341 0 0
342 0 0
343 0 0
344 0 0
345 0 0
346 0 0
347 0 0
348 0 0
349 0 0
350 0 0
351 0 0
352 0 0
353 0 0
354 0 0
355 0 0
356 0 0
357 0 0
358 0 0
359 0 0
360 0 0
361 0 0
362 0 0
363 0 0
364 0 0
365 0 0
366 0 0
367 0 0
368 0 0
369 0 0
370 0 0
371 0 0
372 0 0
373 0 0
374 0 0
375 0 0
376 0 0
377 0 0
378 0 0
379 0 0
380 0 0
381 0 0
382 0 0
383 0 0
384 0 0
385 0 0
386 0 0
387 0 0
388 0 0
389 0 0
390 0 0
391 0 0
392 0 0
393 0 0
394 0 0
395 0 0
396 0 0
397 0 0
398 0 0
399 0 0
400 0 0
401 0 0
402 0 0
403 0 0
404 0 0
405 0 0
406 0 0
407 0 0
408 0 0
409 0 0
410 0 0
411 0 0
412 0 0
413 0 0
414 0 0
415 0 0
416 0 0
417 0 0
418 0 0
419 0 0
420 0 0
421 0 0
422 0 0
423 0 0
424 0 0
425 0 0
426 0 0
427 0 0
428 0 0
429 0 0
430 0 0
431 0 0
432 0 0
433 0 0
434 0 0
435 0 0
436 0 0
437 0 0
438 0 0
439 0 0
440 0 0
441 0 0
442 0 0
443 0 0
444 0 0
445 0 0
446 0 0
447 0 0
448 0 0
449 0 0
450 0 0
451 0 0
452 0 0
453 0 0
454 0 0
455 0 0
456 0 0
457 0 0
458 0 0
459 0 0
460 0 0
461 0 0
462 0 0
463 0 0
464 0 0
465 0 0
466 0 0
467 0 0
468 0 0
469 0 0
470 0 0
471 0 0
472 0 0
473 0 0
474 0 0
475 0 0
476 0 0
477 0 0
478 0 0
479 0 0
480 0 0
481 0 0
482 0 0
483 0 0
484 0 0
485 0 0
486 0 0
487 0 0
488 0 0
489 0 0
490 0 0
491 0 0
492 0 0
493 0 0
494 0 0
495 0 0
496 0 0
497 0 0
498 0 0
499 0 0
500 0 0
501 0 0
502 0 0
503 0 0
504 0 0
505 0 0
506 0 0
507 0 0
508 0 0
509 0 0
510 0 0
511 0 0
512 0 0
513 0 0
514 0 0
515 0 0
516 0 0
517 0 0
518 0 0
519 0 0
520 0 0
521 0 0
522 0 0
523 0 0
524 0 0
525 0 0
526 0 0
527 0 0
528 0 0
529 0 0
530 0 0
531 0 0
532 0 0
533 0 0
534 0 0
535 0 0
536 0 0
537 0 0
538 0 0
539 0 0
540 0 0
541 0 0
542 0 0
543 0 0
544 0 0
545 0 0
546 0 0
547 0 0
548 0 0
549 0 0
550 0 0
551 0 0
552 0 0
553 0 0
554 0 0
555 0 0
556 0 0
557 0 0
558 0 0
559 0 0
560 0 0
561 0 0
562 0 0
563 0 0
564 0 0
565 0 0
566 0 0
567 0 0
568 0 0
569 0 0
570 0 0
571 0 0
572 0 0
573 0 0
574 0 0
575 0 0
576 0 0
577 0 0
578 0 0
579 0 0
580 0 0
581 0 0
582 0 0
583 0 0
584 0 0
585 0 0
586 0 0
587 0 0
588 0 0
589 0 0
590 0 0
591 0 0
592 0 0
593 0 0
594 0 0
595 0 0
596 0 0
597 0 0
598 0 0
599 0 0
600 0 0
601 0 0
602 0 0
603 0 0
604 0 0
605 0 0
606 0 0
607 0 0
608 0 0
609 0 0
610 0 0
611 0 0
612 0 0
613 0 0
614 0 0
615 0 0
616 0 0
617 0 0
618 0 0
619 0 0
620 0 0
621 0 0
622 0 0
623 0 0
624 0 0
625 0 0
626 0 0
627 0 0
628 0 0
629 0 0
630 0 0
631 0 0
632 0 0
633 0 0
634 0 0
635 0 0
636 0 0
637 0 0
638 0 0
639 0 0
640 0 0
641 0 0
642 0 0
643 0 0
644 0 0
645 0 0
646 0 0
647 0 0
648 0 0
649 0 0
650 0 0
651 0 0
652 0 0
653 0 0
654 0 0
655 0 0
656 0 0
657 0 0
658 0 0
659 0 0
660 0 0
661 0 0
662 0 0
663 0 0
664 0 0
665 0 0
666 0 0
667 0 0
668 0 0
669 0 0
670 0 0
671 0 0
672 0 0
673 0 0
674 0 0
675 0 0
676 0 0
677 0 0
678 0 0
679 0 0
680 0 0
681 0 0
682 0 0
683 0 0
684 0 0
685 0 0
686 0 0
687 0 0
688 0 0
689 0 0
690 0 0
691 0 0
692 0 0
693 0 0
694 0 0
695 0 0
696 0 0
697 0 0
698 0 0
699 0 0
700 0 0
701 0 0
702 0 0
703 0 0
704 0 0
705 0 0
706 0 0
707 0 0
708 0 0
709 0 0
710 0 0
711 0 0
712 0 0
713 0 0
714 0 0
715 0 0
716 0 0
717 0 0
718 0 0
719 0 0
720 0 0
721 0 0
722 0 0
723 0 0
724 0 0
725 0 0
726 0 0
727 0 0
728 0 0
729 0 0
730 0 0
731 0 0
732 0 0
733 0 0
734 0 0
735 0 0
736 0 0
737 0 0
738 0 0
739 0 0
740 0 0
741 0 0
742 0 0
743 0 0
744 0 0
745 0 0
746 0 0
747 0 0
748 0 0
749 0 0
750 0 0
751 0 0
752 0 0
753 0 0
754 0 0
755 0 0
756 0 0
757 0 0
758 0 0
759 0 0
760 0 0
761 0 0
762 0 0
763 0 0
764 0 0
765 0 0
766 0 0
767 0 0
768 0 0
769 0 0
770 0 0
771 0 0
772 0 0
773 0 0
774 0 0
775 0 0
776 0 0
777 0 0
778 0 0
779 0 0
780 0 0
781 0 0
782 0 0
783 0 0
784 0 0
785 0 0
786 0 0
787 0 0
788 0 0
789 0 0
790 0 0
791 0 0
792 0 0
793 0 0
794 0 0
795 0 0
796 0 0
797 0 0
798 0 0
799 0 0
800 0 0
801 0 0
802 0 0
803 0 0
804 0 0
805 0 0
806 0 0
807 0 0
808 0 0
809 0 0
810 0 0
811 0 0
812 0 0
813 0 0
814 0 0
815 0 0
816 0 0
817 0 0
818 0 0
819 0 0
820 0 0
821 0 0
822 0 0
823 0 0
824 0 0
825 0 0
826 0 0
827 0 0
828 0 0
829 0 0
830 0 0
831 0 0
832 0 0
833 0 0
834 0 0
835 0 0
836 0 0
837 0 0
838 0 0
839 0 0
840 0 0
841 0 0
842 0 0
843 0 0
844 0 0
845 0 0
846 0 0
847 0 0
848 0 0
849 0 0
850 0 0
851 0 0
852 0 0
853 0 0
854 0 0
855 0 0
856 0 0
857 0 0
858 0 0
859 0 0
860 0 0
861 0 0
862 0 0
863 0 0
864 0 0
865 0 0
866 0 0
867 0 0
868 0 0
869 0 0
870 0 0
871 0 0
872 0 0
873 0 0
874 0 0
875 0 0
876 0 0
877 0 0
878 0 0
879 0 0
880 0 0
881 0 0
882 0 0
883 0 0
884 0 0
885 0 0
886 0 0
887 0 0
888 0 0
889 0 0
890 0 0
891 0 0
892 0 0
893 0 0
894 0 0
895 0 0
896 0 0
897 0 0
898 0 0
899 0 0
900 0 0
901 0 0
902 0 0
903 0 0
904 0 0
905 0 0
906 0 0
907 0 0
908 0 0
909 0 0
910 0 0
911 0 0
912 0 0
913 0 0
914 0 0
915 0 0
916 0 0
917 0 0
918 0 0
919 0 0
920 0 0
921 0 0
922 0 0
923 0 0
924 0 0
925 0 0
926 0 0
927 0 0
928 0 0
929 0 0
930 0 0
931 0 0
932 0 0
933 0 0
934 0 0
935 0 0
936 0 0
937 0 0
938 0 0
939 0 0
940 0 0
941 0 0
942 0 0
943 0 0
944 0 0
945 0 0
946 0 0
947 0 0
948 0 0
949 0 0
950 0 0
951 0 0
952 0 0
953 0 0
954 0 0
955 0 0
956 0 0
957 0 0
958 0 0
959 0 0
960 0 0
961 0 0
962 0 0
963 0 0
964 0 0
965 0 0
966 0 0
967 0 0
968 0 0
969 0 0
970 0 0
971 0 0
972 0 0
973 0 0
974 0 0
975 0 0
976 0 0
977 0 0
978 0 0
979 0 0
980 0 0
981 0 0
982 0 0
983 0 0
984 0 0
985 0 0
986 0 0
987 0 0
988 0 0
989 0 0
990 0 0
991 0 0
992 0 0
993 0 0
994 0 0
995 0 0
996 0 0
997 0 0
998 0 0
999 0 0
1000 0 0
1001 0 0
1002 0 0
1003 0 0
1004 0 0
1005 0 0
1006 0 0
1007 0 0
1008 0 0
1009 0 0
1010 0 0
1011 0 0
1012 0 0
1013 0 0
1014 0 0
1015 0 0
1016 0 0
1017 0 0
1018 0 0
1019 0 0
1020 0 0
1021 0 0
1022 0 0
1023 0 0
1024 0 0
1025 0 0
1026 0 0
1027 0 0
1028 0 0
1029 0 0
1030 0 0
1031 0 0
1032 0 0
1033 0 0
1034 0 0
1035 0 0
1036 0 0
1037 0 0
1038 0 0
1039 0 0
1040 0 0
1041 0 0
1042 0 0
1043 0 0
1044 0 0
1045 0 0
1046 0 0
1047 0 0
1048 0 0
1049 0 0
1050 0 0
1051 0 0
1052 0 0
1053 0 0
1054 0 0
1055 0 0
1056 0 0
1057 0 0
1058 0 0
1059 0 0
1060 0 0
1061 0 0
1062 0 0
1063 0 0
1064 0 0
1065 0 0
1066 0 0
1067 0 0
1068 0 0
1069 0 0
1070 0 0
1071 0 0
1072 0 0
1073 0 0
1074 0 0
1075 0 0
1076 0 0
1077 0 0
1078 0 0
1079 0 0
1080 0 0
1081 0 0
1082 0 0
1083 0 0
1084 0 0
1085 0 0
1086 0 0
1087 0 0
1088 0 0
1089 0 0
1090 0 0
1091 0 0
1092 0 0
1093 0 0
1094 0 0
1095 0 0
1096 0 0
1097 0 0
1098 0 0
1099 0 0
1100 0 0
1101 0 0
1102 0 0
1103 0 0
1104 0 0
1105 0 0
1106 0 0
1107 0 0
1108 0 0
1109 0 0
1110 0 0
1111 0 0
1112 0 0
1113 0 0
1114 0 0
1115 0 0
1116 0 0
1117 0 0
1118 0 0
1119 0 0
1120 0 0
1121 0 0
1122 0 0
1123 0 0
1124 0 0
1125 0 0
1126 0 0
1127 0 0
1128 0 0
1129 0 0
1130 0 0
1131 0 0
1132 0 0
1133 0 0
1134 0 0
1135 0 0
1136 0 0
1137 0 0
1138 0 0
1139 0 0
1140 0 0
1141 0 0
1142 0 0
1143 0 0
1144 0 0
1145 0 0
1146 0 0
1147 0 0
1148 0 0
1149 0 0
1150 0 0
1151 0 0
1152 0 0
1153 0 0
1154 0 0
1155 0 0
1156 0 0
1157 0 0
1158 0 0
1159 0 0
1160 0 0
1161 0 0
1162 0 0
1163 0 0
1164 0 0
1165 0 0
1166 0 0
1167 0 0
1168 0 0
1169 0 0
1170 0 0
1171 0 0
1172 0 0
1173 0 0
1174 0 0
1175 0 0
1176 0 0
1177 0 0
1178 0 0
1179 0 0
1180 0 0
1181 0 0
1182 0 0
1183 0 0
1184 0 0
1185 0 0
1186 0 0
1187 0 0
1188 0 0
1189 0 0
1190 0 0
1191 0 0
1192 0 0
1193 0 0
1194 0 0
1195 0 0
1196 0 0
1197 0 0
1198 0 0
1199 0 0
1200 0 0
1201 0 0
1202 0 0
1203 0 0
1204 0 0
1205 0 0
1206 0 0
1207 0 0
1208 0 0
1209 0 0
1210 0 0
1211 0 0
1212 0 0
1213 0 0
1214 0 0
1215 0 0
1216 0 0
1217 0 0
1218 0 0
1219 0 0
1220 0 0
1221 0 0
1222 0 0
1223 0 0
1224 0 0
1225 0 0
1226 0 0
1227 0 0
1228 0 0
1229 0 0
1230 0 0
1231 0 0
1232 0 0
1233 0 0
1234 0 0
1235 0 0
1236 0 0
1237 0 0
1238 0 0
1239 0 0
1240 0 0
1241 0 0
1242 0 0
1243 0 0
1244 0 0
1245 0 0
1246 0 0
1247 0 0
1248 0 0
1249 0 0
1250 0 0
1251 0 0
1252 0 0
1253 0 0
1254 0 0
1255 0 0
1256 0 0
1257 0 0
1258 0 0
1259 0 0
1260 0 0
1261 0 0
1262 0 0
1263 0 0
1264 0 0
1265 0 0
1266 0 0
1267 0 0
1268 0 0
1269 0 0
1270 0 0
1271 0 0
1272 0 0
1273 0 0
1274 0 0
1275 0 0
1276 0 0
1277 0 0
1278 0 0
1279 0 0
1280 0 0
1281 0 0
1282 0 0
1283 0 0
1284 0 0
1285 0 0
1286 0 0
1287 0 0
1288 0 0
1289 0 0
1290 0 0
1291 0 0
1292 0 0
1293 0 0
1294 0 0
1295 0 0
1296 0 0
1297 0 0
1298 0 0
1299 0 0
1300 0 0
1301 0 0
1302 0 0
1303 0 0
1304 0 0
1305 0 0
1306 0 0
1307 0 0
1308 0 0
1309 0 0
1310 0 0
1311 0 0
1312 0 0
1313 0 0
1314 0 0
1315 0 0
1316 0 0
1317 0 0
1318 0 0
1319 0 0
1320 0 0
1321 0 0
1322 0 0
1323 0 0
1324 0 0
1325 0 0
1326 0 0
1327 0 0
1328 0 0
1329 0 0
1330 0 0
1331 0 0
1332 0 0
1333 0 0
1334 0 0
1335 0 0
1336 0 0
1337 0 0
1338 0 0
1339 0 0
1340 0 0
1341 0 0
1342 0 0
1343 0 0
1344 0 0
1345 0 0
1346 0 0
1347 0 0
1348 0 0
1349 0 0
1350 0 0
1351 0 0
1352 0 0
1353 0 0
1354 0 0
1355 0 0
1356 0 0
1357 0 0
1358 0 0
1359 0 0
1360 0 0
1361 0 0
1362 0 0
1363 0 0
1364 0 0
1365 0 0
1366 0 0
1367 0 0
1368 0 0
1369 0 0
1370 0 0
1371 0 0
1372 0 0
1373 0 0
1374 0 0
1375 0 0
1376 0 0
1377 0 0
1378 0 0
1379 0 0
1380 0 0
1381 0 0
1382 0 0
1383 0 0
1384 0 0
1385 0 0
1386 0 0
1387 0 0
1388 0 0
1389 0 0
1390 0 0
1391 0 0
1392 0 0
1393 0 0
1394 0 0
1395 0 0
1396 0 0
1397 0 0
1398 0 0
1399 0 0
1400 0 0
1401 0 0
1402 0 0
1403 0 0
1404 0 0
1405 0 0
1406 0 0
1407 0 0
1408 0 0
1409 0 0
1410 0 0
1411 0 0
1412 0 0
1413 0 0
1414 0 0
1415 0 0
1416 0 0
1417 0 0
1418 0 0
1419 0 0
1420 0 0
1421 0 0
1422 0 0
1423 0 0
1424 0 0
1425 0 0
1426 0 0
1427 0 0
1428 0 0
1429 0 0
1430 0 0
1431 0 0
1432 0 0
1433 0 0
1434 0 0
1435 0 0
1436 0 0
1437 0 0
1438 0 0
1439 0 0
1440 0 0
1441 0 0
1442 0 0
1443 0 0
1444 0 0
1445 0 0
1446 0 0
1447 0 0
1448 0 0
1449 0 0
1450 0 0
1451 0 0
1452 0 0
1453 0 0
1454 0 0
1455 0 0
1456 0 0
1457 0 0
1458 0 0
1459 0 0
1460 0 0
1461 0 0
1462 0 0
1463 0 0
1464 0 0
1465 0 0
1466 0 0
1467 0 0
1468 0 0
1469 0 0
1470 0 0
1471 0 0
1472 0 0
1473 0 0
1474 0 0
1475 0 0
1476 0 0
1477 0 0
1478 0 0
1479 0 0
1480 0 0
1481 0 0
1482 0 0
1483 0 0
1484 0 0
1485 0 0
1486 0 0
1487 0 0
1488 0 0
1489 0 0
1490 0 0
1491 0 0
1492 0 0
1493 0 0
1494 0 0
1495 0 0
1496 0 0
1497 0 0
1498 0 0
1499 0 0
1500 0 0
1501 0 0
1502 0 0
1503 0 0
1504 0 0
1505 0 0
1506 0 0
1507 0 0
1508 0 0
1509 0 0
1510 0 0
1511 0 0
1512 0 0
1513 0 0
1514 0 0
1515 0 0
1516 0 0
1517 0 0
1518 0 0
1519 0 0
1520 0 0
1521 0 0
1522 0 0
1523 0 0
1524 0 0
1525 0 0
1526 0 0
1527 0 0
1528 0 0
1529 0 0
1530 0 0
1531 0 0
1532 0 0
1533 0 0
1534 0 0
1535 0 0
1536 0 0
1537 0 0
1538 0 0
1539 0 0
1540 0 0
1541 0 0
1542 0 0
1543 0 0
1544 0 0
1545 0 0
1546 0 0
1547 0 0
1548 0 0
1549 0 0
1550 0 0
1551 0 0
1552 0 0
1553 0 0
1554 0 0
1555 0 0
1556 0 0
1557 0 0
1558 0 0
1559 0 0
1560 0 0
1561 0 0
1562 0 0
1563 0 0
1564 0 0
1565 0 0
1566 0 0
1567 0 0
1568 0 0
1569 0 0
1570 0 0
1571 0 0
1572 0 0
1573 0 0
1574 0 0
1575 0 0
1576 0 0
1577 0 0
1578 0 0
1579 0 0
1580 0 0
1581 0 0
1582 0 0
1583 0 0
1584 0 0
1585 0 0
1586 0 0
1587 0 0
1588 0 0
1589 0 0
1590 0 0
1591 0 0
1592 0 0
1593 0 0
1594 0 0
1595 0 0
1596 0 0
1597 0 0
1598 0 0
1599 0 0
1600 0 0

ARCS
17 16 19
16 15 5
15 14 28
14 13 6
13 12 34
12 11 12
11 10 56
10 9 8
9 8 3
8 7 1
7 6 32
6 5 3
5 4 17
4 3 8
3 2 41
2 1 30
1 41 29
41 42 30
42 43 41
43 44 8
44 45 17
45 46 3
46 47 32
47 48 1
48 49 3
49 50 8
50 51 56
51 52 12
52 53 34
53 54 6
54 55 28
55 56 5
56 57 19
57 58 2
58 59 17
59 60 12
60 61 7
61 62 129
62 63 12
63 64 9
64 65 73
65 66 9
66 67 6
67 68 25
68 69 25
69 70 19
70 71 73
71 72 12
72 73 44
73 74 55
74 75 9
75 76 26
76 77 6
77 78 33
78 79 49
79 80 17
80 40 29
40 39 17
39 38 49
38 37 33
37 36 6
36 35 26
35 34 9
34 33 55
33 32 44
32 31 12
31 30 73
30 29 19
29 28 25
28 27 25
27 26 6
26 25 9
25 24 73
24 23 9
23 22 12
22 21 129
21 20 7
20 19 12
19 18 17
18 17 2
17 57 29
57 97 2
97 96 19
96 95 5
95 94 28
94 93 6
93 92 34
92 91 12
91 90 56
90 89 8
89 88 3
88 87 1
87 86 32
86 85 3
85 84 17
84 83 8
83 82 41
82 81 30
81 41 2
81 121 16
121 122 30
122 123 41
123 124 8
124 125 17
125 126 3
126 127 32
127 128 1
128 129 3
129 130 8
130 131 56
131 132 12
132 133 34
133 134 6
134 135 28
135 136 5
136 137 19
137 138 2
138 139 17
139 140 12
140 141 7
141 142 129
142 143 12
143 144 9
144 145 73
145 146 9
146 147 6
147 148 25
148 149 25
149 150 19
150 151 73
151 152 12
152 153 44
153 154 55
154 155 9
155 156 26
156 157 6
157 158 33
158 159 49
159 160 17
160 120 16
120 119 17
119 118 49
118 117 33
117 116 6
116 115 26
115 114 9
114 113 55
113 112 44
112 111 12
111 110 73
110 109 19
109 108 25
108 107 25
107 106 6
106 105 9
105 104 73
104 103 9
103 102 12
102 101 129
101 100 7
100 99 12
99 98 17
98 97 2
97 137 16
137 177 2
177 176 19
176 175 5
175 174 28
174 173 6
173 172 34
172 171 12
171 170 56
170 169 8
169 168 3
168 167 1
167 166 32
166 165 3
165 164 17
164 163 8
163 162 41
162 161 30
161 121 2
161 201 8
201 202 30
202 203 41
203 204 8
204 205 17
205 206 3
206 207 32
207 208 1
208 209 3
209 210 8
210 211 56
211 212 12
212 213 34
213 214 6
214 215 28
215 216 5
216 217 19
217 218 2
218 219 17
219 220 12
220 221 7
221 222 129
222 223 12
223 224 9
224 225 73
225 226 9
226 227 6
227 228 25
228 229 25
229 230 19
230 231 73
231 232 12
232 233 44
233 234 55
234 235 9
235 236 26
236 237 6
237 238 33
238 239 49
239 240 17
240 200 8
200 199 17
199 198 49
198 197 33
197 196 6
196 195 26
195 194 9
194 193 55
193 192 44
192 191 12
191 190 73
190 189 19
189 188 25
188 187 25
187 186 6
186 185 9
185 184 73
184 183 9
183 182 12
182 181 129
181 180 7
180 179 12
179 178 17
178 177 2
177 217 8
217 257 18
257 256 19
256 255 5
255 254 28
254 253 6
253 252 34
252 251 12
251 250 56
250 249 8
249 248 3
248 247 1
247 246 32
246 245 3
245 244 17
244 243 8
243 242 41
242 241 30
241 201 18
241 281 53
281 282 30
282 283 41
283 284 8
284 285 17
285 286 3
286 287 32
287 288 1
288 289 3
289 290 8
290 291 56
291 292 12
292 293 34
293 294 6
294 295 28
295 296 5
296 297 19
297 298 2
298 299 17
299 300 12
300 301 7
301 302 129
302 303 12
303 304 9
304 305 73
305 306 9
306 307 6
307 308 25
308 309 25
309 310 19
310 311 73
311 312 12
312 313 44
313 314 55
314 315 9
315 316 26
316 317 6
317 318 33
318 319 49
319 320 17
320 280 53
280 279 17
279 278 49
278 277 33
277 276 6
276 275 26
275 274 9
274 273 55
273 272 44
272 271 12
271 270 73
270 269 19
269 268 25
268 267 25
267 266 6
266 265 9
265 264 73
264 263 9
263 262 12
262 261 129
261 260 7
260 259 12
259 258 17
258 257 2
257 297 53
297 337 14
337 336 19
336 335 5
335 334 28
334 333 6
333 332 34
332 331 12
331 330 56
330 329 8
329 328 3
328 327 1
327 326 32
326 325 3
325 324 17
324 323 8
323 322 41
322 321 30
321 281 14
321 361 14
361 362 30
362 363 41
363 364 8
364 365 17
365 366 3
366 367 32
367 368 1
368 369 3
369 370 8
370 371 56
371 372 12
372 373 34
373 374 6
374 375 28
375 376 5
376 377 19
377 378 2
378 379 17
379 380 12
380 381 7
381 382 129
382 383 12
383 384 9
384 385 73
385 386 9
386 387 6
387 388 25
388 389 25
389 390 19
390 391 73
391 392 12
392 393 44
393 394 55
394 395 9
395 396 26
396 397 6
397 398 33
398 399 49
399 400 17
400 360 14
360 359 17
359 358 49
358 357 33
357 356 6
356 355 26
355 354 9
354 353 55
353 352 44
352 351 12
351 350 73
350 349 19
349 348 25
348 347 25
347 346 6
346 345 9
345 344 73
344 343 9
343 342 12
342 341 129
341 340 7
340 339 12
339 338 17
338 337 2
337 377 14
377 417 4
417 416 19
416 415 5
415 414 28
414 413 6
413 412 34
412 411 12
411 410 56
410 409 8
409 408 3
408 407 1
407 406 32
406 405 3
405 404 17
404 403 8
403 402 41
402 401 30
401 361 4
401 441 37
441 442 30
442 443 41
443 444 8
444 445 17
445 446 3
446 447 32
447 448 1
448 449 3
449 450 8
450 451 56
451 452 12
452 453 34
453 454 6
454 455 28
455 456 5
456 457 19
457 458 2
458 459 17
459 460 12
460 461 7
461 462 129
462 463 12
463 464 9
464 465 73
465 466 9
466 467 6
467 468 25
468 469 25
469 470 19
470 471 73
471 472 12
472 473 44
473 474 55
474 475 9
475 476 26
476 477 6
477 478 33
478 479 49
479 480 17
480 440 37
440 439 17
439 438 49
438 437 33
437 436 6
436 435 26
435 434 9
434 433 55
433 432 44
432 431 12
431 430 73
430 429 19
429 428 25
428 427 25
427 426 6
426 425 9
425 424 73
424 423 9
423 422 12
422 421 129
421 420 7
420 419 12
419 418 17
418 417 2
417 457 37
457 497 49
497 496 19
496 495 5
495 494 28
494 493 6
493 492 34
492 491 12
491 490 56
490 489 8
489 488 3
488 487 1
487 486 32
486 485 3
485 484 17
484 483 8
483 482 41
482 481 30
481 441 49
481 521 42
521 522 30
522 523 41
523 524 8
524 525 17
525 526 3
526 527 32
527 528 1
528 529 3
529 530 8
530 531 56
531 532 12
532 533 34
533 534 6
534 535 28
535 536 5
536 537 19
537 538 2
538 539 17
539 540 12
540 541 7
541 542 129
542 543 12
543 544 9
544 545 73
545 546 9
546 547 6
547 548 25
548 549 25
549 550 19
550 551 73
551 552 12
552 553 44
553 554 55
554 555 9
555 556 26
556 557 6
557 558 33
558 559 49
559 560 17
560 520 42
520 519 17
519 518 49
518 517 33
517 1255 6
1255 515 26
515 514 9
514 513 55
513 512 44
512 511 12
511 510 73
510 895 19
895 508 25
508 507 25
507 506 6
506 505 9
505 504 73
504 503 9
503 502 12
502 575 129
575 500 7
500 499 12
499 498 17
498 497 2
497 537 42
537 577 20
577 576 19
576 575 5
575 574 28
574 573 6
573 572 34
572 571 12
571 570 56
570 569 8
569 568 3
568 567 1
567 566 32
566 565 3
565 564 17
564 563 8
563 562 41
562 561 30
561 521 20
561 601 3
601 602 30
602 603 41
603 604 8
604 605 17
605 606 3
606 607 32
607 608 1
608 609 3
609 610 8
610 611 56
611 612 12
612 613 34
613 614 6
614 615 28
615 616 5
616 617 19
617 618 2
618 619 17
619 620 12
620 621 7
621 622 129
622 623 12
623 624 9
624 625 73
625 626 9
626 627 6
627 628 25
628 629 25
629 630 19
630 631 73
631 632 12
632 633 44
633 634 55
634 635 9
635 636 26
636 637 6
637 638 33
638 639 49
639 640 17
640 600 3
600 599 17
599 598 49
598 597 33
597 1261 6
1261 595 26
595 594 9
594 593 55
593 592 44
592 591 12
591 590 73
590 901 19
901 588 25
588 587 25
587 586 6
586 585 9
585 584 73
584 583 9
583 582 12
582 581 129
581 580 7
580 579 12
579 578 17
578 577 2
577 617 3
617 657 64
657 656 19
656 655 5
655 654 28
654 653 6
653 652 34
652 651 12
651 650 56
650 649 8
649 648 3
648 647 1
647 646 32
646 645 3
645 644 17
644 643 8
643 642 41
642 641 30
641 601 64
641 681 1
681 682 30
682 683 41
683 684 8
684 685 17
685 686 3
686 687 32
687 688 1
688 689 3
689 690 8
690 691 56
691 692 12
692 693 34
693 694 6
694 695 28
695 696 5
696 697 19
697 698 2
698 699 17
699 700 12
700 701 7
701 702 129
702 703 12
703 704 9
704 705 73
705 706 9
706 707 6
707 708 25
708 709 25
709 710 19
710 711 73
711 712 12
712 713 44
713 714 55
714 715 9
715 716 26
716 717 6
717 718 33
718 719 49
719 720 17
720 680 1
680 679 17
679 678 49
678 677 33
677 676 6
676 675 26
675 674 9
674 673 55
673 672 44
672 671 12
671 670 73
670 669 19
669 668 25
668 667 25
667 666 6
666 665 9
665 664 73
664 663 9
663 662 12
662 661 129
661 660 7
660 659 12
659 658 17
658 657 2
657 697 1
697 737 21
737 736 19
736 735 5
735 734 28
734 733 6
733 732 34
732 731 12
731 730 56
730 729 8
729 728 3
728 727 1
727 726 32
726 725 3
725 724 17
724 723 8
723 722 41
722 721 30
721 681 21
721 761 30
761 762 30
762 763 41
763 764 8
764 765 17
765 766 3
766 767 32
767 768 1
768 769 3
769 770 8
770 771 56
771 772 12
772 773 34
773 774 6
774 775 28
775 776 5
776 777 19
777 778 2
778 779 17
779 780 12
780 781 7
781 782 129
782 783 12
783 784 9
784 785 73
785 786 9
786 787 6
787 788 25
788 789 25
789 790 19
790 791 73
791 792 12
792 793 44
793 794 55
794 795 9
795 796 26
796 797 6
797 798 33
798 799 49
799 800 17
800 760 30
760 759 17
759 758 49
758 757 33
757 756 6
756 755 26
755 754 9
754 753 55
753 752 44
752 751 12
751 750 73
750 749 19
749 748 25
748 747 25
747 746 6
746 745 9
745 744 73
744 743 9
743 742 12
742 741 129
741 740 7
740 739 12
739 738 17
738 737 2
737 777 30
777 817 140
817 816 19
816 815 5
815 814 28
814 813 6
813 812 34
812 811 12
811 810 56
810 809 8
809 808 3
808 807 1
807 806 32
806 805 3
805 804 17
804 803 8
803 802 41
802 801 30
801 761 140
801 841 5
841 842 30
842 843 41
843 844 8
844 845 17
845 846 3
846 847 32
847 848 1
848 849 3
849 850 8
850 851 56
851 852 12
852 853 34
853 854 6
854 855 28
855 856 5
856 857 19
857 858 2
858 859 17
859 860 12
860 861 7
861 862 129
862 863 12
863 864 9
864 865 73
865 866 9
866 867 6
867 868 25
868 869 25
869 870 19
870 871 73
871 872 12
872 873 44
873 874 55
874 875 9
875 876 26
876 877 6
877 878 33
878 879 49
879 880 17
880 840 5
840 839 17
839 838 49
838 837 33
837 836 6
836 835 26
835 834 9
834 833 55
833 832 44
832 831 12
831 830 73
830 829 19
829 828 25
828 827 25
827 826 6
826 825 9
825 824 73
824 823 9
823 822 12
822 821 129
821 820 7
820 819 12
819 818 17
818 817 2
817 857 5
857 897 24
897 896 19
896 895 5
895 894 28
894 893 6
893 892 34
892 891 12
891 890 56
890 889 8
889 888 3
888 887 1
887 886 32
886 885 3
885 884 17
884 883 8
883 882 41
882 881 30
881 841 24
881 921 16
921 922 30
922 923 41
923 924 8
924 925 17
925 926 3
926 927 32
927 928 1
928 929 3
929 930 8
930 931 56
931 932 12
932 933 34
933 934 6
934 935 28
935 936 5
936 937 19
937 938 2
938 939 17
939 940 12
940 941 7
941 942 129
942 943 12
943 944 9
944 945 73
945 946 9
946 947 6
947 948 25
948 949 25
949 950 19
950 951 73
951 952 12
952 953 44
953 954 55
954 955 9
955 956 26
956 957 6
957 958 33
958 959 49
959 960 17
960 920 16
920 919 17
919 918 49
918 917 33
917 1269 6
1269 915 26
915 914 9
914 913 55
913 912 44
912 911 12
911 910 73
910 909 19
909 908 25
908 907 25
907 906 6
906 905 9
905 904 73
904 903 9
903 902 12
902 901 129
901 900 7
900 899 12
899 898 17
898 897 2
897 937 16
937 977 19
977 976 19
976 975 5
975 974 28
974 973 6
973 972 34
972 971 12
971 970 56
970 969 8
969 968 3
968 967 1
967 966 32
966 965 3
965 964 17
964 963 8
963 962 41
962 961 30
961 921 19
961 1001 100
1001 1002 30
1002 1003 41
1003 1004 8
1004 1005 17
1005 1006 3
1006 1007 32
1007 1008 1
1008 1009 3
1009 1010 8
1010 1011 56
1011 1012 12
1012 1013 34
1013 1014 6
1014 1015 28
1015 1016 5
1016 1017 19
1017 1018 2
1018 1019 17
1019 1020 12
1020 1021 7
1021 1022 129
1022 1023 12
1023 1024 9
1024 1025 73
1025 1026 9
1026 1027 6
1027 1028 25
1028 1029 25
1029 1030 19
1030 1031 73
1031 1032 12
1032 1033 44
1033 1034 55
1034 1035 9
1035 1036 26
1036 1037 6
1037 1038 33
1038 1039 49
1039 1040 17
1040 1000 100
1000 999 17
999 998 49
998 997 33
997 996 6
996 995 26
995 994 9
994 993 55
993 992 44
992 991 12
991 990 73
990 989 19
989 988 25
988 987 25
987 986 6
986 985 9
985 984 73
984 983 9
983 982 12
982 981 129
981 980 7
980 979 12
979 978 17
978 977 2
977 1017 100
1017 1057 8
1057 1056 19
1056 1055 5
1055 1054 28
1054 1053 6
1053 1052 34
1052 1051 12
1051 1050 56
1050 1049 8
1049 1048 3
1048 1047 1
1047 1046 32
1046 1045 3
1045 1044 17
1044 1043 8
1043 1042 41
1042 1041 30
1041 1001 8
1041 1081 15
1081 1082 30
1082 1083 41
1083 1084 8
1084 1085 17
1085 1086 3
1086 1087 32
1087 1088 1
1088 1089 3
1089 1090 8
1090 1091 56
1091 1092 12
1092 1093 34
1093 1094 6
1094 1095 28
1095 1096 5
1096 1097 19
1097 1098 2
1098 1099 17
1099 1100 12
1100 1101 7
1101 1102 129
1102 1103 12
1103 1104 9
1104 1105 73
1105 1106 9
1106 1107 6
1107 1108 25
1108 1109 25
1109 1110 19
1110 1111 73
1111 1112 12
1112 1113 44
1113 1114 55
1114 1115 9
1115 1116 26
1116 1117 6
1117 1118 33
1118 1119 49
1119 1120 17
1120 1080 15
1080 1079 17
1079 1078 49
1078 1077 33
1077 1076 6
1076 1075 26
1075 1074 9
1074 1073 55
1073 1072 44
1072 1071 12
1071 1070 73
1070 1069 19
1069 1068 25
1068 1067 25
1067 1066 6
1066 1065 9
1065 1064 73
1064 1063 9
1063 1062 12
1062 1061 129
1061 1060 7
1060 1059 12
1059 1058 17
1058 1057 2
1057 1097 15
1097 1137 25
1137 1136 19
1136 1135 5
1135 1134 28
1134 1133 6
1133 1132 34
1132 1131 12
1131 1130 56
1130 1129 8
1129 1128 3
1128 1127 1
1127 1126 32
1126 1125 3
1125 1124 17
1124 1123 8
1123 1122 41
1122 1121 30
1121 1081 25
1121 1161 31
1161 1162 30
1162 1163 41
1163 1164 8
1164 1165 17
1165 1166 3
1166 1167 32
1167 1168 1
1168 1169 3
1169 1170 8
1170 1171 56
1171 1172 12
1172 1173 34
1173 1174 6
1174 1175 28
1175 1176 5
1176 1177 19
1177 1178 2
1178 1179 17
1179 1180 12
1180 1181 7
1181 1182 129
1182 1183 12
1183 1184 9
1184 1185 73
1185 1186 9
1186 1187 6
1187 1188 25
1188 1189 25
1189 1190 19
1190 1191 73
1191 1192 12
1192 1193 44
1193 1194 55
1194 1195 9
1195 1196 26
1196 1197 6
1197 1198 33
1198 1199 49
1199 1200 17
1200 1160 31
1160 1159 17
1159 1158 49
1158 1157 33
1157 1156 6
1156 1155 26
1155 1154 9
1154 1153 55
1153 1152 44
1152 1151 12
1151 1150 73
1150 1149 19
1149 1148 25
1148 1147 25
1147 1146 6
1146 1145 9
1145 1144 73
1144 1143 9
1143 1142 12
1142 1141 129
1141 1140 7
1140 1139 12
1139 1138 17
1138 1137 2
1137 1177 31
1177 1217 21
1217 1216 19
1216 1215 5
1215 1214 28
1214 1213 6
1213 1212 34
1212 1211 12
1211 1210 56
1210 1209 8
1209 1208 3
1208 1207 1
1207 1206 32
1206 1205 3
1205 1204 17
1204 1203 8
1203 1202 41
1202 1201 30
1201 1161 21
1201 1241 3
1241 1242 30
1242 1243 41
1243 1244 8
1244 1245 17
1245 1246 3
1246 1247 32
1247 1248 1
1248 1249 3
1249 1250 8
1250 1251 56
1251 1252 12
1252 1253 34
1253 1254 6
1254 1255 28
1255 1256 5
1256 1257 19
1257 1258 2
1258 1259 17
1259 1260 12
1260 1261 7
1261 1262 129
1262 1263 12
1263 1264 9
1264 1265 73
1265 1266 9
1266 1267 6
1267 1268 25
1268 1269 25
1269 1270 19
1270 1271 73
1271 1272 12
1272 1273 44
1273 1274 55
1274 1275 9
1275 1276 26
1276 1277 6
1277 1278 33
1278 1279 49
1279 1280 17
1280 1240 3
1240 1239 17
1239 1238 49
1238 1237 33
1237 1236 6
1236 1235 26
1235 1234 9
1234 1233 55
1233 1232 44
1232 1231 12
1231 1230 73
1230 1229 19
1229 1228 25
1228 1227 25
1227 1226 6
1226 1225 9
1225 1224 73
1224 1223 9
1223 1222 12
1222 1221 129
1221 1220 7
1220 1219 12
1219 1218 17
1218 1217 2
1217 1257 3
1257 1297 12
1297 1296 19
1296 1295 5
1295 1294 28
1294 1293 6
1293 1292 34
1292 1291 12
1291 1290 56
1290 1289 8
1289 1288 3
1288 1287 1
1287 1286 32
1286 1285 3
1285 1284 17
1284 1283 8
1283 1282 41
1282 1281 30
1281 1241 12
1281 1321 31
1321 1322 30
1322 1323 41
1323 1324 8
1324 1325 17
1325 1326 3
1326 1327 32
1327 1328 1
1328 1329 3
1329 1330 8
1330 1331 56
1331 1332 12
1332 1333 34
1333 1334 6
1334 1335 28
1335 1336 5
1336 1337 19
1337 1338 2
1338 1339 17
1339 1340 12
1340 1341 7
1341 1342 129
1342 1343 12
1343 1344 9
1344 1345 73
1345 1346 9
1346 1347 6
1347 1348 25
1348 1349 25
1349 1350 19
1350 1351 73
1351 1352 12
1352 1353 44
1353 1354 55
1354 1355 9
1355 1356 26
1356 1357 6
1357 1358 33
1358 1359 49
1359 1360 17
1360 1320 31
1320 1319 17
1319 1318 49
1318 1317 33
1317 1316 6
1316 1315 26
1315 1314 9
1314 1313 55
1313 1312 44
1312 1311 12
1311 1310 73
1310 1309 19
1309 1308 25
1308 1307 25
1307 1306 6
1306 1305 9
1305 1304 73
1304 1303 9
1303 1302 12
1302 1301 129
1301 1300 7
1300 1299 12
1299 1298 17
1298 1297 2
1297 1337 31
1337 1377 1
1377 1376 19
1376 1375 5
1375 1374 28
1374 1373 6
1373 1372 34
1372 1371 12
1371 1370 56
1370 1369 8
1369 1368 3
1368 1367 1
1367 1366 32
1366 1365 3
1365 1364 17
1364 1363 8
1363 1362 41
1362 1361 30
1361 1321 1
1361 1401 33
1401 1402 30
1402 1403 41
1403 1404 8
1404 1405 17
1405 1406 3
1406 1407 32
1407 1408 1
1408 1409 3
1409 1410 8
1410 1411 56
1411 1412 12
1412 1413 34
1413 1414 6
1414 1415 28
1415 1416 5
1416 1417 19
1417 1418 2
1418 1419 17
1419 1420 12
1420 1421 7
1421 1422 129
1422 1423 12
1423 1424 9
1424 1425 73
1425 1426 9
1426 1427 6
1427 1428 25
1428 1429 25
1429 1430 19
1430 1431 73
1431 1432 12
1432 1433 44
1433 1434 55
1434 1435 9
1435 1436 26
1436 1437 6
1437 1438 33
1438 1439 49
1439 1440 17
1440 1400 33
1400 1399 17
1399 1398 49
1398 1397 33
1397 1396 6
1396 1395 26
1395 1394 9
1394 1393 55
1393 1392 44
1392 1391 12
1391 1390 73
1390 1389 19
1389 1388 25
1388 1387 25
1387 1386 6
1386 1385 9
1385 1384 73
1384 1383 9
1383 1382 12
1382 1381 129
1381 1380 7
1380 1379 12
1379 1378 17
1378 1377 2
1377 1417 33
1417 1457 9
1457 1456 19
1456 1455 5
1455 1454 28
1454 1453 6
1453 1452 34
1452 1451 12
1451 1450 56
1450 1449 8
1449 1448 3
1448 1447 1
1447 1446 32
1446 1445 3
1445 1444 17
1444 1443 8
1443 1442 41
1442 1441 30
1441 1401 9
1441 1481 16
1481 1482 30
1482 1483 41
1483 1484 8
1484 1485 17
1485 1486 3
1486 1487 32
1487 1488 1
1488 1489 3
1489 1490 8
1490 1491 56
1491 1492 12
1492 1493 34
1493 1494 6
1494 1495 28
1495 1496 5
1496 1497 19
1497 1498 2
1498 1499 17
1499 1500 12
1500 1501 7
1501 1502 129
1502 1503 12
1503 1504 9
1504 1505 73
1505 1506 9
1506 1507 6
1507 1508 25
1508 1509 25
1509 1510 19
1510 1511 73
1511 1512 12
1512 1513 44
1513 1514 55
1514 1515 9
1515 1516 26
1516 1517 6
1517 1518 33
1518 1519 49
1519 1520 17
1520 1480 16
1480 1479 17
1479 1478 49
1478 1477 33
1477 1476 6
1476 1475 26
1475 1474 9
1474 1473 55
1473 1472 44
1472 1471 12
1471 1470 73
1470 1469 19
1469 1468 25
1468 1467 25
1467 1466 6
1466 1465 9
1465 1464 73
1464 1463 9
1463 1462 12
1462 1461 129
1461 1460 7
1460 1459 12
1459 1458 17
1458 1457 2
1457 1497 16
1497 1537 5
1537 1536 19
1536 1535 5
1535 1534 28
1534 1533 6
1533 1532 34
1532 1531 12
1531 1530 56
1530 1529 8
1529 1528 3
1528 1527 1
1527 1526 32
1526 1525 3
1525 1524 17
1524 1523 8
1523 1522 41
1522 1521 30
1521 1481 5
1521 1561 1
1561 1562 30
1562 1563 41
1563 1564 8
1564 1565 17
1565 1566 3
1566 1567 32
1567 1568 1
1568 1569 3
1569 1570 8
1570 1571 56
1571 1572 12
1572 1573 34
1573 1574 6
1574 1575 28
1575 1576 5
1576 1577 19
1577 1578 2
1578 1579 17
1579 1580 12
1580 1581 7
1581 1582 129
1582 1583 12
1583 1584 9
1584 1585 73
1585 1586 9
1586 1587 6
1587 1588 25
1588 1589 25
1589 1590 19
1590 1591 73
1591 1592 12
1592 1593 44
1593 1594 55
1594 1595 9
1595 1596 26
1596 1597 6
1597 1598 33
1598 1599 49
1599 1600 17
1600 1560 1
1560 1559 17
1559 1558 49
1558 1557 33
1557 1556 6
1556 1555 26
1555 1554 9
1554 1553 55
1553 1552 44
1552 1551 12
1551 1550 73
1550 1549 19
1549 1548 25
1548 1547 25
1547 1546 6
1546 1545 9
1545 1544 73
1544 1543 9
1543 1542 12
1542 1541 129
1541 1540 7
1540 1539 12
1539 1538 17
1538 1537 2
1537 1577 1
1538 1498 5
1498 1458 16
1458 1418 9
1418 1378 33
1378 1338 1
1338 1298 31
1298 1258 12
1258 1218 3
1218 1178 21
1178 1138 31
1138 1098 25
1098 1058 15
1058 1018 8
1018 978 100
978 938 19
938 898 16
898 858 24
858 818 5
818 778 140
778 738 30
738 698 21
698 658 1
658 618 64
618 578 3
578 538 20
538 498 42
498 458 49
458 418 37
418 378 4
378 338 14
338 298 14
298 258 53
258 218 18
218 178 8
178 138 2
138 98 16
98 58 2
58 18 29
1538 1578 1
1539 1499 5
1499 1459 16
1459 1419 9
1419 1379 33
1379 1339 1
1339 1299 31
1299 1259 12
1259 1219 3
1219 1179 21
1179 1139 31
1139 1099 25
1099 1059 15
1059 1019 8
1019 979 100
979 939 19
939 899 16
899 859 24
859 819 5
819 779 140
779 739 30
739 699 21
699 659 1
659 619 64
619 579 3
579 539 20
539 499 42
499 459 49
459 419 37
419 379 4
379 339 14
339 299 14
299 259 53
259 219 18
219 179 8
179 139 2
139 99 16
99 59 2
59 19 29
1539 1579 1
1540 1500 5
1500 1460 16
1460 1420 9
1420 1380 33
1380 1340 1
1340 1300 31
1300 1260 12
1260 1220 3
1220 1180 21
1180 1140 31
1140 1100 25
1100 1060 15
1060 1020 8
1020 980 100
980 940 19
940 900 16
900 860 24
860 820 5
820 780 140
780 740 30
740 700 21
700 660 1
660 620 64
620 580 3
580 540 20
540 500 42
500 460 49
460 420 37
420 380 4
380 340 14
340 300 14
300 260 53
260 220 18
220 180 8
180 140 2
140 100 16
100 60 2
60 20 29
1540 1580 1
1541 1501 5
1501 1461 16
1461 1421 9
1421 1381 33
1381 1341 1
1341 1301 31
1301 1261 12
1261 1221 3
1221 1181 21
1181 1141 31
1141 1101 25
1101 1061 15
1061 1021 8
1021 981 100
981 941 19
941 901 16
901 861 24
861 821 5
821 781 140
781 741 30
741 701 21
701 661 1
661 621 64
621 581 3
581 541 20
541 575 42
575 535 20
535 495 42
495 455 49
455 415 37
415 375 4
375 335 14
335 295 14
295 255 53
255 215 18
215 175 8
175 135 2
135 95 16
95 55 2
55 15 29
575 615 3
615 655 64
655 695 1
695 735 21
735 775 30
775 815 140
815 855 5
855 895 24
895 935 16
935 975 19
975 1015 100
1015 1055 8
1055 1095 15
1095 1135 25
1135 1175 31
1175 1215 21
1215 1255 3
1255 1295 12
1295 1335 31
1335 1375 1
1375 1415 33
1415 1455 9
1455 1495 16
1495 1535 5
1535 1575 1
1255 476 49
476 436 37
436 396 4
396 356 14
356 316 14
316 276 53
276 236 18
236 196 8
196 156 2
156 116 16
116 76 2
76 36 29
1255 556 42
556 1261 20
1261 636 3
636 676 64
676 716 1
716 756 21
756 796 30
796 836 140
836 876 5
876 1269 24
1269 1229 3
1229 1189 21
1189 1149 31
1149 1109 25
1109 1069 15
1069 1029 8
1029 989 100
989 949 19
949 909 16
909 869 24
869 829 5
829 789 140
789 749 30
749 709 21
709 669 1
669 629 64
629 901 3
901 549 20
549 895 42
895 469 49
469 429 37
429 389 4
389 349 14
349 309 14
309 269 53
269 229 18
229 189 8
189 149 2
149 109 16
109 69 2
69 29 29
1269 1309 12
1309 1349 31
1349 1389 1
1389 1429 33
1429 1469 9
1469 1509 16
1509 1549 5
1549 1589 1
1269 956 16
956 996 19
996 1036 100
1036 1076 8
1076 1116 15
1116 1156 25
1156 1196 31
1196 1236 21
1236 1276 3
1276 1316 12
1316 1356 31
1356 1396 1
1396 1436 33
1436 1476 9
1476 1516 16
1516 1556 5
1556 1596 1
575 461 49
461 421 37
421 381 4
381 341 14
341 301 14
301 261 53
261 221 18
221 181 8
181 141 2
141 101 16
101 61 2
61 21 29
1541 1581 1
1542 1502 5
1502 1462 16
1462 1422 9
1422 1382 33
1382 1342 1
1342 1302 31
1302 1262 12
1262 1222 3
1222 1182 21
1182 1142 31
1142 1102 25
1102 1062 15
1062 1022 8
1022 982 100
982 942 19
942 902 16
902 862 24
862 822 5
822 782 140
782 742 30
742 702 21
702 662 1
662 622 64
622 582 3
582 542 20
542 502 42
502 462 49
462 422 37
422 382 4
382 342 14
342 302 14
302 262 53
262 222 18
222 182 8
182 142 2
142 102 16
102 62 2
62 22 29
1542 1582 1
1543 1503 5
1503 1463 16
1463 1423 9
1423 1383 33
1383 1343 1
1343 1303 31
1303 1263 12
1263 1223 3
1223 1183 21
1183 1143 31
1143 1103 25
1103 1063 15
1063 1023 8
1023 983 100
983 943 19
943 903 16
903 863 24
863 823 5
823 783 140
783 743 30
743 703 21
703 663 1
663 623 64
623 583 3
583 543 20
543 503 42
503 463 49
463 423 37
423 383 4
383 343 14
343 303 14
303 263 53
263 223 18
223 183 8
183 143 2
143 103 16
103 63 2
63 23 29
1543 1583 1
1544 1504 5
1504 1464 16
1464 1424 9
1424 1384 33
1384 1344 1
1344 1304 31
1304 1264 12
1264 1224 3
1224 1184 21
1184 1144 31
1144 1104 25
1104 1064 15
1064 1024 8
1024 984 100
984 944 19
944 904 16
904 864 24
864 824 5
824 784 140
784 744 30
744 704 21
704 664 1
664 624 64
624 584 3
584 544 20
544 504 42
504 464 49
464 424 37
424 384 4
384 344 14
344 304 14
304 264 53
264 224 18
224 184 8
184 144 2
144 104 16
104 64 2
64 24 29
1544 1584 1
1545 1505 5
1505 1465 16
1465 1425 9
1425 1385 33
1385 1345 1
1345 1305 31
1305 1265 12
1265 1225 3
1225 1185 21
1185 1145 31
1145 1105 25
1105 1065 15
1065 1025 8
1025 985 100
985 945 19
945 905 16
905 865 24
865 825 5
825 785 140
785 745 30
745 705 21
705 665 1
665 625 64
625 585 3
585 545 20
545 505 42
505 465 49
465 425 37
425 385 4
385 345 14
345 305 14
305 265 53
265 225 18
225 185 8
185 145 2
145 105 16
105 65 2
65 25 29
1545 1585 1
1546 1506 5
1506 1466 16
1466 1426 9
1426 1386 33
1386 1346 1
1346 1306 31
1306 1266 12
1266 1226 3
1226 1186 21
1186 1146 31
1146 1106 25
1106 1066 15
1066 1026 8
1026 986 100
986 946 19
946 906 16
906 866 24
866 826 5
826 786 140
786 746 30
746 706 21
706 666 1
666 626 64
626 586 3
586 546 20
546 506 42
506 466 49
466 426 37
426 386 4
386 346 14
346 306 14
306 266 53
266 226 18
226 186 8
186 146 2
146 106 16
106 66 2
66 26 29
1546 1586 1
1547 1507 5
1507 1467 16
1467 1427 9
1427 1387 33
1387 1347 1
1347 1307 31
1307 1267 12
1267 1227 3
1227 1187 21
1187 1147 31
1147 1107 25
1107 1067 15
1067 1027 8
1027 987 100
987 947 19
947 907 16
907 867 24
867 827 5
827 787 140
787 747 30
747 707 21
707 667 1
667 627 64
627 587 3
587 547 20
547 507 42
507 467 49
467 427 37
427 387 4
387 347 14
347 307 14
307 267 53
267 227 18
227 187 8
187 147 2
147 107 16
107 67 2
67 27 29
1547 1587 1
1548 1508 5
1508 1468 16
1468 1428 9
1428 1388 33
1388 1348 1
1348 1308 31
1308 1268 12
1268 1228 3
1228 1188 21
1188 1148 31
1148 1108 25
1108 1068 15
1068 1028 8
1028 988 100
988 948 19
948 908 16
908 868 24
868 828 5
828 788 140
788 748 30
748 708 21
708 668 1
668 628 64
628 588 3
588 548 20
548 508 42
508 468 49
468 428 37
428 388 4
388 348 14
348 308 14
308 268 53
268 228 18
228 188 8
188 148 2
148 108 16
108 68 2
68 28 29
1548 1588 1
1550 1510 5
1510 1470 16
1470 1430 9
1430 1390 33
1390 1350 1
1350 1310 31
1310 1270 12
1270 1230 3
1230 1190 21
1190 1150 31
1150 1110 25
1110 1070 15
1070 1030 8
1030 990 100
990 950 19
950 910 16
910 870 24
870 830 5
830 790 140
790 750 30
750 710 21
710 670 1
670 630 64
630 590 3
590 550 20
550 510 42
510 470 49
470 430 37
430 390 4
390 350 14
350 310 14
310 270 53
270 230 18
230 190 8
190 150 2
150 110 16
110 70 2
70 30 29
1550 1590 1
1551 1511 5
1511 1471 16
1471 1431 9
1431 1391 33
1391 1351 1
1351 1311 31
1311 1271 12
1271 1231 3
1231 1191 21
1191 1151 31
1151 1111 25
1111 1071 15
1071 1031 8
1031 991 100
991 951 19
951 911 16
911 871 24
871 831 5
831 791 140
791 751 30
751 711 21
711 671 1
671 631 64
631 591 3
591 551 20
551 511 42
511 471 49
471 431 37
431 391 4
391 351 14
351 311 14
311 271 53
271 231 18
231 191 8
191 151 2
151 111 16
111 71 2
71 31 29
1551 1591 1
1552 1512 5
1512 1472 16
1472 1432 9
1432 1392 33
1392 1352 1
1352 1312 31
1312 1272 12
1272 1232 3
1232 1192 21
1192 1152 31
1152 1112 25
1112 1072 15
1072 1032 8
1032 992 100
992 952 19
952 912 16
912 872 24
872 832 5
832 792 140
792 752 30
752 712 21
712 672 1
672 632 64
632 592 3
592 552 20
552 512 42
512 472 49
472 432 37
432 392 4
392 352 14
352 312 14
312 272 53
272 232 18
232 192 8
192 152 2
152 112 16
112 72 2
72 32 29
1552 1592 1
1553 1513 5
1513 1473 16
1473 1433 9
1433 1393 33
1393 1353 1
1353 1313 31
1313 1273 12
1273 1233 3
1233 1193 21
1193 1153 31
1153 1113 25
1113 1073 15
1073 1033 8
1033 993 100
993 953 19
953 913 16
913 873 24
873 833 5
833 793 140
793 753 30
753 713 21
713 673 1
673 633 64
633 593 3
593 553 20
553 513 42
513 473 49
473 433 37
433 393 4
393 353 14
353 313 14
313 273 53
273 233 18
233 193 8
193 153 2
153 113 16
113 73 2
73 33 29
1553 1593 1
1554 1514 5
1514 1474 16
1474 1434 9
1434 1394 33
1394 1354 1
1354 1314 31
1314 1274 12
1274 1234 3
1234 1194 21
1194 1154 31
1154 1114 25
1114 1074 15
1074 1034 8
1034 994 100
994 954 19
954 914 16
914 874 24
874 834 5
834 794 140
794 754 30
754 714 21
714 674 1
674 634 64
634 594 3
594 554 20
554 514 42
514 474 49
474 434 37
434 394 4
394 354 14
354 314 14
314 274 53
274 234 18
234 194 8
194 154 2
154 114 16
114 74 2
74 34 29
1554 1594 1
1555 1515 5
1515 1475 16
1475 1435 9
1435 1395 33
1395 1355 1
1355 1315 31
1315 1275 12
1275 1235 3
1235 1195 21
1195 1155 31
1155 1115 25
1115 1075 15
1075 1035 8
1035 995 100
995 955 19
955 915 16
915 875 24
875 835 5
835 795 140
795 755 30
755 715 21
715 675 1
675 635 64
635 595 3
595 555 20
555 515 42
515 475 49
475 435 37
435 395 4
395 355 14
355 315 14
315 275 53
275 235 18
235 195 8
195 155 2
155 115 16
115 75 2
75 35 29
1555 1595 1
1557 1517 5
1517 1477 16
1477 1437 9
1437 1397 33
1397 1357 1
1357 1317 31
1317 1277 12
1277 1237 3
1237 1197 21
1197 1157 31
1157 1117 25
1117 1077 15
1077 1037 8
1037 997 100
997 957 19
957 917 16
917 877 24
877 837 5
837 797 140
797 757 30
757 717 21
717 677 1
677 637 64
637 597 3
597 557 20
557 517 42
517 477 49
477 437 37
437 397 4
397 357 14
357 317 14
317 277 53
277 237 18
237 197 8
197 157 2
157 117 16
117 77 2
77 37 29
1557 1597 1
1558 1518 5
1518 1478 16
1478 1438 9
1438 1398 33
1398 1358 1
1358 1318 31
1318 1278 12
1278 1238 3
1238 1198 21
1198 1158 31
1158 1118 25
1118 1078 15
1078 1038 8
1038 998 100
998 958 19
958 918 16
918 878 24
878 838 5
838 798 140
798 758 30
758 718 21
718 678 1
678 638 64
638 598 3
598 558 20
558 518 42
518 478 49
478 438 37
438 398 4
398 358 14
358 318 14
318 278 53
278 238 18
238 198 8
198 158 2
158 118 16
118 78 2
78 38 29
1558 1598 1
1559 1519 5
1519 1479 16
1479 1439 9
1439 1399 33
1399 1359 1
1359 1319 31
1319 1279 12
1279 1239 3
1239 1199 21
1199 1159 31
1159 1119 25
1119 1079 15
1079 1039 8
1039 999 100
999 959 19
959 919 16
919 879 24
879 839 5
839 799 140
799 759 30
759 719 21
719 679 1
679 639 64
639 599 3
599 559 20
559 519 42
519 479 49
479 439 37
439 399 4
399 359 14
359 319 14
319 279 53
279 239 18
239 199 8
199 159 2
159 119 16
119 79 2
79 39 29
1559 1599 1
1560 1520 5
1576 1536 1
1536 1496 5
1496 1456 16
1456 1416 9
1416 1376 33
1376 1336 1
1336 1296 31
1296 1256 12
1256 1216 3
1216 1176 21
1176 1136 31
1136 1096 25
1096 1056 15
1056 1016 8
1016 976 100
976 936 19
936 896 16
896 856 24
856 816 5
816 776 140
776 736 30
736 696 21
696 656 1
656 616 64
616 576 3
576 536 20
536 496 42
496 456 49
456 416 37
416 376 4
376 336 14
336 296 14
296 256 53
256 216 18
216 176 8
176 136 2
136 96 16
96 56 2
56 16 29
1574 1534 1
1534 1494 5
1494 1454 16
1454 1414 9
1414 1374 33
1374 1334 1
1334 1294 31
1294 1254 12
1254 1214 3
1214 1174 21
1174 1134 31
1134 1094 25
1094 1054 15
1054 1014 8
1014 974 100
974 934 19
934 894 16
894 854 24
854 814 5
814 774 140
774 734 30
734 694 21
694 654 1
654 614 64
614 574 3
574 534 20
534 494 42
494 454 49
454 414 37
414 374 4
374 334 14
334 294 14
294 254 53
254 214 18
214 174 8
174 134 2
134 94 16
94 54 2
54 14 29
1573 1533 1
1533 1493 5
1493 1453 16
1453 1413 9
1413 1373 33
1373 1333 1
1333 1293 31
1293 1253 12
1253 1213 3
1213 1173 21
1173 1133 31
1133 1093 25
1093 1053 15
1053 1013 8
1013 973 100
973 933 19
933 893 16
893 853 24
853 813 5
813 773 140
773 733 30
733 693 21
693 653 1
653 613 64
613 573 3
573 533 20
533 493 42
493 453 49
453 413 37
413 373 4
373 333 14
333 293 14
293 253 53
253 213 18
213 173 8
173 133 2
133 93 16
93 53 2
53 13 29
1572 1532 1
1532 1492 5
1492 1452 16
1452 1412 9
1412 1372 33
1372 1332 1
1332 1292 31
1292 1252 12
1252 1212 3
1212 1172 21
1172 1132 31
1132 1092 25
1092 1052 15
1052 1012 8
1012 972 100
972 932 19
932 892 16
892 852 24
852 812 5
812 772 140
772 732 30
732 692 21
692 652 1
652 612 64
612 572 3
572 532 20
532 492 42
492 452 49
452 412 37
412 372 4
372 332 14
332 292 14
292 252 53
252 212 18
212 172 8
172 132 2
132 92 16
92 52 2
52 12 29
1571 1531 1
1531 1491 5
1491 1451 16
1451 1411 9
1411 1371 33
1371 1331 1
1331 1291 31
1291 1251 12
1251 1211 3
1211 1171 21
1171 1131 31
1131 1091 25
1091 1051 15
1051 1011 8
1011 971 100
971 931 19
931 891 16
891 851 24
851 811 5
811 771 140
771 731 30
731 691 21
691 651 1
651 611 64
611 571 3
571 531 20
531 491 42
491 451 49
451 411 37
411 371 4
371 331 14
331 291 14
291 251 53
251 211 18
211 171 8
171 131 2
131 91 16
91 51 2
51 11 29
1570 1530 1
1530 1490 5
1490 1450 16
1450 1410 9
1410 1370 33
1370 1330 1
1330 1290 31
1290 1250 12
1250 1210 3
1210 1170 21
1170 1130 31
1130 1090 25
1090 1050 15
1050 1010 8
1010 970 100
970 930 19
930 890 16
890 850 24
850 810 5
810 770 140
770 730 30
730 690 21
690 650 1
650 610 64
610 570 3
570 530 20
530 490 42
490 450 49
450 410 37
410 370 4
370 330 14
330 290 14
290 250 53
250 210 18
210 170 8
170 130 2
130 90 16
90 50 2
50 10 29
1569 1529 1
1529 1489 5
1489 1449 16
1449 1409 9
1409 1369 33
1369 1329 1
1329 1289 31
1289 1249 12
1249 1209 3
1209 1169 21
1169 1129 31
1129 1089 25
1089 1049 15
1049 1009 8
1009 969 100
969 929 19
929 889 16
889 849 24
849 809 5
809 769 140
769 729 30
729 689 21
689 649 1
649 609 64
609 569 3
569 529 20
529 489 42
489 449 49
449 409 37
409 369 4
369 329 14
329 289 14
289 249 53
249 209 18
209 169 8
169 129 2
129 89 16
89 49 2
49 9 29
1568 1528 1
1528 1488 5
1488 1448 16
1448 1408 9
1408 1368 33
1368 1328 1
1328 1288 31
1288 1248 12
1248 1208 3
1208 1168 21
1168 1128 31
1128 1088 25
1088 1048 15
1048 1008 8
1008 968 100
968 928 19
928 888 16
888 848 24
848 808 5
808 768 140
768 728 30
728 688 21
688 648 1
648 608 64
608 568 3
568 528 20
528 488 42
488 448 49
448 408 37
408 368 4
368 328 14
328 288 14
288 248 53
248 208 18
208 168 8
168 128 2
128 88 16
88 48 2
48 8 29
1567 1527 1
1527 1487 5
1487 1447 16
1447 1407 9
1407 1367 33
1367 1327 1
1327 1287 31
1287 1247 12
1247 1207 3
1207 1167 21
1167 1127 31
1127 1087 25
1087 1047 15
1047 1007 8
1007 967 100
967 927 19
927 887 16
887 847 24
847 807 5
807 767 140
767 727 30
727 687 21
687 647 1
647 607 64
607 567 3
567 527 20
527 487 42
487 447 49
447 407 37
407 367 4
367 327 14
327 287 14
287 247 53
247 207 18
207 167 8
167 127 2
127 87 16
87 47 2
47 7 29
1566 1526 1
1526 1486 5
1486 1446 16
1446 1406 9
1406 1366 33
1366 1326 1
1326 1286 31
1286 1246 12
1246 1206 3
1206 1166 21
1166 1126 31
1126 1086 25
1086 1046 15
1046 1006 8
1006 966 100
966 926 19
926 886 16
886 846 24
846 806 5
806 766 140
766 726 30
726 686 21
686 646 1
646 606 64
606 566 3
566 526 20
526 486 42
486 446 49
446 406 37
406 366 4
366 326 14
326 286 14
286 246 53
246 206 18
206 166 8
166 126 2
126 86 16
86 46 2
46 6 29
1565 1525 1
1525 1485 5
1485 1445 16
1445 1405 9
1405 1365 33
1365 1325 1
1325 1285 31
1285 1245 12
1245 1205 3
1205 1165 21
1165 1125 31
1125 1085 25
1085 1045 15
1045 1005 8
1005 965 100
965 925 19
925 885 16
885 845 24
845 805 5
805 765 140
765 725 30
725 685 21
685 645 1
645 605 64
605 565 3
565 525 20
525 485 42
485 445 49
445 405 37
405 365 4
365 325 14
325 285 14
285 245 53
245 205 18
205 165 8
165 125 2
125 85 16
85 45 2
45 5 29
1564 1524 1
1524 1484 5
1484 1444 16
1444 1404 9
1404 1364 33
1364 1324 1
1324 1284 31
1284 1244 12
1244 1204 3
1204 1164 21
1164 1124 31
1124 1084 25
1084 1044 15
1044 1004 8
1004 964 100
964 924 19
924 884 16
884 844 24
844 804 5
804 764 140
764 724 30
724 684 21
684 644 1
644 604 64
604 564 3
564 524 20
524 484 42
484 444 49
444 404 37
404 364 4
364 324 14
324 284 14
284 244 53
244 204 18
204 164 8
164 124 2
124 84 16
84 44 2
44 4 29
1563 1523 1
1523 1483 5
1483 1443 16
1443 1403 9
1403 1363 33
1363 1323 1
1323 1283 31
1283 1243 12
1243 1203 3
1203 1163 21
1163 1123 31
1123 1083 25
1083 1043 15
1043 1003 8
1003 963 100
963 923 19
923 883 16
883 843 24
843 803 5
803 763 140
763 723 30
723 683 21
683 643 1
643 603 64
603 563 3
563 523 20
523 483 42
483 443 49
443 403 37
403 363 4
363 323 14
323 283 14
283 243 53
243 203 18
203 163 8
163 123 2
123 83 16
83 43 2
43 3 29
1562 1522 1
1522 1482 5
1482 1442 16
1442 1402 9
1402 1362 33
1362 1322 1
1322 1282 31
1282 1242 12
1242 1202 3
1202 1162 21
1162 1122 31
1122 1082 25
1082 1042 15
1042 1002 8
1002 962 100
962 922 19
922 882 16
882 842 24
842 802 5
802 762 140
762 722 30
722 682 21
682 642 1
642 602 64
602 562 3
562 522 20
522 482 42
482 442 49
442 402 37
402 362 4
362 322 14
322 282 14
282 242 53
242 202 18
202 162 8
162 122 2
122 82 16
82 42 2
42 2 29
1480 1440 9
1400 1360 1
1320 1280 12
1240 1200 21
1160 1120 25
1080 1040 8
1000 960 19
920 880 24
840 800 140
760 720 21
680 640 64
600 560 20
520 480 49
440 400 4
360 320 14
280 240 18
200 160 2
120 80 2

REQUESTS

BLOCKAGES
64 24
103 102
545 546
685 686
719 679
319 320
1025 985
935 975
1222 1182
669 668
270 230
489 449
1039 1040
479 480
1083 1084
114 74
813 812
978 938
1466 1426
1004 964
453 413
583 543
561 521
204 164
747 746
1176 1177
1030 990
848 808
1106 1107
1181 1182
736 735
613 614
1342 1302
948 908
1169 1129
1507 1508
195 155
398 358
217 257
237 238
976 936
547 548
1052 1051
76 77
693 653
1408 1368
511 510
795 755
774 775
770 730
1101 1061
1378 1377
1066 1065
908 907
833 832
244 243
1024 984
811 810
901 549
1202 1201
967 927
800 760
682 683
592 552
668 628
1292 1291
1303 1263
1417 1418
854 814
567 527
230 231
383 343
112 111
1132 1092
1531 1530
976 975
1214 1174
597 1261
30 29
139 99
421 381
401 361
1068 1067
1396 1436
524 484
1095 1096
1131 1130
1096 1097
1322 1282
704 664
675 674
1514 1474
707 708
540 500
32 31
1437 1438
1044 1043
416 376
663 623
993 992
895 469
531 532
188 187
840 839
818 778
1232 1192
240 200
965 964
613 573
1177 1217
530 490
160 120
899 898
910 909
1328 1288
1229 1189
1451 1450
1077 1076
1340 1341
426 425
1315 1314
1245 1246
180 140
157 158
897 937
989 949
1254 1255
1058 1057
404 403
1195 1155
917 1269
123 124
478 479
1579 1580
664 624
489 488
643 642
470 430
113 112
1279 1280
1418 1419
452 412
1461 1421
171 170
933 934
176 175
586 585
1432 1433
817 816
1325 1326
1133 1093
841 842
517 1255
1141 1140
765 766
488 448
1261 595
1101 1102
952 912
1299 1298
580 579
312 272
1208 1168
1491 1492
753 752
1304 1303
309 269
1484 1485
88 87
905 865
245 244
725 724
636 637
1546 1506
1097 1098
249 248
1458 1457
1449 1448
1074 1034
288 289
920 880
1563 1564
439 438
691 692
1547 1546
1000 960
107 67
1145 1105
1366 1365
941 942
860 861
1118 1078
963 923
1055 1054
1374 1334
1103 1063
168 128
452 453
1412 1372
923 883
1410 1370
768 769
829 828
884 844
154 155
161 121
502 575
386 346
681 682
1179 1180
673 672
117 77
85 45
672 671
1298 1258
1332 1333
405 404
1430 1390
131 132
1412 1413
980 979
1116 1117
886 885
715 675
1209 1208
421 420
347 307
471 431
959 919
1456 1455
1114 1074
757 756
439 399
1221 1181
384 344
819 818
850 810
463 423
410 370
917 877
543 544
212 213
1550 1510
208 168
449 450
1518 1519
273 272
1006 1007
1308 1268
1363 1323
716 756
203 163
732 731
1165 1166
221 222
1373 1372
1224 1223
1448 1447
1382 1342
1320 1319
1117 1118
1515 1475
73 33
63 64
318 278
1329 1330
1428 1429
1231 1230
846 806
365 325
987 947
1284 1283
383 384
660 620
1478 1438
394 395
1037 997
546 506
330 329
734 733
605 565
1259 1219
534 494
635 595
1319 1318
1028 988
330 290
275 274
727 687
1375 1374
861 821
485 445
1402 1362
44 4
1381 1341
1559 1519
335 334
762 722
929 930
308 309
388 348
311 271
576 575
1441 1481
138 139
323 322
1402 1403
924 925
522 482
1311 1310
711 671
918 878

TERMINALS
17
64
110
135
171
201
256
316
345
392
433
477
483
542
569
607
674
700
726
764
821
871
918
948
989
1019
1080
1098
1155
1199
1227
1252
1306
1328
1374
1402
1445
1503
1533
1570

END
