INSTANCE_NAME r41.dat
NB_VERTICES 2500
NB_ARCS 4900
NB_REQUESTS 0
NB_BLOCKAGES 490
NB_TERMINALS 50

VERTICES
1 0 0
2 0 0
3 0 0
4 0 0
5 0 0
6 0 0
7 0 0
8 0 0
9 0 0
10 0 0
11 0 0
12 0 0
13 0 0
14 0 0
15 0 0
16 0 0
17 0 0
18 0 0
19 0 0
20 0 0
21 0 0
22 0 0
23 0 0
24 0 0
25 0 0
26 0 0
27 0 0
28 0 0
29 0 0
30 0 0
31 0 0
32 0 0
33 0 0
34 0 0
35 0 0
36 0 0
37 0 0
38 0 0
39 0 0
40 0 0
41 0 0
42 0 0
43 0 0
44 0 0
45 0 0
46 0 0
47 0 0
48 0 0
49 0 0
50 0 0
51 0 0
52 0 0
53 0 0
54 0 0
55 0 0
56 0 0
57 0 0
58 0 0
59 0 0
60 0 0
61 0 0
62 0 0
63 0 0
64 0 0
65 0 0
66 0 0
67 0 0
68 0 0
69 0 0
70 0 0
71 0 0
72 0 0
73 0 0
74 0 0
75 0 0
76 0 0
77 0 0
78 0 0
79 0 0
80 0 0
81 0 0
82 0 0
83 0 0
84 0 0
85 0 0
86 0 0
87 0 0
88 0 0
89 0 0
90 0 0
91 0 0
92 0 0
93 0 0
94 0 0
95 0 0
96 0 0
97 0 0
98 0 0
99 0 0
100 0 0
101 0 0
102 0 0
103 0 0
104 0 0
105 0 0
106 0 0
107 0 0
108 0 0
109 0 0
110 0 0
111 0 0
112 0 0
113 0 0
114 0 0
115 0 0
116 0 0
117 0 0
118 0 0
119 0 0
120 0 0
121 0 0
122 0 0
123 0 0
124 0 0
125 0 0
126 0 0
127 0 0
128 0 0
129 0 0
130 0 0
131 0 0
132 0 0
133 0 0
134 0 0
135 0 0
136 0 0
137 0 0
138 0 0
139 0 0
140 0 0
141 0 0
142 0 0
143 0 0
144 0 0
145 0 0
146 0 0
147 0 0
148 0 0
149 0 0
150 0 0
151 0 0
152 0 0
153 0 0
154 0 0
155 0 0
156 0 0
157 0 0
158 0 0
159 0 0
160 0 0
161 0 0
162 0 0
163 0 0
164 0 0
165 0 0
166 0 0
167 0 0
168 0 0
169 0 0
170 0 0
171 0 0
172 0 0
173 0 0
174 0 0
175 0 0
176 0 0
177 0 0
178 0 0
179 0 0
180 0 0
181 0 0
182 0 0
183 0 0
184 0 0
185 0 0
186 0 0
187 0 0
188 0 0
189 0 0
190 0 0
191 0 0
192 0 0
193 0 0
194 0 0
195 0 0
196 0 0
197 0 0
198 0 0
199 0 0
200 0 0
201 0 0
202 0 0
203 0 0
204 0 0
205 0 0
206 0 0
207 0 0
208 0 0
209 0 0
210 0 0
211 0 0
212 0 0
213 0 0
214 0 0
215 0 0
216 0 0
217 0 0
218 0 0
219 0 0
220 0 0
221 0 0
222 0 0
223 0 0
224 0 0
225 0 0
226 0 0
227 0 0
228 0 0
229 0 0
230 0 0
231 0 0
232 0 0
233 0 0
234 0 0
235 0 0
236 0 0
237 0 0
238 0 0
239 0 0
240 0 0
241 0 0
242 0 0
243 0 0
244 0 0
245 0 0
246 0 0
247 0 0
248 0 0
249 0 0
250 0 0
251 0 0
252 0 0
253 0 0
254 0 0
255 0 0
256 0 0
257 0 0
258 0 0
259 0 0
260 0 0
261 0 0
262 0 0
263 0 0
264 0 0
265 0 0
266 0 0
267 0 0
268 0 0
269 0 0
270 0 0
271 0 0
272 0 0
273 0 0
274 0 0
275 0 0
276 0 0
277 0 0
278 0 0
279 0 0
280 0 0
281 0 0
282 0 0
283 0 0
284 0 0
285 0 0
286 0 0
287 0 0
288 0 0
289 0 0
290 0 0
291 0 0
292 0 0
293 0 0
294 0 0
295 0 0
296 0 0
297 0 0
298 0 0
299 0 0
300 0 0
301 0 0
302 0 0
303 0 0
304 0 0
305 0 0
306 0 0
307 0 0
308 0 0
309 0 0
310 0 0
311 0 0
312 0 0
313 0 0
314 0 0
315 0 0
316 0 0
317 0 0
318 0 0
319 0 0
320 0 0
321 0 0
322 0 0
323 0 0
324 0 0
325 0 0
326 0 0
327 0 0
328 0 0
329 0 0
330 0 0
331 0 0
332 0 0
333 0 0
334 0 0
335 0 0
336 0 0
337 0 0
338 0 0
339 0 0
340 0 0
341 0 0
342 0 0
343 0 0
344 0 0
345 0 0
346 0 0
347 0 0
348 0 0
349 0 0
350 0 0
351 0 0
352 0 0
353 0 0
354 0 0
355 0 0
356 0 0
357 0 0
358 0 0
359 0 0
360 0 0
361 0 0
362 0 0
363 0 0
364 0 0
365 0 0
366 0 0
367 0 0
368 0 0
369 0 0
370 0 0
371 0 0
372 0 0
373 0 0
374 0 0
375 0 0
376 0 0
377 0 0
378 0 0
379 0 0
380 0 0
381 0 0
382 0 0
383 0 0
384 0 0
385 0 0
386 0 0
387 0 0
388 0 0
389 0 0
390 0 0
391 0 0
392 0 0
393 0 0
394 0 0
395 0 0
396 0 0
397 0 0
398 0 0
399 0 0
400 0 0
401 0 0
402 0 0
403 0 0
404 0 0
405 0 0
406 0 0
407 0 0
408 0 0
409 0 0
410 0 0
411 0 0
412 0 0
413 0 0
414 0 0
415 0 0
416 0 0
417 0 0
418 0 0
419 0 0
420 0 0
421 0 0
422 0 0
423 0 0
424 0 0
425 0 0
426 0 0
427 0 0
428 0 0
429 0 0
430 0 0
431 0 0
432 0 0
433 0 0
434 0 0
435 0 0
436 0 0
437 0 0
438 0 0
439 0 0
440 0 0
441 0 0
442 0 0
443 0 0
444 0 0
445 0 0
446 0 0
447 0 0
448 0 0
449 0 0
450 0 0
451 0 0
452 0 0
453 0 0
454 0 0
455 0 0
456 0 0
457 0 0
458 0 0
459 0 0
460 0 0
461 0 0
462 0 0
463 0 0
464 0 0
465 0 0
466 0 0
467 0 0
468 0 0
469 0 0
470 0 0
471 0 0
472 0 0
473 0 0
474 0 0
475 0 0
476 0 0
477 0 0
478 0 0
479 0 0
480 0 0
481 0 0
482 0 0
483 0 0
484 0 0
485 0 0
486 0 0
487 0 0
488 0 0
489 0 0
490 0 0
491 0 0
492 0 0
493 0 0
494 0 0
495 0 0
496 0 0
497 0 0
498 0 0
499 0 0
500 0 0
501 0 0
502 0 0
503 0 0
504 0 0
505 0 0
506 0 0
507 0 0
508 0 0
509 0 0
510 0 0
511 0 0
512 0 0
513 0 0
514 0 0
515 0 0
516 0 0
517 0 0
518 0 0
519 0 0
520 0 0
521 0 0
522 0 0
523 0 0
524 0 0
525 0 0
526 0 0
527 0 0
528 0 0
529 0 0
530 0 0
531 0 0
532 0 0
533 0 0
534 0 0
535 0 0
536 0 0
537 0 0
538 0 0
539 0 0
540 0 0
541 0 0
542 0 0
543 0 0
544 0 0
545 0 0
546 0 0
547 0 0
548 0 0
549 0 0
550 0 0
551 0 0
552 0 0
553 0 0
554 0 0
555 0 0
556 0 0
557 0 0
558 0 0
559 0 0
560 0 0
561 0 0
562 0 0
563 0 0
564 0 0
565 0 0
566 0 0
567 0 0
568 0 0
569 0 0
570 0 0
571 0 0
572 0 0
573 0 0
574 0 0
575 0 0
576 0 0
577 0 0
578 0 0
579 0 0
580 0 0
581 0 0
582 0 0
583 0 0
584 0 0
585 0 0
586 0 0
587 0 0
588 0 0
589 0 0
590 0 0
591 0 0
592 0 0
593 0 0
594 0 0
595 0 0
596 0 0
597 0 0
598 0 0
599 0 0
600 0 0
601 0 0
602 0 0
603 0 0
604 0 0
605 0 0
606 0 0
607 0 0
608 0 0
609 0 0
610 0 0
611 0 0
612 0 0
613 0 0
614 0 0
615 0 0
616 0 0
617 0 0
618 0 0
619 0 0
620 0 0
621 0 0
622 0 0
623 0 0
624 0 0
625 0 0
626 0 0
627 0 0
628 0 0
629 0 0
630 0 0
631 0 0
632 0 0
633 0 0
634 0 0
635 0 0
636 0 0
637 0 0
638 0 0
639 0 0
640 0 0
641 0 0
642 0 0
643 0 0
644 0 0
645 0 0
646 0 0
647 0 0
648 0 0
649 0 0
650 0 0
651 0 0
652 0 0
653 0 0
654 0 0
655 0 0
656 0 0
657 0 0
658 0 0
659 0 0
660 0 0
661 0 0
662 0 0
663 0 0
664 0 0
665 0 0
666 0 0
667 0 0
668 0 0
669 0 0
670 0 0
671 0 0
672 0 0
673 0 0
674 0 0
675 0 0
676 0 0
677 0 0
678 0 0
679 0 0
680 0 0
681 0 0
682 0 0
683 0 0
684 0 0
685 0 0
686 0 0
687 0 0
688 0 0
689 0 0
690 0 0
691 0 0
692 0 0
693 0 0
694 0 0
695 0 0
696 0 0
697 0 0
698 0 0
699 0 0
700 0 0
701 0 0
702 0 0
703 0 0
704 0 0
705 0 0
706 0 0
707 0 0
708 0 0
709 0 0
710 0 0
711 0 0
712 0 0
713 0 0
714 0 0
715 0 0
716 0 0
717 0 0
718 0 0
719 0 0
720 0 0
721 0 0
722 0 0
723 0 0
724 0 0
725 0 0
726 0 0
727 0 0
728 0 0
729 0 0
730 0 0
731 0 0
732 0 0
733 0 0
734 0 0
735 0 0
736 0 0
737 0 0
738 0 0
739 0 0
740 0 0
741 0 0
742 0 0
743 0 0
744 0 0
745 0 0
746 0 0
747 0 0
748 0 0
749 0 0
750 0 0
751 0 0
752 0 0
753 0 0
754 0 0
755 0 0
756 0 0
757 0 0
758 0 0
759 0 0
760 0 0
761 0 0
762 0 0
763 0 0
764 0 0
765 0 0
766 0 0
767 0 0
768 0 0
769 0 0
770 0 0
771 0 0
772 0 0
773 0 0
774 0 0
775 0 0
776 0 0
777 0 0
778 0 0
779 0 0
780 0 0
781 0 0
782 0 0
783 0 0
784 0 0
785 0 0
786 0 0
787 0 0
788 0 0
789 0 0
790 0 0
791 0 0
792 0 0
793 0 0
794 0 0
795 0 0
796 0 0
797 0 0
798 0 0
799 0 0
800 0 0
801 0 0
802 0 0
803 0 0
804 0 0
805 0 0
806 0 0
807 0 0
808 0 0
809 0 0
810 0 0
811 0 0
812 0 0
813 0 0
814 0 0
815 0 0
816 0 0
817 0 0
818 0 0
819 0 0
820 0 0
821 0 0
822 0 0
823 0 0
824 0 0
825 0 0
826 0 0
827 0 0
828 0 0
829 0 0
830 0 0
831 0 0
832 0 0
833 0 0
834 0 0
835 0 0
836 0 0
837 0 0
838 0 0
839 0 0
840 0 0
841 0 0
842 0 0
843 0 0
844 0 0
845 0 0
846 0 0
847 0 0
848 0 0
849 0 0
850 0 0
851 0 0
852 0 0
853 0 0
854 0 0
855 0 0
856 0 0
857 0 0
858 0 0
859 0 0
860 0 0
861 0 0
862 0 0
863 0 0
864 0 0
865 0 0
866 0 0
867 0 0
868 0 0
869 0 0
870 0 0
871 0 0
872 0 0
873 0 0
874 0 0
875 0 0
876 0 0
877 0 0
878 0 0
879 0 0
880 0 0
881 0 0
882 0 0
883 0 0
884 0 0
885 0 0
886 0 0
887 0 0
888 0 0
889 0 0
890 0 0
891 0 0
892 0 0
893 0 0
894 0 0
895 0 0
896 0 0
897 0 0
898 0 0
899 0 0
900 0 0
901 0 0
902 0 0
903 0 0
904 0 0
905 0 0
906 0 0
907 0 0
908 0 0
909 0 0
910 0 0
911 0 0
912 0 0
913 0 0
914 0 0
915 0 0
916 0 0
917 0 0
918 0 0
919 0 0
920 0 0
921 0 0
922 0 0
923 0 0
924 0 0
925 0 0
926 0 0
927 0 0
928 0 0
929 0 0
930 0 0
931 0 0
932 0 0
933 0 0
934 0 0
935 0 0
936 0 0
937 0 0
938 0 0
939 0 0
940 0 0
941 0 0
942 0 0
943 0 0
944 0 0
945 0 0
946 0 0
947 0 0
948 0 0
949 0 0
950 0 0
951 0 0
952 0 0
953 0 0
954 0 0
955 0 0
956 0 0
957 0 0
958 0 0
959 0 0
960 0 0
961 0 0
962 0 0
963 0 0
964 0 0
965 0 0
966 0 0
967 0 0
968 0 0
969 0 0
970 0 0
971 0 0
972 0 0
973 0 0
974 0 0
975 0 0
976 0 0
977 0 0
978 0 0
979 0 0
980 0 0
981 0 0
982 0 0
983 0 0
984 0 0
985 0 0
986 0 0
987 0 0
988 0 0
989 0 0
990 0 0
991 0 0
992 0 0
993 0 0
994 0 0
995 0 0
996 0 0
997 0 0
998 0 0
999 0 0
1000 0 0
1001 0 0
1002 0 0
1003 0 0
1004 0 0
1005 0 0
1006 0 0
1007 0 0
1008 0 0
1009 0 0
1010 0 0
1011 0 0
1012 0 0
1013 0 0
1014 0 0
1015 0 0
1016 0 0
1017 0 0
1018 0 0
1019 0 0
1020 0 0
1021 0 0
1022 0 0
1023 0 0
1024 0 0
1025 0 0
1026 0 0
1027 0 0
1028 0 0
1029 0 0
1030 0 0
1031 0 0
1032 0 0
1033 0 0
1034 0 0
1035 0 0
1036 0 0
1037 0 0
1038 0 0
1039 0 0
1040 0 0
1041 0 0
1042 0 0
1043 0 0
1044 0 0
1045 0 0
1046 0 0
1047 0 0
1048 0 0
1049 0 0
1050 0 0
1051 0 0
1052 0 0
1053 0 0
1054 0 0
1055 0 0
1056 0 0
1057 0 0
1058 0 0
1059 0 0
1060 0 0
1061 0 0
1062 0 0
1063 0 0
1064 0 0
1065 0 0
1066 0 0
1067 0 0
1068 0 0
1069 0 0
1070 0 0
1071 0 0
1072 0 0
1073 0 0
1074 0 0
1075 0 0
1076 0 0
1077 0 0
1078 0 0
1079 0 0
1080 0 0
1081 0 0
1082 0 0
1083 0 0
1084 0 0
1085 0 0
1086 0 0
1087 0 0
1088 0 0
1089 0 0
1090 0 0
1091 0 0
1092 0 0
1093 0 0
1094 0 0
1095 0 0
1096 0 0
1097 0 0
1098 0 0
1099 0 0
1100 0 0
1101 0 0
1102 0 0
1103 0 0
1104 0 0
1105 0 0
1106 0 0
1107 0 0
1108 0 0
1109 0 0
1110 0 0
1111 0 0
1112 0 0
1113 0 0
1114 0 0
1115 0 0
1116 0 0
1117 0 0
1118 0 0
1119 0 0
1120 0 0
1121 0 0
1122 0 0
1123 0 0
1124 0 0
1125 0 0
1126 0 0
1127 0 0
1128 0 0
1129 0 0
1130 0 0
1131 0 0
1132 0 0
1133 0 0
1134 0 0
1135 0 0
1136 0 0
1137 0 0
1138 0 0
1139 0 0
1140 0 0
1141 0 0
1142 0 0
1143 0 0
1144 0 0
1145 0 0
1146 0 0
1147 0 0
1148 0 0
1149 0 0
1150 0 0
1151 0 0
1152 0 0
1153 0 0
1154 0 0
1155 0 0
1156 0 0
1157 0 0
1158 0 0
1159 0 0
1160 0 0
1161 0 0
1162 0 0
1163 0 0
1164 0 0
1165 0 0
1166 0 0
1167 0 0
1168 0 0
1169 0 0
1170 0 0
1171 0 0
1172 0 0
1173 0 0
1174 0 0
1175 0 0
1176 0 0
1177 0 0
1178 0 0
1179 0 0
1180 0 0
1181 0 0
1182 0 0
1183 0 0
1184 0 0
1185 0 0
1186 0 0
1187 0 0
1188 0 0
1189 0 0
1190 0 0
1191 0 0
1192 0 0
1193 0 0
1194 0 0
1195 0 0
1196 0 0
1197 0 0
1198 0 0
1199 0 0
1200 0 0
1201 0 0
1202 0 0
1203 0 0
1204 0 0
1205 0 0
1206 0 0
1207 0 0
1208 0 0
1209 0 0
1210 0 0
1211 0 0
1212 0 0
1213 0 0
1214 0 0
1215 0 0
1216 0 0
1217 0 0
1218 0 0
1219 0 0
1220 0 0
1221 0 0
1222 0 0
1223 0 0
1224 0 0
1225 0 0
1226 0 0
1227 0 0
1228 0 0
1229 0 0
1230 0 0
1231 0 0
1232 0 0
1233 0 0
1234 0 0
1235 0 0
1236 0 0
1237 0 0
1238 0 0
1239 0 0
1240 0 0
1241 0 0
1242 0 0
1243 0 0
1244 0 0
1245 0 0
1246 0 0
1247 0 0
1248 0 0
1249 0 0
1250 0 0
1251 0 0
1252 0 0
1253 0 0
1254 0 0
1255 0 0
1256 0 0
1257 0 0
1258 0 0
1259 0 0
1260 0 0
1261 0 0
1262 0 0
1263 0 0
1264 0 0
1265 0 0
1266 0 0
1267 0 0
1268 0 0
1269 0 0
1270 0 0
1271 0 0
1272 0 0
1273 0 0
1274 0 0
1275 0 0
1276 0 0
1277 0 0
1278 0 0
1279 0 0
1280 0 0
1281 0 0
1282 0 0
1283 0 0
1284 0 0
1285 0 0
1286 0 0
1287 0 0
1288 0 0
1289 0 0
1290 0 0
1291 0 0
1292 0 0
1293 0 0
1294 0 0
1295 0 0
1296 0 0
1297 0 0
1298 0 0
1299 0 0
1300 0 0
1301 0 0
1302 0 0
1303 0 0
1304 0 0
1305 0 0
1306 0 0
1307 0 0
1308 0 0
1309 0 0
1310 0 0
1311 0 0
1312 0 0
1313 0 0
1314 0 0
1315 0 0
1316 0 0
1317 0 0
1318 0 0
1319 0 0
1320 0 0
1321 0 0
1322 0 0
1323 0 0
1324 0 0
1325 0 0
1326 0 0
1327 0 0
1328 0 0
1329 0 0
1330 0 0
1331 0 0
1332 0 0
1333 0 0
1334 0 0
1335 0 0
1336 0 0
1337 0 0
1338 0 0
1339 0 0
1340 0 0
1341 0 0
1342 0 0
1343 0 0
1344 0 0
1345 0 0
1346 0 0
1347 0 0
1348 0 0
1349 0 0
1350 0 0
1351 0 0
1352 0 0
1353 0 0
1354 0 0
1355 0 0
1356 0 0
1357 0 0
1358 0 0
1359 0 0
1360 0 0
1361 0 0
1362 0 0
1363 0 0
1364 0 0
1365 0 0
1366 0 0
1367 0 0
1368 0 0
1369 0 0
1370 0 0
1371 0 0
1372 0 0
1373 0 0
1374 0 0
1375 0 0
1376 0 0
1377 0 0
1378 0 0
1379 0 0
1380 0 0
1381 0 0
1382 0 0
1383 0 0
1384 0 0
1385 0 0
1386 0 0
1387 0 0
1388 0 0
1389 0 0
1390 0 0
1391 0 0
1392 0 0
1393 0 0
1394 0 0
1395 0 0
1396 0 0
1397 0 0
1398 0 0
1399 0 0
1400 0 0
1401 0 0
1402 0 0
1403 0 0
1404 0 0
1405 0 0
1406 0 0
1407 0 0
1408 0 0
1409 0 0
1410 0 0
1411 0 0
1412 0 0
1413 0 0
1414 0 0
1415 0 0
1416 0 0
1417 0 0
1418 0 0
1419 0 0
1420 0 0
1421 0 0
1422 0 0
1423 0 0
1424 0 0
1425 0 0
1426 0 0
1427 0 0
1428 0 0
1429 0 0
1430 0 0
1431 0 0
1432 0 0
1433 0 0
1434 0 0
1435 0 0
1436 0 0
1437 0 0
1438 0 0
1439 0 0
1440 0 0
1441 0 0
1442 0 0
1443 0 0
1444 0 0
1445 0 0
1446 0 0
1447 0 0
1448 0 0
1449 0 0
1450 0 0
1451 0 0
1452 0 0
1453 0 0
1454 0 0
1455 0 0
1456 0 0
1457 0 0
1458 0 0
1459 0 0
1460 0 0
1461 0 0
1462 0 0
1463 0 0
1464 0 0
1465 0 0
1466 0 0
1467 0 0
1468 0 0
1469 0 0
1470 0 0
1471 0 0
1472 0 0
1473 0 0
1474 0 0
1475 0 0
1476 0 0
1477 0 0
1478 0 0
1479 0 0
1480 0 0
1481 0 0
1482 0 0
1483 0 0
1484 0 0
1485 0 0
1486 0 0
1487 0 0
1488 0 0
1489 0 0
1490 0 0
1491 0 0
1492 0 0
1493 0 0
1494 0 0
1495 0 0
1496 0 0
1497 0 0
1498 0 0
1499 0 0
1500 0 0
1501 0 0
1502 0 0
1503 0 0
1504 0 0
1505 0 0
1506 0 0
1507 0 0
1508 0 0
1509 0 0
1510 0 0
1511 0 0
1512 0 0
1513 0 0
1514 0 0
1515 0 0
1516 0 0
1517 0 0
1518 0 0
1519 0 0
1520 0 0
1521 0 0
1522 0 0
1523 0 0
1524 0 0
1525 0 0
1526 0 0
1527 0 0
1528 0 0
1529 0 0
1530 0 0
1531 0 0
1532 0 0
1533 0 0
1534 0 0
1535 0 0
1536 0 0
1537 0 0
1538 0 0
1539 0 0
1540 0 0
1541 0 0
1542 0 0
1543 0 0
1544 0 0
1545 0 0
1546 0 0
1547 0 0
1548 0 0
1549 0 0
1550 0 0
1551 0 0
1552 0 0
1553 0 0
1554 0 0
1555 0 0
1556 0 0
1557 0 0
1558 0 0
1559 0 0
1560 0 0
1561 0 0
1562 0 0
1563 0 0
1564 0 0
1565 0 0
1566 0 0
1567 0 0
1568 0 0
1569 0 0
1570 0 0
1571 0 0
1572 0 0
1573 0 0
1574 0 0
1575 0 0
1576 0 0
1577 0 0
1578 0 0
1579 0 0
1580 0 0
1581 0 0
1582 0 0
1583 0 0
1584 0 0
1585 0 0
1586 0 0
1587 0 0
1588 0 0
1589 0 0
1590 0 0
1591 0 0
1592 0 0
1593 0 0
1594 0 0
1595 0 0
1596 0 0
1597 0 0
1598 0 0
1599 0 0
1600 0 0
1601 0 0
1602 0 0
1603 0 0
1604 0 0
1605 0 0
1606 0 0
1607 0 0
1608 0 0
1609 0 0
1610 0 0
1611 0 0
1612 0 0
1613 0 0
1614 0 0
1615 0 0
1616 0 0
1617 0 0
1618 0 0
1619 0 0
1620 0 0
1621 0 0
1622 0 0
1623 0 0
1624 0 0
1625 0 0
1626 0 0
1627 0 0
1628 0 0
1629 0 0
1630 0 0
1631 0 0
1632 0 0
1633 0 0
1634 0 0
1635 0 0
1636 0 0
1637 0 0
1638 0 0
1639 0 0
1640 0 0
1641 0 0
1642 0 0
1643 0 0
1644 0 0
1645 0 0
1646 0 0
1647 0 0
1648 0 0
1649 0 0
1650 0 0
1651 0 0
1652 0 0
1653 0 0
1654 0 0
1655 0 0
1656 0 0
1657 0 0
1658 0 0
1659 0 0
1660 0 0
1661 0 0
1662 0 0
1663 0 0
1664 0 0
1665 0 0
1666 0 0
1667 0 0
1668 0 0
1669 0 0
1670 0 0
1671 0 0
1672 0 0
1673 0 0
1674 0 0
1675 0 0
1676 0 0
1677 0 0
1678 0 0
1679 0 0
1680 0 0
1681 0 0
1682 0 0
1683 0 0
1684 0 0
1685 0 0
1686 0 0
1687 0 0
1688 0 0
1689 0 0
1690 0 0
1691 0 0
1692 0 0
1693 0 0
1694 0 0
1695 0 0
1696 0 0
1697 0 0
1698 0 0
1699 0 0
1700 0 0
1701 0 0
1702 0 0
1703 0 0
1704 0 0
1705 0 0
1706 0 0
1707 0 0
1708 0 0
1709 0 0
1710 0 0
1711 0 0
1712 0 0
1713 0 0
1714 0 0
1715 0 0
1716 0 0
1717 0 0
1718 0 0
1719 0 0
1720 0 0
1721 0 0
1722 0 0
1723 0 0
1724 0 0
1725 0 0
1726 0 0
1727 0 0
1728 0 0
1729 0 0
1730 0 0
1731 0 0
1732 0 0
1733 0 0
1734 0 0
1735 0 0
1736 0 0
1737 0 0
1738 0 0
1739 0 0
1740 0 0
1741 0 0
1742 0 0
1743 0 0
1744 0 0
1745 0 0
1746 0 0
1747 0 0
1748 0 0
1749 0 0
1750 0 0
1751 0 0
1752 0 0
1753 0 0
1754 0 0
1755 0 0
1756 0 0
1757 0 0
1758 0 0
1759 0 0
1760 0 0
1761 0 0
1762 0 0
1763 0 0
1764 0 0
1765 0 0
1766 0 0
1767 0 0
1768 0 0
1769 0 0
1770 0 0
1771 0 0
1772 0 0
1773 0 0
1774 0 0
1775 0 0
1776 0 0
1777 0 0
1778 0 0
1779 0 0
1780 0 0
1781 0 0
1782 0 0
1783 0 0
1784 0 0
1785 0 0
1786 0 0
1787 0 0
1788 0 0
1789 0 0
1790 0 0
1791 0 0
1792 0 0
1793 0 0
1794 0 0
1795 0 0
1796 0 0
1797 0 0
1798 0 0
1799 0 0
1800 0 0
1801 0 0
1802 0 0
1803 0 0
1804 0 0
1805 0 0
1806 0 0
1807 0 0
1808 0 0
1809 0 0
1810 0 0
1811 0 0
1812 0 0
1813 0 0
1814 0 0
1815 0 0
1816 0 0
1817 0 0
1818 0 0
1819 0 0
1820 0 0
1821 0 0
1822 0 0
1823 0 0
1824 0 0
1825 0 0
1826 0 0
1827 0 0
1828 0 0
1829 0 0
1830 0 0
1831 0 0
1832 0 0
1833 0 0
1834 0 0
1835 0 0
1836 0 0
1837 0 0
1838 0 0
1839 0 0
1840 0 0
1841 0 0
1842 0 0
1843 0 0
1844 0 0
1845 0 0
1846 0 0
1847 0 0
1848 0 0
1849 0 0
1850 0 0
1851 0 0
1852 0 0
1853 0 0
1854 0 0
1855 0 0
1856 0 0
1857 0 0
1858 0 0
1859 0 0
1860 0 0
1861 0 0
1862 0 0
1863 0 0
1864 0 0
1865 0 0
1866 0 0
1867 0 0
1868 0 0
1869 0 0
1870 0 0
1871 0 0
1872 0 0
1873 0 0
1874 0 0
1875 0 0
1876 0 0
1877 0 0
1878 0 0
1879 0 0
1880 0 0
1881 0 0
1882 0 0
1883 0 0
1884 0 0
1885 0 0
1886 0 0
1887 0 0
1888 0 0
1889 0 0
1890 0 0
1891 0 0
1892 0 0
1893 0 0
1894 0 0
1895 0 0
1896 0 0
1897 0 0
1898 0 0
1899 0 0
1900 0 0
1901 0 0
1902 0 0
1903 0 0
1904 0 0
1905 0 0
1906 0 0
1907 0 0
1908 0 0
1909 0 0
1910 0 0
1911 0 0
1912 0 0
1913 0 0
1914 0 0
1915 0 0
1916 0 0
1917 0 0
1918 0 0
1919 0 0
1920 0 0
1921 0 0
1922 0 0
1923 0 0
1924 0 0
1925 0 0
1926 0 0
1927 0 0
1928 0 0
1929 0 0
1930 0 0
1931 0 0
1932 0 0
1933 0 0
1934 0 0
1935 0 0
1936 0 0
1937 0 0
1938 0 0
1939 0 0
1940 0 0
1941 0 0
1942 0 0
1943 0 0
1944 0 0
1945 0 0
1946 0 0
1947 0 0
1948 0 0
1949 0 0
1950 0 0
1951 0 0
1952 0 0
1953 0 0
1954 0 0
1955 0 0
1956 0 0
1957 0 0
1958 0 0
1959 0 0
1960 0 0
1961 0 0
1962 0 0
1963 0 0
1964 0 0
1965 0 0
1966 0 0
1967 0 0
1968 0 0
1969 0 0
1970 0 0
1971 0 0
1972 0 0
1973 0 0
1974 0 0
1975 0 0
1976 0 0
1977 0 0
1978 0 0
1979 0 0
1980 0 0
1981 0 0
1982 0 0
1983 0 0
1984 0 0
1985 0 0
1986 0 0
1987 0 0
1988 0 0
1989 0 0
1990 0 0
1991 0 0
1992 0 0
1993 0 0
1994 0 0
1995 0 0
1996 0 0
1997 0 0
1998 0 0
1999 0 0
2000 0 0
2001 0 0
2002 0 0
2003 0 0
2004 0 0
2005 0 0
2006 0 0
2007 0 0
2008 0 0
2009 0 0
2010 0 0
2011 0 0
2012 0 0
2013 0 0
2014 0 0
2015 0 0
2016 0 0
2017 0 0
2018 0 0
2019 0 0
2020 0 0
2021 0 0
2022 0 0
2023 0 0
2024 0 0
2025 0 0
2026 0 0
2027 0 0
2028 0 0
2029 0 0
2030 0 0
2031 0 0
2032 0 0
2033 0 0
2034 0 0
2035 0 0
2036 0 0
2037 0 0
2038 0 0
2039 0 0
2040 0 0
2041 0 0
2042 0 0
2043 0 0
2044 0 0
2045 0 0
2046 0 0
2047 0 0
2048 0 0
2049 0 0
2050 0 0
2051 0 0
2052 0 0
2053 0 0
2054 0 0
2055 0 0
2056 0 0
2057 0 0
2058 0 0
2059 0 0
2060 0 0
2061 0 0
2062 0 0
2063 0 0
2064 0 0
2065 0 0
2066 0 0
2067 0 0
2068 0 0
2069 0 0
2070 0 0
2071 0 0
2072 0 0
2073 0 0
2074 0 0
2075 0 0
2076 0 0
2077 0 0
2078 0 0
2079 0 0
2080 0 0
2081 0 0
2082 0 0
2083 0 0
2084 0 0
2085 0 0
2086 0 0
2087 0 0
2088 0 0
2089 0 0
2090 0 0
2091 0 0
2092 0 0
2093 0 0
2094 0 0
2095 0 0
2096 0 0
2097 0 0
2098 0 0
2099 0 0
2100 0 0
2101 0 0
2102 0 0
2103 0 0
2104 0 0
2105 0 0
2106 0 0
2107 0 0
2108 0 0
2109 0 0
2110 0 0
2111 0 0
2112 0 0
2113 0 0
2114 0 0
2115 0 0
2116 0 0
2117 0 0
2118 0 0
2119 0 0
2120 0 0
2121 0 0
2122 0 0
2123 0 0
2124 0 0
2125 0 0
2126 0 0
2127 0 0
2128 0 0
2129 0 0
2130 0 0
2131 0 0
2132 0 0
2133 0 0
2134 0 0
2135 0 0
2136 0 0
2137 0 0
2138 0 0
2139 0 0
2140 0 0
2141 0 0
2142 0 0
2143 0 0
2144 0 0
2145 0 0
2146 0 0
2147 0 0
2148 0 0
2149 0 0
2150 0 0
2151 0 0
2152 0 0
2153 0 0
2154 0 0
2155 0 0
2156 0 0
2157 0 0
2158 0 0
2159 0 0
2160 0 0
2161 0 0
2162 0 0
2163 0 0
2164 0 0
2165 0 0
2166 0 0
2167 0 0
2168 0 0
2169 0 0
2170 0 0
2171 0 0
2172 0 0
2173 0 0
2174 0 0
2175 0 0
2176 0 0
2177 0 0
2178 0 0
2179 0 0
2180 0 0
2181 0 0
2182 0 0
2183 0 0
2184 0 0
2185 0 0
2186 0 0
2187 0 0
2188 0 0
2189 0 0
2190 0 0
2191 0 0
2192 0 0
2193 0 0
2194 0 0
2195 0 0
2196 0 0
2197 0 0
2198 0 0
2199 0 0
2200 0 0
2201 0 0
2202 0 0
2203 0 0
2204 0 0
2205 0 0
2206 0 0
2207 0 0
2208 0 0
2209 0 0
2210 0 0
2211 0 0
2212 0 0
2213 0 0
2214 0 0
2215 0 0
2216 0 0
2217 0 0
2218 0 0
2219 0 0
2220 0 0
2221 0 0
2222 0 0
2223 0 0
2224 0 0
2225 0 0
2226 0 0
2227 0 0
2228 0 0
2229 0 0
2230 0 0
2231 0 0
2232 0 0
2233 0 0
2234 0 0
2235 0 0
2236 0 0
2237 0 0
2238 0 0
2239 0 0
2240 0 0
2241 0 0
2242 0 0
2243 0 0
2244 0 0
2245 0 0
2246 0 0
2247 0 0
2248 0 0
2249 0 0
2250 0 0
2251 0 0
2252 0 0
2253 0 0
2254 0 0
2255 0 0
2256 0 0
2257 0 0
2258 0 0
2259 0 0
2260 0 0
2261 0 0
2262 0 0
2263 0 0
2264 0 0
2265 0 0
2266 0 0
2267 0 0
2268 0 0
2269 0 0
2270 0 0
2271 0 0
2272 0 0
2273 0 0
2274 0 0
2275 0 0
2276 0 0
2277 0 0
2278 0 0
2279 0 0
2280 0 0
2281 0 0
2282 0 0
2283 0 0
2284 0 0
2285 0 0
2286 0 0
2287 0 0
2288 0 0
2289 0 0
2290 0 0
2291 0 0
2292 0 0
2293 0 0
2294 0 0
2295 0 0
2296 0 0
2297 0 0
2298 0 0
2299 0 0
2300 0 0
2301 0 0
2302 0 0
2303 0 0
2304 0 0
2305 0 0
2306 0 0
2307 0 0
2308 0 0
2309 0 0
2310 0 0
2311 0 0
2312 0 0
2313 0 0
2314 0 0
2315 0 0
2316 0 0
2317 0 0
2318 0 0
2319 0 0
2320 0 0
2321 0 0
2322 0 0
2323 0 0
2324 0 0
2325 0 0
2326 0 0
2327 0 0
2328 0 0
2329 0 0
2330 0 0
2331 0 0
2332 0 0
2333 0 0
2334 0 0
2335 0 0
2336 0 0
2337 0 0
2338 0 0
2339 0 0
2340 0 0
2341 0 0
2342 0 0
2343 0 0
2344 0 0
2345 0 0
2346 0 0
2347 0 0
2348 0 0
2349 0 0
2350 0 0
2351 0 0
2352 0 0
2353 0 0
2354 0 0
2355 0 0
2356 0 0
2357 0 0
2358 0 0
2359 0 0
2360 0 0
2361 0 0
2362 0 0
2363 0 0
2364 0 0
2365 0 0
2366 0 0
2367 0 0
2368 0 0
2369 0 0
2370 0 0
2371 0 0
2372 0 0
2373 0 0
2374 0 0
2375 0 0
2376 0 0
2377 0 0
2378 0 0
2379 0 0
2380 0 0
2381 0 0
2382 0 0
2383 0 0
2384 0 0
2385 0 0
2386 0 0
2387 0 0
2388 0 0
2389 0 0
2390 0 0
2391 0 0
2392 0 0
2393 0 0
2394 0 0
2395 0 0
2396 0 0
2397 0 0
2398 0 0
2399 0 0
2400 0 0
2401 0 0
2402 0 0
2403 0 0
2404 0 0
2405 0 0
2406 0 0
2407 0 0
2408 0 0
2409 0 0
2410 0 0
2411 0 0
2412 0 0
2413 0 0
2414 0 0
2415 0 0
2416 0 0
2417 0 0
2418 0 0
2419 0 0
2420 0 0
2421 0 0
2422 0 0
2423 0 0
2424 0 0
2425 0 0
2426 0 0
2427 0 0
2428 0 0
2429 0 0
2430 0 0
2431 0 0
2432 0 0
2433 0 0
2434 0 0
2435 0 0
2436 0 0
2437 0 0
2438 0 0
2439 0 0
2440 0 0
2441 0 0
2442 0 0
2443 0 0
2444 0 0
2445 0 0
2446 0 0
2447 0 0
2448 0 0
2449 0 0
2450 0 0
2451 0 0
2452 0 0
2453 0 0
2454 0 0
2455 0 0
2456 0 0
2457 0 0
2458 0 0
2459 0 0
2460 0 0
2461 0 0
2462 0 0
2463 0 0
2464 0 0
2465 0 0
2466 0 0
2467 0 0
2468 0 0
2469 0 0
2470 0 0
2471 0 0
2472 0 0
2473 0 0
2474 0 0
2475 0 0
2476 0 0
2477 0 0
2478 0 0
2479 0 0
2480 0 0
2481 0 0
2482 0 0
2483 0 0
2484 0 0
2485 0 0
2486 0 0
2487 0 0
2488 0 0
2489 0 0
2490 0 0
2491 0 0
2492 0 0
2493 0 0
2494 0 0
2495 0 0
2496 0 0
2497 0 0
2498 0 0
2499 0 0
2500 0 0

ARCS
7 6 25
6 5 1
5 4 3
4 3 4
3 2 30
2 1 17
1 51 27
51 52 17
52 53 30
53 54 4
54 55 3
55 56 1
56 57 25
57 58 2
58 59 27
59 60 1
60 61 17
61 62 14
62 63 25
63 64 12
64 65 26
65 66 12
66 67 25
67 68 18
68 69 15
69 70 19
70 71 50
71 72 18
72 73 22
73 74 23
74 75 5
75 76 19
76 77 2
77 78 5
78 79 24
79 80 21
80 81 6
81 82 14
82 83 8
83 84 11
84 85 15
85 86 11
86 87 28
87 88 50
88 89 36
89 90 27
90 91 21
91 92 9
92 93 14
93 94 38
94 95 38
95 96 8
96 97 14
97 98 83
98 99 54
99 100 22
100 50 27
50 49 22
49 48 54
48 47 83
47 46 14
46 45 8
45 44 38
44 43 38
43 42 14
42 41 9
41 40 21
40 39 27
39 38 36
38 37 50
37 36 28
36 35 11
35 34 15
34 33 11
33 32 8
32 31 14
31 30 6
30 29 21
29 28 24
28 27 5
27 26 2
26 25 19
25 24 5
24 23 23
23 22 22
22 21 18
21 20 50
20 19 19
19 18 15
18 17 18
17 16 25
16 15 12
15 14 26
14 13 12
13 12 25
12 11 14
11 10 17
10 9 1
9 8 27
8 7 2
7 57 27
57 107 1
107 106 25
106 105 1
105 104 3
104 103 4
103 102 30
102 101 17
101 51 1
101 151 29
151 152 17
152 153 30
153 154 4
154 155 3
155 156 1
156 157 25
157 158 2
158 159 27
159 160 1
160 161 17
161 162 14
162 163 25
163 164 12
164 165 26
165 166 12
166 167 25
167 168 18
168 169 15
169 170 19
170 171 50
171 172 18
172 173 22
173 174 23
174 175 5
175 176 19
176 177 2
177 178 5
178 179 24
179 180 21
180 181 6
181 182 14
182 183 8
183 184 11
184 185 15
185 186 11
186 187 28
187 188 50
188 189 36
189 190 27
190 191 21
191 192 9
192 193 14
193 194 38
194 195 38
195 196 8
196 197 14
197 198 83
198 199 54
199 200 22
200 150 29
150 149 22
149 148 54
148 147 83
147 146 14
146 145 8
145 144 38
144 143 38
143 142 14
142 141 9
141 140 21
140 139 27
139 138 36
138 137 50
137 136 28
136 135 11
135 134 15
134 133 11
133 132 8
132 131 14
131 130 6
130 129 21
129 128 24
128 127 5
127 126 2
126 125 19
125 124 5
124 123 23
123 122 22
122 121 18
121 120 50
120 119 19
119 118 15
118 117 18
117 116 25
116 115 12
115 114 26
114 113 12
113 112 25
112 111 14
111 110 17
110 109 1
109 108 27
108 107 2
107 157 29
157 207 12
207 206 25
206 205 1
205 204 3
204 203 4
203 202 30
202 201 17
201 151 12
201 251 1
251 252 17
252 253 30
253 254 4
254 255 3
255 256 1
256 257 25
257 258 2
258 259 27
259 260 1
260 261 17
261 262 14
262 263 25
263 264 12
264 265 26
265 266 12
266 267 25
267 268 18
268 269 15
269 270 19
270 271 50
271 272 18
272 273 22
273 274 23
274 275 5
275 276 19
276 277 2
277 278 5
278 279 24
279 280 21
280 281 6
281 282 14
282 283 8
283 284 11
284 285 15
285 286 11
286 287 28
287 288 50
288 289 36
289 290 27
290 291 21
291 292 9
292 293 14
293 294 38
294 295 38
295 296 8
296 297 14
297 298 83
298 299 54
299 300 22
300 250 1
250 249 22
249 248 54
248 247 83
247 246 14
246 245 8
245 244 38
244 243 38
243 242 14
242 241 9
241 240 21
240 239 27
239 238 36
238 237 50
237 236 28
236 235 11
235 234 15
234 233 11
233 232 8
232 231 14
231 230 6
230 229 21
229 228 24
228 227 5
227 226 2
226 225 19
225 224 5
224 223 23
223 222 22
222 221 18
221 220 50
220 219 19
219 218 15
218 217 18
217 216 25
216 215 12
215 214 26
214 213 12
213 212 25
212 211 14
211 210 17
210 209 1
209 208 27
208 207 2
207 257 1
257 307 1
307 306 25
306 305 1
305 304 3
304 303 4
303 302 30
302 301 17
301 251 1
301 351 52
351 352 17
352 353 30
353 354 4
354 355 3
355 356 1
356 357 25
357 358 2
358 359 27
359 360 1
360 361 17
361 362 14
362 363 25
363 364 12
364 365 26
365 366 12
366 367 25
367 368 18
368 369 15
369 370 19
370 371 50
371 372 18
372 373 22
373 374 23
374 375 5
375 376 19
376 377 2
377 378 5
378 379 24
379 380 21
380 381 6
381 382 14
382 383 8
383 384 11
384 385 15
385 386 11
386 387 28
387 388 50
388 389 36
389 390 27
390 391 21
391 392 9
392 393 14
393 394 38
394 395 38
395 396 8
396 397 14
397 398 83
398 399 54
399 400 22
400 350 52
350 349 22
349 348 54
348 347 83
347 346 14
346 345 8
345 344 38
344 343 38
343 342 14
342 341 9
341 340 21
340 339 27
339 338 36
338 337 50
337 336 28
336 335 11
335 334 15
334 333 11
333 332 8
332 331 14
331 330 6
330 329 21
329 328 24
328 327 5
327 326 2
326 325 19
325 324 5
324 323 23
323 322 22
322 321 18
321 320 50
320 319 19
319 318 15
318 317 18
317 316 25
316 315 12
315 314 26
314 313 12
313 312 25
312 311 14
311 310 17
310 309 1
309 308 27
308 307 2
307 357 52
357 407 44
407 406 25
406 405 1
405 404 3
404 403 4
403 402 30
402 401 17
401 351 44
401 451 9
451 452 17
452 453 30
453 454 4
454 455 3
455 456 1
456 457 25
457 458 2
458 459 27
459 460 1
460 461 17
461 462 14
462 463 25
463 464 12
464 465 26
465 466 12
466 467 25
467 468 18
468 469 15
469 470 19
470 471 50
471 472 18
472 473 22
473 474 23
474 475 5
475 476 19
476 477 2
477 478 5
478 479 24
479 480 21
480 481 6
481 482 14
482 483 8
483 484 11
484 485 15
485 486 11
486 487 28
487 488 50
488 489 36
489 490 27
490 491 21
491 492 9
492 493 14
493 494 38
494 495 38
495 496 8
496 497 14
497 498 83
498 499 54
499 500 22
500 450 9
450 449 22
449 448 54
448 447 83
447 446 14
446 445 8
445 444 38
444 443 38
443 442 14
442 441 9
441 440 21
440 439 27
439 438 36
438 437 50
437 436 28
436 435 11
435 434 15
434 433 11
433 432 8
432 431 14
431 430 6
430 429 21
429 428 24
428 427 5
427 426 2
426 425 19
425 424 5
424 423 23
423 422 22
422 421 18
421 420 50
420 419 19
419 418 15
418 417 18
417 416 25
416 415 12
415 414 26
414 413 12
413 412 25
412 411 14
411 410 17
410 409 1
409 408 27
408 407 2
407 457 9
457 507 93
507 506 25
506 505 1
505 504 3
504 503 4
503 502 30
502 501 17
501 451 93
501 551 2
551 552 17
552 553 30
553 554 4
554 555 3
555 556 1
556 557 25
557 558 2
558 559 27
559 560 1
560 561 17
561 562 14
562 563 25
563 564 12
564 565 26
565 566 12
566 567 25
567 568 18
568 569 15
569 570 19
570 571 50
571 572 18
572 573 22
573 574 23
574 575 5
575 576 19
576 577 2
577 578 5
578 579 24
579 580 21
580 581 6
581 582 14
582 583 8
583 584 11
584 585 15
585 586 11
586 587 28
587 588 50
588 589 36
589 590 27
590 591 21
591 592 9
592 593 14
593 594 38
594 595 38
595 596 8
596 597 14
597 598 83
598 599 54
599 600 22
600 550 2
550 549 22
549 548 54
548 547 83
547 546 14
546 545 8
545 544 38
544 543 38
543 542 14
542 541 9
541 540 21
540 539 27
539 538 36
538 537 50
537 536 28
536 535 11
535 534 15
534 533 11
533 532 8
532 531 14
531 530 6
530 529 21
529 528 24
528 527 5
527 526 2
526 525 19
525 524 5
524 523 23
523 522 22
522 521 18
521 520 50
520 519 19
519 518 15
518 517 18
517 516 25
516 515 12
515 514 26
514 513 12
513 512 25
512 511 14
511 510 17
510 509 1
509 508 27
508 507 2
507 557 2
557 607 2
607 606 25
606 605 1
605 604 3
604 603 4
603 602 30
602 601 17
601 551 2
601 651 4
651 652 17
652 653 30
653 654 4
654 655 3
655 656 1
656 657 25
657 658 2
658 659 27
659 660 1
660 661 17
661 662 14
662 663 25
663 664 12
664 665 26
665 666 12
666 667 25
667 668 18
668 669 15
669 670 19
670 671 50
671 672 18
672 673 22
673 674 23
674 675 5
675 676 19
676 677 2
677 678 5
678 679 24
679 680 21
680 681 6
681 682 14
682 683 8
683 684 11
684 685 15
685 686 11
686 687 28
687 688 50
688 689 36
689 690 27
690 691 21
691 692 9
692 693 14
693 694 38
694 695 38
695 696 8
696 697 14
697 698 83
698 699 54
699 700 22
700 650 4
650 649 22
649 648 54
648 647 83
647 646 14
646 645 8
645 644 38
644 643 38
643 642 14
642 641 9
641 640 21
640 639 27
639 638 36
638 637 50
637 636 28
636 635 11
635 634 15
634 633 11
633 632 8
632 631 14
631 630 6
630 629 21
629 628 24
628 627 5
627 626 2
626 625 19
625 624 5
624 623 23
623 622 22
622 621 18
621 620 50
620 619 19
619 618 15
618 617 18
617 616 25
616 615 12
615 614 26
614 613 12
613 612 25
612 611 14
611 610 17
610 609 1
609 608 27
608 607 2
607 657 4
657 707 12
707 706 25
706 705 1
705 704 3
704 703 4
703 702 30
702 701 17
701 651 12
701 751 10
751 752 17
752 753 30
753 754 4
754 755 3
755 756 1
756 757 25
757 758 2
758 759 27
759 760 1
760 761 17
761 762 14
762 763 25
763 764 12
764 765 26
765 766 12
766 767 25
767 768 18
768 769 15
769 770 19
770 771 50
771 772 18
772 773 22
773 774 23
774 775 5
775 776 19
776 777 2
777 778 5
778 779 24
779 780 21
780 781 6
781 782 14
782 783 8
783 784 11
784 785 15
785 786 11
786 787 28
787 788 50
788 789 36
789 790 27
790 791 21
791 792 9
792 793 14
793 794 38
794 795 38
795 796 8
796 797 14
797 798 83
798 799 54
799 800 22
800 750 10
750 749 22
749 748 54
748 747 83
747 746 14
746 745 8
745 744 38
744 743 38
743 742 14
742 741 9
741 740 21
740 739 27
739 738 36
738 737 50
737 736 28
736 735 11
735 734 15
734 733 11
733 732 8
732 731 14
731 730 6
730 729 21
729 728 24
728 727 5
727 726 2
726 725 19
725 724 5
724 723 23
723 722 22
722 721 18
721 720 50
720 719 19
719 718 15
718 717 18
717 716 25
716 715 12
715 714 26
714 713 12
713 712 25
712 711 14
711 710 17
710 709 1
709 708 27
708 707 2
707 757 10
757 807 6
807 806 25
806 805 1
805 804 3
804 803 4
803 802 30
802 801 17
801 751 6
801 851 3
851 852 17
852 853 30
853 854 4
854 855 3
855 856 1
856 857 25
857 858 2
858 859 27
859 860 1
860 861 17
861 862 14
862 863 25
863 864 12
864 865 26
865 866 12
866 867 25
867 868 18
868 869 15
869 870 19
870 871 50
871 872 18
872 873 22
873 874 23
874 875 5
875 876 19
876 877 2
877 878 5
878 879 24
879 880 21
880 881 6
881 882 14
882 883 8
883 884 11
884 885 15
885 886 11
886 887 28
887 888 50
888 889 36
889 890 27
890 891 21
891 892 9
892 893 14
893 894 38
894 895 38
895 896 8
896 897 14
897 898 83
898 899 54
899 900 22
900 850 3
850 849 22
849 848 54
848 847 83
847 846 14
846 845 8
845 844 38
844 843 38
843 842 14
842 841 9
841 840 21
840 839 27
839 838 36
838 837 50
837 836 28
836 835 11
835 834 15
834 833 11
833 832 8
832 831 14
831 830 6
830 829 21
829 828 24
828 827 5
827 826 2
826 825 19
825 824 5
824 823 23
823 822 22
822 821 18
821 820 50
820 819 19
819 818 15
818 817 18
817 816 25
816 815 12
815 814 26
814 813 12
813 812 25
812 811 14
811 810 17
810 809 1
809 808 27
808 807 2
807 857 3
857 907 8
907 906 25
906 905 1
905 904 3
904 903 4
903 902 30
902 901 17
901 851 8
901 951 5
951 952 17
952 953 30
953 954 4
954 955 3
955 956 1
956 957 25
957 958 2
958 959 27
959 960 1
960 961 17
961 962 14
962 963 25
963 964 12
964 965 26
965 966 12
966 967 25
967 968 18
968 969 15
969 970 19
970 971 50
971 972 18
972 973 22
973 974 23
974 975 5
975 976 19
976 977 2
977 978 5
978 979 24
979 980 21
980 981 6
981 982 14
982 983 8
983 984 11
984 985 15
985 986 11
986 987 28
987 988 50
988 989 36
989 990 27
990 991 21
991 992 9
992 993 14
993 994 38
994 995 38
995 996 8
996 997 14
997 998 83
998 999 54
999 1000 22
1000 950 5
950 949 22
949 948 54
948 947 83
947 946 14
946 945 8
945 944 38
944 943 38
943 942 14
942 941 9
941 940 21
940 939 27
939 938 36
938 937 50
937 936 28
936 935 11
935 934 15
934 933 11
933 932 8
932 931 14
931 930 6
930 929 21
929 928 24
928 927 5
927 926 2
926 925 19
925 924 5
924 923 23
923 922 22
922 921 18
921 920 50
920 919 19
919 918 15
918 917 18
917 916 25
916 915 12
915 914 26
914 913 12
913 912 25
912 911 14
911 910 17
910 909 1
909 908 27
908 907 2
907 957 5
957 1007 2
1007 1006 25
1006 1005 1
1005 1004 3
1004 1003 4
1003 1002 30
1002 1001 17
1001 951 2
1001 1051 1
1051 1052 17
1052 1053 30
1053 1054 4
1054 1055 3
1055 1056 1
1056 1057 25
1057 1058 2
1058 1059 27
1059 1060 1
1060 1061 17
1061 1062 14
1062 1063 25
1063 1064 12
1064 1065 26
1065 1066 12
1066 1067 25
1067 1068 18
1068 1069 15
1069 1070 19
1070 1071 50
1071 1072 18
1072 1073 22
1073 1074 23
1074 1075 5
1075 1076 19
1076 1077 2
1077 1078 5
1078 1079 24
1079 1080 21
1080 1081 6
1081 1082 14
1082 1083 8
1083 1084 11
1084 1085 15
1085 1086 11
1086 1087 28
1087 1088 50
1088 1089 36
1089 1090 27
1090 1091 21
1091 1092 9
1092 1093 14
1093 1094 38
1094 1095 38
1095 1096 8
1096 1097 14
1097 1098 83
1098 1099 54
1099 1100 22
1100 1050 1
1050 1049 22
1049 1048 54
1048 1047 83
1047 1046 14
1046 1045 8
1045 1044 38
1044 1043 38
1043 1042 14
1042 1041 9
1041 1040 21
1040 1039 27
1039 1038 36
1038 1037 50
1037 1036 28
1036 1035 11
1035 1034 15
1034 1033 11
1033 1032 8
1032 1031 14
1031 1030 6
1030 1029 21
1029 1028 24
1028 1027 5
1027 1026 2
1026 1025 19
1025 1024 5
1024 1023 23
1023 1022 22
1022 1021 18
1021 1020 50
1020 1019 19
1019 1018 15
1018 1017 18
1017 1016 25
1016 1015 12
1015 1014 26
1014 1013 12
1013 1012 25
1012 1011 14
1011 1010 17
1010 1009 1
1009 1008 27
1008 1007 2
1007 1057 1
1057 1107 10
1107 1106 25
1106 1105 1
1105 1104 3
1104 1103 4
1103 1102 30
1102 1101 17
1101 1051 10
1101 1151 42
1151 1152 17
1152 1153 30
1153 1154 4
1154 1155 3
1155 1156 1
1156 1157 25
1157 1158 2
1158 1159 27
1159 1160 1
1160 1161 17
1161 1162 14
1162 1163 25
1163 1164 12
1164 1165 26
1165 1166 12
1166 1167 25
1167 1168 18
1168 1169 15
1169 1170 19
1170 1171 50
1171 1172 18
1172 1173 22
1173 1174 23
1174 1175 5
1175 1176 19
1176 1177 2
1177 1178 5
1178 1179 24
1179 1180 21
1180 1181 6
1181 1182 14
1182 1183 8
1183 1184 11
1184 1185 15
1185 1186 11
1186 1187 28
1187 1188 50
1188 1189 36
1189 1190 27
1190 1191 21
1191 1192 9
1192 1193 14
1193 1194 38
1194 1195 38
1195 1196 8
1196 1197 14
1197 1198 83
1198 1199 54
1199 1200 22
1200 1150 42
1150 1149 22
1149 1148 54
1148 1147 83
1147 1146 14
1146 1145 8
1145 1144 38
1144 1143 38
1143 1142 14
1142 1141 9
1141 1140 21
1140 1139 27
1139 1138 36
1138 1137 50
1137 1136 28
1136 1135 11
1135 1134 15
1134 1133 11
1133 1132 8
1132 1131 14
1131 1130 6
1130 1129 21
1129 1128 24
1128 1127 5
1127 1126 2
1126 1125 19
1125 1124 5
1124 1123 23
1123 1122 22
1122 1121 18
1121 1120 50
1120 1119 19
1119 1118 15
1118 1117 18
1117 1116 25
1116 1115 12
1115 1114 26
1114 1113 12
1113 1112 25
1112 1111 14
1111 1110 17
1110 1109 1
1109 1108 27
1108 1107 2
1107 1157 42
1157 1207 38
1207 1206 25
1206 1205 1
1205 1204 3
1204 1203 4
1203 1202 30
1202 1201 17
1201 1151 38
1201 1251 27
1251 1252 17
1252 1253 30
1253 1254 4
1254 1255 3
1255 1256 1
1256 1257 25
1257 1258 2
1258 1259 27
1259 1260 1
1260 1261 17
1261 1262 14
1262 1263 25
1263 1264 12
1264 1265 26
1265 1266 12
1266 1267 25
1267 1268 18
1268 1269 15
1269 1270 19
1270 1271 50
1271 1272 18
1272 1273 22
1273 1274 23
1274 1275 5
1275 1276 19
1276 1277 2
1277 1278 5
1278 1279 24
1279 1280 21
1280 1281 6
1281 1282 14
1282 1283 8
1283 1284 11
1284 1285 15
1285 1286 11
1286 1287 28
1287 1288 50
1288 1289 36
1289 1290 27
1290 1291 21
1291 1292 9
1292 1293 14
1293 1294 38
1294 1295 38
1295 1296 8
1296 1297 14
1297 1298 83
1298 1299 54
1299 1300 22
1300 1250 27
1250 1249 22
1249 1248 54
1248 1247 83
1247 1246 14
1246 1245 8
1245 1244 38
1244 1243 38
1243 1242 14
1242 1241 9
1241 1240 21
1240 1239 27
1239 1238 36
1238 1237 50
1237 1236 28
1236 1235 11
1235 1234 15
1234 1233 11
1233 1232 8
1232 1231 14
1231 1230 6
1230 1229 21
1229 1228 24
1228 1227 5
1227 1226 2
1226 1225 19
1225 1224 5
1224 1223 23
1223 1222 22
1222 1221 18
1221 1220 50
1220 1219 19
1219 1218 15
1218 1217 18
1217 1216 25
1216 1215 12
1215 1214 26
1214 1213 12
1213 1212 25
1212 1211 14
1211 1210 17
1210 1209 1
1209 1208 27
1208 1207 2
1207 1257 27
1257 1307 9
1307 1306 25
1306 1305 1
1305 1304 3
1304 1303 4
1303 1302 30
1302 1301 17
1301 1251 9
1301 1351 7
1351 1352 17
1352 1353 30
1353 1354 4
1354 1355 3
1355 1356 1
1356 1357 25
1357 1358 2
1358 1359 27
1359 1360 1
1360 1361 17
1361 1362 14
1362 1363 25
1363 1364 12
1364 1365 26
1365 1366 12
1366 1367 25
1367 1368 18
1368 1369 15
1369 1370 19
1370 1371 50
1371 1372 18
1372 1373 22
1373 1374 23
1374 1375 5
1375 1376 19
1376 1377 2
1377 1378 5
1378 1379 24
1379 1380 21
1380 1381 6
1381 1382 14
1382 1383 8
1383 1384 11
1384 1385 15
1385 1386 11
1386 1387 28
1387 1388 50
1388 1389 36
1389 1390 27
1390 1391 21
1391 1392 9
1392 1393 14
1393 1394 38
1394 1395 38
1395 1396 8
1396 1397 14
1397 1398 83
1398 1399 54
1399 1400 22
1400 1350 7
1350 1349 22
1349 1348 54
1348 1347 83
1347 1346 14
1346 1345 8
1345 1344 38
1344 1343 38
1343 1342 14
1342 1341 9
1341 1340 21
1340 1339 27
1339 1338 36
1338 1337 50
1337 1336 28
1336 1335 11
1335 1334 15
1334 1333 11
1333 1332 8
1332 1331 14
1331 1330 6
1330 1329 21
1329 1328 24
1328 1327 5
1327 1326 2
1326 1325 19
1325 1324 5
1324 1323 23
1323 1322 22
1322 1321 18
1321 1320 50
1320 1319 19
1319 1318 15
1318 1317 18
1317 1316 25
1316 1315 12
1315 1314 26
1314 1313 12
1313 1312 25
1312 1311 14
1311 1310 17
1310 1309 1
1309 1308 27
1308 1307 2
1307 1357 7
1357 1407 46
1407 1406 25
1406 1405 1
1405 1404 3
1404 1403 4
1403 1402 30
1402 1401 17
1401 1351 46
1401 1451 5
1451 1452 17
1452 1453 30
1453 1454 4
1454 1455 3
1455 1456 1
1456 1457 25
1457 1458 2
1458 1459 27
1459 1460 1
1460 1461 17
1461 1462 14
1462 1463 25
1463 1464 12
1464 1465 26
1465 1466 12
1466 1467 25
1467 1468 18
1468 1469 15
1469 1470 19
1470 1471 50
1471 1472 18
1472 1473 22
1473 1474 23
1474 1475 5
1475 1476 19
1476 1477 2
1477 1478 5
1478 1479 24
1479 1480 21
1480 1481 6
1481 1482 14
1482 1483 8
1483 1484 11
1484 1485 15
1485 1486 11
1486 1487 28
1487 1488 50
1488 1489 36
1489 1490 27
1490 1491 21
1491 1492 9
1492 1493 14
1493 1494 38
1494 1495 38
1495 1496 8
1496 1497 14
1497 1498 83
1498 1499 54
1499 1500 22
1500 1450 5
1450 1449 22
1449 1448 54
1448 1447 83
1447 1446 14
1446 1445 8
1445 1444 38
1444 1443 38
1443 1442 14
1442 1441 9
1441 1440 21
1440 1439 27
1439 1438 36
1438 1437 50
1437 1436 28
1436 1435 11
1435 1434 15
1434 1433 11
1433 1432 8
1432 1431 14
1431 1430 6
1430 1429 21
1429 1428 24
1428 1427 5
1427 1426 2
1426 1425 19
1425 1424 5
1424 1423 23
1423 1422 22
1422 1421 18
1421 1420 50
1420 1419 19
1419 1418 15
1418 1417 18
1417 1416 25
1416 1415 12
1415 1414 26
1414 1413 12
1413 1412 25
1412 1411 14
1411 1410 17
1410 1409 1
1409 1408 27
1408 1407 2
1407 1457 5
1457 1507 9
1507 1506 25
1506 1505 1
1505 1504 3
1504 1503 4
1503 1502 30
1502 1501 17
1501 1451 9
1501 1551 6
1551 1552 17
1552 1553 30
1553 1554 4
1554 1555 3
1555 1556 1
1556 1557 25
1557 1558 2
1558 1559 27
1559 1560 1
1560 1561 17
1561 1562 14
1562 1563 25
1563 1564 12
1564 1565 26
1565 1566 12
1566 1567 25
1567 1568 18
1568 1569 15
1569 1570 19
1570 1571 50
1571 1572 18
1572 1573 22
1573 1574 23
1574 1575 5
1575 1576 19
1576 1577 2
1577 1578 5
1578 1579 24
1579 1580 21
1580 1581 6
1581 1582 14
1582 1583 8
1583 1584 11
1584 1585 15
1585 1586 11
1586 1587 28
1587 1588 50
1588 1589 36
1589 1590 27
1590 1591 21
1591 1592 9
1592 1593 14
1593 1594 38
1594 1595 38
1595 1596 8
1596 1597 14
1597 1598 83
1598 1599 54
1599 1600 22
1600 1550 6
1550 1549 22
1549 1548 54
1548 1547 83
1547 1546 14
1546 1545 8
1545 1544 38
1544 1543 38
1543 1542 14
1542 1541 9
1541 1540 21
1540 1539 27
1539 1538 36
1538 1537 50
1537 1536 28
1536 1535 11
1535 1534 15
1534 1533 11
1533 1532 8
1532 1531 14
1531 1530 6
1530 1529 21
1529 1528 24
1528 1527 5
1527 1526 2
1526 1525 19
1525 1524 5
1524 1523 23
1523 1522 22
1522 1521 18
1521 1520 50
1520 1519 19
1519 1518 15
1518 1517 18
1517 1516 25
1516 1515 12
1515 1514 26
1514 1513 12
1513 1512 25
1512 1511 14
1511 1510 17
1510 1509 1
1509 1508 27
1508 1507 2
1507 1557 6
1557 1607 22
1607 1606 25
1606 1605 1
1605 1604 3
1604 1603 4
1603 1602 30
1602 1601 17
1601 1551 22
1601 1651 8
1651 1652 17
1652 1653 30
1653 1654 4
1654 1655 3
1655 1656 1
1656 1657 25
1657 1658 2
1658 1659 27
1659 1660 1
1660 1661 17
1661 1662 14
1662 1663 25
1663 1664 12
1664 1665 26
1665 1666 12
1666 1667 25
1667 1668 18
1668 1669 15
1669 1670 19
1670 1671 50
1671 1672 18
1672 1673 22
1673 1674 23
1674 1675 5
1675 1676 19
1676 1677 2
1677 1678 5
1678 1679 24
1679 1680 21
1680 1681 6
1681 1682 14
1682 1683 8
1683 1684 11
1684 1685 15
1685 1686 11
1686 1687 28
1687 1688 50
1688 1689 36
1689 1690 27
1690 1691 21
1691 1692 9
1692 1693 14
1693 1694 38
1694 1695 38
1695 1696 8
1696 1697 14
1697 1698 83
1698 1699 54
1699 1700 22
1700 1650 8
1650 1649 22
1649 1648 54
1648 1647 83
1647 1646 14
1646 1645 8
1645 1644 38
1644 1643 38
1643 1642 14
1642 1641 9
1641 1640 21
1640 1639 27
1639 1638 36
1638 1637 50
1637 1636 28
1636 1635 11
1635 1634 15
1634 1633 11
1633 1632 8
1632 1631 14
1631 1630 6
1630 1629 21
1629 1628 24
1628 1627 5
1627 1626 2
1626 1625 19
1625 1624 5
1624 1623 23
1623 1622 22
1622 1621 18
1621 1620 50
1620 1619 19
1619 1618 15
1618 1617 18
1617 1616 25
1616 1615 12
1615 1614 26
1614 1613 12
1613 1612 25
1612 1611 14
1611 1610 17
1610 1609 1
1609 1608 27
1608 1607 2
1607 1657 8
1657 1707 9
1707 1706 25
1706 1705 1
1705 1704 3
1704 1703 4
1703 1702 30
1702 1701 17
1701 1651 9
1701 1751 15
1751 1752 17
1752 1753 30
1753 1754 4
1754 1755 3
1755 1756 1
1756 1757 25
1757 1758 2
1758 1759 27
1759 1760 1
1760 1761 17
1761 1762 14
1762 1763 25
1763 1764 12
1764 1765 26
1765 1766 12
1766 1767 25
1767 1768 18
1768 1769 15
1769 1770 19
1770 1771 50
1771 1772 18
1772 1773 22
1773 1774 23
1774 1775 5
1775 1776 19
1776 1777 2
1777 1778 5
1778 1779 24
1779 1780 21
1780 1781 6
1781 1782 14
1782 1783 8
1783 1784 11
1784 1785 15
1785 1786 11
1786 1787 28
1787 1788 50
1788 1789 36
1789 1790 27
1790 1791 21
1791 1792 9
1792 1793 14
1793 1794 38
1794 1795 38
1795 1796 8
1796 1797 14
1797 1798 83
1798 1799 54
1799 1800 22
1800 1750 15
1750 1749 22
1749 1748 54
1748 1747 83
1747 1746 14
1746 1745 8
1745 1744 38
1744 1743 38
1743 1742 14
1742 1741 9
1741 1740 21
1740 1739 27
1739 1738 36
1738 1737 50
1737 1736 28
1736 1735 11
1735 1734 15
1734 1733 11
1733 1732 8
1732 1731 14
1731 1730 6
1730 1729 21
1729 1728 24
1728 1727 5
1727 1726 2
1726 1725 19
1725 1724 5
1724 1723 23
1723 1722 22
1722 1721 18
1721 1720 50
1720 1719 19
1719 1718 15
1718 1717 18
1717 1716 25
1716 1715 12
1715 1714 26
1714 1713 12
1713 1712 25
1712 1711 14
1711 1710 17
1710 1709 1
1709 1708 27
1708 1707 2
1707 1757 15
1757 1807 31
1807 1806 25
1806 1805 1
1805 1804 3
1804 1803 4
1803 1802 30
1802 1801 17
1801 1751 31
1801 1851 17
1851 1852 17
1852 1853 30
1853 1854 4
1854 1855 3
1855 1856 1
1856 1857 25
1857 1858 2
1858 1859 27
1859 1860 1
1860 1861 17
1861 1862 14
1862 1863 25
1863 1864 12
1864 1865 26
1865 1866 12
1866 1867 25
1867 1868 18
1868 1869 15
1869 1870 19
1870 1871 50
1871 1872 18
1872 1873 22
1873 1874 23
1874 1875 5
1875 1876 19
1876 1877 2
1877 1878 5
1878 1879 24
1879 1880 21
1880 1881 6
1881 1882 14
1882 1883 8
1883 1884 11
1884 1885 15
1885 1886 11
1886 1887 28
1887 1888 50
1888 1889 36
1889 1890 27
1890 1891 21
1891 1892 9
1892 1893 14
1893 1894 38
1894 1895 38
1895 1896 8
1896 1897 14
1897 1898 83
1898 1899 54
1899 1900 22
1900 1850 17
1850 1849 22
1849 1848 54
1848 1847 83
1847 1846 14
1846 1845 8
1845 1844 38
1844 1843 38
1843 1842 14
1842 1841 9
1841 1840 21
1840 1839 27
1839 1838 36
1838 1837 50
1837 1836 28
1836 1835 11
1835 1834 15
1834 1833 11
1833 1832 8
1832 1831 14
1831 1830 6
1830 1829 21
1829 1828 24
1828 1827 5
1827 1826 2
1826 1825 19
1825 1824 5
1824 1823 23
1823 1822 22
1822 1821 18
1821 1820 50
1820 1819 19
1819 1818 15
1818 1817 18
1817 1816 25
1816 1815 12
1815 1814 26
1814 1813 12
1813 1812 25
1812 1811 14
1811 1810 17
1810 1809 1
1809 1808 27
1808 1807 2
1807 1857 17
1857 1907 11
1907 1906 25
1906 1905 1
1905 1904 3
1904 1903 4
1903 1902 30
1902 1901 17
1901 1851 11
1901 1951 7
1951 1952 17
1952 1953 30
1953 1954 4
1954 1955 3
1955 1956 1
1956 1957 25
1957 1958 2
1958 1959 27
1959 1960 1
1960 1961 17
1961 1962 14
1962 1963 25
1963 1964 12
1964 1965 26
1965 1966 12
1966 1967 25
1967 1968 18
1968 1969 15
1969 1970 19
1970 1971 50
1971 1972 18
1972 1973 22
1973 1974 23
1974 1975 5
1975 1976 19
1976 1977 2
1977 1978 5
1978 1979 24
1979 1980 21
1980 1981 6
1981 1982 14
1982 1983 8
1983 1984 11
1984 1985 15
1985 1986 11
1986 1987 28
1987 1988 50
1988 1989 36
1989 1990 27
1990 1991 21
1991 1992 9
1992 1993 14
1993 1994 38
1994 1995 38
1995 1996 8
1996 1997 14
1997 1998 83
1998 1999 54
1999 2000 22
2000 1950 7
1950 1949 22
1949 1948 54
1948 1947 83
1947 1946 14
1946 1945 8
1945 1944 38
1944 1943 38
1943 1942 14
1942 1941 9
1941 1940 21
1940 1939 27
1939 1938 36
1938 1937 50
1937 1936 28
1936 1935 11
1935 1934 15
1934 1933 11
1933 1932 8
1932 1931 14
1931 1930 6
1930 1929 21
1929 1928 24
1928 1927 5
1927 1926 2
1926 1925 19
1925 1924 5
1924 1923 23
1923 1922 22
1922 1921 18
1921 1920 50
1920 1919 19
1919 1918 15
1918 1917 18
1917 1916 25
1916 1915 12
1915 1914 26
1914 1913 12
1913 1912 25
1912 1911 14
1911 1910 17
1910 1909 1
1909 1908 27
1908 1907 2
1907 1957 7
1957 2007 14
2007 2006 25
2006 2005 1
2005 2004 3
2004 2003 4
2003 2002 30
2002 2001 17
2001 1951 14
2001 2051 14
2051 2052 17
2052 2053 30
2053 2054 4
2054 2055 3
2055 2056 1
2056 2057 25
2057 2058 2
2058 2059 27
2059 2060 1
2060 2061 17
2061 2062 14
2062 2063 25
2063 2064 12
2064 2065 26
2065 2066 12
2066 2067 25
2067 2068 18
2068 2069 15
2069 2070 19
2070 2071 50
2071 2072 18
2072 2073 22
2073 2074 23
2074 2075 5
2075 2076 19
2076 2077 2
2077 2078 5
2078 2079 24
2079 2080 21
2080 2081 6
2081 2082 14
2082 2083 8
2083 2084 11
2084 2085 15
2085 2086 11
2086 2087 28
2087 2088 50
2088 2089 36
2089 2090 27
2090 2091 21
2091 2092 9
2092 2093 14
2093 2094 38
2094 2095 38
2095 2096 8
2096 2097 14
2097 2098 83
2098 2099 54
2099 2100 22
2100 2050 14
2050 2049 22
2049 2048 54
2048 2047 83
2047 2046 14
2046 2045 8
2045 2044 38
2044 2043 38
2043 2042 14
2042 2041 9
2041 2040 21
2040 2039 27
2039 2038 36
2038 2037 50
2037 2036 28
2036 2035 11
2035 2034 15
2034 2033 11
2033 2032 8
2032 2031 14
2031 2030 6
2030 2029 21
2029 2028 24
2028 2027 5
2027 2026 2
2026 2025 19
2025 2024 5
2024 2023 23
2023 2022 22
2022 2021 18
2021 2020 50
2020 2019 19
2019 2018 15
2018 2017 18
2017 2016 25
2016 2015 12
2015 2014 26
2014 2013 12
2013 2012 25
2012 2011 14
2011 2010 17
2010 2009 1
2009 2008 27
2008 2007 2
2007 2057 14
2057 2107 18
2107 2106 25
2106 2105 1
2105 2104 3
2104 2103 4
2103 2102 30
2102 2101 17
2101 2051 18
2101 2151 35
2151 2152 17
2152 2153 30
2153 2154 4
2154 2155 3
2155 2156 1
2156 2157 25
2157 2158 2
2158 2159 27
2159 2160 1
2160 2161 17
2161 2162 14
2162 2163 25
2163 2164 12
2164 2165 26
2165 2166 12
2166 2167 25
2167 2168 18
2168 2169 15
2169 2170 19
2170 2171 50
2171 2172 18
2172 2173 22
2173 2174 23
2174 2175 5
2175 2176 19
2176 2177 2
2177 2178 5
2178 2179 24
2179 2180 21
2180 2181 6
2181 2182 14
2182 2183 8
2183 2184 11
2184 2185 15
2185 2186 11
2186 2187 28
2187 2188 50
2188 2189 36
2189 2190 27
2190 2191 21
2191 2192 9
2192 2193 14
2193 2194 38
2194 2195 38
2195 2196 8
2196 2197 14
2197 2198 83
2198 2199 54
2199 2200 22
2200 2150 35
2150 2149 22
2149 2148 54
2148 2147 83
2147 2146 14
2146 2145 8
2145 2144 38
2144 2143 38
2143 2142 14
2142 2141 9
2141 2140 21
2140 2139 27
2139 2138 36
2138 2137 50
2137 2136 28
2136 2135 11
2135 2134 15
2134 2133 11
2133 2132 8
2132 2131 14
2131 2130 6
2130 2129 21
2129 2128 24
2128 2127 5
2127 2126 2
2126 2125 19
2125 2124 5
2124 2123 23
2123 2122 22
2122 2121 18
2121 2120 50
2120 2119 19
2119 2118 15
2118 2117 18
2117 2116 25
2116 2115 12
2115 2114 26
2114 2113 12
2113 2112 25
2112 2111 14
2111 2110 17
2110 2109 1
2109 2108 27
2108 2107 2
2107 2157 35
2157 2207 47
2207 2206 25
2206 2205 1
2205 2204 3
2204 2203 4
2203 2202 30
2202 2201 17
2201 2151 47
2201 2251 16
2251 2252 17
2252 2253 30
2253 2254 4
2254 2255 3
2255 2256 1
2256 2257 25
2257 2258 2
2258 2259 27
2259 2260 1
2260 2261 17
2261 2262 14
2262 2263 25
2263 2264 12
2264 2265 26
2265 2266 12
2266 2267 25
2267 2268 18
2268 2269 15
2269 2270 19
2270 2271 50
2271 2272 18
2272 2273 22
2273 2274 23
2274 2275 5
2275 2276 19
2276 2277 2
2277 2278 5
2278 2279 24
2279 2280 21
2280 2281 6
2281 2282 14
2282 2283 8
2283 2284 11
2284 2285 15
2285 2286 11
2286 2287 28
2287 2288 50
2288 2289 36
2289 2290 27
2290 2291 21
2291 2292 9
2292 2293 14
2293 2294 38
2294 2295 38
2295 2296 8
2296 2297 14
2297 2298 83
2298 2299 54
2299 2300 22
2300 2250 16
2250 2249 22
2249 2248 54
2248 2247 83
2247 2246 14
2246 2245 8
2245 2244 38
2244 2243 38
2243 2242 14
2242 2241 9
2241 2240 21
2240 2239 27
2239 2238 36
2238 2237 50
2237 2236 28
2236 2235 11
2235 2234 15
2234 2233 11
2233 2232 8
2232 2231 14
2231 2230 6
2230 2229 21
2229 2228 24
2228 2227 5
2227 2226 2
2226 2225 19
2225 2224 5
2224 2223 23
2223 2222 22
2222 2221 18
2221 2220 50
2220 2219 19
2219 2218 15
2218 2217 18
2217 2216 25
2216 2215 12
2215 2214 26
2214 2213 12
2213 2212 25
2212 2211 14
2211 2210 17
2210 2209 1
2209 2208 27
2208 2207 2
2207 2257 16
2257 2307 17
2307 2306 25
2306 2305 1
2305 2304 3
2304 2303 4
2303 2302 30
2302 2301 17
2301 2251 17
2301 2351 5
2351 2352 17
2352 2353 30
2353 2354 4
2354 2355 3
2355 2356 1
2356 2357 25
2357 2358 2
2358 2359 27
2359 2360 1
2360 2361 17
2361 2362 14
2362 2363 25
2363 2364 12
2364 2365 26
2365 2366 12
2366 2367 25
2367 2368 18
2368 2369 15
2369 2370 19
2370 2371 50
2371 2372 18
2372 2373 22
2373 2374 23
2374 2375 5
2375 2376 19
2376 2377 2
2377 2378 5
2378 2379 24
2379 2380 21
2380 2381 6
2381 2382 14
2382 2383 8
2383 2384 11
2384 2385 15
2385 2386 11
2386 2387 28
2387 2388 50
2388 2389 36
2389 2390 27
2390 2391 21
2391 2392 9
2392 2393 14
2393 2394 38
2394 2395 38
2395 2396 8
2396 2397 14
2397 2398 83
2398 2399 54
2399 2400 22
2400 2350 5
2350 2349 22
2349 2348 54
2348 2347 83
2347 2346 14
2346 2345 8
2345 2344 38
2344 2343 38
2343 2342 14
2342 2341 9
2341 2340 21
2340 2339 27
2339 2338 36
2338 2337 50
2337 2336 28
2336 2335 11
2335 2334 15
2334 2333 11
2333 2332 8
2332 2331 14
2331 2330 6
2330 2329 21
2329 2328 24
2328 2327 5
2327 2326 2
2326 2325 19
2325 2324 5
2324 2323 23
2323 2322 22
2322 2321 18
2321 2320 50
2320 2319 19
2319 2318 15
2318 2317 18
2317 2316 25
2316 2315 12
2315 2314 26
2314 2313 12
2313 2312 25
2312 2311 14
2311 2310 17
2310 2309 1
2309 2308 27
2308 2307 2
2307 2357 5
2357 2407 37
2407 2406 25
2406 2405 1
2405 2404 3
2404 2403 4
2403 2402 30
2402 2401 17
2401 2351 37
2401 2451 14
2451 2452 17
2452 2453 30
2453 2454 4
2454 2455 3
2455 2456 1
2456 2457 25
2457 2458 2
2458 2459 27
2459 2460 1
2460 2461 17
2461 2462 14
2462 2463 25
2463 2464 12
2464 2465 26
2465 2466 12
2466 2467 25
2467 2468 18
2468 2469 15
2469 2470 19
2470 2471 50
2471 2472 18
2472 2473 22
2473 2474 23
2474 2475 5
2475 2476 19
2476 2477 2
2477 2478 5
2478 2479 24
2479 2480 21
2480 2481 6
2481 2482 14
2482 2483 8
2483 2484 11
2484 2485 15
2485 2486 11
2486 2487 28
2487 2488 50
2488 2489 36
2489 2490 27
2490 2491 21
2491 2492 9
2492 2493 14
2493 2494 38
2494 2495 38
2495 2496 8
2496 2497 14
2497 2498 83
2498 2499 54
2499 2500 22
2500 2450 14
2450 2449 22
2449 2448 54
2448 2447 83
2447 2446 14
2446 2445 8
2445 2444 38
2444 2443 38
2443 2442 14
2442 2441 9
2441 2440 21
2440 2439 27
2439 2438 36
2438 2437 50
2437 2436 28
2436 2435 11
2435 2434 15
2434 2433 11
2433 2432 8
2432 2431 14
2431 2430 6
2430 2429 21
2429 2428 24
2428 2427 5
2427 2426 2
2426 2425 19
2425 2424 5
2424 2423 23
2423 2422 22
2422 2421 18
2421 2420 50
2420 2419 19
2419 2418 15
2418 2417 18
2417 2416 25
2416 2415 12
2415 2414 26
2414 2413 12
2413 2412 25
2412 2411 14
2411 2410 17
2410 2409 1
2409 2408 27
2408 2407 2
2407 2457 14
2408 2358 37
2358 2308 5
2308 2258 17
2258 2208 16
2208 2158 47
2158 2108 35
2108 2058 18
2058 2008 14
2008 1958 14
1958 1908 7
1908 1858 11
1858 1808 17
1808 1758 31
1758 1708 15
1708 1658 9
1658 1608 8
1608 1558 22
1558 1508 6
1508 1458 9
1458 1408 5
1408 1358 46
1358 1308 7
1308 1258 9
1258 1208 27
1208 1158 38
1158 1108 42
1108 1058 10
1058 1008 1
1008 958 2
958 908 5
908 858 8
858 808 3
808 758 6
758 708 10
708 658 12
658 608 4
608 558 2
558 508 2
508 458 93
458 408 9
408 358 44
358 308 52
308 258 1
258 208 1
208 158 12
158 108 29
108 58 1
58 8 27
2408 2458 14
2409 2359 37
2359 2309 5
2309 2259 17
2259 2209 16
2209 2159 47
2159 2109 35
2109 2059 18
2059 2009 14
2009 1959 14
1959 1909 7
1909 1859 11
1859 1809 17
1809 1759 31
1759 1709 15
1709 1659 9
1659 1609 8
1609 1559 22
1559 1509 6
1509 1459 9
1459 1409 5
1409 1359 46
1359 1309 7
1309 1259 9
1259 1209 27
1209 1159 38
1159 1109 42
1109 1059 10
1059 1009 1
1009 959 2
959 909 5
909 859 8
859 809 3
809 759 6
759 709 10
709 659 12
659 609 4
609 559 2
559 509 2
509 459 93
459 409 9
409 359 44
359 309 52
309 259 1
259 209 1
209 159 12
159 109 29
109 59 1
59 9 27
2409 2459 14
2410 2360 37
2360 2310 5
2310 2260 17
2260 2210 16
2210 2160 47
2160 2110 35
2110 2060 18
2060 2010 14
2010 1960 14
1960 1910 7
1910 1860 11
1860 1810 17
1810 1760 31
1760 1710 15
1710 1660 9
1660 1610 8
1610 1560 22
1560 1510 6
1510 1460 9
1460 1410 5
1410 1360 46
1360 1310 7
1310 1260 9
1260 1210 27
1210 1160 38
1160 1110 42
1110 1060 10
1060 1010 1
1010 960 2
960 910 5
910 860 8
860 810 3
810 760 6
760 710 10
710 660 12
660 610 4
610 560 2
560 510 2
510 460 93
460 410 9
410 360 44
360 310 52
310 260 1
260 210 1
210 160 12
160 110 29
110 60 1
60 10 27
2410 2460 14
2411 2361 37
2361 2311 5
2311 2261 17
2261 2211 16
2211 2161 47
2161 2111 35
2111 2061 18
2061 2011 14
2011 1961 14
1961 1911 7
1911 1861 11
1861 1811 17
1811 1761 31
1761 1711 15
1711 1661 9
1661 1611 8
1611 1561 22
1561 1511 6
1511 1461 9
1461 1411 5
1411 1361 46
1361 1311 7
1311 1261 9
1261 1211 27
1211 1161 38
1161 1111 42
1111 1061 10
1061 1011 1
1011 961 2
961 911 5
911 861 8
861 811 3
811 761 6
761 711 10
711 661 12
661 611 4
611 561 2
561 511 2
511 461 93
461 411 9
411 361 44
361 311 52
311 261 1
261 211 1
211 161 12
161 111 29
111 61 1
61 11 27
2411 2461 14
2412 2362 37
2362 2312 5
2312 2262 17
2262 2212 16
2212 2162 47
2162 2112 35
2112 2062 18
2062 2012 14
2012 1962 14
1962 1912 7
1912 1862 11
1862 1812 17
1812 1762 31
1762 1712 15
1712 1662 9
1662 1612 8
1612 1562 22
1562 1512 6
1512 1462 9
1462 1412 5
1412 1362 46
1362 1312 7
1312 1262 9
1262 1212 27
1212 1162 38
1162 1112 42
1112 1062 10
1062 1012 1
1012 962 2
962 912 5
912 862 8
862 812 3
812 762 6
762 712 10
712 662 12
662 612 4
612 562 2
562 512 2
512 462 93
462 412 9
412 362 44
362 312 52
312 262 1
262 212 1
212 162 12
162 112 29
112 62 1
62 12 27
2412 2462 14
2413 2363 37
2363 2313 5
2313 2263 17
2263 2213 16
2213 2163 47
2163 2113 35
2113 2063 18
2063 2013 14
2013 1963 14
1963 1913 7
1913 1863 11
1863 1813 17
1813 1763 31
1763 1713 15
1713 1663 9
1663 1613 8
1613 1563 22
1563 1513 6
1513 1463 9
1463 1413 5
1413 1363 46
1363 1313 7
1313 1263 9
1263 1213 27
1213 1163 38
1163 1113 42
1113 1063 10
1063 1013 1
1013 963 2
963 913 5
913 863 8
863 813 3
813 763 6
763 713 10
713 663 12
663 613 4
613 563 2
563 513 2
513 463 93
463 413 9
413 363 44
363 313 52
313 263 1
263 213 1
213 163 12
163 113 29
113 63 1
63 13 27
2413 2463 14
2414 2364 37
2364 2314 5
2314 2264 17
2264 2214 16
2214 2164 47
2164 2114 35
2114 2064 18
2064 2014 14
2014 1964 14
1964 1914 7
1914 1864 11
1864 1814 17
1814 1764 31
1764 1714 15
1714 1664 9
1664 1614 8
1614 1564 22
1564 1514 6
1514 1464 9
1464 1414 5
1414 1364 46
1364 1314 7
1314 1264 9
1264 1214 27
1214 1164 38
1164 1114 42
1114 1064 10
1064 1014 1
1014 964 2
964 914 5
914 864 8
864 814 3
814 764 6
764 714 10
714 664 12
664 614 4
614 564 2
564 514 2
514 464 93
464 414 9
414 364 44
364 314 52
314 264 1
264 214 1
214 164 12
164 114 29
114 64 1
64 14 27
2414 2464 14
2415 2365 37
2365 2315 5
2315 2265 17
2265 2215 16
2215 2165 47
2165 2115 35
2115 2065 18
2065 2015 14
2015 1965 14
1965 1915 7
1915 1865 11
1865 1815 17
1815 1765 31
1765 1715 15
1715 1665 9
1665 1615 8
1615 1565 22
1565 1515 6
1515 1465 9
1465 1415 5
1415 1365 46
1365 1315 7
1315 1265 9
1265 1215 27
1215 1165 38
1165 1115 42
1115 1065 10
1065 1015 1
1015 965 2
965 915 5
915 865 8
865 815 3
815 765 6
765 715 10
715 665 12
665 615 4
615 565 2
565 515 2
515 465 93
465 415 9
415 365 44
365 315 52
315 265 1
265 215 1
215 165 12
165 115 29
115 65 1
65 15 27
2415 2465 14
2416 2366 37
2366 2316 5
2316 2266 17
2266 2216 16
2216 2166 47
2166 2116 35
2116 2066 18
2066 2016 14
2016 1966 14
1966 1916 7
1916 1866 11
1866 1816 17
1816 1766 31
1766 1716 15
1716 1666 9
1666 1616 8
1616 1566 22
1566 1516 6
1516 1466 9
1466 1416 5
1416 1366 46
1366 1316 7
1316 1266 9
1266 1216 27
1216 1166 38
1166 1116 42
1116 1066 10
1066 1016 1
1016 966 2
966 916 5
916 866 8
866 816 3
816 766 6
766 716 10
716 666 12
666 616 4
616 566 2
566 516 2
516 466 93
466 416 9
416 366 44
366 316 52
316 266 1
266 216 1
216 166 12
166 116 29
116 66 1
66 16 27
2416 2466 14
2417 2367 37
2367 2317 5
2317 2267 17
2267 2217 16
2217 2167 47
2167 2117 35
2117 2067 18
2067 2017 14
2017 1967 14
1967 1917 7
1917 1867 11
1867 1817 17
1817 1767 31
1767 1717 15
1717 1667 9
1667 1617 8
1617 1567 22
1567 1517 6
1517 1467 9
1467 1417 5
1417 1367 46
1367 1317 7
1317 1267 9
1267 1217 27
1217 1167 38
1167 1117 42
1117 1067 10
1067 1017 1
1017 967 2
967 917 5
917 867 8
867 817 3
817 767 6
767 717 10
717 667 12
667 617 4
617 567 2
567 517 2
517 467 93
467 417 9
417 367 44
367 317 52
317 267 1
267 217 1
217 167 12
167 117 29
117 67 1
67 17 27
2417 2467 14
2418 2368 37
2368 2318 5
2318 2268 17
2268 2218 16
2218 2168 47
2168 2118 35
2118 2068 18
2068 2018 14
2018 1968 14
1968 1918 7
1918 1868 11
1868 1818 17
1818 1768 31
1768 1718 15
1718 1668 9
1668 1618 8
1618 1568 22
1568 1518 6
1518 1468 9
1468 1418 5
1418 1368 46
1368 1318 7
1318 1268 9
1268 1218 27
1218 1168 38
1168 1118 42
1118 1068 10
1068 1018 1
1018 968 2
968 918 5
918 868 8
868 818 3
818 768 6
768 718 10
718 668 12
668 618 4
618 568 2
568 518 2
518 468 93
468 418 9
418 368 44
368 318 52
318 268 1
268 218 1
218 168 12
168 118 29
118 68 1
68 18 27
2418 2468 14
2419 2369 37
2369 2319 5
2319 2269 17
2269 2219 16
2219 2169 47
2169 2119 35
2119 2069 18
2069 2019 14
2019 1969 14
1969 1919 7
1919 1869 11
1869 1819 17
1819 1769 31
1769 1719 15
1719 1669 9
1669 1619 8
1619 1569 22
1569 1519 6
1519 1469 9
1469 1419 5
1419 1369 46
1369 1319 7
1319 1269 9
1269 1219 27
1219 1169 38
1169 1119 42
1119 1069 10
1069 1019 1
1019 969 2
969 919 5
919 869 8
869 819 3
819 769 6
769 719 10
719 669 12
669 619 4
619 569 2
569 519 2
519 469 93
469 419 9
419 369 44
369 319 52
319 269 1
269 219 1
219 169 12
169 119 29
119 69 1
69 19 27
2419 2469 14
2420 2370 37
2370 2320 5
2320 2270 17
2270 2220 16
2220 2170 47
2170 2120 35
2120 2070 18
2070 2020 14
2020 1970 14
1970 1920 7
1920 1870 11
1870 1820 17
1820 1770 31
1770 1720 15
1720 1670 9
1670 1620 8
1620 1570 22
1570 1520 6
1520 1470 9
1470 1420 5
1420 1370 46
1370 1320 7
1320 1270 9
1270 1220 27
1220 1170 38
1170 1120 42
1120 1070 10
1070 1020 1
1020 970 2
970 920 5
920 870 8
870 820 3
820 770 6
770 720 10
720 670 12
670 620 4
620 570 2
570 520 2
520 470 93
470 420 9
420 370 44
370 320 52
320 270 1
270 220 1
220 170 12
170 120 29
120 70 1
70 20 27
2420 2470 14
2421 2371 37
2371 2321 5
2321 2271 17
2271 2221 16
2221 2171 47
2171 2121 35
2121 2071 18
2071 2021 14
2021 1971 14
1971 1921 7
1921 1871 11
1871 1821 17
1821 1771 31
1771 1721 15
1721 1671 9
1671 1621 8
1621 1571 22
1571 1521 6
1521 1471 9
1471 1421 5
1421 1371 46
1371 1321 7
1321 1271 9
1271 1221 27
1221 1171 38
1171 1121 42
1121 1071 10
1071 1021 1
1021 971 2
971 921 5
921 871 8
871 821 3
821 771 6
771 721 10
721 671 12
671 621 4
621 571 2
571 521 2
521 471 93
471 421 9
421 371 44
371 321 52
321 271 1
271 221 1
221 171 12
171 121 29
121 71 1
71 21 27
2421 2471 14
2422 2372 37
2372 2322 5
2322 2272 17
2272 2222 16
2222 2172 47
2172 2122 35
2122 2072 18
2072 2022 14
2022 1972 14
1972 1922 7
1922 1872 11
1872 1822 17
1822 1772 31
1772 1722 15
1722 1672 9
1672 1622 8
1622 1572 22
1572 1522 6
1522 1472 9
1472 1422 5
1422 1372 46
1372 1322 7
1322 1272 9
1272 1222 27
1222 1172 38
1172 1122 42
1122 1072 10
1072 1022 1
1022 972 2
972 922 5
922 872 8
872 822 3
822 772 6
772 722 10
722 672 12
672 622 4
622 572 2
572 522 2
522 472 93
472 422 9
422 372 44
372 322 52
322 272 1
272 222 1
222 172 12
172 122 29
122 72 1
72 22 27
2422 2472 14
2423 2373 37
2373 2323 5
2323 2273 17
2273 2223 16
2223 2173 47
2173 2123 35
2123 2073 18
2073 2023 14
2023 1973 14
1973 1923 7
1923 1873 11
1873 1823 17
1823 1773 31
1773 1723 15
1723 1673 9
1673 1623 8
1623 1573 22
1573 1523 6
1523 1473 9
1473 1423 5
1423 1373 46
1373 1323 7
1323 1273 9
1273 1223 27
1223 1173 38
1173 1123 42
1123 1073 10
1073 1023 1
1023 973 2
973 923 5
923 873 8
873 823 3
823 773 6
773 723 10
723 673 12
673 623 4
623 573 2
573 523 2
523 473 93
473 423 9
423 373 44
373 323 52
323 273 1
273 223 1
223 173 12
173 123 29
123 73 1
73 23 27
2423 2473 14
2424 2374 37
2374 2324 5
2324 2274 17
2274 2224 16
2224 2174 47
2174 2124 35
2124 2074 18
2074 2024 14
2024 1974 14
1974 1924 7
1924 1874 11
1874 1824 17
1824 1774 31
1774 1724 15
1724 1674 9
1674 1624 8
1624 1574 22
1574 1524 6
1524 1474 9
1474 1424 5
1424 1374 46
1374 1324 7
1324 1274 9
1274 1224 27
1224 1174 38
1174 1124 42
1124 1074 10
1074 1024 1
1024 974 2
974 924 5
924 874 8
874 824 3
824 774 6
774 724 10
724 674 12
674 624 4
624 574 2
574 524 2
524 474 93
474 424 9
424 374 44
374 324 52
324 274 1
274 224 1
224 174 12
174 124 29
124 74 1
74 24 27
2424 2474 14
2425 2375 37
2375 2325 5
2325 2275 17
2275 2225 16
2225 2175 47
2175 2125 35
2125 2075 18
2075 2025 14
2025 1975 14
1975 1925 7
1925 1875 11
1875 1825 17
1825 1775 31
1775 1725 15
1725 1675 9
1675 1625 8
1625 1575 22
1575 1525 6
1525 1475 9
1475 1425 5
1425 1375 46
1375 1325 7
1325 1275 9
1275 1225 27
1225 1175 38
1175 1125 42
1125 1075 10
1075 1025 1
1025 975 2
975 925 5
925 875 8
875 825 3
825 775 6
775 725 10
725 675 12
675 625 4
625 575 2
575 525 2
525 475 93
475 425 9
425 375 44
375 325 52
325 275 1
275 225 1
225 175 12
175 125 29
125 75 1
75 25 27
2425 2475 14
2426 2376 37
2376 2326 5
2326 2276 17
2276 2226 16
2226 2176 47
2176 2126 35
2126 2076 18
2076 2026 14
2026 1976 14
1976 1926 7
1926 1876 11
1876 1826 17
1826 1776 31
1776 1726 15
1726 1676 9
1676 1626 8
1626 1576 22
1576 1526 6
1526 1476 9
1476 1426 5
1426 1376 46
1376 1326 7
1326 1276 9
1276 1226 27
1226 1176 38
1176 1126 42
1126 1076 10
1076 1026 1
1026 976 2
976 926 5
926 876 8
876 826 3
826 776 6
776 726 10
726 676 12
676 626 4
626 576 2
576 526 2
526 476 93
476 426 9
426 376 44
376 326 52
326 276 1
276 226 1
226 176 12
176 126 29
126 76 1
76 26 27
2426 2476 14
2427 2377 37
2377 2327 5
2327 2277 17
2277 2227 16
2227 2177 47
2177 2127 35
2127 2077 18
2077 2027 14
2027 1977 14
1977 1927 7
1927 1877 11
1877 1827 17
1827 1777 31
1777 1727 15
1727 1677 9
1677 1627 8
1627 1577 22
1577 1527 6
1527 1477 9
1477 1427 5
1427 1377 46
1377 1327 7
1327 1277 9
1277 1227 27
1227 1177 38
1177 1127 42
1127 1077 10
1077 1027 1
1027 977 2
977 927 5
927 877 8
877 827 3
827 777 6
777 727 10
727 677 12
677 627 4
627 577 2
577 527 2
527 477 93
477 427 9
427 377 44
377 327 52
327 277 1
277 227 1
227 177 12
177 127 29
127 77 1
77 27 27
2427 2477 14
2428 2378 37
2378 2328 5
2328 2278 17
2278 2228 16
2228 2178 47
2178 2128 35
2128 2078 18
2078 2028 14
2028 1978 14
1978 1928 7
1928 1878 11
1878 1828 17
1828 1778 31
1778 1728 15
1728 1678 9
1678 1628 8
1628 1578 22
1578 1528 6
1528 1478 9
1478 1428 5
1428 1378 46
1378 1328 7
1328 1278 9
1278 1228 27
1228 1178 38
1178 1128 42
1128 1078 10
1078 1028 1
1028 978 2
978 928 5
928 878 8
878 828 3
828 778 6
778 728 10
728 678 12
678 628 4
628 578 2
578 528 2
528 478 93
478 428 9
428 378 44
378 328 52
328 278 1
278 228 1
228 178 12
178 128 29
128 78 1
78 28 27
2428 2478 14
2429 2379 37
2379 2329 5
2329 2279 17
2279 2229 16
2229 2179 47
2179 2129 35
2129 2079 18
2079 2029 14
2029 1979 14
1979 1929 7
1929 1879 11
1879 1829 17
1829 1779 31
1779 1729 15
1729 1679 9
1679 1629 8
1629 1579 22
1579 1529 6
1529 1479 9
1479 1429 5
1429 1379 46
1379 1329 7
1329 1279 9
1279 1229 27
1229 1179 38
1179 1129 42
1129 1079 10
1079 1029 1
1029 979 2
979 929 5
929 879 8
879 829 3
829 779 6
779 729 10
729 679 12
679 629 4
629 579 2
579 529 2
529 479 93
479 429 9
429 379 44
379 329 52
329 279 1
279 229 1
229 179 12
179 129 29
129 79 1
79 29 27
2429 2479 14
2430 2380 37
2380 2330 5
2330 2280 17
2280 2230 16
2230 2180 47
2180 2130 35
2130 2080 18
2080 2030 14
2030 1980 14
1980 1930 7
1930 1880 11
1880 1830 17
1830 1780 31
1780 1730 15
1730 1680 9
1680 1630 8
1630 1580 22
1580 1530 6
1530 1480 9
1480 1430 5
1430 1380 46
1380 1330 7
1330 1280 9
1280 1230 27
1230 1180 38
1180 1130 42
1130 1080 10
1080 1030 1
1030 980 2
980 930 5
930 880 8
880 830 3
830 780 6
780 730 10
730 680 12
680 630 4
630 580 2
580 530 2
530 480 93
480 430 9
430 380 44
380 330 52
330 280 1
280 230 1
230 180 12
180 130 29
130 80 1
80 30 27
2430 2480 14
2431 2381 37
2381 2331 5
2331 2281 17
2281 2231 16
2231 2181 47
2181 2131 35
2131 2081 18
2081 2031 14
2031 1981 14
1981 1931 7
1931 1881 11
1881 1831 17
1831 1781 31
1781 1731 15
1731 1681 9
1681 1631 8
1631 1581 22
1581 1531 6
1531 1481 9
1481 1431 5
1431 1381 46
1381 1331 7
1331 1281 9
1281 1231 27
1231 1181 38
1181 1131 42
1131 1081 10
1081 1031 1
1031 981 2
981 931 5
931 881 8
881 831 3
831 781 6
781 731 10
731 681 12
681 631 4
631 581 2
581 531 2
531 481 93
481 431 9
431 381 44
381 331 52
331 281 1
281 231 1
231 181 12
181 131 29
131 81 1
81 31 27
2431 2481 14
2432 2382 37
2382 2332 5
2332 2282 17
2282 2232 16
2232 2182 47
2182 2132 35
2132 2082 18
2082 2032 14
2032 1982 14
1982 1932 7
1932 1882 11
1882 1832 17
1832 1782 31
1782 1732 15
1732 1682 9
1682 1632 8
1632 1582 22
1582 1532 6
1532 1482 9
1482 1432 5
1432 1382 46
1382 1332 7
1332 1282 9
1282 1232 27
1232 1182 38
1182 1132 42
1132 1082 10
1082 1032 1
1032 982 2
982 932 5
932 882 8
882 832 3
832 782 6
782 732 10
732 682 12
682 632 4
632 582 2
582 532 2
532 482 93
482 432 9
432 382 44
382 332 52
332 282 1
282 232 1
232 182 12
182 132 29
132 82 1
82 32 27
2432 2482 14
2433 2383 37
2383 2333 5
2333 2283 17
2283 2233 16
2233 2183 47
2183 2133 35
2133 2083 18
2083 2033 14
2033 1983 14
1983 1933 7
1933 1883 11
1883 1833 17
1833 1783 31
1783 1733 15
1733 1683 9
1683 1633 8
1633 1583 22
1583 1533 6
1533 1483 9
1483 1433 5
1433 1383 46
1383 1333 7
1333 1283 9
1283 1233 27
1233 1183 38
1183 1133 42
1133 1083 10
1083 1033 1
1033 983 2
983 933 5
933 883 8
883 833 3
833 783 6
783 733 10
733 683 12
683 633 4
633 583 2
583 533 2
533 483 93
483 433 9
433 383 44
383 333 52
333 283 1
283 233 1
233 183 12
183 133 29
133 83 1
83 33 27
2433 2483 14
2434 2384 37
2384 2334 5
2334 2284 17
2284 2234 16
2234 2184 47
2184 2134 35
2134 2084 18
2084 2034 14
2034 1984 14
1984 1934 7
1934 1884 11
1884 1834 17
1834 1784 31
1784 1734 15
1734 1684 9
1684 1634 8
1634 1584 22
1584 1534 6
1534 1484 9
1484 1434 5
1434 1384 46
1384 1334 7
1334 1284 9
1284 1234 27
1234 1184 38
1184 1134 42
1134 1084 10
1084 1034 1
1034 984 2
984 934 5
934 884 8
884 834 3
834 784 6
784 734 10
734 684 12
684 634 4
634 584 2
584 534 2
534 484 93
484 434 9
434 384 44
384 334 52
334 284 1
284 234 1
234 184 12
184 134 29
134 84 1
84 34 27
2434 2484 14
2435 2385 37
2385 2335 5
2335 2285 17
2285 2235 16
2235 2185 47
2185 2135 35
2135 2085 18
2085 2035 14
2035 1985 14
1985 1935 7
1935 1885 11
1885 1835 17
1835 1785 31
1785 1735 15
1735 1685 9
1685 1635 8
1635 1585 22
1585 1535 6
1535 1485 9
1485 1435 5
1435 1385 46
1385 1335 7
1335 1285 9
1285 1235 27
1235 1185 38
1185 1135 42
1135 1085 10
1085 1035 1
1035 985 2
985 935 5
935 885 8
885 835 3
835 785 6
785 735 10
735 685 12
685 635 4
635 585 2
585 535 2
535 485 93
485 435 9
435 385 44
385 335 52
335 285 1
285 235 1
235 185 12
185 135 29
135 85 1
85 35 27
2435 2485 14
2436 2386 37
2386 2336 5
2336 2286 17
2286 2236 16
2236 2186 47
2186 2136 35
2136 2086 18
2086 2036 14
2036 1986 14
1986 1936 7
1936 1886 11
1886 1836 17
1836 1786 31
1786 1736 15
1736 1686 9
1686 1636 8
1636 1586 22
1586 1536 6
1536 1486 9
1486 1436 5
1436 1386 46
1386 1336 7
1336 1286 9
1286 1236 27
1236 1186 38
1186 1136 42
1136 1086 10
1086 1036 1
1036 986 2
986 936 5
936 886 8
886 836 3
836 786 6
786 736 10
736 686 12
686 636 4
636 586 2
586 536 2
536 486 93
486 436 9
436 386 44
386 336 52
336 286 1
286 236 1
236 186 12
186 136 29
136 86 1
86 36 27
2436 2486 14
2437 2387 37
2387 2337 5
2337 2287 17
2287 2237 16
2237 2187 47
2187 2137 35
2137 2087 18
2087 2037 14
2037 1987 14
1987 1937 7
1937 1887 11
1887 1837 17
1837 1787 31
1787 1737 15
1737 1687 9
1687 1637 8
1637 1587 22
1587 1537 6
1537 1487 9
1487 1437 5
1437 1387 46
1387 1337 7
1337 1287 9
1287 1237 27
1237 1187 38
1187 1137 42
1137 1087 10
1087 1037 1
1037 987 2
987 937 5
937 887 8
887 837 3
837 787 6
787 737 10
737 687 12
687 637 4
637 587 2
587 537 2
537 487 93
487 437 9
437 387 44
387 337 52
337 287 1
287 237 1
237 187 12
187 137 29
137 87 1
87 37 27
2437 2487 14
2438 2388 37
2388 2338 5
2338 2288 17
2288 2238 16
2238 2188 47
2188 2138 35
2138 2088 18
2088 2038 14
2038 1988 14
1988 1938 7
1938 1888 11
1888 1838 17
1838 1788 31
1788 1738 15
1738 1688 9
1688 1638 8
1638 1588 22
1588 1538 6
1538 1488 9
1488 1438 5
1438 1388 46
1388 1338 7
1338 1288 9
1288 1238 27
1238 1188 38
1188 1138 42
1138 1088 10
1088 1038 1
1038 988 2
988 938 5
938 888 8
888 838 3
838 788 6
788 738 10
738 688 12
688 638 4
638 588 2
588 538 2
538 488 93
488 438 9
438 388 44
388 338 52
338 288 1
288 238 1
238 188 12
188 138 29
138 88 1
88 38 27
2438 2488 14
2439 2389 37
2389 2339 5
2339 2289 17
2289 2239 16
2239 2189 47
2189 2139 35
2139 2089 18
2089 2039 14
2039 1989 14
1989 1939 7
1939 1889 11
1889 1839 17
1839 1789 31
1789 1739 15
1739 1689 9
1689 1639 8
1639 1589 22
1589 1539 6
1539 1489 9
1489 1439 5
1439 1389 46
1389 1339 7
1339 1289 9
1289 1239 27
1239 1189 38
1189 1139 42
1139 1089 10
1089 1039 1
1039 989 2
989 939 5
939 889 8
889 839 3
839 789 6
789 739 10
739 689 12
689 639 4
639 589 2
589 539 2
539 489 93
489 439 9
439 389 44
389 339 52
339 289 1
289 239 1
239 189 12
189 139 29
139 89 1
89 39 27
2439 2489 14
2440 2390 37
2390 2340 5
2340 2290 17
2290 2240 16
2240 2190 47
2190 2140 35
2140 2090 18
2090 2040 14
2040 1990 14
1990 1940 7
1940 1890 11
1890 1840 17
1840 1790 31
1790 1740 15
1740 1690 9
1690 1640 8
1640 1590 22
1590 1540 6
1540 1490 9
1490 1440 5
1440 1390 46
1390 1340 7
1340 1290 9
1290 1240 27
1240 1190 38
1190 1140 42
1140 1090 10
1090 1040 1
1040 990 2
990 940 5
940 890 8
890 840 3
840 790 6
790 740 10
740 690 12
690 640 4
640 590 2
590 540 2
540 490 93
490 440 9
440 390 44
390 340 52
340 290 1
290 240 1
240 190 12
190 140 29
140 90 1
90 40 27
2440 2490 14
2441 2391 37
2391 2341 5
2341 2291 17
2291 2241 16
2241 2191 47
2191 2141 35
2141 2091 18
2091 2041 14
2041 1991 14
1991 1941 7
1941 1891 11
1891 1841 17
1841 1791 31
1791 1741 15
1741 1691 9
1691 1641 8
1641 1591 22
1591 1541 6
1541 1491 9
1491 1441 5
1441 1391 46
1391 1341 7
1341 1291 9
1291 1241 27
1241 1191 38
1191 1141 42
1141 1091 10
1091 1041 1
1041 991 2
991 941 5
941 891 8
891 841 3
841 791 6
791 741 10
741 691 12
691 641 4
641 591 2
591 541 2
541 491 93
491 441 9
441 391 44
391 341 52
341 291 1
291 241 1
241 191 12
191 141 29
141 91 1
91 41 27
2441 2491 14
2442 2392 37
2392 2342 5
2342 2292 17
2292 2242 16
2242 2192 47
2192 2142 35
2142 2092 18
2092 2042 14
2042 1992 14
1992 1942 7
1942 1892 11
1892 1842 17
1842 1792 31
1792 1742 15
1742 1692 9
1692 1642 8
1642 1592 22
1592 1542 6
1542 1492 9
1492 1442 5
1442 1392 46
1392 1342 7
1342 1292 9
1292 1242 27
1242 1192 38
1192 1142 42
1142 1092 10
1092 1042 1
1042 992 2
992 942 5
942 892 8
892 842 3
842 792 6
792 742 10
742 692 12
692 642 4
642 592 2
592 542 2
542 492 93
492 442 9
442 392 44
392 342 52
342 292 1
292 242 1
242 192 12
192 142 29
142 92 1
92 42 27
2442 2492 14
2443 2393 37
2393 2343 5
2343 2293 17
2293 2243 16
2243 2193 47
2193 2143 35
2143 2093 18
2093 2043 14
2043 1993 14
1993 1943 7
1943 1893 11
1893 1843 17
1843 1793 31
1793 1743 15
1743 1693 9
1693 1643 8
1643 1593 22
1593 1543 6
1543 1493 9
1493 1443 5
1443 1393 46
1393 1343 7
1343 1293 9
1293 1243 27
1243 1193 38
1193 1143 42
1143 1093 10
1093 1043 1
1043 993 2
993 943 5
943 893 8
893 843 3
843 793 6
793 743 10
743 693 12
693 643 4
643 593 2
593 543 2
543 493 93
493 443 9
443 393 44
393 343 52
343 293 1
293 243 1
243 193 12
193 143 29
143 93 1
93 43 27
2443 2493 14
2444 2394 37
2394 2344 5
2344 2294 17
2294 2244 16
2244 2194 47
2194 2144 35
2144 2094 18
2094 2044 14
2044 1994 14
1994 1944 7
1944 1894 11
1894 1844 17
1844 1794 31
1794 1744 15
1744 1694 9
1694 1644 8
1644 1594 22
1594 1544 6
1544 1494 9
1494 1444 5
1444 1394 46
1394 1344 7
1344 1294 9
1294 1244 27
1244 1194 38
1194 1144 42
1144 1094 10
1094 1044 1
1044 994 2
994 944 5
944 894 8
894 844 3
844 794 6
794 744 10
744 694 12
694 644 4
644 594 2
594 544 2
544 494 93
494 444 9
444 394 44
394 344 52
344 294 1
294 244 1
244 194 12
194 144 29
144 94 1
94 44 27
2444 2494 14
2445 2395 37
2395 2345 5
2345 2295 17
2295 2245 16
2245 2195 47
2195 2145 35
2145 2095 18
2095 2045 14
2045 1995 14
1995 1945 7
1945 1895 11
1895 1845 17
1845 1795 31
1795 1745 15
1745 1695 9
1695 1645 8
1645 1595 22
1595 1545 6
1545 1495 9
1495 1445 5
1445 1395 46
1395 1345 7
1345 1295 9
1295 1245 27
1245 1195 38
1195 1145 42
1145 1095 10
1095 1045 1
1045 995 2
995 945 5
945 895 8
895 845 3
845 795 6
795 745 10
745 695 12
695 645 4
645 595 2
595 545 2
545 495 93
495 445 9
445 395 44
395 345 52
345 295 1
295 245 1
245 195 12
195 145 29
145 95 1
95 45 27
2445 2495 14
2446 2396 37
2396 2346 5
2346 2296 17
2296 2246 16
2246 2196 47
2196 2146 35
2146 2096 18
2096 2046 14
2046 1996 14
1996 1946 7
1946 1896 11
1896 1846 17
1846 1796 31
1796 1746 15
1746 1696 9
1696 1646 8
1646 1596 22
1596 1546 6
1546 1496 9
1496 1446 5
1446 1396 46
1396 1346 7
1346 1296 9
1296 1246 27
1246 1196 38
1196 1146 42
1146 1096 10
1096 1046 1
1046 996 2
996 946 5
946 896 8
896 846 3
846 796 6
796 746 10
746 696 12
696 646 4
646 596 2
596 546 2
546 496 93
496 446 9
446 396 44
396 346 52
346 296 1
296 246 1
246 196 12
196 146 29
146 96 1
96 46 27
2446 2496 14
2447 2397 37
2397 2347 5
2347 2297 17
2297 2247 16
2247 2197 47
2197 2147 35
2147 2097 18
2097 2047 14
2047 1997 14
1997 1947 7
1947 1897 11
1897 1847 17
1847 1797 31
1797 1747 15
1747 1697 9
1697 1647 8
1647 1597 22
1597 1547 6
1547 1497 9
1497 1447 5
1447 1397 46
1397 1347 7
1347 1297 9
1297 1247 27
1247 1197 38
1197 1147 42
1147 1097 10
1097 1047 1
1047 997 2
997 947 5
947 897 8
897 847 3
847 797 6
797 747 10
747 697 12
697 647 4
647 597 2
597 547 2
547 497 93
497 447 9
447 397 44
397 347 52
347 297 1
297 247 1
247 197 12
197 147 29
147 97 1
97 47 27
2447 2497 14
2448 2398 37
2398 2348 5
2348 2298 17
2298 2248 16
2248 2198 47
2198 2148 35
2148 2098 18
2098 2048 14
2048 1998 14
1998 1948 7
1948 1898 11
1898 1848 17
1848 1798 31
1798 1748 15
1748 1698 9
1698 1648 8
1648 1598 22
1598 1548 6
1548 1498 9
1498 1448 5
1448 1398 46
1398 1348 7
1348 1298 9
1298 1248 27
1248 1198 38
1198 1148 42
1148 1098 10
1098 1048 1
1048 998 2
998 948 5
948 898 8
898 848 3
848 798 6
798 748 10
748 698 12
698 648 4
648 598 2
598 548 2
548 498 93
498 448 9
448 398 44
398 348 52
348 298 1
298 248 1
248 198 12
198 148 29
148 98 1
98 48 27
2448 2498 14
2449 2399 37
2399 2349 5
2349 2299 17
2299 2249 16
2249 2199 47
2199 2149 35
2149 2099 18
2099 2049 14
2049 1999 14
1999 1949 7
1949 1899 11
1899 1849 17
1849 1799 31
1799 1749 15
1749 1699 9
1699 1649 8
1649 1599 22
1599 1549 6
1549 1499 9
1499 1449 5
1449 1399 46
1399 1349 7
1349 1299 9
1299 1249 27
1249 1199 38
1199 1149 42
1149 1099 10
1099 1049 1
1049 999 2
999 949 5
949 899 8
899 849 3
849 799 6
799 749 10
749 699 12
699 649 4
649 599 2
599 549 2
549 499 93
499 449 9
449 399 44
399 349 52
349 299 1
299 249 1
249 199 12
199 149 29
149 99 1
99 49 27
2449 2499 14
2450 2400 37
2456 2406 14
2406 2356 37
2356 2306 5
2306 2256 17
2256 2206 16
2206 2156 47
2156 2106 35
2106 2056 18
2056 2006 14
2006 1956 14
1956 1906 7
1906 1856 11
1856 1806 17
1806 1756 31
1756 1706 15
1706 1656 9
1656 1606 8
1606 1556 22
1556 1506 6
1506 1456 9
1456 1406 5
1406 1356 46
1356 1306 7
1306 1256 9
1256 1206 27
1206 1156 38
1156 1106 42
1106 1056 10
1056 1006 1
1006 956 2
956 906 5
906 856 8
856 806 3
806 756 6
756 706 10
706 656 12
656 606 4
606 556 2
556 506 2
506 456 93
456 406 9
406 356 44
356 306 52
306 256 1
256 206 1
206 156 12
156 106 29
106 56 1
56 6 27
2455 2405 14
2405 2355 37
2355 2305 5
2305 2255 17
2255 2205 16
2205 2155 47
2155 2105 35
2105 2055 18
2055 2005 14
2005 1955 14
1955 1905 7
1905 1855 11
1855 1805 17
1805 1755 31
1755 1705 15
1705 1655 9
1655 1605 8
1605 1555 22
1555 1505 6
1505 1455 9
1455 1405 5
1405 1355 46
1355 1305 7
1305 1255 9
1255 1205 27
1205 1155 38
1155 1105 42
1105 1055 10
1055 1005 1
1005 955 2
955 905 5
905 855 8
855 805 3
805 755 6
755 705 10
705 655 12
655 605 4
605 555 2
555 505 2
505 455 93
455 405 9
405 355 44
355 305 52
305 255 1
255 205 1
205 155 12
155 105 29
105 55 1
55 5 27
2454 2404 14
2404 2354 37
2354 2304 5
2304 2254 17
2254 2204 16
2204 2154 47
2154 2104 35
2104 2054 18
2054 2004 14
2004 1954 14
1954 1904 7
1904 1854 11
1854 1804 17
1804 1754 31
1754 1704 15
1704 1654 9
1654 1604 8
1604 1554 22
1554 1504 6
1504 1454 9
1454 1404 5
1404 1354 46
1354 1304 7
1304 1254 9
1254 1204 27
1204 1154 38
1154 1104 42
1104 1054 10
1054 1004 1
1004 954 2
954 904 5
904 854 8
854 804 3
804 754 6
754 704 10
704 654 12
654 604 4
604 554 2
554 504 2
504 454 93
454 404 9
404 354 44
354 304 52
304 254 1
254 204 1
204 154 12
154 104 29
104 54 1
54 4 27
2453 2403 14
2403 2353 37
2353 2303 5
2303 2253 17
2253 2203 16
2203 2153 47
2153 2103 35
2103 2053 18
2053 2003 14
2003 1953 14
1953 1903 7
1903 1853 11
1853 1803 17
1803 1753 31
1753 1703 15
1703 1653 9
1653 1603 8
1603 1553 22
1553 1503 6
1503 1453 9
1453 1403 5
1403 1353 46
1353 1303 7
1303 1253 9
1253 1203 27
1203 1153 38
1153 1103 42
1103 1053 10
1053 1003 1
1003 953 2
953 903 5
903 853 8
853 803 3
803 753 6
753 703 10
703 653 12
653 603 4
603 553 2
553 503 2
503 453 93
453 403 9
403 353 44
353 303 52
303 253 1
253 203 1
203 153 12
153 103 29
103 53 1
53 3 27
2452 2402 14
2402 2352 37
2352 2302 5
2302 2252 17
2252 2202 16
2202 2152 47
2152 2102 35
2102 2052 18
2052 2002 14
2002 1952 14
1952 1902 7
1902 1852 11
1852 1802 17
1802 1752 31
1752 1702 15
1702 1652 9
1652 1602 8
1602 1552 22
1552 1502 6
1502 1452 9
1452 1402 5
1402 1352 46
1352 1302 7
1302 1252 9
1252 1202 27
1202 1152 38
1152 1102 42
1102 1052 10
1052 1002 1
1002 952 2
952 902 5
902 852 8
852 802 3
802 752 6
752 702 10
702 652 12
652 602 4
602 552 2
552 502 2
502 452 93
452 402 9
402 352 44
352 302 52
302 252 1
252 202 1
202 152 12
152 102 29
102 52 1
52 2 27
2350 2300 17
2250 2200 47
2150 2100 18
2050 2000 14
1950 1900 11
1850 1800 31
1750 1700 9
1650 1600 22
1550 1500 9
1450 1400 46
1350 1300 9
1250 1200 38
1150 1100 10
1050 1000 2
950 900 8
850 800 6
750 700 12
650 600 2
550 500 93
450 400 44
350 300 1
250 200 12
150 100 1

REQUESTS

BLOCKAGES
72 22
1895 1845
1501 1451
1534 1533
435 385
1484 1434
654 604
2278 2279
357 407
1333 1332
1387 1337
1564 1565
1726 1676
1601 1651
160 110
1202 1152
637 636
1311 1310
1774 1775
2380 2381
2317 2267
1644 1643
186 136
2132 2131
1058 1059
2165 2166
1481 1431
1732 1682
953 903
1825 1775
199 149
1094 1044
1110 1060
1881 1882
810 760
2294 2295
2062 2012
1041 991
1510 1509
1626 1625
737 687
1109 1108
1487 1437
1876 1877
2438 2388
1234 1233
2341 2291
174 124
396 346
1489 1490
2154 2104
31 30
627 577
2441 2491
1006 956
248 198
1637 1636
1009 959
1642 1592
2457 2458
2409 2359
1951 1952
1155 1105
1738 1737
982 932
990 991
1916 1866
47 46
2145 2095
59 60
1001 951
1307 1306
618 568
459 460
191 192
357 358
214 164
485 486
1509 1508
1080 1030
1151 1152
1346 1296
2020 1970
2281 2282
2098 2099
388 338
1956 1957
1824 1774
959 960
709 659
1457 1507
139 89
216 215
596 546
1623 1573
1881 1831
166 116
1338 1288
1218 1168
962 963
1130 1080
150 149
541 540
1498 1499
164 165
2065 2066
1195 1145
1046 996
1749 1699
477 427
94 95
1516 1515
576 526
422 372
974 924
1513 1463
69 19
735 685
1833 1832
159 109
850 849
2284 2285
2198 2148
1454 1455
1364 1365
1018 1017
2190 2191
501 451
1289 1290
2276 2277
1761 1711
1148 1098
2150 2100
768 718
1834 1784
2138 2088
1217 1216
1198 1148
326 276
1265 1215
416 415
1531 1530
761 762
1901 1851
1508 1458
1177 1178
692 693
517 467
657 707
2071 2072
2159 2160
667 617
1634 1633
2361 2311
2069 2070
1659 1609
2425 2375
938 888
2120 2119
692 642
1246 1196
705 655
1535 1534
2033 2032
1154 1104
368 318
2311 2310
1267 1217
562 563
65 15
763 713
448 447
414 413
1574 1524
2232 2182
1850 1849
663 613
613 563
452 402
2405 2355
1414 1413
1737 1736
2057 2107
1429 1428
1760 1710
2248 2198
891 892
7 6
2312 2262
549 548
445 395
2414 2413
527 526
589 590
2023 1973
1316 1315
2157 2158
2144 2143
698 699
2042 1992
37 36
2155 2105
819 769
2121 2120
606 556
2348 2347
1028 1027
226 225
2079 2080
631 581
349 348
544 494
1766 1767
727 726
769 719
126 125
1506 1505
1505 1504
602 601
2142 2092
1417 1416
1006 1005
1112 1111
513 512
1933 1932
2135 2134
2444 2394
2126 2076
169 170
1313 1312
465 415
187 137
507 506
386 387
2146 2145
1711 1661
1047 1046
714 664
2340 2339
928 878
1498 1448
677 627
1270 1220
1313 1263
1325 1324
2214 2213
399 400
2070 2020
2403 2402
1252 1202
1798 1799
796 797
721 671
493 443
1256 1206
1228 1227
903 902
1848 1847
1094 1095
1434 1384
1279 1229
2363 2313
1655 1656
10 9
456 457
939 889
2207 2206
448 398
626 625
474 475
397 347
2049 1999
1042 992
933 883
1353 1303
1477 1478
1147 1097
2041 1991
2053 2054
1260 1261
1928 1927
2212 2211
1659 1660
1465 1466
2264 2214
475 425
219 169
2249 2248
1676 1677
2148 2147
2450 2400
2124 2123
712 662
1458 1459
378 379
1871 1821
350 300
393 343
1905 1904
787 788
624 623
1920 1919
1130 1129
1996 1946
64 65
2406 2356
717 716
1121 1120
1789 1739
53 54
510 509
2104 2103
418 368
1358 1308
858 859
1105 1104
1122 1072
1865 1815
2388 2338
1356 1357
2328 2327
2417 2416
2432 2382
128 78
963 964
822 821
668 618
1518 1517
133 132
1420 1419
1806 1805
1234 1184
1581 1582
1632 1582
1034 1033
1860 1810
2360 2310
2206 2205
570 520
1701 1751
1754 1755
1761 1762
2045 2044
389 390
830 829
1668 1669
1491 1492
78 28
2173 2123
2002 2001
667 668
1119 1118
2228 2178
452 453
587 537
1570 1571
1807 1857
461 462
522 472
371 321
1205 1204
690 691
51 52
82 83
940 939
923 873
1227 1226
756 706
590 591
2445 2395
797 798
1553 1554
1978 1928
2157 2207
1959 1909
237 236
2286 2287
2208 2158
424 374
2297 2247
1396 1397
747 697
1693 1643
356 306
907 957
1619 1618
408 407
1425 1424
631 630
192 193
1635 1634
1231 1181
902 901
2304 2303
1393 1394
1657 1658
589 539
969 970
1332 1331
679 680
1615 1565
714 713
2236 2235
1265 1266
530 480
1186 1187
1283 1284
781 731
1889 1890
1817 1816
824 823
1092 1093
1984 1934
1219 1218
1835 1785
1572 1522
1370 1371
1257 1258
358 308
1750 1749
620 570
988 989
1590 1591
265 266
1713 1712
1346 1345
139 138
693 694
2186 2187
876 877
218 168
720 670
480 430
1076 1077
2273 2223
2106 2056
648 647
996 997
2354 2304
2063 2064
1845 1844
2225 2224
410 409
379 380
1378 1379
489 439
2128 2078
1652 1653
1695 1696
2141 2091
1964 1965
862 863
1240 1190
579 529
2406 2405
1318 1268
2091 2092
253 203
1480 1481
335 334
642 592
2298 2299
577 527
1127 1126
694 695
1126 1076
926 925
2277 2227
1896 1846
2097 2098
934 933
1469 1470
1912 1911
2453 2454
949 948
1233 1232
2183 2133
1448 1398
688 689
1586 1536
2230 2180
210 209
920 870
1424 1423
1162 1112
706 705
810 809
298 299
2484 2485
1564 1514

TERMINALS
7
52
113
184
219
295
344
387
422
490
511
571
635
656
705
751
832
854
917
979
1018
1058
1131
1164
1246
1273
1328
1377
1424
1489
1533
1553
1626
1693
1709
1760
1848
1886
1947
1991
2030
2088
2115
2162
2242
2300
2320
2399
2416
2475

END
