INSTANCE_NAME r42.dat
NB_VERTICES 2500
NB_ARCS 4900
NB_REQUESTS 0
NB_BLOCKAGES 490
NB_TERMINALS 50

VERTICES
1 0 0
2 0 0
3 0 0
4 0 0
5 0 0
6 0 0
7 0 0
8 0 0
9 0 0
10 0 0
11 0 0
12 0 0
13 0 0
14 0 0
15 0 0
16 0 0
17 0 0
18 0 0
19 0 0
20 0 0
21 0 0
22 0 0
23 0 0
24 0 0
25 0 0
26 0 0
27 0 0
28 0 0
29 0 0
30 0 0
31 0 0
32 0 0
33 0 0
34 0 0
35 0 0
36 0 0
37 0 0
38 0 0
39 0 0
40 0 0
41 0 0
42 0 0
43 0 0
44 0 0
45 0 0
46 0 0
47 0 0
48 0 0
49 0 0
50 0 0
51 0 0
52 0 0
53 0 0
54 0 0
55 0 0
56 0 0
57 0 0
58 0 0
59 0 0
60 0 0
61 0 0
62 0 0
63 0 0
64 0 0
65 0 0
66 0 0
67 0 0
68 0 0
69 0 0
70 0 0
71 0 0
72 0 0
73 0 0
74 0 0
75 0 0
76 0 0
77 0 0
78 0 0
79 0 0
80 0 0
81 0 0
82 0 0
83 0 0
84 0 0
85 0 0
86 0 0
87 0 0
88 0 0
89 0 0
90 0 0
91 0 0
92 0 0
93 0 0
94 0 0
95 0 0
96 0 0
97 0 0
98 0 0
99 0 0
100 0 0
101 0 0
102 0 0
103 0 0
104 0 0
105 0 0
106 0 0
107 0 0
108 0 0
109 0 0
110 0 0
111 0 0
112 0 0
113 0 0
114 0 0
115 0 0
116 0 0
117 0 0
118 0 0
119 0 0
120 0 0
121 0 0
122 0 0
123 0 0
124 0 0
125 0 0
126 0 0
127 0 0
128 0 0
129 0 0
130 0 0
131 0 0
132 0 0
133 0 0
134 0 0
135 0 0
136 0 0
137 0 0
138 0 0
139 0 0
140 0 0
141 0 0
142 0 0
143 0 0
144 0 0
145 0 0
146 0 0
147 0 0
148 0 0
149 0 0
150 0 0
151 0 0
152 0 0
153 0 0
154 0 0
155 0 0
156 0 0
157 0 0
158 0 0
159 0 0
160 0 0
161 0 0
162 0 0
163 0 0
164 0 0
165 0 0
166 0 0
167 0 0
168 0 0
169 0 0
170 0 0
171 0 0
172 0 0
173 0 0
174 0 0
175 0 0
176 0 0
177 0 0
178 0 0
179 0 0
180 0 0
181 0 0
182 0 0
183 0 0
184 0 0
185 0 0
186 0 0
187 0 0
188 0 0
189 0 0
190 0 0
191 0 0
192 0 0
193 0 0
194 0 0
195 0 0
196 0 0
197 0 0
198 0 0
199 0 0
200 0 0
201 0 0
202 0 0
203 0 0
204 0 0
205 0 0
206 0 0
207 0 0
208 0 0
209 0 0
210 0 0
211 0 0
212 0 0
213 0 0
214 0 0
215 0 0
216 0 0
217 0 0
218 0 0
219 0 0
220 0 0
221 0 0
222 0 0
223 0 0
224 0 0
225 0 0
226 0 0
227 0 0
228 0 0
229 0 0
230 0 0
231 0 0
232 0 0
233 0 0
234 0 0
235 0 0
236 0 0
237 0 0
238 0 0
239 0 0
240 0 0
241 0 0
242 0 0
243 0 0
244 0 0
245 0 0
246 0 0
247 0 0
248 0 0
249 0 0
250 0 0
251 0 0
252 0 0
253 0 0
254 0 0
255 0 0
256 0 0
257 0 0
258 0 0
259 0 0
260 0 0
261 0 0
262 0 0
263 0 0
264 0 0
265 0 0
266 0 0
267 0 0
268 0 0
269 0 0
270 0 0
271 0 0
272 0 0
273 0 0
274 0 0
275 0 0
276 0 0
277 0 0
278 0 0
279 0 0
280 0 0
281 0 0
282 0 0
283 0 0
284 0 0
285 0 0
286 0 0
287 0 0
288 0 0
289 0 0
290 0 0
291 0 0
292 0 0
293 0 0
294 0 0
295 0 0
296 0 0
297 0 0
298 0 0
299 0 0
300 0 0
301 0 0
302 0 0
303 0 0
304 0 0
305 0 0
306 0 0
307 0 0
308 0 0
309 0 0
310 0 0
311 0 0
312 0 0
313 0 0
314 0 0
315 0 0
316 0 0
317 0 0
318 0 0
319 0 0
320 0 0
321 0 0
322 0 0
323 0 0
324 0 0
325 0 0
326 0 0
327 0 0
328 0 0
329 0 0
330 0 0
331 0 0
332 0 0
333 0 0
334 0 0
335 0 0
336 0 0
337 0 0
338 0 0
339 0 0
340 0 0
341 0 0
342 0 0
343 0 0
344 0 0
345 0 0
346 0 0
347 0 0
348 0 0
349 0 0
350 0 0
351 0 0
352 0 0
353 0 0
354 0 0
355 0 0
356 0 0
357 0 0
358 0 0
359 0 0
360 0 0
361 0 0
362 0 0
363 0 0
364 0 0
365 0 0
366 0 0
367 0 0
368 0 0
369 0 0
370 0 0
371 0 0
372 0 0
373 0 0
374 0 0
375 0 0
376 0 0
377 0 0
378 0 0
379 0 0
380 0 0
381 0 0
382 0 0
383 0 0
384 0 0
385 0 0
386 0 0
387 0 0
388 0 0
389 0 0
390 0 0
391 0 0
392 0 0
393 0 0
394 0 0
395 0 0
396 0 0
397 0 0
398 0 0
399 0 0
400 0 0
401 0 0
402 0 0
403 0 0
404 0 0
405 0 0
406 0 0
407 0 0
408 0 0
409 0 0
410 0 0
411 0 0
412 0 0
413 0 0
414 0 0
415 0 0
416 0 0
417 0 0
418 0 0
419 0 0
420 0 0
421 0 0
422 0 0
423 0 0
424 0 0
425 0 0
426 0 0
427 0 0
428 0 0
429 0 0
430 0 0
431 0 0
432 0 0
433 0 0
434 0 0
435 0 0
436 0 0
437 0 0
438 0 0
439 0 0
440 0 0
441 0 0
442 0 0
443 0 0
444 0 0
445 0 0
446 0 0
447 0 0
448 0 0
449 0 0
450 0 0
451 0 0
452 0 0
453 0 0
454 0 0
455 0 0
456 0 0
457 0 0
458 0 0
459 0 0
460 0 0
461 0 0
462 0 0
463 0 0
464 0 0
465 0 0
466 0 0
467 0 0
468 0 0
469 0 0
470 0 0
471 0 0
472 0 0
473 0 0
474 0 0
475 0 0
476 0 0
477 0 0
478 0 0
479 0 0
480 0 0
481 0 0
482 0 0
483 0 0
484 0 0
485 0 0
486 0 0
487 0 0
488 0 0
489 0 0
490 0 0
491 0 0
492 0 0
493 0 0
494 0 0
495 0 0
496 0 0
497 0 0
498 0 0
499 0 0
500 0 0
501 0 0
502 0 0
503 0 0
504 0 0
505 0 0
506 0 0
507 0 0
508 0 0
509 0 0
510 0 0
511 0 0
512 0 0
513 0 0
514 0 0
515 0 0
516 0 0
517 0 0
518 0 0
519 0 0
520 0 0
521 0 0
522 0 0
523 0 0
524 0 0
525 0 0
526 0 0
527 0 0
528 0 0
529 0 0
530 0 0
531 0 0
532 0 0
533 0 0
534 0 0
535 0 0
536 0 0
537 0 0
538 0 0
539 0 0
540 0 0
541 0 0
542 0 0
543 0 0
544 0 0
545 0 0
546 0 0
547 0 0
548 0 0
549 0 0
550 0 0
551 0 0
552 0 0
553 0 0
554 0 0
555 0 0
556 0 0
557 0 0
558 0 0
559 0 0
560 0 0
561 0 0
562 0 0
563 0 0
564 0 0
565 0 0
566 0 0
567 0 0
568 0 0
569 0 0
570 0 0
571 0 0
572 0 0
573 0 0
574 0 0
575 0 0
576 0 0
577 0 0
578 0 0
579 0 0
580 0 0
581 0 0
582 0 0
583 0 0
584 0 0
585 0 0
586 0 0
587 0 0
588 0 0
589 0 0
590 0 0
591 0 0
592 0 0
593 0 0
594 0 0
595 0 0
596 0 0
597 0 0
598 0 0
599 0 0
600 0 0
601 0 0
602 0 0
603 0 0
604 0 0
605 0 0
606 0 0
607 0 0
608 0 0
609 0 0
610 0 0
611 0 0
612 0 0
613 0 0
614 0 0
615 0 0
616 0 0
617 0 0
618 0 0
619 0 0
620 0 0
621 0 0
622 0 0
623 0 0
624 0 0
625 0 0
626 0 0
627 0 0
628 0 0
629 0 0
630 0 0
631 0 0
632 0 0
633 0 0
634 0 0
635 0 0
636 0 0
637 0 0
638 0 0
639 0 0
640 0 0
641 0 0
642 0 0
643 0 0
644 0 0
645 0 0
646 0 0
647 0 0
648 0 0
649 0 0
650 0 0
651 0 0
652 0 0
653 0 0
654 0 0
655 0 0
656 0 0
657 0 0
658 0 0
659 0 0
660 0 0
661 0 0
662 0 0
663 0 0
664 0 0
665 0 0
666 0 0
667 0 0
668 0 0
669 0 0
670 0 0
671 0 0
672 0 0
673 0 0
674 0 0
675 0 0
676 0 0
677 0 0
678 0 0
679 0 0
680 0 0
681 0 0
682 0 0
683 0 0
684 0 0
685 0 0
686 0 0
687 0 0
688 0 0
689 0 0
690 0 0
691 0 0
692 0 0
693 0 0
694 0 0
695 0 0
696 0 0
697 0 0
698 0 0
699 0 0
700 0 0
701 0 0
702 0 0
703 0 0
704 0 0
705 0 0
706 0 0
707 0 0
708 0 0
709 0 0
710 0 0
711 0 0
712 0 0
713 0 0
714 0 0
715 0 0
716 0 0
717 0 0
718 0 0
719 0 0
720 0 0
721 0 0
722 0 0
723 0 0
724 0 0
725 0 0
726 0 0
727 0 0
728 0 0
729 0 0
730 0 0
731 0 0
732 0 0
733 0 0
734 0 0
735 0 0
736 0 0
737 0 0
738 0 0
739 0 0
740 0 0
741 0 0
742 0 0
743 0 0
744 0 0
745 0 0
746 0 0
747 0 0
748 0 0
749 0 0
750 0 0
751 0 0
752 0 0
753 0 0
754 0 0
755 0 0
756 0 0
757 0 0
758 0 0
759 0 0
760 0 0
761 0 0
762 0 0
763 0 0
764 0 0
765 0 0
766 0 0
767 0 0
768 0 0
769 0 0
770 0 0
771 0 0
772 0 0
773 0 0
774 0 0
775 0 0
776 0 0
777 0 0
778 0 0
779 0 0
780 0 0
781 0 0
782 0 0
783 0 0
784 0 0
785 0 0
786 0 0
787 0 0
788 0 0
789 0 0
790 0 0
791 0 0
792 0 0
793 0 0
794 0 0
795 0 0
796 0 0
797 0 0
798 0 0
799 0 0
800 0 0
801 0 0
802 0 0
803 0 0
804 0 0
805 0 0
806 0 0
807 0 0
808 0 0
809 0 0
810 0 0
811 0 0
812 0 0
813 0 0
814 0 0
815 0 0
816 0 0
817 0 0
818 0 0
819 0 0
820 0 0
821 0 0
822 0 0
823 0 0
824 0 0
825 0 0
826 0 0
827 0 0
828 0 0
829 0 0
830 0 0
831 0 0
832 0 0
833 0 0
834 0 0
835 0 0
836 0 0
837 0 0
838 0 0
839 0 0
840 0 0
841 0 0
842 0 0
843 0 0
844 0 0
845 0 0
846 0 0
847 0 0
848 0 0
849 0 0
850 0 0
851 0 0
852 0 0
853 0 0
854 0 0
855 0 0
856 0 0
857 0 0
858 0 0
859 0 0
860 0 0
861 0 0
862 0 0
863 0 0
864 0 0
865 0 0
866 0 0
867 0 0
868 0 0
869 0 0
870 0 0
871 0 0
872 0 0
873 0 0
874 0 0
875 0 0
876 0 0
877 0 0
878 0 0
879 0 0
880 0 0
881 0 0
882 0 0
883 0 0
884 0 0
885 0 0
886 0 0
887 0 0
888 0 0
889 0 0
890 0 0
891 0 0
892 0 0
893 0 0
894 0 0
895 0 0
896 0 0
897 0 0
898 0 0
899 0 0
900 0 0
901 0 0
902 0 0
903 0 0
904 0 0
905 0 0
906 0 0
907 0 0
908 0 0
909 0 0
910 0 0
911 0 0
912 0 0
913 0 0
914 0 0
915 0 0
916 0 0
917 0 0
918 0 0
919 0 0
920 0 0
921 0 0
922 0 0
923 0 0
924 0 0
925 0 0
926 0 0
927 0 0
928 0 0
929 0 0
930 0 0
931 0 0
932 0 0
933 0 0
934 0 0
935 0 0
936 0 0
937 0 0
938 0 0
939 0 0
940 0 0
941 0 0
942 0 0
943 0 0
944 0 0
945 0 0
946 0 0
947 0 0
948 0 0
949 0 0
950 0 0
951 0 0
952 0 0
953 0 0
954 0 0
955 0 0
956 0 0
957 0 0
958 0 0
959 0 0
960 0 0
961 0 0
962 0 0
963 0 0
964 0 0
965 0 0
966 0 0
967 0 0
968 0 0
969 0 0
970 0 0
971 0 0
972 0 0
973 0 0
974 0 0
975 0 0
976 0 0
977 0 0
978 0 0
979 0 0
980 0 0
981 0 0
982 0 0
983 0 0
984 0 0
985 0 0
986 0 0
987 0 0
988 0 0
989 0 0
990 0 0
991 0 0
992 0 0
993 0 0
994 0 0
995 0 0
996 0 0
997 0 0
998 0 0
999 0 0
1000 0 0
1001 0 0
1002 0 0
1003 0 0
1004 0 0
1005 0 0
1006 0 0
1007 0 0
1008 0 0
1009 0 0
1010 0 0
1011 0 0
1012 0 0
1013 0 0
1014 0 0
1015 0 0
1016 0 0
1017 0 0
1018 0 0
1019 0 0
1020 0 0
1021 0 0
1022 0 0
1023 0 0
1024 0 0
1025 0 0
1026 0 0
1027 0 0
1028 0 0
1029 0 0
1030 0 0
1031 0 0
1032 0 0
1033 0 0
1034 0 0
1035 0 0
1036 0 0
1037 0 0
1038 0 0
1039 0 0
1040 0 0
1041 0 0
1042 0 0
1043 0 0
1044 0 0
1045 0 0
1046 0 0
1047 0 0
1048 0 0
1049 0 0
1050 0 0
1051 0 0
1052 0 0
1053 0 0
1054 0 0
1055 0 0
1056 0 0
1057 0 0
1058 0 0
1059 0 0
1060 0 0
1061 0 0
1062 0 0
1063 0 0
1064 0 0
1065 0 0
1066 0 0
1067 0 0
1068 0 0
1069 0 0
1070 0 0
1071 0 0
1072 0 0
1073 0 0
1074 0 0
1075 0 0
1076 0 0
1077 0 0
1078 0 0
1079 0 0
1080 0 0
1081 0 0
1082 0 0
1083 0 0
1084 0 0
1085 0 0
1086 0 0
1087 0 0
1088 0 0
1089 0 0
1090 0 0
1091 0 0
1092 0 0
1093 0 0
1094 0 0
1095 0 0
1096 0 0
1097 0 0
1098 0 0
1099 0 0
1100 0 0
1101 0 0
1102 0 0
1103 0 0
1104 0 0
1105 0 0
1106 0 0
1107 0 0
1108 0 0
1109 0 0
1110 0 0
1111 0 0
1112 0 0
1113 0 0
1114 0 0
1115 0 0
1116 0 0
1117 0 0
1118 0 0
1119 0 0
1120 0 0
1121 0 0
1122 0 0
1123 0 0
1124 0 0
1125 0 0
1126 0 0
1127 0 0
1128 0 0
1129 0 0
1130 0 0
1131 0 0
1132 0 0
1133 0 0
1134 0 0
1135 0 0
1136 0 0
1137 0 0
1138 0 0
1139 0 0
1140 0 0
1141 0 0
1142 0 0
1143 0 0
1144 0 0
1145 0 0
1146 0 0
1147 0 0
1148 0 0
1149 0 0
1150 0 0
1151 0 0
1152 0 0
1153 0 0
1154 0 0
1155 0 0
1156 0 0
1157 0 0
1158 0 0
1159 0 0
1160 0 0
1161 0 0
1162 0 0
1163 0 0
1164 0 0
1165 0 0
1166 0 0
1167 0 0
1168 0 0
1169 0 0
1170 0 0
1171 0 0
1172 0 0
1173 0 0
1174 0 0
1175 0 0
1176 0 0
1177 0 0
1178 0 0
1179 0 0
1180 0 0
1181 0 0
1182 0 0
1183 0 0
1184 0 0
1185 0 0
1186 0 0
1187 0 0
1188 0 0
1189 0 0
1190 0 0
1191 0 0
1192 0 0
1193 0 0
1194 0 0
1195 0 0
1196 0 0
1197 0 0
1198 0 0
1199 0 0
1200 0 0
1201 0 0
1202 0 0
1203 0 0
1204 0 0
1205 0 0
1206 0 0
1207 0 0
1208 0 0
1209 0 0
1210 0 0
1211 0 0
1212 0 0
1213 0 0
1214 0 0
1215 0 0
1216 0 0
1217 0 0
1218 0 0
1219 0 0
1220 0 0
1221 0 0
1222 0 0
1223 0 0
1224 0 0
1225 0 0
1226 0 0
1227 0 0
1228 0 0
1229 0 0
1230 0 0
1231 0 0
1232 0 0
1233 0 0
1234 0 0
1235 0 0
1236 0 0
1237 0 0
1238 0 0
1239 0 0
1240 0 0
1241 0 0
1242 0 0
1243 0 0
1244 0 0
1245 0 0
1246 0 0
1247 0 0
1248 0 0
1249 0 0
1250 0 0
1251 0 0
1252 0 0
1253 0 0
1254 0 0
1255 0 0
1256 0 0
1257 0 0
1258 0 0
1259 0 0
1260 0 0
1261 0 0
1262 0 0
1263 0 0
1264 0 0
1265 0 0
1266 0 0
1267 0 0
1268 0 0
1269 0 0
1270 0 0
1271 0 0
1272 0 0
1273 0 0
1274 0 0
1275 0 0
1276 0 0
1277 0 0
1278 0 0
1279 0 0
1280 0 0
1281 0 0
1282 0 0
1283 0 0
1284 0 0
1285 0 0
1286 0 0
1287 0 0
1288 0 0
1289 0 0
1290 0 0
1291 0 0
1292 0 0
1293 0 0
1294 0 0
1295 0 0
1296 0 0
1297 0 0
1298 0 0
1299 0 0
1300 0 0
1301 0 0
1302 0 0
1303 0 0
1304 0 0
1305 0 0
1306 0 0
1307 0 0
1308 0 0
1309 0 0
1310 0 0
1311 0 0
1312 0 0
1313 0 0
1314 0 0
1315 0 0
1316 0 0
1317 0 0
1318 0 0
1319 0 0
1320 0 0
1321 0 0
1322 0 0
1323 0 0
1324 0 0
1325 0 0
1326 0 0
1327 0 0
1328 0 0
1329 0 0
1330 0 0
1331 0 0
1332 0 0
1333 0 0
1334 0 0
1335 0 0
1336 0 0
1337 0 0
1338 0 0
1339 0 0
1340 0 0
1341 0 0
1342 0 0
1343 0 0
1344 0 0
1345 0 0
1346 0 0
1347 0 0
1348 0 0
1349 0 0
1350 0 0
1351 0 0
1352 0 0
1353 0 0
1354 0 0
1355 0 0
1356 0 0
1357 0 0
1358 0 0
1359 0 0
1360 0 0
1361 0 0
1362 0 0
1363 0 0
1364 0 0
1365 0 0
1366 0 0
1367 0 0
1368 0 0
1369 0 0
1370 0 0
1371 0 0
1372 0 0
1373 0 0
1374 0 0
1375 0 0
1376 0 0
1377 0 0
1378 0 0
1379 0 0
1380 0 0
1381 0 0
1382 0 0
1383 0 0
1384 0 0
1385 0 0
1386 0 0
1387 0 0
1388 0 0
1389 0 0
1390 0 0
1391 0 0
1392 0 0
1393 0 0
1394 0 0
1395 0 0
1396 0 0
1397 0 0
1398 0 0
1399 0 0
1400 0 0
1401 0 0
1402 0 0
1403 0 0
1404 0 0
1405 0 0
1406 0 0
1407 0 0
1408 0 0
1409 0 0
1410 0 0
1411 0 0
1412 0 0
1413 0 0
1414 0 0
1415 0 0
1416 0 0
1417 0 0
1418 0 0
1419 0 0
1420 0 0
1421 0 0
1422 0 0
1423 0 0
1424 0 0
1425 0 0
1426 0 0
1427 0 0
1428 0 0
1429 0 0
1430 0 0
1431 0 0
1432 0 0
1433 0 0
1434 0 0
1435 0 0
1436 0 0
1437 0 0
1438 0 0
1439 0 0
1440 0 0
1441 0 0
1442 0 0
1443 0 0
1444 0 0
1445 0 0
1446 0 0
1447 0 0
1448 0 0
1449 0 0
1450 0 0
1451 0 0
1452 0 0
1453 0 0
1454 0 0
1455 0 0
1456 0 0
1457 0 0
1458 0 0
1459 0 0
1460 0 0
1461 0 0
1462 0 0
1463 0 0
1464 0 0
1465 0 0
1466 0 0
1467 0 0
1468 0 0
1469 0 0
1470 0 0
1471 0 0
1472 0 0
1473 0 0
1474 0 0
1475 0 0
1476 0 0
1477 0 0
1478 0 0
1479 0 0
1480 0 0
1481 0 0
1482 0 0
1483 0 0
1484 0 0
1485 0 0
1486 0 0
1487 0 0
1488 0 0
1489 0 0
1490 0 0
1491 0 0
1492 0 0
1493 0 0
1494 0 0
1495 0 0
1496 0 0
1497 0 0
1498 0 0
1499 0 0
1500 0 0
1501 0 0
1502 0 0
1503 0 0
1504 0 0
1505 0 0
1506 0 0
1507 0 0
1508 0 0
1509 0 0
1510 0 0
1511 0 0
1512 0 0
1513 0 0
1514 0 0
1515 0 0
1516 0 0
1517 0 0
1518 0 0
1519 0 0
1520 0 0
1521 0 0
1522 0 0
1523 0 0
1524 0 0
1525 0 0
1526 0 0
1527 0 0
1528 0 0
1529 0 0
1530 0 0
1531 0 0
1532 0 0
1533 0 0
1534 0 0
1535 0 0
1536 0 0
1537 0 0
1538 0 0
1539 0 0
1540 0 0
1541 0 0
1542 0 0
1543 0 0
1544 0 0
1545 0 0
1546 0 0
1547 0 0
1548 0 0
1549 0 0
1550 0 0
1551 0 0
1552 0 0
1553 0 0
1554 0 0
1555 0 0
1556 0 0
1557 0 0
1558 0 0
1559 0 0
1560 0 0
1561 0 0
1562 0 0
1563 0 0
1564 0 0
1565 0 0
1566 0 0
1567 0 0
1568 0 0
1569 0 0
1570 0 0
1571 0 0
1572 0 0
1573 0 0
1574 0 0
1575 0 0
1576 0 0
1577 0 0
1578 0 0
1579 0 0
1580 0 0
1581 0 0
1582 0 0
1583 0 0
1584 0 0
1585 0 0
1586 0 0
1587 0 0
1588 0 0
1589 0 0
1590 0 0
1591 0 0
1592 0 0
1593 0 0
1594 0 0
1595 0 0
1596 0 0
1597 0 0
1598 0 0
1599 0 0
1600 0 0
1601 0 0
1602 0 0
1603 0 0
1604 0 0
1605 0 0
1606 0 0
1607 0 0
1608 0 0
1609 0 0
1610 0 0
1611 0 0
1612 0 0
1613 0 0
1614 0 0
1615 0 0
1616 0 0
1617 0 0
1618 0 0
1619 0 0
1620 0 0
1621 0 0
1622 0 0
1623 0 0
1624 0 0
1625 0 0
1626 0 0
1627 0 0
1628 0 0
1629 0 0
1630 0 0
1631 0 0
1632 0 0
1633 0 0
1634 0 0
1635 0 0
1636 0 0
1637 0 0
1638 0 0
1639 0 0
1640 0 0
1641 0 0
1642 0 0
1643 0 0
1644 0 0
1645 0 0
1646 0 0
1647 0 0
1648 0 0
1649 0 0
1650 0 0
1651 0 0
1652 0 0
1653 0 0
1654 0 0
1655 0 0
1656 0 0
1657 0 0
1658 0 0
1659 0 0
1660 0 0
1661 0 0
1662 0 0
1663 0 0
1664 0 0
1665 0 0
1666 0 0
1667 0 0
1668 0 0
1669 0 0
1670 0 0
1671 0 0
1672 0 0
1673 0 0
1674 0 0
1675 0 0
1676 0 0
1677 0 0
1678 0 0
1679 0 0
1680 0 0
1681 0 0
1682 0 0
1683 0 0
1684 0 0
1685 0 0
1686 0 0
1687 0 0
1688 0 0
1689 0 0
1690 0 0
1691 0 0
1692 0 0
1693 0 0
1694 0 0
1695 0 0
1696 0 0
1697 0 0
1698 0 0
1699 0 0
1700 0 0
1701 0 0
1702 0 0
1703 0 0
1704 0 0
1705 0 0
1706 0 0
1707 0 0
1708 0 0
1709 0 0
1710 0 0
1711 0 0
1712 0 0
1713 0 0
1714 0 0
1715 0 0
1716 0 0
1717 0 0
1718 0 0
1719 0 0
1720 0 0
1721 0 0
1722 0 0
1723 0 0
1724 0 0
1725 0 0
1726 0 0
1727 0 0
1728 0 0
1729 0 0
1730 0 0
1731 0 0
1732 0 0
1733 0 0
1734 0 0
1735 0 0
1736 0 0
1737 0 0
1738 0 0
1739 0 0
1740 0 0
1741 0 0
1742 0 0
1743 0 0
1744 0 0
1745 0 0
1746 0 0
1747 0 0
1748 0 0
1749 0 0
1750 0 0
1751 0 0
1752 0 0
1753 0 0
1754 0 0
1755 0 0
1756 0 0
1757 0 0
1758 0 0
1759 0 0
1760 0 0
1761 0 0
1762 0 0
1763 0 0
1764 0 0
1765 0 0
1766 0 0
1767 0 0
1768 0 0
1769 0 0
1770 0 0
1771 0 0
1772 0 0
1773 0 0
1774 0 0
1775 0 0
1776 0 0
1777 0 0
1778 0 0
1779 0 0
1780 0 0
1781 0 0
1782 0 0
1783 0 0
1784 0 0
1785 0 0
1786 0 0
1787 0 0
1788 0 0
1789 0 0
1790 0 0
1791 0 0
1792 0 0
1793 0 0
1794 0 0
1795 0 0
1796 0 0
1797 0 0
1798 0 0
1799 0 0
1800 0 0
1801 0 0
1802 0 0
1803 0 0
1804 0 0
1805 0 0
1806 0 0
1807 0 0
1808 0 0
1809 0 0
1810 0 0
1811 0 0
1812 0 0
1813 0 0
1814 0 0
1815 0 0
1816 0 0
1817 0 0
1818 0 0
1819 0 0
1820 0 0
1821 0 0
1822 0 0
1823 0 0
1824 0 0
1825 0 0
1826 0 0
1827 0 0
1828 0 0
1829 0 0
1830 0 0
1831 0 0
1832 0 0
1833 0 0
1834 0 0
1835 0 0
1836 0 0
1837 0 0
1838 0 0
1839 0 0
1840 0 0
1841 0 0
1842 0 0
1843 0 0
1844 0 0
1845 0 0
1846 0 0
1847 0 0
1848 0 0
1849 0 0
1850 0 0
1851 0 0
1852 0 0
1853 0 0
1854 0 0
1855 0 0
1856 0 0
1857 0 0
1858 0 0
1859 0 0
1860 0 0
1861 0 0
1862 0 0
1863 0 0
1864 0 0
1865 0 0
1866 0 0
1867 0 0
1868 0 0
1869 0 0
1870 0 0
1871 0 0
1872 0 0
1873 0 0
1874 0 0
1875 0 0
1876 0 0
1877 0 0
1878 0 0
1879 0 0
1880 0 0
1881 0 0
1882 0 0
1883 0 0
1884 0 0
1885 0 0
1886 0 0
1887 0 0
1888 0 0
1889 0 0
1890 0 0
1891 0 0
1892 0 0
1893 0 0
1894 0 0
1895 0 0
1896 0 0
1897 0 0
1898 0 0
1899 0 0
1900 0 0
1901 0 0
1902 0 0
1903 0 0
1904 0 0
1905 0 0
1906 0 0
1907 0 0
1908 0 0
1909 0 0
1910 0 0
1911 0 0
1912 0 0
1913 0 0
1914 0 0
1915 0 0
1916 0 0
1917 0 0
1918 0 0
1919 0 0
1920 0 0
1921 0 0
1922 0 0
1923 0 0
1924 0 0
1925 0 0
1926 0 0
1927 0 0
1928 0 0
1929 0 0
1930 0 0
1931 0 0
1932 0 0
1933 0 0
1934 0 0
1935 0 0
1936 0 0
1937 0 0
1938 0 0
1939 0 0
1940 0 0
1941 0 0
1942 0 0
1943 0 0
1944 0 0
1945 0 0
1946 0 0
1947 0 0
1948 0 0
1949 0 0
1950 0 0
1951 0 0
1952 0 0
1953 0 0
1954 0 0
1955 0 0
1956 0 0
1957 0 0
1958 0 0
1959 0 0
1960 0 0
1961 0 0
1962 0 0
1963 0 0
1964 0 0
1965 0 0
1966 0 0
1967 0 0
1968 0 0
1969 0 0
1970 0 0
1971 0 0
1972 0 0
1973 0 0
1974 0 0
1975 0 0
1976 0 0
1977 0 0
1978 0 0
1979 0 0
1980 0 0
1981 0 0
1982 0 0
1983 0 0
1984 0 0
1985 0 0
1986 0 0
1987 0 0
1988 0 0
1989 0 0
1990 0 0
1991 0 0
1992 0 0
1993 0 0
1994 0 0
1995 0 0
1996 0 0
1997 0 0
1998 0 0
1999 0 0
2000 0 0
2001 0 0
2002 0 0
2003 0 0
2004 0 0
2005 0 0
2006 0 0
2007 0 0
2008 0 0
2009 0 0
2010 0 0
2011 0 0
2012 0 0
2013 0 0
2014 0 0
2015 0 0
2016 0 0
2017 0 0
2018 0 0
2019 0 0
2020 0 0
2021 0 0
2022 0 0
2023 0 0
2024 0 0
2025 0 0
2026 0 0
2027 0 0
2028 0 0
2029 0 0
2030 0 0
2031 0 0
2032 0 0
2033 0 0
2034 0 0
2035 0 0
2036 0 0
2037 0 0
2038 0 0
2039 0 0
2040 0 0
2041 0 0
2042 0 0
2043 0 0
2044 0 0
2045 0 0
2046 0 0
2047 0 0
2048 0 0
2049 0 0
2050 0 0
2051 0 0
2052 0 0
2053 0 0
2054 0 0
2055 0 0
2056 0 0
2057 0 0
2058 0 0
2059 0 0
2060 0 0
2061 0 0
2062 0 0
2063 0 0
2064 0 0
2065 0 0
2066 0 0
2067 0 0
2068 0 0
2069 0 0
2070 0 0
2071 0 0
2072 0 0
2073 0 0
2074 0 0
2075 0 0
2076 0 0
2077 0 0
2078 0 0
2079 0 0
2080 0 0
2081 0 0
2082 0 0
2083 0 0
2084 0 0
2085 0 0
2086 0 0
2087 0 0
2088 0 0
2089 0 0
2090 0 0
2091 0 0
2092 0 0
2093 0 0
2094 0 0
2095 0 0
2096 0 0
2097 0 0
2098 0 0
2099 0 0
2100 0 0
2101 0 0
2102 0 0
2103 0 0
2104 0 0
2105 0 0
2106 0 0
2107 0 0
2108 0 0
2109 0 0
2110 0 0
2111 0 0
2112 0 0
2113 0 0
2114 0 0
2115 0 0
2116 0 0
2117 0 0
2118 0 0
2119 0 0
2120 0 0
2121 0 0
2122 0 0
2123 0 0
2124 0 0
2125 0 0
2126 0 0
2127 0 0
2128 0 0
2129 0 0
2130 0 0
2131 0 0
2132 0 0
2133 0 0
2134 0 0
2135 0 0
2136 0 0
2137 0 0
2138 0 0
2139 0 0
2140 0 0
2141 0 0
2142 0 0
2143 0 0
2144 0 0
2145 0 0
2146 0 0
2147 0 0
2148 0 0
2149 0 0
2150 0 0
2151 0 0
2152 0 0
2153 0 0
2154 0 0
2155 0 0
2156 0 0
2157 0 0
2158 0 0
2159 0 0
2160 0 0
2161 0 0
2162 0 0
2163 0 0
2164 0 0
2165 0 0
2166 0 0
2167 0 0
2168 0 0
2169 0 0
2170 0 0
2171 0 0
2172 0 0
2173 0 0
2174 0 0
2175 0 0
2176 0 0
2177 0 0
2178 0 0
2179 0 0
2180 0 0
2181 0 0
2182 0 0
2183 0 0
2184 0 0
2185 0 0
2186 0 0
2187 0 0
2188 0 0
2189 0 0
2190 0 0
2191 0 0
2192 0 0
2193 0 0
2194 0 0
2195 0 0
2196 0 0
2197 0 0
2198 0 0
2199 0 0
2200 0 0
2201 0 0
2202 0 0
2203 0 0
2204 0 0
2205 0 0
2206 0 0
2207 0 0
2208 0 0
2209 0 0
2210 0 0
2211 0 0
2212 0 0
2213 0 0
2214 0 0
2215 0 0
2216 0 0
2217 0 0
2218 0 0
2219 0 0
2220 0 0
2221 0 0
2222 0 0
2223 0 0
2224 0 0
2225 0 0
2226 0 0
2227 0 0
2228 0 0
2229 0 0
2230 0 0
2231 0 0
2232 0 0
2233 0 0
2234 0 0
2235 0 0
2236 0 0
2237 0 0
2238 0 0
2239 0 0
2240 0 0
2241 0 0
2242 0 0
2243 0 0
2244 0 0
2245 0 0
2246 0 0
2247 0 0
2248 0 0
2249 0 0
2250 0 0
2251 0 0
2252 0 0
2253 0 0
2254 0 0
2255 0 0
2256 0 0
2257 0 0
2258 0 0
2259 0 0
2260 0 0
2261 0 0
2262 0 0
2263 0 0
2264 0 0
2265 0 0
2266 0 0
2267 0 0
2268 0 0
2269 0 0
2270 0 0
2271 0 0
2272 0 0
2273 0 0
2274 0 0
2275 0 0
2276 0 0
2277 0 0
2278 0 0
2279 0 0
2280 0 0
2281 0 0
2282 0 0
2283 0 0
2284 0 0
2285 0 0
2286 0 0
2287 0 0
2288 0 0
2289 0 0
2290 0 0
2291 0 0
2292 0 0
2293 0 0
2294 0 0
2295 0 0
2296 0 0
2297 0 0
2298 0 0
2299 0 0
2300 0 0
2301 0 0
2302 0 0
2303 0 0
2304 0 0
2305 0 0
2306 0 0
2307 0 0
2308 0 0
2309 0 0
2310 0 0
2311 0 0
2312 0 0
2313 0 0
2314 0 0
2315 0 0
2316 0 0
2317 0 0
2318 0 0
2319 0 0
2320 0 0
2321 0 0
2322 0 0
2323 0 0
2324 0 0
2325 0 0
2326 0 0
2327 0 0
2328 0 0
2329 0 0
2330 0 0
2331 0 0
2332 0 0
2333 0 0
2334 0 0
2335 0 0
2336 0 0
2337 0 0
2338 0 0
2339 0 0
2340 0 0
2341 0 0
2342 0 0
2343 0 0
2344 0 0
2345 0 0
2346 0 0
2347 0 0
2348 0 0
2349 0 0
2350 0 0
2351 0 0
2352 0 0
2353 0 0
2354 0 0
2355 0 0
2356 0 0
2357 0 0
2358 0 0
2359 0 0
2360 0 0
2361 0 0
2362 0 0
2363 0 0
2364 0 0
2365 0 0
2366 0 0
2367 0 0
2368 0 0
2369 0 0
2370 0 0
2371 0 0
2372 0 0
2373 0 0
2374 0 0
2375 0 0
2376 0 0
2377 0 0
2378 0 0
2379 0 0
2380 0 0
2381 0 0
2382 0 0
2383 0 0
2384 0 0
2385 0 0
2386 0 0
2387 0 0
2388 0 0
2389 0 0
2390 0 0
2391 0 0
2392 0 0
2393 0 0
2394 0 0
2395 0 0
2396 0 0
2397 0 0
2398 0 0
2399 0 0
2400 0 0
2401 0 0
2402 0 0
2403 0 0
2404 0 0
2405 0 0
2406 0 0
2407 0 0
2408 0 0
2409 0 0
2410 0 0
2411 0 0
2412 0 0
2413 0 0
2414 0 0
2415 0 0
2416 0 0
2417 0 0
2418 0 0
2419 0 0
2420 0 0
2421 0 0
2422 0 0
2423 0 0
2424 0 0
2425 0 0
2426 0 0
2427 0 0
2428 0 0
2429 0 0
2430 0 0
2431 0 0
2432 0 0
2433 0 0
2434 0 0
2435 0 0
2436 0 0
2437 0 0
2438 0 0
2439 0 0
2440 0 0
2441 0 0
2442 0 0
2443 0 0
2444 0 0
2445 0 0
2446 0 0
2447 0 0
2448 0 0
2449 0 0
2450 0 0
2451 0 0
2452 0 0
2453 0 0
2454 0 0
2455 0 0
2456 0 0
2457 0 0
2458 0 0
2459 0 0
2460 0 0
2461 0 0
2462 0 0
2463 0 0
2464 0 0
2465 0 0
2466 0 0
2467 0 0
2468 0 0
2469 0 0
2470 0 0
2471 0 0
2472 0 0
2473 0 0
2474 0 0
2475 0 0
2476 0 0
2477 0 0
2478 0 0
2479 0 0
2480 0 0
2481 0 0
2482 0 0
2483 0 0
2484 0 0
2485 0 0
2486 0 0
2487 0 0
2488 0 0
2489 0 0
2490 0 0
2491 0 0
2492 0 0
2493 0 0
2494 0 0
2495 0 0
2496 0 0
2497 0 0
2498 0 0
2499 0 0
2500 0 0

ARCS
25 24 24
24 23 11
23 22 16
22 21 12
21 20 2
20 19 81
19 18 1
18 17 5
17 16 9
16 15 2
15 14 62
14 13 5
13 12 6
12 11 3
11 10 24
10 9 15
9 8 8
8 7 46
7 6 4
6 5 7
5 4 11
4 3 8
3 2 5
2 1 1
1 51 25
51 52 1
52 53 5
53 54 8
54 55 11
55 56 7
56 57 4
57 58 46
58 59 8
59 60 15
60 61 24
61 62 3
62 404 6
404 64 5
64 65 62
65 66 2
66 67 9
67 68 5
68 69 1
69 70 81
70 71 2
71 72 12
72 73 16
73 74 11
74 75 24
75 76 8
76 1004 60
1004 78 21
78 79 5
79 1104 15
1104 81 15
81 82 36
82 83 35
83 84 28
84 85 18
85 86 13
86 87 8
87 88 10
88 89 12
89 90 34
90 91 33
91 92 15
92 93 73
93 94 36
94 95 11
95 96 31
96 97 60
97 98 4
98 99 24
99 100 1
100 50 25
50 49 1
49 48 24
48 47 4
47 46 60
46 45 31
45 44 11
44 43 36
43 42 73
42 41 15
41 40 33
40 39 34
39 38 12
38 37 10
37 36 8
36 35 13
35 34 18
34 33 28
33 32 35
32 31 36
31 30 15
30 29 15
29 28 5
28 27 21
27 26 60
26 25 8
25 75 25
75 125 7
125 124 24
124 123 11
123 122 16
122 121 12
121 120 2
120 119 81
119 118 1
118 117 5
117 116 9
116 115 2
115 114 62
114 113 5
113 112 6
112 111 3
111 110 24
110 109 15
109 108 8
108 107 46
107 106 4
106 105 7
105 104 11
104 103 8
103 102 5
102 101 1
101 51 7
101 151 24
151 152 1
152 153 5
153 154 8
154 155 11
155 156 7
156 157 4
157 158 46
158 159 8
159 160 15
160 161 24
161 162 3
162 163 6
163 164 5
164 165 62
165 166 2
166 167 9
167 168 5
168 169 1
169 170 81
170 171 2
171 172 12
172 173 16
173 174 11
174 175 24
175 176 8
176 177 60
177 178 21
178 179 5
179 180 15
180 181 15
181 182 36
182 183 35
183 184 28
184 185 18
185 186 13
186 187 8
187 188 10
188 189 12
189 190 34
190 191 33
191 192 15
192 193 73
193 194 36
194 195 11
195 196 31
196 197 60
197 198 4
198 199 24
199 200 1
200 150 24
150 149 1
149 148 24
148 147 4
147 146 60
146 145 31
145 144 11
144 143 36
143 142 73
142 141 15
141 140 33
140 139 34
139 138 12
138 137 10
137 136 8
136 135 13
135 134 18
134 133 28
133 132 35
132 131 36
131 130 15
130 129 15
129 128 5
128 127 21
127 126 60
126 125 8
125 175 24
175 225 1
225 224 24
224 223 11
223 222 16
222 221 12
221 220 2
220 219 81
219 218 1
218 217 5
217 216 9
216 215 2
215 214 62
214 213 5
213 212 6
212 211 3
211 210 24
210 209 15
209 208 8
208 207 46
207 206 4
206 205 7
205 204 11
204 203 8
203 202 5
202 201 1
201 151 1
201 251 4
251 252 1
252 253 5
253 254 8
254 255 11
255 256 7
256 257 4
257 258 46
258 259 8
259 260 15
260 261 24
261 262 3
262 263 6
263 264 5
264 265 62
265 266 2
266 267 9
267 268 5
268 269 1
269 270 81
270 271 2
271 272 12
272 273 16
273 274 11
274 275 24
275 276 8
276 277 60
277 278 21
278 279 5
279 280 15
280 281 15
281 282 36
282 283 35
283 284 28
284 285 18
285 286 13
286 287 8
287 288 10
288 289 12
289 290 34
290 291 33
291 292 15
292 293 73
293 294 36
294 295 11
295 296 31
296 297 60
297 298 4
298 299 24
299 300 1
300 250 4
250 249 1
249 248 24
248 247 4
247 246 60
246 245 31
245 244 11
244 243 36
243 242 73
242 241 15
241 240 33
240 239 34
239 238 12
238 237 10
237 236 8
236 235 13
235 234 18
234 233 28
233 232 35
232 231 36
231 230 15
230 229 15
229 228 5
228 227 21
227 226 60
226 225 8
225 275 4
275 325 8
325 324 24
324 323 11
323 322 16
322 321 12
321 320 2
320 319 81
319 318 1
318 317 5
317 316 9
316 315 2
315 314 62
314 313 5
313 312 6
312 311 3
311 310 24
310 309 15
309 308 8
308 307 46
307 306 4
306 305 7
305 304 11
304 303 8
303 302 5
302 301 1
301 251 8
301 351 41
351 352 1
352 353 5
353 354 8
354 355 11
355 356 7
356 357 4
357 358 46
358 359 8
359 360 15
360 361 24
361 362 3
362 363 6
363 364 5
364 365 62
365 366 2
366 367 9
367 368 5
368 369 1
369 370 81
370 371 2
371 372 12
372 373 16
373 374 11
374 375 24
375 376 8
376 377 60
377 378 21
378 379 5
379 380 15
380 381 15
381 382 36
382 383 35
383 384 28
384 385 18
385 386 13
386 387 8
387 388 10
388 389 12
389 390 34
390 391 33
391 392 15
392 393 73
393 394 36
394 395 11
395 396 31
396 397 60
397 398 4
398 399 24
399 400 1
400 350 41
350 349 1
349 348 24
348 347 4
347 346 60
346 345 31
345 344 11
344 343 36
343 342 73
342 341 15
341 340 33
340 339 34
339 338 12
338 337 10
337 336 8
336 335 13
335 334 18
334 333 28
333 332 35
332 331 36
331 330 15
330 329 15
329 328 5
328 327 21
327 326 60
326 325 8
325 375 41
375 425 39
425 424 24
424 423 11
423 422 16
422 421 12
421 420 2
420 419 81
419 418 1
418 417 5
417 416 9
416 415 2
415 414 62
414 413 5
413 412 6
412 411 3
411 410 24
410 409 15
409 408 8
408 407 46
407 406 4
406 405 7
405 404 11
404 403 8
403 402 5
402 401 1
401 351 39
401 451 2
451 452 1
452 453 5
453 454 8
454 455 11
455 456 7
456 457 4
457 458 46
458 459 8
459 460 15
460 461 24
461 462 3
462 463 6
463 464 5
464 465 62
465 466 2
466 467 9
467 468 5
468 469 1
469 470 81
470 471 2
471 472 12
472 473 16
473 474 11
474 475 24
475 476 8
476 477 60
477 478 21
478 479 5
479 480 15
480 481 15
481 482 36
482 483 35
483 484 28
484 485 18
485 486 13
486 487 8
487 488 10
488 489 12
489 490 34
490 491 33
491 492 15
492 493 73
493 494 36
494 495 11
495 496 31
496 497 60
497 498 4
498 499 24
499 500 1
500 450 2
450 449 1
449 448 24
448 447 4
447 446 60
446 445 31
445 444 11
444 443 36
443 442 73
442 441 15
441 440 33
440 439 34
439 438 12
438 437 10
437 436 8
436 435 13
435 434 18
434 433 28
433 432 35
432 431 36
431 1113 15
1113 429 15
429 428 5
428 1013 21
1013 426 60
426 425 8
425 475 2
475 525 29
525 524 24
524 523 11
523 522 16
522 521 12
521 520 2
520 519 81
519 518 1
518 517 5
517 516 9
516 515 2
515 514 62
514 513 5
513 512 6
512 511 3
511 510 24
510 509 15
509 508 8
508 507 46
507 506 4
506 505 7
505 504 11
504 503 8
503 502 5
502 501 1
501 451 29
501 551 19
551 552 1
552 553 5
553 554 8
554 555 11
555 556 7
556 557 4
557 558 46
558 559 8
559 560 15
560 561 24
561 562 3
562 563 6
563 564 5
564 565 62
565 566 2
566 567 9
567 568 5
568 569 1
569 570 81
570 571 2
571 572 12
572 573 16
573 574 11
574 575 24
575 576 8
576 577 60
577 578 21
578 579 5
579 580 15
580 581 15
581 582 36
582 583 35
583 584 28
584 585 18
585 586 13
586 587 8
587 588 10
588 589 12
589 590 34
590 591 33
591 592 15
592 593 73
593 594 36
594 595 11
595 596 31
596 597 60
597 598 4
598 599 24
599 600 1
600 550 19
550 549 1
549 548 24
548 547 4
547 546 60
546 545 31
545 544 11
544 543 36
543 542 73
542 541 15
541 540 33
540 539 34
539 538 12
538 537 10
537 536 8
536 535 13
535 534 18
534 533 28
533 532 35
532 531 36
531 530 15
530 529 15
529 528 5
528 527 21
527 526 60
526 525 8
525 575 19
575 625 24
625 624 24
624 623 11
623 622 16
622 621 12
621 620 2
620 619 81
619 618 1
618 617 5
617 616 9
616 615 2
615 614 62
614 613 5
613 612 6
612 611 3
611 610 24
610 609 15
609 608 8
608 607 46
607 606 4
606 605 7
605 604 11
604 603 8
603 602 5
602 601 1
601 551 24
601 651 1
651 652 1
652 653 5
653 654 8
654 655 11
655 656 7
656 657 4
657 658 46
658 659 8
659 660 15
660 661 24
661 662 3
662 663 6
663 664 5
664 665 62
665 666 2
666 667 9
667 668 5
668 669 1
669 670 81
670 671 2
671 672 12
672 673 16
673 674 11
674 675 24
675 676 8
676 677 60
677 678 21
678 679 5
679 680 15
680 681 15
681 682 36
682 683 35
683 684 28
684 685 18
685 686 13
686 687 8
687 688 10
688 689 12
689 690 34
690 691 33
691 692 15
692 693 73
693 694 36
694 695 11
695 696 31
696 697 60
697 698 4
698 699 24
699 700 1
700 650 1
650 649 1
649 648 24
648 647 4
647 646 60
646 645 31
645 644 11
644 643 36
643 642 73
642 641 15
641 640 33
640 639 34
639 638 12
638 637 10
637 636 8
636 635 13
635 634 18
634 633 28
633 632 35
632 631 36
631 630 15
630 629 15
629 628 5
628 627 21
627 626 60
626 625 8
625 675 1
675 725 46
725 724 24
724 723 11
723 722 16
722 721 12
721 720 2
720 719 81
719 718 1
718 717 5
717 716 9
716 715 2
715 714 62
714 713 5
713 712 6
712 711 3
711 710 24
710 709 15
709 708 8
708 707 46
707 706 4
706 705 7
705 704 11
704 703 8
703 702 5
702 701 1
701 651 46
701 751 34
751 752 1
752 753 5
753 754 8
754 755 11
755 756 7
756 757 4
757 758 46
758 759 8
759 760 15
760 761 24
761 762 3
762 763 6
763 764 5
764 765 62
765 766 2
766 767 9
767 768 5
768 769 1
769 770 81
770 771 2
771 772 12
772 773 16
773 774 11
774 775 24
775 776 8
776 777 60
777 778 21
778 779 5
779 780 15
780 781 15
781 782 36
782 783 35
783 784 28
784 785 18
785 786 13
786 787 8
787 788 10
788 789 12
789 790 34
790 791 33
791 792 15
792 793 73
793 794 36
794 795 11
795 796 31
796 797 60
797 798 4
798 799 24
799 800 1
800 750 34
750 749 1
749 748 24
748 747 4
747 746 60
746 745 31
745 744 11
744 743 36
743 742 73
742 741 15
741 740 33
740 739 34
739 738 12
738 737 10
737 736 8
736 735 13
735 734 18
734 733 28
733 732 35
732 731 36
731 730 15
730 729 15
729 728 5
728 727 21
727 726 60
726 725 8
725 775 34
775 825 45
825 824 24
824 823 11
823 822 16
822 821 12
821 820 2
820 819 81
819 818 1
818 817 5
817 816 9
816 815 2
815 814 62
814 813 5
813 812 6
812 811 3
811 810 24
810 809 15
809 808 8
808 807 46
807 806 4
806 805 7
805 804 11
804 803 8
803 802 5
802 801 1
801 751 45
801 851 51
851 852 1
852 853 5
853 854 8
854 855 11
855 856 7
856 857 4
857 858 46
858 859 8
859 860 15
860 861 24
861 862 3
862 863 6
863 864 5
864 865 62
865 866 2
866 867 9
867 868 5
868 869 1
869 870 81
870 871 2
871 872 12
872 873 16
873 874 11
874 875 24
875 876 8
876 877 60
877 878 21
878 879 5
879 880 15
880 881 15
881 882 36
882 883 35
883 884 28
884 885 18
885 886 13
886 887 8
887 888 10
888 889 12
889 890 34
890 891 33
891 892 15
892 893 73
893 894 36
894 895 11
895 896 31
896 897 60
897 898 4
898 899 24
899 900 1
900 850 51
850 849 1
849 848 24
848 847 4
847 846 60
846 845 31
845 844 11
844 843 36
843 842 73
842 841 15
841 840 33
840 839 34
839 838 12
838 837 10
837 836 8
836 835 13
835 834 18
834 833 28
833 832 35
832 831 36
831 830 15
830 829 15
829 828 5
828 827 21
827 826 60
826 825 8
825 875 51
875 925 5
925 924 24
924 923 11
923 922 16
922 921 12
921 920 2
920 919 81
919 918 1
918 917 5
917 916 9
916 915 2
915 914 62
914 913 5
913 912 6
912 911 3
911 910 24
910 909 15
909 908 8
908 907 46
907 906 4
906 905 7
905 904 11
904 903 8
903 902 5
902 901 1
901 851 5
901 951 14
951 952 1
952 953 5
953 954 8
954 955 11
955 956 7
956 957 4
957 958 46
958 959 8
959 960 15
960 961 24
961 962 3
962 963 6
963 964 5
964 965 62
965 966 2
966 967 9
967 968 5
968 969 1
969 970 81
970 971 2
971 972 12
972 973 16
973 974 11
974 975 24
975 976 8
976 977 60
977 978 21
978 979 5
979 980 15
980 981 15
981 982 36
982 983 35
983 984 28
984 985 18
985 986 13
986 987 8
987 988 10
988 989 12
989 990 34
990 991 33
991 992 15
992 993 73
993 994 36
994 995 11
995 996 31
996 997 60
997 998 4
998 999 24
999 1000 1
1000 950 14
950 949 1
949 948 24
948 947 4
947 946 60
946 945 31
945 944 11
944 943 36
943 942 73
942 941 15
941 940 33
940 939 34
939 938 12
938 937 10
937 936 8
936 935 13
935 934 18
934 933 28
933 932 35
932 931 36
931 930 15
930 929 15
929 928 5
928 927 21
927 926 60
926 925 8
925 975 14
975 1025 28
1025 1024 24
1024 1023 11
1023 1022 16
1022 1021 12
1021 1020 2
1020 1019 81
1019 1018 1
1018 1017 5
1017 1016 9
1016 1015 2
1015 1014 62
1014 1013 5
1013 1012 6
1012 1011 3
1011 1010 24
1010 1009 15
1009 1008 8
1008 1007 46
1007 1006 4
1006 1005 7
1005 1004 11
1004 1003 8
1003 1002 5
1002 1001 1
1001 951 28
1001 1051 33
1051 1052 1
1052 1053 5
1053 1054 8
1054 1055 11
1055 1056 7
1056 1057 4
1057 1058 46
1058 1059 8
1059 1060 15
1060 1061 24
1061 1062 3
1062 1063 6
1063 1064 5
1064 1065 62
1065 1066 2
1066 1067 9
1067 1068 5
1068 1069 1
1069 1070 81
1070 1071 2
1071 1072 12
1072 1073 16
1073 1074 11
1074 1075 24
1075 1076 8
1076 1077 60
1077 1078 21
1078 1079 5
1079 1080 15
1080 1081 15
1081 1082 36
1082 1083 35
1083 1084 28
1084 1085 18
1085 1086 13
1086 1087 8
1087 1088 10
1088 1089 12
1089 1090 34
1090 1091 33
1091 1092 15
1092 1093 73
1093 1094 36
1094 1095 11
1095 1096 31
1096 1097 60
1097 1098 4
1098 1099 24
1099 1100 1
1100 1050 33
1050 1049 1
1049 1048 24
1048 1047 4
1047 1046 60
1046 1045 31
1045 1044 11
1044 1043 36
1043 1042 73
1042 1041 15
1041 1040 33
1040 1039 34
1039 1038 12
1038 1037 10
1037 1036 8
1036 1035 13
1035 1034 18
1034 1033 28
1033 1032 35
1032 1031 36
1031 1127 15
1127 1029 15
1029 1028 5
1028 1027 21
1027 1026 60
1026 1025 8
1025 1075 33
1075 1125 8
1125 1124 24
1124 1123 11
1123 1122 16
1122 1121 12
1121 1120 2
1120 1119 81
1119 1118 1
1118 1117 5
1117 1116 9
1116 1115 2
1115 1114 62
1114 1113 5
1113 1112 6
1112 1111 3
1111 1110 24
1110 1109 15
1109 1108 8
1108 1107 46
1107 1106 4
1106 1105 7
1105 1104 11
1104 1103 8
1103 1102 5
1102 1101 1
1101 1051 8
1101 1151 2
1151 1152 1
1152 1153 5
1153 1154 8
1154 1155 11
1155 1156 7
1156 1157 4
1157 1158 46
1158 1159 8
1159 1160 15
1160 1161 24
1161 1162 3
1162 1163 6
1163 1164 5
1164 1165 62
1165 1166 2
1166 1167 9
1167 1168 5
1168 1169 1
1169 1170 81
1170 1171 2
1171 1172 12
1172 1173 16
1173 1174 11
1174 1175 24
1175 1176 8
1176 1177 60
1177 1178 21
1178 1179 5
1179 1180 15
1180 1181 15
1181 1182 36
1182 1183 35
1183 1184 28
1184 1185 18
1185 1186 13
1186 1187 8
1187 1188 10
1188 1189 12
1189 1190 34
1190 1191 33
1191 1192 15
1192 1193 73
1193 1194 36
1194 1195 11
1195 1196 31
1196 1197 60
1197 1198 4
1198 1199 24
1199 1200 1
1200 1150 2
1150 1149 1
1149 1148 24
1148 1147 4
1147 1146 60
1146 1145 31
1145 1144 11
1144 1143 36
1143 1142 73
1142 1141 15
1141 1140 33
1140 1139 34
1139 1138 12
1138 1137 10
1137 1136 8
1136 1135 13
1135 1134 18
1134 1133 28
1133 1132 35
1132 1131 36
1131 1130 15
1130 1129 15
1129 1128 5
1128 1127 21
1127 1126 60
1126 1125 8
1125 1175 2
1175 1225 1
1225 1224 24
1224 1223 11
1223 1222 16
1222 1221 12
1221 1220 2
1220 1219 81
1219 1218 1
1218 1217 5
1217 1216 9
1216 1215 2
1215 1214 62
1214 1213 5
1213 1212 6
1212 1211 3
1211 1210 24
1210 1209 15
1209 1208 8
1208 1207 46
1207 1206 4
1206 1205 7
1205 1204 11
1204 1203 8
1203 1202 5
1202 1201 1
1201 1151 1
1201 1251 19
1251 1252 1
1252 1253 5
1253 1254 8
1254 1255 11
1255 1256 7
1256 1257 4
1257 1258 46
1258 1259 8
1259 1260 15
1260 1261 24
1261 1262 3
1262 1263 6
1263 1264 5
1264 1265 62
1265 1266 2
1266 1267 9
1267 1268 5
1268 1269 1
1269 1270 81
1270 1271 2
1271 1272 12
1272 1273 16
1273 1274 11
1274 1275 24
1275 1276 8
1276 1277 60
1277 1278 21
1278 1279 5
1279 1280 15
1280 1281 15
1281 1282 36
1282 1283 35
1283 1284 28
1284 1285 18
1285 1286 13
1286 1287 8
1287 1288 10
1288 1289 12
1289 1290 34
1290 1291 33
1291 1292 15
1292 1293 73
1293 1294 36
1294 1295 11
1295 1296 31
1296 1297 60
1297 1298 4
1298 1299 24
1299 1300 1
1300 1250 19
1250 1249 1
1249 1248 24
1248 1247 4
1247 1246 60
1246 1245 31
1245 1244 11
1244 1243 36
1243 1242 73
1242 1241 15
1241 1240 33
1240 1239 34
1239 1238 12
1238 1237 10
1237 1236 8
1236 1235 13
1235 1234 18
1234 1233 28
1233 1232 35
1232 1231 36
1231 1230 15
1230 1229 15
1229 1228 5
1228 1227 21
1227 1226 60
1226 1225 8
1225 1275 19
1275 1325 1
1325 1324 24
1324 1323 11
1323 1322 16
1322 1321 12
1321 1320 2
1320 1319 81
1319 1318 1
1318 1317 5
1317 1316 9
1316 1315 2
1315 1314 62
1314 1313 5
1313 1312 6
1312 1311 3
1311 1310 24
1310 1309 15
1309 1308 8
1308 1307 46
1307 1306 4
1306 1305 7
1305 1304 11
1304 1303 8
1303 1302 5
1302 1301 1
1301 1251 1
1301 1351 11
1351 1352 1
1352 1353 5
1353 1354 8
1354 1355 11
1355 1356 7
1356 1357 4
1357 1358 46
1358 1359 8
1359 1360 15
1360 1361 24
1361 1362 3
1362 1363 6
1363 1364 5
1364 1365 62
1365 1366 2
1366 1367 9
1367 1368 5
1368 1369 1
1369 1370 81
1370 1371 2
1371 1372 12
1372 1373 16
1373 1374 11
1374 1375 24
1375 1376 8
1376 1377 60
1377 1378 21
1378 1379 5
1379 1380 15
1380 1381 15
1381 1382 36
1382 1383 35
1383 1384 28
1384 1385 18
1385 1386 13
1386 1387 8
1387 1388 10
1388 1389 12
1389 1390 34
1390 1391 33
1391 1392 15
1392 1393 73
1393 1394 36
1394 1395 11
1395 1396 31
1396 1397 60
1397 1398 4
1398 1399 24
1399 1400 1
1400 1350 11
1350 1349 1
1349 1348 24
1348 1347 4
1347 1346 60
1346 1345 31
1345 1344 11
1344 1343 36
1343 1342 73
1342 1341 15
1341 1340 33
1340 1339 34
1339 1338 12
1338 1337 10
1337 1336 8
1336 1335 13
1335 1334 18
1334 1333 28
1333 1332 35
1332 1331 36
1331 1330 15
1330 1329 15
1329 1328 5
1328 1327 21
1327 1326 60
1326 1325 8
1325 1375 11
1375 1425 49
1425 1424 24
1424 1423 11
1423 1422 16
1422 1421 12
1421 1420 2
1420 1419 81
1419 1418 1
1418 1417 5
1417 1416 9
1416 1415 2
1415 1414 62
1414 1413 5
1413 1412 6
1412 1411 3
1411 1410 24
1410 1409 15
1409 1408 8
1408 1407 46
1407 1406 4
1406 1405 7
1405 1404 11
1404 1403 8
1403 1402 5
1402 1401 1
1401 1351 49
1401 1451 28
1451 1452 1
1452 1453 5
1453 1454 8
1454 1455 11
1455 1456 7
1456 1457 4
1457 1458 46
1458 1459 8
1459 1460 15
1460 1461 24
1461 1462 3
1462 1463 6
1463 1464 5
1464 1465 62
1465 1466 2
1466 1467 9
1467 1468 5
1468 1469 1
1469 1470 81
1470 1471 2
1471 1472 12
1472 1473 16
1473 1474 11
1474 1475 24
1475 1476 8
1476 1477 60
1477 1478 21
1478 1479 5
1479 1480 15
1480 1481 15
1481 1482 36
1482 1483 35
1483 1484 28
1484 1485 18
1485 1486 13
1486 1487 8
1487 1488 10
1488 1489 12
1489 1490 34
1490 1491 33
1491 1492 15
1492 1493 73
1493 1494 36
1494 1495 11
1495 1496 31
1496 1497 60
1497 1498 4
1498 1499 24
1499 1500 1
1500 1450 28
1450 1449 1
1449 1448 24
1448 1447 4
1447 1446 60
1446 1445 31
1445 1444 11
1444 1443 36
1443 1442 73
1442 1441 15
1441 1440 33
1440 1439 34
1439 1438 12
1438 1437 10
1437 1436 8
1436 1435 13
1435 1434 18
1434 1433 28
1433 1432 35
1432 1431 36
1431 1430 15
1430 1429 15
1429 1428 5
1428 1427 21
1427 1426 60
1426 1425 8
1425 1475 28
1475 1525 11
1525 1524 24
1524 1523 11
1523 1522 16
1522 1521 12
1521 1520 2
1520 1519 81
1519 1518 1
1518 1517 5
1517 1516 9
1516 1515 2
1515 1514 62
1514 1513 5
1513 1512 6
1512 1511 3
1511 1510 24
1510 1509 15
1509 1508 8
1508 1507 46
1507 1506 4
1506 1505 7
1505 1504 11
1504 1503 8
1503 1502 5
1502 1501 1
1501 1451 11
1501 1551 35
1551 1552 1
1552 1553 5
1553 1554 8
1554 1555 11
1555 1556 7
1556 1557 4
1557 1558 46
1558 1559 8
1559 1560 15
1560 1561 24
1561 1562 3
1562 1563 6
1563 1564 5
1564 1565 62
1565 1566 2
1566 1567 9
1567 1568 5
1568 1569 1
1569 1570 81
1570 1571 2
1571 1572 12
1572 1573 16
1573 1574 11
1574 1575 24
1575 1576 8
1576 1577 60
1577 1578 21
1578 1579 5
1579 1580 15
1580 1581 15
1581 1582 36
1582 1583 35
1583 1584 28
1584 1585 18
1585 1586 13
1586 1587 8
1587 1588 10
1588 1589 12
1589 1590 34
1590 1591 33
1591 1592 15
1592 1593 73
1593 1594 36
1594 1595 11
1595 1596 31
1596 1597 60
1597 1598 4
1598 1599 24
1599 1600 1
1600 1550 35
1550 1549 1
1549 1548 24
1548 1547 4
1547 1546 60
1546 1545 31
1545 1544 11
1544 1543 36
1543 1542 73
1542 1541 15
1541 1540 33
1540 1539 34
1539 1538 12
1538 1537 10
1537 1536 8
1536 1535 13
1535 1534 18
1534 1533 28
1533 1532 35
1532 1531 36
1531 1530 15
1530 1529 15
1529 1528 5
1528 1527 21
1527 1526 60
1526 1525 8
1525 1575 35
1575 1625 15
1625 1624 24
1624 1623 11
1623 1622 16
1622 1621 12
1621 1620 2
1620 1619 81
1619 1618 1
1618 1617 5
1617 1616 9
1616 1615 2
1615 1614 62
1614 1613 5
1613 1612 6
1612 1611 3
1611 1610 24
1610 1609 15
1609 1608 8
1608 1607 46
1607 1606 4
1606 1605 7
1605 1604 11
1604 1603 8
1603 1602 5
1602 1601 1
1601 1551 15
1601 1651 29
1651 1652 1
1652 1653 5
1653 1654 8
1654 1655 11
1655 1656 7
1656 1657 4
1657 1658 46
1658 1659 8
1659 1660 15
1660 1661 24
1661 1662 3
1662 1663 6
1663 1664 5
1664 1665 62
1665 1666 2
1666 1667 9
1667 1668 5
1668 1669 1
1669 1670 81
1670 1671 2
1671 1672 12
1672 1673 16
1673 1674 11
1674 1675 24
1675 1676 8
1676 1677 60
1677 1678 21
1678 1679 5
1679 1680 15
1680 1681 15
1681 1682 36
1682 1683 35
1683 1684 28
1684 1685 18
1685 1686 13
1686 1687 8
1687 1688 10
1688 1689 12
1689 1690 34
1690 1691 33
1691 1692 15
1692 1693 73
1693 1694 36
1694 1695 11
1695 1696 31
1696 1697 60
1697 1698 4
1698 1699 24
1699 1700 1
1700 1650 29
1650 1649 1
1649 1648 24
1648 1647 4
1647 1646 60
1646 1645 31
1645 1644 11
1644 1643 36
1643 1642 73
1642 1641 15
1641 1640 33
1640 1639 34
1639 1638 12
1638 1637 10
1637 1636 8
1636 1635 13
1635 1634 18
1634 1633 28
1633 1632 35
1632 1631 36
1631 1630 15
1630 1629 15
1629 1628 5
1628 1627 21
1627 1626 60
1626 1625 8
1625 1675 29
1675 1725 25
1725 1724 24
1724 1723 11
1723 1722 16
1722 1721 12
1721 1720 2
1720 1719 81
1719 1718 1
1718 1717 5
1717 1716 9
1716 1715 2
1715 1714 62
1714 1713 5
1713 1712 6
1712 1711 3
1711 1710 24
1710 1709 15
1709 1708 8
1708 1707 46
1707 1706 4
1706 1705 7
1705 1704 11
1704 1703 8
1703 1702 5
1702 1701 1
1701 1651 25
1701 1751 3
1751 1752 1
1752 1753 5
1753 1754 8
1754 1755 11
1755 1756 7
1756 1757 4
1757 1758 46
1758 1759 8
1759 1760 15
1760 1761 24
1761 1762 3
1762 1763 6
1763 1764 5
1764 1765 62
1765 1766 2
1766 1767 9
1767 1768 5
1768 1769 1
1769 1770 81
1770 1771 2
1771 1772 12
1772 1773 16
1773 1774 11
1774 1775 24
1775 1776 8
1776 1777 60
1777 1778 21
1778 1779 5
1779 1780 15
1780 1781 15
1781 1782 36
1782 1783 35
1783 1784 28
1784 1785 18
1785 1786 13
1786 1787 8
1787 1788 10
1788 1789 12
1789 1790 34
1790 1791 33
1791 1792 15
1792 1793 73
1793 1794 36
1794 1795 11
1795 1796 31
1796 1797 60
1797 1798 4
1798 1799 24
1799 1800 1
1800 1750 3
1750 1749 1
1749 1748 24
1748 1747 4
1747 1746 60
1746 1745 31
1745 1744 11
1744 1743 36
1743 1742 73
1742 1741 15
1741 1740 33
1740 1739 34
1739 1738 12
1738 1737 10
1737 1736 8
1736 1735 13
1735 1734 18
1734 1733 28
1733 1732 35
1732 1731 36
1731 1730 15
1730 1729 15
1729 1728 5
1728 1727 21
1727 1726 60
1726 1725 8
1725 1775 3
1775 1825 38
1825 1824 24
1824 1823 11
1823 1822 16
1822 1821 12
1821 1820 2
1820 1819 81
1819 1818 1
1818 1817 5
1817 1816 9
1816 1815 2
1815 1814 62
1814 1813 5
1813 1812 6
1812 1811 3
1811 1810 24
1810 1809 15
1809 1808 8
1808 1807 46
1807 1806 4
1806 1805 7
1805 1804 11
1804 1803 8
1803 1802 5
1802 1801 1
1801 1751 38
1801 1851 38
1851 1852 1
1852 1853 5
1853 1854 8
1854 1855 11
1855 1856 7
1856 1857 4
1857 1858 46
1858 1859 8
1859 1860 15
1860 1861 24
1861 1862 3
1862 1863 6
1863 1864 5
1864 1865 62
1865 1866 2
1866 1867 9
1867 1868 5
1868 1869 1
1869 1870 81
1870 1871 2
1871 1872 12
1872 1873 16
1873 1874 11
1874 1875 24
1875 1876 8
1876 1877 60
1877 1878 21
1878 1879 5
1879 1880 15
1880 1881 15
1881 1882 36
1882 1883 35
1883 1884 28
1884 1885 18
1885 1886 13
1886 1887 8
1887 1888 10
1888 1889 12
1889 1890 34
1890 1891 33
1891 1892 15
1892 1893 73
1893 1894 36
1894 1895 11
1895 1896 31
1896 1897 60
1897 1898 4
1898 1899 24
1899 1900 1
1900 1850 38
1850 1849 1
1849 1848 24
1848 1847 4
1847 1846 60
1846 1845 31
1845 1844 11
1844 1843 36
1843 1842 73
1842 1841 15
1841 1840 33
1840 1839 34
1839 1838 12
1838 1837 10
1837 1836 8
1836 1835 13
1835 1834 18
1834 1833 28
1833 1832 35
1832 1831 36
1831 1830 15
1830 1829 15
1829 1828 5
1828 1827 21
1827 1826 60
1826 1825 8
1825 1875 38
1875 1925 83
1925 1924 24
1924 1923 11
1923 1922 16
1922 1921 12
1921 1920 2
1920 1919 81
1919 1918 1
1918 1917 5
1917 1916 9
1916 1915 2
1915 1914 62
1914 1913 5
1913 1912 6
1912 1911 3
1911 1910 24
1910 1909 15
1909 1908 8
1908 1907 46
1907 1906 4
1906 1905 7
1905 1904 11
1904 1903 8
1903 1902 5
1902 1901 1
1901 1851 83
1901 1951 21
1951 1952 1
1952 1953 5
1953 1954 8
1954 1955 11
1955 1956 7
1956 1957 4
1957 1958 46
1958 1959 8
1959 1960 15
1960 1961 24
1961 1962 3
1962 1963 6
1963 1964 5
1964 1965 62
1965 1966 2
1966 1967 9
1967 1968 5
1968 1969 1
1969 1970 81
1970 1971 2
1971 1972 12
1972 1973 16
1973 1974 11
1974 1975 24
1975 1976 8
1976 1977 60
1977 1978 21
1978 1979 5
1979 1980 15
1980 1981 15
1981 1982 36
1982 1983 35
1983 1984 28
1984 1985 18
1985 1986 13
1986 1987 8
1987 1988 10
1988 1989 12
1989 1990 34
1990 1991 33
1991 1992 15
1992 1993 73
1993 1994 36
1994 1995 11
1995 1996 31
1996 1997 60
1997 1998 4
1998 1999 24
1999 2000 1
2000 1950 21
1950 1949 1
1949 1948 24
1948 1947 4
1947 1946 60
1946 1945 31
1945 1944 11
1944 1943 36
1943 1942 73
1942 1941 15
1941 1940 33
1940 1939 34
1939 1938 12
1938 1937 10
1937 1936 8
1936 1935 13
1935 1934 18
1934 1933 28
1933 1932 35
1932 1931 36
1931 1930 15
1930 1929 15
1929 1928 5
1928 1927 21
1927 1926 60
1926 1925 8
1925 1975 21
1975 2025 18
2025 2024 24
2024 2023 11
2023 2022 16
2022 2021 12
2021 2020 2
2020 2019 81
2019 2018 1
2018 2017 5
2017 2016 9
2016 2015 2
2015 2014 62
2014 2013 5
2013 2012 6
2012 2011 3
2011 2010 24
2010 2009 15
2009 2008 8
2008 2007 46
2007 2006 4
2006 2005 7
2005 2004 11
2004 2003 8
2003 2002 5
2002 2001 1
2001 1951 18
2001 2051 19
2051 2052 1
2052 2053 5
2053 2054 8
2054 2055 11
2055 2056 7
2056 2057 4
2057 2058 46
2058 2059 8
2059 2060 15
2060 2061 24
2061 2062 3
2062 2063 6
2063 2064 5
2064 2065 62
2065 2066 2
2066 2067 9
2067 2068 5
2068 2069 1
2069 2070 81
2070 2071 2
2071 2072 12
2072 2073 16
2073 2074 11
2074 2075 24
2075 2076 8
2076 2077 60
2077 2078 21
2078 2079 5
2079 2080 15
2080 2081 15
2081 2082 36
2082 2083 35
2083 2084 28
2084 2085 18
2085 2086 13
2086 2087 8
2087 2088 10
2088 2089 12
2089 2090 34
2090 2091 33
2091 2092 15
2092 2093 73
2093 2094 36
2094 2095 11
2095 2096 31
2096 2097 60
2097 2098 4
2098 2099 24
2099 2100 1
2100 2050 19
2050 2049 1
2049 2048 24
2048 2047 4
2047 2046 60
2046 2045 31
2045 2044 11
2044 2043 36
2043 2042 73
2042 2041 15
2041 2040 33
2040 2039 34
2039 2038 12
2038 2037 10
2037 2036 8
2036 2035 13
2035 2034 18
2034 2033 28
2033 2032 35
2032 2031 36
2031 2030 15
2030 2029 15
2029 2028 5
2028 2027 21
2027 2026 60
2026 2025 8
2025 2075 19
2075 2125 6
2125 2124 24
2124 2123 11
2123 2122 16
2122 2121 12
2121 2120 2
2120 2119 81
2119 2118 1
2118 2117 5
2117 2116 9
2116 2115 2
2115 2114 62
2114 2113 5
2113 2112 6
2112 2111 3
2111 2110 24
2110 2109 15
2109 2108 8
2108 2107 46
2107 2106 4
2106 2105 7
2105 2104 11
2104 2103 8
2103 2102 5
2102 2101 1
2101 2051 6
2101 2151 12
2151 2152 1
2152 2153 5
2153 2154 8
2154 2155 11
2155 2156 7
2156 2157 4
2157 2158 46
2158 2159 8
2159 2160 15
2160 2161 24
2161 2162 3
2162 2163 6
2163 2164 5
2164 2165 62
2165 2166 2
2166 2167 9
2167 2168 5
2168 2169 1
2169 2170 81
2170 2171 2
2171 2172 12
2172 2173 16
2173 2174 11
2174 2175 24
2175 2176 8
2176 2177 60
2177 2178 21
2178 2179 5
2179 2180 15
2180 2181 15
2181 2182 36
2182 2183 35
2183 2184 28
2184 2185 18
2185 2186 13
2186 2187 8
2187 2188 10
2188 2189 12
2189 2190 34
2190 2191 33
2191 2192 15
2192 2193 73
2193 2194 36
2194 2195 11
2195 2196 31
2196 2197 60
2197 2198 4
2198 2199 24
2199 2200 1
2200 2150 12
2150 2149 1
2149 2148 24
2148 2147 4
2147 2146 60
2146 2145 31
2145 2144 11
2144 2143 36
2143 2142 73
2142 2141 15
2141 2140 33
2140 2139 34
2139 2138 12
2138 2137 10
2137 2136 8
2136 2135 13
2135 2134 18
2134 2133 28
2133 2132 35
2132 2131 36
2131 2130 15
2130 2129 15
2129 2128 5
2128 2127 21
2127 2126 60
2126 2125 8
2125 2175 12
2175 2225 2
2225 2224 24
2224 2223 11
2223 2222 16
2222 2221 12
2221 2220 2
2220 2219 81
2219 2218 1
2218 2217 5
2217 2216 9
2216 2215 2
2215 2214 62
2214 2213 5
2213 2212 6
2212 2211 3
2211 2210 24
2210 2209 15
2209 2208 8
2208 2207 46
2207 2206 4
2206 2205 7
2205 2204 11
2204 2203 8
2203 2202 5
2202 2201 1
2201 2151 2
2201 2251 7
2251 2252 1
2252 2253 5
2253 2254 8
2254 2255 11
2255 2256 7
2256 2257 4
2257 2258 46
2258 2259 8
2259 2260 15
2260 2261 24
2261 2262 3
2262 2263 6
2263 2264 5
2264 2265 62
2265 2266 2
2266 2267 9
2267 2268 5
2268 2269 1
2269 2270 81
2270 2271 2
2271 2272 12
2272 2273 16
2273 2274 11
2274 2275 24
2275 2276 8
2276 2277 60
2277 2278 21
2278 2279 5
2279 2280 15
2280 2281 15
2281 2282 36
2282 2283 35
2283 2284 28
2284 2285 18
2285 2286 13
2286 2287 8
2287 2288 10
2288 2289 12
2289 2290 34
2290 2291 33
2291 2292 15
2292 2293 73
2293 2294 36
2294 2295 11
2295 2296 31
2296 2297 60
2297 2298 4
2298 2299 24
2299 2300 1
2300 2250 7
2250 2249 1
2249 2248 24
2248 2247 4
2247 2246 60
2246 2245 31
2245 2244 11
2244 2243 36
2243 2242 73
2242 2241 15
2241 2240 33
2240 2239 34
2239 2238 12
2238 2237 10
2237 2236 8
2236 2235 13
2235 2234 18
2234 2233 28
2233 2232 35
2232 2231 36
2231 2230 15
2230 2229 15
2229 2228 5
2228 2227 21
2227 2226 60
2226 2225 8
2225 2275 7
2275 2325 19
2325 2324 24
2324 2323 11
2323 2322 16
2322 2321 12
2321 2320 2
2320 2319 81
2319 2318 1
2318 2317 5
2317 2316 9
2316 2315 2
2315 2314 62
2314 2313 5
2313 2312 6
2312 2311 3
2311 2310 24
2310 2309 15
2309 2308 8
2308 2307 46
2307 2306 4
2306 2305 7
2305 2304 11
2304 2303 8
2303 2302 5
2302 2301 1
2301 2251 19
2301 2351 3
2351 2352 1
2352 2353 5
2353 2354 8
2354 2355 11
2355 2356 7
2356 2357 4
2357 2358 46
2358 2359 8
2359 2360 15
2360 2361 24
2361 2362 3
2362 2363 6
2363 2364 5
2364 2365 62
2365 2366 2
2366 2367 9
2367 2368 5
2368 2369 1
2369 2370 81
2370 2371 2
2371 2372 12
2372 2373 16
2373 2374 11
2374 2375 24
2375 2376 8
2376 2377 60
2377 2378 21
2378 2379 5
2379 2380 15
2380 2381 15
2381 2382 36
2382 2383 35
2383 2384 28
2384 2385 18
2385 2386 13
2386 2387 8
2387 2388 10
2388 2389 12
2389 2390 34
2390 2391 33
2391 2392 15
2392 2393 73
2393 2394 36
2394 2395 11
2395 2396 31
2396 2397 60
2397 2398 4
2398 2399 24
2399 2400 1
2400 2350 3
2350 2349 1
2349 2348 24
2348 2347 4
2347 2346 60
2346 2345 31
2345 2344 11
2344 2343 36
2343 2342 73
2342 2341 15
2341 2340 33
2340 2339 34
2339 2338 12
2338 2337 10
2337 2336 8
2336 2335 13
2335 2334 18
2334 2333 28
2333 2332 35
2332 2331 36
2331 2330 15
2330 2329 15
2329 2328 5
2328 2327 21
2327 2326 60
2326 2325 8
2325 2375 3
2375 2425 6
2425 2424 24
2424 2423 11
2423 2422 16
2422 2421 12
2421 2420 2
2420 2419 81
2419 2418 1
2418 2417 5
2417 2416 9
2416 2415 2
2415 2414 62
2414 2413 5
2413 2412 6
2412 2411 3
2411 2410 24
2410 2409 15
2409 2408 8
2408 2407 46
2407 2406 4
2406 2405 7
2405 2404 11
2404 2403 8
2403 2402 5
2402 2401 1
2401 2351 6
2401 2451 1
2451 2452 1
2452 2453 5
2453 2454 8
2454 2455 11
2455 2456 7
2456 2457 4
2457 2458 46
2458 2459 8
2459 2460 15
2460 2461 24
2461 2462 3
2462 2463 6
2463 2464 5
2464 2465 62
2465 2466 2
2466 2467 9
2467 2468 5
2468 2469 1
2469 2470 81
2470 2471 2
2471 2472 12
2472 2473 16
2473 2474 11
2474 2475 24
2475 2476 8
2476 2477 60
2477 2478 21
2478 2479 5
2479 2480 15
2480 2481 15
2481 2482 36
2482 2483 35
2483 2484 28
2484 2485 18
2485 2486 13
2486 2487 8
2487 2488 10
2488 2489 12
2489 2490 34
2490 2491 33
2491 2492 15
2492 2493 73
2493 2494 36
2494 2495 11
2495 2496 31
2496 2497 60
2497 2498 4
2498 2499 24
2499 2500 1
2500 2450 1
2450 2449 1
2449 2448 24
2448 2447 4
2447 2446 60
2446 2445 31
2445 2444 11
2444 2443 36
2443 2442 73
2442 2441 15
2441 2440 33
2440 2439 34
2439 2438 12
2438 2437 10
2437 2436 8
2436 2435 13
2435 2434 18
2434 2433 28
2433 2432 35
2432 2431 36
2431 2430 15
2430 2429 15
2429 2428 5
2428 2427 21
2427 2426 60
2426 2425 8
2425 2475 1
2426 2376 6
2376 2326 3
2326 2276 19
2276 2226 7
2226 2176 2
2176 2126 12
2126 2076 6
2076 2026 19
2026 1976 18
1976 1926 21
1926 1876 83
1876 1826 38
1826 1776 38
1776 1726 3
1726 1676 25
1676 1626 29
1626 1576 15
1576 1526 35
1526 1476 11
1476 1426 28
1426 1376 49
1376 1326 11
1326 1276 1
1276 1226 19
1226 1176 1
1176 1126 2
1126 1076 8
1076 1026 33
1026 976 28
976 926 14
926 876 5
876 826 51
826 776 45
776 726 34
726 676 46
676 626 1
626 576 24
576 526 19
526 476 29
476 426 2
426 376 39
376 326 41
326 276 8
276 226 4
226 176 1
176 126 24
126 76 7
76 26 25
2426 2476 1
2427 2377 6
2377 2327 3
2327 2277 19
2277 2227 7
2227 2177 2
2177 2127 12
2127 2077 6
2077 2027 19
2027 1977 18
1977 1927 21
1927 1877 83
1877 1827 38
1827 1777 38
1777 1727 3
1727 1677 25
1677 1627 29
1627 1577 15
1577 1527 35
1527 1477 11
1477 1427 28
1427 1377 49
1377 1327 11
1327 1277 1
1277 1227 19
1227 1177 1
1177 1127 2
1127 1077 8
1077 1027 33
1027 977 28
977 927 14
927 877 5
877 827 51
827 777 45
777 727 34
727 677 46
677 627 1
627 577 24
577 527 19
527 477 29
477 1013 2
1013 963 28
963 913 14
913 863 5
863 813 51
813 763 45
763 713 34
713 663 46
663 613 1
613 563 24
563 513 19
513 463 29
463 413 2
413 363 39
363 313 41
313 263 8
263 213 4
213 163 1
163 113 24
113 404 7
404 354 39
354 304 41
304 254 8
254 204 4
204 154 1
154 104 24
104 54 7
54 4 25
404 454 2
454 504 29
504 554 19
554 604 24
604 654 1
654 704 46
704 754 34
754 804 45
804 854 51
854 904 5
904 954 14
954 1004 28
1004 1054 33
1054 1104 8
1104 1154 2
1154 1204 1
1204 1254 19
1254 1304 1
1304 1354 11
1354 1404 49
1404 1454 28
1454 1504 11
1504 1554 35
1554 1604 15
1604 1654 29
1654 1704 25
1704 1754 3
1754 1804 38
1804 1854 38
1854 1904 83
1904 1954 21
1954 2004 18
2004 2054 19
2054 2104 6
2104 2154 12
2154 2204 2
2204 2254 7
2254 2304 19
2304 2354 3
2354 2404 6
2404 2454 1
1104 30 25
1104 130 7
130 180 24
180 230 1
230 280 4
280 330 8
330 380 41
380 1113 39
1113 1063 8
1063 1013 33
1013 377 39
377 327 41
327 277 8
277 227 4
227 177 1
177 127 24
127 1004 7
1004 27 25
1113 1163 2
1163 1213 1
1213 1263 19
1263 1313 1
1313 1363 11
1363 1413 49
1413 1463 28
1463 1513 11
1513 1563 35
1563 1613 15
1613 1663 29
1663 1713 25
1713 1763 3
1763 1813 38
1813 1863 38
1863 1913 83
1913 1963 21
1963 2013 18
2013 2063 19
2063 2113 6
2113 2163 12
2163 2213 2
2213 2263 7
2263 2313 19
2313 2363 3
2363 2413 6
2413 2463 1
1113 480 2
480 530 29
530 580 19
580 630 24
630 680 1
680 730 46
730 780 34
780 830 45
830 880 51
880 930 5
930 980 14
980 1127 28
1127 1080 33
1080 1130 8
1130 1180 2
1180 1230 1
1230 1280 19
1280 1330 1
1330 1380 11
1380 1430 49
1430 1480 28
1480 1530 11
1530 1580 35
1580 1630 15
1630 1680 29
1680 1730 25
1730 1780 3
1780 1830 38
1830 1880 38
1880 1930 83
1930 1980 21
1980 2030 18
2030 2080 19
2080 2130 6
2130 2180 12
2180 2230 2
2230 2280 7
2280 2330 19
2330 2380 3
2380 2430 6
2430 2480 1
404 13 25
2427 2477 1
2428 2378 6
2378 2328 3
2328 2278 19
2278 2228 7
2228 2178 2
2178 2128 12
2128 2078 6
2078 2028 19
2028 1978 18
1978 1928 21
1928 1878 83
1878 1828 38
1828 1778 38
1778 1728 3
1728 1678 25
1678 1628 29
1628 1578 15
1578 1528 35
1528 1478 11
1478 1428 28
1428 1378 49
1378 1328 11
1328 1278 1
1278 1228 19
1228 1178 1
1178 1128 2
1128 1078 8
1078 1028 33
1028 978 28
978 928 14
928 878 5
878 828 51
828 778 45
778 728 34
728 678 46
678 628 1
628 578 24
578 528 19
528 478 29
478 428 2
428 378 39
378 328 41
328 278 8
278 228 4
228 178 1
178 128 24
128 78 7
78 28 25
2428 2478 1
2429 2379 6
2379 2329 3
2329 2279 19
2279 2229 7
2229 2179 2
2179 2129 12
2129 2079 6
2079 2029 19
2029 1979 18
1979 1929 21
1929 1879 83
1879 1829 38
1829 1779 38
1779 1729 3
1729 1679 25
1679 1629 29
1629 1579 15
1579 1529 35
1529 1479 11
1479 1429 28
1429 1379 49
1379 1329 11
1329 1279 1
1279 1229 19
1229 1179 1
1179 1129 2
1129 1079 8
1079 1029 33
1029 979 28
979 929 14
929 879 5
879 829 51
829 779 45
779 729 34
729 679 46
679 629 1
629 579 24
579 529 19
529 479 29
479 429 2
429 379 39
379 329 41
329 279 8
279 229 4
229 179 1
179 129 24
129 79 7
79 29 25
2429 2479 1
2431 2381 6
2381 2331 3
2331 2281 19
2281 2231 7
2231 2181 2
2181 2131 12
2131 2081 6
2081 2031 19
2031 1981 18
1981 1931 21
1931 1881 83
1881 1831 38
1831 1781 38
1781 1731 3
1731 1681 25
1681 1631 29
1631 1581 15
1581 1531 35
1531 1481 11
1481 1431 28
1431 1381 49
1381 1331 11
1331 1281 1
1281 1231 19
1231 1181 1
1181 1131 2
1131 1081 8
1081 1031 33
1031 981 28
981 931 14
931 881 5
881 831 51
831 781 45
781 731 34
731 681 46
681 631 1
631 581 24
581 531 19
531 481 29
481 431 2
431 381 39
381 331 41
331 281 8
281 231 4
231 181 1
181 131 24
131 81 7
81 31 25
2431 2481 1
2432 2382 6
2382 2332 3
2332 2282 19
2282 2232 7
2232 2182 2
2182 2132 12
2132 2082 6
2082 2032 19
2032 1982 18
1982 1932 21
1932 1882 83
1882 1832 38
1832 1782 38
1782 1732 3
1732 1682 25
1682 1632 29
1632 1582 15
1582 1532 35
1532 1482 11
1482 1432 28
1432 1382 49
1382 1332 11
1332 1282 1
1282 1232 19
1232 1182 1
1182 1132 2
1132 1082 8
1082 1032 33
1032 982 28
982 932 14
932 882 5
882 832 51
832 782 45
782 732 34
732 682 46
682 632 1
632 582 24
582 532 19
532 482 29
482 432 2
432 382 39
382 332 41
332 282 8
282 232 4
232 182 1
182 132 24
132 82 7
82 32 25
2432 2482 1
2433 2383 6
2383 2333 3
2333 2283 19
2283 2233 7
2233 2183 2
2183 2133 12
2133 2083 6
2083 2033 19
2033 1983 18
1983 1933 21
1933 1883 83
1883 1833 38
1833 1783 38
1783 1733 3
1733 1683 25
1683 1633 29
1633 1583 15
1583 1533 35
1533 1483 11
1483 1433 28
1433 1383 49
1383 1333 11
1333 1283 1
1283 1233 19
1233 1183 1
1183 1133 2
1133 1083 8
1083 1033 33
1033 983 28
983 933 14
933 883 5
883 833 51
833 783 45
783 733 34
733 683 46
683 633 1
633 583 24
583 533 19
533 483 29
483 433 2
433 383 39
383 333 41
333 283 8
283 233 4
233 183 1
183 133 24
133 83 7
83 33 25
2433 2483 1
2434 2384 6
2384 2334 3
2334 2284 19
2284 2234 7
2234 2184 2
2184 2134 12
2134 2084 6
2084 2034 19
2034 1984 18
1984 1934 21
1934 1884 83
1884 1834 38
1834 1784 38
1784 1734 3
1734 1684 25
1684 1634 29
1634 1584 15
1584 1534 35
1534 1484 11
1484 1434 28
1434 1384 49
1384 1334 11
1334 1284 1
1284 1234 19
1234 1184 1
1184 1134 2
1134 1084 8
1084 1034 33
1034 984 28
984 934 14
934 884 5
884 834 51
834 784 45
784 734 34
734 684 46
684 634 1
634 584 24
584 534 19
534 484 29
484 434 2
434 384 39
384 334 41
334 284 8
284 234 4
234 184 1
184 134 24
134 84 7
84 34 25
2434 2484 1
2435 2385 6
2385 2335 3
2335 2285 19
2285 2235 7
2235 2185 2
2185 2135 12
2135 2085 6
2085 2035 19
2035 1985 18
1985 1935 21
1935 1885 83
1885 1835 38
1835 1785 38
1785 1735 3
1735 1685 25
1685 1635 29
1635 1585 15
1585 1535 35
1535 1485 11
1485 1435 28
1435 1385 49
1385 1335 11
1335 1285 1
1285 1235 19
1235 1185 1
1185 1135 2
1135 1085 8
1085 1035 33
1035 985 28
985 935 14
935 885 5
885 835 51
835 785 45
785 735 34
735 685 46
685 635 1
635 585 24
585 535 19
535 485 29
485 435 2
435 385 39
385 335 41
335 285 8
285 235 4
235 185 1
185 135 24
135 85 7
85 35 25
2435 2485 1
2436 2386 6
2386 2336 3
2336 2286 19
2286 2236 7
2236 2186 2
2186 2136 12
2136 2086 6
2086 2036 19
2036 1986 18
1986 1936 21
1936 1886 83
1886 1836 38
1836 1786 38
1786 1736 3
1736 1686 25
1686 1636 29
1636 1586 15
1586 1536 35
1536 1486 11
1486 1436 28
1436 1386 49
1386 1336 11
1336 1286 1
1286 1236 19
1236 1186 1
1186 1136 2
1136 1086 8
1086 1036 33
1036 986 28
986 936 14
936 886 5
886 836 51
836 786 45
786 736 34
736 686 46
686 636 1
636 586 24
586 536 19
536 486 29
486 436 2
436 386 39
386 336 41
336 286 8
286 236 4
236 186 1
186 136 24
136 86 7
86 36 25
2436 2486 1
2437 2387 6
2387 2337 3
2337 2287 19
2287 2237 7
2237 2187 2
2187 2137 12
2137 2087 6
2087 2037 19
2037 1987 18
1987 1937 21
1937 1887 83
1887 1837 38
1837 1787 38
1787 1737 3
1737 1687 25
1687 1637 29
1637 1587 15
1587 1537 35
1537 1487 11
1487 1437 28
1437 1387 49
1387 1337 11
1337 1287 1
1287 1237 19
1237 1187 1
1187 1137 2
1137 1087 8
1087 1037 33
1037 987 28
987 937 14
937 887 5
887 837 51
837 787 45
787 737 34
737 687 46
687 637 1
637 587 24
587 537 19
537 487 29
487 437 2
437 387 39
387 337 41
337 287 8
287 237 4
237 187 1
187 137 24
137 87 7
87 37 25
2437 2487 1
2438 2388 6
2388 2338 3
2338 2288 19
2288 2238 7
2238 2188 2
2188 2138 12
2138 2088 6
2088 2038 19
2038 1988 18
1988 1938 21
1938 1888 83
1888 1838 38
1838 1788 38
1788 1738 3
1738 1688 25
1688 1638 29
1638 1588 15
1588 1538 35
1538 1488 11
1488 1438 28
1438 1388 49
1388 1338 11
1338 1288 1
1288 1238 19
1238 1188 1
1188 1138 2
1138 1088 8
1088 1038 33
1038 988 28
988 938 14
938 888 5
888 838 51
838 788 45
788 738 34
738 688 46
688 638 1
638 588 24
588 538 19
538 488 29
488 438 2
438 388 39
388 338 41
338 288 8
288 238 4
238 188 1
188 138 24
138 88 7
88 38 25
2438 2488 1
2439 2389 6
2389 2339 3
2339 2289 19
2289 2239 7
2239 2189 2
2189 2139 12
2139 2089 6
2089 2039 19
2039 1989 18
1989 1939 21
1939 1889 83
1889 1839 38
1839 1789 38
1789 1739 3
1739 1689 25
1689 1639 29
1639 1589 15
1589 1539 35
1539 1489 11
1489 1439 28
1439 1389 49
1389 1339 11
1339 1289 1
1289 1239 19
1239 1189 1
1189 1139 2
1139 1089 8
1089 1039 33
1039 989 28
989 939 14
939 889 5
889 839 51
839 789 45
789 739 34
739 689 46
689 639 1
639 589 24
589 539 19
539 489 29
489 439 2
439 389 39
389 339 41
339 289 8
289 239 4
239 189 1
189 139 24
139 89 7
89 39 25
2439 2489 1
2440 2390 6
2390 2340 3
2340 2290 19
2290 2240 7
2240 2190 2
2190 2140 12
2140 2090 6
2090 2040 19
2040 1990 18
1990 1940 21
1940 1890 83
1890 1840 38
1840 1790 38
1790 1740 3
1740 1690 25
1690 1640 29
1640 1590 15
1590 1540 35
1540 1490 11
1490 1440 28
1440 1390 49
1390 1340 11
1340 1290 1
1290 1240 19
1240 1190 1
1190 1140 2
1140 1090 8
1090 1040 33
1040 990 28
990 940 14
940 890 5
890 840 51
840 790 45
790 740 34
740 690 46
690 640 1
640 590 24
590 540 19
540 490 29
490 440 2
440 390 39
390 340 41
340 290 8
290 240 4
240 190 1
190 140 24
140 90 7
90 40 25
2440 2490 1
2441 2391 6
2391 2341 3
2341 2291 19
2291 2241 7
2241 2191 2
2191 2141 12
2141 2091 6
2091 2041 19
2041 1991 18
1991 1941 21
1941 1891 83
1891 1841 38
1841 1791 38
1791 1741 3
1741 1691 25
1691 1641 29
1641 1591 15
1591 1541 35
1541 1491 11
1491 1441 28
1441 1391 49
1391 1341 11
1341 1291 1
1291 1241 19
1241 1191 1
1191 1141 2
1141 1091 8
1091 1041 33
1041 991 28
991 941 14
941 891 5
891 841 51
841 791 45
791 741 34
741 691 46
691 641 1
641 591 24
591 541 19
541 491 29
491 441 2
441 391 39
391 341 41
341 291 8
291 241 4
241 191 1
191 141 24
141 91 7
91 41 25
2441 2491 1
2442 2392 6
2392 2342 3
2342 2292 19
2292 2242 7
2242 2192 2
2192 2142 12
2142 2092 6
2092 2042 19
2042 1992 18
1992 1942 21
1942 1892 83
1892 1842 38
1842 1792 38
1792 1742 3
1742 1692 25
1692 1642 29
1642 1592 15
1592 1542 35
1542 1492 11
1492 1442 28
1442 1392 49
1392 1342 11
1342 1292 1
1292 1242 19
1242 1192 1
1192 1142 2
1142 1092 8
1092 1042 33
1042 992 28
992 942 14
942 892 5
892 842 51
842 792 45
792 742 34
742 692 46
692 642 1
642 592 24
592 542 19
542 492 29
492 442 2
442 392 39
392 342 41
342 292 8
292 242 4
242 192 1
192 142 24
142 92 7
92 42 25
2442 2492 1
2443 2393 6
2393 2343 3
2343 2293 19
2293 2243 7
2243 2193 2
2193 2143 12
2143 2093 6
2093 2043 19
2043 1993 18
1993 1943 21
1943 1893 83
1893 1843 38
1843 1793 38
1793 1743 3
1743 1693 25
1693 1643 29
1643 1593 15
1593 1543 35
1543 1493 11
1493 1443 28
1443 1393 49
1393 1343 11
1343 1293 1
1293 1243 19
1243 1193 1
1193 1143 2
1143 1093 8
1093 1043 33
1043 993 28
993 943 14
943 893 5
893 843 51
843 793 45
793 743 34
743 693 46
693 643 1
643 593 24
593 543 19
543 493 29
493 443 2
443 393 39
393 343 41
343 293 8
293 243 4
243 193 1
193 143 24
143 93 7
93 43 25
2443 2493 1
2444 2394 6
2394 2344 3
2344 2294 19
2294 2244 7
2244 2194 2
2194 2144 12
2144 2094 6
2094 2044 19
2044 1994 18
1994 1944 21
1944 1894 83
1894 1844 38
1844 1794 38
1794 1744 3
1744 1694 25
1694 1644 29
1644 1594 15
1594 1544 35
1544 1494 11
1494 1444 28
1444 1394 49
1394 1344 11
1344 1294 1
1294 1244 19
1244 1194 1
1194 1144 2
1144 1094 8
1094 1044 33
1044 994 28
994 944 14
944 894 5
894 844 51
844 794 45
794 744 34
744 694 46
694 644 1
644 594 24
594 544 19
544 494 29
494 444 2
444 394 39
394 344 41
344 294 8
294 244 4
244 194 1
194 144 24
144 94 7
94 44 25
2444 2494 1
2445 2395 6
2395 2345 3
2345 2295 19
2295 2245 7
2245 2195 2
2195 2145 12
2145 2095 6
2095 2045 19
2045 1995 18
1995 1945 21
1945 1895 83
1895 1845 38
1845 1795 38
1795 1745 3
1745 1695 25
1695 1645 29
1645 1595 15
1595 1545 35
1545 1495 11
1495 1445 28
1445 1395 49
1395 1345 11
1345 1295 1
1295 1245 19
1245 1195 1
1195 1145 2
1145 1095 8
1095 1045 33
1045 995 28
995 945 14
945 895 5
895 845 51
845 795 45
795 745 34
745 695 46
695 645 1
645 595 24
595 545 19
545 495 29
495 445 2
445 395 39
395 345 41
345 295 8
295 245 4
245 195 1
195 145 24
145 95 7
95 45 25
2445 2495 1
2446 2396 6
2396 2346 3
2346 2296 19
2296 2246 7
2246 2196 2
2196 2146 12
2146 2096 6
2096 2046 19
2046 1996 18
1996 1946 21
1946 1896 83
1896 1846 38
1846 1796 38
1796 1746 3
1746 1696 25
1696 1646 29
1646 1596 15
1596 1546 35
1546 1496 11
1496 1446 28
1446 1396 49
1396 1346 11
1346 1296 1
1296 1246 19
1246 1196 1
1196 1146 2
1146 1096 8
1096 1046 33
1046 996 28
996 946 14
946 896 5
896 846 51
846 796 45
796 746 34
746 696 46
696 646 1
646 596 24
596 546 19
546 496 29
496 446 2
446 396 39
396 346 41
346 296 8
296 246 4
246 196 1
196 146 24
146 96 7
96 46 25
2446 2496 1
2447 2397 6
2397 2347 3
2347 2297 19
2297 2247 7
2247 2197 2
2197 2147 12
2147 2097 6
2097 2047 19
2047 1997 18
1997 1947 21
1947 1897 83
1897 1847 38
1847 1797 38
1797 1747 3
1747 1697 25
1697 1647 29
1647 1597 15
1597 1547 35
1547 1497 11
1497 1447 28
1447 1397 49
1397 1347 11
1347 1297 1
1297 1247 19
1247 1197 1
1197 1147 2
1147 1097 8
1097 1047 33
1047 997 28
997 947 14
947 897 5
897 847 51
847 797 45
797 747 34
747 697 46
697 647 1
647 597 24
597 547 19
547 497 29
497 447 2
447 397 39
397 347 41
347 297 8
297 247 4
247 197 1
197 147 24
147 97 7
97 47 25
2447 2497 1
2448 2398 6
2398 2348 3
2348 2298 19
2298 2248 7
2248 2198 2
2198 2148 12
2148 2098 6
2098 2048 19
2048 1998 18
1998 1948 21
1948 1898 83
1898 1848 38
1848 1798 38
1798 1748 3
1748 1698 25
1698 1648 29
1648 1598 15
1598 1548 35
1548 1498 11
1498 1448 28
1448 1398 49
1398 1348 11
1348 1298 1
1298 1248 19
1248 1198 1
1198 1148 2
1148 1098 8
1098 1048 33
1048 998 28
998 948 14
948 898 5
898 848 51
848 798 45
798 748 34
748 698 46
698 648 1
648 598 24
598 548 19
548 498 29
498 448 2
448 398 39
398 348 41
348 298 8
298 248 4
248 198 1
198 148 24
148 98 7
98 48 25
2448 2498 1
2449 2399 6
2399 2349 3
2349 2299 19
2299 2249 7
2249 2199 2
2199 2149 12
2149 2099 6
2099 2049 19
2049 1999 18
1999 1949 21
1949 1899 83
1899 1849 38
1849 1799 38
1799 1749 3
1749 1699 25
1699 1649 29
1649 1599 15
1599 1549 35
1549 1499 11
1499 1449 28
1449 1399 49
1399 1349 11
1349 1299 1
1299 1249 19
1249 1199 1
1199 1149 2
1149 1099 8
1099 1049 33
1049 999 28
999 949 14
949 899 5
899 849 51
849 799 45
799 749 34
749 699 46
699 649 1
649 599 24
599 549 19
549 499 29
499 449 2
449 399 39
399 349 41
349 299 8
299 249 4
249 199 1
199 149 24
149 99 7
99 49 25
2449 2499 1
2450 2400 6
2474 2424 1
2424 2374 6
2374 2324 3
2324 2274 19
2274 2224 7
2224 2174 2
2174 2124 12
2124 2074 6
2074 2024 19
2024 1974 18
1974 1924 21
1924 1874 83
1874 1824 38
1824 1774 38
1774 1724 3
1724 1674 25
1674 1624 29
1624 1574 15
1574 1524 35
1524 1474 11
1474 1424 28
1424 1374 49
1374 1324 11
1324 1274 1
1274 1224 19
1224 1174 1
1174 1124 2
1124 1074 8
1074 1024 33
1024 974 28
974 924 14
924 874 5
874 824 51
824 774 45
774 724 34
724 674 46
674 624 1
624 574 24
574 524 19
524 474 29
474 424 2
424 374 39
374 324 41
324 274 8
274 224 4
224 174 1
174 124 24
124 74 7
74 24 25
2473 2423 1
2423 2373 6
2373 2323 3
2323 2273 19
2273 2223 7
2223 2173 2
2173 2123 12
2123 2073 6
2073 2023 19
2023 1973 18
1973 1923 21
1923 1873 83
1873 1823 38
1823 1773 38
1773 1723 3
1723 1673 25
1673 1623 29
1623 1573 15
1573 1523 35
1523 1473 11
1473 1423 28
1423 1373 49
1373 1323 11
1323 1273 1
1273 1223 19
1223 1173 1
1173 1123 2
1123 1073 8
1073 1023 33
1023 973 28
973 923 14
923 873 5
873 823 51
823 773 45
773 723 34
723 673 46
673 623 1
623 573 24
573 523 19
523 473 29
473 423 2
423 373 39
373 323 41
323 273 8
273 223 4
223 173 1
173 123 24
123 73 7
73 23 25
2472 2422 1
2422 2372 6
2372 2322 3
2322 2272 19
2272 2222 7
2222 2172 2
2172 2122 12
2122 2072 6
2072 2022 19
2022 1972 18
1972 1922 21
1922 1872 83
1872 1822 38
1822 1772 38
1772 1722 3
1722 1672 25
1672 1622 29
1622 1572 15
1572 1522 35
1522 1472 11
1472 1422 28
1422 1372 49
1372 1322 11
1322 1272 1
1272 1222 19
1222 1172 1
1172 1122 2
1122 1072 8
1072 1022 33
1022 972 28
972 922 14
922 872 5
872 822 51
822 772 45
772 722 34
722 672 46
672 622 1
622 572 24
572 522 19
522 472 29
472 422 2
422 372 39
372 322 41
322 272 8
272 222 4
222 172 1
172 122 24
122 72 7
72 22 25
2471 2421 1
2421 2371 6
2371 2321 3
2321 2271 19
2271 2221 7
2221 2171 2
2171 2121 12
2121 2071 6
2071 2021 19
2021 1971 18
1971 1921 21
1921 1871 83
1871 1821 38
1821 1771 38
1771 1721 3
1721 1671 25
1671 1621 29
1621 1571 15
1571 1521 35
1521 1471 11
1471 1421 28
1421 1371 49
1371 1321 11
1321 1271 1
1271 1221 19
1221 1171 1
1171 1121 2
1121 1071 8
1071 1021 33
1021 971 28
971 921 14
921 871 5
871 821 51
821 771 45
771 721 34
721 671 46
671 621 1
621 571 24
571 521 19
521 471 29
471 421 2
421 371 39
371 321 41
321 271 8
271 221 4
221 171 1
171 121 24
121 71 7
71 21 25
2470 2420 1
2420 2370 6
2370 2320 3
2320 2270 19
2270 2220 7
2220 2170 2
2170 2120 12
2120 2070 6
2070 2020 19
2020 1970 18
1970 1920 21
1920 1870 83
1870 1820 38
1820 1770 38
1770 1720 3
1720 1670 25
1670 1620 29
1620 1570 15
1570 1520 35
1520 1470 11
1470 1420 28
1420 1370 49
1370 1320 11
1320 1270 1
1270 1220 19
1220 1170 1
1170 1120 2
1120 1070 8
1070 1020 33
1020 970 28
970 920 14
920 870 5
870 820 51
820 770 45
770 720 34
720 670 46
670 620 1
620 570 24
570 520 19
520 470 29
470 420 2
420 370 39
370 320 41
320 270 8
270 220 4
220 170 1
170 120 24
120 70 7
70 20 25
2469 2419 1
2419 2369 6
2369 2319 3
2319 2269 19
2269 2219 7
2219 2169 2
2169 2119 12
2119 2069 6
2069 2019 19
2019 1969 18
1969 1919 21
1919 1869 83
1869 1819 38
1819 1769 38
1769 1719 3
1719 1669 25
1669 1619 29
1619 1569 15
1569 1519 35
1519 1469 11
1469 1419 28
1419 1369 49
1369 1319 11
1319 1269 1
1269 1219 19
1219 1169 1
1169 1119 2
1119 1069 8
1069 1019 33
1019 969 28
969 919 14
919 869 5
869 819 51
819 769 45
769 719 34
719 669 46
669 619 1
619 569 24
569 519 19
519 469 29
469 419 2
419 369 39
369 319 41
319 269 8
269 219 4
219 169 1
169 119 24
119 69 7
69 19 25
2468 2418 1
2418 2368 6
2368 2318 3
2318 2268 19
2268 2218 7
2218 2168 2
2168 2118 12
2118 2068 6
2068 2018 19
2018 1968 18
1968 1918 21
1918 1868 83
1868 1818 38
1818 1768 38
1768 1718 3
1718 1668 25
1668 1618 29
1618 1568 15
1568 1518 35
1518 1468 11
1468 1418 28
1418 1368 49
1368 1318 11
1318 1268 1
1268 1218 19
1218 1168 1
1168 1118 2
1118 1068 8
1068 1018 33
1018 968 28
968 918 14
918 868 5
868 818 51
818 768 45
768 718 34
718 668 46
668 618 1
618 568 24
568 518 19
518 468 29
468 418 2
418 368 39
368 318 41
318 268 8
268 218 4
218 168 1
168 118 24
118 68 7
68 18 25
2467 2417 1
2417 2367 6
2367 2317 3
2317 2267 19
2267 2217 7
2217 2167 2
2167 2117 12
2117 2067 6
2067 2017 19
2017 1967 18
1967 1917 21
1917 1867 83
1867 1817 38
1817 1767 38
1767 1717 3
1717 1667 25
1667 1617 29
1617 1567 15
1567 1517 35
1517 1467 11
1467 1417 28
1417 1367 49
1367 1317 11
1317 1267 1
1267 1217 19
1217 1167 1
1167 1117 2
1117 1067 8
1067 1017 33
1017 967 28
967 917 14
917 867 5
867 817 51
817 767 45
767 717 34
717 667 46
667 617 1
617 567 24
567 517 19
517 467 29
467 417 2
417 367 39
367 317 41
317 267 8
267 217 4
217 167 1
167 117 24
117 67 7
67 17 25
2466 2416 1
2416 2366 6
2366 2316 3
2316 2266 19
2266 2216 7
2216 2166 2
2166 2116 12
2116 2066 6
2066 2016 19
2016 1966 18
1966 1916 21
1916 1866 83
1866 1816 38
1816 1766 38
1766 1716 3
1716 1666 25
1666 1616 29
1616 1566 15
1566 1516 35
1516 1466 11
1466 1416 28
1416 1366 49
1366 1316 11
1316 1266 1
1266 1216 19
1216 1166 1
1166 1116 2
1116 1066 8
1066 1016 33
1016 966 28
966 916 14
916 866 5
866 816 51
816 766 45
766 716 34
716 666 46
666 616 1
616 566 24
566 516 19
516 466 29
466 416 2
416 366 39
366 316 41
316 266 8
266 216 4
216 166 1
166 116 24
116 66 7
66 16 25
2465 2415 1
2415 2365 6
2365 2315 3
2315 2265 19
2265 2215 7
2215 2165 2
2165 2115 12
2115 2065 6
2065 2015 19
2015 1965 18
1965 1915 21
1915 1865 83
1865 1815 38
1815 1765 38
1765 1715 3
1715 1665 25
1665 1615 29
1615 1565 15
1565 1515 35
1515 1465 11
1465 1415 28
1415 1365 49
1365 1315 11
1315 1265 1
1265 1215 19
1215 1165 1
1165 1115 2
1115 1065 8
1065 1015 33
1015 965 28
965 915 14
915 865 5
865 815 51
815 765 45
765 715 34
715 665 46
665 615 1
615 565 24
565 515 19
515 465 29
465 415 2
415 365 39
365 315 41
315 265 8
265 215 4
215 165 1
165 115 24
115 65 7
65 15 25
2464 2414 1
2414 2364 6
2364 2314 3
2314 2264 19
2264 2214 7
2214 2164 2
2164 2114 12
2114 2064 6
2064 2014 19
2014 1964 18
1964 1914 21
1914 1864 83
1864 1814 38
1814 1764 38
1764 1714 3
1714 1664 25
1664 1614 29
1614 1564 15
1564 1514 35
1514 1464 11
1464 1414 28
1414 1364 49
1364 1314 11
1314 1264 1
1264 1214 19
1214 1164 1
1164 1114 2
1114 1064 8
1064 1014 33
1014 964 28
964 914 14
914 864 5
864 814 51
814 764 45
764 714 34
714 664 46
664 614 1
614 564 24
564 514 19
514 464 29
464 414 2
414 364 39
364 314 41
314 264 8
264 214 4
214 164 1
164 114 24
114 64 7
64 14 25
2462 2412 1
2412 2362 6
2362 2312 3
2312 2262 19
2262 2212 7
2212 2162 2
2162 2112 12
2112 2062 6
2062 2012 19
2012 1962 18
1962 1912 21
1912 1862 83
1862 1812 38
1812 1762 38
1762 1712 3
1712 1662 25
1662 1612 29
1612 1562 15
1562 1512 35
1512 1462 11
1462 1412 28
1412 1362 49
1362 1312 11
1312 1262 1
1262 1212 19
1212 1162 1
1162 1112 2
1112 1062 8
1062 1012 33
1012 962 28
962 912 14
912 862 5
862 812 51
812 762 45
762 712 34
712 662 46
662 612 1
612 562 24
562 512 19
512 462 29
462 412 2
412 362 39
362 312 41
312 262 8
262 212 4
212 162 1
162 112 24
112 62 7
62 12 25
2461 2411 1
2411 2361 6
2361 2311 3
2311 2261 19
2261 2211 7
2211 2161 2
2161 2111 12
2111 2061 6
2061 2011 19
2011 1961 18
1961 1911 21
1911 1861 83
1861 1811 38
1811 1761 38
1761 1711 3
1711 1661 25
1661 1611 29
1611 1561 15
1561 1511 35
1511 1461 11
1461 1411 28
1411 1361 49
1361 1311 11
1311 1261 1
1261 1211 19
1211 1161 1
1161 1111 2
1111 1061 8
1061 1011 33
1011 961 28
961 911 14
911 861 5
861 811 51
811 761 45
761 711 34
711 661 46
661 611 1
611 561 24
561 511 19
511 461 29
461 411 2
411 361 39
361 311 41
311 261 8
261 211 4
211 161 1
161 111 24
111 61 7
61 11 25
2460 2410 1
2410 2360 6
2360 2310 3
2310 2260 19
2260 2210 7
2210 2160 2
2160 2110 12
2110 2060 6
2060 2010 19
2010 1960 18
1960 1910 21
1910 1860 83
1860 1810 38
1810 1760 38
1760 1710 3
1710 1660 25
1660 1610 29
1610 1560 15
1560 1510 35
1510 1460 11
1460 1410 28
1410 1360 49
1360 1310 11
1310 1260 1
1260 1210 19
1210 1160 1
1160 1110 2
1110 1060 8
1060 1010 33
1010 960 28
960 910 14
910 860 5
860 810 51
810 760 45
760 710 34
710 660 46
660 610 1
610 560 24
560 510 19
510 460 29
460 410 2
410 360 39
360 310 41
310 260 8
260 210 4
210 160 1
160 110 24
110 60 7
60 10 25
2459 2409 1
2409 2359 6
2359 2309 3
2309 2259 19
2259 2209 7
2209 2159 2
2159 2109 12
2109 2059 6
2059 2009 19
2009 1959 18
1959 1909 21
1909 1859 83
1859 1809 38
1809 1759 38
1759 1709 3
1709 1659 25
1659 1609 29
1609 1559 15
1559 1509 35
1509 1459 11
1459 1409 28
1409 1359 49
1359 1309 11
1309 1259 1
1259 1209 19
1209 1159 1
1159 1109 2
1109 1059 8
1059 1009 33
1009 959 28
959 909 14
909 859 5
859 809 51
809 759 45
759 709 34
709 659 46
659 609 1
609 559 24
559 509 19
509 459 29
459 409 2
409 359 39
359 309 41
309 259 8
259 209 4
209 159 1
159 109 24
109 59 7
59 9 25
2458 2408 1
2408 2358 6
2358 2308 3
2308 2258 19
2258 2208 7
2208 2158 2
2158 2108 12
2108 2058 6
2058 2008 19
2008 1958 18
1958 1908 21
1908 1858 83
1858 1808 38
1808 1758 38
1758 1708 3
1708 1658 25
1658 1608 29
1608 1558 15
1558 1508 35
1508 1458 11
1458 1408 28
1408 1358 49
1358 1308 11
1308 1258 1
1258 1208 19
1208 1158 1
1158 1108 2
1108 1058 8
1058 1008 33
1008 958 28
958 908 14
908 858 5
858 808 51
808 758 45
758 708 34
708 658 46
658 608 1
608 558 24
558 508 19
508 458 29
458 408 2
408 358 39
358 308 41
308 258 8
258 208 4
208 158 1
158 108 24
108 58 7
58 8 25
2457 2407 1
2407 2357 6
2357 2307 3
2307 2257 19
2257 2207 7
2207 2157 2
2157 2107 12
2107 2057 6
2057 2007 19
2007 1957 18
1957 1907 21
1907 1857 83
1857 1807 38
1807 1757 38
1757 1707 3
1707 1657 25
1657 1607 29
1607 1557 15
1557 1507 35
1507 1457 11
1457 1407 28
1407 1357 49
1357 1307 11
1307 1257 1
1257 1207 19
1207 1157 1
1157 1107 2
1107 1057 8
1057 1007 33
1007 957 28
957 907 14
907 857 5
857 807 51
807 757 45
757 707 34
707 657 46
657 607 1
607 557 24
557 507 19
507 457 29
457 407 2
407 357 39
357 307 41
307 257 8
257 207 4
207 157 1
157 107 24
107 57 7
57 7 25
2456 2406 1
2406 2356 6
2356 2306 3
2306 2256 19
2256 2206 7
2206 2156 2
2156 2106 12
2106 2056 6
2056 2006 19
2006 1956 18
1956 1906 21
1906 1856 83
1856 1806 38
1806 1756 38
1756 1706 3
1706 1656 25
1656 1606 29
1606 1556 15
1556 1506 35
1506 1456 11
1456 1406 28
1406 1356 49
1356 1306 11
1306 1256 1
1256 1206 19
1206 1156 1
1156 1106 2
1106 1056 8
1056 1006 33
1006 956 28
956 906 14
906 856 5
856 806 51
806 756 45
756 706 34
706 656 46
656 606 1
606 556 24
556 506 19
506 456 29
456 406 2
406 356 39
356 306 41
306 256 8
256 206 4
206 156 1
156 106 24
106 56 7
56 6 25
2455 2405 1
2405 2355 6
2355 2305 3
2305 2255 19
2255 2205 7
2205 2155 2
2155 2105 12
2105 2055 6
2055 2005 19
2005 1955 18
1955 1905 21
1905 1855 83
1855 1805 38
1805 1755 38
1755 1705 3
1705 1655 25
1655 1605 29
1605 1555 15
1555 1505 35
1505 1455 11
1455 1405 28
1405 1355 49
1355 1305 11
1305 1255 1
1255 1205 19
1205 1155 1
1155 1105 2
1105 1055 8
1055 1005 33
1005 955 28
955 905 14
905 855 5
855 805 51
805 755 45
755 705 34
705 655 46
655 605 1
605 555 24
555 505 19
505 455 29
455 405 2
405 355 39
355 305 41
305 255 8
255 205 4
205 155 1
155 105 24
105 55 7
55 5 25
2453 2403 1
2403 2353 6
2353 2303 3
2303 2253 19
2253 2203 7
2203 2153 2
2153 2103 12
2103 2053 6
2053 2003 19
2003 1953 18
1953 1903 21
1903 1853 83
1853 1803 38
1803 1753 38
1753 1703 3
1703 1653 25
1653 1603 29
1603 1553 15
1553 1503 35
1503 1453 11
1453 1403 28
1403 1353 49
1353 1303 11
1303 1253 1
1253 1203 19
1203 1153 1
1153 1103 2
1103 1053 8
1053 1003 33
1003 953 28
953 903 14
903 853 5
853 803 51
803 753 45
753 703 34
703 653 46
653 603 1
603 553 24
553 503 19
503 453 29
453 403 2
403 353 39
353 303 41
303 253 8
253 203 4
203 153 1
153 103 24
103 53 7
53 3 25
2452 2402 1
2402 2352 6
2352 2302 3
2302 2252 19
2252 2202 7
2202 2152 2
2152 2102 12
2102 2052 6
2052 2002 19
2002 1952 18
1952 1902 21
1902 1852 83
1852 1802 38
1802 1752 38
1752 1702 3
1702 1652 25
1652 1602 29
1602 1552 15
1552 1502 35
1502 1452 11
1452 1402 28
1402 1352 49
1352 1302 11
1302 1252 1
1252 1202 19
1202 1152 1
1152 1102 2
1102 1052 8
1052 1002 33
1002 952 28
952 902 14
902 852 5
852 802 51
802 752 45
752 702 34
702 652 46
652 602 1
602 552 24
552 502 19
502 452 29
452 402 2
402 352 39
352 302 41
302 252 8
252 202 4
202 152 1
152 102 24
102 52 7
52 2 25
2350 2300 19
2250 2200 2
2150 2100 6
2050 2000 18
1950 1900 83
1850 1800 38
1750 1700 25
1650 1600 15
1550 1500 11
1450 1400 49
1350 1300 1
1250 1200 1
1150 1100 8
1050 1000 28
950 900 5
850 800 45
750 700 46
650 600 24
550 500 29
450 400 39
350 300 8
250 200 1
150 100 7

REQUESTS

BLOCKAGES
88 38
1962 1912
1519 1518
1599 1600
523 473
1574 1524
655 605
2260 2261
375 425
1400 1350
1471 1421
1504 1503
1742 1692
1618 1617
1754 1804
1202 1152
696 697
1329 1328
1756 1757
2362 2363
2333 2283
1689 1690
272 222
2150 2149
1010 1009
2103 2102
1497 1447
1748 1698
953 903
1841 1791
258 208
1164 1114
804 854
1863 1864
1104 1154
2276 2277
480 530
1117 1067
1528 1527
1644 1643
821 771
1127 1126
1571 1521
1858 1859
71 21
1299 1300
2417 2367
190 140
461 411
1471 1472
2155 2105
49 48
643 593
117 67
1007 957
309 259
1696 1697
1027 977
1716 1666
2411 2410
2427 2377
1917 1916
1156 1106
1795 1796
998 948
972 973
1932 1882
86 87
2212 2162
10 9
1019 1018
1325 1324
634 584
409 408
173 174
311 310
229 179
467 468
1527 1526
1096 1046
1117 1116
1411 1361
2036 1986
2263 2264
2080 2081
470 420
1912 1911
1840 1790
909 908
727 677
1475 1525
219 169
234 233
661 611
1639 1589
1897 1847
182 132
1420 1370
1234 1184
906 905
1146 1096
183 184
592 593
1480 1481
104 103
2003 2002
1262 1212
1111 1061
1808 1758
493 443
76 1004
1534 1533
592 542
438 388
990 940
1528 1478
85 35
823 773
1900 1850
763 713
883 884
2266 2267
2259 2209
1414 1413
1304 1303
1036 1035
2172 2173
519 518
1271 1272
2258 2259
180 230
1209 1159
383 384
118 68
564 565
1390 1391
296 297
498 499
1806 1805
962 912
84 85
2032 2031
703 702
1914 1913
1276 1226
1163 1164
678 679
333 283
722 721
2057 2058
2104 2103
483 433
1649 1648
2254 2304
2055 2056
1427 1377
2291 2241
1020 970
2133 2132
716 666
1211 1161
656 606
1548 1547
2047 2046
1105 1055
234 184
2375 2425
1083 1033
503 502
2332 2282
528 478
488 489
429 428
1440 1390
2148 2098
1887 1888
428 378
378 328
402 352
2356 2306
1428 1427
1799 1800
2121 2120
1443 1442
404 454
2159 2109
877 878
25 24
530 580
588 589
412 362
2427 2426
541 540
575 576
1889 1839
1330 1329
2106 2105
2194 2195
684 685
2066 2016
97 98
2106 2056
685 635
2134 2133
557 507
2390 2391
1042 1041
242 241
2065 2066
547 497
387 388
564 514
913 912
1929 1879
1347 1346
1763 1764
1101 1151
1671 1672
716 715
1659 1660
2224 2174
1954 1955
1251 1252
2288 2289
1166 1116
1488 1489
1608 1607
1655 1656
152 153
1327 1326
181 131
171 121
523 522
369 370
2193 2194
1013 377
1087 1088
379 329
2399 2400
844 794
1459 1409
543 493
1086 1036
1028 978
1340 1339
2226 2225
382 383
1836 1786
2415 2414
1152 1102
1784 1785
780 781
537 487
465 415
1207 1157
1244 1243
920 919
1890 1891
1077 1078
1424 1374
1195 1145
2078 2028
1613 1612
644 643
283 284
96 46
476 477
1674 1675
486 487
1997 1998
479 480
1365 1315
1393 1343
269 219
357 358
619 569
2010 2009
1640 1639
1149 1099
583 584
2322 2321
1106 1105
2048 2047
2231 2230
1987 1988
1038 988
214 213
864 865
1804 1854
1894 1895
2362 2312
248 198
1144 1094
1402 1401
363 364
1637 1587
350 300
115 65
1911 1910
775 776
637 636
1928 1927
1140 1139
1661 1611
1421 1371
2307 2257
731 730
1132 1131
1569 1519
16 15
625 624
2111 2110
84 34
976 926
806 805
420 370
671 621
1798 1748
1860 1861
1254 1304
1929 1928
978 928
1157 1107
1593 1543
1522 1472
642 641
982 932
1972 1922
2142 2092
2438 2437
1343 1293
1431 1430
870 820
1345 1344
1991 1992
905 904
1721 1720
1370 1320
2237 2236
637 587
1780 1830
1707 1706
2093 2094
372 373
843 842
1603 1602
1475 1476
94 44
2239 2189
2015 2014
652 653
1134 1133
1019 969
414 413
521 471
1552 1553
1925 1924
406 405
588 538
437 387
1220 1219
675 676
18 17
404 64
998 999
989 939
301 351
1135 1134
1224 1223
1648 1598
2213 2212
1764 1765
391 392
1205 1155
958 959
1783 1733
1301 1351
65 66
2177 2178
1656 1657
880 881
332 282
2170 2171
681 631
1188 1189
567 517
150 149
1437 1436
645 644
174 175
1650 1649
1097 1047
915 914
2314 2313
1380 1381
1612 1611
119 69
957 958
739 689
665 666
1431 1381
728 727
2249 2248
1254 1255
446 396
426 425
2242 2192
231 230
247 197
343 293
2054 2104
1635 1634
2370 2320
2336 2335
789 790
2232 2231
941 891
2489 2490
2346 2345
2208 2207
55 56
1313 1312
1504 1554
725 724
1663 1713
1225 1224
2270 2271
606 605
1571 1572
1137 1136
2037 2036
2075 2076
1085 1035
1847 1797
2189 2139
2007 1957
690 691
985 986
2305 2255
2006 2005
1882 1883
2243 2242
522 521
364 365
1361 1362
2468 2418
328 278
743 693
2128 2127
750 700
334 333
2069 2019
319 318
797 747
818 817
2287 2288
142 141
1383 1384
539 538
516 466
506 456
2131 2081
618 568
1440 1439
2022 1972
937 887
708 658
1452 1453
960 910
744 743
2444 2494
2447 2446
1651 1652
1956 1906
2156 2157
2447 2397
2326 2276
1502 1501
1375 1376
678 628
857 858
2253 2203
2333 2332
336 286
303 253
1715 1714
1236 1235
943 893
194 144
596 546

TERMINALS
25
78
112
157
205
267
342
376
438
454
532
553
618
656
740
752
834
866
936
977
1039
1091
1143
1179
1208
1271
1347
1385
1401
1473
1513
1600
1610
1664
1733
1761
1849
1859
1924
1996
2045
2098
2122
2165
2220
2287
2330
2381
2419
2494

END
